                   [38;2;212;177;68m▄[0m[38;2;243;229;83m▄[0m                   
                  [38;2;26;20;11m[48;2;226;188;61m▀[0m[38;2;223;184;59m[48;2;255;231;86m▀[0m[38;2;165;161;151m[48;2;216;176;57m▀[0m[38;2;167;130;42m▀[0m[38;2;69;58;22m▄[0m[38;2;220;180;58m▄[0m[38;2;174;166;136m[48;2;231;194;64m▀[0m[38;2;27;24;14m[48;2;175;169;143m▀[0m              
                  [38;2;220;179;58m[48;2;218;178;57m▀[0m[38;2;243;207;71m[48;2;233;196;65m▀[0m[38;2;178;138;44m▀[0m[38;2;54;43;17m[48;2;217;176;57m▀[0m[38;2;217;177;56m[48;2;243;207;71m▀[0m[38;2;245;210;73m[48;2;243;208;71m▀[0m[38;2;243;207;71m[48;2;57;41;17m▀[0m[38;2;234;202;81m▀[0m              
                  [38;2;232;194;64m[48;2;243;207;71m▀[0m[38;2;199;154;49m[48;2;163;128;42m▀[0m[38;2;236;199;65m[48;2;217;175;56m▀[0m[38;2;243;208;71m[48;2;202;158;49m▀[0m[38;2;118;91;31m[48;2;243;208;71m▀[0m[38;2;216;174;56m[48;2;220;179;58m▀[0m[38;2;243;208;71m[48;2;225;186;60m▀[0m[38;2;243;208;71m[48;2;244;208;71m▀[0m[38;2;130;102;51m[48;2;255;237;83m▀[0m             
              [38;2;137;107;36m▄[0m[38;2;246;215;76m▄[0m[38;2;242;206;70m[48;2;243;208;71m▀[0m[38;2;245;212;74m[48;2;146;113;37m▀[0m[38;2;208;165;53m▄[0m[38;2;109;84;29m[48;2;245;209;69m▀[0m[38;2;48;37;13m[48;2;188;174;125m▀[0m[38;2;34;26;14m[48;2;218;183;52m▀[0m   [38;2;205;160;47m▀[0m[38;2;241;206;72m▀[0m             
             [38;2;222;183;62m▄[0m[38;2;244;209;72m[48;2;169;164;145m▀[0m[38;2;245;209;72m[48;2;198;154;49m▀[0m[38;2;32;24;12m▀[0m[38;2;243;207;71m[48;2;249;215;73m▀[0m[38;2;255;232;87m[48;2;38;33;17m▀[0m[38;2;243;208;71m[48;2;245;209;72m▀[0m[38;2;243;208;71m[48;2;181;173;145m▀[0m[38;2;200;156;48m[48;2;199;155;49m▀[0m                  
             [38;2;145;134;108m▀[0m[38;2;210;164;49m[48;2;224;183;55m▀[0m[38;2;249;213;72m[48;2;68;53;22m▀[0m  [38;2;237;205;81m[48;2;166;145;55m▀[0m[38;2;242;207;71m[48;2;240;205;71m▀[0m[38;2;182;174;137m[48;2;240;205;71m▀[0m[38;2;200;158;51m[48;2;114;73;53m▀[0m[38;2;37;32;13m[48;2;33;28;11m▀[0m                 
                  [38;2;241;206;71m[48;2;251;216;74m▀[0m[38;2;169;146;53m[48;2;239;204;70m▀[0m[38;2;150;131;50m[48;2;240;204;70m▀[0m[38;2;202;158;50m[48;2;209;167;53m▀[0m[38;2;45;37;15m[48;2;30;24;12m▀[0m                 
                   [38;2;243;210;74m[48;2;252;228;85m▀[0m[38;2;245;210;72m[48;2;241;205;69m▀[0m[38;2;216;175;57m[48;2;174;164;114m▀[0m[38;2;31;26;13m[48;2;77;65;27m▀[0m                 
                   [38;2;239;217;91m[48;2;244;209;72m▀[0m[38;2;244;214;80m[48;2;241;206;71m▀[0m[38;2;245;209;72m[48;2;239;204;70m▀[0m[38;2;198;154;47m[48;2;243;207;71m▀[0m[38;2;222;184;61m[48;2;8;6;5m▀[0m[38;2;240;205;71m▀[0m[38;2;244;208;71m[48;2;221;181;58m▀[0m[38;2;220;181;59m▄[0m             
            [38;2;222;194;90m▄[0m[38;2;241;205;71m▄[0m[38;2;243;206;70m▄[0m[38;2;244;208;72m▄[0m[38;2;240;205;70m▄[0m[38;2;202;159;50m▄[0m[38;2;202;159;50m▀[0m[38;2;241;206;71m[48;2;243;208;72m▀[0m[38;2;241;206;71m[48;2;240;204;70m▀[0m[38;2;240;204;70m[48;2;241;205;71m▀[0m[38;2;225;182;59m[48;2;237;201;69m▀[0m [38;2;69;67;65m▄[0m[38;2;237;201;68m[48;2;240;204;72m▀[0m[38;2;250;226;84m[48;2;191;180;128m▀[0m             
       [38;2;41;33;14m▄[0m[38;2;235;203;80m[48;2;199;154;48m▀[0m[38;2;241;206;71m[48;2;202;158;47m▀[0m[38;2;240;204;70m[48;2;202;157;49m▀[0m[38;2;240;205;70m[48;2;150;117;53m▀[0m[38;2;249;224;83m[48;2;213;175;59m▀[0m[38;2;244;208;72m[48;2;241;206;71m▀[0m[38;2;179;168;133m[48;2;178;168;132m▀[0m[38;2;241;206;71m▀[0m[38;2;224;185;61m▀[0m  [38;2;244;207;71m[48;2;240;205;71m▀[0m[38;2;240;204;70m[48;2;240;205;70m▀[0m[38;2;240;204;70m[48;2;240;204;70m▀[0m[38;2;239;203;69m[48;2;200;156;49m▀[0m [38;2;174;145;77m[48;2;198;153;48m▀[0m[38;2;242;207;72m[48;2;243;209;74m▀[0m[38;2;201;157;49m[48;2;201;156;49m▀[0m             
         [38;2;151;119;52m[48;2;197;153;48m▀[0m[38;2;153;120;53m▀[0m[38;2;64;49;23m[48;2;239;204;71m▀[0m[38;2;240;205;71m[48;2;234;202;81m▀[0m[38;2;25;20;14m▀[0m    [38;2;241;206;70m▄[0m[38;2;241;205;70m[48;2;240;204;70m▀[0m[38;2;244;208;71m[48;2;239;204;70m▀[0m[38;2;241;206;71m[48;2;239;204;70m▀[0m[38;2;201;158;50m[48;2;241;206;71m▀[0m[38;2;232;195;66m[48;2;198;153;48m▀[0m[38;2;154;121;52m[48;2;62;50;20m▀[0m[38;2;244;208;71m[48;2;154;121;53m▀[0m[38;2;241;206;71m[48;2;242;206;71m▀[0m[38;2;241;205;71m▄[0m[38;2;171;161;135m▄[0m           
        [38;2;189;147;47m▀[0m[38;2;138;132;116m▀[0m [38;2;165;161;147m▀[0m[38;2;242;207;71m▀[0m    [38;2;137;107;36m▄[0m[38;2;240;204;70m[48;2;251;245;216m▀[0m[38;2;241;205;71m[48;2;240;204;70m▀[0m[38;2;240;205;71m[48;2;242;207;71m▀[0m[38;2;240;204;70m[48;2;244;208;72m▀[0m[38;2;242;207;71m[48;2;224;195;89m▀[0m[38;2;208;166;52m[48;2;241;205;71m▀[0m[38;2;209;168;55m[48;2;157;156;151m▀[0m[38;2;155;121;51m[48;2;240;204;70m▀[0m[38;2;76;63;33m[48;2;112;91;46m▀[0m[38;2;157;126;60m[48;2;151;123;59m▀[0m[38;2;138;60;53m▄[0m           
                 [38;2;222;190;78m[48;2;244;209;72m▀[0m[38;2;254;249;226m[48;2;249;220;79m▀[0m[38;2;244;209;72m[48;2;240;205;71m▀[0m[38;2;245;209;73m[48;2;239;204;70m▀[0m[38;2;198;179;112m[48;2;243;208;71m▀[0m[38;2;240;205;69m[48;2;231;193;65m▀[0m[38;2;239;204;70m[48;2;37;30;12m▀[0m[38;2;243;208;71m[48;2;49;51;55m▀[0m[38;2;53;54;58m[48;2;50;52;55m▀[0m[38;2;49;51;55m[48;2;20;17;10m▀[0m[38;2;139;61;53m[48;2;142;116;57m▀[0m[38;2;154;123;59m▀[0m           
                [38;2;150;153;163m▄[0m[38;2;240;204;70m[48;2;101;100;105m▀[0m[38;2;240;204;70m[48;2;25;24;25m▀[0m[38;2;241;205;71m[48;2;75;75;80m▀[0m[38;2;238;204;71m[48;2;50;51;55m▀[0m[38;2;42;43;46m[48;2;49;51;55m▀[0m[38;2;70;70;74m[48;2;50;51;55m▀[0m[38;2;50;51;55m[48;2;200;155;48m▀[0m[38;2;49;51;54m[48;2;202;159;50m▀[0m[38;2;197;153;49m[48;2;244;208;71m▀[0m[38;2;197;153;48m[48;2;243;207;70m▀[0m[38;2;226;188;63m[48;2;198;153;48m▀[0m            
                [38;2;203;206;217m[48;2;97;98;104m▀[0m[38;2;142;141;151m[48;2;182;185;200m▀[0m[38;2;94;93;99m[48;2;210;165;53m▀[0m[38;2;51;52;55m[48;2;240;205;71m▀[0m[38;2;126;97;31m[48;2;199;155;48m▀[0m   [38;2;241;205;71m[48;2;244;208;72m▀[0m[38;2;241;206;71m[48;2;244;208;71m▀[0m[38;2;252;227;85m[48;2;250;227;85m▀[0m[38;2;200;156;49m[48;2;198;154;48m▀[0m            
                [38;2;98;75;26m▀[0m[38;2;241;205;71m[48;2;238;201;70m▀[0m[38;2;243;212;75m[48;2;253;229;86m▀[0m[38;2;240;205;71m[48;2;243;208;71m▀[0m[38;2;217;177;56m[48;2;243;207;72m▀[0m  [38;2;94;79;29m▄[0m[38;2;198;154;48m[48;2;141;134;119m▀[0m[38;2;213;171;54m[48;2;198;154;48m▀[0m[38;2;237;205;53m[48;2;198;154;48m▀[0m[38;2;200;156;49m[48;2;130;131;136m▀[0m            
                 [38;2;211;170;54m[48;2;200;155;48m▀[0m[38;2;253;230;82m[48;2;252;229;86m▀[0m[38;2;247;211;70m[48;2;178;167;131m▀[0m[38;2;244;208;73m[48;2;231;203;87m▀[0m[38;2;146;134;104m[48;2;199;170;71m▀[0m  [38;2;198;153;49m▀[0m[38;2;198;155;51m[48;2;205;159;50m▀[0m[38;2;181;149;71m[48;2;117;91;31m▀[0m[38;2;193;153;57m▀[0m            
                 [38;2;180;157;79m▀[0m[38;2;110;93;33m▀[0m[38;2;171;143;76m▀[0m[38;2;199;155;49m▀[0m[38;2;158;140;96m▀[0m                  
