                                        
                                        
       [38;2;144;148;137m▄[0m          [38;2;203;211;199m▄[0m[38;2;58;57;59m▀[0m                    
                                        
       [38;2;75;77;70m▄[0m          [38;2;187;194;177m[48;2;26;26;23m▀[0m [38;2;0;0;0m▄[0m                   
        [38;2;78;89;78m[48;2;103;51;13m▀[0m[38;2;79;81;74m[48;2;5;11;11m▀[0m  [38;2;19;16;12m[48;2;188;164;115m▀[0m [38;2;225;206;163m[48;2;187;163;113m▀[0m  [38;2;92;105;88m▄[0m[38;2;182;187;170m[48;2;128;147;107m▀[0m[38;2;84;85;77m▀[0m[38;2;0;0;0m▀[0m[38;2;147;162;131m[48;2;147;167;127m▀[0m       [38;2;80;66;54m▄[0m[38;2;171;152;133m[48;2;123;94;72m▀[0m[38;2;156;134;113m▄[0m        
       [38;2;55;61;46m▄[0m[38;2;183;190;174m[48;2;119;136;99m▀[0m[38;2;117;135;99m[48;2;150;153;141m▀[0m[38;2;99;99;97m▄[0m[38;2;142;160;128m▄[0m[38;2;0;0;0m[48;2;154;171;138m▀[0m[38;2;42;30;21m[48;2;141;157;125m▀[0m[38;2;0;0;0m[48;2;123;141;103m▀[0m[38;2;24;24;24m▄[0m[38;2;121;124;114m[48;2;180;187;171m▀[0m[38;2;239;140;50m[48;2;185;191;175m▀[0m[38;2;29;30;27m▀[0m       [38;2;101;86;72m▄[0m[38;2;15;12;10m▄[0m[38;2;174;166;146m▄[0m[38;2;159;135;115m[48;2;156;134;113m▀[0m[38;2;90;77;65m[48;2;48;40;36m▀[0m[38;2;153;127;106m[48;2;115;96;93m▀[0m        
       [38;2;15;15;12m▀[0m [38;2;28;31;24m▄[0m[38;2;15;15;12m[48;2;188;164;115m▀[0m[38;2;123;141;104m[48;2;122;140;103m▀[0m[38;2;123;141;104m[48;2;123;142;105m▀[0m[38;2;97;112;82m[48;2;12;11;7m▀[0m[38;2;127;147;108m[48;2;188;164;114m▀[0m[38;2;130;150;110m[48;2;123;141;104m▀[0m[38;2;80;92;81m[48;2;119;137;102m▀[0m[38;2;82;94;82m▄[0m       [38;2;85;71;60m▄[0m[38;2;172;152;134m[48;2;100;84;83m▀[0m[38;2;160;137;117m[48;2;39;32;30m▀[0m[38;2;163;133;109m[48;2;147;122;101m▀[0m[38;2;151;133;111m[48;2;152;131;111m▀[0m[38;2;38;31;25m[48;2;158;143;122m▀[0m[38;2;36;30;26m[48;2;149;126;108m▀[0m        
        [38;2;13;12;9m▄[0m[38;2;129;148;108m[48;2;129;148;109m▀[0m[38;2;202;177;123m[48;2;204;187;146m▀[0m[38;2;188;165;117m[48;2;16;11;9m▀[0m[38;2;187;163;114m[48;2;195;175;131m▀[0m[38;2;188;164;114m[48;2;78;90;79m▀[0m[38;2;188;164;114m[48;2;108;123;90m▀[0m[38;2;122;141;103m[48;2;123;141;104m▀[0m[38;2;129;148;109m[48;2;123;142;104m▀[0m[38;2;32;29;24m[48;2;116;135;98m▀[0m     [38;2;0;0;0m[48;2;161;134;112m▀[0m[38;2;191;182;162m[48;2;143;122;99m▀[0m[38;2;154;130;110m[48;2;146;126;103m▀[0m[38;2;155;131;111m[48;2;157;133;114m▀[0m[38;2;13;9;6m[48;2;152;129;109m▀[0m[38;2;55;49;57m[48;2;134;105;81m▀[0m[38;2;55;46;46m[48;2;138;115;97m▀[0m[38;2;127;95;75m[48;2;0;0;0m▀[0m[38;2;156;128;106m[48;2;95;75;72m▀[0m        
        [38;2;155;135;95m[48;2;196;172;121m▀[0m[38;2;88;101;74m[48;2;122;141;105m▀[0m[38;2;79;66;51m[48;2;123;141;104m▀[0m[38;2;189;166;118m[48;2;89;101;74m▀[0m[38;2;188;163;114m[48;2;123;142;105m▀[0m[38;2;123;142;105m[48;2;123;141;104m▀[0m[38;2;123;141;104m[48;2;124;143;105m▀[0m[38;2;127;146;107m[48;2;25;28;20m▀[0m[38;2;20;23;17m[48;2;122;140;102m▀[0m[38;2;161;137;100m[48;2;185;161;111m▀[0m[38;2;203;177;122m[48;2;186;162;112m▀[0m  [38;2;31;32;29m▄[0m[38;2;152;126;107m[48;2;99;105;98m▀[0m[38;2;125;107;90m[48;2;100;105;98m▀[0m[38;2;120;102;88m[48;2;86;91;84m▀[0m[38;2;125;94;74m[48;2;81;87;81m▀[0m[38;2;179;152;130m[48;2;87;92;85m▀[0m[38;2;156;144;120m[48;2;34;37;34m▀[0m[38;2;120;91;73m[48;2;154;131;111m▀[0m[38;2;16;13;11m[48;2;156;132;113m▀[0m[38;2;128;101;83m[48;2;141;119;100m▀[0m[38;2;24;21;24m[48;2;122;96;84m▀[0m        
        [38;2;58;62;50m[48;2;10;9;6m▀[0m[38;2;140;157;125m[48;2;182;158;111m▀[0m[38;2;123;141;104m[48;2;23;21;16m▀[0m[38;2;124;142;106m[48;2;176;153;107m▀[0m[38;2;124;142;105m[48;2;162;137;102m▀[0m[38;2;122;141;103m[48;2;20;18;14m▀[0m[38;2;126;145;106m[48;2;124;143;104m▀[0m[38;2;136;156;114m[48;2;192;171;125m▀[0m[38;2;128;107;87m[48;2;196;177;133m▀[0m[38;2;207;180;125m[48;2;191;168;121m▀[0m[38;2;142;118;97m[48;2;189;166;117m▀[0m[38;2;4;2;1m[48;2;165;141;103m▀[0m[38;2;7;5;4m[48;2;144;116;95m▀[0m[38;2;86;91;83m[48;2;150;128;111m▀[0m[38;2;104;110;102m[48;2;160;136;116m▀[0m[38;2;103;109;102m[48;2;86;92;84m▀[0m[38;2;87;92;85m[48;2;126;145;106m▀[0m[38;2;85;90;83m[48;2;16;17;14m▀[0m[38;2;84;89;82m[48;2;142;158;126m▀[0m[38;2;84;89;82m[48;2;85;91;83m▀[0m[38;2;79;85;77m[48;2;85;91;83m▀[0m[38;2;36;29;31m[48;2;87;92;84m▀[0m[38;2;132;108;96m[48;2;101;85;86m▀[0m[38;2;102;86;87m[48;2;104;87;88m▀[0m        
        [38;2;187;162;113m[48;2;23;19;16m▀[0m[38;2;188;163;113m[48;2;110;126;95m▀[0m[38;2;189;166;117m[48;2;42;38;27m▀[0m[38;2;188;165;116m[48;2;179;155;108m▀[0m[38;2;187;163;114m[48;2;66;50;32m▀[0m[38;2;187;163;113m[48;2;188;163;113m▀[0m[38;2;187;163;113m[48;2;68;80;70m▀[0m[38;2;188;165;115m[48;2;196;170;119m▀[0m[38;2;191;169;121m[48;2;188;164;115m▀[0m[38;2;188;164;114m[48;2;127;105;89m▀[0m[38;2;188;164;115m[48;2;188;164;114m▀[0m[38;2;187;162;113m[48;2;213;186;130m▀[0m[38;2;165;142;122m[48;2;187;162;112m▀[0m[38;2;159;142;119m[48;2;156;133;113m▀[0m[38;2;153;137;115m[48;2;158;136;115m▀[0m[38;2;152;137;113m[48;2;31;22;17m▀[0m[38;2;36;42;44m[48;2;155;131;112m▀[0m[38;2;124;143;106m[48;2;34;41;30m▀[0m[38;2;124;142;105m[48;2;122;140;103m▀[0m[38;2;88;94;86m[48;2;85;90;82m▀[0m[38;2;85;90;83m[48;2;84;90;82m▀[0m[38;2;85;90;82m[48;2;85;90;83m▀[0m[38;2;66;72;72m[48;2;75;81;77m▀[0m[38;2;105;89;88m[48;2;46;38;38m▀[0m        
        [38;2;90;72;60m[48;2;128;107;91m▀[0m[38;2;109;126;93m[48;2;123;142;105m▀[0m[38;2;85;98;72m[48;2;123;141;104m▀[0m[38;2;123;141;104m[48;2;123;141;104m▀[0m[38;2;142;162;119m[48;2;123;141;104m▀[0m[38;2;113;129;98m[48;2;125;144;106m▀[0m[38;2;121;139;103m[48;2;130;150;110m▀[0m[38;2;60;68;70m[48;2;82;87;81m▀[0m[38;2;193;167;118m[48;2;183;158;110m▀[0m[38;2;178;153;109m[48;2;192;167;116m▀[0m[38;2;191;167;114m[48;2;187;162;112m▀[0m[38;2;46;38;32m[48;2;188;163;113m▀[0m[38;2;158;134;99m[48;2;110;95;66m▀[0m[38;2;134;100;79m[48;2;159;134;98m▀[0m[38;2;157;134;115m[48;2;147;118;97m▀[0m[38;2;158;136;115m[48;2;157;133;113m▀[0m[38;2;154;135;112m[48;2;125;93;73m▀[0m[38;2;153;133;111m[48;2;157;139;116m▀[0m[38;2;168;143;121m[48;2;156;140;117m▀[0m[38;2;84;89;82m[48;2;155;132;112m▀[0m[38;2;85;90;82m[48;2;57;65;65m▀[0m[38;2;83;89;81m[48;2;61;68;69m▀[0m[38;2;60;66;68m[48;2;59;67;68m▀[0m[38;2;62;69;69m[48;2;62;68;69m▀[0m        
        [38;2;14;15;15m[48;2;87;93;85m▀[0m[38;2;137;154;121m[48;2;143;158;127m▀[0m[38;2;132;150;114m[48;2;144;160;128m▀[0m[38;2;58;65;69m[48;2;85;91;83m▀[0m[38;2;8;9;10m[48;2;45;45;42m▀[0m[38;2;18;17;17m[48;2;85;90;83m▀[0m[38;2;78;83;78m[48;2;86;91;84m▀[0m[38;2;85;90;83m[48;2;86;91;84m▀[0m[38;2;85;91;83m[48;2;85;90;83m▀[0m[38;2;50;54;50m[48;2;200;173;120m▀[0m[38;2;186;161;112m[48;2;184;160;111m▀[0m[38;2;187;163;113m[48;2;185;161;111m▀[0m[38;2;214;187;130m[48;2;143;124;86m▀[0m[38;2;187;162;113m[48;2;185;161;111m▀[0m[38;2;118;97;83m[48;2;173;147;108m▀[0m[38;2;39;32;27m[48;2;135;112;95m▀[0m[38;2;130;100;79m[48;2;4;6;7m▀[0m[38;2;46;38;32m[48;2;162;140;119m▀[0m[38;2;159;137;116m[48;2;162;139;117m▀[0m[38;2;76;64;63m[48;2;126;94;74m▀[0m[38;2;150;126;104m[48;2;148;124;102m▀[0m[38;2;157;133;113m[48;2;158;138;116m▀[0m[38;2;61;69;72m[48;2;164;140;118m▀[0m[38;2;84;89;82m[48;2;118;96;85m▀[0m[38;2;29;33;33m[48;2;100;83;84m▀[0m       
       [38;2;113;120;114m▄[0m[38;2;85;90;83m[48;2;85;90;83m▀[0m[38;2;71;75;70m[48;2;53;56;52m▀[0m[38;2;141;158;126m[48;2;85;91;83m▀[0m[38;2;65;72;72m[48;2;85;90;83m▀[0m[38;2;85;91;84m[48;2;86;91;83m▀[0m[38;2;86;91;83m[48;2;85;90;83m▀[0m[38;2;86;91;83m[48;2;85;90;83m▀[0m[38;2;85;91;84m[48;2;85;90;83m▀[0m[38;2;85;91;83m[48;2;85;91;83m▀[0m[38;2;89;95;88m[48;2;85;90;83m▀[0m[38;2;170;148;103m[48;2;86;90;83m▀[0m[38;2;185;160;111m[48;2;208;181;126m▀[0m[38;2;185;161;112m[48;2;188;164;114m▀[0m[38;2;187;163;113m[48;2;69;76;74m▀[0m[38;2;185;161;112m[48;2;58;66;69m▀[0m[38;2;66;73;75m[48;2;62;68;70m▀[0m[38;2;59;67;70m[48;2;59;66;68m▀[0m[38;2;59;66;68m[48;2;58;66;69m▀[0m[38;2;68;76;79m[48;2;59;66;68m▀[0m[38;2;159;136;116m[48;2;43;50;53m▀[0m[38;2;156;143;119m[48;2;146;124;109m▀[0m[38;2;140;111;89m[48;2;159;134;114m▀[0m[38;2;152;126;103m[48;2;143;121;103m▀[0m[38;2;59;48;41m[48;2;153;129;109m▀[0m[38;2;59;48;46m[48;2;114;95;90m▀[0m[38;2;112;94;92m▄[0m[38;2;61;51;43m▄[0m     
      [38;2;62;64;61m[48;2;71;75;70m▀[0m[38;2;113;120;114m[48;2;113;120;114m▀[0m[38;2;100;106;99m[48;2;113;120;114m▀[0m[38;2;26;28;26m[48;2;72;75;70m▀[0m[38;2;85;91;84m[48;2;105;111;104m▀[0m[38;2;85;90;83m[48;2;88;93;85m▀[0m[38;2;84;89;82m[48;2;85;90;83m▀[0m[38;2;85;90;83m[48;2;89;94;87m▀[0m[38;2;86;91;84m[48;2;101;106;99m▀[0m[38;2;86;91;84m[48;2;93;99;91m▀[0m[38;2;86;91;84m[48;2;85;91;84m▀[0m[38;2;86;91;84m[48;2;84;90;83m▀[0m[38;2;86;91;84m[48;2;85;90;82m▀[0m[38;2;86;91;84m[48;2;85;90;83m▀[0m[38;2;87;93;85m[48;2;86;91;84m▀[0m[38;2;84;89;82m[48;2;84;90;82m▀[0m[38;2;85;90;83m[48;2;85;90;82m▀[0m[38;2;86;91;84m[48;2;85;90;82m▀[0m[38;2;67;74;73m[48;2;84;89;82m▀[0m[38;2;65;72;71m[48;2;84;90;82m▀[0m[38;2;64;70;71m[48;2;83;89;81m▀[0m[38;2;59;66;69m[48;2;75;81;77m▀[0m[38;2;58;65;67m[48;2;82;88;81m▀[0m[38;2;57;65;68m[48;2;61;69;70m▀[0m[38;2;58;66;68m[48;2;59;66;68m▀[0m[38;2;26;24;25m[48;2;58;66;69m▀[0m[38;2;37;30;29m[48;2;59;66;69m▀[0m[38;2;57;65;68m[48;2;58;65;68m▀[0m[38;2;60;66;69m[48;2;58;66;68m▀[0m[38;2;3;0;0m[48;2;58;65;67m▀[0m    
     [38;2;37;40;37m[48;2;86;91;84m▀[0m[38;2;48;50;47m[48;2;87;92;84m▀[0m[38;2;87;93;86m[48;2;86;91;84m▀[0m[38;2;88;94;87m[48;2;86;91;84m▀[0m[38;2;102;108;101m[48;2;86;91;84m▀[0m[38;2;86;91;84m[48;2;86;91;84m▀[0m[38;2;85;91;84m[48;2;86;91;84m▀[0m[38;2;101;107;100m[48;2;86;91;84m▀[0m[38;2;98;104;97m[48;2;86;91;84m▀[0m[38;2;89;94;86m[48;2;86;91;84m▀[0m[38;2;85;90;82m[48;2;85;91;84m▀[0m[38;2;85;90;82m[48;2;86;91;84m▀[0m[38;2;85;91;83m[48;2;85;91;84m▀[0m[38;2;84;90;83m[48;2;85;91;84m▀[0m[38;2;84;89;82m[48;2;85;90;83m▀[0m[38;2;84;89;82m[48;2;85;91;83m▀[0m[38;2;83;89;82m[48;2;85;90;83m▀[0m[38;2;83;89;82m[48;2;85;91;83m▀[0m[38;2;85;90;82m[48;2;85;91;83m▀[0m[38;2;85;90;82m[48;2;73;80;77m▀[0m[38;2;85;91;83m[48;2;62;69;69m▀[0m[38;2;82;87;82m[48;2;62;69;71m▀[0m[38;2;77;81;78m[48;2;58;65;68m▀[0m[38;2;75;80;77m[48;2;59;66;69m▀[0m[38;2;59;66;68m[48;2;61;68;71m▀[0m[38;2;59;66;68m[48;2;52;58;60m▀[0m[38;2;59;66;69m[48;2;10;9;9m▀[0m[38;2;59;66;69m▀[0m[38;2;59;66;69m▀[0m[38;2;55;62;65m▀[0m     
      [38;2;12;11;11m▀[0m  [38;2;69;76;75m▀[0m[38;2;79;85;80m▀[0m[38;2;86;91;84m▀[0m[38;2;86;92;85m▀[0m[38;2;2;2;2m▀[0m[38;2;84;90;84m▀[0m[38;2;87;93;85m▀[0m[38;2;83;88;82m▀[0m[38;2;45;50;50m▀[0m[38;2;67;74;75m▀[0m[38;2;72;78;77m▀[0m[38;2;65;72;73m▀[0m[38;2;60;67;69m▀[0m                  
                                        
                                        
