                                        
    [38;2;196;203;188m▄[0m            [38;2;198;205;193m▄[0m[38;2;196;203;191m▀[0m                     
     [38;2;200;207;193m[48;2;159;164;148m▀[0m           [38;2;50;51;49m[48;2;12;12;10m▀[0m                      
   [38;2;41;41;37m[48;2;69;72;64m▀[0m [38;2;2;2;2m[48;2;9;9;8m▀[0m           [38;2;183;189;172m[48;2;37;37;34m▀[0m  [38;2;98;100;94m▄[0m                   
     [38;2;186;192;175m[48;2;184;191;175m▀[0m[38;2;136;119;52m▄[0m[38;2;31;31;28m▄[0m  [38;2;233;114;134m▄[0m [38;2;195;80;99m▄[0m[38;2;230;111;131m▄[0m  [38;2;20;20;18m▄[0m[38;2;180;186;170m▄[0m[38;2;3;3;2m▄[0m [38;2;113;116;107m[48;2;184;167;100m▀[0m[38;2;212;195;128m▄[0m         [38;2;167;149;128m▄[0m[38;2;163;146;129m▄[0m       
     [38;2;176;183;166m▀[0m[38;2;33;24;10m[48;2;184;167;100m▀[0m[38;2;167;173;157m[48;2;67;67;60m▀[0m  [38;2;201;82;102m▀[0m[38;2;0;0;0m[48;2;204;80;102m▀[0m[38;2;202;83;103m▀[0m[38;2;204;84;104m▀[0m [38;2;185;192;174m▄[0m[38;2;116;100;37m[48;2;232;135;49m▀[0m[38;2;184;167;100m[48;2;246;144;49m▀[0m           [38;2;25;18;17m▄[0m[38;2;139;117;98m[48;2;148;124;103m▀[0m[38;2;98;75;60m[48;2;162;138;118m▀[0m[38;2;146;119;96m[48;2;154;129;108m▀[0m       
     [38;2;182;165;98m[48;2;194;177;108m▀[0m [38;2;104;103;103m▀[0m[38;2;24;23;23m[48;2;186;169;102m▀[0m[38;2;202;185;118m[48;2;41;36;17m▀[0m[38;2;191;174;107m[48;2;206;189;121m▀[0m[38;2;185;168;101m[48;2;186;169;102m▀[0m[38;2;183;166;99m[48;2;186;169;102m▀[0m[38;2;197;180;112m[48;2;185;168;101m▀[0m[38;2;138;121;55m[48;2;60;59;60m▀[0m[38;2;179;186;170m[48;2;35;33;34m▀[0m[38;2;193;176;108m▀[0m[38;2;179;186;170m▀[0m        [38;2;130;118;105m▄[0m[38;2;151;124;102m[48;2;168;151;134m▀[0m[38;2;177;169;151m[48;2;167;154;134m▀[0m[38;2;163;145;125m[48;2;149;127;108m▀[0m[38;2;146;122;102m[48;2;158;142;119m▀[0m[38;2;154;132;110m[48;2;154;134;112m▀[0m[38;2;96;78;74m[48;2;98;76;71m▀[0m       
       [38;2;71;63;27m▄[0m[38;2;201;82;102m[48;2;201;82;102m▀[0m[38;2;186;169;102m[48;2;80;34;31m▀[0m[38;2;189;172;105m[48;2;185;167;101m▀[0m[38;2;185;168;101m[48;2;172;62;79m▀[0m[38;2;199;81;101m[48;2;200;81;101m▀[0m[38;2;185;168;101m[48;2;199;80;100m▀[0m[38;2;194;177;110m[48;2;184;166;99m▀[0m[38;2;139;122;54m[48;2;184;167;100m▀[0m[38;2;136;119;52m▄[0m        [38;2;20;16;14m▄[0m[38;2;137;107;87m[48;2;4;3;3m▀[0m[38;2;142;115;92m[48;2;61;54;63m▀[0m[38;2;157;134;114m[48;2;56;46;48m▀[0m[38;2;150;128;108m[48;2;78;65;55m▀[0m[38;2;155;139;117m[48;2;143;118;98m▀[0m[38;2;154;138;116m[48;2;154;135;114m▀[0m[38;2;155;131;111m[48;2;159;135;115m▀[0m       
      [38;2;140;126;68m[48;2;200;183;116m▀[0m[38;2;61;49;23m[48;2;185;168;101m▀[0m[38;2;47;37;9m[48;2;226;107;127m▀[0m[38;2;203;83;104m[48;2;195;84;103m▀[0m[38;2;200;81;101m[48;2;217;97;118m▀[0m[38;2;109;48;52m[48;2;160;57;73m▀[0m[38;2;201;82;102m[48;2;159;143;77m▀[0m[38;2;43;16;11m[48;2;186;169;102m▀[0m[38;2;185;168;100m[48;2;186;170;103m▀[0m[38;2;184;167;100m[48;2;186;169;102m▀[0m[38;2;88;21;32m[48;2;189;171;101m▀[0m      [38;2;160;150;134m[48;2;119;93;75m▀[0m[38;2;177;161;143m[48;2;139;115;93m▀[0m[38;2;166;148;129m[48;2;141;119;96m▀[0m[38;2;153;131;110m[48;2;133;107;85m▀[0m[38;2;148;122;101m[48;2;134;104;80m▀[0m[38;2;143;117;95m[48;2;150;127;107m▀[0m[38;2;16;14;15m[48;2;123;103;87m▀[0m[38;2;24;20;21m[48;2;55;46;39m▀[0m[38;2;126;95;75m▀[0m[38;2;99;80;67m[48;2;106;88;85m▀[0m       
      [38;2;201;184;116m[48;2;35;29;10m▀[0m[38;2;189;173;104m[48;2;185;168;100m▀[0m[38;2;193;80;99m[48;2;186;169;102m▀[0m[38;2;212;91;112m[48;2;186;73;88m▀[0m[38;2;203;84;104m[48;2;185;168;101m▀[0m[38;2;67;56;24m[48;2;185;168;101m▀[0m[38;2;157;139;68m[48;2;186;169;102m▀[0m[38;2;196;178;107m[48;2;185;168;101m▀[0m[38;2;142;127;68m[48;2;185;168;100m▀[0m[38;2;130;116;61m[48;2;184;166;100m▀[0m[38;2;109;32;46m[48;2;199;79;99m▀[0m[38;2;199;80;100m[48;2;197;77;97m▀[0m   [38;2;1;1;1m▄[0m[38;2;156;132;113m[48;2;67;72;66m▀[0m[38;2;153;130;110m[48;2;74;78;71m▀[0m[38;2;74;62;53m[48;2;65;70;64m▀[0m[38;2;153;136;113m[48;2;65;69;64m▀[0m[38;2;153;129;110m[48;2;7;7;7m▀[0m[38;2;155;142;118m[48;2;108;91;90m▀[0m[38;2;154;137;115m[48;2;160;135;114m▀[0m[38;2;153;130;110m[48;2;154;131;111m▀[0m[38;2;94;80;67m[48;2;156;133;113m▀[0m[38;2;136;110;91m[48;2;116;85;67m▀[0m[38;2;69;61;69m[48;2;68;57;49m▀[0m       
      [38;2;208;191;124m[48;2;212;194;123m▀[0m[38;2;187;170;103m[48;2;62;16;17m▀[0m[38;2;185;168;101m[48;2;186;169;101m▀[0m[38;2;155;139;74m[48;2;68;63;30m▀[0m[38;2;187;170;102m[48;2;182;165;98m▀[0m[38;2;189;172;105m[48;2;95;78;39m▀[0m[38;2;184;167;100m[48;2;185;168;101m▀[0m[38;2;184;167;100m[48;2;185;168;101m▀[0m[38;2;81;29;31m[48;2;200;81;101m▀[0m[38;2;175;56;75m[48;2;190;70;90m▀[0m[38;2;197;78;98m[48;2;202;82;102m▀[0m[38;2;70;12;20m[48;2;195;75;95m▀[0m[38;2;199;79;99m[48;2;173;54;74m▀[0m[38;2;163;141;122m▄[0m[38;2;69;73;67m[48;2;150;125;104m▀[0m[38;2;83;87;82m[48;2;160;137;118m▀[0m[38;2;83;87;82m[48;2;78;83;77m▀[0m[38;2;83;88;83m[48;2;75;79;73m▀[0m[38;2;71;75;70m[48;2;68;72;67m▀[0m[38;2;67;71;66m[48;2;67;72;67m▀[0m[38;2;67;71;65m[48;2;73;77;70m▀[0m[38;2;68;71;66m[48;2;67;71;66m▀[0m[38;2;67;71;66m[48;2;67;72;66m▀[0m[38;2;63;67;61m[48;2;19;19;18m▀[0m[38;2;150;126;106m[48;2;49;55;55m▀[0m[38;2;138;112;95m[48;2;83;70;70m▀[0m[38;2;100;83;82m[48;2;92;75;75m▀[0m       
     [38;2;181;69;87m▄[0m[38;2;198;79;99m[48;2;162;60;77m▀[0m[38;2;201;82;102m[48;2;199;80;100m▀[0m[38;2;200;80;101m[48;2;200;81;101m▀[0m[38;2;200;81;101m[48;2;205;86;105m▀[0m[38;2;199;80;100m[48;2;200;81;101m▀[0m[38;2;200;80;101m[48;2;201;81;101m▀[0m[38;2;165;55;74m[48;2;199;80;100m▀[0m[38;2;199;79;99m[48;2;199;80;100m▀[0m[38;2;205;85;105m[48;2;201;82;102m▀[0m[38;2;219;100;120m[48;2;202;83;103m▀[0m[38;2;216;97;117m[48;2;134;39;55m▀[0m[38;2;215;96;116m[48;2;201;81;101m▀[0m[38;2;200;81;101m[48;2;200;81;101m▀[0m[38;2;135;113;96m[48;2;201;82;102m▀[0m[38;2;147;121;102m[48;2;157;134;113m▀[0m[38;2;152;127;108m[48;2;128;98;76m▀[0m[38;2;106;83;68m[48;2;131;100;79m▀[0m[38;2;61;55;46m[48;2;158;135;115m▀[0m[38;2;184;166;99m[48;2;115;89;75m▀[0m[38;2;176;159;90m[48;2;187;170;103m▀[0m[38;2;177;161;96m[48;2;172;155;91m▀[0m[38;2;199;182;115m[48;2;179;161;93m▀[0m[38;2;68;72;67m[48;2;68;72;66m▀[0m[38;2;68;72;67m[48;2;68;72;66m▀[0m[38;2;69;73;67m[48;2;67;72;67m▀[0m[38;2;31;34;35m[48;2;58;63;60m▀[0m[38;2;96;78;75m[48;2;89;75;75m▀[0m       
     [38;2;182;62;82m▀[0m[38;2;174;54;74m[48;2;186;169;101m▀[0m[38;2;191;174;104m[48;2;90;79;39m▀[0m[38;2;134;117;50m[48;2;95;85;45m▀[0m[38;2;83;72;26m[48;2;186;169;101m▀[0m[38;2;199;80;100m[48;2;172;155;87m▀[0m[38;2;29;22;5m[48;2;185;168;101m▀[0m[38;2;200;81;101m[48;2;139;122;55m▀[0m[38;2;159;60;75m[48;2;189;173;106m▀[0m[38;2;27;29;30m[48;2;52;58;57m▀[0m[38;2;201;82;102m[48;2;82;23;33m▀[0m[38;2;174;55;75m[48;2;192;72;92m▀[0m[38;2;200;81;101m[48;2;198;79;99m▀[0m[38;2;200;81;101m[48;2;183;55;77m▀[0m[38;2;178;58;78m[48;2;184;65;85m▀[0m[38;2;157;131;113m[48;2;171;52;72m▀[0m[38;2;146;125;106m[48;2;155;132;113m▀[0m[38;2;158;136;115m[48;2;157;133;113m▀[0m[38;2;104;88;75m[48;2;158;135;115m▀[0m[38;2;156;132;112m[48;2;145;122;99m▀[0m[38;2;87;73;63m[48;2;157;134;114m▀[0m[38;2;111;100;54m[48;2;156;132;112m▀[0m[38;2;67;72;67m[48;2;44;47;43m▀[0m[38;2;67;72;66m[48;2;67;71;66m▀[0m[38;2;68;73;67m[48;2;67;71;66m▀[0m[38;2;67;72;67m[48;2;62;66;62m▀[0m[38;2;61;66;62m[48;2;47;53;55m▀[0m[38;2;43;49;51m[48;2;50;55;55m▀[0m       
      [38;2;187;170;102m[48;2;50;57;59m▀[0m[38;2;185;168;101m[48;2;190;173;106m▀[0m[38;2;184;167;100m[48;2;189;172;105m▀[0m[38;2;187;170;102m[48;2;47;53;55m▀[0m[38;2;187;170;102m[48;2;22;20;12m▀[0m[38;2;185;168;100m[48;2;195;178;111m▀[0m[38;2;186;169;102m[48;2;48;55;55m▀[0m[38;2;42;47;47m[48;2;62;66;62m▀[0m[38;2;67;72;67m[48;2;67;72;66m▀[0m[38;2;198;79;99m[48;2;52;58;58m▀[0m[38;2;195;76;96m[48;2;68;73;67m▀[0m[38;2;197;78;98m[48;2;199;80;100m▀[0m[38;2;199;79;99m[48;2;201;81;101m▀[0m[38;2;199;80;100m[48;2;201;72;93m▀[0m[38;2;199;80;100m[48;2;199;79;99m▀[0m[38;2;178;57;77m[48;2;185;67;87m▀[0m[38;2;132;102;82m[48;2;171;51;71m▀[0m[38;2;129;99;79m[48;2;157;134;114m▀[0m[38;2;159;134;114m[48;2;154;131;111m▀[0m[38;2;155;141;118m[48;2;125;93;73m▀[0m[38;2;26;19;16m[48;2;157;138;116m▀[0m[38;2;149;122;101m[48;2;155;136;114m▀[0m[38;2;15;10;10m[48;2;156;134;114m▀[0m[38;2;59;63;60m[48;2;136;108;83m▀[0m[38;2;48;54;55m[48;2;105;85;70m▀[0m[38;2;47;54;55m[48;2;49;55;57m▀[0m[38;2;47;53;55m[48;2;58;63;61m▀[0m[38;2;52;57;58m▄[0m[38;2;1;0;0m▄[0m     
     [38;2;0;0;0m▄[0m[38;2;67;72;66m[48;2;67;72;67m▀[0m[38;2;205;188;121m[48;2;201;184;117m▀[0m[38;2;201;184;117m[48;2;201;184;117m▀[0m[38;2;67;72;66m[48;2;18;19;16m▀[0m[38;2;67;71;66m[48;2;67;72;67m▀[0m[38;2;129;115;61m[48;2;68;72;67m▀[0m[38;2;68;73;67m[48;2;68;73;67m▀[0m[38;2;69;73;67m[48;2;68;73;67m▀[0m[38;2;68;73;67m[48;2;67;72;67m▀[0m[38;2;68;72;67m[48;2;68;72;67m▀[0m[38;2;138;42;57m[48;2;46;10;15m▀[0m[38;2;190;72;92m[48;2;200;81;101m▀[0m[38;2;204;83;103m[48;2;197;77;97m▀[0m[38;2;198;79;99m[48;2;197;78;98m▀[0m[38;2;197;78;98m[48;2;197;78;98m▀[0m[38;2;200;81;101m[48;2;198;79;99m▀[0m[38;2;173;54;74m[48;2;76;15;23m▀[0m[38;2;46;52;54m[48;2;172;53;73m▀[0m[38;2;20;17;16m[48;2;23;28;30m▀[0m[38;2;83;70;61m[48;2;89;75;75m▀[0m[38;2;158;134;114m[48;2;149;124;105m▀[0m[38;2;7;6;6m[48;2;31;25;25m▀[0m[38;2;156;137;116m[48;2;158;137;116m▀[0m[38;2;155;135;113m[48;2;159;139;117m▀[0m[38;2;156;133;113m[48;2;151;126;104m▀[0m[38;2;105;88;87m[48;2;151;125;102m▀[0m[38;2;63;52;52m[48;2;153;131;111m▀[0m[38;2;24;26;25m[48;2;80;65;61m▀[0m[38;2;94;78;77m▄[0m     
    [38;2;92;98;94m▄[0m[38;2;73;77;71m[48;2;71;76;70m▀[0m[38;2;67;71;67m[48;2;67;72;67m▀[0m[38;2;68;72;66m[48;2;68;73;67m▀[0m[38;2;36;40;42m[48;2;67;72;67m▀[0m[38;2;68;72;67m[48;2;68;73;67m▀[0m[38;2;68;72;67m[48;2;68;72;67m▀[0m[38;2;67;72;67m[48;2;68;72;67m▀[0m[38;2;67;72;67m[48;2;68;72;67m▀[0m[38;2;67;73;67m[48;2;68;72;67m▀[0m[38;2;68;72;67m[48;2;68;72;67m▀[0m[38;2;68;72;66m[48;2;67;72;67m▀[0m[38;2;67;72;66m[48;2;68;72;67m▀[0m[38;2;27;26;25m[48;2;68;72;67m▀[0m[38;2;199;79;99m[48;2;187;70;90m▀[0m[38;2;199;80;100m[48;2;165;46;67m▀[0m[38;2;199;80;100m[48;2;200;81;101m▀[0m[38;2;199;80;100m[48;2;61;65;62m▀[0m[38;2;191;71;92m[48;2;48;53;55m▀[0m[38;2;49;55;57m[48;2;53;58;58m▀[0m[38;2;47;52;55m[48;2;47;52;55m▀[0m[38;2;47;52;55m[48;2;47;53;55m▀[0m[38;2;47;53;55m[48;2;47;53;55m▀[0m[38;2;30;25;23m[48;2;47;53;55m▀[0m[38;2;153;127;107m[48;2;47;53;56m▀[0m[38;2;27;20;16m[48;2;91;77;78m▀[0m[38;2;144;116;94m[48;2;162;138;116m▀[0m[38;2;115;92;73m[48;2;90;76;64m▀[0m[38;2;138;110;89m[48;2;146;121;100m▀[0m[38;2;96;76;70m[48;2;144;119;97m▀[0m[38;2;73;57;56m[48;2;101;82;78m▀[0m[38;2;126;105;89m▄[0m[38;2;62;51;44m▄[0m   
    [38;2;27;29;27m[48;2;91;96;91m▀[0m[38;2;91;96;91m[48;2;91;96;91m▀[0m[38;2;5;5;5m[48;2;91;96;91m▀[0m[38;2;33;35;31m[48;2;74;78;72m▀[0m[38;2;68;72;67m[48;2;81;87;81m▀[0m[38;2;67;72;67m[48;2;69;73;67m▀[0m[38;2;67;71;66m[48;2;69;73;67m▀[0m[38;2;67;72;66m[48;2;70;74;68m▀[0m[38;2;68;72;67m[48;2;73;78;72m▀[0m[38;2;68;73;67m[48;2;72;76;70m▀[0m[38;2;68;73;67m[48;2;73;79;72m▀[0m[38;2;69;72;67m[48;2;70;75;68m▀[0m[38;2;68;73;67m[48;2;68;72;66m▀[0m[38;2;68;73;67m[48;2;68;72;66m▀[0m[38;2;68;72;67m[48;2;67;72;67m▀[0m[38;2;68;72;67m[48;2;67;72;67m▀[0m[38;2;16;17;15m[48;2;68;72;66m▀[0m[38;2;68;72;67m[48;2;67;71;66m▀[0m[38;2;68;72;66m[48;2;68;72;66m▀[0m[38;2;68;73;67m[48;2;68;72;66m▀[0m[38;2;55;59;59m[48;2;67;71;66m▀[0m[38;2;51;56;57m[48;2;67;71;65m▀[0m[38;2;48;53;55m[48;2;56;60;59m▀[0m[38;2;49;55;55m[48;2;65;71;66m▀[0m[38;2;48;54;55m[48;2;55;60;60m▀[0m[38;2;47;52;55m[48;2;67;72;66m▀[0m[38;2;47;52;55m[48;2;48;54;55m▀[0m[38;2;47;52;55m[48;2;47;53;55m▀[0m[38;2;38;43;45m[48;2;47;53;55m▀[0m[38;2;21;19;20m[48;2;47;53;55m▀[0m[38;2;46;52;53m[48;2;47;52;55m▀[0m[38;2;47;52;55m[48;2;47;52;55m▀[0m[38;2;11;12;12m[48;2;47;52;55m▀[0m[38;2;46;52;54m▄[0m  
  [38;2;12;14;14m▄[0m[38;2;86;92;87m[48;2;68;73;67m▀[0m[38;2;75;79;74m[48;2;69;73;67m▀[0m[38;2;74;79;74m[48;2;68;73;67m▀[0m[38;2;77;83;77m[48;2;68;73;67m▀[0m[38;2;83;87;81m[48;2;68;73;67m▀[0m[38;2;81;86;81m[48;2;68;73;67m▀[0m[38;2;74;78;72m[48;2;68;73;67m▀[0m[38;2;81;86;79m[48;2;69;73;67m▀[0m[38;2;87;92;86m[48;2;69;74;68m▀[0m[38;2;78;84;78m[48;2;68;73;67m▀[0m[38;2;73;78;72m[48;2;68;73;67m▀[0m[38;2;67;71;66m[48;2;68;73;67m▀[0m[38;2;68;72;66m[48;2;67;72;67m▀[0m[38;2;68;72;66m[48;2;67;71;65m▀[0m[38;2;67;72;67m[48;2;67;71;65m▀[0m[38;2;68;72;66m[48;2;67;71;66m▀[0m[38;2;68;72;66m[48;2;67;71;65m▀[0m[38;2;67;72;66m[48;2;67;72;66m▀[0m[38;2;67;71;65m[48;2;68;72;66m▀[0m[38;2;67;71;65m[48;2;67;72;67m▀[0m[38;2;67;71;66m[48;2;67;72;67m▀[0m[38;2;67;72;66m[48;2;67;72;67m▀[0m[38;2;68;72;67m[48;2;58;63;61m▀[0m[38;2;67;72;67m[48;2;49;55;56m▀[0m[38;2;63;67;63m[48;2;46;52;55m▀[0m[38;2;61;66;63m[48;2;47;53;55m▀[0m[38;2;68;72;67m[48;2;47;53;55m▀[0m[38;2;47;53;55m[48;2;47;53;55m▀[0m[38;2;47;52;55m[48;2;47;53;55m▀[0m[38;2;47;52;55m[48;2;39;45;45m▀[0m[38;2;47;53;55m[48;2;35;39;40m▀[0m[38;2;47;53;55m▀[0m[38;2;46;52;54m▀[0m[38;2;46;52;54m▀[0m[38;2;0;0;0m▀[0m  
    [38;2;69;73;67m▀[0m[38;2;47;51;50m▀[0m[38;2;69;73;67m▀[0m[38;2;68;73;67m▀[0m[38;2;68;73;67m▀[0m[38;2;68;73;67m[48;2;39;43;42m▀[0m[38;2;68;73;67m▀[0m[38;2;69;73;67m[48;2;59;63;60m▀[0m[38;2;68;73;67m▀[0m[38;2;68;73;67m▀[0m[38;2;68;73;67m▀[0m[38;2;68;73;67m▀[0m[38;2;68;73;67m[48;2;4;4;4m▀[0m[38;2;68;73;67m▀[0m[38;2;68;73;67m▀[0m[38;2;68;73;67m▀[0m[38;2;68;72;67m▀[0m[38;2;68;72;67m▀[0m[38;2;53;58;58m▀[0m[38;2;51;56;58m▀[0m[38;2;44;50;52m▀[0m[38;2;0;0;0m▀[0m[38;2;8;9;10m▀[0m[38;2;45;50;50m▀[0m            
                                        
