                                        
                                        
                                        
                           [38;2;122;102;85m▄[0m[38;2;85;71;59m[48;2;123;102;84m▀[0m[38;2;117;97;79m[48;2;86;163;168m▀[0m[38;2;43;37;32m[48;2;34;58;82m▀[0m[38;2;105;87;72m[48;2;81;144;208m▀[0m[38;2;126;104;86m▄[0m[38;2;126;104;86m▄[0m[38;2;126;104;86m▄[0m[38;2;97;80;66m▄[0m    
                         [38;2;97;80;66m▄[0m[38;2;126;103;85m[48;2;124;102;85m▀[0m[38;2;126;104;86m[48;2;126;104;86m▀[0m[38;2;126;104;86m[48;2;126;105;86m▀[0m[38;2;126;104;86m[48;2;32;43;52m▀[0m[38;2;126;104;86m[48;2;78;114;120m▀[0m[38;2;126;104;86m[48;2;104;85;71m▀[0m[38;2;126;104;86m[48;2;82;67;55m▀[0m[38;2;125;103;85m[48;2;113;92;77m▀[0m[38;2;86;70;59m[48;2;161;161;161m▀[0m[38;2;103;85;71m[48;2;187;187;187m▀[0m[38;2;123;123;123m▄[0m   
                      [38;2;46;46;46m▄[0m [38;2;158;158;158m▀[0m[38;2;5;7;10m▄[0m[38;2;124;102;84m▀[0m[38;2;101;83;69m[48;2;99;82;68m▀[0m[38;2;45;38;31m[48;2;21;17;12m▀[0m[38;2;95;174;171m[48;2;26;31;39m▀[0m[38;2;98;113;132m[48;2;61;70;81m▀[0m[38;2;87;71;59m[48;2;98;80;67m▀[0m[38;2;103;85;70m[48;2;102;84;70m▀[0m[38;2;126;104;86m[48;2;126;104;86m▀[0m      
                         [38;2;33;44;52m[48;2;97;151;157m▀[0m [38;2;55;45;38m▀[0m[38;2;10;8;4m[48;2;8;5;4m▀[0m[38;2;98;181;178m[48;2;27;31;40m▀[0m[38;2;33;48;53m[48;2;23;29;30m▀[0m[38;2;102;84;70m[48;2;102;84;70m▀[0m[38;2;103;85;70m[48;2;108;90;74m▀[0m[38;2;126;104;86m[48;2;126;104;86m▀[0m[38;2;22;20;20m[48;2;155;154;153m▀[0m     
                         [38;2;99;132;144m[48;2;26;30;39m▀[0m  [38;2;20;26;26m[48;2;26;42;45m▀[0m[38;2;43;66;71m[48;2;62;106;110m▀[0m[38;2;41;37;35m[48;2;59;49;41m▀[0m[38;2;110;90;74m[48;2;126;104;86m▀[0m[38;2;126;104;86m[48;2;126;104;86m▀[0m[38;2;126;104;86m[48;2;126;104;86m▀[0m      
                 [38;2;126;104;86m▄[0m[38;2;127;105;87m▄[0m[38;2;60;50;43m[48;2;239;239;239m▀[0m[38;2;126;104;86m[48;2;90;75;62m▀[0m[38;2;125;103;85m[48;2;126;104;86m▀[0m[38;2;126;104;86m[48;2;126;104;86m▀[0m[38;2;126;104;86m[48;2;196;195;195m▀[0m[38;2;44;64;68m[48;2;20;21;19m▀[0m[38;2;1;0;0m[48;2;126;103;86m▀[0m[38;2;110;91;76m▄[0m [38;2;54;58;70m[48;2;126;104;86m▀[0m[38;2;75;132;133m[48;2;30;36;44m▀[0m[38;2;85;70;57m[48;2;126;104;86m▀[0m[38;2;126;104;86m[48;2;126;104;86m▀[0m[38;2;126;104;86m[48;2;126;104;86m▀[0m[38;2;126;104;86m[48;2;126;104;86m▀[0m      
  [38;2;124;102;85m▄[0m[38;2;82;67;55m[48;2;106;87;73m▀[0m[38;2;98;81;67m[48;2;97;80;66m▀[0m[38;2;96;79;66m[48;2;96;80;66m▀[0m[38;2;97;80;67m[48;2;97;80;66m▀[0m[38;2;102;83;69m▄[0m      [38;2;28;28;27m▄[0m[38;2;83;68;57m[48;2;126;104;86m▀[0m[38;2;126;104;86m[48;2;217;217;217m▀[0m[38;2;126;104;86m[48;2;146;146;146m▀[0m[38;2;126;104;86m[48;2;126;104;86m▀[0m[38;2;124;103;85m[48;2;126;104;86m▀[0m[38;2;126;104;86m[48;2;126;104;86m▀[0m[38;2;126;104;86m[48;2;126;104;86m▀[0m[38;2;126;104;86m[48;2;126;104;86m▀[0m[38;2;174;174;174m[48;2;56;45;37m▀[0m[38;2;22;25;32m[48;2;166;166;166m▀[0m[38;2;104;101;100m[48;2;109;91;76m▀[0m[38;2;90;74;60m[48;2;126;104;86m▀[0m[38;2;126;104;86m[48;2;126;104;86m▀[0m[38;2;125;103;86m[48;2;104;115;136m▀[0m[38;2;79;139;139m[48;2;94;174;171m▀[0m[38;2;126;104;86m[48;2;127;104;86m▀[0m[38;2;126;104;86m[48;2;126;104;86m▀[0m[38;2;126;104;86m[48;2;126;104;86m▀[0m[38;2;123;102;84m[48;2;80;65;55m▀[0m      
 [38;2;54;45;36m[48;2;94;78;64m▀[0m[38;2;70;70;72m[48;2;160;159;159m▀[0m[38;2;126;104;86m[48;2;126;104;86m▀[0m[38;2;108;89;74m[48;2;55;45;37m▀[0m[38;2;88;74;63m▀[0m[38;2;97;80;66m▀[0m[38;2;102;84;69m[48;2;106;88;72m▀[0m[38;2;106;88;72m[48;2;44;38;31m▀[0m   [38;2;125;104;86m▄[0m[38;2;125;104;85m[48;2;126;104;86m▀[0m[38;2;126;104;86m[48;2;112;92;76m▀[0m[38;2;95;79;65m[48;2;126;104;86m▀[0m[38;2;126;104;86m[48;2;126;104;86m▀[0m[38;2;126;104;86m[48;2;126;104;86m▀[0m[38;2;126;104;86m[48;2;126;104;86m▀[0m[38;2;126;104;86m[48;2;104;86;71m▀[0m[38;2;126;104;86m[48;2;101;83;69m▀[0m[38;2;126;104;86m▀[0m[38;2;126;104;86m[48;2;61;51;42m▀[0m[38;2;49;43;39m[48;2;36;34;32m▀[0m[38;2;151;151;151m[48;2;130;130;130m▀[0m[38;2;104;87;72m[48;2;126;104;86m▀[0m[38;2;126;104;86m[48;2;126;104;86m▀[0m[38;2;126;104;86m[48;2;126;104;86m▀[0m[38;2;175;175;175m[48;2;227;227;227m▀[0m[38;2;174;174;174m[48;2;137;137;137m▀[0m[38;2;60;50;41m[48;2;66;54;45m▀[0m[38;2;126;104;86m[48;2;126;104;86m▀[0m[38;2;126;104;86m[48;2;126;104;86m▀[0m[38;2;96;80;66m[48;2;126;104;86m▀[0m      
 [38;2;58;48;40m▀[0m[38;2;126;104;86m[48;2;126;104;86m▀[0m[38;2;128;106;87m[48;2;125;103;85m▀[0m[38;2;56;46;37m[48;2;159;159;159m▀[0m[38;2;55;44;37m▄[0m   [38;2;93;95;92m▄[0m[38;2;126;104;86m▄[0m[38;2;126;104;86m[48;2;126;104;86m▀[0m[38;2;126;104;86m[48;2;125;103;86m▀[0m[38;2;125;103;85m[48;2;205;205;205m▀[0m[38;2;180;179;178m[48;2;128;106;87m▀[0m[38;2;66;56;48m[48;2;126;104;86m▀[0m[38;2;126;104;86m[48;2;126;104;86m▀[0m[38;2;125;103;86m[48;2;84;70;57m▀[0m[38;2;100;82;68m[48;2;101;83;69m▀[0m[38;2;99;82;68m[48;2;100;83;69m▀[0m   [38;2;82;67;56m[48;2;24;21;18m▀[0m[38;2;192;192;192m[48;2;120;99;82m▀[0m[38;2;126;104;86m[48;2;126;104;86m▀[0m[38;2;126;104;86m[48;2;126;104;86m▀[0m[38;2;126;104;86m[48;2;126;104;86m▀[0m[38;2;229;229;229m[48;2;232;232;232m▀[0m[38;2;132;132;132m[48;2;220;220;220m▀[0m[38;2;127;105;86m[48;2;125;104;86m▀[0m[38;2;126;104;86m[48;2;113;93;77m▀[0m[38;2;127;105;87m[48;2;104;86;71m▀[0m       
  [38;2;225;225;225m▀[0m[38;2;126;104;86m[48;2;126;104;86m▀[0m[38;2;126;104;86m[48;2;126;104;86m▀[0m[38;2;127;105;86m[48;2;159;160;160m▀[0m[38;2;126;104;86m[48;2;125;103;86m▀[0m[38;2;126;104;86m[48;2;126;104;86m▀[0m[38;2;126;104;86m[48;2;91;91;91m▀[0m[38;2;126;104;86m[48;2;149;149;149m▀[0m[38;2;126;104;86m[48;2;126;104;86m▀[0m[38;2;126;104;86m[48;2;125;103;86m▀[0m[38;2;122;101;84m[48;2;126;104;86m▀[0m[38;2;156;156;157m[48;2;126;104;86m▀[0m[38;2;126;104;86m[48;2;126;104;86m▀[0m[38;2;126;104;86m[48;2;125;103;86m▀[0m[38;2;125;103;86m[48;2;101;83;69m▀[0m[38;2;99;82;68m[48;2;98;80;67m▀[0m[38;2;97;80;66m[48;2;100;83;69m▀[0m[38;2;97;80;67m[48;2;100;83;68m▀[0m  [38;2;124;124;124m[48;2;24;20;18m▀[0m[38;2;37;31;25m[48;2;71;58;48m▀[0m[38;2;126;104;86m[48;2;126;104;86m▀[0m[38;2;126;104;86m[48;2;126;104;86m▀[0m[38;2;99;81;68m▀[0m[38;2;105;86;71m▀[0m[38;2;70;57;47m▀[0m[38;2;29;28;27m▀[0m[38;2;106;87;72m[48;2;103;85;70m▀[0m[38;2;103;85;70m[48;2;103;85;70m▀[0m[38;2;100;83;69m[48;2;103;85;71m▀[0m[38;2;65;53;45m▄[0m      
    [38;2;87;89;85m▀[0m[38;2;122;101;83m▀[0m[38;2;123;101;84m[48;2;110;91;75m▀[0m[38;2;123;101;83m[48;2;102;83;69m▀[0m[38;2;126;104;86m[48;2;49;42;35m▀[0m[38;2;117;96;80m[48;2;0;0;0m▀[0m[38;2;108;89;74m▀[0m[38;2;61;51;42m[48;2;126;104;86m▀[0m[38;2;96;79;65m[48;2;110;91;75m▀[0m[38;2;121;99;82m[48;2;102;84;70m▀[0m[38;2;126;104;86m▀[0m[38;2;122;101;83m▀[0m[38;2;101;84;69m▀[0m[38;2;100;82;68m[48;2;99;82;68m▀[0m[38;2;80;66;55m[48;2;99;82;68m▀[0m[38;2;100;82;68m▄[0m[38;2;100;82;68m▄[0m[38;2;89;87;87m▄[0m[38;2;171;171;171m[48;2;140;140;140m▀[0m[38;2;126;104;86m[48;2;126;104;86m▀[0m[38;2;126;104;86m[48;2;126;104;86m▀[0m[38;2;126;104;86m[48;2;126;104;86m▀[0m    [38;2;103;85;70m▀[0m[38;2;102;84;70m[48;2;103;85;70m▀[0m[38;2;102;84;70m[48;2;102;84;70m▀[0m[38;2;101;84;69m[48;2;102;84;69m▀[0m[38;2;54;45;39m▄[0m     
      [38;2;102;84;70m▄[0m    [38;2;126;104;86m[48;2;130;108;90m▀[0m[38;2;126;104;86m[48;2;126;104;86m▀[0m[38;2;117;96;80m[48;2;122;122;123m▀[0m[38;2;69;70;70m▄[0m  [38;2;103;84;69m▀[0m[38;2;97;80;67m▀[0m[38;2;103;85;70m[48;2;54;45;36m▀[0m[38;2;120;120;120m▀[0m[38;2;107;89;74m▀[0m[38;2;112;92;77m[48;2;127;105;86m▀[0m[38;2;126;104;86m[48;2;126;104;86m▀[0m[38;2;126;104;86m[48;2;126;104;86m▀[0m[38;2;126;104;86m[48;2;126;104;86m▀[0m     [38;2;99;82;68m▀[0m[38;2;100;83;69m[48;2;103;85;70m▀[0m[38;2;102;84;69m[48;2;108;89;74m▀[0m[38;2;117;97;80m[48;2;124;102;85m▀[0m[38;2;126;104;86m▄[0m[38;2;112;93;77m▄[0m[38;2;22;17;15m▄[0m  
           [38;2;188;188;188m▀[0m[38;2;126;104;86m▀[0m[38;2;188;188;188m▀[0m[38;2;106;88;74m▀[0m       [38;2;125;103;85m[48;2;94;78;64m▀[0m[38;2;126;104;86m[48;2;126;104;86m▀[0m[38;2;126;104;86m[48;2;126;104;86m▀[0m[38;2;126;104;86m[48;2;127;105;87m▀[0m[38;2;112;92;76m[48;2;152;152;153m▀[0m[38;2;57;51;49m▄[0m    [38;2;57;46;38m▀[0m[38;2;117;97;79m▀[0m[38;2;126;104;86m▀[0m[38;2;126;104;86m[48;2;71;58;48m▀[0m[38;2;126;104;86m[48;2;81;67;56m▀[0m[38;2;24;19;16m▀[0m  
                       [38;2;126;104;86m▀[0m[38;2;128;106;88m[48;2;68;56;46m▀[0m[38;2;112;92;77m[48;2;98;81;67m▀[0m[38;2;127;106;87m[48;2;105;86;72m▀[0m[38;2;131;108;89m▀[0m            
                                        
                                        
                                        
