                                        
                                        
                                        
                           [38;2;199;65;63m▄[0m[38;2;207;68;66m▀[0m           
                          [38;2;72;7;10m[48;2;196;62;61m▀[0m[38;2;200;65;63m▀[0m            
                   [38;2;78;8;13m▄[0m     [38;2;193;59;58m▄[0m[38;2;193;59;58m[48;2;159;39;40m▀[0m             
                 [38;2;157;34;35m▄[0m[38;2;195;57;53m▀[0m   [38;2;148;33;35m▄[0m[38;2;142;31;32m▄[0m[38;2;157;39;39m[48;2;140;31;33m▀[0m[38;2;158;40;40m[48;2;143;32;34m▀[0m[38;2;147;34;35m▀[0m        [38;2;155;36;34m▄[0m    
               [38;2;178;40;33m▄[0m[38;2;137;30;33m▄[0m[38;2;140;31;33m[48;2;152;38;32m▀[0m  [38;2;65;1;7m[48;2;207;76;29m▀[0m[38;2;133;26;33m[48;2;135;28;33m▀[0m[38;2;136;28;33m[48;2;143;30;33m▀[0m[38;2;143;30;33m[48;2;143;30;33m▀[0m[38;2;143;30;33m[48;2;154;37;38m▀[0m       [38;2;77;7;11m▄[0m[38;2;187;56;51m▄[0m[38;2;200;65;64m[48;2;66;2;9m▀[0m     
             [38;2;179;54;30m▄[0m[38;2;171;38;31m[48;2;214;79;26m▀[0m[38;2;182;60;31m[48;2;214;78;25m▀[0m[38;2;212;77;26m[48;2;214;79;25m▀[0m[38;2;151;31;33m[48;2;180;45;29m▀[0m[38;2;119;22;24m[48;2;61;0;11m▀[0m[38;2;136;30;33m[48;2;210;75;31m▀[0m[38;2;204;73;30m[48;2;146;34;33m▀[0m[38;2;168;37;32m[48;2;216;109;31m▀[0m[38;2;166;37;32m[48;2;216;109;31m▀[0m[38;2;166;37;32m[48;2;209;90;30m▀[0m[38;2;163;35;32m[48;2;202;70;29m▀[0m[38;2;137;30;33m[48;2;137;31;33m▀[0m[38;2;83;9;13m[48;2;136;31;33m▀[0m[38;2;71;4;9m[48;2;138;31;33m▀[0m[38;2;85;9;13m[48;2;137;31;33m▀[0m[38;2;152;32;30m[48;2;137;31;33m▀[0m[38;2;159;34;32m[48;2;138;31;33m▀[0m[38;2;149;33;32m[48;2;138;31;33m▀[0m[38;2;143;32;33m[48;2;137;31;33m▀[0m[38;2;136;31;33m▀[0m      
          [38;2;245;206;154m▄[0m[38;2;176;25;32m[48;2;242;193;129m▀[0m[38;2;239;180;108m[48;2;215;84;26m▀[0m[38;2;240;180;108m[48;2;239;181;111m▀[0m[38;2;239;179;107m[48;2;239;180;108m▀[0m[38;2;242;191;118m[48;2;240;183;113m▀[0m[38;2;228;141;76m[48;2;244;201;143m▀[0m[38;2;241;188;115m[48;2;243;197;140m▀[0m [38;2;189;62;30m[48;2;227;142;69m▀[0m[38;2;203;74;30m[48;2;230;161;93m▀[0m[38;2;213;101;25m[48;2;232;162;94m▀[0m[38;2;210;92;30m[48;2;232;161;93m▀[0m[38;2;202;72;30m[48;2;202;71;30m▀[0m[38;2;137;31;33m[48;2;203;72;29m▀[0m[38;2;137;31;33m[48;2;138;31;33m▀[0m[38;2;139;31;33m[48;2;137;30;33m▀[0m[38;2;137;31;33m[48;2;181;55;52m▀[0m[38;2;137;30;33m▀[0m[38;2;138;30;33m▀[0m[38;2;142;32;34m▀[0m[38;2;75;6;11m▀[0m        
      [38;2;201;215;208m▄[0m[38;2;201;215;207m[48;2;201;215;208m▀[0m[38;2;240;188;122m▄[0m[38;2;246;209;161m[48;2;245;209;159m▀[0m[38;2;246;213;164m[48;2;225;123;32m▀[0m[38;2;225;118;30m[48;2;245;205;152m▀[0m[38;2;245;207;155m[48;2;244;206;155m▀[0m[38;2;241;192;128m[48;2;244;202;147m▀[0m[38;2;240;185;115m[48;2;243;198;139m▀[0m[38;2;242;196;137m[48;2;242;198;139m▀[0m[38;2;243;199;141m[48;2;238;179;108m▀[0m[38;2;243;200;144m[48;2;238;179;106m▀[0m[38;2;241;185;111m[48;2;238;179;108m▀[0m[38;2;235;184;129m[48;2;238;182;113m▀[0m[38;2;238;178;107m[48;2;239;178;104m▀[0m[38;2;232;162;94m[48;2;178;56;47m▀[0m[38;2;232;162;94m[48;2;202;71;30m▀[0m[38;2;202;72;30m[48;2;211;77;29m▀[0m[38;2;206;73;29m[48;2;138;31;33m▀[0m[38;2;138;31;33m[48;2;150;35;37m▀[0m[38;2;138;31;33m▀[0m             
    [38;2;45;43;41m▄[0m[38;2;185;204;193m[48;2;150;172;157m▀[0m[38;2;184;199;188m[48;2;145;169;154m▀[0m[38;2;204;219;210m[48;2;245;189;113m▀[0m[38;2;241;192;130m[48;2;243;204;150m▀[0m[38;2;242;196;140m[48;2;241;192;134m▀[0m[38;2;247;214;165m[48;2;242;202;149m▀[0m[38;2;243;204;150m[48;2;240;187;121m▀[0m[38;2;241;191;128m[48;2;141;106;62m▀[0m[38;2;239;182;111m[48;2;140;107;62m▀[0m[38;2;239;183;114m[48;2;238;180;109m▀[0m[38;2;241;193;131m[48;2;239;181;111m▀[0m[38;2;239;181;108m[48;2;240;183;114m▀[0m[38;2;243;194;121m[48;2;242;191;120m▀[0m[38;2;240;183;112m[48;2;239;179;109m▀[0m[38;2;238;179;109m[48;2;238;176;107m▀[0m[38;2;235;169;102m[48;2;233;166;100m▀[0m[38;2;233;167;101m[48;2;233;165;100m▀[0m[38;2;208;82;28m[48;2;208;89;38m▀[0m[38;2;138;28;33m▄[0m                
    [38;2;124;161;140m[48;2;109;139;119m▀[0m[38;2;163;181;168m[48;2;97;131;111m▀[0m[38;2;119;150;132m[48;2;148;106;61m▀[0m[38;2;239;185;113m[48;2;208;76;28m▀[0m[38;2;217;99;29m[48;2;239;184;111m▀[0m[38;2;242;198;141m[48;2;156;177;164m▀[0m[38;2;135;147;141m[48;2;195;209;202m▀[0m[38;2;190;205;197m[48;2;183;199;190m▀[0m[38;2;207;219;211m[48;2;168;179;175m▀[0m[38;2;201;215;207m[48;2;99;101;110m▀[0m[38;2;201;215;209m[48;2;41;39;43m▀[0m[38;2;245;188;115m[48;2;171;177;178m▀[0m[38;2;239;181;109m[48;2;231;169;100m▀[0m[38;2;239;182;112m[48;2;230;172;101m▀[0m[38;2;237;180;111m[48;2;230;163;94m▀[0m[38;2;239;184;110m[48;2;207;88;30m▀[0m[38;2;232;167;100m[48;2;205;78;29m▀[0m[38;2;234;166;99m[48;2;203;76;30m▀[0m[38;2;204;77;30m[48;2;204;78;30m▀[0m[38;2;151;38;33m[48;2;141;32;33m▀[0m[38;2;74;6;11m[48;2;77;7;13m▀[0m               
   [38;2;0;0;0m[48;2;48;89;79m▀[0m[38;2;78;119;95m[48;2;52;93;74m▀[0m[38;2;71;115;91m[48;2;9;20;18m▀[0m[38;2;221;131;71m[48;2;233;163;94m▀[0m[38;2;202;71;27m[48;2;236;164;94m▀[0m[38;2;136;167;149m[48;2;114;144;125m▀[0m[38;2;187;202;193m[48;2;112;142;122m▀[0m[38;2;148;171;157m[48;2;80;99;95m▀[0m[38;2;102;111;116m[48;2;254;254;253m▀[0m[38;2;232;228;231m[48;2;74;72;70m▀[0m[38;2;101;96;73m[48;2;8;6;6m▀[0m[38;2;17;19;21m[48;2;60;109;85m▀[0m[38;2;9;9;8m[48;2;137;92;54m▀[0m[38;2;234;168;99m[48;2;230;163;97m▀[0m[38;2;234;171;104m[48;2;222;140;79m▀[0m[38;2;229;162;94m▀[0m[38;2;159;37;36m▀[0m[38;2;205;79;30m[48;2;157;36;35m▀[0m[38;2;203;76;30m[48;2;127;25;33m▀[0m[38;2;141;31;33m[48;2;127;25;34m▀[0m[38;2;138;31;33m[48;2;138;30;33m▀[0m[38;2;161;37;34m▄[0m[38;2;64;2;7m▄[0m[38;2;71;3;8m▄[0m[38;2;61;0;6m▄[0m            
   [38;2;179;183;185m▀[0m[38;2;2;4;3m▀[0m [38;2;229;167;99m[48;2;176;33;38m▀[0m[38;2;51;83;70m[48;2;61;110;85m▀[0m[38;2;119;148;128m[48;2;66;112;87m▀[0m[38;2;76;116;93m[48;2;57;103;80m▀[0m[38;2;190;176;194m[48;2;152;138;157m▀[0m[38;2;74;73;70m[48;2;22;22;24m▀[0m[38;2;75;72;71m[48;2;15;16;21m▀[0m[38;2;19;20;23m[48;2;124;149;130m▀[0m[38;2;71;115;92m[48;2;55;76;65m▀[0m[38;2;228;163;96m[48;2;228;175;114m▀[0m[38;2;196;69;31m[48;2;201;76;31m▀[0m[38;2;138;32;34m▄[0m     [38;2;132;29;32m▀[0m[38;2;138;31;33m▀[0m[38;2;133;29;31m▀[0m[38;2;67;1;6m▀[0m             
       [38;2;18;33;29m[48;2;28;30;28m▀[0m[38;2;43;79;70m[48;2;199;213;203m▀[0m[38;2;24;44;39m[48;2;189;202;191m▀[0m[38;2;117;111;104m[48;2;179;193;180m▀[0m[38;2;111;116;120m[48;2;206;216;207m▀[0m[38;2;169;184;169m[48;2;188;204;190m▀[0m[38;2;159;175;159m▀[0m[38;2;202;71;29m▀[0m[38;2;205;76;29m[48;2;155;27;29m▀[0m[38;2;164;30;31m[48;2;162;28;31m▀[0m[38;2;145;30;33m[48;2;165;29;32m▀[0m[38;2;90;10;13m▄[0m                     
         [38;2;84;90;87m▀[0m[38;2;0;0;0m▀[0m                             
                                        
                                        
                                        
