                                        
                       [38;2;166;164;160m▄[0m[38;2;241;239;233m▄[0m[38;2;19;19;19m▄[0m              
                    [38;2;182;181;177m▄[0m[38;2;219;217;213m[48;2;169;156;157m▀[0m[38;2;69;64;62m▀[0m[38;2;171;157;158m▀[0m [38;2;175;162;163m▀[0m[38;2;236;234;228m▀[0m[38;2;127;125;124m▄[0m[38;2;58;56;54m▄[0m  [38;2;253;253;252m[48;2;238;236;230m▀[0m        
                   [38;2;174;162;161m▄[0m[38;2;172;160;161m▀[0m     [38;2;168;156;157m▄[0m[38;2;76;69;69m▄[0m[38;2;227;83;152m[48;2;227;72;148m▀[0m[38;2;122;64;91m▄[0m[38;2;240;238;233m[48;2;240;238;233m▀[0m[38;2;238;236;231m[48;2;248;248;245m▀[0m [38;2;47;45;44m[48;2;241;239;235m▀[0m[38;2;223;223;223m▀[0m     
                  [38;2;67;66;63m▄[0m[38;2;182;171;171m▀[0m     [38;2;15;11;11m[48;2;163;151;152m▀[0m[38;2;163;150;152m[48;2;163;150;152m▀[0m[38;2;190;175;177m[48;2;193;180;180m▀[0m[38;2;255;254;253m[48;2;236;234;228m▀[0m[38;2;228;82;153m[48;2;98;38;66m▀[0m[38;2;236;234;228m[48;2;237;235;229m▀[0m[38;2;243;242;238m▄[0m[38;2;236;234;228m[48;2;236;234;228m▀[0m[38;2;237;235;229m▀[0m[38;2;71;68;66m▄[0m     
                  [38;2;160;147;149m[48;2;162;149;150m▀[0m      [38;2;163;153;154m[48;2;191;176;177m▀[0m[38;2;162;149;150m[48;2;169;156;158m▀[0m[38;2;65;60;60m[48;2;233;70;59m▀[0m[38;2;235;227;224m[48;2;201;65;133m▀[0m[38;2;212;91;157m[48;2;0;77;161m▀[0m[38;2;241;129;182m[48;2;196;77;151m▀[0m[38;2;230;131;176m[48;2;227;72;148m▀[0m[38;2;237;234;228m[48;2;248;247;245m▀[0m[38;2;242;241;240m[48;2;148;120;130m▀[0m      
                 [38;2;172;159;161m▄[0m     [38;2;23;40;139m▄[0m[38;2;31;48;157m[48;2;213;122;95m▀[0m[38;2;249;122;102m[48;2;243;72;61m▀[0m[38;2;167;113;136m[48;2;152;150;147m▀[0m[38;2;88;43;134m[48;2;237;71;60m▀[0m[38;2;11;42;151m[48;2;26;31;38m▀[0m[38;2;34;49;142m[48;2;1;77;159m▀[0m[38;2;0;76;159m[48;2;24;41;141m▀[0m[38;2;47;22;33m[48;2;17;34;75m▀[0m[38;2;132;52;121m[48;2;3;77;167m▀[0m[38;2;165;55;117m▀[0m      
                [38;2;164;151;153m▄[0m    [38;2;164;152;153m▄[0m[38;2;23;40;137m[48;2;18;32;105m▀[0m[38;2;242;119;94m[48;2;23;40;136m▀[0m[38;2;234;75;62m[48;2;234;76;63m▀[0m[38;2;234;71;60m[48;2;233;71;59m▀[0m[38;2;180;62;61m[48;2;54;62;70m▀[0m[38;2;241;79;65m[48;2;48;54;61m▀[0m[38;2;194;59;50m[48;2;47;51;57m▀[0m[38;2;234;90;74m▀[0m [38;2;0;106;184m▀[0m        
              [38;2;175;161;162m▄[0m    [38;2;158;146;147m▀[0m[38;2;57;55;53m[48;2;0;80;172m▀[0m[38;2;1;77;160m▄[0m[38;2;0;93;172m[48;2;24;39;140m▀[0m[38;2;10;30;82m[48;2;0;87;168m▀[0m[38;2;233;72;60m[48;2;0;95;175m▀[0m[38;2;146;119;115m[48;2;233;72;60m▀[0m[38;2;238;237;230m[48;2;237;77;64m▀[0m[38;2;57;73;82m[48;2;106;103;99m▀[0m[38;2;87;84;92m[48;2;102;98;105m▀[0m[38;2;65;66;75m[48;2;65;66;75m▀[0m          
                 [38;2;17;28;52m▀[0m[38;2;0;99;179m▄[0m[38;2;0;82;168m▀[0m [38;2;76;39;33m[48;2;238;221;212m▀[0m[38;2;236;107;91m[48;2;233;70;59m▀[0m[38;2;157;44;25m[48;2;237;247;244m▀[0m[38;2;0;74;158m[48;2;234;62;52m▀[0m[38;2;221;58;40m[48;2;0;86;155m▀[0m[38;2;233;70;60m[48;2;234;76;62m▀[0m[38;2;219;234;231m[48;2;244;246;245m▀[0m[38;2;94;90;97m[48;2;64;67;75m▀[0m[38;2;72;73;82m[48;2;47;48;54m▀[0m[38;2;26;25;29m[48;2;47;48;54m▀[0m         
              [38;2;239;238;232m▀[0m[38;2;242;240;237m[48;2;241;239;236m▀[0m[38;2;223;223;222m[48;2;239;237;232m▀[0m[38;2;0;94;177m[48;2;17;15;41m▀[0m[38;2;0;76;159m[48;2;236;72;60m▀[0m[38;2;249;249;249m[48;2;233;72;60m▀[0m[38;2;237;245;241m[48;2;233;74;62m▀[0m[38;2;234;77;63m[48;2;184;68;69m▀[0m[38;2;206;67;66m[48;2;164;152;153m▀[0m[38;2;236;167;156m[48;2;33;47;155m▀[0m[38;2;233;70;59m[48;2;238;106;92m▀[0m[38;2;96;35;28m[48;2;47;44;45m▀[0m[38;2;165;54;51m[48;2;159;152;154m▀[0m[38;2;68;68;76m[48;2;44;49;55m▀[0m[38;2;74;76;85m[48;2;53;54;60m▀[0m[38;2;30;30;32m[48;2;92;90;99m▀[0m          
             [38;2;239;237;232m▄[0m[38;2;237;236;231m▄[0m[38;2;236;234;228m▄[0m[38;2;179;178;175m[48;2;245;244;239m▀[0m[38;2;239;237;230m[48;2;65;20;16m▀[0m[38;2;234;81;66m[48;2;236;102;85m▀[0m[38;2;234;77;63m[48;2;234;78;64m▀[0m[38;2;173;60;120m[48;2;107;63;148m▀[0m[38;2;171;61;119m[48;2;23;41;108m▀[0m[38;2;166;120;140m[48;2;63;50;142m▀[0m[38;2;166;64;122m▄[0m[38;2;161;62;61m[48;2;161;62;60m▀[0m[38;2;90;86;89m[48;2;166;149;149m▀[0m[38;2;49;51;57m[48;2;48;51;57m▀[0m[38;2;48;51;56m[48;2;53;53;60m▀[0m[38;2;43;45;48m▀[0m[38;2;117;49;52m[48;2;131;57;59m▀[0m[38;2;149;58;58m▄[0m         
              [38;2;242;241;235m▀[0m[38;2;237;234;228m▀[0m[38;2;239;238;231m[48;2;78;82;81m▀[0m[38;2;212;69;59m[48;2;234;78;66m▀[0m[38;2;237;114;95m[48;2;237;108;91m▀[0m[38;2;237;113;94m[48;2;236;100;84m▀[0m[38;2;34;57;165m[48;2;241;82;69m▀[0m[38;2;11;47;143m[48;2;22;44;114m▀[0m[38;2;24;47;122m[48;2;233;56;43m▀[0m[38;2;22;52;149m[48;2;234;78;63m▀[0m[38;2;158;57;58m[48;2;238;79;64m▀[0m[38;2;162;60;58m[48;2;161;58;56m▀[0m[38;2;66;62;62m[48;2;166;154;154m▀[0m[38;2;74;67;67m[48;2;137;54;58m▀[0m[38;2;91;37;38m▄[0m [38;2;144;55;55m[48;2;128;47;46m▀[0m[38;2;169;62;62m[48;2;161;62;60m▀[0m[38;2;161;60;59m▄[0m       
             [38;2;237;235;229m▄[0m[38;2;251;250;245m[48;2;236;234;228m▀[0m[38;2;236;234;228m[48;2;237;235;229m▀[0m[38;2;246;80;65m[48;2;157;146;147m▀[0m[38;2;74;66;66m[48;2;171;63;62m▀[0m[38;2;83;22;17m[48;2;236;235;228m▀[0m[38;2;237;236;230m[48;2;254;78;65m▀[0m[38;2;36;3;4m[48;2;21;10;13m▀[0m[38;2;213;72;59m[48;2;237;78;64m▀[0m[38;2;234;76;62m[48;2;234;79;64m▀[0m[38;2;233;76;62m[48;2;237;233;227m▀[0m[38;2;234;66;50m[48;2;162;150;151m▀[0m[38;2;164;152;153m[48;2;163;150;152m▀[0m[38;2;174;161;162m[48;2;55;56;62m▀[0m[38;2;131;131;136m[48;2;142;131;134m▀[0m[38;2;139;56;58m[48;2;141;130;132m▀[0m[38;2;140;58;59m[48;2;150;97;98m▀[0m[38;2;158;61;60m▄[0m[38;2;147;143;143m▀[0m[38;2;121;110;111m▀[0m[38;2;173;63;62m▄[0m      
      [38;2;242;241;236m▄[0m[38;2;185;198;196m▄[0m[38;2;150;134;128m▄[0m[38;2;244;242;237m▄[0m    [38;2;243;243;241m▄[0m[38;2;236;234;228m▄[0m[38;2;173;159;161m[48;2;163;150;152m▀[0m[38;2;58;21;21m[48;2;163;150;151m▀[0m[38;2;168;111;136m[48;2;156;58;59m▀[0m[38;2;234;79;64m[48;2;234;75;62m▀[0m[38;2;234;76;62m[48;2;234;76;62m▀[0m[38;2;234;79;64m[48;2;106;40;37m▀[0m[38;2;238;236;229m[48;2;37;47;51m▀[0m[38;2;167;154;155m[48;2;45;49;55m▀[0m[38;2;164;151;152m[48;2;44;49;54m▀[0m[38;2;49;51;56m[48;2;41;48;54m▀[0m[38;2;21;19;19m[48;2;137;55;58m▀[0m[38;2;140;130;132m[48;2;139;57;59m▀[0m[38;2;140;129;131m[48;2;80;33;33m▀[0m[38;2;142;131;133m[48;2;105;43;45m▀[0m[38;2;138;139;142m[48;2;140;58;59m▀[0m[38;2;233;73;61m[48;2;206;67;59m▀[0m[38;2;0;0;0m▀[0m       
     [38;2;78;24;20m▀[0m   [38;2;234;85;70m▀[0m[38;2;184;63;51m▀[0m[38;2;237;236;230m[48;2;233;70;59m▀[0m[38;2;171;157;159m[48;2;212;68;60m▀[0m[38;2;236;234;228m[48;2;41;48;55m▀[0m[38;2;236;234;228m[48;2;42;50;56m▀[0m[38;2;250;249;247m[48;2;31;41;46m▀[0m[38;2;23;27;29m[48;2;173;160;161m▀[0m[38;2;150;144;145m[48;2;234;77;63m▀[0m[38;2;234;75;62m[48;2;235;80;66m▀[0m[38;2;234;81;65m[48;2;234;76;63m▀[0m[38;2;242;75;62m[48;2;254;82;68m▀[0m[38;2;43;48;53m[48;2;41;47;53m▀[0m[38;2;42;47;53m[48;2;46;50;55m▀[0m[38;2;42;48;54m[48;2;46;49;55m▀[0m[38;2;42;47;53m[48;2;148;58;59m▀[0m[38;2;74;27;29m[48;2;164;57;58m▀[0m[38;2;138;57;58m[48;2;166;58;58m▀[0m[38;2;136;54;58m▀[0m [38;2;139;54;58m[48;2;140;55;58m▀[0m[38;2;136;54;58m[48;2;141;58;59m▀[0m[38;2;145;56;58m[48;2;139;56;58m▀[0m        
             [38;2;157;56;57m▀[0m[38;2;34;44;49m▀[0m[38;2;171;161;159m▀[0m[38;2;91;94;96m[48;2;233;73;61m▀[0m[38;2;233;71;60m[48;2;237;108;90m▀[0m[38;2;236;104;88m[48;2;236;104;86m▀[0m[38;2;233;72;60m[48;2;233;72;59m▀[0m[38;2;7;9;12m▀[0m[38;2;40;46;53m▀[0m[38;2;71;70;76m▀[0m[38;2;80;29;28m▀[0m    [38;2;160;60;59m[48;2;136;54;58m▀[0m[38;2;141;57;59m[48;2;137;54;58m▀[0m[38;2;138;54;58m[48;2;139;54;58m▀[0m[38;2;165;60;62m▀[0m        
             [38;2;144;46;39m[48;2;233;71;60m▀[0m[38;2;79;27;24m[48;2;169;161;163m▀[0m[38;2;238;93;77m[48;2;239;237;230m▀[0m[38;2;239;73;62m[48;2;140;149;148m▀[0m[38;2;68;24;22m[48;2;233;70;59m▀[0m[38;2;201;65;61m[48;2;235;70;59m▀[0m[38;2;234;96;79m[48;2;251;77;66m▀[0m[38;2;11;3;3m[48;2;233;70;59m▀[0m       [38;2;157;56;57m▀[0m[38;2;157;56;57m▀[0m[38;2;157;56;57m▀[0m[38;2;164;58;60m▀[0m[38;2;157;56;57m▀[0m[38;2;156;55;57m▀[0m      
                                        
                                        
