         [38;2;165;165;165m▄[0m[38;2;153;154;154m[48;2;163;163;163m▀[0m                             
          [38;2;163;163;163m[48;2;241;240;241m▀[0m[38;2;164;164;164m[48;2;167;167;167m▀[0m[38;2;166;166;166m[48;2;166;166;166m▀[0m[38;2;161;164;162m[48;2;234;94;120m▀[0m[38;2;228;72;98m[48;2;234;94;120m▀[0m[38;2;237;111;133m[48;2;234;94;120m▀[0m[38;2;234;94;120m[48;2;245;177;184m▀[0m[38;2;224;53;83m[48;2;233;90;115m▀[0m[38;2;164;164;164m▄[0m[38;2;164;164;164m▄[0m[38;2;164;164;164m▄[0m[38;2;166;166;166m▄[0m[38;2;162;162;162m▄[0m[38;2;164;164;164m▄[0m[38;2;167;167;167m▄[0m[38;2;187;187;187m▄[0m[38;2;177;177;177m[48;2;31;34;30m▀[0m[38;2;165;165;165m▀[0m[38;2;208;208;208m▀[0m[38;2;53;54;51m▀[0m          
           [38;2;207;207;207m[48;2;210;210;210m▀[0m[38;2;231;77;102m[48;2;234;94;120m▀[0m[38;2;234;94;120m[48;2;234;94;120m▀[0m[38;2;234;92;119m[48;2;184;148;150m▀[0m[38;2;234;93;119m[48;2;166;166;166m▀[0m[38;2;169;169;169m[48;2;165;165;165m▀[0m[38;2;165;165;165m[48;2;78;79;78m▀[0m[38;2;165;165;165m[48;2;107;107;107m▀[0m[38;2;163;163;163m[48;2;108;108;108m▀[0m[38;2;166;166;166m▀[0m[38;2;116;116;116m▀[0m[38;2;115;115;115m▀[0m                 
            [38;2;234;94;120m[48;2;93;92;90m▀[0m[38;2;190;192;192m[48;2;193;191;189m▀[0m[38;2;71;70;69m[48;2;194;192;190m▀[0m[38;2;149;74;86m[48;2;193;191;189m▀[0m[38;2;195;197;194m[48;2;128;130;129m▀[0m[38;2;166;166;166m[48;2;78;80;77m▀[0m[38;2;145;146;145m▀[0m                     
           [38;2;225;53;84m▄[0m [38;2;117;125;125m▀[0m[38;2;118;126;126m[48;2;109;109;109m▀[0m[38;2;106;106;106m[48;2;171;171;171m▀[0m[38;2;175;175;175m▀[0m [38;2;224;65;88m▄[0m[38;2;236;90;118m▄[0m[38;2;234;94;120m▄[0m[38;2;222;63;86m[48;2;234;94;120m▀[0m[38;2;222;55;82m▀[0m                 
            [38;2;106;106;106m[48;2;19;18;16m▀[0m[38;2;107;107;107m▄[0m[38;2;164;164;164m[48;2;122;131;131m▀[0m[38;2;201;201;201m[48;2;107;115;114m▀[0m[38;2;164;164;164m▄[0m[38;2;185;185;185m[48;2;169;169;169m▀[0m[38;2;165;165;165m[48;2;124;124;124m▀[0m[38;2;165;163;164m[48;2;110;109;109m▀[0m[38;2;234;94;120m▀[0m    [38;2;41;33;32m▄[0m              
              [38;2;170;170;170m[48;2;184;184;184m▀[0m[38;2;201;201;201m[48;2;224;223;224m▀[0m[38;2;89;90;89m▀[0m[38;2;58;58;57m▀[0m     [38;2;207;143;154m[48;2;50;45;43m▀[0m[38;2;188;139;148m[48;2;127;116;118m▀[0m[38;2;161;140;144m[48;2;149;149;148m▀[0m[38;2;187;185;185m[48;2;173;173;173m▀[0m[38;2;31;29;26m▄[0m            
             [38;2;39;39;35m[48;2;196;197;196m▀[0m[38;2;166;166;166m[48;2;163;163;163m▀[0m[38;2;212;212;212m[48;2;164;164;164m▀[0m[38;2;195;195;195m[48;2;171;171;171m▀[0m     [38;2;79;79;77m[48;2;113;113;113m▀[0m[38;2;113;112;112m[48;2;170;170;170m▀[0m[38;2;88;89;88m[48;2;167;167;167m▀[0m[38;2;169;169;169m[48;2;168;168;168m▀[0m[38;2;169;169;169m[48;2;171;172;171m▀[0m             
             [38;2;185;185;185m[48;2;156;156;156m▀[0m[38;2;142;142;140m[48;2;164;164;164m▀[0m[38;2;155;163;147m[48;2;166;166;166m▀[0m[38;2;160;160;160m[48;2;164;164;164m▀[0m[38;2;217;217;217m[48;2;160;160;160m▀[0m[38;2;152;152;152m▄[0m[38;2;150;150;150m▄[0m[38;2;150;150;150m▄[0m[38;2;85;86;85m[48;2;154;154;154m▀[0m[38;2;166;166;166m[48;2;164;164;164m▀[0m[38;2;165;165;165m[48;2;107;107;107m▀[0m[38;2;167;167;167m[48;2;164;164;164m▀[0m[38;2;164;164;164m▀[0m[38;2;97;97;96m▄[0m[38;2;168;167;167m▄[0m[38;2;167;167;167m▄[0m[38;2;106;106;106m▄[0m          
           [38;2;121;121;121m▄[0m[38;2;209;215;211m[48;2;5;5;5m▀[0m[38;2;151;151;151m[48;2;69;75;70m▀[0m[38;2;139;140;138m[48;2;194;191;189m▀[0m[38;2;164;164;164m[48;2;166;166;166m▀[0m[38;2;165;165;165m[48;2;164;164;164m▀[0m[38;2;163;163;163m[48;2;225;225;225m▀[0m[38;2;165;165;165m[48;2;197;197;197m▀[0m[38;2;164;164;164m[48;2;163;163;163m▀[0m[38;2;167;167;167m[48;2;164;164;164m▀[0m[38;2;166;166;166m[48;2;164;164;164m▀[0m[38;2;164;164;164m[48;2;149;149;149m▀[0m[38;2;165;165;165m[48;2;98;101;99m▀[0m[38;2;165;165;165m[48;2;104;104;104m▀[0m[38;2;163;163;163m[48;2;107;107;107m▀[0m[38;2;255;255;255m[48;2;107;107;107m▀[0m[38;2;107;107;107m[48;2;41;44;42m▀[0m[38;2;45;45;44m▀[0m           
           [38;2;111;111;111m[48;2;112;112;112m▀[0m[38;2;57;56;53m[48;2;16;16;14m▀[0m[38;2;169;167;164m[48;2;192;190;188m▀[0m[38;2;194;192;189m[48;2;193;190;189m▀[0m[38;2;164;164;164m[48;2;202;200;199m▀[0m[38;2;170;170;170m[48;2;78;80;77m▀[0m[38;2;221;221;221m[48;2;183;183;183m▀[0m[38;2;249;249;249m[48;2;253;253;253m▀[0m[38;2;165;165;165m[48;2;165;165;165m▀[0m[38;2;109;109;109m[48;2;164;164;164m▀[0m[38;2;91;91;87m[48;2;164;164;164m▀[0m[38;2;163;163;163m[48;2;171;170;171m▀[0m[38;2;166;166;166m[48;2;178;178;178m▀[0m[38;2;10;9;7m[48;2;80;81;80m▀[0m[38;2;77;81;81m[48;2;117;123;123m▀[0m[38;2;112;120;119m[48;2;200;199;197m▀[0m[38;2;106;106;106m[48;2;171;171;171m▀[0m            
            [38;2;106;106;106m[48;2;100;101;100m▀[0m[38;2;56;58;56m[48;2;106;106;106m▀[0m[38;2;83;87;87m[48;2;118;126;126m▀[0m[38;2;112;120;119m[48;2;112;119;119m▀[0m[38;2;88;94;94m[48;2;116;123;123m▀[0m[38;2;175;175;175m[48;2;166;166;166m▀[0m[38;2;235;235;235m[48;2;175;175;175m▀[0m[38;2;165;165;165m[48;2;165;165;165m▀[0m[38;2;79;81;76m[48;2;163;163;163m▀[0m[38;2;163;163;163m[48;2;75;76;74m▀[0m[38;2;164;164;164m[48;2;162;162;162m▀[0m[38;2;63;63;63m[48;2;62;62;62m▀[0m[38;2;193;191;189m[48;2;20;20;18m▀[0m[38;2;192;190;188m[48;2;201;200;197m▀[0m[38;2;62;60;59m[48;2;168;168;168m▀[0m[38;2;194;194;194m[48;2;204;204;204m▀[0m            
             [38;2;108;108;108m[48;2;164;164;164m▀[0m[38;2;116;117;117m[48;2;91;97;96m▀[0m[38;2;66;66;66m▄[0m [38;2;166;166;166m[48;2;166;166;166m▀[0m[38;2;164;164;164m[48;2;163;163;163m▀[0m[38;2;164;164;164m[48;2;165;165;165m▀[0m[38;2;162;162;162m▀[0m[38;2;167;167;167m▀[0m [38;2;92;92;92m[48;2;232;83;110m▀[0m[38;2;219;72;96m[48;2;101;101;101m▀[0m[38;2;106;106;106m[48;2;22;22;21m▀[0m[38;2;166;166;166m[48;2;107;107;107m▀[0m[38;2;184;184;184m[48;2;170;170;170m▀[0m[38;2;237;124;152m[48;2;236;114;142m▀[0m[38;2;223;78;96m▀[0m          
              [38;2;107;107;107m[48;2;107;107;107m▀[0m[38;2;106;106;106m[48;2;109;108;108m▀[0m[38;2;161;63;81m[48;2;166;166;166m▀[0m[38;2;165;165;165m[48;2;165;165;165m▀[0m[38;2;164;164;164m[48;2;110;110;110m▀[0m    [38;2;74;74;74m[48;2;108;108;108m▀[0m[38;2;94;94;94m[48;2;107;107;107m▀[0m  [38;2;153;158;155m[48;2;219;103;108m▀[0m[38;2;234;92;118m[48;2;171;171;171m▀[0m           
              [38;2;22;25;22m▀[0m[38;2;232;87;114m[48;2;106;106;106m▀[0m[38;2;107;107;107m[48;2;106;106;106m▀[0m[38;2;73;73;72m[48;2;107;107;107m▀[0m[38;2;112;112;112m[48;2;131;131;131m▀[0m[38;2;218;40;70m[48;2;233;88;112m▀[0m   [38;2;22;35;36m[48;2;32;48;50m▀[0m[38;2;113;113;113m[48;2;56;56;55m▀[0m [38;2;34;34;32m▄[0m[38;2;167;167;167m[48;2;166;166;166m▀[0m[38;2;178;178;178m▀[0m           
               [38;2;106;106;106m[48;2;112;112;112m▀[0m[38;2;106;106;106m[48;2;106;106;106m▀[0m[38;2;164;164;164m[48;2;101;48;56m▀[0m[38;2;53;28;30m[48;2;223;57;82m▀[0m[38;2;178;203;199m[48;2;52;52;51m▀[0m   [38;2;32;48;50m[48;2;32;48;50m▀[0m  [38;2;57;60;58m[48;2;61;65;65m▀[0m[38;2;166;166;166m[48;2;167;167;167m▀[0m            
                [38;2;107;107;107m[48;2;32;48;50m▀[0m[38;2;163;163;163m[48;2;164;164;164m▀[0m[38;2;163;163;163m[48;2;163;163;163m▀[0m   [38;2;32;49;51m▀[0m[38;2;32;48;50m▀[0m [38;2;19;23;24m▄[0m[38;2;45;56;57m[48;2;45;56;57m▀[0m             
               [38;2;32;49;51m▄[0m[38;2;32;48;50m[48;2;32;49;51m▀[0m[38;2;164;164;164m[48;2;37;48;49m▀[0m[38;2;170;170;170m▀[0m      [38;2;45;55;57m▀[0m[38;2;16;16;15m▀[0m             
                [38;2;35;42;42m▄[0m[38;2;45;56;57m[48;2;45;56;57m▀[0m                      
                [38;2;58;64;65m[48;2;60;59;57m▀[0m[38;2;45;56;57m▀[0m                      
