                   [38;2;208;204;129m▄[0m                    
                   [38;2;220;217;138m[48;2;132;128;77m▀[0m[38;2;76;76;76m▄[0m                   
                    [38;2;226;223;142m[48;2;224;219;140m▀[0m                   
                    [38;2;220;217;137m[48;2;208;213;128m▀[0m[38;2;79;79;75m▄[0m                  
                    [38;2;131;132;80m▀[0m[38;2;189;210;116m[48;2;165;196;101m▀[0m                  
                     [38;2;157;192;98m[48;2;158;193;98m▀[0m                  
                     [38;2;158;192;98m[48;2;158;192;98m▀[0m[38;2;48;48;45m▄[0m                 
                     [38;2;133;152;89m[48;2;32;32;24m▀[0m[38;2;104;115;73m[48;2;123;136;87m▀[0m                 
                  [38;2;252;244;190m▄[0m[38;2;250;238;169m▄[0m  [38;2;123;136;86m[48;2;122;135;86m▀[0m [38;2;119;116;74m▄[0m[38;2;249;235;156m[48;2;249;235;156m▀[0m[38;2;56;54;38m▄[0m             
                  [38;2;252;243;188m[48;2;252;242;186m▀[0m[38;2;249;235;159m[48;2;248;232;137m▀[0m[38;2;246;227;120m[48;2;246;227;120m▀[0m[38;2;241;231;126m▄[0m[38;2;119;132;86m[48;2;113;127;84m▀[0m [38;2;248;232;141m[48;2;246;227;120m▀[0m[38;2;247;230;133m[48;2;0;0;0m▀[0m[38;2;241;227;121m[48;2;148;141;81m▀[0m             
                  [38;2;250;238;145m▀[0m[38;2;246;227;120m[48;2;246;227;120m▀[0m[38;2;40;40;39m[48;2;246;227;119m▀[0m[38;2;246;227;120m[48;2;245;226;119m▀[0m[38;2;114;126;85m[48;2;36;34;20m▀[0m[38;2;38;39;35m▄[0m[38;2;246;226;119m[48;2;244;223;118m▀[0m[38;2;195;185;101m[48;2;244;223;118m▀[0m              
                 [38;2;237;170;153m▄[0m[38;2;229;143;128m▄[0m[38;2;219;102;78m▄[0m[38;2;244;226;120m[48;2;218;89;67m▀[0m[38;2;244;224;118m[48;2;68;46;35m▀[0m[38;2;244;224;118m[48;2;243;223;118m▀[0m[38;2;69;75;51m[48;2;123;171;98m▀[0m[38;2;243;223;118m[48;2;41;32;21m▀[0m[38;2;168;34;36m▄[0m[38;2;172;34;36m▄[0m[38;2;183;34;35m▄[0m            
               [38;2;236;169;151m▄[0m[38;2;232;164;146m[48;2;216;66;49m▀[0m[38;2;218;86;64m[48;2;219;90;68m▀[0m[38;2;215;66;49m[48;2;221;118;97m▀[0m[38;2;212;56;48m[48;2;219;101;79m▀[0m[38;2;211;55;47m[48;2;216;76;55m▀[0m[38;2;210;53;46m[48;2;215;68;51m▀[0m[38;2;94;36;28m[48;2;213;58;47m▀[0m[38;2;88;64;42m[48;2;214;62;47m▀[0m[38;2;219;56;46m[48;2;214;62;47m▀[0m[38;2;213;60;46m[48;2;213;61;46m▀[0m[38;2;213;60;46m[48;2;213;60;46m▀[0m[38;2;203;51;40m[48;2;213;60;46m▀[0m[38;2;180;33;35m[48;2;207;54;42m▀[0m[38;2;177;32;34m▄[0m          
          [38;2;18;22;18m▄[0m  [38;2;74;113;62m▄[0m [38;2;230;159;142m[48;2;228;146;131m▀[0m[38;2;216;65;48m[48;2;213;60;46m▀[0m[38;2;214;62;47m[48;2;215;61;49m▀[0m[38;2;221;119;98m[48;2;215;61;48m▀[0m[38;2;249;200;191m[48;2;215;61;49m▀[0m[38;2;230;147;130m[48;2;214;61;47m▀[0m[38;2;219;98;75m[48;2;215;68;50m▀[0m[38;2;218;88;66m[48;2;215;64;49m▀[0m[38;2;217;77;57m[48;2;213;60;46m▀[0m[38;2;215;67;50m[48;2;213;59;45m▀[0m[38;2;214;62;47m[48;2;213;60;46m▀[0m[38;2;213;60;46m[48;2;213;60;46m▀[0m[38;2;213;60;46m[48;2;213;60;46m▀[0m[38;2;213;60;46m[48;2;213;60;46m▀[0m[38;2;186;37;36m[48;2;184;35;35m▀[0m          
          [38;2;43;64;51m▀[0m[38;2;45;68;51m[48;2;43;64;51m▀[0m [38;2;73;114;61m[48;2;73;115;61m▀[0m [38;2;121;42;35m[48;2;76;47;45m▀[0m[38;2;221;62;47m[48;2;178;33;35m▀[0m[38;2;191;51;40m[48;2;183;32;34m▀[0m[38;2;178;33;35m[48;2;178;33;35m▀[0m[38;2;215;61;49m[48;2;215;61;49m▀[0m[38;2;214;60;48m[48;2;213;60;47m▀[0m[38;2;187;35;36m[48;2;183;32;34m▀[0m[38;2;214;60;48m[48;2;182;33;34m▀[0m[38;2;213;59;45m[48;2;178;33;35m▀[0m[38;2;178;33;35m[48;2;178;33;35m▀[0m[38;2;213;60;46m[48;2;178;33;35m▀[0m[38;2;213;60;46m[48;2;178;33;35m▀[0m[38;2;28;7;6m[48;2;141;35;28m▀[0m[38;2;213;60;46m[48;2;211;57;43m▀[0m[38;2;51;10;10m[48;2;78;75;75m▀[0m          
           [38;2;55;55;54m[48;2;125;149;91m▀[0m[38;2;47;73;54m[48;2;114;138;84m▀[0m[38;2;68;106;59m▀[0m  [38;2;186;37;36m[48;2;199;48;39m▀[0m[38;2;182;32;34m[48;2;178;33;35m▀[0m[38;2;175;32;33m[48;2;147;36;30m▀[0m[38;2;218;85;64m[48;2;214;60;48m▀[0m[38;2;215;60;48m[48;2;213;60;46m▀[0m[38;2;182;32;34m[48;2;216;60;46m▀[0m[38;2;180;33;35m[48;2;178;32;34m▀[0m[38;2;178;33;35m[48;2;178;33;35m▀[0m[38;2;178;33;35m[48;2;178;33;35m▀[0m[38;2;178;33;35m[48;2;178;33;35m▀[0m[38;2;178;33;35m[48;2;211;57;43m▀[0m[38;2;212;57;43m[48;2;41;10;8m▀[0m[38;2;217;78;57m[48;2;206;52;39m▀[0m[38;2;198;47;40m▀[0m          
          [38;2;185;161;130m▀[0m[38;2;184;160;129m▀[0m[38;2;66;60;43m[48;2;180;150;121m▀[0m[38;2;103;130;79m[48;2;179;150;121m▀[0m[38;2;102;129;79m[48;2;90;104;66m▀[0m[38;2;108;130;81m[48;2;113;95;76m▀[0m[38;2;220;61;47m[48;2;178;148;120m▀[0m[38;2;213;60;46m[48;2;208;55;43m▀[0m[38;2;213;60;46m[48;2;176;37;37m▀[0m[38;2;221;61;47m[48;2;175;32;34m▀[0m[38;2;223;62;47m[48;2;178;33;35m▀[0m[38;2;212;59;45m[48;2;213;59;45m▀[0m[38;2;212;59;45m[48;2;212;59;45m▀[0m[38;2;211;57;44m[48;2;212;59;45m▀[0m[38;2;204;52;42m[48;2;209;56;42m▀[0m[38;2;209;55;41m[48;2;208;55;41m▀[0m[38;2;208;55;41m[48;2;163;36;38m▀[0m[38;2;207;53;39m[48;2;160;36;38m▀[0m[38;2;40;29;28m▀[0m           
             [38;2;26;26;25m▀[0m[38;2;177;147;119m▀[0m[38;2;177;147;119m[48;2;215;59;45m▀[0m[38;2;178;150;121m[48;2;212;59;45m▀[0m[38;2;64;15;12m[48;2;213;60;46m▀[0m[38;2;170;35;36m[48;2;202;50;41m▀[0m[38;2;167;35;37m[48;2;176;38;37m▀[0m[38;2;168;34;36m[48;2;166;36;38m▀[0m[38;2;173;34;35m[48;2;163;36;38m▀[0m[38;2;173;34;36m[48;2;163;36;38m▀[0m[38;2;164;35;37m[48;2;163;36;38m▀[0m[38;2;163;36;38m[48;2;160;36;38m▀[0m[38;2;162;36;38m[48;2;160;36;39m▀[0m[38;2;160;36;39m[48;2;205;52;39m▀[0m[38;2;163;36;38m▄[0m[38;2;60;59;58m▄[0m           
              [38;2;74;73;72m▀[0m[38;2;193;43;38m[48;2;70;17;16m▀[0m[38;2;213;60;46m[48;2;178;33;35m▀[0m[38;2;213;60;46m[48;2;184;35;35m▀[0m[38;2;214;63;47m[48;2;212;59;44m▀[0m[38;2;212;59;44m[48;2;215;67;49m▀[0m[38;2;212;57;43m[48;2;246;187;171m▀[0m[38;2;40;8;7m[48;2;222;117;95m▀[0m[38;2;24;5;4m[48;2;219;108;83m▀[0m[38;2;149;39;31m[48;2;215;71;52m▀[0m[38;2;208;55;41m[48;2;213;60;46m▀[0m[38;2;209;56;42m[48;2;212;58;44m▀[0m[38;2;210;56;42m[48;2;183;36;35m▀[0m[38;2;209;56;42m[48;2;174;34;35m▀[0m[38;2;164;36;38m[48;2;171;34;36m▀[0m           
                   [38;2;115;22;22m▀[0m[38;2;200;48;40m▀[0m[38;2;212;58;44m▀[0m[38;2;213;59;45m▀[0m[38;2;182;36;36m▀[0m[38;2;118;23;23m▀[0m               
