                                        
                                        
                  [38;2;249;248;160m[48;2;15;15;13m▀[0m                     
                   [38;2;247;246;157m[48;2;225;220;140m▀[0m                    
                   [38;2;222;219;139m[48;2;237;242;146m▀[0m                    
                    [38;2;148;167;90m[48;2;160;194;99m▀[0m                   
                    [38;2;159;193;99m[48;2;159;194;99m▀[0m                   
                    [38;2;155;185;97m[48;2;128;139;88m▀[0m                   
                 [38;2;74;71;54m▄[0m[38;2;207;204;159m▄[0m [38;2;80;88;55m[48;2;11;9;9m▀[0m[38;2;18;19;14m[48;2;134;148;94m▀[0m [38;2;248;235;157m▄[0m[38;2;135;128;77m▄[0m               
                 [38;2;251;242;187m[48;2;252;242;187m▀[0m[38;2;250;240;175m[48;2;248;235;159m▀[0m[38;2;245;226;121m[48;2;245;226;122m▀[0m[38;2;17;16;8m▄[0m[38;2;121;134;86m[48;2;114;127;86m▀[0m[38;2;1;1;1m▄[0m[38;2;247;233;151m[48;2;200;193;107m▀[0m[38;2;245;226;122m[48;2;250;236;126m▀[0m               
                  [38;2;245;226;121m▀[0m[38;2;0;0;0m[48;2;245;226;121m▀[0m[38;2;245;226;121m[48;2;245;226;121m▀[0m[38;2;115;127;86m[48;2;119;132;91m▀[0m[38;2;190;180;96m[48;2;242;231;124m▀[0m[38;2;95;88;46m[48;2;244;224;119m▀[0m[38;2;4;4;4m▀[0m               
                [38;2;255;237;140m▄[0m[38;2;248;209;21m▄[0m[38;2;241;237;144m[48;2;229;172;1m▀[0m[38;2;255;247;146m[48;2;229;170;0m▀[0m[38;2;244;224;120m[48;2;72;114;74m▀[0m[38;2;115;108;57m[48;2;126;179;101m▀[0m[38;2;228;220;117m[48;2;125;179;101m▀[0m[38;2;218;149;0m[48;2;167;124;0m▀[0m[38;2;120;81;1m[48;2;228;172;1m▀[0m[38;2;216;153;1m▄[0m[38;2;104;71;2m▄[0m             
               [38;2;255;237;140m[48;2;255;240;149m▀[0m[38;2;239;193;9m[48;2;231;177;3m▀[0m[38;2;255;226;73m[48;2;245;200;9m▀[0m[38;2;244;199;13m[48;2;255;237;141m▀[0m[38;2;232;180;4m[48;2;255;238;142m▀[0m[38;2;230;176;3m[48;2;254;216;22m▀[0m[38;2;227;169;1m[48;2;243;200;12m▀[0m[38;2;229;173;2m[48;2;234;184;5m▀[0m[38;2;228;171;1m[48;2;230;174;2m▀[0m[38;2;228;172;2m[48;2;228;172;1m▀[0m[38;2;228;172;1m[48;2;228;172;2m▀[0m[38;2;220;158;1m[48;2;228;172;1m▀[0m[38;2;210;144;1m▄[0m            
          [38;2;39;28;24m▀[0m[38;2;155;84;58m▄[0m [38;2;182;93;60m[48;2;176;90;58m▀[0m [38;2;255;230;91m[48;2;226;169;1m▀[0m[38;2;229;172;2m[48;2;232;159;1m▀[0m[38;2;229;174;2m[48;2;211;146;1m▀[0m[38;2;229;173;2m[48;2;237;188;7m▀[0m[38;2;230;174;2m[48;2;228;171;2m▀[0m[38;2;229;172;2m[48;2;208;142;1m▀[0m[38;2;229;172;1m[48;2;228;172;1m▀[0m[38;2;228;172;1m[48;2;209;143;1m▀[0m[38;2;228;172;2m[48;2;235;165;1m▀[0m[38;2;229;172;1m[48;2;228;172;1m▀[0m[38;2;233;177;1m[48;2;40;28;1m▀[0m[38;2;228;172;2m[48;2;228;172;1m▀[0m[38;2;211;145;1m▀[0m            
            [38;2;155;84;58m▀[0m[38;2;174;89;58m[48;2;175;90;59m▀[0m [38;2;241;185;2m[48;2;3;3;3m▀[0m[38;2;210;144;1m[48;2;210;144;1m▀[0m[38;2;211;146;1m[48;2;211;145;1m▀[0m[38;2;231;177;3m[48;2;230;176;2m▀[0m[38;2;228;172;1m[48;2;228;171;1m▀[0m[38;2;210;144;1m[48;2;229;172;1m▀[0m[38;2;210;144;1m[48;2;210;144;1m▀[0m[38;2;210;144;1m[48;2;210;144;1m▀[0m[38;2;210;144;1m[48;2;210;144;1m▀[0m[38;2;210;144;1m[48;2;209;141;1m▀[0m[38;2;227;170;2m[48;2;215;160;1m▀[0m[38;2;228;172;1m[48;2;225;165;1m▀[0m             
          [38;2;121;104;84m▀[0m[38;2;185;161;130m▀[0m[38;2;55;53;38m[48;2;163;138;111m▀[0m[38;2;105;131;81m[48;2;179;151;122m▀[0m[38;2;104;131;81m[48;2;55;62;40m▀[0m[38;2;113;133;83m[48;2;180;151;120m▀[0m[38;2;229;172;2m[48;2;139;107;1m▀[0m[38;2;228;171;1m[48;2;217;154;1m▀[0m[38;2;247;202;2m[48;2;210;144;1m▀[0m[38;2;227;170;1m[48;2;210;144;1m▀[0m[38;2;227;170;1m[48;2;231;175;1m▀[0m[38;2;227;170;1m[48;2;228;171;1m▀[0m[38;2;208;141;1m[48;2;227;170;1m▀[0m[38;2;228;171;1m[48;2;226;166;1m▀[0m[38;2;225;166;1m[48;2;210;143;1m▀[0m[38;2;226;166;1m[48;2;211;145;1m▀[0m              
              [38;2;184;154;124m▀[0m[38;2;188;158;126m[48;2;216;153;1m▀[0m[38;2;238;180;1m[48;2;228;172;2m▀[0m[38;2;221;161;1m[48;2;228;172;2m▀[0m[38;2;210;143;1m[48;2;217;150;1m▀[0m[38;2;210;143;1m[48;2;210;143;1m▀[0m[38;2;210;144;1m[48;2;210;143;1m▀[0m[38;2;210;143;1m[48;2;210;143;1m▀[0m[38;2;210;143;1m[48;2;211;144;1m▀[0m[38;2;211;144;1m[48;2;209;142;1m▀[0m[38;2;212;146;1m[48;2;224;165;1m▀[0m[38;2;216;152;1m▄[0m[38;2;175;120;1m▄[0m             
               [38;2;213;148;1m▀[0m[38;2;228;172;1m▀[0m[38;2;229;173;2m▀[0m[38;2;234;185;6m[48;2;220;151;1m▀[0m[38;2;228;171;0m[48;2;228;172;1m▀[0m[38;2;227;169;0m[48;2;226;167;0m▀[0m[38;2;227;170;0m[48;2;228;172;2m▀[0m[38;2;233;180;4m[48;2;210;145;1m▀[0m[38;2;230;176;2m[48;2;233;160;0m▀[0m[38;2;227;170;1m[48;2;57;38;0m▀[0m[38;2;215;151;1m▀[0m[38;2;210;143;1m▀[0m             
                                        
                                        
