          [38;2;215;211;185m▄[0m[38;2;215;210;185m▄[0m                            
       [38;2;47;45;43m[48;2;80;76;53m▀[0m[38;2;136;126;116m[48;2;187;184;161m▀[0m[38;2;167;158;144m[48;2;211;205;155m▀[0m[38;2;200;196;173m[48;2;208;202;143m▀[0m[38;2;103;96;72m[48;2;173;164;119m▀[0m[38;2;167;158;116m[48;2;156;146;109m▀[0m                           
       [38;2;185;179;126m▀[0m[38;2;212;206;157m[48;2;201;195;138m▀[0m[38;2;214;208;162m[48;2;234;230;209m▀[0m[38;2;205;199;140m[48;2;205;199;140m▀[0m[38;2;191;183;130m[48;2;205;200;140m▀[0m[38;2;155;145;108m[48;2;155;146;109m▀[0m[38;2;8;7;6m[48;2;159;149;111m▀[0m                          
        [38;2;204;198;138m[48;2;0;0;0m▀[0m[38;2;214;208;166m[48;2;206;200;141m▀[0m[38;2;199;191;134m[48;2;214;209;159m▀[0m[38;2;205;199;140m[48;2;209;203;144m▀[0m[38;2;179;171;123m[48;2;205;199;140m▀[0m[38;2;156;146;109m[48;2;159;149;111m▀[0m[38;2;153;144;107m▄[0m                         
         [38;2;206;200;141m[48;2;168;163;115m▀[0m[38;2;217;212;165m[48;2;216;210;151m▀[0m[38;2;209;203;144m[48;2;206;201;142m▀[0m[38;2;208;202;143m[48;2;115;112;78m▀[0m[38;2;162;152;113m[48;2;185;177;127m▀[0m[38;2;78;72;55m[48;2;155;145;108m▀[0m                         
         [38;2;195;189;133m▀[0m[38;2;204;198;139m[48;2;68;63;55m▀[0m[38;2;206;200;142m[48;2;149;143;101m▀[0m[38;2;204;199;140m[48;2;212;206;146m▀[0m[38;2;206;201;141m[48;2;38;38;38m▀[0m[38;2;157;148;110m[48;2;25;23;17m▀[0m[38;2;29;31;33m[48;2;178;170;123m▀[0m[38;2;117;110;83m▄[0m[38;2;3;2;2m▄[0m                      
         [38;2;8;7;4m▄[0m[38;2;13;11;13m[48;2;71;65;47m▀[0m[38;2;53;52;42m[48;2;200;193;136m▀[0m[38;2;207;201;142m[48;2;205;198;139m▀[0m[38;2;71;68;48m[48;2;88;142;94m▀[0m[38;2;80;129;87m[48;2;207;201;141m▀[0m[38;2;52;48;34m[48;2;86;139;92m▀[0m[38;2;5;4;3m[48;2;82;133;90m▀[0m[38;2;70;67;48m[48;2;210;204;144m▀[0m[38;2;162;153;114m[48;2;210;204;144m▀[0m[38;2;59;94;63m▄[0m[38;2;7;3;3m▄[0m                   
        [38;2;53;50;36m▀[0m[38;2;79;75;55m▄[0m[38;2;195;189;137m[48;2;227;216;122m▀[0m[38;2;212;206;146m[48;2;116;172;114m▀[0m[38;2;74;122;81m[48;2;123;174;120m▀[0m[38;2;102;163;103m[48;2;108;167;107m▀[0m[38;2;100;159;101m[48;2;101;159;101m▀[0m[38;2;206;200;141m[48;2;103;163;103m▀[0m[38;2;104;165;104m[48;2;225;220;178m▀[0m[38;2;81;129;88m[48;2;105;166;105m▀[0m[38;2;228;223;187m[48;2;80;129;88m▀[0m[38;2;227;222;183m[48;2;212;206;150m▀[0m[38;2;80;129;88m[48;2;204;198;141m▀[0m[38;2;129;122;90m[48;2;83;134;91m▀[0m[38;2;167;162;126m▄[0m[38;2;47;36;21m▄[0m[38;2;55;40;23m▄[0m[38;2;100;70;39m▄[0m[38;2;114;81;46m▄[0m[38;2;125;91;51m▄[0m[38;2;125;91;51m▄[0m[38;2;114;82;47m▄[0m[38;2;44;54;40m▄[0m[38;2;3;2;1m▄[0m        
        [38;2;170;161;118m▄[0m [38;2;20;28;20m[48;2;31;32;21m▀[0m[38;2;61;55;39m[48;2;125;178;121m▀[0m[38;2;146;187;141m[48;2;120;172;117m▀[0m[38;2;97;91;63m[48;2;80;76;48m▀[0m[38;2;46;48;30m[48;2;53;85;54m▀[0m[38;2;104;165;104m[48;2;104;164;104m▀[0m[38;2;81;131;89m[48;2;103;161;103m▀[0m[38;2;26;41;26m[48;2;208;202;142m▀[0m[38;2;102;162;103m[48;2;107;167;106m▀[0m[38;2;81;128;88m[48;2;101;151;101m▀[0m[38;2;197;191;135m[48;2;37;58;40m▀[0m[38;2;201;194;138m[48;2;64;102;70m▀[0m[38;2;70;52;37m[48;2;33;50;35m▀[0m[38;2;29;42;29m[48;2;2;1;1m▀[0m[38;2;55;44;38m[48;2;38;37;42m▀[0m[38;2;55;44;37m[48;2;38;37;42m▀[0m[38;2;54;44;38m[48;2;38;37;42m▀[0m[38;2;54;44;37m[48;2;38;36;41m▀[0m[38;2;55;44;37m[48;2;14;14;14m▀[0m[38;2;24;18;15m[48;2;12;8;11m▀[0m[38;2;71;50;35m[48;2;16;11;8m▀[0m[38;2;132;99;55m[48;2;136;108;57m▀[0m[38;2;62;42;23m▄[0m       
        [38;2;158;149;109m[48;2;166;156;115m▀[0m[38;2;9;6;4m▄[0m[38;2;102;162;102m[48;2;87;135;85m▀[0m[38;2;66;110;70m[48;2;103;163;103m▀[0m[38;2;94;149;95m[48;2;104;166;105m▀[0m[38;2;38;59;38m[48;2;106;168;106m▀[0m[38;2;105;166;105m[48;2;106;168;105m▀[0m[38;2;107;167;105m[48;2;106;168;106m▀[0m[38;2;106;166;105m[48;2;106;168;106m▀[0m[38;2;82;121;79m[48;2;107;168;106m▀[0m[38;2;115;172;111m[48;2;108;168;106m▀[0m[38;2;118;173;114m[48;2;105;164;104m▀[0m[38;2;80;129;88m[48;2;82;131;89m▀[0m[38;2;160;151;112m[48;2;13;21;14m▀[0m[38;2;166;157;116m[48;2;20;31;21m▀[0m[38;2;19;17;19m[48;2;81;130;88m▀[0m[38;2;38;37;42m[48;2;82;131;89m▀[0m[38;2;38;37;42m[48;2;81;132;89m▀[0m[38;2;83;134;90m[48;2;33;53;35m▀[0m[38;2;84;134;90m[48;2;175;164;156m▀[0m[38;2;85;135;90m[48;2;223;217;207m▀[0m[38;2;176;164;156m[48;2;216;209;195m▀[0m[38;2;197;185;164m[48;2;208;199;187m▀[0m[38;2;89;61;35m[48;2;68;52;40m▀[0m[38;2;16;11;9m[48;2;4;0;0m▀[0m       
       [38;2;106;75;43m▄[0m[38;2;76;54;36m[48;2;32;22;15m▀[0m[38;2;75;53;35m[48;2;59;47;38m▀[0m[38;2;70;53;40m[48;2;105;166;105m▀[0m[38;2;105;166;105m[48;2;106;168;106m▀[0m[38;2;106;168;106m[48;2;106;167;105m▀[0m[38;2;106;168;106m[48;2;106;167;106m▀[0m[38;2;106;168;106m[48;2;104;166;104m▀[0m[38;2;106;168;106m[48;2;103;164;104m▀[0m[38;2;106;168;106m[48;2;93;149;97m▀[0m[38;2;105;167;105m[48;2;81;132;89m▀[0m[38;2;100;158;101m[48;2;82;131;89m▀[0m[38;2;80;129;87m[48;2;57;91;62m▀[0m[38;2;79;127;87m[48;2;170;160;151m▀[0m[38;2;79;128;87m[48;2;218;211;200m▀[0m[38;2;81;130;88m[48;2;222;216;206m▀[0m[38;2;14;23;16m[48;2;219;213;200m▀[0m[38;2;185;174;168m[48;2;220;215;201m▀[0m[38;2;218;212;198m[48;2;220;214;201m▀[0m[38;2;217;211;198m[48;2;204;197;185m▀[0m[38;2;217;210;197m[48;2;202;194;183m▀[0m[38;2;207;199;186m[48;2;154;146;138m▀[0m[38;2;202;194;182m[48;2;44;41;45m▀[0m[38;2;207;198;186m[48;2;186;179;168m▀[0m[38;2;46;43;46m[48;2;44;41;44m▀[0m[38;2;1;0;0m[48;2;17;15;17m▀[0m       
       [38;2;96;66;37m▀[0m[38;2;128;96;54m[48;2;90;62;35m▀[0m[38;2;139;184;135m[48;2;18;26;17m▀[0m[38;2;43;68;48m[48;2;95;68;44m▀[0m[38;2;20;19;13m[48;2;74;55;38m▀[0m[38;2;16;21;15m[48;2;105;75;43m▀[0m[38;2;33;24;16m[48;2;88;61;35m▀[0m[38;2;71;112;73m[48;2;113;151;109m▀[0m[38;2;81;57;33m[48;2;72;52;35m▀[0m[38;2;125;96;52m[48;2;82;57;36m▀[0m[38;2;127;95;53m[48;2;69;54;43m▀[0m[38;2;226;220;211m[48;2;204;196;184m▀[0m[38;2;220;213;203m[48;2;204;196;184m▀[0m[38;2;215;209;196m[48;2;205;197;186m▀[0m[38;2;218;212;199m[48;2;206;198;186m▀[0m[38;2;207;200;188m[48;2;203;195;183m▀[0m[38;2;206;199;188m[48;2;205;198;186m▀[0m[38;2;206;199;189m[48;2;206;198;187m▀[0m[38;2;204;195;183m[48;2;206;198;186m▀[0m[38;2;205;197;185m[48;2;205;197;186m▀[0m[38;2;203;195;183m[48;2;209;200;189m▀[0m[38;2;99;93;91m[48;2;204;196;184m▀[0m[38;2;206;198;186m[48;2;44;39;43m▀[0m[38;2;218;211;197m[48;2;206;200;187m▀[0m[38;2;44;63;45m[48;2;80;129;88m▀[0m[38;2;25;21;19m[48;2;155;139;121m▀[0m       
        [38;2;51;40;33m▀[0m[38;2;76;120;82m[48;2;113;168;115m▀[0m[38;2;47;43;47m[48;2;62;92;62m▀[0m[38;2;50;46;50m[48;2;85;134;85m▀[0m[38;2;47;44;48m[48;2;104;164;103m▀[0m[38;2;104;165;104m[48;2;47;43;47m▀[0m[38;2;45;42;46m[48;2;47;43;47m▀[0m[38;2;46;43;47m[48;2;46;42;46m▀[0m[38;2;52;44;43m[48;2;48;44;48m▀[0m[38;2;190;181;171m[48;2;206;198;187m▀[0m[38;2;205;197;186m[48;2;207;199;187m▀[0m[38;2;148;140;135m[48;2;98;87;89m▀[0m[38;2;61;53;58m[48;2;206;198;187m▀[0m[38;2;59;51;57m[48;2;207;199;188m▀[0m[38;2;45;42;46m[48;2;206;197;186m▀[0m[38;2;206;198;187m[48;2;40;37;41m▀[0m[38;2;206;198;187m[48;2;205;197;186m▀[0m[38;2;206;198;187m[48;2;205;197;186m▀[0m[38;2;206;198;186m[48;2;207;200;188m▀[0m[38;2;74;69;70m[48;2;39;35;39m▀[0m[38;2;218;211;197m[48;2;218;212;198m▀[0m[38;2;207;199;188m[48;2;216;209;195m▀[0m[38;2;46;42;45m[48;2;219;212;198m▀[0m[38;2;86;129;89m[48;2;117;132;99m▀[0m[38;2;153;137;118m[48;2;65;57;49m▀[0m       
        [38;2;16;20;13m▀[0m[38;2;113;162;113m▀[0m[38;2;60;54;60m[48;2;73;65;73m▀[0m[38;2;2;1;2m[48;2;49;45;48m▀[0m[38;2;81;126;81m[48;2;50;45;49m▀[0m[38;2;46;43;47m[48;2;47;43;47m▀[0m[38;2;46;43;47m[48;2;47;43;47m▀[0m[38;2;47;43;47m[48;2;47;43;47m▀[0m[38;2;47;44;47m[48;2;47;43;47m▀[0m[38;2;207;199;187m[48;2;207;199;186m▀[0m[38;2;112;105;103m[48;2;40;37;41m▀[0m[38;2;204;196;186m[48;2;206;198;187m▀[0m[38;2;50;46;50m[48;2;212;204;194m▀[0m[38;2;205;197;184m[48;2;209;202;189m▀[0m[38;2;39;36;41m[48;2;212;205;192m▀[0m[38;2;208;199;187m[48;2;216;209;195m▀[0m[38;2;207;199;188m[48;2;86;81;80m▀[0m[38;2;208;200;188m[48;2;220;213;200m▀[0m[38;2;220;213;200m[48;2;219;213;199m▀[0m[38;2;109;103;99m[48;2;220;214;200m▀[0m[38;2;217;210;196m[48;2;217;211;197m▀[0m[38;2;217;210;196m[48;2;55;51;54m▀[0m[38;2;212;205;191m[48;2;163;150;145m▀[0m[38;2;156;134;115m[48;2;161;136;118m▀[0m[38;2;41;35;30m[48;2;160;144;122m▀[0m       
          [38;2;75;66;74m[48;2;83;72;80m▀[0m[38;2;53;48;52m[48;2;71;62;67m▀[0m[38;2;48;44;48m[48;2;52;47;51m▀[0m[38;2;47;43;47m[48;2;46;43;47m▀[0m[38;2;46;43;47m[48;2;47;43;47m▀[0m[38;2;46;43;47m[48;2;47;43;47m▀[0m[38;2;47;43;47m[48;2;47;43;47m▀[0m[38;2;216;210;196m[48;2;216;209;195m▀[0m[38;2;70;65;66m[48;2;215;207;193m▀[0m[38;2;213;206;193m[48;2;210;203;190m▀[0m[38;2;211;204;190m[48;2;46;43;46m▀[0m[38;2;215;208;194m[48;2;214;207;193m▀[0m[38;2;215;208;195m[48;2;216;209;195m▀[0m[38;2;219;212;198m[48;2;219;212;198m▀[0m[38;2;44;41;45m[48;2;44;40;44m▀[0m[38;2;216;209;194m[48;2;218;212;198m▀[0m[38;2;220;214;200m[48;2;219;213;199m▀[0m[38;2;216;209;195m[48;2;220;214;200m▀[0m[38;2;106;100;97m[48;2;204;195;184m▀[0m[38;2;148;138;133m[48;2;37;36;41m▀[0m[38;2;37;36;41m[48;2;97;90;90m▀[0m[38;2;164;139;120m[48;2;39;37;42m▀[0m[38;2;13;10;9m▀[0m       
           [38;2;89;76;83m[48;2;91;77;84m▀[0m[38;2;68;59;64m[48;2;86;74;80m▀[0m[38;2;47;43;47m[48;2;49;45;49m▀[0m[38;2;47;43;47m[48;2;46;43;47m▀[0m[38;2;46;43;47m[48;2;46;43;46m▀[0m[38;2;46;43;47m[48;2;46;43;46m▀[0m[38;2;215;207;193m[48;2;214;207;193m▀[0m[38;2;81;75;75m[48;2;214;206;192m▀[0m[38;2;93;89;87m[48;2;205;199;185m▀[0m[38;2;212;204;190m[48;2;219;212;198m▀[0m[38;2;215;208;194m[48;2;146;139;133m▀[0m[38;2;216;209;195m[48;2;65;60;62m▀[0m[38;2;219;213;199m[48;2;220;214;201m▀[0m[38;2;47;43;47m[48;2;215;208;195m▀[0m[38;2;218;211;198m[48;2;221;215;201m▀[0m[38;2;221;215;201m[48;2;198;189;179m▀[0m[38;2;199;191;180m[48;2;167;154;149m▀[0m[38;2;167;155;150m[48;2;39;37;42m▀[0m[38;2;168;155;150m[48;2;33;32;37m▀[0m[38;2;167;155;150m[48;2;169;157;152m▀[0m[38;2;7;6;7m▀[0m        
            [38;2;90;77;83m▀[0m[38;2;71;62;67m[48;2;89;76;83m▀[0m[38;2;47;44;48m[48;2;63;56;61m▀[0m[38;2;46;43;46m[48;2;49;45;49m▀[0m[38;2;47;43;47m[48;2;47;43;47m▀[0m[38;2;219;213;199m[48;2;47;43;47m▀[0m[38;2;220;214;200m[48;2;223;217;203m▀[0m[38;2;151;146;139m[48;2;219;212;199m▀[0m[38;2;222;216;202m[48;2;209;201;187m▀[0m[38;2;50;45;49m[48;2;43;40;44m▀[0m[38;2;218;212;198m[48;2;221;214;199m▀[0m[38;2;46;42;45m[48;2;197;188;178m▀[0m[38;2;46;42;46m[48;2;168;156;151m▀[0m[38;2;37;36;40m[48;2;167;155;150m▀[0m[38;2;69;65;67m[48;2;172;160;154m▀[0m[38;2;70;65;67m[48;2;173;161;155m▀[0m[38;2;169;158;152m[48;2;10;9;8m▀[0m[38;2;175;163;157m▀[0m          
              [38;2;88;75;82m▀[0m[38;2;61;54;60m▀[0m[38;2;46;43;47m[48;2;51;48;52m▀[0m[38;2;212;205;191m[48;2;174;162;155m▀[0m[38;2;215;207;194m[48;2;164;152;146m▀[0m[38;2;216;209;195m[48;2;163;150;145m▀[0m[38;2;214;207;194m[48;2;34;34;39m▀[0m[38;2;173;162;154m[48;2;162;150;144m▀[0m[38;2;167;155;149m[48;2;55;52;55m▀[0m[38;2;165;152;147m[48;2;100;90;78m▀[0m[38;2;162;150;144m[48;2;150;134;116m▀[0m[38;2;165;153;147m[48;2;154;139;119m▀[0m[38;2;9;7;6m[48;2;151;136;116m▀[0m[38;2;160;144;122m[48;2;61;97;67m▀[0m            
                   [38;2;151;136;117m▀[0m[38;2;151;136;117m▀[0m[38;2;151;136;117m▀[0m[38;2;149;134;116m[48;2;81;130;89m▀[0m[38;2;150;134;115m[48;2;81;130;89m▀[0m[38;2;4;4;3m[48;2;82;131;90m▀[0m [38;2;79;127;87m▀[0m[38;2;80;128;87m[48;2;106;168;106m▀[0m[38;2;83;133;90m[48;2;106;168;106m▀[0m[38;2;9;13;8m▄[0m          
                        [38;2;9;14;9m▀[0m   [38;2;106;168;106m▀[0m           
