                [38;2;255;255;255m▄[0m[38;2;255;255;255m▄[0m                      
               [38;2;255;255;255m▄[0m[38;2;116;114;114m[48;2;20;18;18m▀[0m[38;2;38;34;34m[48;2;65;62;62m▀[0m[38;2;54;51;50m[48;2;73;70;69m▀[0m                     
             [38;2;110;108;108m▄[0m[38;2;55;54;54m[48;2;54;53;54m▀[0m[38;2;52;52;52m[48;2;51;51;51m▀[0m[38;2;73;70;69m[48;2;61;59;59m▀[0m[38;2;55;54;55m[48;2;52;52;52m▀[0m[38;2;50;50;51m[48;2;51;51;51m▀[0m[38;2;50;50;51m▄[0m[38;2;161;159;159m▄[0m[38;2;183;89;146m▄[0m[38;2;255;255;255m▄[0m                 
            [38;2;35;39;42m▄[0m[38;2;7;5;5m[48;2;33;38;41m▀[0m[38;2;42;43;45m[48;2;15;14;17m▀[0m[38;2;50;51;51m[48;2;25;27;30m▀[0m[38;2;50;50;51m[48;2;92;109;145m▀[0m[38;2;43;43;44m[48;2;152;188;227m▀[0m[38;2;22;20;20m[48;2;151;186;225m▀[0m[38;2;52;51;52m[48;2;194;75;150m▀[0m[38;2;203;98;161m[48;2;194;73;149m▀[0m[38;2;203;99;162m[48;2;31;37;40m▀[0m[38;2;202;98;161m[48;2;137;61;123m▀[0m[38;2;149;148;148m[48;2;201;95;160m▀[0m                
           [38;2;14;13;15m[48;2;43;18;38m▀[0m[38;2;36;39;43m[48;2;103;124;165m▀[0m[38;2;105;125;166m[48;2;38;19;36m▀[0m[38;2;93;112;149m[48;2;195;75;150m▀[0m[38;2;105;125;166m[48;2;202;98;161m▀[0m[38;2;151;184;223m[48;2;99;37;75m▀[0m[38;2;201;94;159m[48;2;194;73;149m▀[0m[38;2;203;100;162m[48;2;195;76;151m▀[0m[38;2;196;79;152m[48;2;195;75;150m▀[0m[38;2;194;75;150m[48;2;195;76;150m▀[0m[38;2;34;38;42m[48;2;194;75;150m▀[0m[38;2;193;73;149m[48;2;72;26;53m▀[0m[38;2;194;73;149m[48;2;194;73;149m▀[0m                
          [38;2;135;62;123m[48;2;132;57;121m▀[0m[38;2;136;62;123m[48;2;132;57;120m▀[0m[38;2;132;57;120m[48;2;135;61;122m▀[0m[38;2;132;57;121m[48;2;132;57;120m▀[0m[38;2;194;73;149m[48;2;132;57;120m▀[0m[38;2;194;73;149m[48;2;132;57;120m▀[0m[38;2;114;44;92m[48;2;103;122;163m▀[0m[38;2;189;71;147m[48;2;105;125;165m▀[0m[38;2;178;70;142m[48;2;108;126;167m▀[0m[38;2;12;12;16m[48;2;143;174;213m▀[0m[38;2;53;24;47m[48;2;67;80;96m▀[0m[38;2;195;76;150m[48;2;195;78;151m▀[0m[38;2;194;76;150m[48;2;194;75;150m▀[0m[38;2;195;76;151m[48;2;29;13;25m▀[0m[38;2;195;76;150m[48;2;194;73;149m▀[0m               
          [38;2;251;251;251m▀[0m[38;2;135;62;123m[48;2;30;36;40m▀[0m[38;2;60;68;93m[48;2;49;55;73m▀[0m[38;2;107;126;166m[48;2;107;126;166m▀[0m[38;2;108;127;167m[48;2;108;127;167m▀[0m[38;2;104;125;165m[48;2;23;25;32m▀[0m[38;2;104;125;165m[48;2;108;126;167m▀[0m[38;2;96;115;152m[48;2;51;58;76m▀[0m[38;2;105;125;165m[48;2;30;25;5m▀[0m[38;2;154;189;228m[48;2;165;157;33m▀[0m[38;2;51;51;51m[48;2;56;54;54m▀[0m[38;2;194;73;149m[48;2;54;53;54m▀[0m[38;2;196;79;152m[48;2;55;54;54m▀[0m[38;2;50;50;51m[48;2;52;51;52m▀[0m[38;2;147;178;213m▀[0m[38;2;152;188;227m[48;2;166;192;224m▀[0m[38;2;72;69;68m[48;2;81;91;106m▀[0m[38;2;33;31;31m▄[0m            
           [38;2;9;7;8m▀[0m[38;2;36;40;43m[48;2;36;40;43m▀[0m[38;2;42;38;10m[48;2;36;39;43m▀[0m[38;2;187;178;36m[48;2;64;60;28m▀[0m[38;2;52;53;31m[48;2;15;15;15m▀[0m[38;2;104;125;165m[48;2;108;129;169m▀[0m[38;2;244;234;45m[48;2;25;26;30m▀[0m[38;2;251;241;119m[48;2;23;23;22m▀[0m[38;2;53;52;53m[48;2;154;189;228m▀[0m[38;2;52;52;53m[48;2;43;43;43m▀[0m[38;2;51;51;52m[48;2;50;50;51m▀[0m[38;2;53;52;53m[48;2;50;50;51m▀[0m[38;2;50;50;51m[48;2;50;50;51m▀[0m [38;2;47;54;66m▀[0m[38;2;68;65;65m[48;2;50;50;51m▀[0m[38;2;73;70;69m[48;2;72;69;68m▀[0m[38;2;41;38;38m▄[0m           
            [38;2;34;38;42m[48;2;39;35;35m▀[0m[38;2;35;39;42m[48;2;34;39;42m▀[0m[38;2;35;39;42m[48;2;90;106;141m▀[0m[38;2;106;126;166m[48;2;105;125;165m▀[0m[38;2;153;188;227m[48;2;154;189;228m▀[0m[38;2;156;191;229m[48;2;154;189;228m▀[0m[38;2;175;201;233m[48;2;156;190;228m▀[0m[38;2;164;194;230m[48;2;154;189;228m▀[0m[38;2;155;189;228m[48;2;135;164;198m▀[0m[38;2;55;54;54m[48;2;56;54;55m▀[0m[38;2;55;54;54m[48;2;50;50;51m▀[0m[38;2;50;50;51m[48;2;50;50;51m▀[0m [38;2;255;255;255m[48;2;244;244;244m▀[0m[38;2;49;49;50m[48;2;42;44;46m▀[0m[38;2;53;53;53m[48;2;49;49;50m▀[0m[38;2;73;70;69m[48;2;57;55;55m▀[0m[38;2;255;255;255m▄[0m          
             [38;2;33;38;41m[48;2;33;38;41m▀[0m[38;2;66;78;103m[48;2;35;39;42m▀[0m[38;2;109;129;169m[48;2;107;127;167m▀[0m[38;2;153;188;227m[48;2;121;146;185m▀[0m[38;2;19;19;24m[48;2;141;172;211m▀[0m[38;2;129;159;191m[48;2;123;148;187m▀[0m[38;2;113;138;167m[48;2;50;50;51m▀[0m[38;2;49;49;50m[48;2;50;50;51m▀[0m[38;2;50;50;51m[48;2;50;50;51m▀[0m[38;2;50;50;51m[48;2;50;50;51m▀[0m[38;2;50;50;51m[48;2;50;50;51m▀[0m[38;2;25;31;33m▄[0m[38;2;208;208;208m[48;2;29;35;39m▀[0m[38;2;30;36;40m[48;2;31;37;40m▀[0m[38;2;46;47;49m[48;2;39;41;44m▀[0m[38;2;50;51;51m[48;2;51;51;51m▀[0m[38;2;9;6;6m[48;2;50;50;51m▀[0m          
             [38;2;197;196;195m[48;2;211;210;210m▀[0m[38;2;34;38;42m[48;2;37;40;43m▀[0m[38;2;35;39;42m[48;2;36;40;43m▀[0m[38;2;30;36;40m[48;2;107;126;166m▀[0m[38;2;30;36;40m[48;2;9;8;10m▀[0m[38;2;55;54;54m[48;2;35;33;34m▀[0m[38;2;50;50;51m[48;2;152;188;227m▀[0m[38;2;92;112;135m[48;2;50;50;51m▀[0m[38;2;50;50;51m[48;2;50;50;51m▀[0m[38;2;50;50;51m[48;2;50;50;51m▀[0m[38;2;30;36;40m[48;2;33;38;41m▀[0m[38;2;30;36;40m[48;2;31;37;40m▀[0m[38;2;31;36;40m[48;2;31;37;40m▀[0m[38;2;30;36;40m[48;2;33;38;41m▀[0m[38;2;32;37;41m[48;2;35;39;42m▀[0m[38;2;48;49;50m[48;2;34;39;42m▀[0m[38;2;54;53;53m[48;2;50;50;51m▀[0m          
             [38;2;37;40;43m[48;2;35;39;42m▀[0m[38;2;35;39;43m[48;2;36;40;43m▀[0m[38;2;9;7;8m[48;2;9;8;8m▀[0m[38;2;8;7;8m[48;2;35;39;42m▀[0m[38;2;129;156;195m[48;2;116;140;171m▀[0m[38;2;154;189;228m[48;2;22;21;22m▀[0m[38;2;152;188;227m[48;2;152;187;225m▀[0m[38;2;50;50;51m[48;2;52;51;52m▀[0m[38;2;54;53;53m[48;2;52;52;52m▀[0m[38;2;52;52;52m[48;2;50;50;51m▀[0m[38;2;51;51;52m[48;2;50;50;51m▀[0m[38;2;10;8;8m▀[0m[38;2;30;36;40m[48;2;255;255;255m▀[0m[38;2;31;37;40m[48;2;31;37;40m▀[0m[38;2;31;37;40m[48;2;30;36;40m▀[0m[38;2;30;36;40m[48;2;30;36;40m▀[0m[38;2;44;45;47m[48;2;29;35;39m▀[0m          
            [38;2;255;255;255m[48;2;131;129;128m▀[0m[38;2;33;38;41m[48;2;38;40;44m▀[0m[38;2;35;39;42m[48;2;56;54;54m▀[0m[38;2;56;54;54m[48;2;53;52;53m▀[0m[38;2;63;61;60m[48;2;52;51;52m▀[0m[38;2;75;72;71m[48;2;51;51;51m▀[0m[38;2;79;74;73m[48;2;73;87;104m▀[0m[38;2;172;200;232m[48;2;153;188;227m▀[0m[38;2;50;50;51m[48;2;51;51;51m▀[0m[38;2;51;51;51m[48;2;52;51;52m▀[0m[38;2;53;52;53m[48;2;52;51;52m▀[0m[38;2;52;52;52m[48;2;51;51;51m▀[0m   [38;2;179;178;178m▀[0m[38;2;30;36;40m▀[0m[38;2;223;223;223m▀[0m          
            [38;2;13;13;14m[48;2;38;38;40m▀[0m[38;2;46;47;48m[48;2;54;53;53m▀[0m[38;2;56;55;55m[48;2;55;54;54m▀[0m[38;2;55;54;54m[48;2;55;54;54m▀[0m[38;2;52;51;52m[48;2;54;53;53m▀[0m[38;2;50;49;50m[48;2;32;37;41m▀[0m[38;2;68;80;105m[48;2;103;124;165m▀[0m[38;2;41;43;45m[48;2;49;49;50m▀[0m[38;2;54;53;53m[48;2;51;51;52m▀[0m[38;2;54;53;53m[48;2;52;51;52m▀[0m[38;2;51;51;52m[48;2;51;51;51m▀[0m[38;2;50;50;51m[48;2;27;26;26m▀[0m                
            [38;2;31;32;33m[48;2;17;14;14m▀[0m[38;2;55;54;54m[48;2;52;52;53m▀[0m[38;2;56;55;55m[48;2;16;13;13m▀[0m[38;2;54;53;54m[48;2;30;32;34m▀[0m[38;2;36;40;43m[48;2;37;40;43m▀[0m[38;2;36;40;43m[48;2;36;39;43m▀[0m[38;2;82;98;126m[48;2;52;52;52m▀[0m[38;2;50;50;51m[48;2;50;50;51m▀[0m[38;2;50;50;51m[48;2;50;50;51m▀[0m[38;2;50;50;51m[48;2;50;50;51m▀[0m[38;2;50;50;51m[48;2;50;50;51m▀[0m[38;2;42;39;39m[48;2;245;245;244m▀[0m                
               [38;2;14;14;15m[48;2;42;44;46m▀[0m[38;2;41;43;45m[48;2;54;53;53m▀[0m[38;2;53;52;53m[48;2;51;51;52m▀[0m[38;2;52;51;52m[48;2;52;52;52m▀[0m[38;2;50;50;51m[48;2;54;53;54m▀[0m[38;2;53;53;53m[48;2;63;60;60m▀[0m[38;2;53;52;53m[48;2;65;62;62m▀[0m[38;2;70;66;65m[48;2;72;67;67m▀[0m[38;2;255;255;255m▀[0m                
             [38;2;255;255;255m▄[0m[38;2;51;51;51m[48;2;53;52;52m▀[0m[38;2;52;52;52m[48;2;51;51;52m▀[0m[38;2;54;53;54m[48;2;68;64;64m▀[0m[38;2;62;59;59m[48;2;69;65;65m▀[0m[38;2;69;65;65m[48;2;73;69;69m▀[0m[38;2;70;66;66m[48;2;73;70;69m▀[0m[38;2;70;66;66m[48;2;73;70;69m▀[0m[38;2;73;69;69m[48;2;72;69;68m▀[0m[38;2;73;70;69m[48;2;54;53;54m▀[0m[38;2;38;35;34m[48;2;52;52;53m▀[0m                
             [38;2;110;108;107m▀[0m[38;2;50;50;51m[48;2;132;57;120m▀[0m[38;2;50;50;51m[48;2;132;57;120m▀[0m[38;2;25;21;21m[48;2;133;131;131m▀[0m[38;2;122;120;120m▀[0m[38;2;85;80;79m[48;2;119;117;117m▀[0m[38;2;98;93;91m[48;2;16;13;13m▀[0m[38;2;98;92;91m▀[0m[38;2;255;255;255m[48;2;134;62;122m▀[0m[38;2;45;46;48m[48;2;132;58;121m▀[0m[38;2;48;48;49m[48;2;134;60;122m▀[0m                
            [38;2;163;161;160m▄[0m[38;2;75;91;110m▄[0m[38;2;255;255;255m[48;2;29;32;39m▀[0m[38;2;84;36;75m[48;2;35;37;43m▀[0m[38;2;91;109;144m[48;2;152;188;227m▀[0m[38;2;253;253;253m[48;2;255;255;255m▀[0m  [38;2;108;126;166m[48;2;8;5;7m▀[0m[38;2;103;124;165m[48;2;152;188;227m▀[0m[38;2;99;119;158m[48;2;27;29;36m▀[0m[38;2;44;50;62m[48;2;48;57;69m▀[0m[38;2;127;147;171m▄[0m[38;2;95;92;92m▄[0m              
            [38;2;27;31;37m▀[0m[38;2;152;188;227m▀[0m[38;2;152;188;227m▀[0m[38;2;101;124;150m▀[0m      [38;2;149;183;222m▀[0m[38;2;152;188;227m▀[0m[38;2;152;188;227m▀[0m[38;2;151;187;226m▀[0m              
