              [38;2;236;236;238m▄[0m                         
             [38;2;236;235;238m[48;2;235;235;238m▀[0m[38;2;232;231;235m[48;2;187;179;193m▀[0m[38;2;86;80;89m▄[0m                        
            [38;2;90;87;88m▀[0m[38;2;166;156;174m[48;2;94;88;100m▀[0m[38;2;168;158;176m[48;2;176;167;185m▀[0m[38;2;176;167;187m[48;2;179;170;188m▀[0m[38;2;15;13;14m[48;2;180;171;190m▀[0m  [38;2;122;117;164m▄[0m [38;2;61;54;83m▄[0m[38;2;117;102;158m▄[0m[38;2;22;16;25m▄[0m                
           [38;2;64;61;86m▄[0m[38;2;175;164;182m[48;2;79;76;88m▀[0m[38;2;62;64;75m[48;2;64;65;76m▀[0m[38;2;64;65;76m[48;2;81;81;84m▀[0m[38;2;75;75;81m[48;2;161;152;169m▀[0m[38;2;182;173;192m[48;2;70;80;92m▀[0m[38;2;181;171;190m[48;2;54;49;66m▀[0m[38;2;133;128;182m[48;2;39;34;51m▀[0m[38;2;134;129;182m[48;2;116;101;158m▀[0m[38;2;119;104;159m[48;2;118;103;158m▀[0m[38;2;116;102;158m[48;2;103;91;142m▀[0m[38;2;116;102;158m[48;2;101;88;136m▀[0m[38;2;117;103;158m[48;2;117;102;158m▀[0m[38;2;109;95;148m[48;2;180;170;213m▀[0m               
        [38;2;49;42;66m▄[0m[38;2;26;23;34m[48;2;122;109;163m▀[0m[38;2;90;86;118m[48;2;142;135;189m▀[0m[38;2;135;129;182m[48;2;79;140;175m▀[0m[38;2;63;64;75m[48;2;60;63;74m▀[0m[38;2;35;29;57m[48;2;119;106;162m▀[0m[38;2;67;119;149m[48;2;117;105;160m▀[0m[38;2;80;143;178m[48;2;124;109;162m▀[0m[38;2;59;51;74m[48;2;117;103;158m▀[0m[38;2;133;119;171m[48;2;116;102;158m▀[0m[38;2;124;110;162m[48;2;116;102;158m▀[0m[38;2;126;110;166m[48;2;116;102;158m▀[0m[38;2;29;25;38m[48;2;115;101;157m▀[0m[38;2;119;104;159m[48;2;148;134;184m▀[0m[38;2;108;95;148m[48;2;95;88;110m▀[0m[38;2;159;150;186m▀[0m[38;2;102;97;116m▀[0m               
      [38;2;120;105;160m▄[0m[38;2;120;106;161m[48;2;120;105;159m▀[0m[38;2;118;104;159m[48;2;118;103;159m▀[0m[38;2;119;104;159m[48;2;119;105;159m▀[0m[38;2;119;104;159m[48;2;125;110;163m▀[0m[38;2;125;110;166m[48;2;131;116;167m▀[0m[38;2;129;115;166m[48;2;125;111;164m▀[0m[38;2;130;117;168m[48;2;119;104;159m▀[0m[38;2;116;102;157m[48;2;117;102;158m▀[0m[38;2;73;63;96m[48;2;118;104;161m▀[0m[38;2;114;101;156m[48;2;129;115;168m▀[0m[38;2;119;105;159m[48;2;179;169;210m▀[0m[38;2;120;105;160m[48;2;196;187;225m▀[0m[38;2;153;140;187m[48;2;110;102;124m▀[0m[38;2;178;169;210m▀[0m[38;2;178;168;210m▀[0m                  
      [38;2;177;167;210m▀[0m[38;2;153;140;188m[48;2;30;28;33m▀[0m[38;2;162;151;196m[48;2;137;130;152m▀[0m[38;2;180;170;211m▀[0m[38;2;180;171;211m▀[0m[38;2;150;137;185m[48;2;93;89;101m▀[0m[38;2;125;111;165m[48;2;179;172;195m▀[0m[38;2;179;169;211m[48;2;129;125;140m▀[0m[38;2;179;169;210m▀[0m[38;2;180;170;211m▀[0m[38;2;180;170;211m[48;2;179;58;49m▀[0m[38;2;22;20;19m[48;2;66;57;32m▀[0m[38;2;3;0;0m▀[0m                     
               [38;2;181;176;193m[48;2;171;165;184m▀[0m[38;2;174;145;60m[48;2;49;44;30m▀[0m[38;2;62;58;47m[48;2;242;214;57m▀[0m                      
              [38;2;5;5;5m[48;2;209;206;215m▀[0m[38;2;197;59;46m[48;2;237;210;51m▀[0m[38;2;62;56;36m[48;2;246;224;102m▀[0m[38;2;17;16;17m[48;2;0;0;0m▀[0m                      
              [38;2;236;235;238m[48;2;235;235;238m▀[0m[38;2;237;210;55m[48;2;238;210;51m▀[0m[38;2;109;102;95m[48;2;82;77;75m▀[0m[38;2;1;0;0m[48;2;99;86;23m▀[0m                      
             [38;2;71;68;69m[48;2;211;210;212m▀[0m[38;2;236;236;238m[48;2;236;236;238m▀[0m[38;2;180;158;41m[48;2;237;210;54m▀[0m[38;2;246;226;109m[48;2;93;89;85m▀[0m[38;2;45;45;42m[48;2;242;214;55m▀[0m [38;2;42;47;50m[48;2;100;192;221m▀[0m[38;2;5;8;8m[48;2;100;188;216m▀[0m [38;2;106;190;217m▄[0m                 
             [38;2;216;215;218m[48;2;109;107;111m▀[0m[38;2;236;235;238m[48;2;236;236;238m▀[0m[38;2;235;130;43m[48;2;235;101;73m▀[0m[38;2;188;165;36m[48;2;237;209;48m▀[0m[38;2;237;210;53m[48;2;239;212;54m▀[0m[38;2;237;208;46m[48;2;246;226;109m▀[0m[38;2;237;210;50m[48;2;238;211;56m▀[0m[38;2;243;218;70m[48;2;190;166;39m▀[0m[38;2;97;160;180m[48;2;240;213;57m▀[0m[38;2;68;124;143m▀[0m [38;2;77;135;163m▄[0m               
              [38;2;236;236;238m[48;2;219;217;223m▀[0m[38;2;236;235;238m[48;2;236;236;238m▀[0m[38;2;109;39;19m[48;2;236;157;134m▀[0m[38;2;238;212;60m[48;2;240;214;71m▀[0m[38;2;246;226;110m[48;2;204;187;90m▀[0m[38;2;242;219;85m[48;2;77;73;72m▀[0m[38;2;36;34;29m[48;2;237;209;53m▀[0m[38;2;57;59;63m[48;2;204;179;43m▀[0m[38;2;240;213;56m[48;2;237;210;51m▀[0m[38;2;71;63;28m[48;2;57;60;64m▀[0m[38;2;22;32;40m[48;2;120;106;37m▀[0m   [38;2;134;200;223m[48;2;98;188;216m▀[0m[38;2;100;190;218m▄[0m          
             [38;2;240;212;54m[48;2;237;209;51m▀[0m[38;2;77;75;80m[48;2;236;236;238m▀[0m[38;2;235;235;238m[48;2;235;235;238m▀[0m[38;2;231;230;233m[48;2;236;235;238m▀[0m[38;2;237;209;50m[48;2;237;209;47m▀[0m[38;2;245;225;107m[48;2;240;214;67m▀[0m[38;2;247;228;109m[48;2;238;211;58m▀[0m[38;2;55;58;62m[48;2;237;209;51m▀[0m[38;2;184;163;44m[48;2;36;32;8m▀[0m[38;2;237;210;57m[48;2;237;211;57m▀[0m[38;2;58;61;65m[48;2;237;210;56m▀[0m[38;2;240;212;52m[48;2;237;209;50m▀[0m[38;2;218;195;70m[48;2;243;220;88m▀[0m[38;2;242;216;62m▄[0m[38;2;16;12;12m[48;2;235;235;237m▀[0m[38;2;45;58;71m▀[0m [38;2;97;188;217m▀[0m[38;2;15;26;28m[48;2;48;95;109m▀[0m        
             [38;2;174;144;61m[48;2;164;135;54m▀[0m[38;2;170;164;182m[48;2;171;141;57m▀[0m[38;2;227;226;231m[48;2;73;70;77m▀[0m[38;2;236;235;238m[48;2;171;165;183m▀[0m[38;2;235;235;238m[48;2;170;165;183m▀[0m[38;2;172;142;58m[48;2;172;166;184m▀[0m[38;2;172;142;59m[48;2;173;143;60m▀[0m[38;2;21;23;33m[48;2;175;145;57m▀[0m[38;2;56;59;63m[48;2;50;45;21m▀[0m[38;2;235;235;238m[48;2;173;167;184m▀[0m[38;2;236;215;206m[48;2;173;167;184m▀[0m[38;2;237;210;52m[48;2;237;210;53m▀[0m[38;2;246;226;109m[48;2;246;226;109m▀[0m[38;2;249;220;52m[48;2;120;109;56m▀[0m[38;2;179;173;192m[48;2;97;83;23m▀[0m[38;2;77;138;174m▄[0m[38;2;83;145;182m[48;2;76;137;173m▀[0m [38;2;85;142;178m[48;2;64;105;131m▀[0m[38;2;80;139;174m[48;2;10;16;20m▀[0m       
           [38;2;2;0;0m▄[0m [38;2;172;142;59m▄[0m[38;2;175;144;62m[48;2;173;51;47m▀[0m[38;2;173;167;184m[48;2;179;71;51m▀[0m[38;2;169;56;47m▀[0m [38;2;208;97;66m▄[0m[38;2;195;166;60m[48;2;237;210;55m▀[0m[38;2;237;208;46m[48;2;237;209;49m▀[0m[38;2;237;209;50m[48;2;237;209;50m▀[0m[38;2;42;38;43m[48;2;130;94;60m▀[0m[38;2;81;74;95m[48;2;131;97;115m▀[0m[38;2;168;148;37m▀[0m[38;2;241;216;76m▀[0m[38;2;247;227;109m[48;2;238;210;51m▀[0m[38;2;246;217;50m[48;2;237;209;51m▀[0m[38;2;49;86;108m[48;2;243;214;47m▀[0m[38;2;77;138;173m▀[0m          
           [38;2;251;114;77m[48;2;246;110;74m▀[0m[38;2;246;222;80m▄[0m[38;2;213;184;51m[48;2;238;210;55m▀[0m[38;2;171;141;58m[48;2;30;26;5m▀[0m   [38;2;237;109;73m[48;2;237;111;75m▀[0m[38;2;238;210;50m[48;2;197;90;61m▀[0m[38;2;237;210;56m[48;2;236;209;47m▀[0m [38;2;164;135;61m[48;2;174;144;60m▀[0m[38;2;131;106;61m[48;2;174;143;61m▀[0m   [38;2;172;142;58m[48;2;69;55;23m▀[0m[38;2;170;140;56m[48;2;171;141;58m▀[0m[38;2;149;122;50m▄[0m          
           [38;2;39;11;10m[48;2;189;185;181m▀[0m[38;2;240;211;45m[48;2;235;99;43m▀[0m[38;2;237;210;51m[48;2;237;209;50m▀[0m[38;2;230;203;53m[48;2;237;209;53m▀[0m  [38;2;233;66;40m[48;2;172;52;48m▀[0m[38;2;233;69;41m[48;2;194;59;47m▀[0m[38;2;233;69;41m[48;2;233;67;41m▀[0m[38;2;236;103;67m[48;2;233;65;39m▀[0m[38;2;200;177;41m▄[0m[38;2;172;142;59m[48;2;57;29;28m▀[0m[38;2;171;141;57m[48;2;172;142;58m▀[0m    [38;2;171;141;58m[48;2;236;204;47m▀[0m[38;2;171;141;57m[48;2;236;208;47m▀[0m          
          [38;2;238;235;222m▀[0m[38;2;238;236;222m▀[0m[38;2;232;62;38m▀[0m[38;2;236;185;44m▀[0m[38;2;236;132;44m▀[0m [38;2;10;8;8m▄[0m[38;2;245;242;229m▄[0m[38;2;158;155;152m[48;2;238;235;222m▀[0m[38;2;62;63;62m[48;2;238;235;222m▀[0m[38;2;233;63;38m[48;2;238;236;222m▀[0m[38;2;237;209;45m[48;2;229;59;36m▀[0m[38;2;176;172;169m[48;2;131;85;24m▀[0m[38;2;178;55;49m▀[0m[38;2;184;51;43m▀[0m  [38;2;240;237;226m[48;2;221;219;213m▀[0m[38;2;138;135;127m[48;2;250;249;241m▀[0m[38;2;247;243;230m[48;2;186;184;175m▀[0m[38;2;236;209;45m▀[0m         
                 [38;2;118;115;111m▀[0m[38;2;245;244;236m▀[0m[38;2;245;244;236m▀[0m[38;2;238;236;222m▀[0m[38;2;203;201;190m▀[0m                  
