                                        
             [38;2;235;235;237m[48;2;236;235;237m▀[0m[38;2;233;232;235m[48;2;234;232;236m▀[0m[38;2;45;44;45m[48;2;186;176;192m▀[0m                        
             [38;2;216;213;220m[48;2;28;26;29m▀[0m[38;2;165;155;173m[48;2;165;155;172m▀[0m[38;2;88;82;92m[48;2;186;176;197m▀[0m[38;2;120;112;125m[48;2;199;188;212m▀[0m     [38;2;183;158;0m▄[0m                 
            [38;2;167;157;174m[48;2;29;30;35m▀[0m[38;2;38;37;42m[48;2;63;64;76m▀[0m[38;2;196;184;205m[48;2;67;67;78m▀[0m[38;2;170;159;177m[48;2;71;72;83m▀[0m[38;2;183;173;193m[48;2;167;158;177m▀[0m[38;2;183;173;192m[48;2;196;185;209m▀[0m[38;2;83;73;8m[48;2;210;184;21m▀[0m[38;2;203;177;19m[48;2;81;69;1m▀[0m[38;2;179;156;10m[48;2;180;156;1m▀[0m[38;2;169;146;1m[48;2;167;144;1m▀[0m[38;2;167;144;1m[48;2;169;146;1m▀[0m[38;2;173;149;1m[48;2;156;135;1m▀[0m[38;2;180;155;0m[48;2;211;202;55m▀[0m               
         [38;2;147;128;12m▄[0m[38;2;209;184;22m[48;2;197;173;22m▀[0m[38;2;198;174;23m[48;2;47;48;53m▀[0m[38;2;63;65;76m[48;2;61;64;76m▀[0m[38;2;64;65;76m[48;2;112;112;112m▀[0m[38;2;31;95;204m[48;2;195;168;1m▀[0m[38;2;146;138;154m[48;2;180;156;6m▀[0m[38;2;132;124;140m[48;2;184;159;9m▀[0m[38;2;181;156;1m[48;2;178;153;3m▀[0m[38;2;143;124;1m[48;2;173;149;1m▀[0m[38;2;186;160;1m[48;2;169;146;1m▀[0m[38;2;189;163;0m[48;2;184;158;1m▀[0m[38;2;171;147;1m[48;2;171;147;1m▀[0m[38;2;173;149;1m[48;2;249;239;76m▀[0m[38;2;217;207;66m[48;2;92;83;23m▀[0m[38;2;243;221;67m▀[0m               
       [38;2;174;150;1m▄[0m[38;2;175;151;1m[48;2;85;73;1m▀[0m[38;2;182;157;1m[48;2;172;148;1m▀[0m[38;2;173;149;1m[48;2;173;149;0m▀[0m[38;2;186;161;1m[48;2;186;162;12m▀[0m[38;2;130;113;6m[48;2;179;155;4m▀[0m[38;2;211;184;18m[48;2;180;156;5m▀[0m[38;2;154;134;5m[48;2;174;150;1m▀[0m[38;2;176;152;1m[48;2;139;120;1m▀[0m[38;2;169;146;1m[48;2;170;147;1m▀[0m[38;2;175;151;1m[48;2;216;192;42m▀[0m[38;2;175;151;1m[48;2;109;99;29m▀[0m[38;2;182;158;8m[48;2;241;216;61m▀[0m[38;2;217;193;42m[48;2;178;171;100m▀[0m[38;2;242;218;67m▀[0m[38;2;239;232;77m▀[0m                 
      [38;2;240;215;58m▀[0m[38;2;206;182;32m[48;2;253;243;80m▀[0m[38;2;190;166;15m[48;2;242;217;62m▀[0m[38;2;215;191;40m[48;2;253;244;86m▀[0m[38;2;215;191;41m[48;2;36;34;11m▀[0m[38;2;181;157;6m[48;2;253;228;71m▀[0m[38;2;174;150;1m[48;2;246;221;67m▀[0m[38;2;187;163;13m[48;2;251;226;70m▀[0m[38;2;242;218;67m[48;2;255;248;131m▀[0m[38;2;242;218;68m[48;2;60;58;44m▀[0m[38;2;158;142;41m[48;2;65;112;198m▀[0m[38;2;253;233;76m[48;2;44;48;63m▀[0m[38;2;1;1;1m▀[0m                     
               [38;2;32;32;33m[48;2;171;165;183m▀[0m[38;2;84;96;111m[48;2;41;32;20m▀[0m[38;2;203;149;25m[48;2;136;94;5m▀[0m                      
              [38;2;184;177;195m▄[0m[38;2;133;145;189m[48;2;71;106;163m▀[0m[38;2;123;83;9m[48;2;248;174;33m▀[0m[38;2;56;59;63m[48;2;95;64;4m▀[0m                      
              [38;2;235;235;237m[48;2;235;235;237m▀[0m[38;2;234;156;7m[48;2;225;152;11m▀[0m[38;2;111;104;96m[48;2;53;49;42m▀[0m[38;2;27;29;30m[48;2;198;134;9m▀[0m                      
              [38;2;236;236;238m[48;2;236;236;237m▀[0m[38;2;242;168;12m[48;2;237;156;7m▀[0m[38;2;252;179;36m[48;2;80;78;78m▀[0m[38;2;53;58;65m[48;2;228;153;7m▀[0m [38;2;10;10;10m[48;2;206;206;206m▀[0m[38;2;202;202;202m▄[0m [38;2;202;202;202m▄[0m                 
              [38;2;237;235;237m[48;2;237;236;237m▀[0m[38;2;10;94;242m[48;2;222;222;229m▀[0m[38;2;237;162;9m[48;2;224;150;9m▀[0m[38;2;226;153;11m[48;2;227;153;11m▀[0m[38;2;222;149;8m[48;2;255;182;41m▀[0m[38;2;226;152;10m[48;2;227;154;12m▀[0m[38;2;245;173;21m[48;2;206;142;5m▀[0m[38;2;214;214;214m[48;2;232;159;12m▀[0m[38;2;196;197;197m[48;2;29;29;29m▀[0m [38;2;164;164;164m▄[0m               
              [38;2;236;235;237m[48;2;185;179;194m▀[0m[38;2;237;235;237m[48;2;235;234;236m▀[0m[38;2;17;67;157m[48;2;229;233;238m▀[0m[38;2;227;154;13m[48;2;233;159;18m▀[0m[38;2;255;182;41m[48;2;225;183;37m▀[0m[38;2;244;171;29m[48;2;118;112;104m▀[0m[38;2;19;23;44m[48;2;226;152;12m▀[0m[38;2;57;59;63m[48;2;199;132;4m▀[0m[38;2;228;154;12m[48;2;225;151;10m▀[0m[38;2;40;30;3m[48;2;58;60;64m▀[0m[38;2;123;123;123m[48;2;77;53;13m▀[0m   [38;2;217;217;217m[48;2;194;194;194m▀[0m[38;2;193;193;193m▄[0m          
             [38;2;168;112;6m[48;2;171;121;22m▀[0m[38;2;195;214;246m[48;2;242;242;238m▀[0m[38;2;236;236;238m[48;2;235;235;237m▀[0m[38;2;236;235;237m[48;2;236;235;237m▀[0m[38;2;224;151;10m[48;2;228;153;7m▀[0m[38;2;252;179;38m[48;2;230;157;16m▀[0m[38;2;253;180;39m[48;2;225;152;10m▀[0m[38;2;57;60;64m[48;2;225;152;11m▀[0m[38;2;93;64;5m[48;2;0;8;34m▀[0m[38;2;227;154;13m[48;2;248;159;3m▀[0m[38;2;59;63;70m[48;2;227;154;12m▀[0m[38;2;225;152;11m[48;2;226;153;11m▀[0m[38;2;216;166;24m[48;2;249;173;26m▀[0m[38;2;228;176;23m▄[0m[38;2;234;229;241m▄[0m[38;2;159;159;159m[48;2;64;65;65m▀[0m [38;2;163;164;164m▀[0m[38;2;191;191;192m▄[0m[38;2;136;139;139m▄[0m       
             [38;2;158;110;18m▀[0m[38;2;123;84;10m[48;2;156;109;18m▀[0m[38;2;178;172;188m[48;2;181;170;183m▀[0m[38;2;239;239;240m[48;2;177;170;190m▀[0m[38;2;235;235;237m[48;2;171;165;183m▀[0m[38;2;158;110;18m[48;2;169;163;182m▀[0m[38;2;158;110;18m[48;2;157;110;18m▀[0m[38;2;55;36;1m[48;2;163;114;20m▀[0m[38;2;64;67;72m[48;2;190;126;4m▀[0m[38;2;235;235;237m[48;2;174;168;185m▀[0m[38;2;238;238;238m[48;2;174;168;185m▀[0m[38;2;226;153;11m[48;2;225;152;10m▀[0m[38;2;255;187;39m[48;2;255;182;40m▀[0m[38;2;252;174;9m[48;2;187;144;27m▀[0m[38;2;170;164;182m[48;2;70;39;4m▀[0m[38;2;153;153;153m▄[0m[38;2;176;177;177m▄[0m [38;2;153;153;153m[48;2;39;39;39m▀[0m[38;2;159;159;159m[48;2;170;170;170m▀[0m       
             [38;2;157;110;18m▄[0m[38;2;82;57;9m[48;2;20;86;198m▀[0m[38;2;174;167;185m[48;2;135;99;39m▀[0m[38;2;27;91;199m▀[0m [38;2;42;124;251m▄[0m[38;2;226;152;10m[48;2;225;152;10m▀[0m[38;2;223;150;8m[48;2;225;152;11m▀[0m[38;2;225;152;10m[48;2;250;174;12m▀[0m[38;2;130;119;151m[48;2;126;88;15m▀[0m[38;2;76;97;161m[48;2;7;76;194m▀[0m[38;2;169;118;7m▀[0m[38;2;226;153;11m▀[0m[38;2;248;174;33m[48;2;210;142;12m▀[0m[38;2;146;98;2m[48;2;222;149;8m▀[0m[38;2;40;40;40m[48;2;222;149;8m▀[0m[38;2;155;155;155m▀[0m          
             [38;2;223;150;8m[48;2;229;156;14m▀[0m[38;2;159;110;19m[48;2;129;86;3m▀[0m   [38;2;40;115;243m[48;2;31;107;234m▀[0m[38;2;233;158;10m[48;2;43;126;253m▀[0m[38;2;226;153;12m[48;2;210;143;7m▀[0m [38;2;163;114;18m[48;2;159;111;18m▀[0m[38;2;142;100;16m[48;2;160;111;18m▀[0m   [38;2;158;110;18m[48;2;163;114;18m▀[0m[38;2;156;109;18m[48;2;157;110;18m▀[0m           
           [38;2;37;36;34m▄[0m[38;2;116;74;2m[48;2;26;80;179m▀[0m[38;2;225;151;10m[48;2;225;152;11m▀[0m[38;2;225;151;10m[48;2;225;152;11m▀[0m  [38;2;22;97;224m[48;2;9;30;67m▀[0m[38;2;24;100;227m[48;2;28;88;190m▀[0m[38;2;24;99;226m[48;2;29;97;212m▀[0m[38;2;24;100;227m[48;2;28;117;251m▀[0m[38;2;225;151;10m▄[0m[38;2;158;110;18m[48;2;174;170;167m▀[0m[38;2;158;110;18m[48;2;159;112;18m▀[0m   [38;2;8;102;251m▄[0m[38;2;156;109;18m[48;2;19;98;233m▀[0m[38;2;156;109;18m[48;2;227;152;8m▀[0m          
          [38;2;238;235;221m▀[0m[38;2;238;235;222m▀[0m[38;2;9;9;32m▀[0m[38;2;23;98;225m▀[0m[38;2;23;106;244m▀[0m [38;2;205;205;199m▄[0m[38;2;138;136;130m[48;2;208;208;204m▀[0m[38;2;183;178;173m[48;2;242;242;240m▀[0m[38;2;236;233;219m[48;2;238;236;224m▀[0m[38;2;3;7;16m[48;2;238;235;222m▀[0m[38;2;83;100;122m[48;2;183;177;164m▀[0m[38;2;22;100;232m▄[0m   [38;2;250;248;239m▀[0m[38;2;246;245;237m▀[0m[38;2;240;237;225m▀[0m[38;2;237;234;220m▀[0m[38;2;36;100;212m▀[0m         
                                        
