                                        
                   [38;2;92;92;92m▀[0m[38;2;114;196;187m[48;2;112;101;96m▀[0m[38;2;70;184;191m▄[0m[38;2;94;94;93m▀[0m[38;2;143;149;149m▀[0m[38;2;27;171;178m[48;2;33;164;168m▀[0m               
                     [38;2;39;178;183m[48;2;25;29;29m▀[0m[38;2;18;171;178m[48;2;164;164;164m▀[0m[38;2;199;200;200m▄[0m[38;2;133;203;195m[48;2;147;146;145m▀[0m[38;2;155;151;151m▄[0m[38;2;194;194;194m▄[0m             
                     [38;2;5;5;5m▄[0m[38;2;164;164;164m▄[0m[38;2;125;125;125m▄[0m[38;2;187;186;185m[48;2;130;202;195m▀[0m[38;2;253;253;252m[48;2;55;62;61m▀[0m[38;2;95;95;95m[48;2;131;203;195m▀[0m[38;2;207;207;208m[48;2;124;199;191m▀[0m            
                      [38;2;175;175;175m[48;2;185;185;185m▀[0m[38;2;122;123;123m[48;2;121;126;127m▀[0m[38;2;60;99;93m[48;2;208;208;208m▀[0m[38;2;69;75;72m[48;2;208;208;208m▀[0m[38;2;208;208;208m[48;2;208;208;208m▀[0m[38;2;211;211;211m[48;2;52;52;52m▀[0m            
                      [38;2;179;179;179m[48;2;179;179;179m▀[0m[38;2;180;180;180m[48;2;179;179;179m▀[0m[38;2;222;222;222m[48;2;179;179;179m▀[0m[38;2;208;208;208m[48;2;174;174;174m▀[0m[38;2;128;128;128m[48;2;218;218;218m▀[0m             
                     [38;2;0;0;0m[48;2;215;215;215m▀[0m[38;2;180;180;180m[48;2;154;146;144m▀[0m[38;2;178;178;178m[48;2;111;181;173m▀[0m[38;2;173;173;173m[48;2;178;178;178m▀[0m[38;2;169;169;169m[48;2;233;232;232m▀[0m[38;2;219;219;219m[48;2;225;225;225m▀[0m             
                 [38;2;159;159;159m▄[0m[38;2;43;43;43m▄[0m [38;2;80;81;81m▄[0m[38;2;48;51;51m[48;2;173;173;173m▀[0m[38;2;129;127;128m[48;2;192;187;186m▀[0m[38;2;227;227;227m[48;2;226;226;226m▀[0m[38;2;172;172;172m[48;2;206;206;206m▀[0m[38;2;206;206;206m[48;2;206;206;206m▀[0m[38;2;70;70;70m[48;2;211;211;211m▀[0m             
               [38;2;116;117;117m▀[0m[38;2;139;139;139m▄[0m[38;2;158;158;158m[48;2;54;53;53m▀[0m[38;2;150;150;150m[48;2;150;150;150m▀[0m[38;2;80;80;79m[48;2;149;149;149m▀[0m[38;2;241;240;241m[48;2;173;173;173m▀[0m[38;2;173;173;173m[48;2;165;165;165m▀[0m[38;2;179;179;179m[48;2;166;166;166m▀[0m[38;2;95;98;98m[48;2;90;93;93m▀[0m[38;2;210;210;210m[48;2;130;130;130m▀[0m[38;2;195;195;195m[48;2;130;130;130m▀[0m[38;2;210;210;210m[48;2;129;129;129m▀[0m[38;2;19;17;15m▀[0m            
              [38;2;1;1;1m▀[0m[38;2;133;133;133m[48;2;87;88;89m▀[0m[38;2;119;119;119m[48;2;118;118;118m▀[0m [38;2;167;167;168m[48;2;187;186;186m▀[0m[38;2;143;143;143m[48;2;151;151;151m▀[0m[38;2;146;146;146m[48;2;150;150;150m▀[0m[38;2;170;170;170m[48;2;145;144;143m▀[0m[38;2;91;92;92m[48;2;109;109;109m▀[0m[38;2;192;192;193m[48;2;178;178;178m▀[0m[38;2;138;138;138m[48;2;79;79;79m▀[0m[38;2;129;129;129m[48;2;129;129;129m▀[0m[38;2;175;174;174m[48;2;151;151;151m▀[0m             
               [38;2;58;58;59m▀[0m[38;2;81;82;82m[48;2;159;159;159m▀[0m[38;2;63;63;63m[48;2;170;170;170m▀[0m[38;2;182;182;182m[48;2;173;173;173m▀[0m[38;2;58;62;62m[48;2;214;214;214m▀[0m[38;2;115;115;115m[48;2;170;170;170m▀[0m[38;2;148;148;148m[48;2;178;178;178m▀[0m[38;2;113;115;115m[48;2;179;179;179m▀[0m[38;2;122;122;122m[48;2;28;28;28m▀[0m[38;2;130;130;130m[48;2;149;149;149m▀[0m[38;2;142;142;142m[48;2;71;71;71m▀[0m[38;2;126;126;126m▄[0m[38;2;3;2;2m▄[0m            
              [38;2;90;92;92m[48;2;99;99;99m▀[0m[38;2;207;207;207m[48;2;208;208;208m▀[0m[38;2;159;158;158m[48;2;119;119;119m▀[0m[38;2;178;178;178m[48;2;201;200;200m▀[0m[38;2;172;172;172m[48;2;170;170;170m▀[0m[38;2;241;241;241m[48;2;209;209;209m▀[0m[38;2;221;221;221m[48;2;222;222;222m▀[0m[38;2;89;90;90m[48;2;61;61;61m▀[0m[38;2;180;180;180m[48;2;149;149;149m▀[0m[38;2;183;183;183m[48;2;126;126;126m▀[0m[38;2;108;108;108m[48;2;125;125;125m▀[0m[38;2;103;103;103m[48;2;136;136;136m▀[0m[38;2;49;50;49m[48;2;99;100;100m▀[0m[38;2;129;129;129m[48;2;126;126;126m▀[0m            
              [38;2;240;240;240m[48;2;180;180;180m▀[0m[38;2;94;94;94m[48;2;130;130;130m▀[0m[38;2;149;149;149m▀[0m[38;2;134;134;134m▀[0m[38;2;183;184;184m[48;2;53;54;54m▀[0m[38;2;176;176;176m[48;2;175;175;175m▀[0m[38;2;172;172;172m[48;2;180;180;180m▀[0m[38;2;130;130;130m▀[0m[38;2;130;130;130m▀[0m[38;2;78;79;79m▀[0m [38;2;151;151;151m▀[0m[38;2;87;88;88m[48;2;150;151;151m▀[0m[38;2;151;151;151m[48;2;180;180;180m▀[0m[38;2;77;79;80m[48;2;207;207;207m▀[0m           
             [38;2;127;127;127m▄[0m[38;2;165;165;165m[48;2;122;122;122m▀[0m[38;2;150;150;150m▀[0m  [38;2;46;47;47m[48;2;89;89;89m▀[0m[38;2;172;172;172m[48;2;225;229;232m▀[0m[38;2;180;180;180m[48;2;178;178;178m▀[0m      [38;2;139;141;142m▄[0m[38;2;185;185;185m[48;2;137;137;137m▀[0m[38;2;206;207;207m▀[0m          
             [38;2;180;180;180m[48;2;180;180;180m▀[0m[38;2;124;124;124m[48;2;180;180;180m▀[0m   [38;2;124;124;124m[48;2;125;125;125m▀[0m[38;2;29;30;30m[48;2;170;169;169m▀[0m[38;2;56;58;58m[48;2;151;151;151m▀[0m      [38;2;179;179;179m[48;2;179;179;179m▀[0m[38;2;124;124;124m[48;2;185;185;185m▀[0m           
             [38;2;181;181;181m[48;2;181;181;181m▀[0m[38;2;179;179;179m[48;2;180;180;180m▀[0m  [38;2;23;108;112m[48;2;130;203;196m▀[0m[38;2;128;128;128m[48;2;130;202;195m▀[0m[38;2;160;160;160m[48;2;168;168;168m▀[0m[38;2;205;205;205m[48;2;180;180;180m▀[0m[38;2;48;48;46m[48;2;167;168;168m▀[0m   [38;2;136;204;197m▄[0m[38;2;187;186;186m[48;2;187;181;180m▀[0m[38;2;179;179;179m[48;2;180;180;180m▀[0m[38;2;210;210;210m[48;2;203;203;203m▀[0m           
            [38;2;133;203;195m▀[0m[38;2;127;202;195m[48;2;193;193;193m▀[0m[38;2;170;164;163m[48;2;129;203;195m▀[0m[38;2;131;203;195m[48;2;148;174;176m▀[0m [38;2;116;116;116m[48;2;119;119;119m▀[0m[38;2;101;91;91m[48;2;134;203;195m▀[0m[38;2;174;174;174m[48;2;91;191;189m▀[0m[38;2;177;177;177m[48;2;11;160;167m▀[0m[38;2;157;157;157m[48;2;113;200;195m▀[0m   [38;2;186;184;184m[48;2;184;184;184m▀[0m[38;2;131;203;195m[48;2;184;184;184m▀[0m[38;2;171;219;216m[48;2;130;203;195m▀[0m[38;2;101;197;192m[48;2;124;200;194m▀[0m           
            [38;2;218;217;218m[48;2;196;196;196m▀[0m[38;2;192;192;192m[48;2;192;192;192m▀[0m[38;2;210;188;187m[48;2;192;192;192m▀[0m[38;2;184;184;184m[48;2;192;192;192m▀[0m [38;2;124;124;124m▀[0m[38;2;139;141;141m[48;2;155;155;155m▀[0m[38;2;28;180;184m[48;2;166;166;166m▀[0m[38;2;130;203;195m[48;2;123;200;195m▀[0m[38;2;19;173;178m[48;2;132;203;195m▀[0m  [38;2;56;58;56m[48;2;47;48;48m▀[0m[38;2;185;185;185m[48;2;105;105;105m▀[0m[38;2;186;186;186m[48;2;184;184;184m▀[0m[38;2;13;178;182m[48;2;183;183;183m▀[0m            
             [38;2;122;122;122m▀[0m[38;2;72;73;82m▀[0m[38;2;71;72;81m▀[0m  [38;2;169;169;169m[48;2;194;194;194m▀[0m[38;2;176;176;176m[48;2;182;182;182m▀[0m[38;2;184;184;184m[48;2;185;185;185m▀[0m[38;2;138;165;167m[48;2;184;184;184m▀[0m   [38;2;29;30;30m▀[0m[38;2;47;65;71m[48;2;70;72;81m▀[0m[38;2;5;7;7m[48;2;27;30;35m▀[0m            
                  [38;2;50;51;51m▀[0m[38;2;117;117;117m▀[0m[38;2;57;69;76m▀[0m[38;2;70;72;80m▀[0m                  
