                                        
                                        
                                    [38;2;82;77;76m▄[0m   
                                 [38;2;18;17;17m▄[0m[38;2;0;0;0m[48;2;82;77;76m▀[0m[38;2;82;77;76m[48;2;82;77;76m▀[0m[38;2;82;77;76m[48;2;93;88;87m▀[0m   
                             [38;2;101;95;93m▄[0m[38;2;86;81;79m▄[0m[38;2;82;77;76m▄[0m[38;2;6;5;5m[48;2;84;79;77m▀[0m[38;2;82;77;76m[48;2;136;108;129m▀[0m[38;2;85;79;79m[48;2;192;90;159m▀[0m[38;2;82;77;76m[48;2;82;77;76m▀[0m[38;2;28;34;28m[48;2;24;8;17m▀[0m   
                          [38;2;101;94;92m▄[0m[38;2;39;23;32m[48;2;86;80;79m▀[0m[38;2;83;79;78m[48;2;78;77;73m▀[0m[38;2;83;78;77m[48;2;90;82;82m▀[0m[38;2;82;77;76m[48;2;192;120;159m▀[0m[38;2;82;77;76m[48;2;200;138;187m▀[0m[38;2;156;117;150m[48;2;246;198;220m▀[0m[38;2;246;198;220m[48;2;246;197;220m▀[0m[38;2;161;119;156m[48;2;84;69;81m▀[0m[38;2;61;59;59m[48;2;51;51;51m▀[0m[38;2;51;51;51m[48;2;51;51;52m▀[0m[38;2;73;69;69m▄[0m  
   [38;2;90;85;83m[48;2;80;75;73m▀[0m[38;2;84;79;77m[48;2;85;79;78m▀[0m[38;2;85;79;78m▄[0m[38;2;83;78;77m▄[0m                  [38;2;112;104;102m[48;2;70;66;65m▀[0m[38;2;88;82;80m[48;2;53;53;53m▀[0m[38;2;86;81;80m[48;2;191;94;162m▀[0m[38;2;153;103;149m[48;2;247;199;221m▀[0m[38;2;247;197;220m[48;2;247;199;221m▀[0m[38;2;247;198;221m[48;2;247;199;221m▀[0m[38;2;246;198;220m[48;2;247;198;221m▀[0m[38;2;246;198;220m[48;2;246;197;220m▀[0m[38;2;246;198;220m[48;2;246;197;220m▀[0m[38;2;159;101;156m[48;2;246;197;220m▀[0m[38;2;51;51;52m[48;2;52;52;52m▀[0m[38;2;51;51;51m[48;2;51;51;51m▀[0m[38;2;51;51;51m[48;2;51;51;51m▀[0m[38;2;35;14;27m[48;2;199;80;155m▀[0m 
   [38;2;83;77;76m[48;2;86;81;79m▀[0m[38;2;84;79;78m[48;2;83;77;76m▀[0m[38;2;168;123;162m[48;2;247;198;221m▀[0m[38;2;86;81;79m[48;2;195;82;153m▀[0m[38;2;87;81;79m[48;2;88;80;80m▀[0m[38;2;86;81;80m[48;2;88;82;80m▀[0m[38;2;210;128;173m[48;2;80;78;75m▀[0m[38;2;89;84;82m[48;2;84;79;78m▀[0m[38;2;221;133;182m▄[0m[38;2;83;78;77m▄[0m          [38;2;3;3;3m▄[0m[38;2;57;56;55m[48;2;57;55;55m▀[0m[38;2;54;53;53m[48;2;61;57;59m▀[0m[38;2;147;95;143m[48;2;247;198;221m▀[0m[38;2;246;199;221m[48;2;247;199;221m▀[0m[38;2;246;199;221m[48;2;246;198;221m▀[0m[38;2;247;199;221m[48;2;247;198;221m▀[0m[38;2;247;199;221m[48;2;247;198;220m▀[0m[38;2;247;199;221m[48;2;247;198;221m▀[0m[38;2;246;198;221m[48;2;246;198;221m▀[0m[38;2;247;197;220m[48;2;246;198;221m▀[0m[38;2;246;197;220m[48;2;247;197;220m▀[0m[38;2;82;68;78m[48;2;84;69;81m▀[0m[38;2;51;51;51m[48;2;53;52;52m▀[0m[38;2;51;51;51m[48;2;52;52;52m▀[0m[38;2;10;10;9m[48;2;21;12;17m▀[0m[38;2;214;88;166m▄[0m
 [38;2;82;77;76m▄[0m[38;2;83;78;77m[48;2;85;79;78m▀[0m[38;2;83;78;77m[48;2;84;79;78m▀[0m[38;2;85;79;79m[48;2;196;72;147m▀[0m[38;2;247;198;221m[48;2;246;197;220m▀[0m[38;2;246;197;220m[48;2;247;199;222m▀[0m[38;2;247;200;222m[48;2;246;197;220m▀[0m[38;2;242;186;214m[48;2;246;199;221m▀[0m[38;2;197;89;159m[48;2;247;199;221m▀[0m[38;2;215;131;177m[48;2;247;199;221m▀[0m[38;2;86;80;79m[48;2;194;140;186m▀[0m[38;2;85;79;78m[48;2;57;56;55m▀[0m[38;2;77;73;72m[48;2;57;55;55m▀[0m[38;2;57;55;55m▄[0m   [38;2;254;188;31m▄[0m[38;2;33;22;0m[48;2;8;5;4m▀[0m[38;2;136;96;16m▄[0m  [38;2;55;54;54m[48;2;57;56;56m▀[0m[38;2;55;54;54m[48;2;56;55;55m▀[0m[38;2;129;88;124m[48;2;179;99;163m▀[0m[38;2;246;198;221m[48;2;247;198;220m▀[0m[38;2;247;198;220m[48;2;246;198;221m▀[0m[38;2;246;198;220m[48;2;247;199;221m▀[0m[38;2;246;198;220m[48;2;246;198;220m▀[0m[38;2;247;197;220m[48;2;246;197;220m▀[0m[38;2;247;198;221m[48;2;247;198;221m▀[0m[38;2;246;197;221m[48;2;246;198;220m▀[0m[38;2;246;198;220m[48;2;246;198;221m▀[0m[38;2;246;198;221m[48;2;242;186;213m▀[0m[38;2;62;57;60m[48;2;52;52;52m▀[0m[38;2;57;53;56m[48;2;57;55;55m▀[0m[38;2;55;53;54m[48;2;58;56;56m▀[0m[38;2;171;68;133m[48;2;197;83;154m▀[0m[38;2;195;79;152m[48;2;196;81;153m▀[0m
[38;2;0;0;0m[48;2;82;77;76m▀[0m[38;2;84;78;77m[48;2;82;77;76m▀[0m[38;2;84;78;77m[48;2;82;77;76m▀[0m[38;2;157;118;152m[48;2;239;182;211m▀[0m[38;2;246;197;220m[48;2;246;197;220m▀[0m[38;2;246;197;220m[48;2;247;197;221m▀[0m[38;2;246;199;221m[48;2;247;199;221m▀[0m[38;2;247;199;221m[48;2;246;198;220m▀[0m[38;2;246;199;221m[48;2;246;198;221m▀[0m[38;2;247;199;221m[48;2;246;198;220m▀[0m[38;2;247;199;221m[48;2;247;198;220m▀[0m[38;2;246;199;221m[48;2;247;199;221m▀[0m[38;2;123;87;118m[48;2;255;220;233m▀[0m[38;2;57;56;55m[48;2;57;55;55m▀[0m[38;2;57;56;56m[48;2;56;55;55m▀[0m[38;2;52;51;51m[48;2;3;3;23m▀[0m[38;2;240;170;29m▄[0m[38;2;254;195;34m[48;2;220;147;0m▀[0m[38;2;195;131;1m[48;2;252;174;14m▀[0m[38;2;220;147;2m▄[0m[38;2;57;41;8m[48;2;0;0;0m▀[0m[38;2;195;131;3m[48;2;152;108;20m▀[0m [38;2;54;53;53m[48;2;53;53;53m▀[0m[38;2;64;56;59m[48;2;52;52;52m▀[0m[38;2;233;98;159m[48;2;87;71;81m▀[0m[38;2;247;199;221m[48;2;247;198;221m▀[0m[38;2;246;199;221m[48;2;246;198;220m▀[0m[38;2;246;198;221m[48;2;246;197;220m▀[0m[38;2;246;198;221m[48;2;247;198;220m▀[0m[38;2;246;198;221m[48;2;246;198;221m▀[0m[38;2;246;198;220m[48;2;247;198;220m▀[0m[38;2;246;198;221m[48;2;247;198;221m▀[0m[38;2;246;197;220m[48;2;191;91;160m▀[0m[38;2;99;75;94m[48;2;56;55;55m▀[0m[38;2;55;54;54m[48;2;55;54;54m▀[0m[38;2;56;55;54m[48;2;57;55;56m▀[0m[38;2;56;54;54m[48;2;220;92;172m▀[0m[38;2;196;82;153m[48;2;194;79;151m▀[0m[38;2;195;79;152m[48;2;217;90;169m▀[0m
[38;2;210;127;173m[48;2;82;77;76m▀[0m[38;2;60;69;59m[48;2;82;77;76m▀[0m[38;2;185;117;154m[48;2;81;77;76m▀[0m[38;2;251;211;227m[48;2;200;123;179m▀[0m[38;2;246;198;220m[48;2;247;198;220m▀[0m[38;2;246;198;221m[48;2;247;198;221m▀[0m[38;2;247;198;220m[48;2;246;197;220m▀[0m[38;2;247;199;221m[48;2;246;197;220m▀[0m[38;2;246;199;221m[48;2;246;198;220m▀[0m[38;2;247;199;221m[48;2;247;198;221m▀[0m[38;2;247;199;221m[48;2;247;199;222m▀[0m[38;2;246;199;220m[48;2;247;199;221m▀[0m[38;2;247;199;220m[48;2;254;217;233m▀[0m[38;2;29;18;2m[48;2;196;131;1m▀[0m[38;2;205;137;0m[48;2;139;98;16m▀[0m[38;2;134;95;15m[48;2;136;95;16m▀[0m[38;2;160;138;150m[48;2;148;105;17m▀[0m[38;2;131;92;15m[48;2;136;96;16m▀[0m[38;2;164;116;18m[48;2;134;95;16m▀[0m[38;2;191;129;1m[48;2;183;126;11m▀[0m[38;2;56;64;80m[48;2;198;133;1m▀[0m[38;2;203;136;1m[48;2;255;255;255m▀[0m[38;2;193;130;1m[48;2;194;130;1m▀[0m[38;2;60;59;59m[48;2;194;130;1m▀[0m[38;2;54;53;54m[48;2;218;146;3m▀[0m[38;2;54;54;54m[48;2;54;53;53m▀[0m[38;2;188;105;168m[48;2;206;99;163m▀[0m[38;2;246;197;220m[48;2;247;198;221m▀[0m[38;2;247;198;220m[48;2;254;216;232m▀[0m[38;2;246;198;220m[48;2;219;140;187m▀[0m[38;2;247;198;221m[48;2;169;104;162m▀[0m[38;2;247;198;221m[48;2;211;84;159m▀[0m[38;2;164;105;161m[48;2;57;55;55m▀[0m[38;2;53;53;53m[48;2;56;55;54m▀[0m[38;2;53;52;52m[48;2;54;53;53m▀[0m[38;2;57;55;55m[48;2;53;51;52m▀[0m[38;2;120;112;110m[48;2;160;62;119m▀[0m[38;2;196;82;153m[48;2;154;59;115m▀[0m[38;2;196;82;153m[48;2;154;58;115m▀[0m 
[38;2;81;77;77m▀[0m[38;2;62;61;60m[48;2;51;51;51m▀[0m[38;2;51;51;51m[48;2;52;52;52m▀[0m[38;2;68;60;65m[48;2;53;52;52m▀[0m[38;2;246;197;220m[48;2;105;78;100m▀[0m[38;2;246;198;220m[48;2;246;197;220m▀[0m[38;2;247;198;220m[48;2;246;197;220m▀[0m[38;2;247;198;221m[48;2;247;197;220m▀[0m[38;2;247;198;220m[48;2;246;198;220m▀[0m[38;2;247;198;221m[48;2;247;198;221m▀[0m[38;2;247;198;221m[48;2;247;199;221m▀[0m[38;2;246;198;221m[48;2;177;110;168m▀[0m[38;2;15;12;6m[48;2;4;6;4m▀[0m[38;2;132;93;15m[48;2;154;57;116m▀[0m[38;2;151;107;18m[48;2;200;208;203m▀[0m[38;2;158;55;118m[48;2;153;54;115m▀[0m[38;2;162;58;122m[48;2;153;55;116m▀[0m[38;2;54;36;5m[48;2;144;146;145m▀[0m[38;2;137;97;16m[48;2;155;58;116m▀[0m[38;2;135;95;16m[48;2;154;58;117m▀[0m[38;2;195;131;1m[48;2;195;82;153m▀[0m[38;2;134;46;113m[48;2;195;131;1m▀[0m[38;2;255;255;255m[48;2;192;129;1m▀[0m[38;2;196;131;1m[48;2;196;131;1m▀[0m[38;2;194;130;1m[48;2;196;131;1m▀[0m[38;2;54;53;53m[48;2;62;58;60m▀[0m[38;2;247;199;221m[48;2;207;101;164m▀[0m[38;2;247;200;222m[48;2;58;55;57m▀[0m[38;2;60;57;59m[48;2;54;54;54m▀[0m[38;2;201;82;157m[48;2;144;71;116m▀[0m[38;2;55;54;54m[48;2;56;55;55m▀[0m[38;2;54;53;53m[48;2;54;53;53m▀[0m[38;2;166;76;132m[48;2;55;55;54m▀[0m[38;2;54;53;54m[48;2;83;79;77m▀[0m[38;2;64;61;61m[48;2;156;59;116m▀[0m[38;2;154;58;115m[48;2;155;58;115m▀[0m[38;2;154;57;115m[48;2;156;59;116m▀[0m[38;2;154;58;115m▀[0m  
 [38;2;53;52;53m▀[0m[38;2;52;52;52m[48;2;52;52;52m▀[0m[38;2;52;52;52m[48;2;54;54;54m▀[0m[38;2;51;51;51m[48;2;52;52;52m▀[0m[38;2;162;73;127m[48;2;51;51;51m▀[0m[38;2;157;101;153m[48;2;51;51;51m▀[0m[38;2;224;140;187m[48;2;201;80;156m▀[0m[38;2;246;196;220m[48;2;51;51;51m▀[0m[38;2;247;199;221m[48;2;142;92;139m▀[0m[38;2;247;199;221m[48;2;247;197;221m▀[0m[38;2;85;70;80m[48;2;84;69;79m▀[0m[38;2;204;136;0m[48;2;129;93;0m▀[0m[38;2;154;56;116m[48;2;153;55;115m▀[0m[38;2;156;58;117m[48;2;162;62;123m▀[0m[38;2;255;255;255m[48;2;155;58;116m▀[0m[38;2;255;255;255m[48;2;154;55;115m▀[0m[38;2;155;58;117m[48;2;159;56;120m▀[0m[38;2;154;58;117m[48;2;154;56;116m▀[0m[38;2;155;58;117m[48;2;200;83;157m▀[0m[38;2;225;151;1m[48;2;198;133;1m▀[0m[38;2;198;132;1m[48;2;198;132;1m▀[0m[38;2;199;133;1m[48;2;198;133;1m▀[0m[38;2;199;133;1m[48;2;197;131;1m▀[0m[38;2;44;31;5m▀[0m[38;2;1;0;1m▀[0m[38;2;54;53;53m▀[0m[38;2;54;53;53m[48;2;6;2;4m▀[0m[38;2;55;54;54m[48;2;155;59;116m▀[0m[38;2;55;54;54m[48;2;153;58;115m▀[0m[38;2;53;53;53m[48;2;156;59;116m▀[0m[38;2;88;84;82m[48;2;155;58;116m▀[0m[38;2;153;57;114m[48;2;155;58;115m▀[0m[38;2;154;57;115m[48;2;152;56;114m▀[0m[38;2;154;57;115m▀[0m[38;2;156;58;116m▀[0m    
   [38;2;7;9;6m▀[0m[38;2;201;81;156m[48;2;155;59;116m▀[0m[38;2;52;52;52m[48;2;122;45;90m▀[0m[38;2;53;53;53m[48;2;59;59;59m▀[0m[38;2;36;50;40m[48;2;52;52;52m▀[0m[38;2;53;52;53m[48;2;54;54;54m▀[0m[38;2;52;52;52m[48;2;59;59;59m▀[0m[38;2;92;74;86m[48;2;111;41;82m▀[0m[38;2;69;62;66m[48;2;156;60;116m▀[0m[38;2;22;9;16m▀[0m[38;2;180;71;138m[48;2;194;131;1m▀[0m[38;2;23;16;10m[48;2;141;99;14m▀[0m[38;2;47;19;37m[48;2;131;92;15m▀[0m[38;2;57;46;3m[48;2;131;93;15m▀[0m[38;2;23;13;9m[48;2;129;92;15m▀[0m[38;2;154;56;116m[48;2;65;44;3m▀[0m[38;2;197;131;1m[48;2;57;55;55m▀[0m[38;2;197;132;1m[48;2;194;131;1m▀[0m[38;2;197;132;1m[48;2;192;129;1m▀[0m[38;2;197;132;1m[48;2;194;131;1m▀[0m[38;2;197;132;1m[48;2;195;131;1m▀[0m[38;2;196;131;1m[48;2;191;128;1m▀[0m[38;2;212;142;2m▄[0m [38;2;58;24;45m[48;2;196;81;153m▀[0m[38;2;167;65;126m[48;2;195;81;153m▀[0m[38;2;137;51;105m[48;2;155;58;116m▀[0m[38;2;121;46;95m[48;2;156;59;117m▀[0m[38;2;124;49;97m[48;2;128;49;99m▀[0m[38;2;124;48;97m[48;2;137;50;104m▀[0m       
       [38;2;21;10;17m▀[0m[38;2;77;31;58m▀[0m[38;2;96;39;76m[48;2;138;51;105m▀[0m[38;2;125;51;98m[48;2;132;49;101m▀[0m[38;2;125;51;98m[48;2;128;49;100m▀[0m[38;2;2;1;2m[48;2;148;57;111m▀[0m [38;2;22;17;9m▀[0m[38;2;156;111;20m[48;2;224;151;1m▀[0m[38;2;132;93;15m[48;2;199;134;1m▀[0m[38;2;198;132;0m[48;2;196;131;1m▀[0m[38;2;99;64;1m[48;2;211;141;0m▀[0m[38;2;198;133;1m[48;2;222;149;1m▀[0m[38;2;117;78;0m[48;2;195;82;153m▀[0m[38;2;230;154;96m[48;2;187;79;150m▀[0m[38;2;219;148;8m[48;2;183;86;138m▀[0m[38;2;201;135;1m[48;2;203;122;93m▀[0m[38;2;193;129;1m[48;2;224;153;42m▀[0m[38;2;237;166;26m[48;2;217;170;84m▀[0m [38;2;195;81;153m[48;2;195;79;151m▀[0m[38;2;195;79;152m[48;2;196;81;153m▀[0m[38;2;157;61;117m[48;2;155;59;116m▀[0m[38;2;154;57;115m[48;2;155;59;116m▀[0m[38;2;155;58;115m[48;2;155;59;116m▀[0m[38;2;153;57;114m[48;2;130;49;97m▀[0m       
         [38;2;41;15;30m▀[0m[38;2;155;59;116m[48;2;170;67;127m▀[0m[38;2;155;58;115m[48;2;155;59;116m▀[0m[38;2;154;58;115m[48;2;156;60;116m▀[0m[38;2;172;65;128m[48;2;176;69;134m▀[0m  [38;2;41;28;1m▀[0m[38;2;196;131;1m[48;2;239;170;26m▀[0m  [38;2;196;82;153m[48;2;207;87;162m▀[0m[38;2;197;82;154m[48;2;206;113;167m▀[0m[38;2;198;89;156m[48;2;211;130;174m▀[0m[38;2;209;126;172m[48;2;211;129;174m▀[0m[38;2;207;122;170m▀[0m  [38;2;195;79;152m▀[0m[38;2;195;80;152m▀[0m[38;2;155;59;116m▀[0m[38;2;165;64;124m▀[0m         
            [38;2;197;82;154m▀[0m[38;2;0;0;0m▀[0m      [38;2;0;0;0m[48;2;210;130;174m▀[0m[38;2;211;130;174m[48;2;211;130;174m▀[0m[38;2;207;128;172m▀[0m                 
                    [38;2;47;29;38m▀[0m[38;2;210;128;173m▀[0m[38;2;210;128;174m▀[0m                 
                                        
                                        
