                                        
                                        
                                        
                                 [38;2;49;45;44m▄[0m[38;2;0;0;0m[48;2;81;76;75m▀[0m[38;2;81;76;75m[48;2;81;76;75m▀[0m    
                              [38;2;96;90;88m▄[0m[38;2;81;76;75m▄[0m[38;2;79;73;72m[48;2;81;76;75m▀[0m[38;2;81;76;75m[48;2;146;112;139m▀[0m[38;2;81;76;75m[48;2;81;76;75m▀[0m[38;2;81;76;75m[48;2;83;78;77m▀[0m    
                          [38;2;93;87;85m▄[0m[38;2;89;81;81m▄[0m[38;2;82;76;76m[48;2;81;76;75m▀[0m[38;2;182;118;153m[48;2;76;74;70m▀[0m[38;2;81;76;75m[48;2;87;80;81m▀[0m[38;2;82;77;76m[48;2;196;124;178m▀[0m[38;2;190;127;177m[48;2;246;197;219m▀[0m[38;2;237;174;206m[48;2;188;102;164m▀[0m[38;2;76;71;70m[48;2;50;50;51m▀[0m[38;2;67;64;64m[48;2;50;51;51m▀[0m[38;2;63;23;47m▄[0m   
    [38;2;81;77;76m[48;2;83;77;76m▀[0m[38;2;45;41;40m[48;2;83;77;76m▀[0m[38;2;83;77;76m▄[0m                 [38;2;5;3;2m▄[0m[38;2;103;96;94m[48;2;81;76;75m▀[0m[38;2;85;79;78m[48;2;52;52;53m▀[0m[38;2;84;78;77m[48;2;194;78;152m▀[0m[38;2;141;107;133m[48;2;246;198;219m▀[0m[38;2;247;200;221m[48;2;246;198;219m▀[0m[38;2;246;197;219m[48;2;247;198;220m▀[0m[38;2;246;197;219m[48;2;247;198;220m▀[0m[38;2;246;197;219m[48;2;246;197;219m▀[0m[38;2;169;100;159m[48;2;246;197;219m▀[0m[38;2;50;51;51m[48;2;58;55;57m▀[0m[38;2;50;51;51m[48;2;50;51;51m▀[0m[38;2;50;50;51m[48;2;50;51;51m▀[0m[38;2;195;77;151m▄[0m  
    [38;2;82;77;76m[48;2;85;79;78m▀[0m[38;2;94;84;87m[48;2;116;96;108m▀[0m[38;2;88;80;81m[48;2;247;199;220m▀[0m[38;2;83;78;77m[48;2;114;97;105m▀[0m[38;2;86;79;78m[48;2;86;80;79m▀[0m[38;2;85;79;78m[48;2;89;81;81m▀[0m[38;2;42;39;38m[48;2;86;80;79m▀[0m[38;2;86;80;79m▄[0m[38;2;209;129;172m▄[0m          [38;2;55;51;50m▄[0m[38;2;61;58;58m[48;2;55;54;54m▀[0m[38;2;51;52;52m[48;2;93;73;87m▀[0m[38;2;188;96;162m[48;2;246;198;219m▀[0m[38;2;247;198;220m[48;2;246;197;219m▀[0m[38;2;247;198;220m[48;2;247;198;219m▀[0m[38;2;247;198;219m[48;2;246;197;219m▀[0m[38;2;246;197;219m[48;2;246;197;219m▀[0m[38;2;246;197;219m[48;2;247;198;219m▀[0m[38;2;246;197;219m[48;2;246;197;219m▀[0m[38;2;246;197;219m[48;2;246;197;219m▀[0m[38;2;121;84;117m[48;2;149;95;144m▀[0m[38;2;50;51;51m[48;2;51;52;52m▀[0m[38;2;50;51;51m[48;2;51;52;52m▀[0m[38;2;12;11;11m[48;2;19;21;17m▀[0m[38;2;185;75;144m▄[0m 
  [38;2;81;76;75m▄[0m[38;2;82;77;76m[48;2;83;77;76m▀[0m[38;2;81;76;76m[48;2;87;80;80m▀[0m[38;2;127;102;119m[48;2;237;175;206m▀[0m[38;2;247;198;219m[48;2;246;197;219m▀[0m[38;2;246;197;219m[48;2;246;198;219m▀[0m[38;2;199;111;171m[48;2;246;197;219m▀[0m[38;2;207;119;169m[48;2;247;198;220m▀[0m[38;2;128;104;120m[48;2;247;198;220m▀[0m[38;2;84;79;77m[48;2;214;121;176m▀[0m[38;2;85;79;78m[48;2;84;77;76m▀[0m[38;2;86;80;79m[48;2;56;55;55m▀[0m[38;2;57;55;55m▄[0m   [38;2;23;17;26m▄[0m[38;2;69;52;89m▄[0m[38;2;70;51;82m▄[0m  [38;2;56;54;54m[48;2;57;55;55m▀[0m[38;2;55;54;54m[48;2;55;53;54m▀[0m[38;2;202;98;163m[48;2;248;201;222m▀[0m[38;2;246;197;219m[48;2;246;198;219m▀[0m[38;2;247;198;219m[48;2;247;198;219m▀[0m[38;2;246;197;219m[48;2;246;197;219m▀[0m[38;2;246;197;219m[48;2;246;197;219m▀[0m[38;2;247;197;219m[48;2;247;198;219m▀[0m[38;2;246;197;219m[48;2;246;197;219m▀[0m[38;2;246;197;219m[48;2;246;198;219m▀[0m[38;2;246;197;219m[48;2;246;197;219m▀[0m[38;2;204;85;148m[48;2;56;54;56m▀[0m[38;2;48;50;49m[48;2;56;54;54m▀[0m[38;2;51;51;51m[48;2;57;55;55m▀[0m[38;2;80;31;61m[48;2;197;82;155m▀[0m[38;2;195;78;152m[48;2;195;79;153m▀[0m 
 [38;2;11;8;8m[48;2;81;76;75m▀[0m[38;2;84;79;78m[48;2;81;76;76m▀[0m[38;2;82;77;76m[48;2;81;76;75m▀[0m[38;2;196;110;170m[48;2;246;198;219m▀[0m[38;2;246;197;219m[48;2;246;197;219m▀[0m[38;2;246;197;219m[48;2;246;197;219m▀[0m[38;2;247;198;220m[48;2;246;197;219m▀[0m[38;2;247;198;220m[48;2;246;197;219m▀[0m[38;2;247;198;220m[48;2;247;198;220m▀[0m[38;2;247;198;220m[48;2;246;197;219m▀[0m[38;2;247;198;220m[48;2;246;198;219m▀[0m[38;2;196;83;154m[48;2;247;198;220m▀[0m[38;2;56;55;54m[48;2;68;62;65m▀[0m[38;2;56;55;55m[48;2;55;54;54m▀[0m[38;2;56;54;55m[48;2;41;40;39m▀[0m[38;2;114;89;134m▄[0m[38;2;21;16;24m[48;2;95;73;120m▀[0m[38;2;87;67;115m[48;2;111;86;134m▀[0m[38;2;64;49;83m▄[0m[38;2;70;50;81m[48;2;24;15;25m▀[0m[38;2;86;67;115m[48;2;85;65;110m▀[0m [38;2;55;54;54m[48;2;54;53;54m▀[0m[38;2;174;76;137m[48;2;53;52;52m▀[0m[38;2;249;203;223m[48;2;179;100;162m▀[0m[38;2;247;198;220m[48;2;247;197;219m▀[0m[38;2;247;197;219m[48;2;247;198;219m▀[0m[38;2;246;197;219m[48;2;247;198;219m▀[0m[38;2;247;197;219m[48;2;246;198;219m▀[0m[38;2;247;197;219m[48;2;246;197;219m▀[0m[38;2;246;197;219m[48;2;246;197;219m▀[0m[38;2;246;197;219m[48;2;248;201;221m▀[0m[38;2;185;91;158m[48;2;59;56;57m▀[0m[38;2;55;54;54m[48;2;56;55;55m▀[0m[38;2;56;54;54m[48;2;57;55;55m▀[0m[38;2;55;54;54m[48;2;68;26;50m▀[0m[38;2;195;80;153m[48;2;194;77;151m▀[0m[38;2;195;78;152m[48;2;203;83;159m▀[0m 
 [38;2;210;128;173m[48;2;81;76;75m▀[0m[38;2;147;102;125m[48;2;81;76;76m▀[0m[38;2;77;74;72m[48;2;73;68;67m▀[0m[38;2;246;197;219m[48;2;235;169;203m▀[0m[38;2;246;197;219m[48;2;247;198;219m▀[0m[38;2;247;198;219m[48;2;246;197;219m▀[0m[38;2;246;198;219m[48;2;246;197;219m▀[0m[38;2;247;198;220m[48;2;246;198;219m▀[0m[38;2;247;198;220m[48;2;246;197;219m▀[0m[38;2;247;198;220m[48;2;247;198;220m▀[0m[38;2;247;198;219m[48;2;247;198;220m▀[0m[38;2;246;198;219m[48;2;246;197;219m▀[0m[38;2;221;89;162m[48;2;94;66;121m▀[0m[38;2;93;71;118m[48;2;71;51;81m▀[0m[38;2;69;50;80m[48;2;69;50;80m▀[0m[38;2;154;132;143m[48;2;22;14;22m▀[0m[38;2;67;49;79m[48;2;70;50;81m▀[0m[38;2;79;59;97m[48;2;69;50;80m▀[0m[38;2;84;65;113m[48;2;83;63;103m▀[0m[38;2;162;161;160m[48;2;89;68;115m▀[0m[38;2;86;66;114m[48;2;255;255;255m▀[0m[38;2;84;65;113m[48;2;87;67;114m▀[0m[38;2;51;52;52m[48;2;87;67;114m▀[0m[38;2;51;51;51m[48;2;32;25;34m▀[0m[38;2;58;55;57m[48;2;56;54;55m▀[0m[38;2;247;198;219m[48;2;246;197;219m▀[0m[38;2;246;197;219m[48;2;246;197;219m▀[0m[38;2;246;198;219m[48;2;212;115;172m▀[0m[38;2;246;197;219m[48;2;177;101;162m▀[0m[38;2;246;197;219m[48;2;85;70;81m▀[0m[38;2;202;90;158m[48;2;55;54;54m▀[0m[38;2;59;56;58m[48;2;55;54;54m▀[0m[38;2;53;53;53m[48;2;55;54;54m▀[0m[38;2;55;54;54m[48;2;55;54;54m▀[0m[38;2;72;68;67m[48;2;156;60;116m▀[0m[38;2;195;81;153m[48;2;155;59;115m▀[0m[38;2;195;81;153m[48;2;154;58;115m▀[0m  
 [38;2;70;67;66m▀[0m[38;2;58;57;57m[48;2;50;51;51m▀[0m[38;2;51;51;51m[48;2;51;51;52m▀[0m[38;2;92;72;87m[48;2;51;51;51m▀[0m[38;2;246;197;219m[48;2;114;81;109m▀[0m[38;2;246;198;219m[48;2;246;197;219m▀[0m[38;2;246;197;219m[48;2;246;197;219m▀[0m[38;2;246;197;219m[48;2;246;197;219m▀[0m[38;2;246;197;219m[48;2;246;197;219m▀[0m[38;2;246;197;219m[48;2;246;198;219m▀[0m[38;2;246;197;219m[48;2;196;83;155m▀[0m[38;2;193;85;156m[48;2;55;54;54m▀[0m[38;2;82;62;105m[48;2;154;55;116m▀[0m[38;2;58;41;69m[48;2;147;54;110m▀[0m[38;2;160;162;160m[48;2;153;54;115m▀[0m[38;2;153;54;115m[48;2;152;54;115m▀[0m[38;2;201;201;200m[48;2;145;52;108m▀[0m[38;2;68;49;79m[48;2;153;55;115m▀[0m[38;2;72;51;82m[48;2;154;57;116m▀[0m[38;2;57;46;78m[48;2;195;81;153m▀[0m[38;2;64;48;83m[48;2;86;67;114m▀[0m[38;2;213;212;212m[48;2;86;66;114m▀[0m[38;2;86;67;114m[48;2;85;66;114m▀[0m[38;2;86;66;114m[48;2;28;20;30m▀[0m[38;2;88;70;83m[48;2;128;87;122m▀[0m[38;2;247;198;219m[48;2;100;76;95m▀[0m[38;2;122;85;116m[48;2;53;53;53m▀[0m[38;2;54;53;53m[48;2;74;57;68m▀[0m[38;2;55;54;54m[48;2;56;54;54m▀[0m[38;2;55;54;54m[48;2;53;53;53m▀[0m[38;2;70;57;65m[48;2;181;77;143m▀[0m[38;2;53;53;53m[48;2;69;65;64m▀[0m[38;2;56;55;55m[48;2;155;59;116m▀[0m[38;2;154;58;115m[48;2;155;59;116m▀[0m[38;2;153;56;114m[48;2;154;58;115m▀[0m[38;2;154;57;115m▀[0m   
  [38;2;49;49;51m▀[0m[38;2;50;51;51m[48;2;50;49;51m▀[0m[38;2;51;51;51m[48;2;55;54;54m▀[0m[38;2;50;50;51m[48;2;200;79;155m▀[0m[38;2;52;53;52m[48;2;50;51;51m▀[0m[38;2;111;80;106m[48;2;51;51;51m▀[0m[38;2;190;96;156m[48;2;50;51;51m▀[0m[38;2;203;98;163m[48;2;50;50;51m▀[0m[38;2;246;198;219m[48;2;177;101;163m▀[0m[38;2;196;80;153m[48;2;193;81;154m▀[0m[38;2;54;54;54m[48;2;52;52;52m▀[0m[38;2;52;18;38m[48;2;170;63;129m▀[0m[38;2;155;58;116m[48;2;154;56;116m▀[0m[38;2;240;240;240m[48;2;153;55;115m▀[0m[38;2;255;255;255m[48;2;153;54;115m▀[0m[38;2;155;58;116m[48;2;153;54;115m▀[0m[38;2;124;46;94m[48;2;153;55;116m▀[0m[38;2;137;51;104m[48;2;182;75;142m▀[0m[38;2;88;68;115m[48;2;89;68;115m▀[0m[38;2;87;67;115m[48;2;87;67;114m▀[0m[38;2;88;68;115m[48;2;88;68;115m▀[0m[38;2;88;68;115m[48;2;87;67;115m▀[0m  [38;2;50;50;50m▀[0m[38;2;53;53;53m[48;2;111;41;82m▀[0m[38;2;181;78;143m[48;2;119;44;89m▀[0m[38;2;55;54;54m[48;2;157;59;117m▀[0m[38;2;27;23;24m[48;2;156;57;116m▀[0m[38;2;154;57;115m[48;2;131;48;97m▀[0m[38;2;153;56;114m▀[0m[38;2;153;56;114m▀[0m[38;2;126;47;94m▀[0m     
    [38;2;161;59;120m▀[0m[38;2;49;51;50m[48;2;0;0;0m▀[0m[38;2;52;52;52m[48;2;156;62;117m▀[0m[38;2;50;51;51m[48;2;156;58;116m▀[0m[38;2;188;79;148m[48;2;142;52;106m▀[0m[38;2;55;54;54m[48;2;162;61;121m▀[0m[38;2;54;54;54m[48;2;155;58;115m▀[0m[38;2;66;60;64m[48;2;117;44;88m▀[0m[38;2;160;60;119m▀[0m[38;2;75;59;100m▀[0m[38;2;69;50;81m[48;2;55;54;54m▀[0m[38;2;69;50;80m[48;2;65;47;78m▀[0m[38;2;69;50;80m[48;2;69;50;80m▀[0m[38;2;71;51;81m[48;2;68;49;80m▀[0m[38;2;31;24;37m[48;2;57;56;55m▀[0m[38;2;88;68;116m[48;2;56;54;54m▀[0m[38;2;87;67;114m[48;2;49;49;49m▀[0m[38;2;86;67;114m[48;2;85;65;114m▀[0m[38;2;40;30;51m[48;2;87;66;114m▀[0m[38;2;86;67;114m[48;2;88;67;115m▀[0m[38;2;86;66;114m[48;2;85;66;114m▀[0m[38;2;1;0;0m▄[0m[38;2;11;3;8m▄[0m[38;2;195;79;152m[48;2;195;78;152m▀[0m[38;2;155;57;115m[48;2;194;79;151m▀[0m[38;2;139;51;105m[48;2;154;57;115m▀[0m[38;2;122;46;95m[48;2;154;57;115m▀[0m[38;2;121;45;95m[48;2;139;51;106m▀[0m[38;2;0;0;0m▄[0m       
          [38;2;122;46;95m[48;2;142;52;107m▀[0m[38;2;122;46;96m[48;2;145;55;110m▀[0m[38;2;125;48;97m[48;2;150;56;112m▀[0m[38;2;154;58;115m▄[0m [38;2;54;54;54m▀[0m[38;2;85;66;114m[48;2;77;60;103m▀[0m[38;2;88;67;115m[48;2;84;65;113m▀[0m[38;2;25;25;24m[48;2;89;69;117m▀[0m[38;2;85;66;113m▀[0m[38;2;92;71;121m[48;2;196;81;153m▀[0m[38;2;170;77;143m[48;2;194;81;153m▀[0m[38;2;128;70;127m[48;2;188;82;151m▀[0m[38;2;100;66;118m[48;2;186;94;153m▀[0m[38;2;89;65;114m[48;2;193;111;162m▀[0m[38;2;4;3;3m▀[0m[38;2;197;81;154m[48;2;200;82;156m▀[0m[38;2;195;81;153m[48;2;195;80;153m▀[0m[38;2;196;80;153m[48;2;196;81;153m▀[0m[38;2;154;58;115m[48;2;155;60;116m▀[0m[38;2;154;57;115m[48;2;155;58;115m▀[0m[38;2;154;56;114m[48;2;2;0;1m▀[0m        
          [38;2;162;63;121m▀[0m[38;2;155;61;117m[48;2;24;9;18m▀[0m[38;2;154;57;115m[48;2;191;78;149m▀[0m[38;2;154;58;115m[48;2;195;79;152m▀[0m   [38;2;113;88;132m▀[0m  [38;2;196;81;153m▀[0m[38;2;197;85;155m[48;2;210;131;175m▀[0m[38;2;210;129;174m[48;2;210;129;174m▀[0m[38;2;210;129;173m▀[0m   [38;2;31;12;24m▀[0m[38;2;19;7;14m▀[0m           
                    [38;2;211;131;175m[48;2;210;129;173m▀[0m[38;2;210;130;174m[48;2;211;131;175m▀[0m[38;2;213;131;176m▄[0m                 
                                        
                                        
                                        
