                                        
           [38;2;215;215;218m▄[0m[38;2;225;225;226m[48;2;199;196;201m▀[0m[38;2;225;226;227m[48;2;195;192;197m▀[0m[38;2;87;86;89m▄[0m                         
         [38;2;218;215;220m[48;2;189;186;195m▀[0m[38;2;215;213;219m[48;2;186;183;193m▀[0m[38;2;214;210;217m[48;2;182;179;189m▀[0m[38;2;205;202;209m[48;2;201;196;204m▀[0m[38;2;188;184;193m[48;2;201;196;205m▀[0m[38;2;202;199;207m[48;2;187;184;193m▀[0m                         
          [38;2;1;2;2m▀[0m[38;2;59;59;63m▀[0m[38;2;171;169;182m▀[0m[38;2;199;193;203m[48;2;21;22;23m▀[0m[38;2;204;199;209m[48;2;186;183;193m▀[0m[38;2;139;137;144m[48;2;202;196;207m▀[0m[38;2;32;32;35m▄[0m                       
               [38;2;173;170;182m▀[0m[38;2;192;185;199m[48;2;147;146;165m▀[0m[38;2;149;145;160m[48;2;165;160;177m▀[0m[38;2;1;0;0m▄[0m[38;2;139;108;86m▄[0m                    
       [38;2;174;175;176m▄[0m[38;2;1;1;2m▄[0m       [38;2;42;33;26m▀[0m[38;2;138;107;87m[48;2;128;102;81m▀[0m[38;2;127;100;80m[48;2;128;100;82m▀[0m[38;2;128;101;82m[48;2;127;100;80m▀[0m[38;2;135;106;85m[48;2;127;99;80m▀[0m                   
       [38;2;230;231;235m[48;2;187;190;195m▀[0m[38;2;215;217;221m[48;2;203;207;214m▀[0m[38;2;180;184;192m[48;2;180;183;191m▀[0m[38;2;40;42;43m[48;2;22;22;24m▀[0m[38;2;236;236;237m▄[0m[38;2;236;237;237m▄[0m[38;2;233;234;235m▄[0m[38;2;223;225;224m▄[0m[38;2;223;224;223m▄[0m[38;2;0;0;1m[48;2;19;20;21m▀[0m[38;2;142;110;88m[48;2;132;133;133m▀[0m[38;2;128;101;82m[48;2;225;225;224m▀[0m[38;2;128;101;82m[48;2;222;223;223m▀[0m[38;2;12;13;16m[48;2;234;234;235m▀[0m[38;2;1;1;1m[48;2;231;231;232m▀[0m[38;2;244;245;246m[48;2;204;206;211m▀[0m[38;2;115;113;129m▄[0m                
       [38;2;101;102;109m[48;2;0;0;0m▀[0m[38;2;181;185;192m[48;2;232;233;233m▀[0m[38;2;232;234;234m[48;2;236;237;237m▀[0m[38;2;235;236;237m[48;2;234;234;236m▀[0m[38;2;236;237;237m[48;2;233;233;234m▀[0m[38;2;236;237;237m[48;2;234;234;235m▀[0m[38;2;235;235;236m[48;2;234;234;235m▀[0m[38;2;231;232;232m[48;2;224;226;225m▀[0m[38;2;223;225;224m[48;2;222;222;222m▀[0m[38;2;224;225;224m[48;2;223;225;223m▀[0m[38;2;222;222;222m[48;2;221;222;221m▀[0m[38;2;221;221;221m[48;2;221;222;221m▀[0m[38;2;221;221;221m[48;2;208;209;212m▀[0m[38;2;221;221;221m[48;2;194;195;200m▀[0m[38;2;193;195;200m▀[0m[38;2;144;141;162m▀[0m[38;2;145;144;164m[48;2;145;142;164m▀[0m[38;2;146;143;165m[48;2;177;170;184m▀[0m[38;2;176;170;183m▄[0m[38;2;178;172;185m▄[0m[38;2;178;173;184m▄[0m[38;2;3;3;3m▄[0m           
       [38;2;11;11;12m[48;2;233;234;234m▀[0m[38;2;233;234;235m[48;2;236;237;237m▀[0m[38;2;233;234;235m[48;2;236;237;237m▀[0m[38;2;236;237;236m[48;2;234;235;236m▀[0m[38;2;236;237;237m[48;2;234;234;234m▀[0m[38;2;234;234;235m[48;2;228;229;229m▀[0m[38;2;231;231;231m[48;2;221;222;222m▀[0m[38;2;222;224;223m[48;2;221;222;221m▀[0m[38;2;221;222;221m[48;2;221;221;221m▀[0m[38;2;222;223;223m[48;2;224;225;223m▀[0m[38;2;221;222;221m[48;2;198;199;204m▀[0m[38;2;204;206;210m[48;2;184;187;195m▀[0m[38;2;193;195;200m[48;2;198;201;210m▀[0m[38;2;3;3;4m▄[0m   [38;2;178;172;185m[48;2;179;173;189m▀[0m[38;2;189;182;196m[48;2;195;187;202m▀[0m[38;2;177;171;184m[48;2;195;187;201m▀[0m[38;2;178;172;185m[48;2;0;0;0m▀[0m[38;2;176;170;184m▀[0m           
      [38;2;0;0;0m[48;2;37;37;38m▀[0m[38;2;230;232;231m[48;2;222;224;224m▀[0m[38;2;234;235;235m[48;2;221;222;222m▀[0m[38;2;236;237;237m[48;2;224;225;223m▀[0m[38;2;231;232;233m[48;2;221;221;221m▀[0m[38;2;225;226;226m[48;2;221;221;222m▀[0m[38;2;221;221;221m[48;2;221;221;221m▀[0m[38;2;222;222;222m[48;2;223;224;223m▀[0m[38;2;221;221;221m[48;2;140;141;143m▀[0m[38;2;221;223;224m[48;2;190;192;199m▀[0m[38;2;181;184;194m[48;2;197;199;202m▀[0m[38;2;179;182;192m[48;2;196;197;201m▀[0m[38;2;180;184;192m[48;2;196;197;201m▀[0m[38;2;169;173;186m[48;2;187;190;198m▀[0m[38;2;166;172;185m[48;2;186;191;205m▀[0m   [38;2;37;36;39m▀[0m[38;2;177;171;184m[48;2;2;2;3m▀[0m[38;2;176;170;183m▀[0m [38;2;201;162;114m▄[0m[38;2;211;180;140m▄[0m[38;2;210;179;140m▄[0m[38;2;6;5;4m▄[0m        
      [38;2;13;14;14m[48;2;0;0;0m▀[0m[38;2;222;222;223m[48;2;223;225;223m▀[0m[38;2;221;222;221m[48;2;223;225;223m▀[0m[38;2;222;222;223m[48;2;223;224;224m▀[0m[38;2;224;225;223m[48;2;223;225;223m▀[0m[38;2;215;216;216m[48;2;221;222;221m▀[0m[38;2;216;217;218m[48;2;193;198;210m▀[0m[38;2;18;16;15m[48;2;156;131;123m▀[0m[38;2;85;87;94m[48;2;116;118;121m▀[0m[38;2;199;202;204m[48;2;207;209;209m▀[0m[38;2;201;203;204m[48;2;205;206;207m▀[0m[38;2;202;204;206m[48;2;204;206;207m▀[0m[38;2;201;202;204m[48;2;208;210;210m▀[0m[38;2;204;206;208m[48;2;215;216;216m▀[0m[38;2;204;206;211m[48;2;179;185;198m▀[0m  [38;2;2;3;3m▄[0m[38;2;202;163;114m▄[0m[38;2;202;163;115m▄[0m[38;2;167;136;96m[48;2;211;181;141m▀[0m[38;2;202;163;114m[48;2;199;160;114m▀[0m[38;2;168;135;101m[48;2;146;118;92m▀[0m[38;2;131;107;84m[48;2;137;112;87m▀[0m[38;2;148;120;91m[48;2;136;112;87m▀[0m[38;2;210;179;140m[48;2;138;113;89m▀[0m[38;2;1;1;3m▀[0m       
      [38;2;183;188;196m[48;2;60;62;62m▀[0m[38;2;224;225;223m[48;2;233;234;235m▀[0m[38;2;224;225;224m[48;2;232;233;234m▀[0m[38;2;223;223;223m[48;2;227;227;227m▀[0m[38;2;187;189;193m[48;2;181;184;192m▀[0m[38;2;76;78;84m[48;2;221;221;220m▀[0m[38;2;225;226;226m[48;2;207;209;210m▀[0m[38;2;213;214;215m[48;2;207;208;208m▀[0m[38;2;208;210;210m[48;2;207;208;209m▀[0m[38;2;206;208;208m[48;2;210;212;213m▀[0m[38;2;207;209;209m[48;2;214;215;215m▀[0m[38;2;208;210;211m[48;2;170;176;187m▀[0m[38;2;209;211;213m[48;2;115;95;72m▀[0m[38;2;208;210;213m[48;2;151;123;92m▀[0m[38;2;149;122;92m[48;2;168;135;100m▀[0m[38;2;196;159;112m[48;2;201;163;114m▀[0m[38;2;199;161;113m[48;2;202;163;114m▀[0m[38;2;200;161;113m[48;2;199;160;113m▀[0m[38;2;199;161;113m[48;2;196;159;111m▀[0m[38;2;199;160;113m[48;2;162;132;98m▀[0m[38;2;228;228;228m[48;2;14;12;10m▀[0m[38;2;39;41;42m[48;2;16;16;18m▀[0m[38;2;156;128;97m▀[0m           
     [38;2;60;60;60m▄[0m[38;2;243;244;244m[48;2;237;237;237m▀[0m[38;2;236;237;237m[48;2;234;234;235m▀[0m[38;2;234;235;235m[48;2;146;149;150m▀[0m[38;2;177;181;192m[48;2;180;184;192m▀[0m[38;2;204;205;206m[48;2;187;190;197m▀[0m[38;2;207;210;209m[48;2;188;192;197m▀[0m[38;2;208;210;211m[48;2;207;209;209m▀[0m[38;2;211;213;213m[48;2;187;190;196m▀[0m[38;2;223;224;223m[48;2;169;174;187m▀[0m[38;2;221;222;221m[48;2;170;176;186m▀[0m[38;2;170;176;187m[48;2;81;78;73m▀[0m[38;2;150;121;92m[48;2;48;39;30m▀[0m[38;2;149;122;92m[48;2;148;122;92m▀[0m[38;2;149;122;92m[48;2;148;122;91m▀[0m[38;2;148;121;92m[48;2;149;121;92m▀[0m[38;2;156;127;94m[48;2;150;122;92m▀[0m[38;2;153;125;93m[48;2;151;122;93m▀[0m[38;2;151;123;93m[48;2;3;3;2m▀[0m[38;2;150;124;93m[48;2;148;121;91m▀[0m               
     [38;2;223;224;222m[48;2;117;117;118m▀[0m[38;2;240;239;239m[48;2;242;243;242m▀[0m[38;2;234;234;235m[48;2;135;137;146m▀[0m[38;2;178;182;192m[48;2;185;187;195m▀[0m[38;2;178;182;191m[48;2;184;188;196m▀[0m[38;2;184;187;195m[48;2;1;0;1m▀[0m[38;2;183;186;193m▀[0m [38;2;240;228;205m[48;2;238;224;202m▀[0m[38;2;177;168;156m[48;2;246;238;225m▀[0m[38;2;174;166;154m[48;2;198;188;169m▀[0m[38;2;172;162;151m[48;2;163;157;145m▀[0m[38;2;171;162;151m[48;2;6;6;6m▀[0m[38;2;152;124;94m[48;2;169;161;149m▀[0m[38;2;149;122;92m[48;2;157;127;96m▀[0m[38;2;148;122;91m[48;2;149;121;92m▀[0m[38;2;151;122;93m[48;2;148;122;92m▀[0m[38;2;158;130;97m[48;2;169;137;99m▀[0m[38;2;149;122;92m[48;2;169;137;99m▀[0m[38;2;149;122;92m[48;2;182;147;106m▀[0m[38;2;170;138;101m[48;2;190;153;108m▀[0m[38;2;202;163;115m▄[0m             
      [38;2;170;176;186m▀[0m[38;2;157;160;170m▀[0m[38;2;180;184;193m▀[0m[38;2;1;1;1m▀[0m   [38;2;34;34;30m[48;2;213;173;121m▀[0m[38;2;241;234;223m[48;2;241;236;224m▀[0m[38;2;233;222;200m[48;2;237;224;202m▀[0m[38;2;229;217;196m[48;2;232;219;199m▀[0m[38;2;218;206;188m[48;2;227;215;195m▀[0m[38;2;204;194;176m[48;2;221;209;189m▀[0m[38;2;202;190;172m[48;2;215;205;185m▀[0m[38;2;201;161;114m[48;2;216;205;186m▀[0m[38;2;201;162;114m[48;2;216;174;122m▀[0m[38;2;199;160;113m[48;2;200;161;115m▀[0m[38;2;199;161;114m[48;2;201;162;114m▀[0m[38;2;202;163;114m[48;2;202;163;114m▀[0m[38;2;199;160;113m[48;2;200;161;114m▀[0m[38;2;202;163;114m[48;2;199;160;114m▀[0m[38;2;202;163;115m[48;2;199;161;113m▀[0m[38;2;150;124;94m[48;2;103;85;65m▀[0m[38;2;179;144;104m[48;2;138;112;88m▀[0m[38;2;60;49;37m[48;2;141;115;89m▀[0m[38;2;0;0;0m[48;2;143;116;89m▀[0m[38;2;193;155;110m[48;2;138;112;87m▀[0m[38;2;140;114;88m[48;2;138;113;87m▀[0m[38;2;140;114;81m[48;2;0;1;1m▀[0m     
            [38;2;177;143;101m[48;2;210;179;140m▀[0m[38;2;202;163;114m[48;2;210;178;140m▀[0m[38;2;239;232;216m[48;2;212;169;120m▀[0m[38;2;239;230;211m[48;2;243;232;218m▀[0m[38;2;236;224;201m[48;2;235;221;200m▀[0m[38;2;230;218;197m[48;2;232;219;199m▀[0m[38;2;223;210;190m[48;2;224;213;193m▀[0m[38;2;210;200;183m[48;2;213;201;184m▀[0m[38;2;214;203;185m[48;2;212;201;184m▀[0m[38;2;214;202;185m[48;2;215;204;186m▀[0m[38;2;15;12;9m[48;2;211;200;181m▀[0m[38;2;206;170;127m[48;2;212;180;141m▀[0m[38;2;200;161;114m[48;2;208;176;137m▀[0m[38;2;202;162;114m[48;2;203;163;114m▀[0m[38;2;202;163;114m[48;2;199;160;114m▀[0m[38;2;199;160;113m[48;2;200;161;113m▀[0m[38;2;201;162;115m[48;2;202;162;115m▀[0m[38;2;136;112;87m[48;2;145;119;92m▀[0m[38;2;138;113;88m[48;2;137;112;87m▀[0m[38;2;139;113;88m[48;2;136;112;87m▀[0m[38;2;139;113;88m[48;2;120;98;76m▀[0m[38;2;100;82;64m▀[0m      
            [38;2;211;181;141m[48;2;212;181;141m▀[0m[38;2;211;180;141m[48;2;211;179;139m▀[0m[38;2;198;161;114m[48;2;200;161;113m▀[0m[38;2;28;23;18m[48;2;167;134;99m▀[0m[38;2;234;222;200m[48;2;146;119;90m▀[0m[38;2;227;216;195m[48;2;150;143;132m▀[0m[38;2;231;220;203m[48;2;90;88;81m▀[0m[38;2;215;206;188m[48;2;202;197;185m▀[0m[38;2;211;199;183m[48;2;183;174;161m▀[0m[38;2;219;205;187m[48;2;161;152;142m▀[0m[38;2;162;153;144m[48;2;167;160;150m▀[0m[38;2;211;180;141m[48;2;211;179;139m▀[0m[38;2;210;179;140m[48;2;210;178;140m▀[0m[38;2;199;160;113m[48;2;202;163;115m▀[0m[38;2;200;161;113m[48;2;202;163;115m▀[0m[38;2;199;161;114m[48;2;200;162;114m▀[0m[38;2;199;161;114m[48;2;197;159;113m▀[0m[38;2;173;140;103m[48;2;162;132;98m▀[0m[38;2;139;113;88m▀[0m         
           [38;2;246;247;247m▄[0m[38;2;19;15;12m[48;2;202;203;206m▀[0m[38;2;152;124;93m[48;2;3;3;5m▀[0m[38;2;149;122;92m▀[0m[38;2;149;122;92m▀[0m   [38;2;36;36;33m▀[0m[38;2;40;39;36m▀[0m[38;2;191;181;165m▀[0m[38;2;193;183;168m▀[0m[38;2;141;134;125m▀[0m[38;2;199;161;114m▀[0m[38;2;203;164;115m[48;2;167;136;101m▀[0m[38;2;204;164;117m[48;2;166;135;100m▀[0m[38;2;197;160;113m[48;2;162;131;98m▀[0m[38;2;166;134;99m[48;2;163;132;98m▀[0m[38;2;162;131;98m[48;2;165;134;97m▀[0m          
                          [38;2;164;133;98m▀[0m[38;2;11;12;12m[48;2;248;248;249m▀[0m[38;2;2;2;3m[48;2;237;237;237m▀[0m[38;2;164;133;99m[48;2;168;172;185m▀[0m          
                                        
