                                        
          [38;2;213;229;189m▄[0m[38;2;213;229;189m[48;2;179;209;128m▀[0m[38;2;181;209;133m[48;2;174;206;118m▀[0m                           
         [38;2;199;221;164m[48;2;170;205;115m▀[0m[38;2;173;206;118m[48;2;169;204;112m▀[0m[38;2;174;206;119m[48;2;173;206;119m▀[0m[38;2;173;206;118m[48;2;170;204;115m▀[0m[38;2;26;29;17m[48;2;173;206;119m▀[0m                          
        [38;2;74;91;50m[48;2;175;206;120m▀[0m[38;2;174;206;118m[48;2;173;206;118m▀[0m[38;2;174;206;119m[48;2;168;203;113m▀[0m[38;2;169;205;114m[48;2;173;206;118m▀[0m[38;2;174;206;119m[48;2;168;204;113m▀[0m[38;2;174;206;119m[48;2;174;206;118m▀[0m[38;2;132;167;83m▄[0m                         
       [38;2;180;212;129m▄[0m[38;2;168;203;113m[48;2;173;206;119m▀[0m[38;2;174;206;118m[48;2;173;206;118m▀[0m[38;2;174;206;118m[48;2;168;204;114m▀[0m[38;2;172;205;117m[48;2;174;206;119m▀[0m[38;2;170;204;115m[48;2;166;202;111m▀[0m[38;2;173;206;117m[48;2;168;204;113m▀[0m[38;2;127;163;81m[48;2;131;165;82m▀[0m[38;2;129;163;80m▄[0m                        
      [38;2;214;230;190m▄[0m[38;2;175;207;121m[48;2;170;204;114m▀[0m[38;2;168;203;112m[48;2;174;206;119m▀[0m[38;2;174;206;119m[48;2;173;206;117m▀[0m[38;2;174;206;118m[48;2;173;206;119m▀[0m[38;2;173;206;119m[48;2;174;206;118m▀[0m[38;2;174;206;118m[48;2;174;206;117m▀[0m[38;2;166;202;108m[48;2;132;167;82m▀[0m[38;2;179;217;120m[48;2;169;204;115m▀[0m[38;2;175;217;112m[48;2;167;204;112m▀[0m[38;2;40;50;25m[48;2;131;167;82m▀[0m[38;2;0;0;0m▄[0m                      
     [38;2;128;145;100m▄[0m[38;2;30;37;20m[48;2;173;206;118m▀[0m[38;2;174;206;118m[48;2;173;206;118m▀[0m[38;2;174;206;117m[48;2;174;206;119m▀[0m[38;2;174;206;118m[48;2;174;206;119m▀[0m[38;2;173;206;119m[48;2;174;206;119m▀[0m[38;2;170;205;117m[48;2;168;203;113m▀[0m[38;2;173;206;118m[48;2;153;190;97m▀[0m[38;2;255;255;255m[48;2;240;245;247m▀[0m[38;2;253;254;254m[48;2;218;229;235m▀[0m[38;2;58;53;53m[48;2;13;6;8m▀[0m[38;2;132;167;81m[48;2;212;227;232m▀[0m[38;2;131;166;83m[48;2;63;78;41m▀[0m[38;2;131;168;82m▄[0m[38;2;0;0;0m▄[0m                    
     [38;2;192;218;154m[48;2;174;206;119m▀[0m[38;2;174;206;118m[48;2;173;206;119m▀[0m[38;2;182;216;124m[48;2;52;67;33m▀[0m[38;2;174;206;118m[48;2;173;206;118m▀[0m[38;2;169;204;115m[48;2;174;206;118m▀[0m[38;2;174;206;118m[48;2;162;199;105m▀[0m[38;2;168;203;112m[48;2;153;191;99m▀[0m[38;2;127;163;81m[48;2;170;204;114m▀[0m[38;2;31;33;32m[48;2;168;204;113m▀[0m[38;2;211;225;230m[48;2;69;74;75m▀[0m[38;2;211;225;230m[48;2;210;225;229m▀[0m[38;2;211;226;230m[48;2;10;12;6m▀[0m[38;2;132;168;84m[48;2;131;167;81m▀[0m[38;2;131;167;81m[48;2;132;167;82m▀[0m[38;2;133;169;82m[48;2;131;168;82m▀[0m[38;2;85;107;54m[48;2;145;179;90m▀[0m[38;2;170;205;114m▄[0m                  
    [38;2;0;0;0m▄[0m[38;2;153;190;97m[48;2;139;157;113m▀[0m[38;2;132;168;81m[48;2;174;206;119m▀[0m[38;2;174;206;118m[48;2;174;206;117m▀[0m[38;2;174;206;118m[48;2;174;206;118m▀[0m[38;2;133;170;82m[48;2;34;42;22m▀[0m[38;2;173;205;117m[48;2;32;40;21m▀[0m[38;2;168;203;112m[48;2;168;203;113m▀[0m[38;2;168;204;113m[48;2;168;204;113m▀[0m[38;2;168;204;112m[48;2;168;204;113m▀[0m[38;2;168;204;113m[48;2;168;204;113m▀[0m[38;2;135;170;85m[48;2;131;165;81m▀[0m[38;2;131;167;81m[48;2;128;163;81m▀[0m[38;2;131;167;81m[48;2;131;167;81m▀[0m[38;2;132;168;82m[48;2;131;167;81m▀[0m[38;2;131;168;81m[48;2;131;168;80m▀[0m[38;2;129;164;81m[48;2;131;168;81m▀[0m[38;2;152;190;96m[48;2;131;167;81m▀[0m[38;2;174;206;119m[48;2;150;186;95m▀[0m[38;2;184;219;126m[48;2;173;206;119m▀[0m[38;2;192;217;154m▄[0m[38;2;131;148;104m▄[0m              
    [38;2;15;20;11m[48;2;82;98;53m▀[0m[38;2;187;213;143m[48;2;177;208;129m▀[0m[38;2;169;204;115m[48;2;168;204;112m▀[0m[38;2;174;206;118m[48;2;172;205;117m▀[0m[38;2;173;206;118m[48;2;175;212;116m▀[0m[38;2;171;205;116m[48;2;174;206;118m▀[0m[38;2;168;204;113m[48;2;168;203;112m▀[0m[38;2;153;189;99m[48;2;168;203;112m▀[0m[38;2;167;203;112m[48;2;159;196;102m▀[0m[38;2;168;204;114m[48;2;131;167;83m▀[0m[38;2;149;185;95m[48;2;127;162;80m▀[0m[38;2;127;163;81m[48;2;131;168;81m▀[0m[38;2;131;167;81m[48;2;128;163;81m▀[0m[38;2;131;168;81m[48;2;131;167;80m▀[0m[38;2;131;168;81m[48;2;131;166;80m▀[0m[38;2;131;167;81m[48;2;131;167;81m▀[0m[38;2;132;168;82m[48;2;131;168;81m▀[0m[38;2;131;167;80m[48;2;131;168;81m▀[0m[38;2;131;167;81m[48;2;132;167;82m▀[0m[38;2;131;168;81m[48;2;131;168;81m▀[0m[38;2;169;204;113m[48;2;131;168;81m▀[0m[38;2;174;206;119m[48;2;148;183;95m▀[0m[38;2;89;110;60m▀[0m             
    [38;2;193;221;155m[48;2;187;215;149m▀[0m[38;2;196;219;161m[48;2;186;213;145m▀[0m[38;2;168;203;113m[48;2;168;203;113m▀[0m[38;2;169;204;113m[48;2;174;206;119m▀[0m[38;2;146;179;97m[48;2;168;203;113m▀[0m[38;2;174;206;119m[48;2;174;206;118m▀[0m[38;2;167;203;113m[48;2;173;206;119m▀[0m[38;2;174;206;119m[48;2;170;204;116m▀[0m[38;2;168;203;113m[48;2;173;206;119m▀[0m[38;2;160;199;103m[48;2;169;204;115m▀[0m[38;2;80;100;51m[48;2;150;186;96m▀[0m[38;2;128;161;81m[48;2;0;0;0m▀[0m[38;2;131;168;81m[48;2;130;165;81m▀[0m[38;2;131;167;81m[48;2;131;166;82m▀[0m[38;2;132;167;83m[48;2;131;167;81m▀[0m[38;2;130;167;81m[48;2;131;168;82m▀[0m[38;2;131;168;82m[48;2;131;167;81m▀[0m[38;2;131;168;82m[48;2;131;167;81m▀[0m[38;2;131;167;81m[48;2;131;168;82m▀[0m[38;2;131;168;81m[48;2;131;167;81m▀[0m[38;2;131;168;80m[48;2;90;113;56m▀[0m               
    [38;2;110;125;87m▀[0m[38;2;171;206;114m[48;2;133;165;88m▀[0m[38;2;168;203;113m[48;2;20;25;13m▀[0m[38;2;127;162;81m[48;2;136;174;86m▀[0m[38;2;174;206;118m[48;2;185;213;146m▀[0m[38;2;170;204;115m[48;2;168;202;111m▀[0m[38;2;173;206;118m[48;2;174;206;119m▀[0m[38;2;173;206;119m[48;2;168;203;112m▀[0m[38;2;168;204;113m[48;2;174;206;119m▀[0m[38;2;167;203;111m[48;2;154;191;97m▀[0m[38;2;165;202;108m[48;2;105;134;66m▀[0m[38;2;127;162;80m[48;2;131;167;81m▀[0m[38;2;131;167;81m[48;2;131;168;81m▀[0m[38;2;131;167;81m[48;2;131;167;82m▀[0m[38;2;131;167;81m[48;2;131;167;81m▀[0m[38;2;131;167;81m[48;2;131;167;81m▀[0m[38;2;131;168;81m[48;2;131;168;81m▀[0m[38;2;127;162;81m[48;2;131;167;82m▀[0m[38;2;130;167;81m[48;2;127;163;81m▀[0m[38;2;127;162;81m[48;2;134;172;85m▀[0m                
     [38;2;2;3;2m▀[0m[38;2;122;151;81m[48;2;0;0;0m▀[0m[38;2;117;145;77m[48;2;122;150;78m▀[0m[38;2;19;24;13m[48;2;122;149;77m▀[0m[38;2;128;162;81m[48;2;123;150;78m▀[0m[38;2;138;175;86m[48;2;132;167;82m▀[0m[38;2;134;170;83m[48;2;131;167;82m▀[0m[38;2;131;167;81m[48;2;131;167;81m▀[0m[38;2;131;168;82m[48;2;42;53;27m▀[0m[38;2;131;168;81m[48;2;131;167;81m▀[0m[38;2;131;167;82m[48;2;131;168;81m▀[0m[38;2;131;167;81m[48;2;131;167;81m▀[0m[38;2;131;168;81m[48;2;131;167;82m▀[0m[38;2;131;168;81m[48;2;131;168;81m▀[0m[38;2;130;168;81m[48;2;130;167;81m▀[0m[38;2;131;168;81m[48;2;132;168;81m▀[0m[38;2;127;163;80m[48;2;131;167;81m▀[0m[38;2;129;164;81m[48;2;131;168;82m▀[0m[38;2;102;130;66m[48;2;130;165;81m▀[0m[38;2;2;2;1m▄[0m               
        [38;2;6;8;4m[48;2;0;0;0m▀[0m[38;2;140;179;86m[48;2;131;168;81m▀[0m[38;2;58;73;36m[48;2;131;167;81m▀[0m[38;2;1;1;1m[48;2;131;167;83m▀[0m[38;2;131;167;81m[48;2;133;172;82m▀[0m[38;2;131;166;81m[48;2;131;167;81m▀[0m[38;2;131;167;81m[48;2;131;167;81m▀[0m[38;2;131;168;81m[48;2;131;168;81m▀[0m[38;2;131;168;81m[48;2;131;167;81m▀[0m[38;2;131;167;81m[48;2;131;168;81m▀[0m[38;2;131;168;81m[48;2;131;167;83m▀[0m[38;2;130;167;81m[48;2;131;166;80m▀[0m[38;2;131;167;82m[48;2;130;167;81m▀[0m[38;2;131;167;81m[48;2;132;167;80m▀[0m[38;2;131;168;81m[48;2;131;167;81m▀[0m[38;2;131;167;81m[48;2;131;168;82m▀[0m[38;2;131;168;81m[48;2;131;168;81m▀[0m[38;2;7;9;5m[48;2;131;167;82m▀[0m[38;2;0;0;0m▄[0m             
         [38;2;162;202;103m▀[0m[38;2;148;183;95m[48;2;138;172;87m▀[0m[38;2;131;168;82m[48;2;153;190;97m▀[0m[38;2;131;168;83m[48;2;149;185;96m▀[0m[38;2;124;157;78m[48;2;153;191;97m▀[0m[38;2;131;168;81m[48;2;131;167;82m▀[0m[38;2;130;168;81m[48;2;131;168;82m▀[0m[38;2;137;174;84m[48;2;131;167;81m▀[0m[38;2;133;167;81m[48;2;153;190;96m▀[0m[38;2;131;167;81m[48;2;145;180;89m▀[0m[38;2;131;167;81m[48;2;138;175;85m▀[0m[38;2;131;167;81m[48;2;132;168;82m▀[0m[38;2;131;168;81m[48;2;131;167;81m▀[0m[38;2;131;168;81m[48;2;131;167;81m▀[0m[38;2;131;167;81m[48;2;131;168;81m▀[0m[38;2;131;168;82m[48;2;131;167;82m▀[0m[38;2;130;167;81m[48;2;130;166;81m▀[0m[38;2;128;162;83m[48;2;122;155;81m▀[0m[38;2;156;188;108m▄[0m            
           [38;2;92;116;59m▀[0m[38;2;148;182;95m[48;2;152;190;98m▀[0m[38;2;151;188;96m[48;2;153;190;97m▀[0m[38;2;30;38;19m[48;2;147;184;96m▀[0m[38;2;130;167;81m[48;2;128;163;82m▀[0m[38;2;138;173;88m[48;2;126;162;81m▀[0m[38;2;153;190;96m[48;2;146;183;95m▀[0m[38;2;150;184;95m[48;2;147;184;95m▀[0m[38;2;153;191;97m[48;2;153;189;97m▀[0m[38;2;153;189;96m[48;2;147;182;95m▀[0m[38;2;153;190;97m[48;2;153;190;97m▀[0m[38;2;132;168;82m[48;2;151;188;95m▀[0m[38;2;131;167;81m[48;2;128;162;81m▀[0m[38;2;127;162;81m[48;2;130;166;82m▀[0m[38;2;126;160;81m[48;2;123;156;80m▀[0m[38;2;122;153;81m[48;2;117;148;81m▀[0m[38;2;147;176;104m[48;2;129;158;93m▀[0m[38;2;145;171;105m[48;2;143;169;104m▀[0m[38;2;142;167;103m▄[0m          
             [38;2;0;1;0m▀[0m[38;2;130;163;84m▀[0m[38;2;127;160;82m[48;2;0;0;0m▀[0m[38;2;51;65;34m[48;2;122;154;86m▀[0m[38;2;123;157;81m[48;2;113;143;80m▀[0m[38;2;136;169;90m[48;2;121;153;85m▀[0m[38;2;142;176;93m[48;2;122;153;86m▀[0m[38;2;147;181;94m[48;2;116;146;81m▀[0m[38;2;134;169;87m[48;2;118;149;81m▀[0m[38;2;140;174;91m[48;2;116;147;81m▀[0m[38;2;124;158;80m[48;2;115;146;80m▀[0m[38;2;123;156;80m[48;2;114;144;80m▀[0m[38;2;119;151;81m[48;2;44;55;31m▀[0m[38;2;0;0;0m[48;2;110;137;80m▀[0m[38;2;109;139;80m[48;2;107;134;79m▀[0m[38;2;128;154;94m[48;2;110;139;80m▀[0m[38;2;141;165;103m[48;2;106;133;79m▀[0m[38;2;137;162;101m[48;2;122;149;88m▀[0m[38;2;114;140;83m▄[0m[38;2;65;81;46m▄[0m       
                   [38;2;113;143;83m▀[0m[38;2;109;138;80m▀[0m[38;2;25;30;18m[48;2;0;0;0m▀[0m[38;2;108;137;80m[48;2;107;134;80m▀[0m[38;2;109;137;81m[48;2;107;133;80m▀[0m[38;2;78;97;58m[48;2;60;76;45m▀[0m[38;2;108;136;80m[48;2;105;133;79m▀[0m[38;2;111;139;80m[48;2;106;133;80m▀[0m[38;2;106;134;80m[48;2;106;132;79m▀[0m[38;2;0;0;0m[48;2;24;28;18m▀[0m[38;2;2;2;1m[48;2;107;133;80m▀[0m[38;2;109;136;80m[48;2;48;59;35m▀[0m[38;2;110;138;80m[48;2;111;138;81m▀[0m[38;2;115;143;80m[48;2;1;1;1m▀[0m[38;2;135;163;92m[48;2;117;147;80m▀[0m[38;2;0;0;0m[48;2;120;150;80m▀[0m[38;2;122;157;81m▄[0m    
                        [38;2;112;140;84m▀[0m[38;2;107;134;80m▀[0m[38;2;109;138;82m▀[0m[38;2;85;107;65m[48;2;108;136;82m▀[0m[38;2;106;134;79m[48;2;107;133;80m▀[0m[38;2;107;134;80m[48;2;105;133;79m▀[0m[38;2;107;133;79m[48;2;114;142;83m▀[0m[38;2;111;137;80m[48;2;111;138;80m▀[0m[38;2;111;139;80m[48;2;111;137;80m▀[0m[38;2;112;140;80m[48;2;63;78;46m▀[0m[38;2;118;146;81m▀[0m     
                                        
