                                        
           [38;2;99;133;110m▀[0m[38;2;123;173;148m[48;2;62;89;68m▀[0m[38;2;158;220;145m[48;2;103;118;107m▀[0m[38;2;198;207;219m▄[0m[38;2;126;194;120m▄[0m                        
             [38;2;216;221;229m▀[0m[38;2;231;237;245m[48;2;214;218;226m▀[0m[38;2;202;210;221m[48;2;186;206;218m▀[0m[38;2;122;194;118m[48;2;176;199;208m▀[0m[38;2;128;197;123m▄[0m                      
              [38;2;197;207;219m[48;2;176;199;208m▀[0m[38;2;188;207;219m[48;2;179;201;212m▀[0m[38;2;176;200;208m[48;2;175;199;207m▀[0m[38;2;127;196;122m[48;2;116;184;112m▀[0m   [38;2;49;83;48m[48;2;87;167;88m▀[0m                  
              [38;2;174;199;207m[48;2;183;201;211m▀[0m[38;2;167;197;199m[48;2;176;199;208m▀[0m[38;2;176;200;208m[48;2;44;68;48m▀[0m[38;2;79;135;75m[48;2;132;199;128m▀[0m   [38;2;59;72;57m[48;2;171;182;155m▀[0m[38;2;24;41;22m▄[0m                 
                [38;2;176;199;208m▀[0m[38;2;37;49;41m[48;2;130;198;125m▀[0m[38;2;175;233;159m[48;2;31;49;28m▀[0m[38;2;128;195;113m▄[0m[38;2;191;223;153m▄[0m[38;2;63;74;57m[48;2;208;230;160m▀[0m[38;2;24;46;22m[48;2;115;188;100m▀[0m         [38;2;1;5;1m▄[0m[38;2;141;202;138m▄[0m[38;2;254;255;238m▄[0m     
                 [38;2;89;149;85m▀[0m[38;2;147;207;132m▄[0m[38;2;154;212;138m[48;2;163;220;146m▀[0m[38;2;163;215;143m[48;2;156;213;139m▀[0m[38;2;133;200;121m[48;2;156;213;140m▀[0m[38;2;124;192;108m[48;2;123;192;108m▀[0m[38;2;124;193;108m[48;2;123;193;108m▀[0m[38;2;139;202;123m▀[0m   [38;2;102;182;104m▄[0m[38;2;249;241;220m▄[0m[38;2;105;184;109m[48;2;244;235;214m▀[0m[38;2;253;246;225m[48;2;243;234;213m▀[0m[38;2;245;236;214m[48;2;243;234;215m▀[0m[38;2;250;239;219m[48;2;37;37;31m▀[0m[38;2;4;5;3m▀[0m     
                 [38;2;29;56;28m[48;2;133;193;120m▀[0m[38;2;157;213;139m[48;2;128;195;124m▀[0m[38;2;210;213;220m[48;2;151;211;137m▀[0m[38;2;157;213;139m[48;2;157;213;139m▀[0m[38;2;154;212;138m[48;2;175;187;185m▀[0m[38;2;138;200;122m[48;2;120;189;104m▀[0m[38;2;137;199;120m[48;2;147;211;134m▀[0m[38;2;0;0;0m▄[0m[38;2;40;54;36m▄[0m[38;2;110;187;113m[48;2;237;229;209m▀[0m[38;2;239;228;206m[48;2;250;239;218m▀[0m[38;2;249;239;219m[48;2;250;239;219m▀[0m[38;2;243;234;214m[48;2;251;244;222m▀[0m[38;2;243;234;214m[48;2;179;202;163m▀[0m[38;2;244;236;213m[48;2;33;34;29m▀[0m[38;2;0;0;0m[48;2;151;151;147m▀[0m       
                 [38;2;81;153;83m[48;2;2;2;2m▀[0m[38;2;82;157;83m[48;2;158;212;138m▀[0m[38;2;155;212;138m[48;2;153;73;73m▀[0m[38;2;156;213;139m[48;2;34;46;31m▀[0m[38;2;156;213;139m[48;2;164;221;146m▀[0m[38;2;55;88;57m▄[0m[38;2;68;121;71m[48;2;227;215;192m▀[0m[38;2;227;217;194m[48;2;52;57;46m▀[0m[38;2;236;226;205m[48;2;223;214;197m▀[0m[38;2;169;175;152m[48;2;228;217;200m▀[0m[38;2;223;214;197m[48;2;226;217;199m▀[0m[38;2;228;216;200m[48;2;243;234;215m▀[0m[38;2;229;219;201m[48;2;250;242;226m▀[0m[38;2;250;241;222m[48;2;60;61;54m▀[0m[38;2;226;233;208m▀[0m        
                  [38;2;186;100;100m[48;2;71;138;66m▀[0m[38;2;5;8;5m[48;2;158;220;143m▀[0m[38;2;202;227;157m[48;2;151;211;137m▀[0m[38;2;155;213;139m[48;2;97;135;76m▀[0m[38;2;121;191;107m[48;2;26;33;23m▀[0m[38;2;228;218;200m[48;2;181;190;164m▀[0m[38;2;223;215;197m[48;2;243;235;215m▀[0m[38;2;237;226;204m[48;2;250;239;219m▀[0m[38;2;250;239;219m[48;2;250;239;219m▀[0m[38;2;250;239;218m[48;2;177;184;150m▀[0m[38;2;243;235;218m▀[0m           
             [38;2;157;212;138m[48;2;157;213;139m▀[0m[38;2;89;52;49m▄[0m[38;2;206;146;146m▄[0m [38;2;153;211;137m▄[0m[38;2;68;101;62m[48;2;181;89;89m▀[0m[38;2;123;193;109m[48;2;18;25;16m▀[0m[38;2;120;190;106m[48;2;120;190;106m▀[0m[38;2;25;28;20m[48;2;125;194;111m▀[0m[38;2;214;232;192m[48;2;126;178;133m▀[0m[38;2;196;225;155m[48;2;211;220;227m▀[0m[38;2;21;24;18m[48;2;219;230;237m▀[0m[38;2;161;218;144m▄[0m              
            [38;2;0;0;0m[48;2;10;10;9m▀[0m[38;2;151;212;137m[48;2;174;218;144m▀[0m[38;2;151;211;137m[48;2;156;213;139m▀[0m[38;2;85;162;76m[48;2;156;213;139m▀[0m[38;2;151;211;137m[48;2;72;120;65m▀[0m[38;2;156;213;139m[48;2;166;216;141m▀[0m[38;2;144;81;81m[48;2;126;196;114m▀[0m[38;2;93;45;42m[48;2;120;190;106m▀[0m[38;2;122;192;108m[48;2;123;192;108m▀[0m[38;2;147;65;65m▄[0m[38;2;58;104;56m▄[0m[38;2;211;221;227m[48;2;221;229;234m▀[0m[38;2;210;220;226m[48;2;206;218;223m▀[0m[38;2;211;220;227m[48;2;193;214;211m▀[0m[38;2;69;102;68m[48;2;214;225;230m▀[0m[38;2;135;191;121m[48;2;204;217;222m▀[0m[38;2;41;70;41m▄[0m[38;2;151;212;137m▄[0m[38;2;131;197;120m▄[0m[38;2;12;16;11m▄[0m        
             [38;2;140;201;124m[48;2;123;192;108m▀[0m[38;2;157;213;140m[48;2;119;191;106m▀[0m[38;2;157;213;139m[48;2;124;192;108m▀[0m[38;2;32;54;29m[48;2;128;195;112m▀[0m[38;2;233;243;224m[48;2;156;213;139m▀[0m[38;2;156;213;139m[48;2;151;211;137m▀[0m[38;2;58;102;55m[48;2;157;213;139m▀[0m[38;2;94;130;84m[48;2;156;216;141m▀[0m[38;2;81;153;83m[48;2;81;156;83m▀[0m[38;2;81;153;83m[48;2;83;157;83m▀[0m[38;2;170;189;177m[48;2;73;136;76m▀[0m[38;2;223;234;239m▀[0m[38;2;206;218;222m▀[0m[38;2;204;217;226m[48;2;4;5;5m▀[0m[38;2;226;233;236m[48;2;239;242;243m▀[0m[38;2;240;242;243m[48;2;240;243;244m▀[0m[38;2;246;248;247m[48;2;247;249;247m▀[0m[38;2;247;249;248m[48;2;247;249;248m▀[0m[38;2;251;252;252m[48;2;247;249;247m▀[0m[38;2;59;92;53m[48;2;247;249;247m▀[0m[38;2;225;239;207m[48;2;178;219;148m▀[0m      
          [38;2;4;6;4m▄[0m[38;2;198;128;128m▄[0m[38;2;205;143;143m[48;2;206;147;147m▀[0m[38;2;51;37;34m▀[0m [38;2;131;196;116m▀[0m[38;2;124;192;108m[48;2;123;192;108m▀[0m[38;2;123;192;108m[48;2;114;188;98m▀[0m[38;2;132;197;116m[48;2;36;47;33m▀[0m[38;2;125;193;109m[48;2;53;91;49m▀[0m[38;2;84;165;84m[48;2;7;7;6m▀[0m[38;2;83;157;83m[48;2;85;169;85m▀[0m[38;2;81;153;83m[48;2;0;0;0m▀[0m[38;2;3;1;1m[48;2;149;66;66m▀[0m[38;2;96;173;98m▄[0m  [38;2;3;5;3m▀[0m[38;2;247;249;247m[48;2;247;249;247m▀[0m[38;2;248;250;249m[48;2;247;249;247m▀[0m[38;2;250;251;250m[48;2;251;252;252m▀[0m[38;2;247;249;247m[48;2;245;248;246m▀[0m[38;2;247;249;248m[48;2;245;247;246m▀[0m[38;2;155;213;140m[48;2;156;213;138m▀[0m      
         [38;2;156;213;141m▄[0m[38;2;156;213;139m[48;2;151;211;137m▀[0m[38;2;150;211;137m[48;2;151;211;137m▀[0m[38;2;120;190;106m[48;2;118;191;105m▀[0m   [38;2;146;204;129m▀[0m[38;2;139;201;125m▀[0m     [38;2;83;158;83m▀[0m[38;2;147;65;65m[48;2;82;159;83m▀[0m[38;2;66;122;68m[48;2;82;160;83m▀[0m[38;2;0;0;0m▄[0m [38;2;249;251;249m[48;2;13;14;14m▀[0m[38;2;240;244;244m[48;2;236;239;240m▀[0m[38;2;242;245;243m[48;2;236;242;242m▀[0m[38;2;238;242;242m[48;2;225;233;236m▀[0m[38;2;232;238;239m[48;2;222;230;235m▀[0m[38;2;156;213;139m[48;2;155;215;141m▀[0m      
       [38;2;140;203;129m▄[0m[38;2;152;211;137m[48;2;190;223;153m▀[0m[38;2;151;211;137m[48;2;154;213;138m▀[0m[38;2;153;212;138m[48;2;151;211;137m▀[0m[38;2;151;211;137m[48;2;141;203;126m▀[0m[38;2;1;1;1m▀[0m           [38;2;83;157;83m[48;2;104;181;99m▀[0m[38;2;83;157;83m[48;2;82;158;82m▀[0m[38;2;83;157;83m[48;2;83;157;83m▀[0m[38;2;83;157;83m▄[0m [38;2;232;237;238m[48;2;230;235;238m▀[0m[38;2;230;237;238m[48;2;226;233;235m▀[0m[38;2;223;230;236m[48;2;223;231;234m▀[0m[38;2;222;230;235m[48;2;161;213;134m▀[0m[38;2;50;91;45m▀[0m      
      [38;2;124;192;108m▄[0m[38;2;156;213;139m[48;2;157;213;139m▀[0m[38;2;154;213;138m[48;2;155;213;139m▀[0m[38;2;156;213;138m[48;2;157;213;139m▀[0m[38;2;152;211;137m[48;2;123;193;109m▀[0m[38;2;120;190;106m[48;2;122;193;108m▀[0m            [38;2;127;196;122m[48;2;126;196;121m▀[0m[38;2;101;178;94m[48;2;121;194;117m▀[0m[38;2;83;157;83m[48;2;88;170;84m▀[0m[38;2;83;157;83m[48;2;81;153;83m▀[0m[38;2;89;169;90m[48;2;83;157;83m▀[0m[38;2;231;235;238m[48;2;243;245;245m▀[0m[38;2;184;204;184m[48;2;247;248;247m▀[0m[38;2;236;242;245m[48;2;7;10;7m▀[0m        
    [38;2;247;250;248m▄[0m[38;2;236;240;241m[48;2;98;125;109m▀[0m[38;2;123;193;108m[48;2;84;119;86m▀[0m[38;2;133;194;118m[48;2;65;114;57m▀[0m[38;2;146;205;129m[48;2;123;193;108m▀[0m[38;2;124;192;108m[48;2;184;209;218m▀[0m[38;2;123;192;108m[48;2;124;192;108m▀[0m[38;2;124;192;108m[48;2;135;193;119m▀[0m             [38;2;128;197;123m▀[0m[38;2;105;182;101m[48;2;185;192;198m▀[0m[38;2;84;165;84m▀[0m[38;2;24;29;27m[48;2;45;52;61m▀[0m[38;2;246;249;247m▀[0m[38;2;26;48;24m▀[0m         
     [38;2;199;213;221m▄[0m[38;2;187;205;214m▀[0m[38;2;123;193;108m▀[0m[38;2;130;195;113m▀[0m[38;2;111;141;134m▀[0m                              
                                        
