                                        
             [38;2;130;74;39m▄[0m[38;2;233;194;166m▄[0m[38;2;144;92;58m[48;2;103;63;34m▀[0m[38;2;157;89;44m[48;2;204;120;65m▀[0m[38;2;208;132;79m[48;2;204;120;65m▀[0m[38;2;201;116;58m▄[0m                     
           [38;2;221;184;158m▄[0m[38;2;89;112;134m[48;2;86;108;127m▀[0m[38;2;239;212;193m[48;2;235;200;176m▀[0m[38;2;221;164;123m[48;2;183;104;51m▀[0m[38;2;50;28;14m[48;2;210;141;93m▀[0m[38;2;201;116;58m[48;2;214;149;102m▀[0m[38;2;201;116;58m[48;2;212;142;94m▀[0m[38;2;215;147;99m[48;2;218;169;135m▀[0m[38;2;142;76;34m▀[0m                    
         [38;2;1;6;10m▄[0m[38;2;234;199;174m[48;2;237;205;182m▀[0m[38;2;239;210;189m[48;2;231;190;162m▀[0m[38;2;2;34;60m[48;2;2;31;55m▀[0m[38;2;204;120;64m[48;2;4;33;59m▀[0m[38;2;234;197;171m[48;2;226;175;140m▀[0m[38;2;204;120;64m▀[0m[38;2;159;94;51m▀[0m[38;2;206;161;130m[48;2;223;169;131m▀[0m[38;2;131;76;41m▀[0m                     
        [38;2;24;16;8m▄[0m[38;2;4;34;60m[48;2;236;202;178m▀[0m[38;2;236;203;181m[48;2;4;34;60m▀[0m[38;2;5;32;57m[48;2;204;120;65m▀[0m[38;2;1;13;26m[48;2;42;23;24m▀[0m[38;2;125;74;38m▀[0m[38;2;225;175;140m[48;2;225;174;139m▀[0m [38;2;202;153;121m[48;2;226;175;140m▀[0m[38;2;228;182;149m▀[0m   [38;2;142;104;80m▄[0m                  
        [38;2;235;200;175m▀[0m[38;2;234;196;170m[48;2;217;154;110m▀[0m[38;2;234;197;170m[48;2;235;198;172m▀[0m[38;2;119;66;33m[48;2;204;120;65m▀[0m[38;2;238;204;160m▀[0m[38;2;53;33;18m▄[0m[38;2;230;187;157m[48;2;61;40;22m▀[0m[38;2;178;107;58m▄[0m[38;2;219;171;139m[48;2;224;173;136m▀[0m[38;2;201;130;83m[48;2;235;199;174m▀[0m[38;2;235;199;174m▄[0m[38;2;226;175;139m▄[0m [38;2;233;193;166m▀[0m[38;2;13;11;6m▀[0m                 
          [38;2;212;142;94m▀[0m[38;2;5;33;55m[48;2;187;115;66m▀[0m[38;2;3;23;40m[48;2;235;199;174m▀[0m[38;2;23;48;69m[48;2;79;102;121m▀[0m[38;2;241;216;197m[48;2;243;224;210m▀[0m[38;2;234;197;171m[48;2;4;33;56m▀[0m[38;2;4;34;60m[48;2;232;193;165m▀[0m[38;2;234;198;173m[48;2;232;193;165m▀[0m[38;2;235;199;174m[48;2;235;199;174m▀[0m[38;2;235;199;174m[48;2;235;199;174m▀[0m[38;2;219;159;116m[48;2;218;156;112m▀[0m[38;2;221;162;121m[48;2;219;159;116m▀[0m[38;2;221;165;125m▄[0m                 
           [38;2;204;119;63m▀[0m[38;2;235;199;174m[48;2;86;47;21m▀[0m[38;2;37;32;33m[48;2;233;194;168m▀[0m[38;2;5;32;56m[48;2;161;121;95m▀[0m[38;2;232;192;164m[48;2;114;94;85m▀[0m[38;2;188;137;102m[48;2;247;237;226m▀[0m[38;2;235;199;174m[48;2;235;199;174m▀[0m[38;2;235;199;174m[48;2;216;150;104m▀[0m[38;2;233;192;164m[48;2;213;143;94m▀[0m[38;2;233;196;170m[48;2;204;120;65m▀[0m[38;2;219;159;117m[48;2;151;93;54m▀[0m[38;2;125;72;38m▀[0m [38;2;1;13;28m▄[0m[38;2;237;205;182m[48;2;232;192;164m▀[0m[38;2;235;200;174m[48;2;39;69;94m▀[0m[38;2;79;101;118m[48;2;238;206;184m▀[0m[38;2;160;124;98m[48;2;81;104;122m▀[0m[38;2;189;163;146m[48;2;243;223;208m▀[0m[38;2;36;18;8m[48;2;81;103;121m▀[0m[38;2;237;205;182m▄[0m[38;2;235;199;174m▄[0m[38;2;241;218;202m▄[0m[38;2;235;199;174m▄[0m[38;2;123;67;30m▄[0m    
             [38;2;229;184;152m[48;2;0;1;2m▀[0m[38;2;230;186;155m[48;2;189;124;80m▀[0m[38;2;228;181;148m[48;2;157;125;123m▀[0m[38;2;48;32;28m[48;2;157;125;123m▀[0m[38;2;164;131;132m[48;2;163;130;131m▀[0m[38;2;163;163;160m[48;2;208;130;76m▀[0m[38;2;208;130;77m[48;2;19;10;5m▀[0m[38;2;206;130;77m[48;2;205;125;70m▀[0m[38;2;4;34;60m[48;2;4;34;60m▀[0m[38;2;114;68;36m[48;2;7;10;17m▀[0m[38;2;204;122;67m[48;2;112;66;36m▀[0m[38;2;206;126;72m[48;2;193;116;65m▀[0m[38;2;234;197;171m▀[0m[38;2;232;193;165m[48;2;236;201;178m▀[0m[38;2;4;33;59m[48;2;2;33;61m▀[0m[38;2;1;23;45m[48;2;0;18;44m▀[0m[38;2;1;23;46m[48;2;235;199;174m▀[0m[38;2;233;195;167m[48;2;237;205;182m▀[0m[38;2;232;192;164m[48;2;232;193;165m▀[0m[38;2;34;19;9m[48;2;236;202;178m▀[0m[38;2;238;207;186m[48;2;233;194;166m▀[0m[38;2;235;199;174m[48;2;234;198;173m▀[0m[38;2;233;193;165m[48;2;234;197;171m▀[0m[38;2;233;195;168m[48;2;237;207;185m▀[0m[38;2;219;159;118m▄[0m  
            [38;2;237;200;158m▄[0m[38;2;239;204;159m[48;2;5;35;61m▀[0m[38;2;195;122;72m[48;2;5;32;56m▀[0m[38;2;222;173;182m[48;2;177;98;46m▀[0m[38;2;218;171;176m[48;2;177;98;47m▀[0m[38;2;175;132;133m[48;2;5;32;56m▀[0m[38;2;4;34;60m[48;2;235;199;174m▀[0m[38;2;229;183;152m[48;2;235;199;174m▀[0m[38;2;232;191;163m[48;2;229;183;151m▀[0m[38;2;5;32;55m[48;2;35;20;8m▀[0m       [38;2;138;76;34m▀[0m[38;2;239;212;193m[48;2;235;200;175m▀[0m[38;2;235;199;174m[48;2;235;199;174m▀[0m[38;2;234;196;170m[48;2;204;120;65m▀[0m[38;2;232;193;165m[48;2;208;131;78m▀[0m[38;2;222;191;170m[48;2;218;155;110m▀[0m[38;2;235;199;174m[48;2;235;199;174m▀[0m[38;2;16;10;5m[48;2;235;199;174m▀[0m[38;2;204;129;79m[48;2;117;66;34m▀[0m  
           [38;2;15;8;4m[48;2;79;103;122m▀[0m[38;2;30;56;79m[48;2;80;103;121m▀[0m[38;2;52;76;98m[48;2;5;36;63m▀[0m[38;2;5;32;57m[48;2;5;32;57m▀[0m[38;2;5;32;57m[48;2;5;32;56m▀[0m[38;2;5;32;56m[48;2;46;27;17m▀[0m[38;2;238;208;187m[48;2;235;199;174m▀[0m[38;2;232;193;165m[48;2;235;199;174m▀[0m[38;2;232;193;165m[48;2;235;199;174m▀[0m[38;2;211;139;90m[48;2;201;116;58m▀[0m[38;2;204;120;65m[48;2;204;124;69m▀[0m         [38;2;210;138;88m▀[0m[38;2;203;119;63m▀[0m [38;2;203;119;63m▀[0m[38;2;31;23;14m▀[0m[38;2;204;120;64m[48;2;0;0;0m▀[0m[38;2;189;121;75m▀[0m  
          [38;2;238;208;186m▄[0m[38;2;80;103;122m[48;2;243;224;210m▀[0m[38;2;83;108;126m[48;2;244;226;213m▀[0m[38;2;0;17;40m[48;2;235;199;174m▀[0m[38;2;11;15;18m[48;2;4;34;60m▀[0m[38;2;5;32;56m[48;2;4;34;60m▀[0m[38;2;4;34;60m[48;2;4;34;60m▀[0m[38;2;4;34;60m[48;2;4;35;62m▀[0m[38;2;4;34;60m[48;2;228;182;149m▀[0m[38;2;2;3;6m[48;2;202;118;61m▀[0m[38;2;204;120;65m[48;2;204;120;65m▀[0m[38;2;208;132;80m[48;2;2;32;58m▀[0m                  
          [38;2;235;198;173m[48;2;233;195;168m▀[0m[38;2;237;206;183m[48;2;235;199;174m▀[0m[38;2;232;193;165m[48;2;4;36;63m▀[0m[38;2;4;34;60m[48;2;4;34;60m▀[0m[38;2;4;34;60m[48;2;32;19;14m▀[0m[38;2;5;32;56m[48;2;232;193;165m▀[0m[38;2;236;203;180m[48;2;217;152;106m▀[0m[38;2;231;189;159m[48;2;209;134;82m▀[0m[38;2;204;120;65m[48;2;4;34;60m▀[0m[38;2;204;121;65m[48;2;4;34;60m▀[0m[38;2;5;32;56m[48;2;4;34;60m▀[0m[38;2;5;33;57m[48;2;194;131;88m▀[0m                  
          [38;2;207;128;74m[48;2;10;6;16m▀[0m[38;2;99;53;24m[48;2;6;37;65m▀[0m[38;2;5;32;57m[48;2;209;134;82m▀[0m[38;2;228;181;147m[48;2;207;129;76m▀[0m[38;2;217;151;106m[48;2;209;134;82m▀[0m[38;2;207;129;76m[48;2;209;134;82m▀[0m[38;2;207;130;76m[48;2;97;54;26m▀[0m[38;2;5;32;57m[48;2;206;126;72m▀[0m[38;2;4;33;60m[48;2;204;120;65m▀[0m[38;2;4;14;25m[48;2;204;120;65m▀[0m[38;2;207;128;74m[48;2;204;120;65m▀[0m[38;2;210;136;85m▀[0m      [38;2;199;111;52m▄[0m[38;2;4;33;57m[48;2;4;34;59m▀[0m[38;2;1;13;29m[48;2;4;33;58m▀[0m         
        [38;2;238;209;188m▄[0m[38;2;0;9;24m[48;2;235;199;174m▀[0m[38;2;4;34;60m[48;2;0;6;19m▀[0m[38;2;205;125;70m[48;2;4;27;44m▀[0m[38;2;209;134;82m▀[0m[38;2;209;133;81m[48;2;201;116;59m▀[0m[38;2;209;134;82m[48;2;204;120;65m▀[0m[38;2;207;129;75m[48;2;204;120;65m▀[0m[38;2;204;120;65m[48;2;203;119;63m▀[0m[38;2;201;116;58m[48;2;203;118;62m▀[0m[38;2;204;120;65m[48;2;202;116;58m▀[0m[38;2;214;146;98m[48;2;208;131;78m▀[0m[38;2;235;199;174m[48;2;4;32;55m▀[0m[38;2;7;5;15m[48;2;79;101;119m▀[0m[38;2;6;7;16m▄[0m   [38;2;156;84;38m▄[0m[38;2;4;32;56m[48;2;4;33;58m▀[0m[38;2;184;101;46m[48;2;1;22;42m▀[0m[38;2;153;82;37m▀[0m          
       [38;2;2;10;15m[48;2;42;29;23m▀[0m[38;2;86;65;45m[48;2;5;32;56m▀[0m[38;2;202;116;58m[48;2;5;32;58m▀[0m[38;2;77;42;19m▀[0m    [38;2;16;10;6m▀[0m[38;2;102;60;32m▀[0m[38;2;23;12;5m▀[0m[38;2;4;31;55m[48;2;3;26;44m▀[0m[38;2;153;82;37m▄[0m[38;2;3;31;53m▄[0m[38;2;235;199;174m[48;2;189;120;72m▀[0m[38;2;239;212;192m[48;2;227;179;144m▀[0m[38;2;234;198;172m[48;2;132;80;44m▀[0m[38;2;76;44;24m[48;2;118;63;29m▀[0m[38;2;4;33;57m▀[0m[38;2;153;82;37m▀[0m             
   [38;2;251;251;233m▄[0m[38;2;255;255;255m▄[0m[38;2;234;197;171m[48;2;235;199;174m▀[0m[38;2;234;196;169m[48;2;233;193;165m▀[0m[38;2;235;199;174m[48;2;235;199;174m▀[0m[38;2;230;188;157m[48;2;205;123;69m▀[0m[38;2;204;120;65m▀[0m[38;2;145;94;59m▀[0m         [38;2;194;195;191m▄[0m[38;2;26;22;29m[48;2;233;196;170m▀[0m[38;2;1;27;53m[48;2;18;10;24m▀[0m[38;2;3;33;59m[48;2;3;26;50m▀[0m[38;2;15;8;3m▄[0m               
  [38;2;81;82;83m▀[0m[38;2;67;68;69m▀[0m[38;2;255;255;250m▀[0m[38;2;252;253;240m▀[0m[38;2;48;26;14m▀[0m[38;2;204;120;65m▀[0m            [38;2;240;216;199m▀[0m[38;2;235;199;174m[48;2;235;198;173m▀[0m[38;2;235;199;174m[48;2;232;193;165m▀[0m[38;2;232;192;164m[48;2;233;194;167m▀[0m[38;2;201;115;57m[48;2;244;242;226m▀[0m[38;2;201;116;58m[48;2;204;119;64m▀[0m[38;2;236;203;180m[48;2;202;207;211m▀[0m[38;2;251;252;240m▄[0m            
                        [38;2;255;255;239m▀[0m[38;2;248;247;230m▀[0m  [38;2;142;145;151m▀[0m           
                                        
