                                        
                    [38;2;249;217;227m▄[0m     [38;2;1;1;1m[48;2;246;197;213m▀[0m[38;2;1;1;1m▄[0m            
                   [38;2;188;61;101m▄[0m[38;2;246;197;213m[48;2;245;188;207m▀[0m[38;2;247;198;214m[48;2;246;197;213m▀[0m   [38;2;246;197;213m[48;2;247;198;214m▀[0m[38;2;246;197;213m[48;2;245;188;207m▀[0m[38;2;32;31;28m[48;2;216;77;122m▀[0m            
                  [38;2;245;186;205m▀[0m[38;2;245;186;205m[48;2;248;211;223m▀[0m[38;2;246;197;213m[48;2;246;197;213m▀[0m[38;2;246;197;213m▄[0m  [38;2;245;186;205m[48;2;246;197;213m▀[0m[38;2;246;197;213m[48;2;245;188;207m▀[0m[38;2;246;197;213m[48;2;245;188;207m▀[0m[38;2;245;190;207m▄[0m            
                 [38;2;227;127;154m▄[0m[38;2;10;8;8m[48;2;228;132;158m▀[0m[38;2;245;186;205m[48;2;227;123;151m▀[0m[38;2;246;193;210m[48;2;210;47;91m▀[0m[38;2;246;197;213m[48;2;226;120;149m▀[0m[38;2;33;31;22m[48;2;241;156;183m▀[0m[38;2;247;197;213m[48;2;241;157;184m▀[0m[38;2;245;187;206m[48;2;228;107;144m▀[0m[38;2;245;186;205m[48;2;209;46;90m▀[0m[38;2;245;187;206m[48;2;244;175;197m▀[0m[38;2;122;18;50m▀[0m            
                 [38;2;217;80;117m[48;2;197;42;84m▀[0m[38;2;218;85;121m[48;2;210;47;91m▀[0m[38;2;211;54;97m[48;2;203;44;87m▀[0m[38;2;212;56;98m[48;2;195;42;83m▀[0m[38;2;221;97;130m[48;2;206;44;88m▀[0m[38;2;217;79;117m[48;2;206;44;88m▀[0m[38;2;210;46;90m[48;2;210;47;91m▀[0m[38;2;210;47;91m[48;2;200;43;85m▀[0m[38;2;210;47;91m[48;2;209;45;89m▀[0m[38;2;210;50;93m[48;2;210;47;91m▀[0m[38;2;238;139;171m▄[0m            
               [38;2;0;0;0m[48;2;60;12;25m▀[0m[38;2;146;31;62m▄[0m[38;2;151;32;64m▄[0m[38;2;194;41;83m[48;2;75;16;32m▀[0m[38;2;182;39;78m[48;2;253;251;251m▀[0m[38;2;198;42;84m[48;2;237;198;172m▀[0m[38;2;136;28;58m[48;2;220;181;158m▀[0m[38;2;187;40;80m[48;2;98;103;108m▀[0m[38;2;172;37;73m[48;2;255;255;254m▀[0m[38;2;194;41;82m[48;2;210;47;91m▀[0m[38;2;210;47;91m[48;2;210;47;91m▀[0m[38;2;205;44;88m[48;2;189;47;85m▀[0m[38;2;80;16;32m▀[0m            
                [38;2;107;31;52m▀[0m[38;2;151;32;64m[48;2;245;212;217m▀[0m[38;2;239;200;172m[48;2;246;216;220m▀[0m[38;2;238;198;172m[48;2;245;218;222m▀[0m[38;2;244;205;175m[48;2;186;134;149m▀[0m[38;2;239;198;173m[48;2;207;174;150m▀[0m[38;2;201;166;146m[48;2;76;21;36m▀[0m[38;2;203;170;147m[48;2;193;41;82m▀[0m[38;2;185;39;78m[48;2;94;98;103m▀[0m[38;2;197;42;84m[48;2;235;171;180m▀[0m[38;2;238;187;194m▄[0m[38;2;238;185;192m▄[0m[38;2;131;58;67m▄[0m           
  [38;2;2;2;2m▄[0m      [38;2;228;220;222m▄[0m[38;2;78;77;76m▄[0m[38;2;69;22;34m▄[0m[38;2;215;71;110m▄[0m[38;2;0;0;0m[48;2;68;23;35m▀[0m[38;2;163;35;69m[48;2;215;69;108m▀[0m[38;2;226;124;151m[48;2;145;47;73m▀[0m[38;2;224;114;144m[48;2;207;44;88m▀[0m[38;2;145;32;63m[48;2;180;38;77m▀[0m[38;2;242;204;209m[48;2;66;16;30m▀[0m[38;2;239;188;195m[48;2;232;158;168m▀[0m[38;2;228;190;163m[48;2;227;142;153m▀[0m[38;2;21;18;17m[48;2;188;40;80m▀[0m[38;2;4;33;58m[48;2;187;39;79m▀[0m[38;2;4;32;58m[48;2;184;39;78m▀[0m[38;2;69;81;91m[48;2;181;38;77m▀[0m[38;2;181;38;77m[48;2;184;39;78m▀[0m[38;2;222;121;134m[48;2;206;44;88m▀[0m[38;2;226;135;147m[48;2;224;126;140m▀[0m[38;2;225;134;146m[48;2;224;129;142m▀[0m[38;2;189;40;80m[48;2;51;12;22m▀[0m[38;2;181;38;77m[48;2;150;32;64m▀[0m[38;2;190;40;81m[48;2;161;34;68m▀[0m[38;2;192;41;82m[48;2;160;34;68m▀[0m[38;2;1;1;1m[48;2;167;35;71m▀[0m[38;2;190;40;81m▄[0m[38;2;72;69;74m[48;2;210;47;91m▀[0m[38;2;65;24;35m▄[0m[38;2;51;50;50m▀[0m  
  [38;2;248;209;222m▄[0m[38;2;234;177;195m[48;2;246;197;213m▀[0m[38;2;217;65;114m[48;2;246;197;213m▀[0m  [38;2;240;240;240m▀[0m[38;2;189;185;194m[48;2;82;40;52m▀[0m[38;2;186;39;79m[48;2;185;39;78m▀[0m[38;2;184;39;78m[48;2;184;39;78m▀[0m[38;2;184;39;78m[48;2;187;40;80m▀[0m[38;2;196;41;83m[48;2;182;174;189m▀[0m[38;2;204;43;87m[48;2;182;39;78m▀[0m[38;2;188;40;80m[48;2;169;36;72m▀[0m[38;2;184;39;78m[48;2;90;19;38m▀[0m[38;2;156;33;66m[48;2;183;39;78m▀[0m[38;2;184;39;78m[48;2;198;42;84m▀[0m[38;2;72;51;54m[48;2;39;11;15m▀[0m[38;2;225;134;146m[48;2;225;130;143m▀[0m[38;2;224;129;142m[48;2;225;130;143m▀[0m[38;2;105;24;46m[48;2;215;71;111m▀[0m[38;2;216;77;115m[48;2;215;70;110m▀[0m[38;2;211;54;96m[48;2;216;77;115m▀[0m[38;2;209;45;89m[48;2;210;49;93m▀[0m[38;2;207;44;88m[48;2;210;46;91m▀[0m[38;2;210;47;91m[48;2;210;47;91m▀[0m[38;2;208;60;100m[48;2;210;47;91m▀[0m[38;2;224;129;142m[48;2;53;16;25m▀[0m[38;2;42;17;24m[48;2;151;32;64m▀[0m[38;2;151;32;64m[48;2;151;32;64m▀[0m[38;2;149;31;63m[48;2;157;33;66m▀[0m[38;2;147;32;63m[48;2;140;29;59m▀[0m[38;2;146;31;62m[48;2;146;31;62m▀[0m[38;2;163;34;70m[48;2;151;32;64m▀[0m[38;2;157;33;67m[48;2;151;32;64m▀[0m[38;2;161;34;68m[48;2;0;0;0m▀[0m[38;2;14;14;14m▄[0m  
  [38;2;245;189;208m[48;2;40;9;19m▀[0m[38;2;246;191;209m[48;2;246;197;213m▀[0m[38;2;246;193;210m[48;2;237;137;168m▀[0m[38;2;234;109;149m[48;2;212;57;99m▀[0m[38;2;214;65;105m▄[0m [38;2;3;3;3m▀[0m[38;2;182;39;78m▀[0m[38;2;185;39;79m▀[0m[38;2;183;39;78m▀[0m[38;2;211;203;208m▀[0m[38;2;182;38;77m▀[0m[38;2;180;39;77m[48;2;122;26;52m▀[0m[38;2;186;45;83m[48;2;126;27;53m▀[0m[38;2;180;38;76m[48;2;128;27;54m▀[0m[38;2;229;145;156m[48;2;184;39;78m▀[0m[38;2;223;122;136m[48;2;211;48;92m▀[0m[38;2;223;124;137m[48;2;215;71;110m▀[0m[38;2;217;82;119m[48;2;216;79;116m▀[0m[38;2;216;75;113m[48;2;212;77;109m▀[0m[38;2;219;89;124m[48;2;244;212;216m▀[0m[38;2;85;19;37m[48;2;217;78;116m▀[0m[38;2;208;45;89m[48;2;210;47;91m▀[0m[38;2;210;47;91m[48;2;210;47;91m▀[0m[38;2;210;48;91m[48;2;208;54;95m▀[0m[38;2;244;209;214m[48;2;241;198;204m▀[0m[38;2;103;23;44m[48;2;241;198;204m▀[0m  [38;2;1;1;1m▀[0m[38;2;6;3;4m▀[0m       
   [38;2;14;3;6m▀[0m[38;2;244;177;199m[48;2;221;89;126m▀[0m[38;2;214;64;104m[48;2;212;56;99m▀[0m[38;2;174;56;88m[48;2;212;58;99m▀[0m      [38;2;134;28;57m▄[0m[38;2;128;27;54m▄[0m[38;2;1;1;1m[48;2;7;7;7m▀[0m[38;2;26;23;23m[48;2;243;206;211m▀[0m[38;2;184;39;78m[48;2;239;190;197m▀[0m[38;2;185;39;78m[48;2;240;191;198m▀[0m[38;2;212;57;99m[48;2;186;39;79m▀[0m[38;2;53;16;26m[48;2;200;43;85m▀[0m[38;2;243;207;212m[48;2;241;197;203m▀[0m[38;2;244;207;212m[48;2;240;193;199m▀[0m[38;2;241;198;204m[48;2;84;34;41m▀[0m[38;2;205;44;88m[48;2;205;44;88m▀[0m[38;2;205;44;88m[48;2;207;44;88m▀[0m[38;2;66;18;29m[48;2;110;55;59m▀[0m[38;2;239;188;195m[48;2;231;155;165m▀[0m[38;2;230;151;161m[48;2;222;121;134m▀[0m[38;2;223;121;134m▄[0m          
   [38;2;222;94;130m▀[0m[38;2;216;75;113m[48;2;210;50;93m▀[0m[38;2;210;48;92m[48;2;210;46;90m▀[0m[38;2;214;65;105m▀[0m[38;2;0;0;0m▀[0m      [38;2;131;29;56m[48;2;239;188;195m▀[0m[38;2;242;205;210m[48;2;241;196;202m▀[0m[38;2;243;208;213m[48;2;241;198;204m▀[0m[38;2;241;198;204m[48;2;241;198;204m▀[0m[38;2;241;198;204m[48;2;241;198;204m▀[0m[38;2;238;187;194m[48;2;233;165;174m▀[0m[38;2;223;121;135m[48;2;231;156;166m▀[0m[38;2;222;120;134m[48;2;224;129;142m▀[0m[38;2;223;125;138m[48;2;225;129;142m▀[0m[38;2;227;138;150m[48;2;228;142;154m▀[0m[38;2;185;40;80m[48;2;227;139;151m▀[0m[38;2;184;39;78m[48;2;70;17;31m▀[0m[38;2;52;22;30m[48;2;228;145;156m▀[0m[38;2;227;138;150m[48;2;228;145;156m▀[0m[38;2;224;129;142m[48;2;44;14;18m▀[0m[38;2;226;133;146m[48;2;230;149;160m▀[0m[38;2;232;158;168m[48;2;236;176;184m▀[0m         
      [38;2;205;44;88m▀[0m[38;2;214;67;107m▄[0m      [38;2;239;188;195m[48;2;229;146;157m▀[0m[38;2;239;187;194m[48;2;230;152;163m▀[0m[38;2;239;188;195m[48;2;232;161;171m▀[0m[38;2;241;198;204m[48;2;232;159;169m▀[0m[38;2;236;174;183m[48;2;230;153;163m▀[0m[38;2;228;143;155m[48;2;227;140;152m▀[0m[38;2;223;122;136m[48;2;224;125;139m▀[0m[38;2;224;129;142m[48;2;225;132;145m▀[0m[38;2;223;122;136m[48;2;226;134;146m▀[0m[38;2;224;127;140m[48;2;227;140;152m▀[0m[38;2;228;142;154m[48;2;229;146;158m▀[0m[38;2;227;142;153m[48;2;229;147;158m▀[0m[38;2;228;143;155m[48;2;229;146;158m▀[0m[38;2;225;132;145m[48;2;226;135;147m▀[0m[38;2;224;128;141m[48;2;223;122;136m▀[0m[38;2;227;139;151m[48;2;224;129;142m▀[0m[38;2;232;161;171m[48;2;227;140;152m▀[0m         
       [38;2;225;133;145m▀[0m[38;2;231;155;166m[48;2;222;117;132m▀[0m[38;2;226;133;146m▄[0m[38;2;226;133;146m▄[0m[38;2;116;28;40m▄[0m  [38;2;224;129;142m[48;2;230;148;159m▀[0m[38;2;225;130;143m[48;2;224;129;142m▀[0m[38;2;225;132;145m[48;2;223;122;136m▀[0m[38;2;229;146;158m[48;2;224;125;138m▀[0m[38;2;227;140;152m[48;2;222;119;133m▀[0m[38;2;225;130;143m[48;2;223;121;135m▀[0m[38;2;224;129;142m[48;2;185;100;112m▀[0m[38;2;228;145;156m[48;2;219;105;120m▀[0m[38;2;228;145;156m[48;2;225;130;143m▀[0m[38;2;229;146;158m[48;2;112;47;56m▀[0m[38;2;229;146;158m▀[0m[38;2;229;144;156m▀[0m[38;2;224;129;142m▀[0m[38;2;222;121;134m▀[0m[38;2;222;119;133m[48;2;5;34;61m▀[0m[38;2;225;130;143m[48;2;110;109;109m▀[0m[38;2;102;104;108m[48;2;4;33;59m▀[0m         
         [38;2;218;101;117m▀[0m[38;2;219;108;123m[48;2;220;110;125m▀[0m[38;2;220;109;124m[48;2;219;106;121m▀[0m[38;2;218;101;117m[48;2;219;105;120m▀[0m[38;2;217;99;115m[48;2;8;8;8m▀[0m[38;2;77;85;94m[48;2;86;93;99m▀[0m[38;2;5;25;43m[48;2;4;33;58m▀[0m[38;2;224;125;138m[48;2;45;65;81m▀[0m[38;2;224;126;139m[48;2;218;101;117m▀[0m[38;2;66;25;31m[48;2;217;100;116m▀[0m[38;2;219;106;121m[48;2;218;100;116m▀[0m[38;2;219;106;121m[48;2;219;105;120m▀[0m[38;2;219;106;121m[48;2;219;106;121m▀[0m[38;2;219;106;121m▀[0m    [38;2;151;32;64m▄[0m[38;2;45;67;86m[48;2;151;32;64m▀[0m[38;2;98;102;105m[48;2;151;32;64m▀[0m[38;2;5;32;58m[48;2;148;31;63m▀[0m[38;2;154;33;65m[48;2;159;34;67m▀[0m[38;2;179;38;76m▄[0m       
            [38;2;76;18;26m[48;2;222;105;137m▀[0m[38;2;32;13;18m[48;2;222;105;137m▀[0m[38;2;30;53;73m[48;2;207;45;89m▀[0m[38;2;5;33;59m[48;2;196;42;83m▀[0m[38;2;59;15;26m[48;2;183;39;78m▀[0m[38;2;219;107;122m▀[0m[38;2;219;105;121m▀[0m[38;2;222;117;131m▀[0m       [38;2;53;11;23m▀[0m[38;2;149;32;64m▀[0m[38;2;151;32;64m[48;2;145;31;62m▀[0m[38;2;178;38;76m[48;2;171;36;72m▀[0m[38;2;205;44;88m[48;2;210;46;90m▀[0m[38;2;205;44;88m[48;2;230;227;225m▀[0m[38;2;209;45;89m[48;2;206;44;88m▀[0m[38;2;131;127;136m[48;2;174;166;180m▀[0m[38;2;215;207;217m▄[0m    
           [38;2;92;23;41m[48;2;235;232;230m▀[0m[38;2;205;44;88m[48;2;191;40;81m▀[0m[38;2;209;46;90m[48;2;205;44;88m▀[0m[38;2;210;47;91m[48;2;209;52;94m▀[0m[38;2;210;47;91m[48;2;177;171;182m▀[0m[38;2;185;39;78m[48;2;193;41;82m▀[0m              [38;2;188;40;80m▀[0m[38;2;232;229;227m▀[0m[38;2;250;243;243m▀[0m  [38;2;0;0;0m▀[0m   
          [38;2;154;152;152m▀[0m[38;2;1;1;1m▀[0m  [38;2;69;66;67m▀[0m[38;2;199;189;202m▀[0m                        
                                        
