                                        
                     [38;2;226;224;192m▀[0m[38;2;222;220;183m[48;2;207;204;153m▀[0m[38;2;105;103;60m[48;2;215;211;167m▀[0m[38;2;209;206;156m▄[0m[38;2;214;212;167m▄[0m              
                      [38;2;139;136;90m[48;2;91;89;49m▀[0m[38;2;200;197;141m[48;2;202;198;142m▀[0m[38;2;207;203;154m[48;2;207;203;154m▀[0m[38;2;203;199;144m[48;2;185;182;113m▀[0m[38;2;207;203;154m▄[0m             
          [38;2;226;223;190m▄[0m[38;2;28;28;29m▄[0m           [38;2;202;198;142m[48;2;140;137;105m▀[0m[38;2;206;203;152m[48;2;201;198;142m▀[0m[38;2;201;197;143m[48;2;126;123;63m▀[0m[38;2;186;182;116m[48;2;182;178;109m▀[0m[38;2;214;211;167m[48;2;182;178;109m▀[0m     [38;2;55;54;55m[48;2;223;218;222m▀[0m[38;2;224;223;226m[48;2;220;216;221m▀[0m[38;2;147;141;180m▄[0m[38;2;221;217;222m▄[0m   
          [38;2;221;219;180m[48;2;207;203;154m▀[0m[38;2;209;207;158m[48;2;207;203;153m▀[0m[38;2;95;94;78m▄[0m           [38;2;200;197;141m[48;2;202;198;142m▀[0m[38;2;144;140;79m[48;2;184;181;112m▀[0m[38;2;182;178;109m[48;2;180;176;105m▀[0m[38;2;174;170;95m[48;2;172;168;93m▀[0m[38;2;13;12;8m[48;2;191;186;122m▀[0m    [38;2;212;210;214m▄[0m[38;2;29;27;32m[48;2;110;101;153m▀[0m[38;2;100;92;142m[48;2;107;98;151m▀[0m[38;2;214;208;214m[48;2;101;93;142m▀[0m   
     [38;2;229;223;227m[48;2;214;209;214m▀[0m   [38;2;118;116;78m[48;2;199;195;138m▀[0m[38;2;207;203;154m[48;2;207;203;154m▀[0m[38;2;212;209;164m[48;2;191;186;123m▀[0m[38;2;45;44;42m[48;2;202;198;142m▀[0m          [38;2;110;106;80m▄[0m[38;2;205;201;149m[48;2;212;208;163m▀[0m[38;2;182;178;109m[48;2;178;173;103m▀[0m[38;2;176;173;99m[48;2;169;166;91m▀[0m[38;2;163;159;82m[48;2;169;165;92m▀[0m[38;2;186;182;116m[48;2;202;198;142m▀[0m    [38;2;95;92;97m▀[0m[38;2;103;95;145m▀[0m[38;2;95;87;133m[48;2;5;4;6m▀[0m[38;2;0;0;0m[48;2;104;96;147m▀[0m   
   [38;2;212;209;216m[48;2;204;196;209m▀[0m[38;2;157;152;187m[48;2;101;93;142m▀[0m[38;2;98;91;138m[48;2;99;91;140m▀[0m[38;2;119;111;161m[48;2;98;91;138m▀[0m[38;2;233;231;232m[48;2;164;160;165m▀[0m [38;2;95;94;65m▀[0m[38;2;207;203;153m[48;2;208;205;155m▀[0m[38;2;201;197;141m[48;2;191;186;122m▀[0m[38;2;207;203;154m[48;2;186;182;115m▀[0m[38;2;45;44;32m[48;2;205;201;148m▀[0m      [38;2;1;1;1m▄[0m[38;2;165;160;192m▄[0m[38;2;162;157;190m▄[0m[38;2;142;140;105m[48;2;202;198;142m▀[0m[38;2;208;205;154m[48;2;191;187;124m▀[0m[38;2;172;168;94m[48;2;163;161;83m▀[0m[38;2;168;164;88m[48;2;164;162;84m▀[0m[38;2;161;158;81m[48;2;161;158;81m▀[0m[38;2;186;182;115m[48;2;204;201;147m▀[0m      [38;2;166;160;193m[48;2;170;165;196m▀[0m[38;2;110;101;154m[48;2;139;132;175m▀[0m   
    [38;2;149;142;181m▀[0m[38;2;101;93;142m[48;2;31;28;41m▀[0m[38;2;98;91;138m[48;2;115;107;157m▀[0m   [38;2;18;17;18m[48;2;202;198;143m▀[0m[38;2;199;196;138m[48;2;177;173;100m▀[0m[38;2;182;178;109m[48;2;180;175;104m▀[0m[38;2;185;182;113m[48;2;178;173;103m▀[0m[38;2;183;180;137m[48;2;177;173;100m▀[0m[38;2;60;60;26m[48;2;191;186;123m▀[0m [38;2;109;103;131m▄[0m[38;2;7;6;11m[48;2;204;201;220m▀[0m[38;2;188;183;208m[48;2;190;186;209m▀[0m[38;2;166;160;193m[48;2;162;157;190m▀[0m[38;2;166;160;193m[48;2;166;160;193m▀[0m[38;2;164;159;192m[48;2;69;65;87m▀[0m[38;2;167;161;193m[48;2;167;161;194m▀[0m[38;2;169;166;90m[48;2;161;155;189m▀[0m[38;2;168;164;88m[48;2;166;163;86m▀[0m[38;2;164;162;83m[48;2;168;164;88m▀[0m[38;2;161;158;81m[48;2;175;171;97m▀[0m[38;2;1;1;1m▀[0m      [38;2;150;143;182m[48;2;40;36;49m▀[0m[38;2;147;141;180m[48;2;151;144;183m▀[0m   
     [38;2;173;168;197m▀[0m[38;2;101;93;142m[48;2;117;109;159m▀[0m[38;2;0;0;0m[48;2;122;115;163m▀[0m   [38;2;197;193;134m[48;2;16;15;6m▀[0m[38;2;176;172;99m[48;2;192;187;124m▀[0m[38;2;172;168;93m[48;2;168;164;88m▀[0m[38;2;173;169;94m[48;2;170;166;90m▀[0m[38;2;168;164;88m[48;2;172;168;94m▀[0m[38;2;59;57;38m[48;2;166;160;193m▀[0m[38;2;187;183;208m[48;2;115;114;120m▀[0m[38;2;189;185;209m[48;2;162;157;190m▀[0m[38;2;166;160;193m[48;2;166;160;193m▀[0m[38;2;162;157;190m[48;2;167;161;193m▀[0m[38;2;166;160;193m[48;2;234;234;241m▀[0m[38;2;226;226;235m[48;2;255;255;255m▀[0m[38;2;255;255;255m[48;2;167;162;194m▀[0m[38;2;166;160;193m[48;2;167;162;193m▀[0m[38;2;166;160;193m[48;2;161;156;190m▀[0m[38;2;101;93;142m[48;2;101;93;142m▀[0m[38;2;101;93;142m[48;2;101;93;142m▀[0m[38;2;129;122;167m[48;2;98;91;139m▀[0m      [38;2;50;46;67m[48;2;101;94;139m▀[0m[38;2;151;144;183m[48;2;140;134;176m▀[0m   
      [38;2;0;0;0m▀[0m[38;2;100;92;141m[48;2;162;157;190m▀[0m[38;2;0;0;0m[48;2;102;94;144m▀[0m   [38;2;0;0;0m▀[0m[38;2;172;168;93m▀[0m[38;2;172;168;94m[48;2;200;197;139m▀[0m[38;2;183;178;108m[48;2;84;79;106m▀[0m[38;2;167;161;193m[48;2;166;160;193m▀[0m[38;2;245;245;249m[48;2;170;165;196m▀[0m[38;2;92;92;95m[48;2;162;157;190m▀[0m[38;2;36;34;42m[48;2;184;179;205m▀[0m[38;2;167;162;193m[48;2;32;30;32m▀[0m[38;2;162;157;190m[48;2;233;231;232m▀[0m[38;2;165;160;193m[48;2;195;188;198m▀[0m[38;2;166;160;193m[48;2;174;169;199m▀[0m[38;2;161;156;190m[48;2;167;161;193m▀[0m[38;2;132;124;169m[48;2;115;107;157m▀[0m[38;2;98;91;138m[48;2;99;91;140m▀[0m[38;2;101;93;142m[48;2;101;93;142m▀[0m[38;2;147;142;178m[48;2;162;157;190m▀[0m[38;2;200;197;217m[48;2;167;162;193m▀[0m[38;2;167;161;193m[48;2;169;164;195m▀[0m[38;2;137;131;167m[48;2;167;161;193m▀[0m[38;2;140;132;175m▄[0m[38;2;167;161;193m▄[0m[38;2;166;160;193m▄[0m[38;2;174;169;198m[48;2;29;26;29m▀[0m[38;2;105;97;148m▀[0m   
        [38;2;102;94;145m[48;2;67;62;88m▀[0m[38;2;167;162;193m[48;2;100;92;141m▀[0m     [38;2;80;74;89m[48;2;1;1;1m▀[0m[38;2;166;160;193m[48;2;166;160;193m▀[0m[38;2;166;160;193m[48;2;167;161;193m▀[0m[38;2;162;157;190m[48;2;166;160;193m▀[0m[38;2;229;225;229m[48;2;221;219;221m▀[0m[38;2;248;242;248m[48;2;233;228;230m▀[0m[38;2;31;29;30m[48;2;33;30;31m▀[0m[38;2;235;233;233m[48;2;33;32;33m▀[0m[38;2;220;214;224m[48;2;217;215;217m▀[0m[38;2;155;149;186m[48;2;117;113;119m▀[0m[38;2;98;91;138m[48;2;100;92;141m▀[0m[38;2;101;93;142m[48;2;101;93;142m▀[0m[38;2;101;93;143m[48;2;101;93;142m▀[0m[38;2;162;157;190m[48;2;101;93;142m▀[0m[38;2;166;160;193m[48;2;101;93;142m▀[0m[38;2;86;82;108m[48;2;102;94;143m▀[0m[38;2;162;157;190m[48;2;104;96;147m▀[0m[38;2;125;118;165m▀[0m[38;2;2;2;1m▀[0m      
         [38;2;176;171;200m▀[0m[38;2;98;91;134m▀[0m[38;2;96;89;130m[48;2;150;144;182m▀[0m[38;2;118;109;159m▄[0m[38;2;119;111;160m▄[0m[38;2;102;94;143m▄[0m[38;2;98;91;138m▄[0m[38;2;166;160;193m[48;2;162;157;190m▀[0m[38;2;164;159;192m[48;2;162;157;190m▀[0m[38;2;166;160;193m[48;2;166;160;193m▀[0m[38;2;112;111;112m[48;2;249;247;249m▀[0m[38;2;235;230;232m[48;2;41;39;40m▀[0m[38;2;28;27;27m[48;2;238;235;236m▀[0m[38;2;30;28;29m[48;2;29;29;29m▀[0m[38;2;67;66;67m[48;2;59;58;58m▀[0m[38;2;204;199;208m[48;2;19;19;19m▀[0m[38;2;101;93;142m[48;2;102;94;143m▀[0m[38;2;101;93;142m[48;2;98;91;138m▀[0m[38;2;99;91;140m[48;2;101;93;142m▀[0m[38;2;101;93;142m[48;2;101;93;142m▀[0m[38;2;101;93;142m[48;2;106;97;149m▀[0m[38;2;107;99;150m[48;2;43;39;58m▀[0m[38;2;9;7;13m▀[0m        
             [38;2;109;100;152m▀[0m[38;2;102;94;143m[48;2;110;101;153m▀[0m[38;2;99;91;140m[48;2;101;93;142m▀[0m[38;2;118;113;138m[48;2;74;68;101m▀[0m[38;2;115;113;130m[48;2;98;91;138m▀[0m[38;2;166;161;193m[48;2;102;94;144m▀[0m[38;2;167;161;193m[48;2;99;92;140m▀[0m[38;2;189;185;189m[48;2;87;80;121m▀[0m[38;2;42;41;42m[48;2;15;15;15m▀[0m[38;2;61;60;60m[48;2;91;85;126m▀[0m[38;2;152;148;152m[48;2;20;19;25m▀[0m[38;2;177;174;180m[48;2;115;107;157m▀[0m[38;2;101;93;143m[48;2;99;91;140m▀[0m[38;2;99;91;141m[48;2;98;91;138m▀[0m[38;2;101;93;142m[48;2;72;66;101m▀[0m[38;2;179;174;202m[48;2;162;157;190m▀[0m[38;2;191;187;210m[48;2;166;160;193m▀[0m[38;2;162;157;190m[48;2;177;172;201m▀[0m[38;2;222;218;223m[48;2;152;144;159m▀[0m[38;2;21;19;30m[48;2;72;67;98m▀[0m       
              [38;2;126;121;151m▀[0m[38;2;102;94;144m▀[0m[38;2;101;93;142m[48;2;105;97;146m▀[0m[38;2;101;93;142m[48;2;77;73;98m▀[0m[38;2;98;91;138m[48;2;102;94;144m▀[0m[38;2;98;91;138m[48;2;101;93;142m▀[0m[38;2;51;47;71m[48;2;101;93;142m▀[0m[38;2;104;96;147m[48;2;101;93;142m▀[0m[38;2;105;97;148m[48;2;100;92;141m▀[0m[38;2;104;96;147m[48;2;101;93;142m▀[0m[38;2;98;91;139m[48;2;101;93;142m▀[0m[38;2;98;91;138m[48;2;101;93;142m▀[0m[38;2;65;62;62m[48;2;101;93;142m▀[0m[38;2;132;124;136m[48;2;134;126;138m▀[0m[38;2;120;113;149m[48;2;132;123;136m▀[0m[38;2;99;91;141m[48;2;98;91;138m▀[0m[38;2;101;93;142m[48;2;101;93;142m▀[0m[38;2;149;139;155m[48;2;98;91;139m▀[0m[38;2;146;139;155m[48;2;103;95;145m▀[0m[38;2;56;51;78m[48;2;6;5;6m▀[0m      
               [38;2;201;198;217m▄[0m[38;2;4;4;4m[48;2;197;193;215m▀[0m[38;2;167;161;194m[48;2;83;78;102m▀[0m[38;2;165;160;193m[48;2;128;122;163m▀[0m[38;2;98;91;138m[48;2;173;168;198m▀[0m[38;2;101;93;142m[48;2;43;39;51m▀[0m[38;2;100;92;141m[48;2;98;91;138m▀[0m[38;2;101;93;142m[48;2;100;92;141m▀[0m[38;2;45;41;57m[48;2;99;91;140m▀[0m[38;2;101;93;142m[48;2;100;91;141m▀[0m[38;2;100;92;141m[48;2;98;91;138m▀[0m[38;2;101;93;142m[48;2;101;93;142m▀[0m[38;2;71;66;100m[48;2;98;91;138m▀[0m[38;2;113;105;156m[48;2;159;153;188m▀[0m[38;2;98;91;138m[48;2;101;93;142m▀[0m[38;2;101;93;142m[48;2;101;93;142m▀[0m[38;2;100;92;142m[48;2;98;91;138m▀[0m[38;2;99;91;141m[48;2;98;91;138m▀[0m[38;2;86;80;115m▀[0m      
              [38;2;110;105;137m[48;2;166;160;193m▀[0m[38;2;171;166;197m[48;2;162;157;190m▀[0m[38;2;166;160;193m[48;2;163;158;191m▀[0m[38;2;166;160;193m[48;2;166;160;193m▀[0m[38;2;124;116;164m[48;2;58;53;82m▀[0m[38;2;2;0;2m[48;2;98;91;138m▀[0m[38;2;98;91;138m[48;2;100;93;141m▀[0m[38;2;101;93;142m[48;2;86;79;121m▀[0m[38;2;99;91;140m[48;2;54;50;75m▀[0m[38;2;101;93;142m[48;2;110;101;154m▀[0m[38;2;98;91;138m[48;2;112;104;156m▀[0m[38;2;40;37;52m[48;2;116;108;158m▀[0m[38;2;51;47;72m[48;2;113;105;156m▀[0m[38;2;103;94;145m[48;2;122;113;162m▀[0m[38;2;82;76;115m▀[0m[38;2;143;137;175m▀[0m[38;2;99;91;140m▀[0m[38;2;101;93;142m[48;2;157;153;158m▀[0m[38;2;34;32;44m[48;2;152;144;159m▀[0m       
              [38;2;166;160;193m[48;2;166;160;193m▀[0m[38;2;178;176;177m[48;2;56;52;58m▀[0m[38;2;212;211;211m[48;2;136;128;139m▀[0m[38;2;145;138;178m[48;2;93;85;131m▀[0m[38;2;101;93;142m[48;2;101;93;142m▀[0m[38;2;100;92;141m[48;2;99;92;140m▀[0m[38;2;101;93;142m[48;2;104;95;147m▀[0m  [38;2;47;44;66m▀[0m[38;2;132;124;169m▀[0m[38;2;131;124;169m▀[0m[38;2;5;4;4m▀[0m             
            [38;2;148;138;152m[48;2;116;110;119m▀[0m[38;2;67;62;69m[48;2;150;141;157m▀[0m[38;2;100;92;142m▀[0m[38;2;98;91;138m[48;2;101;93;142m▀[0m[38;2;22;19;26m[48;2;98;91;138m▀[0m[38;2;101;93;142m[48;2;98;91;138m▀[0m[38;2;99;91;139m[48;2;101;93;142m▀[0m[38;2;101;93;142m[48;2;4;3;3m▀[0m                    
                [38;2;78;72;109m▀[0m [38;2;135;127;139m[48;2;135;128;140m▀[0m                     
                                        
