                                        
                    [38;2;22;19;14m[48;2;249;212;155m▀[0m                   
              [38;2;249;213;155m▄[0m   [38;2;249;213;155m▄[0m[38;2;249;212;156m[48;2;249;213;155m▀[0m[38;2;246;207;153m[48;2;249;212;156m▀[0m                   
              [38;2;249;211;156m[48;2;248;211;152m▀[0m[38;2;160;145;105m[48;2;244;201;145m▀[0m [38;2;146;120;71m[48;2;246;195;114m▀[0m[38;2;248;210;151m[48;2;249;211;154m▀[0m[38;2;249;213;156m[48;2;247;209;151m▀[0m[38;2;249;213;155m[48;2;248;211;154m▀[0m                   
              [38;2;241;196;115m[48;2;0;0;0m▀[0m[38;2;243;194;125m[48;2;247;196;115m▀[0m[38;2;240;185;112m[48;2;246;195;114m▀[0m[38;2;247;195;114m[48;2;244;190;111m▀[0m[38;2;247;205;137m[48;2;246;195;114m▀[0m[38;2;243;196;129m[48;2;247;195;114m▀[0m[38;2;246;196;118m[48;2;246;195;114m▀[0m[38;2;246;195;115m▄[0m[38;2;0;0;0m[48;2;247;201;129m▀[0m[38;2;0;0;0m[48;2;248;205;136m▀[0m[38;2;0;0;0m▀[0m               
          [38;2;12;7;6m▄[0m[38;2;252;145;125m▄[0m[38;2;241;136;114m▄[0m[38;2;243;150;127m[48;2;241;132;109m▀[0m[38;2;238;138;119m[48;2;241;121;95m▀[0m[38;2;241;185;110m[48;2;252;126;100m▀[0m[38;2;246;195;114m[48;2;241;121;96m▀[0m[38;2;246;195;114m[48;2;110;55;43m▀[0m[38;2;246;195;114m[48;2;248;195;113m▀[0m[38;2;245;192;113m[48;2;247;195;114m▀[0m[38;2;246;195;114m[48;2;242;187;111m▀[0m[38;2;244;189;111m[48;2;197;154;95m▀[0m[38;2;242;191;112m[48;2;32;25;15m▀[0m[38;2;0;0;0m▀[0m                
       [38;2;249;216;210m▄[0m[38;2;250;145;126m[48;2;245;184;173m▀[0m[38;2;239;138;119m[48;2;240;138;119m▀[0m[38;2;239;137;119m[48;2;241;140;120m▀[0m[38;2;243;143;122m[48;2;238;133;114m▀[0m[38;2;244;142;121m[48;2;241;127;103m▀[0m[38;2;241;132;108m[48;2;236;114;93m▀[0m[38;2;239;118;94m[48;2;236;115;93m▀[0m[38;2;241;121;96m[48;2;239;119;94m▀[0m[38;2;240;121;96m[48;2;146;74;58m▀[0m[38;2;240;120;95m[48;2;93;46;37m▀[0m[38;2;240;121;96m[48;2;242;143;124m▀[0m[38;2;240;121;96m[48;2;244;166;149m▀[0m[38;2;181;145;91m[48;2;235;116;93m▀[0m[38;2;3;3;1m[48;2;51;26;20m▀[0m                  
     [38;2;237;122;100m▄[0m[38;2;244;143;123m[48;2;238;136;118m▀[0m[38;2;244;143;122m[48;2;243;136;114m▀[0m[38;2;244;144;123m[48;2;242;131;107m▀[0m[38;2;243;144;122m[48;2;255;255;255m▀[0m[38;2;222;223;223m[48;2;255;255;255m▀[0m[38;2;255;255;255m[48;2;255;255;255m▀[0m[38;2;55;47;46m[48;2;255;255;255m▀[0m[38;2;240;120;95m[48;2;211;103;83m▀[0m[38;2;235;115;94m[48;2;241;121;96m▀[0m[38;2;241;121;96m[48;2;240;120;95m▀[0m[38;2;25;13;11m[48;2;218;112;89m▀[0m[38;2;241;121;97m[48;2;241;121;96m▀[0m[38;2;59;29;23m[48;2;241;121;96m▀[0m[38;2;239;118;94m[48;2;235;114;93m▀[0m[38;2;244;165;149m[48;2;236;115;93m▀[0m[38;2;241;162;148m[48;2;241;121;96m▀[0m[38;2;238;123;98m[48;2;241;121;95m▀[0m[38;2;76;39;31m▄[0m                
    [38;2;238;195;196m▀[0m[38;2;143;113;115m[48;2;235;182;184m▀[0m[38;2;239;119;94m[48;2;50;28;25m▀[0m[38;2;241;121;96m[48;2;241;120;95m▀[0m[38;2;241;121;96m[48;2;241;121;96m▀[0m[38;2;255;255;255m[48;2;245;245;249m▀[0m[38;2;255;255;255m[48;2;255;255;255m▀[0m[38;2;255;255;255m[48;2;255;255;255m▀[0m[38;2;255;255;255m[48;2;245;245;249m▀[0m[38;2;241;243;249m[48;2;62;70;72m▀[0m[38;2;240;121;96m[48;2;240;121;96m▀[0m[38;2;241;121;96m[48;2;241;121;96m▀[0m[38;2;243;122;97m[48;2;241;121;96m▀[0m[38;2;241;121;96m[48;2;86;43;34m▀[0m[38;2;241;121;96m[48;2;228;113;90m▀[0m[38;2;241;121;95m[48;2;237;117;93m▀[0m[38;2;238;117;94m[48;2;240;121;95m▀[0m[38;2;241;121;96m[48;2;241;121;96m▀[0m[38;2;241;121;96m[48;2;241;121;96m▀[0m[38;2;235;115;93m[48;2;241;121;96m▀[0m[38;2;0;0;0m[48;2;241;121;96m▀[0m      [38;2;237;119;95m▄[0m[38;2;228;115;92m▄[0m[38;2;138;136;136m▄[0m[38;2;178;175;174m▄[0m     
     [38;2;136;96;103m[48;2;138;95;104m▀[0m[38;2;233;181;182m[48;2;232;177;179m▀[0m[38;2;240;121;96m[48;2;236;116;93m▀[0m[38;2;241;121;96m[48;2;249;127;100m▀[0m[38;2;114;58;46m[48;2;241;121;95m▀[0m[38;2;234;235;241m[48;2;241;121;96m▀[0m[38;2;234;235;240m[48;2;240;121;96m▀[0m[38;2;233;234;240m[48;2;241;121;96m▀[0m[38;2;241;121;96m[48;2;241;121;96m▀[0m[38;2;238;118;94m[48;2;250;165;147m▀[0m[38;2;80;52;46m[48;2;61;59;59m▀[0m[38;2;241;157;142m[48;2;234;225;228m▀[0m[38;2;241;156;141m[48;2;236;233;232m▀[0m[38;2;243;157;140m[48;2;237;235;235m▀[0m[38;2;241;156;140m[48;2;234;229;230m▀[0m[38;2;244;155;136m[48;2;232;223;227m▀[0m[38;2;247;156;136m[48;2;237;235;235m▀[0m[38;2;245;150;130m[48;2;249;248;248m▀[0m[38;2;244;148;129m[48;2;238;119;94m▀[0m[38;2;248;145;122m[48;2;196;101;82m▀[0m[38;2;158;86;71m[48;2;177;96;78m▀[0m [38;2;6;3;2m▄[0m[38;2;174;95;78m▄[0m[38;2;186;99;81m[48;2;188;183;183m▀[0m[38;2;151;79;66m[48;2;185;182;182m▀[0m[38;2;172;165;166m[48;2;232;227;228m▀[0m[38;2;183;178;178m[48;2;233;225;229m▀[0m[38;2;219;214;214m[48;2;232;223;227m▀[0m[38;2;236;234;234m[48;2;241;234;236m▀[0m     
     [38;2;88;60;67m[48;2;192;126;144m▀[0m[38;2;230;173;177m[48;2;233;180;182m▀[0m[38;2;241;121;96m[48;2;235;114;93m▀[0m[38;2;60;49;28m[48;2;240;121;96m▀[0m[38;2;249;230;204m[48;2;108;53;43m▀[0m[38;2;234;113;92m[48;2;247;199;121m▀[0m[38;2;241;122;96m[48;2;236;116;93m▀[0m[38;2;240;121;96m[48;2;22;10;8m▀[0m[38;2;246;162;144m[48;2;3;1;1m▀[0m[38;2;130;127;127m[48;2;155;149;152m▀[0m[38;2;237;235;235m[48;2;232;223;227m▀[0m[38;2;232;230;230m[48;2;235;229;231m▀[0m[38;2;200;196;196m[48;2;237;235;235m▀[0m[38;2;245;242;242m[48;2;237;235;235m▀[0m[38;2;237;235;235m[48;2;237;235;235m▀[0m[38;2;237;235;235m[48;2;22;22;22m▀[0m[38;2;41;40;40m[48;2;241;121;96m▀[0m[38;2;241;121;96m[48;2;204;105;85m▀[0m[38;2;202;105;85m[48;2;188;100;82m▀[0m[38;2;177;95;78m[48;2;181;97;80m▀[0m[38;2;173;91;77m[48;2;176;95;78m▀[0m[38;2;27;15;12m[48;2;53;28;25m▀[0m[38;2;176;95;79m[48;2;177;173;173m▀[0m[38;2;171;164;165m[48;2;128;127;127m▀[0m[38;2;217;211;212m[48;2;232;223;227m▀[0m[38;2;233;224;227m[48;2;235;228;230m▀[0m[38;2;234;229;230m[48;2;232;224;227m▀[0m[38;2;239;229;235m[48;2;237;235;235m▀[0m[38;2;245;241;241m[48;2;236;232;232m▀[0m[38;2;0;0;0m▀[0m     
    [38;2;176;123;97m[48;2;178;127;99m▀[0m[38;2;237;197;200m▀[0m[38;2;171;132;134m[48;2;176;95;78m▀[0m[38;2;238;120;95m[48;2;182;98;80m▀[0m[38;2;236;115;93m[48;2;187;100;82m▀[0m[38;2;238;118;94m[48;2;207;107;86m▀[0m[38;2;252;199;117m[48;2;209;104;85m▀[0m[38;2;235;115;93m[48;2;16;12;8m▀[0m[38;2;236;115;93m[48;2;234;115;93m▀[0m[38;2;68;67;68m[48;2;238;119;95m▀[0m[38;2;124;123;123m[48;2;219;113;89m▀[0m[38;2;137;136;136m[48;2;237;235;235m▀[0m[38;2;237;235;235m[48;2;237;235;235m▀[0m[38;2;237;235;235m[48;2;237;235;235m▀[0m[38;2;237;235;235m[48;2;237;233;233m▀[0m[38;2;249;248;248m[48;2;199;105;87m▀[0m[38;2;222;114;92m[48;2;191;101;83m▀[0m[38;2;190;98;81m[48;2;190;101;82m▀[0m[38;2;190;101;82m[48;2;185;97;80m▀[0m[38;2;197;103;84m[48;2;65;35;28m▀[0m[38;2;187;99;81m[48;2;186;96;81m▀[0m[38;2;185;99;81m[48;2;186;99;81m▀[0m[38;2;117;62;51m[48;2;215;211;211m▀[0m[38;2;237;234;234m[48;2;232;223;227m▀[0m[38;2;234;227;230m[48;2;237;235;235m▀[0m[38;2;234;229;230m[48;2;234;229;230m▀[0m[38;2;234;228;230m[48;2;232;222;229m▀[0m[38;2;237;235;235m[48;2;231;222;229m▀[0m[38;2;237;234;234m▀[0m       
    [38;2;188;134;104m[48;2;183;127;100m▀[0m [38;2;148;79;66m▀[0m[38;2;182;97;80m[48;2;178;94;77m▀[0m[38;2;185;98;81m[48;2;190;101;82m▀[0m[38;2;185;99;82m[48;2;156;84;69m▀[0m[38;2;183;98;81m[48;2;178;97;79m▀[0m[38;2;222;168;108m[48;2;221;170;108m▀[0m[38;2;176;95;79m[48;2;173;92;76m▀[0m[38;2;173;91;76m[48;2;176;95;78m▀[0m[38;2;177;95;78m[48;2;172;92;76m▀[0m[38;2;176;95;78m[48;2;188;101;83m▀[0m[38;2;115;113;114m[48;2;173;92;77m▀[0m[38;2;237;235;235m[48;2;181;97;80m▀[0m[38;2;237;235;235m[48;2;237;235;235m▀[0m[38;2;179;96;79m[48;2;175;95;78m▀[0m[38;2;179;93;78m[48;2;177;96;78m▀[0m[38;2;182;97;81m[48;2;176;94;78m▀[0m[38;2;181;95;78m[48;2;178;95;79m▀[0m[38;2;182;95;80m[48;2;182;95;79m▀[0m[38;2;185;96;79m[48;2;185;98;81m▀[0m[38;2;180;96;79m[48;2;177;96;78m▀[0m[38;2;180;178;178m[48;2;237;235;234m▀[0m[38;2;238;235;235m[48;2;237;235;235m▀[0m[38;2;237;235;235m[48;2;237;235;235m▀[0m[38;2;237;235;235m[48;2;237;233;233m▀[0m[38;2;237;235;235m[48;2;237;235;235m▀[0m[38;2;215;211;211m▀[0m        
     [38;2;176;125;98m▄[0m   [38;2;208;109;88m▀[0m[38;2;187;100;81m▀[0m[38;2;221;171;108m[48;2;221;170;108m▀[0m[38;2;176;95;79m[48;2;176;95;78m▀[0m[38;2;174;94;78m[48;2;4;2;2m▀[0m[38;2;33;17;14m[48;2;167;90;74m▀[0m[38;2;173;92;77m[48;2;29;15;13m▀[0m[38;2;176;95;78m[48;2;175;95;78m▀[0m[38;2;177;95;79m[48;2;174;93;77m▀[0m[38;2;177;95;78m[48;2;176;95;78m▀[0m[38;2;179;96;80m[48;2;175;95;79m▀[0m[38;2;176;96;79m[48;2;178;95;79m▀[0m[38;2;180;97;80m▀[0m[38;2;183;95;80m▀[0m[38;2;0;0;0m▀[0m [38;2;174;94;77m[48;2;173;91;76m▀[0m[38;2;237;235;235m[48;2;237;235;235m▀[0m[38;2;134;133;133m[48;2;237;235;234m▀[0m[38;2;237;235;235m[48;2;231;223;228m▀[0m[38;2;237;233;234m[48;2;231;223;228m▀[0m[38;2;232;223;227m[48;2;232;223;227m▀[0m         
      [38;2;167;121;94m▄[0m    [38;2;222;171;109m[48;2;221;170;108m▀[0m[38;2;148;113;83m[48;2;197;146;103m▀[0m[38;2;148;113;84m[48;2;176;132;94m▀[0m[38;2;148;112;83m[48;2;161;118;87m▀[0m[38;2;149;113;84m[48;2;157;118;86m▀[0m[38;2;159;120;89m[48;2;151;114;85m▀[0m[38;2;145;109;82m[48;2;161;120;88m▀[0m[38;2;176;129;93m▄[0m      [38;2;102;55;46m▀[0m[38;2;44;47;49m[48;2;177;95;78m▀[0m[38;2;236;232;232m[48;2;234;228;230m▀[0m[38;2;236;231;232m[48;2;237;235;235m▀[0m[38;2;232;223;227m[48;2;237;235;235m▀[0m[38;2;234;227;229m[48;2;242;239;239m▀[0m         
      [38;2;0;0;0m▀[0m[38;2;46;34;24m▄[0m  [38;2;1;1;0m▄[0m[38;2;213;164;104m[48;2;16;12;8m▀[0m[38;2;149;107;77m[48;2;233;182;112m▀[0m[38;2;197;145;102m[48;2;195;141;100m▀[0m[38;2;198;147;102m[48;2;44;32;23m▀[0m[38;2;199;147;103m[48;2;199;147;102m▀[0m[38;2;195;142;100m[48;2;216;164;109m▀[0m[38;2;199;147;103m[48;2;233;181;110m▀[0m[38;2;210;159;106m[48;2;246;194;114m▀[0m[38;2;220;165;107m[48;2;247;195;114m▀[0m[38;2;219;178;103m▄[0m     [38;2;207;107;87m▀[0m[38;2;244;242;242m[48;2;240;119;95m▀[0m[38;2;232;223;227m[48;2;237;235;235m▀[0m[38;2;235;229;231m▀[0m          
       [38;2;205;151;106m[48;2;125;97;59m▀[0m    [38;2;220;168;107m▀[0m[38;2;198;147;103m[48;2;254;208;121m▀[0m [38;2;191;145;93m▀[0m[38;2;240;184;110m[48;2;242;199;117m▀[0m[38;2;240;185;110m[48;2;188;151;89m▀[0m[38;2;123;97;57m▀[0m[38;2;243;190;111m▀[0m[38;2;246;194;113m▀[0m[38;2;0;0;0m▄[0m      [38;2;14;12;12m▀[0m           
       [38;2;153;118;71m[48;2;250;200;117m▀[0m     [38;2;234;179;111m▀[0m[38;2;245;195;113m▄[0m                         
               [38;2;250;200;117m▀[0m[38;2;171;137;79m▀[0m[38;2;248;220;175m▄[0m[38;2;0;0;0m▄[0m                     
                                        
