                                        
                    [38;2;22;19;14m[48;2;249;212;155m▀[0m                   
              [38;2;249;213;155m▄[0m   [38;2;249;213;155m▄[0m[38;2;249;212;156m[48;2;249;213;155m▀[0m[38;2;246;207;153m[48;2;249;212;156m▀[0m                   
              [38;2;249;211;156m[48;2;248;211;152m▀[0m[38;2;160;145;105m[48;2;244;201;145m▀[0m [38;2;146;120;71m[48;2;246;195;114m▀[0m[38;2;248;210;151m[48;2;249;211;154m▀[0m[38;2;249;213;156m[48;2;247;209;151m▀[0m[38;2;249;213;155m[48;2;248;211;154m▀[0m                   
              [38;2;241;196;115m[48;2;0;0;0m▀[0m[38;2;243;194;125m[48;2;247;196;115m▀[0m[38;2;240;185;112m[48;2;246;195;114m▀[0m[38;2;247;195;114m[48;2;244;190;111m▀[0m[38;2;247;205;137m[48;2;246;195;114m▀[0m[38;2;243;196;129m[48;2;247;195;114m▀[0m[38;2;246;196;118m[48;2;246;195;114m▀[0m[38;2;246;195;115m▄[0m[38;2;0;0;0m[48;2;247;201;129m▀[0m[38;2;0;0;0m[48;2;248;205;136m▀[0m[38;2;0;0;0m▀[0m               
          [38;2;14;11;6m▄[0m[38;2;255;239;159m▄[0m[38;2;254;232;134m▄[0m[38;2;248;234;159m[48;2;255;231;127m▀[0m[38;2;252;231;141m[48;2;255;229;110m▀[0m[38;2;241;185;110m[48;2;255;232;127m▀[0m[38;2;246;195;114m[48;2;255;227;111m▀[0m[38;2;246;195;114m[48;2;132;106;34m▀[0m[38;2;246;195;114m[48;2;248;195;113m▀[0m[38;2;245;192;113m[48;2;247;195;114m▀[0m[38;2;246;195;114m[48;2;242;187;111m▀[0m[38;2;244;189;111m[48;2;197;154;95m▀[0m[38;2;242;191;112m[48;2;32;25;15m▀[0m[38;2;0;0;0m▀[0m                
       [38;2;255;252;238m▄[0m[38;2;255;236;156m[48;2;254;246;207m▀[0m[38;2;253;232;141m[48;2;253;232;142m▀[0m[38;2;253;230;142m[48;2;254;233;143m▀[0m[38;2;254;235;145m[48;2;252;230;134m▀[0m[38;2;255;236;144m[48;2;255;230;121m▀[0m[38;2;254;232;126m[48;2;252;221;106m▀[0m[38;2;253;225;107m[48;2;252;223;105m▀[0m[38;2;255;227;111m[48;2;253;226;107m▀[0m[38;2;254;227;110m[48;2;171;141;56m▀[0m[38;2;254;226;108m[48;2;105;86;33m▀[0m[38;2;254;226;109m[48;2;254;235;148m▀[0m[38;2;255;227;111m[48;2;254;242;179m▀[0m[38;2;181;145;91m[48;2;251;222;106m▀[0m[38;2;3;3;1m[48;2;62;49;14m▀[0m                  
     [38;2;252;225;114m▄[0m[38;2;255;236;146m[48;2;252;229;140m▀[0m[38;2;255;236;144m[48;2;255;233;135m▀[0m[38;2;255;235;146m[48;2;255;231;124m▀[0m[38;2;254;236;145m[48;2;255;255;255m▀[0m[38;2;222;223;223m[48;2;255;255;255m▀[0m[38;2;255;255;255m[48;2;255;255;255m▀[0m[38;2;55;47;46m[48;2;255;255;255m▀[0m[38;2;254;227;109m[48;2;223;197;98m▀[0m[38;2;251;220;106m[48;2;255;227;111m▀[0m[38;2;255;227;111m[48;2;254;227;108m▀[0m[38;2;29;20;9m[48;2;231;206;106m▀[0m[38;2;255;227;111m[48;2;255;227;110m▀[0m[38;2;72;53;16m[48;2;255;227;110m▀[0m[38;2;253;225;108m[48;2;251;221;105m▀[0m[38;2;254;241;179m[48;2;252;223;106m▀[0m[38;2;254;239;178m[48;2;255;227;110m▀[0m[38;2;246;223;121m[48;2;255;227;109m▀[0m[38;2;89;73;31m▄[0m                
    [38;2;255;245;190m▀[0m[38;2;151;144;118m[48;2;255;242;178m▀[0m[38;2;254;225;107m[48;2;62;49;21m▀[0m[38;2;255;227;110m[48;2;255;227;110m▀[0m[38;2;255;227;110m[48;2;255;227;110m▀[0m[38;2;255;255;255m[48;2;245;245;249m▀[0m[38;2;255;255;255m[48;2;255;255;255m▀[0m[38;2;255;255;255m[48;2;255;255;255m▀[0m[38;2;255;255;255m[48;2;245;245;249m▀[0m[38;2;241;243;249m[48;2;62;70;72m▀[0m[38;2;254;226;109m[48;2;254;226;109m▀[0m[38;2;255;227;110m[48;2;255;227;110m▀[0m[38;2;255;229;113m[48;2;255;227;110m▀[0m[38;2;255;227;110m[48;2;97;82;36m▀[0m[38;2;255;227;110m[48;2;239;211;108m▀[0m[38;2;255;227;110m[48;2;252;223;105m▀[0m[38;2;253;224;107m[48;2;255;228;109m▀[0m[38;2;255;227;110m[48;2;255;227;111m▀[0m[38;2;255;227;111m[48;2;255;227;110m▀[0m[38;2;251;222;105m[48;2;255;227;110m▀[0m[38;2;0;0;0m[48;2;255;227;110m▀[0m      [38;2;253;224;109m▄[0m[38;2;244;216;105m▄[0m[38;2;138;136;136m▄[0m[38;2;178;175;174m▄[0m     
     [38;2;180;155;100m[48;2;182;154;100m▀[0m[38;2;255;242;175m[48;2;255;241;171m▀[0m[38;2;254;226;109m[48;2;252;223;106m▀[0m[38;2;255;227;110m[48;2;255;231;124m▀[0m[38;2;132;109;43m[48;2;255;229;110m▀[0m[38;2;234;235;241m[48;2;255;228;110m▀[0m[38;2;234;235;240m[48;2;255;226;109m▀[0m[38;2;233;234;240m[48;2;255;228;111m▀[0m[38;2;255;227;111m[48;2;255;226;109m▀[0m[38;2;253;224;106m[48;2;255;243;179m▀[0m[38;2;87;76;48m[48;2;61;59;59m▀[0m[38;2;253;238;170m[48;2;234;225;228m▀[0m[38;2;253;237;167m[48;2;236;233;232m▀[0m[38;2;254;239;167m[48;2;237;235;235m▀[0m[38;2;253;237;167m[48;2;234;229;230m▀[0m[38;2;254;238;163m[48;2;232;223;227m▀[0m[38;2;255;241;165m[48;2;237;235;235m▀[0m[38;2;255;238;155m[48;2;249;248;248m▀[0m[38;2;254;236;155m[48;2;253;224;107m▀[0m[38;2;252;235;154m[48;2;221;189;90m▀[0m[38;2;183;154;73m[48;2;201;173;85m▀[0m [38;2;7;5;2m▄[0m[38;2;200;173;85m▄[0m[38;2;212;183;91m[48;2;188;183;183m▀[0m[38;2;176;147;66m[48;2;185;182;182m▀[0m[38;2;172;165;166m[48;2;232;227;228m▀[0m[38;2;183;178;178m[48;2;233;225;229m▀[0m[38;2;219;214;214m[48;2;232;223;227m▀[0m[38;2;236;234;234m[48;2;241;234;236m▀[0m     
     [38;2;133;105;61m[48;2;230;187;121m▀[0m[38;2;255;237;167m[48;2;255;242;175m▀[0m[38;2;255;226;109m[48;2;251;221;105m▀[0m[38;2;77;72;21m[48;2;254;226;109m▀[0m[38;2;249;248;226m[48;2;123;100;46m▀[0m[38;2;251;220;106m[48;2;243;237;184m▀[0m[38;2;255;229;111m[48;2;252;223;106m▀[0m[38;2;254;226;109m[48;2;24;15;8m▀[0m[38;2;255;242;172m[48;2;3;2;0m▀[0m[38;2;130;127;127m[48;2;155;149;152m▀[0m[38;2;237;235;235m[48;2;232;223;227m▀[0m[38;2;232;230;230m[48;2;235;229;231m▀[0m[38;2;200;196;196m[48;2;237;235;235m▀[0m[38;2;245;242;242m[48;2;237;235;235m▀[0m[38;2;237;235;235m[48;2;237;235;235m▀[0m[38;2;237;235;235m[48;2;22;22;22m▀[0m[38;2;41;40;40m[48;2;255;227;110m▀[0m[38;2;255;227;110m[48;2;228;199;95m▀[0m[38;2;227;197;95m[48;2;213;183;92m▀[0m[38;2;201;172;85m[48;2;206;177;89m▀[0m[38;2;200;168;81m[48;2;201;172;85m▀[0m[38;2;32;24;10m[48;2;64;48;22m▀[0m[38;2;201;171;86m[48;2;177;173;173m▀[0m[38;2;171;164;165m[48;2;128;127;127m▀[0m[38;2;217;211;212m[48;2;232;223;227m▀[0m[38;2;233;224;227m[48;2;235;228;230m▀[0m[38;2;234;229;230m[48;2;232;224;227m▀[0m[38;2;239;229;235m[48;2;237;235;235m▀[0m[38;2;245;241;241m[48;2;236;232;232m▀[0m[38;2;0;0;0m▀[0m     
    [38;2;218;204;57m[48;2;221;207;60m▀[0m[38;2;255;243;192m▀[0m[38;2;202;190;137m[48;2;201;172;85m▀[0m[38;2;254;225;109m[48;2;207;178;89m▀[0m[38;2;252;223;106m[48;2;213;184;92m▀[0m[38;2;253;224;106m[48;2;231;201;96m▀[0m[38;2;243;238;185m[48;2;226;197;95m▀[0m[38;2;252;223;106m[48;2;17;14;5m▀[0m[38;2;252;223;106m[48;2;251;220;106m▀[0m[38;2;68;67;68m[48;2;253;225;108m▀[0m[38;2;124;123;123m[48;2;231;206;105m▀[0m[38;2;137;136;136m[48;2;237;235;235m▀[0m[38;2;237;235;235m[48;2;237;235;235m▀[0m[38;2;237;235;235m[48;2;237;235;235m▀[0m[38;2;237;235;235m[48;2;237;233;233m▀[0m[38;2;249;248;248m[48;2;224;194;97m▀[0m[38;2;243;213;104m[48;2;216;185;91m▀[0m[38;2;216;183;90m[48;2;216;185;91m▀[0m[38;2;216;185;91m[48;2;210;180;89m▀[0m[38;2;223;192;94m[48;2;79;62;22m▀[0m[38;2;212;183;91m[48;2;212;179;90m▀[0m[38;2;210;181;90m[48;2;211;182;91m▀[0m[38;2;141;114;47m[48;2;215;211;211m▀[0m[38;2;237;234;234m[48;2;232;223;227m▀[0m[38;2;234;227;230m[48;2;237;235;235m▀[0m[38;2;234;229;230m[48;2;234;229;230m▀[0m[38;2;234;228;230m[48;2;232;222;229m▀[0m[38;2;237;235;235m[48;2;231;222;229m▀[0m[38;2;237;234;234m▀[0m       
    [38;2;224;211;74m[48;2;220;207;66m▀[0m [38;2;172;144;65m▀[0m[38;2;207;178;88m[48;2;201;173;85m▀[0m[38;2;209;181;90m[48;2;216;185;91m▀[0m[38;2;211;182;92m[48;2;179;153;74m▀[0m[38;2;208;180;90m[48;2;203;174;86m▀[0m[38;2;234;226;135m[48;2;235;225;136m▀[0m[38;2;201;171;86m[48;2;200;169;79m▀[0m[38;2;200;168;81m[48;2;201;172;85m▀[0m[38;2;201;172;85m[48;2;200;169;81m▀[0m[38;2;202;172;85m[48;2;214;184;93m▀[0m[38;2;115;113;114m[48;2;200;169;81m▀[0m[38;2;237;235;235m[48;2;207;178;87m▀[0m[38;2;237;235;235m[48;2;237;235;235m▀[0m[38;2;204;175;86m[48;2;201;172;85m▀[0m[38;2;204;173;86m[48;2;201;173;85m▀[0m[38;2;207;177;89m[48;2;201;171;85m▀[0m[38;2;206;176;86m[48;2;205;175;84m▀[0m[38;2;207;175;88m[48;2;207;176;86m▀[0m[38;2;210;179;87m[48;2;210;181;89m▀[0m[38;2;205;175;87m[48;2;201;172;85m▀[0m[38;2;180;178;178m[48;2;237;235;234m▀[0m[38;2;238;235;235m[48;2;237;235;235m▀[0m[38;2;237;235;235m[48;2;237;235;235m▀[0m[38;2;237;235;235m[48;2;237;233;233m▀[0m[38;2;237;235;235m[48;2;237;235;235m▀[0m[38;2;215;211;211m▀[0m        
     [38;2;221;206;58m▄[0m   [38;2;232;202;100m▀[0m[38;2;212;184;91m▀[0m[38;2;234;225;138m[48;2;234;225;136m▀[0m[38;2;201;171;86m[48;2;201;172;85m▀[0m[38;2;200;171;85m[48;2;5;4;1m▀[0m[38;2;40;31;12m[48;2;197;165;74m▀[0m[38;2;200;169;81m[48;2;31;19;12m▀[0m[38;2;201;171;84m[48;2;200;173;85m▀[0m[38;2;201;173;85m[48;2;201;171;82m▀[0m[38;2;201;172;85m[48;2;201;172;85m▀[0m[38;2;205;175;88m[48;2;201;171;86m▀[0m[38;2;201;171;86m[48;2;202;173;85m▀[0m[38;2;205;175;87m▀[0m[38;2;208;178;88m▀[0m[38;2;0;0;0m▀[0m [38;2;201;171;82m[48;2;200;169;79m▀[0m[38;2;237;235;235m[48;2;237;235;235m▀[0m[38;2;134;133;133m[48;2;237;235;234m▀[0m[38;2;237;235;235m[48;2;231;223;228m▀[0m[38;2;237;233;234m[48;2;231;223;228m▀[0m[38;2;232;223;227m[48;2;232;223;227m▀[0m         
      [38;2;207;193;59m▄[0m    [38;2;236;226;140m[48;2;234;225;136m▀[0m[38;2;148;113;83m[48;2;197;146;103m▀[0m[38;2;148;113;84m[48;2;176;132;94m▀[0m[38;2;148;112;83m[48;2;161;118;87m▀[0m[38;2;149;113;84m[48;2;157;118;86m▀[0m[38;2;159;120;89m[48;2;151;114;85m▀[0m[38;2;145;109;82m[48;2;161;120;88m▀[0m[38;2;176;129;93m▄[0m      [38;2;118;96;42m▀[0m[38;2;44;47;49m[48;2;201;173;85m▀[0m[38;2;236;232;232m[48;2;234;228;230m▀[0m[38;2;236;231;232m[48;2;237;235;235m▀[0m[38;2;232;223;227m[48;2;237;235;235m▀[0m[38;2;234;227;229m[48;2;242;239;239m▀[0m         
      [38;2;0;0;0m▀[0m[38;2;58;53;14m▄[0m  [38;2;1;1;0m▄[0m[38;2;233;224;127m[48;2;16;12;8m▀[0m[38;2;149;107;77m[48;2;238;232;159m▀[0m[38;2;197;145;102m[48;2;195;141;100m▀[0m[38;2;198;147;102m[48;2;44;32;23m▀[0m[38;2;199;147;103m[48;2;199;147;102m▀[0m[38;2;195;142;100m[48;2;216;164;109m▀[0m[38;2;199;147;103m[48;2;233;181;110m▀[0m[38;2;210;159;106m[48;2;246;194;114m▀[0m[38;2;220;165;107m[48;2;247;195;114m▀[0m[38;2;219;178;103m▄[0m     [38;2;231;200;97m▀[0m[38;2;244;242;242m[48;2;254;226;110m▀[0m[38;2;232;223;227m[48;2;237;235;235m▀[0m[38;2;235;229;231m▀[0m          
       [38;2;229;219;106m[48;2;140;133;67m▀[0m    [38;2;234;225;134m▀[0m[38;2;198;147;103m[48;2;245;240;197m▀[0m [38;2;191;145;93m▀[0m[38;2;240;184;110m[48;2;242;199;117m▀[0m[38;2;240;185;110m[48;2;188;151;89m▀[0m[38;2;123;97;57m▀[0m[38;2;243;190;111m▀[0m[38;2;246;194;113m▀[0m[38;2;0;0;0m▄[0m      [38;2;14;13;12m▀[0m           
       [38;2;162;155;91m[48;2;243;238;185m▀[0m     [38;2;236;229;157m▀[0m[38;2;240;235;177m▄[0m                         
               [38;2;243;237;185m▀[0m[38;2;187;179;104m▀[0m[38;2;247;245;215m▄[0m[38;2;0;0;0m▄[0m                     
                                        
