                                        
                 [38;2;246;209;111m▄[0m[38;2;246;209;110m▄[0m[38;2;255;232;121m[48;2;231;196;111m▀[0m[38;2;3;3;1m▀[0m                   
             [38;2;206;177;121m▄[0m[38;2;203;175;119m▄[0m[38;2;210;179;116m[48;2;203;175;119m▀[0m[38;2;212;182;119m[48;2;203;175;119m▀[0m[38;2;211;181;119m[48;2;202;174;119m▀[0m[38;2;207;178;119m[48;2;4;2;1m▀[0m                     
           [38;2;203;175;119m▄[0m[38;2;197;170;116m[48;2;203;175;121m▀[0m[38;2;197;170;116m[48;2;200;172;118m▀[0m[38;2;203;174;119m[48;2;202;174;119m▀[0m[38;2;201;173;119m[48;2;203;176;119m▀[0m[38;2;201;173;118m[48;2;204;176;120m▀[0m[38;2;197;170;116m[48;2;26;23;14m▀[0m[38;2;0;0;0m[48;2;250;222;142m▀[0m[38;2;254;219;127m▄[0m[38;2;4;3;1m▄[0m[38;2;66;56;29m[48;2;0;0;0m▀[0m[38;2;250;219;114m[48;2;0;0;0m▀[0m[38;2;246;209;110m[48;2;102;88;47m▀[0m[38;2;252;219;114m[48;2;253;217;115m▀[0m[38;2;250;217;113m▀[0m              
          [38;2;181;156;107m[48;2;193;173;92m▀[0m[38;2;154;134;91m[48;2;246;209;110m▀[0m[38;2;83;74;47m[48;2;255;232;122m▀[0m[38;2;202;174;119m[48;2;207;178;122m▀[0m[38;2;202;174;119m[48;2;250;221;140m▀[0m[38;2;253;227;145m[48;2;0;0;0m▀[0m[38;2;250;224;144m[48;2;0;0;0m▀[0m[38;2;0;0;0m[48;2;55;23;80m▀[0m[38;2;0;0;0m[48;2;55;23;80m▀[0m[38;2;0;0;0m[48;2;53;21;77m▀[0m[38;2;26;11;35m[48;2;4;3;4m▀[0m[38;2;23;13;30m[48;2;252;218;114m▀[0m[38;2;178;156;82m[48;2;254;223;117m▀[0m[38;2;253;220;117m▀[0m                
      [38;2;0;0;0m▄[0m[38;2;252;229;164m▄[0m[38;2;255;246;173m[48;2;252;228;159m▀[0m[38;2;251;213;110m[48;2;246;209;109m▀[0m[38;2;252;214;113m[48;2;246;209;110m▀[0m[38;2;252;214;113m[48;2;251;214;113m▀[0m[38;2;252;216;114m[48;2;252;214;113m▀[0m[38;2;246;209;111m[48;2;255;226;120m▀[0m[38;2;0;0;0m[48;2;10;6;11m▀[0m[38;2;57;24;82m[48;2;55;23;80m▀[0m[38;2;55;24;80m[48;2;44;18;64m▀[0m[38;2;55;23;80m[48;2;168;145;74m▀[0m[38;2;55;23;80m[48;2;248;211;111m▀[0m[38;2;0;0;0m[48;2;246;209;110m▀[0m[38;2;246;208;109m[48;2;144;122;64m▀[0m[38;2;251;214;113m▀[0m[38;2;250;213;111m▀[0m[38;2;0;0;0m▀[0m                
    [38;2;54;49;31m▄[0m[38;2;252;229;163m▄[0m[38;2;246;209;109m[48;2;252;222;141m▀[0m[38;2;245;208;113m[48;2;252;216;122m▀[0m[38;2;246;209;109m[48;2;255;255;255m▀[0m[38;2;251;213;112m[48;2;0;0;0m▀[0m[38;2;251;214;113m[48;2;2;2;1m▀[0m[38;2;252;214;113m[48;2;246;209;111m▀[0m[38;2;244;208;111m[48;2;244;207;109m▀[0m[38;2;246;209;110m[48;2;215;182;94m▀[0m[38;2;247;210;110m[48;2;216;182;95m▀[0m[38;2;227;193;101m[48;2;81;69;37m▀[0m[38;2;8;7;3m▀[0m                       
    [38;2;235;212;112m▀[0m[38;2;252;214;113m[48;2;233;197;103m▀[0m[38;2;246;208;110m[48;2;252;215;113m▀[0m[38;2;246;209;110m[48;2;246;209;111m▀[0m[38;2;1;1;2m[48;2;251;213;112m▀[0m[38;2;93;56;122m[48;2;252;214;113m▀[0m[38;2;250;213;111m[48;2;228;193;99m▀[0m[38;2;244;207;109m[48;2;215;182;94m▀[0m[38;2;212;178;94m[48;2;216;182;95m▀[0m[38;2;213;180;93m[48;2;215;181;94m▀[0m[38;2;216;182;95m[48;2;215;181;95m▀[0m[38;2;218;184;96m[48;2;62;57;41m▀[0m[38;2;50;42;23m▄[0m[38;2;228;234;237m[48;2;219;225;227m▀[0m[38;2;227;233;237m▄[0m[38;2;216;217;218m[48;2;228;234;238m▀[0m[38;2;227;234;237m[48;2;227;234;238m▀[0m[38;2;222;228;231m[48;2;0;0;0m▀[0m[38;2;228;234;236m▀[0m   [38;2;212;178;92m▄[0m    [38;2;254;234;167m▄[0m[38;2;183;174;124m▄[0m       
     [38;2;213;179;93m▀[0m[38;2;194;164;85m[48;2;106;89;47m▀[0m[38;2;92;78;40m[48;2;213;179;93m▀[0m[38;2;217;183;95m[48;2;213;179;93m▀[0m[38;2;216;182;95m[48;2;212;178;93m▀[0m[38;2;213;180;93m[48;2;216;182;95m▀[0m[38;2;212;178;94m[48;2;216;182;95m▀[0m[38;2;212;178;92m[48;2;212;178;93m▀[0m[38;2;212;178;93m[48;2;199;168;86m▀[0m[38;2;212;179;93m[48;2;194;199;201m▀[0m[38;2;201;170;89m[48;2;195;199;202m▀[0m[38;2;190;195;197m[48;2;198;203;206m▀[0m[38;2;190;195;197m[48;2;204;209;210m▀[0m[38;2;219;226;228m[48;2;221;228;232m▀[0m[38;2;219;225;228m[48;2;222;228;232m▀[0m[38;2;222;228;231m[48;2;222;228;231m▀[0m[38;2;4;4;4m[48;2;222;228;231m▀[0m[38;2;222;228;232m▄[0m[38;2;88;92;98m▄[0m[38;2;91;77;41m[48;2;219;185;95m▀[0m[38;2;216;182;95m[48;2;215;182;94m▀[0m[38;2;128;108;56m▀[0m[38;2;254;222;117m▄[0m[38;2;252;214;113m▄[0m[38;2;245;209;115m[48;2;252;214;113m▀[0m[38;2;250;215;119m[48;2;245;208;109m▀[0m[38;2;251;227;161m▀[0m        
      [38;2;41;43;43m▄[0m[38;2;249;251;251m▄[0m[38;2;60;62;63m[48;2;65;67;68m▀[0m[38;2;217;183;95m[48;2;73;62;34m▀[0m[38;2;216;182;95m[48;2;219;184;95m▀[0m[38;2;213;182;93m[48;2;190;194;197m▀[0m[38;2;220;185;96m[48;2;191;195;198m▀[0m[38;2;199;203;206m[48;2;190;194;198m▀[0m[38;2;190;195;197m[48;2;190;194;198m▀[0m[38;2;190;194;197m[48;2;190;194;197m▀[0m[38;2;195;200;202m[48;2;221;227;230m▀[0m[38;2;226;232;236m[48;2;200;205;209m▀[0m[38;2;234;241;245m[48;2;222;228;231m▀[0m[38;2;227;233;236m[48;2;174;151;78m▀[0m[38;2;228;235;238m[48;2;246;209;110m▀[0m[38;2;104;108;113m[48;2;252;214;113m▀[0m[38;2;93;77;36m[48;2;246;208;110m▀[0m[38;2;255;223;118m[48;2;246;210;109m▀[0m[38;2;251;216;122m[48;2;251;213;116m▀[0m[38;2;250;222;142m[48;2;252;223;144m▀[0m[38;2;252;223;143m[48;2;252;223;143m▀[0m[38;2;251;220;137m[48;2;248;219;141m▀[0m[38;2;252;214;113m[48;2;249;218;136m▀[0m[38;2;247;210;110m[48;2;251;215;123m▀[0m[38;2;250;214;115m▄[0m[38;2;251;216;119m▄[0m[38;2;250;225;161m▄[0m[38;2;251;228;163m▄[0m[38;2;5;3;3m▄[0m     
       [38;2;124;128;130m▄[0m[38;2;231;238;241m[48;2;98;101;103m▀[0m[38;2;226;233;235m[48;2;222;228;230m▀[0m[38;2;190;194;200m[48;2;190;195;197m▀[0m[38;2;190;194;197m[48;2;222;228;232m▀[0m[38;2;195;200;203m[48;2;226;232;236m▀[0m[38;2;195;200;202m[48;2;195;200;203m▀[0m[38;2;195;200;203m[48;2;217;223;227m▀[0m[38;2;195;199;202m[48;2;223;229;233m▀[0m[38;2;224;230;232m[48;2;227;234;237m▀[0m[38;2;223;228;234m[48;2;222;228;231m▀[0m[38;2;224;231;238m[48;2;224;230;232m▀[0m[38;2;237;243;244m[48;2;247;209;109m▀[0m[38;2;252;214;114m[48;2;251;214;113m▀[0m[38;2;252;214;113m[48;2;252;214;113m▀[0m[38;2;246;209;110m[48;2;252;214;113m▀[0m[38;2;246;209;110m[48;2;252;214;113m▀[0m[38;2;252;214;113m[48;2;251;214;112m▀[0m[38;2;251;216;123m[48;2;246;209;109m▀[0m[38;2;252;223;144m[48;2;252;222;142m▀[0m[38;2;251;220;139m[48;2;252;223;143m▀[0m[38;2;250;213;112m[48;2;252;214;113m▀[0m[38;2;252;213;113m[48;2;252;214;113m▀[0m[38;2;252;214;113m[48;2;8;6;3m▀[0m[38;2;251;214;118m▀[0m[38;2;71;60;31m▀[0m       
       [38;2;65;65;65m▄[0m[38;2;233;237;239m[48;2;221;228;231m▀[0m[38;2;226;233;235m[48;2;220;184;96m▀[0m[38;2;220;227;229m[48;2;227;233;237m▀[0m[38;2;227;233;237m[48;2;227;234;238m▀[0m[38;2;224;231;234m[48;2;191;196;199m▀[0m[38;2;223;230;233m[48;2;227;234;238m▀[0m[38;2;210;215;218m[48;2;228;233;237m▀[0m[38;2;225;232;234m[48;2;244;247;248m▀[0m[38;2;254;215;113m[48;2;195;196;197m▀[0m[38;2;253;254;254m[48;2;249;212;110m▀[0m[38;2;255;255;255m[48;2;252;220;116m▀[0m[38;2;251;251;251m[48;2;255;255;255m▀[0m[38;2;251;214;113m[48;2;217;201;105m▀[0m[38;2;251;214;113m[48;2;251;218;113m▀[0m[38;2;252;214;113m[48;2;246;209;109m▀[0m[38;2;252;214;113m[48;2;248;211;111m▀[0m[38;2;252;214;113m[48;2;246;209;110m▀[0m[38;2;252;214;113m[48;2;247;209;110m▀[0m[38;2;247;215;130m[48;2;247;210;111m▀[0m[38;2;251;219;132m[48;2;251;221;142m▀[0m[38;2;252;214;113m[48;2;251;222;141m▀[0m[38;2;248;212;111m[48;2;249;214;123m▀[0m[38;2;251;216;124m[48;2;32;27;15m▀[0m[38;2;251;221;137m▀[0m        
       [38;2;255;255;255m[48;2;65;65;65m▀[0m[38;2;0;0;0m▀[0m[38;2;179;151;78m[48;2;26;22;11m▀[0m[38;2;225;232;236m[48;2;248;248;248m▀[0m[38;2;244;246;248m[48;2;255;255;255m▀[0m[38;2;254;220;115m[48;2;248;211;110m▀[0m[38;2;237;245;248m[48;2;251;216;114m▀[0m[38;2;231;231;231m[48;2;246;209;110m▀[0m[38;2;244;245;247m[48;2;73;73;74m▀[0m[38;2;72;61;32m[48;2;255;255;255m▀[0m[38;2;252;214;113m[48;2;252;214;113m▀[0m[38;2;249;212;111m[48;2;252;214;113m▀[0m[38;2;246;209;111m[48;2;246;210;110m▀[0m[38;2;146;127;62m[48;2;252;214;113m▀[0m[38;2;252;214;113m[48;2;252;214;113m▀[0m[38;2;250;223;118m[48;2;249;212;111m▀[0m[38;2;72;62;33m[48;2;252;213;113m▀[0m[38;2;174;155;83m[48;2;216;182;95m▀[0m[38;2;249;212;111m[48;2;216;182;95m▀[0m[38;2;251;214;113m[48;2;232;196;102m▀[0m[38;2;251;214;112m[48;2;220;202;107m▀[0m[38;2;246;209;109m[48;2;252;214;113m▀[0m[38;2;246;210;113m[48;2;252;217;122m▀[0m[38;2;252;214;114m[48;2;247;222;158m▀[0m[38;2;13;11;8m▄[0m        
      [38;2;69;72;73m▀[0m   [38;2;196;165;86m[48;2;212;178;93m▀[0m[38;2;255;255;255m[48;2;255;255;255m▀[0m[38;2;252;214;112m[48;2;251;213;113m▀[0m[38;2;252;214;113m[48;2;251;214;113m▀[0m[38;2;246;209;109m[48;2;246;209;110m▀[0m[38;2;251;213;113m[48;2;252;214;113m▀[0m[38;2;23;21;15m[48;2;222;186;98m▀[0m[38;2;238;201;106m[48;2;215;182;95m▀[0m[38;2;222;188;97m▀[0m[38;2;217;183;96m▀[0m[38;2;196;165;86m▀[0m[38;2;0;0;0m▀[0m[38;2;159;136;93m[48;2;173;148;101m▀[0m[38;2;252;214;113m[48;2;32;28;20m▀[0m[38;2;252;214;113m[48;2;252;213;113m▀[0m[38;2;233;197;103m[48;2;252;214;113m▀[0m[38;2;212;179;93m[48;2;251;214;113m▀[0m[38;2;249;211;112m[48;2;252;214;113m▀[0m[38;2;252;214;113m[48;2;252;214;113m▀[0m [38;2;252;227;163m▀[0m         
          [38;2;216;182;95m[48;2;236;199;104m▀[0m[38;2;246;247;247m[48;2;212;178;94m▀[0m[38;2;251;213;112m[48;2;252;214;112m▀[0m[38;2;252;214;113m[48;2;245;208;110m▀[0m[38;2;252;214;113m[48;2;252;214;113m▀[0m[38;2;209;193;101m▀[0m      [38;2;88;76;51m▀[0m[38;2;171;147;100m[48;2;169;145;99m▀[0m[38;2;251;213;112m[48;2;178;152;104m▀[0m[38;2;250;213;112m[48;2;246;209;110m▀[0m[38;2;247;210;110m[48;2;248;211;110m▀[0m[38;2;252;214;113m[48;2;252;214;114m▀[0m[38;2;252;214;113m[48;2;246;209;110m▀[0m[38;2;180;153;79m▄[0m          
          [38;2;32;27;14m▀[0m[38;2;216;182;95m[48;2;242;205;108m▀[0m[38;2;251;224;119m[48;2;253;225;119m▀[0m[38;2;252;214;113m[48;2;250;213;111m▀[0m[38;2;252;214;113m[48;2;255;218;115m▀[0m       [38;2;184;156;103m▄[0m[38;2;169;144;99m[48;2;170;146;100m▀[0m[38;2;169;145;99m[48;2;169;143;98m▀[0m[38;2;156;134;92m▀[0m[38;2;246;209;110m▀[0m[38;2;231;196;101m[48;2;12;10;5m▀[0m[38;2;217;183;95m[48;2;216;182;95m▀[0m[38;2;216;182;96m[48;2;216;182;94m▀[0m[38;2;226;190;99m▄[0m         
          [38;2;38;32;16m▄[0m[38;2;248;211;110m[48;2;246;209;109m▀[0m[38;2;247;209;110m[48;2;252;214;113m▀[0m[38;2;246;209;110m[48;2;251;214;113m▀[0m[38;2;150;129;68m[48;2;0;0;0m▀[0m     [38;2;180;153;100m▄[0m[38;2;14;12;8m[48;2;181;154;100m▀[0m[38;2;181;153;100m[48;2;176;150;97m▀[0m[38;2;180;153;100m▀[0m    [38;2;220;185;96m▄[0m[38;2;216;182;95m[48;2;216;182;96m▀[0m[38;2;214;180;94m[48;2;216;182;95m▀[0m         
          [38;2;251;213;112m[48;2;246;209;110m▀[0m[38;2;252;213;113m[48;2;8;6;3m▀[0m[38;2;251;214;112m[48;2;252;214;113m▀[0m[38;2;252;214;113m[48;2;251;214;113m▀[0m     [38;2;5;3;2m▀[0m[38;2;181;153;100m▀[0m[38;2;182;155;101m▀[0m     [38;2;211;177;93m▄[0m[38;2;216;182;95m[48;2;211;178;95m▀[0m[38;2;216;182;95m[48;2;232;195;101m▀[0m          
         [38;2;82;69;37m▀[0m[38;2;251;217;121m▀[0m[38;2;252;223;143m[48;2;217;183;95m▀[0m[38;2;252;214;115m[48;2;216;183;94m▀[0m[38;2;255;223;118m▀[0m            [38;2;232;196;103m[48;2;14;12;6m▀[0m[38;2;230;195;101m[48;2;8;7;3m▀[0m[38;2;216;182;95m▀[0m           
                                        
