                                        
                                        
                  [38;2;251;250;242m▄[0m     [38;2;36;34;29m[48;2;197;188;167m▀[0m               
                  [38;2;252;250;247m[48;2;228;223;200m▀[0m[38;2;251;248;224m[48;2;181;175;156m▀[0m[38;2;167;164;147m▄[0m[38;2;139;136;124m▄[0m[38;2;40;40;37m▄[0m[38;2;238;233;213m▄[0m[38;2;163;155;138m[48;2;243;238;216m▀[0m[38;2;103;97;86m[48;2;20;20;18m▀[0m              
                [38;2;230;223;193m▄[0m[38;2;69;66;55m[48;2;234;228;205m▀[0m[38;2;234;228;203m[48;2;194;189;170m▀[0m[38;2;183;176;157m[48;2;139;134;119m▀[0m[38;2;169;164;147m[48;2;169;164;149m▀[0m[38;2;232;229;211m[48;2;229;226;209m▀[0m[38;2;230;229;210m[48;2;225;219;194m▀[0m[38;2;234;231;211m[48;2;225;219;194m▀[0m[38;2;244;241;220m[48;2;223;217;188m▀[0m[38;2;237;231;210m[48;2;221;214;183m▀[0m[38;2;233;226;200m[48;2;220;213;180m▀[0m[38;2;27;25;22m[48;2;209;201;169m▀[0m[38;2;206;197;167m▄[0m           
             [38;2;5;5;5m▀[0m[38;2;246;244;239m▄[0m[38;2;230;220;186m[48;2;89;88;80m▀[0m[38;2;241;237;222m[48;2;229;226;203m▀[0m[38;2;237;233;213m[48;2;228;224;200m▀[0m[38;2;237;233;213m[48;2;241;237;212m▀[0m[38;2;236;232;211m[48;2;233;230;203m▀[0m[38;2;230;227;206m[48;2;233;227;201m▀[0m[38;2;227;222;199m[48;2;232;225;196m▀[0m[38;2;223;216;187m[48;2;228;219;184m▀[0m[38;2;220;214;180m[48;2;227;218;182m▀[0m[38;2;221;213;181m[48;2;213;202;169m▀[0m[38;2;207;198;168m[48;2;201;189;159m▀[0m[38;2;205;194;163m[48;2;200;187;157m▀[0m[38;2;208;197;164m[48;2;200;187;157m▀[0m[38;2;204;193;160m[48;2;199;186;157m▀[0m[38;2;206;194;163m[48;2;200;187;157m▀[0m[38;2;172;161;139m▄[0m         
             [38;2;199;186;157m[48;2;218;208;174m▀[0m[38;2;235;229;204m[48;2;236;231;208m▀[0m[38;2;226;220;195m[48;2;224;218;195m▀[0m[38;2;234;228;203m[48;2;182;176;156m▀[0m[38;2;111;108;97m[48;2;177;171;153m▀[0m[38;2;228;223;198m[48;2;232;227;200m▀[0m[38;2;225;221;195m[48;2;225;217;182m▀[0m[38;2;231;222;189m[48;2;226;217;182m▀[0m[38;2;227;219;183m[48;2;226;218;182m▀[0m[38;2;232;223;186m[48;2;224;216;181m▀[0m[38;2;224;214;180m[48;2;201;192;162m▀[0m[38;2;201;189;158m[48;2;195;184;157m▀[0m[38;2;200;187;157m[48;2;199;187;158m▀[0m[38;2;200;187;157m[48;2;200;187;157m▀[0m[38;2;200;187;157m[48;2;200;187;157m▀[0m[38;2;209;195;165m[48;2;167;156;132m▀[0m[38;2;200;187;157m[48;2;200;187;157m▀[0m[38;2;184;175;149m[48;2;182;172;147m▀[0m[38;2;40;37;35m[48;2;51;47;44m▀[0m[38;2;108;100;103m▀[0m       
            [38;2;116;109;94m[48;2;196;185;159m▀[0m[38;2;226;220;194m[48;2;234;230;210m▀[0m[38;2;227;222;198m[48;2;226;221;198m▀[0m[38;2;163;160;144m[48;2;225;221;199m▀[0m[38;2;182;175;156m[48;2;230;226;203m▀[0m[38;2;178;171;152m[48;2;226;221;197m▀[0m[38;2;204;197;172m[48;2;227;222;197m▀[0m[38;2;225;217;182m[48;2;224;218;189m▀[0m[38;2;228;218;183m[48;2;221;213;179m▀[0m[38;2;223;215;180m[48;2;227;218;182m▀[0m[38;2;207;198;168m[48;2;203;193;163m▀[0m[38;2;197;186;157m[48;2;195;183;156m▀[0m[38;2;195;184;156m[48;2;200;187;157m▀[0m[38;2;180;169;145m[48;2;200;187;157m▀[0m[38;2;196;185;158m[48;2;206;194;163m▀[0m[38;2;196;185;157m[48;2;207;195;164m▀[0m[38;2;199;186;156m[48;2;205;193;162m▀[0m[38;2;194;182;155m[48;2;197;184;154m▀[0m[38;2;169;158;136m[48;2;150;139;117m▀[0m[38;2;79;72;67m[48;2;127;117;110m▀[0m[38;2;55;51;48m[48;2;130;120;113m▀[0m       
  [38;2;61;106;119m▄[0m        [38;2;6;6;5m▄[0m[38;2;206;196;167m[48;2;228;218;183m▀[0m[38;2;234;230;211m[48;2;245;239;219m▀[0m[38;2;227;223;197m[48;2;233;227;200m▀[0m[38;2;227;221;198m[48;2;230;225;199m▀[0m[38;2;212;208;187m[48;2;226;221;197m▀[0m[38;2;72;71;64m[48;2;228;223;198m▀[0m[38;2;76;74;65m[48;2;233;227;200m▀[0m[38;2;159;153;133m[48;2;232;224;194m▀[0m[38;2;228;220;183m[48;2;227;219;183m▀[0m[38;2;221;212;178m[48;2;216;206;174m▀[0m[38;2;202;191;159m[48;2;204;191;160m▀[0m[38;2;197;185;156m[48;2;200;187;157m▀[0m[38;2;195;183;156m[48;2;195;184;156m▀[0m[38;2;200;187;157m[48;2;121;114;98m▀[0m[38;2;9;10;9m[48;2;191;228;236m▀[0m[38;2;213;237;243m[48;2;122;195;212m▀[0m[38;2;137;205;221m[48;2;139;129;114m▀[0m[38;2;137;126;109m[48;2;19;18;16m▀[0m[38;2;83;77;69m[48;2;118;110;102m▀[0m[38;2;126;116;109m[48;2;119;110;104m▀[0m[38;2;129;120;113m[48;2;118;108;102m▀[0m [38;2;108;188;212m▄[0m[38;2;95;165;183m▄[0m    
  [38;2;51;88;98m▀[0m[38;2;107;185;205m[48;2;108;188;211m▀[0m   [38;2;218;240;244m[48;2;0;0;0m▀[0m[38;2;78;109;118m[48;2;191;228;236m▀[0m  [38;2;230;215;181m[48;2;200;187;156m▀[0m[38;2;226;217;182m[48;2;227;218;182m▀[0m[38;2;240;234;214m[48;2;249;246;236m▀[0m[38;2;233;227;200m[48;2;233;227;204m▀[0m[38;2;233;227;200m[48;2;235;231;207m▀[0m[38;2;233;227;200m[48;2;4;4;3m▀[0m[38;2;231;226;199m[48;2;233;226;200m▀[0m[38;2;233;227;201m[48;2;233;226;200m▀[0m[38;2;233;227;201m[48;2;232;227;200m▀[0m[38;2;227;218;183m[48;2;229;219;186m▀[0m[38;2;214;203;171m[48;2;206;196;166m▀[0m[38;2;195;184;156m[48;2;193;182;157m▀[0m[38;2;193;183;156m[48;2;193;182;157m▀[0m[38;2;168;158;135m[48;2;184;174;149m▀[0m[38;2;150;209;223m[48;2;154;211;224m▀[0m[38;2;150;210;224m[48;2;145;208;223m▀[0m[38;2;91;157;173m[48;2;88;147;163m▀[0m[38;2;123;115;107m[48;2;1;1;0m▀[0m[38;2;121;111;106m[48;2;123;114;108m▀[0m[38;2;119;110;103m[48;2;88;82;77m▀[0m[38;2;81;76;72m[48;2;123;114;106m▀[0m[38;2;118;109;103m[48;2;123;114;109m▀[0m[38;2;95;163;194m[48;2;95;162;194m▀[0m[38;2;100;171;200m▀[0m     
   [38;2;99;170;197m[48;2;96;164;194m▀[0m    [38;2;147;209;224m[48;2;132;203;220m▀[0m[38;2;157;218;232m[48;2;151;210;224m▀[0m [38;2;193;183;156m[48;2;70;66;56m▀[0m[38;2;221;213;179m[48;2;239;235;219m▀[0m[38;2;237;231;209m[48;2;246;241;225m▀[0m[38;2;232;226;202m[48;2;16;15;14m▀[0m[38;2;224;220;198m[48;2;184;178;159m▀[0m[38;2;227;222;200m[48;2;182;176;157m▀[0m[38;2;231;226;204m[48;2;188;181;161m▀[0m[38;2;233;227;200m[48;2;222;218;203m▀[0m[38;2;233;226;200m[48;2;232;225;197m▀[0m[38;2;222;214;183m[48;2;227;218;182m▀[0m[38;2;199;188;162m[48;2;197;186;160m▀[0m[38;2;194;183;156m[48;2;193;182;157m▀[0m[38;2;200;187;157m[48;2;200;188;160m▀[0m[38;2;40;37;30m[48;2;22;34;36m▀[0m[38;2;151;211;223m[48;2;160;214;227m▀[0m[38;2;147;209;224m[48;2;152;211;225m▀[0m[38;2;83;142;155m[48;2;99;168;185m▀[0m[38;2;123;115;108m[48;2;123;113;107m▀[0m[38;2;123;114;107m[48;2;122;113;106m▀[0m[38;2;13;11;12m[48;2;121;111;105m▀[0m[38;2;123;113;107m[48;2;123;114;107m▀[0m[38;2;0;0;0m[48;2;0;0;0m▀[0m[38;2;98;166;195m[48;2;68;113;138m▀[0m      
   [38;2;98;166;195m[48;2;99;169;197m▀[0m    [38;2;130;200;218m[48;2;132;200;220m▀[0m[38;2;152;210;224m[48;2;147;205;221m▀[0m[38;2;1;1;1m[48;2;68;65;55m▀[0m[38;2;229;224;199m[48;2;232;225;196m▀[0m[38;2;227;222;197m[48;2;253;250;229m▀[0m[38;2;227;222;197m[48;2;223;218;166m▀[0m[38;2;228;223;197m[48;2;251;242;185m▀[0m[38;2;114;112;99m[48;2;233;227;200m▀[0m[38;2;151;146;130m[48;2;233;226;199m▀[0m[38;2;237;231;204m[48;2;230;222;189m▀[0m[38;2;233;226;198m[48;2;227;218;182m▀[0m[38;2;235;225;189m[48;2;252;248;215m▀[0m[38;2;223;220;168m[48;2;241;241;241m▀[0m[38;2;239;233;177m[48;2;250;241;183m▀[0m[38;2;195;184;158m[48;2;247;238;181m▀[0m[38;2;193;182;156m[48;2;163;152;128m▀[0m[38;2;32;48;52m[48;2;151;211;224m▀[0m[38;2;176;221;232m[48;2;156;212;226m▀[0m[38;2;152;211;224m[48;2;151;210;224m▀[0m[38;2;135;205;221m[48;2;152;210;224m▀[0m[38;2;129;118;112m[48;2;4;8;9m▀[0m[38;2;123;114;108m[48;2;35;32;32m▀[0m[38;2;120;112;106m[48;2;41;38;35m▀[0m[38;2;120;112;106m[48;2;135;126;113m▀[0m[38;2;4;7;9m[48;2;65;107;131m▀[0m[38;2;68;112;137m[48;2;67;111;137m▀[0m      
   [38;2;99;170;198m[48;2;99;168;197m▀[0m   [38;2;11;19;21m[48;2;114;199;220m▀[0m[38;2;130;199;219m[48;2;128;199;217m▀[0m[38;2;151;209;224m[48;2;152;211;224m▀[0m[38;2;152;210;225m[48;2;151;211;225m▀[0m[38;2;7;6;5m[48;2;140;200;214m▀[0m[38;2;248;239;182m[48;2;250;241;183m▀[0m[38;2;199;191;146m[48;2;3;2;2m▀[0m[38;2;251;241;184m[48;2;228;221;169m▀[0m[38;2;138;131;112m[48;2;84;144;160m▀[0m[38;2;219;210;176m[48;2;47;45;38m▀[0m[38;2;212;201;168m[48;2;78;72;62m▀[0m[38;2;106;99;83m[48;2;83;142;156m▀[0m[38;2;251;240;183m[48;2;187;177;133m▀[0m[38;2;0;0;0m[48;2;0;0;0m▀[0m[38;2;250;241;183m[48;2;203;193;146m▀[0m[38;2;251;241;183m[48;2;180;172;130m▀[0m[38;2;88;125;134m[48;2;151;211;224m▀[0m[38;2;157;209;225m[48;2;152;211;224m▀[0m[38;2;147;205;222m[48;2;151;210;224m▀[0m[38;2;147;205;222m[48;2;147;205;222m▀[0m[38;2;148;206;221m[48;2;146;205;223m▀[0m[38;2;118;204;227m[48;2;114;196;215m▀[0m[38;2;121;113;108m[48;2;76;71;67m▀[0m[38;2;127;119;111m[48;2;138;129;117m▀[0m[38;2;124;117;103m[48;2;64;105;129m▀[0m[38;2;65;106;130m[48;2;63;102;127m▀[0m[38;2;71;116;142m[48;2;0;0;0m▀[0m      
   [38;2;96;166;193m[48;2;0;0;0m▀[0m[38;2;98;166;194m[48;2;78;130;158m▀[0m[38;2;73;117;145m▄[0m [38;2;118;204;224m[48;2;32;55;61m▀[0m[38;2;124;200;218m[48;2;111;193;213m▀[0m[38;2;151;210;224m[48;2;151;210;224m▀[0m[38;2;152;211;224m[48;2;151;210;225m▀[0m[38;2;152;210;224m[48;2;152;211;225m▀[0m[38;2;80;75;56m[48;2;147;209;224m▀[0m[38;2;178;169;130m[48;2;113;196;216m▀[0m[38;2;41;71;81m[48;2;110;106;90m▀[0m[38;2;111;193;216m[48;2;0;0;0m▀[0m[38;2;101;176;197m[48;2;0;0;0m▀[0m[38;2;62;108;119m[48;2;239;230;196m▀[0m[38;2;116;200;219m[48;2;240;231;197m▀[0m[38;2;114;197;216m[48;2;237;229;194m▀[0m[38;2;167;156;119m[48;2;128;201;219m▀[0m[38;2;77;72;55m[48;2;151;211;225m▀[0m[38;2;150;211;224m[48;2;148;205;221m▀[0m[38;2;151;210;224m[48;2;147;206;221m▀[0m[38;2;151;211;224m[48;2;147;206;221m▀[0m[38;2;151;211;224m[48;2;147;206;221m▀[0m[38;2;150;210;225m[48;2;147;205;221m▀[0m[38;2;148;210;224m[48;2;111;192;214m▀[0m[38;2;109;187;205m[48;2;68;112;137m▀[0m[38;2;6;5;5m[48;2;64;105;129m▀[0m[38;2;64;105;129m[48;2;64;105;129m▀[0m[38;2;64;106;129m[48;2;66;107;132m▀[0m[38;2;65;105;131m▀[0m       
    [38;2;0;0;0m▀[0m[38;2;66;108;134m▀[0m[38;2;64;106;129m▀[0m[38;2;0;0;0m[48;2;0;0;0m▀[0m[38;2;113;196;216m[48;2;3;6;7m▀[0m[38;2;123;200;217m[48;2;113;196;216m▀[0m[38;2;150;209;223m[48;2;118;198;217m▀[0m[38;2;152;211;224m[48;2;150;210;224m▀[0m[38;2;152;210;224m[48;2;148;207;221m▀[0m[38;2;10;13;12m[48;2;245;238;207m▀[0m[38;2;252;250;243m[48;2;231;224;192m▀[0m[38;2;0;0;0m[48;2;0;0;0m▀[0m[38;2;0;0;0m[48;2;196;190;164m▀[0m[38;2;240;231;197m[48;2;236;229;196m▀[0m[38;2;239;231;197m[48;2;238;229;196m▀[0m[38;2;240;231;197m[48;2;248;239;203m▀[0m[38;2;176;167;143m[48;2;68;66;56m▀[0m[38;2;152;211;224m[48;2;157;218;232m▀[0m[38;2;151;210;224m[48;2;151;211;224m▀[0m[38;2;152;211;225m[48;2;145;209;224m▀[0m[38;2;151;210;224m[48;2;114;194;214m▀[0m[38;2;141;205;220m[48;2;89;154;173m▀[0m[38;2;108;188;209m[48;2;81;138;154m▀[0m[38;2;83;143;159m[48;2;66;108;134m▀[0m[38;2;63;102;127m[48;2;65;106;131m▀[0m[38;2;7;12;14m[48;2;39;63;78m▀[0m          
  [38;2;0;0;0m▄[0m    [38;2;63;102;127m▄[0m[38;2;73;123;144m[48;2;64;105;131m▀[0m[38;2;71;118;139m[48;2;4;7;9m▀[0m[38;2;91;156;171m[48;2;64;105;130m▀[0m[38;2;104;179;197m[48;2;83;141;155m▀[0m[38;2;121;198;217m[48;2;83;141;155m▀[0m[38;2;85;81;70m[48;2;84;142;155m▀[0m[38;2;0;0;0m[48;2;176;167;142m▀[0m[38;2;0;0;0m[48;2;113;109;91m▀[0m[38;2;2;2;2m[48;2;80;11;47m▀[0m[38;2;42;16;29m[48;2;215;207;180m▀[0m[38;2;82;10;48m[48;2;201;193;166m▀[0m[38;2;84;11;50m[48;2;170;161;139m▀[0m[38;2;0;0;0m[48;2;37;63;70m▀[0m[38;2;110;191;214m[48;2;81;138;154m▀[0m[38;2;100;173;191m[48;2;80;138;153m▀[0m[38;2;85;144;159m[48;2;84;141;155m▀[0m[38;2;84;141;155m[48;2;84;141;155m▀[0m[38;2;83;141;155m[48;2;83;141;155m▀[0m[38;2;84;143;157m[48;2;81;138;153m▀[0m[38;2;64;106;129m[48;2;63;103;127m▀[0m[38;2;64;105;129m[48;2;4;8;9m▀[0m[38;2;65;106;130m▀[0m[38;2;64;105;129m[48;2;66;109;134m▀[0m[38;2;65;108;133m[48;2;64;105;129m▀[0m[38;2;64;106;129m▄[0m[38;2;52;87;104m▄[0m  [38;2;12;21;23m▄[0m[38;2;114;198;218m[48;2;70;121;134m▀[0m  
  [38;2;114;196;215m[48;2;0;1;1m▀[0m[38;2;108;185;209m▄[0m[38;2;98;167;195m▄[0m[38;2;96;165;194m▄[0m[38;2;88;149;174m[48;2;101;172;205m▀[0m[38;2;69;114;137m▀[0m[38;2;71;120;144m▄[0m[38;2;63;102;127m[48;2;1;3;3m▀[0m[38;2;6;6;6m[48;2;87;150;164m▀[0m[38;2;82;141;155m[48;2;85;145;158m▀[0m[38;2;84;141;155m[48;2;83;141;155m▀[0m[38;2;83;141;155m[48;2;84;141;155m▀[0m[38;2;84;141;155m[48;2;83;141;155m▀[0m[38;2;79;135;149m[48;2;83;141;155m▀[0m[38;2;0;0;0m[48;2;71;121;132m▀[0m[38;2;0;0;0m[48;2;0;0;0m▀[0m[38;2;33;60;66m[48;2;10;16;17m▀[0m[38;2;80;138;153m[48;2;69;118;130m▀[0m[38;2;80;138;154m[48;2;80;138;153m▀[0m[38;2;83;141;155m[48;2;83;141;155m▀[0m[38;2;82;141;155m[48;2;83;141;155m▀[0m[38;2;81;138;154m[48;2;83;141;155m▀[0m[38;2;80;138;153m[48;2;81;138;154m▀[0m[38;2;85;145;158m[48;2;85;146;164m▀[0m[38;2;85;145;159m[48;2;86;150;164m▀[0m[38;2;89;152;167m▄[0m[38;2;63;102;127m▀[0m[38;2;64;105;131m▄[0m  [38;2;69;114;139m▀[0m[38;2;75;126;147m▀[0m[38;2;106;185;205m▀[0m[38;2;109;191;214m▀[0m[38;2;110;193;215m▀[0m   
        [38;2;86;144;170m▀[0m [38;2;88;149;164m[48;2;28;49;53m▀[0m[38;2;85;144;158m▀[0m[38;2;84;141;154m▀[0m          [38;2;82;139;153m▀[0m[38;2;83;141;155m▀[0m[38;2;84;143;160m[48;2;0;0;0m▀[0m[38;2;89;154;171m[48;2;85;144;159m▀[0m[38;2;88;151;168m[48;2;85;146;159m▀[0m  [38;2;2;4;5m▀[0m[38;2;0;0;0m▀[0m        
                                        
                                        
