                                        
     [38;2;144;196;229m[48;2;111;156;185m▀[0m[38;2;140;192;229m▄[0m                     [38;2;115;176;211m▄[0m[38;2;167;210;235m▄[0m[38;2;170;216;240m▄[0m         
     [38;2;145;200;231m▄[0m[38;2;144;196;229m[48;2;5;9;10m▀[0m[38;2;141;195;229m[48;2;129;187;227m▀[0m[38;2;126;194;236m▄[0m               [38;2;49;73;87m▄[0m[38;2;6;9;10m[48;2;120;188;227m▀[0m[38;2;119;185;223m[48;2;127;190;228m▀[0m[38;2;140;197;230m▀[0m[38;2;151;203;232m[48;2;160;207;234m▀[0m[38;2;167;210;235m▄[0m[38;2;81;103;116m[48;2;161;205;227m▀[0m         
    [38;2;148;201;231m▄[0m[38;2;90;123;144m▄[0m[38;2;140;192;229m▀[0m[38;2;59;91;113m[48;2;121;188;226m▀[0m[38;2;123;187;226m[48;2;118;182;225m▀[0m[38;2;82;127;157m[48;2;120;188;232m▀[0m            [38;2;26;39;49m[48;2;38;56;69m▀[0m[38;2;116;181;224m[48;2;119;186;226m▀[0m[38;2;123;185;225m[48;2;125;188;226m▀[0m[38;2;117;180;216m[48;2;120;187;227m▀[0m[38;2;133;193;228m[48;2;110;167;201m▀[0m[38;2;141;197;229m[48;2;117;168;199m▀[0m[38;2;156;205;232m[48;2;161;207;234m▀[0m[38;2;161;207;235m▄[0m[38;2;19;25;29m▄[0m         
    [38;2;144;199;231m▄[0m[38;2;143;198;231m[48;2;120;163;186m▀[0m[38;2;150;202;231m[48;2;129;191;227m▀[0m[38;2;20;30;36m[48;2;120;183;225m▀[0m[38;2;117;182;224m[48;2;119;186;227m▀[0m[38;2;118;183;224m[48;2;60;91;111m▀[0m     [38;2;19;51;64m▄[0m     [38;2;122;189;227m▄[0m[38;2;121;188;226m[48;2;126;190;227m▀[0m[38;2;121;188;227m[48;2;119;186;227m▀[0m[38;2;126;190;227m[48;2;119;187;227m▀[0m[38;2;126;190;227m[48;2;121;189;229m▀[0m[38;2;131;192;228m[48;2;78;114;137m▀[0m[38;2;146;200;231m[48;2;164;209;235m▀[0m[38;2;154;198;225m[48;2;162;209;234m▀[0m[38;2;162;209;235m▄[0m          
    [38;2;3;3;4m▄[0m[38;2;150;202;231m[48;2;115;159;190m▀[0m[38;2;143;199;231m▀[0m[38;2;71;108;130m[48;2;124;190;227m▀[0m[38;2;119;187;227m[48;2;120;187;227m▀[0m[38;2;128;200;242m[48;2;102;158;191m▀[0m  [38;2;55;149;187m▄[0m[38;2;51;138;172m▄[0m[38;2;55;150;186m[48;2;51;132;164m▀[0m[38;2;54;138;172m▀[0m[38;2;25;65;81m▄[0m[38;2;73;157;190m▄[0m   [38;2;47;69;82m[48;2;121;188;227m▀[0m[38;2;120;187;227m[48;2;120;187;227m▀[0m[38;2;120;187;227m[48;2;120;186;227m▀[0m[38;2;121;187;227m[48;2;120;187;227m▀[0m[38;2;130;193;228m[48;2;130;197;236m▀[0m[38;2;139;193;229m[48;2;86;112;128m▀[0m[38;2;157;200;233m[48;2;158;200;232m▀[0m[38;2;160;202;227m[48;2;161;203;232m▀[0m           
     [38;2;150;204;236m[48;2;144;200;231m▀[0m[38;2;143;198;231m[48;2;143;197;231m▀[0m[38;2;126;190;227m[48;2;116;179;222m▀[0m[38;2;123;188;226m[48;2;112;173;216m▀[0m[38;2;51;75;93m▀[0m  [38;2;53;144;180m[48;2;23;52;64m▀[0m[38;2;52;128;161m[48;2;55;137;171m▀[0m[38;2;90;169;198m[48;2;203;202;210m▀[0m[38;2;54;139;173m[48;2;113;178;213m▀[0m[38;2;53;136;170m▀[0m   [38;2;0;0;0m[48;2;124;191;229m▀[0m[38;2;120;187;227m[48;2;125;188;226m▀[0m[38;2;126;190;227m[48;2;125;188;226m▀[0m[38;2;122;184;225m[48;2;115;180;224m▀[0m[38;2;126;190;228m[48;2;121;190;231m▀[0m[38;2;130;188;225m[48;2;133;188;219m▀[0m[38;2;161;208;235m[48;2;162;207;235m▀[0m[38;2;171;218;245m[48;2;1;1;3m▀[0m            
     [38;2;113;167;211m▄[0m[38;2;94;143;184m[48;2;119;177;222m▀[0m[38;2;107;163;210m[48;2;79;118;149m▀[0m[38;2;113;168;210m[48;2;95;145;185m▀[0m[38;2;55;83;105m[48;2;97;146;185m▀[0m[38;2;99;151;193m▄[0m [38;2;145;137;135m[48;2;154;143;137m▀[0m[38;2;117;183;225m[48;2;120;187;226m▀[0m[38;2;116;181;223m[48;2;116;181;223m▀[0m[38;2;121;188;226m[48;2;116;181;224m▀[0m   [38;2;83;128;157m▄[0m[38;2;38;56;68m[48;2;118;186;227m▀[0m[38;2;126;190;227m[48;2;121;188;226m▀[0m[38;2;122;188;227m[48;2;118;184;225m▀[0m[38;2;124;189;226m[48;2;124;189;228m▀[0m[38;2;133;194;228m▀[0m[38;2;20;29;32m▀[0m              
       [38;2;97;148;192m▀[0m[38;2;93;141;182m[48;2;93;140;182m▀[0m[38;2;95;145;185m[48;2;93;141;182m▀[0m[38;2;95;145;185m[48;2;94;143;184m▀[0m[38;2;31;45;56m▄[0m[38;2;135;191;225m[48;2;211;234;238m▀[0m[38;2;127;186;223m[48;2;211;234;238m▀[0m[38;2;115;180;222m[48;2;201;222;224m▀[0m[38;2;109;167;200m[48;2;108;166;200m▀[0m[38;2;117;182;220m▄[0m[38;2;83;128;155m[48;2;108;168;204m▀[0m[38;2;109;168;208m[48;2;125;190;227m▀[0m[38;2;115;181;224m[48;2;116;181;224m▀[0m[38;2;122;183;225m[48;2;120;183;225m▀[0m[38;2;122;183;225m[48;2;116;181;225m▀[0m[38;2;99;148;181m[48;2;49;77;96m▀[0m[38;2;126;188;232m[48;2;134;189;228m▀[0m[38;2;146;196;232m[48;2;162;203;233m▀[0m[38;2;158;200;233m▀[0m              
       [38;2;1;3;3m▀[0m[38;2;101;152;195m[48;2;43;64;83m▀[0m[38;2;73;111;140m[48;2;12;17;20m▀[0m[38;2;94;142;185m[48;2;87;137;178m▀[0m[38;2;118;130;132m[48;2;210;233;237m▀[0m[38;2;205;227;236m[48;2;211;234;238m▀[0m[38;2;205;227;235m[48;2;211;234;238m▀[0m[38;2;209;231;236m[48;2;207;229;232m▀[0m[38;2;121;188;226m[48;2;71;108;129m▀[0m[38;2;45;69;81m[48;2;117;183;223m▀[0m[38;2;126;190;227m[48;2;118;184;225m▀[0m[38;2;125;189;227m[48;2;121;189;232m▀[0m[38;2;122;183;225m[48;2;64;99;123m▀[0m[38;2;117;181;224m[48;2;129;189;230m▀[0m[38;2;118;181;224m[48;2;81;112;134m▀[0m[38;2;141;196;234m[48;2;155;199;233m▀[0m[38;2;5;6;8m▄[0m                
          [38;2;239;251;251m[48;2;208;227;236m▀[0m[38;2;213;235;239m[48;2;214;235;239m▀[0m[38;2;211;234;238m[48;2;208;231;236m▀[0m[38;2;211;234;238m[48;2;211;234;238m▀[0m[38;2;190;209;209m[48;2;192;210;211m▀[0m[38;2;63;99;120m[48;2;108;166;199m▀[0m[38;2;107;163;199m[48;2;107;165;199m▀[0m[38;2;115;158;184m[48;2;169;218;244m▀[0m[38;2;0;0;0m▀[0m[38;2;169;222;252m[48;2;166;213;241m▀[0m[38;2;161;207;235m▀[0m[38;2;6;10;11m▀[0m[38;2;162;204;229m▀[0m  [38;2;82;169;206m▄[0m[38;2;77;160;195m▄[0m[38;2;0;0;0m[48;2;75;158;193m▀[0m[38;2;79;166;201m[48;2;76;160;194m▀[0m[38;2;76;161;194m[48;2;72;156;191m▀[0m[38;2;62;154;189m[48;2;60;142;175m▀[0m[38;2;62;156;192m[48;2;55;146;185m▀[0m[38;2;55;149;187m▄[0m[38;2;34;86;107m▄[0m      
          [38;2;209;231;236m[48;2;184;202;202m▀[0m[38;2;204;227;235m[48;2;203;225;227m▀[0m[38;2;210;232;236m[48;2;185;202;209m▀[0m[38;2;188;207;209m[48;2;144;157;160m▀[0m[38;2;169;186;186m[48;2;109;165;200m▀[0m[38;2;93;144;173m[48;2;119;186;225m▀[0m[38;2;116;181;223m[48;2;120;187;226m▀[0m[38;2;120;187;226m[48;2;121;188;226m▀[0m     [38;2;53;136;178m▄[0m[38;2;55;144;183m[48;2;55;147;185m▀[0m[38;2;66;158;191m[48;2;60;151;188m▀[0m[38;2;79;163;194m[48;2;59;150;187m▀[0m[38;2;77;162;194m[48;2;56;150;187m▀[0m[38;2;63;148;182m[48;2;54;144;183m▀[0m[38;2;63;151;188m[48;2;55;150;187m▀[0m[38;2;55;149;187m[48;2;31;80;99m▀[0m[38;2;55;149;187m[48;2;45;95;134m▀[0m[38;2;55;147;184m[48;2;46;97;135m▀[0m[38;2;56;154;193m[48;2;46;97;135m▀[0m[38;2;55;150;186m[48;2;46;98;137m▀[0m[38;2;30;70;88m▄[0m    
           [38;2;191;210;210m[48;2;98;147;193m▀[0m[38;2;191;211;212m[48;2;198;218;220m▀[0m[38;2;95;103;103m[48;2;103;137;158m▀[0m[38;2;106;161;198m[48;2;107;162;199m▀[0m[38;2;135;190;227m[48;2;115;180;222m▀[0m[38;2;121;187;226m[48;2;120;187;225m▀[0m[38;2;120;187;226m[48;2;111;171;211m▀[0m[38;2;76;117;141m▀[0m  [38;2;51;121;167m▄[0m[38;2;50;118;161m[48;2;51;121;165m▀[0m[38;2;52;123;168m[48;2;52;123;168m▀[0m[38;2;53;130;173m[48;2;23;52;71m▀[0m[38;2;56;143;183m[48;2;52;123;168m▀[0m[38;2;53;135;177m[48;2;52;125;169m▀[0m[38;2;53;134;176m▀[0m[38;2;54;135;177m▀[0m [38;2;36;72;104m▄[0m[38;2;44;90;130m[48;2;47;96;138m▀[0m[38;2;46;97;135m[48;2;46;97;135m▀[0m[38;2;46;97;135m[48;2;46;97;135m▀[0m[38;2;17;31;42m[48;2;30;61;85m▀[0m[38;2;45;95;134m[48;2;44;94;134m▀[0m    
            [38;2;95;144;191m▀[0m[38;2;89;131;175m[48;2;105;160;197m▀[0m[38;2;34;46;57m[48;2;4;5;6m▀[0m[38;2;48;71;84m▀[0m[38;2;106;162;198m[48;2;97;142;166m▀[0m[38;2;106;162;198m[48;2;41;59;70m▀[0m[38;2;46;100;142m[48;2;41;88;128m▀[0m[38;2;46;99;142m[48;2;47;104;145m▀[0m[38;2;46;101;143m[48;2;46;107;147m▀[0m[38;2;46;106;147m[48;2;46;107;146m▀[0m[38;2;16;33;44m[48;2;48;112;153m▀[0m[38;2;52;121;166m[48;2;1;0;0m▀[0m[38;2;51;122;167m▀[0m[38;2;34;76;104m▀[0m   [38;2;51;112;160m▄[0m[38;2;50;110;154m[48;2;50;110;157m▀[0m[38;2;51;113;159m[48;2;49;106;152m▀[0m[38;2;46;97;135m[48;2;49;106;152m▀[0m[38;2;46;97;135m[48;2;52;113;159m▀[0m[38;2;45;95;133m[48;2;47;104;145m▀[0m[38;2;47;98;137m▀[0m    
             [38;2;112;112;116m[48;2;128;126;129m▀[0m   [38;2;98;97;104m[48;2;143;141;148m▀[0m         [38;2;50;110;154m▄[0m[38;2;54;119;168m[48;2;44;95;132m▀[0m[38;2;50;109;154m[48;2;51;110;154m▀[0m[38;2;49;107;153m[48;2;50;109;154m▀[0m[38;2;49;106;152m[48;2;51;114;160m▀[0m[38;2;50;107;153m[48;2;50;113;156m▀[0m[38;2;50;110;155m[48;2;50;111;154m▀[0m[38;2;51;117;159m▀[0m     
          [38;2;104;99;95m▄[0m[38;2;148;140;135m▄[0m[38;2;182;173;170m[48;2;174;166;163m▀[0m[38;2;45;44;45m▄[0m [38;2;11;21;24m▄[0m[38;2;86;163;193m▄[0m[38;2;91;165;197m▄[0m[38;2;85;152;182m▄[0m[38;2;77;140;165m▄[0m[38;2;91;173;202m▄[0m[38;2;34;82;104m▄[0m[38;2;31;76;97m▄[0m[38;2;31;76;96m▄[0m[38;2;48;124;158m▄[0m[38;2;50;110;154m[48;2;55;144;182m▀[0m[38;2;51;113;156m[48;2;53;137;179m▀[0m[38;2;52;118;161m[48;2;53;133;175m▀[0m[38;2;50;113;156m[48;2;53;128;172m▀[0m[38;2;50;111;154m[48;2;49;118;156m▀[0m[38;2;50;110;154m[48;2;51;115;157m▀[0m[38;2;51;111;156m[48;2;51;110;154m▀[0m[38;2;51;112;155m▀[0m       
         [38;2;129;123;121m[48;2;144;136;135m▀[0m[38;2;176;168;164m▀[0m[38;2;177;169;164m▀[0m[38;2;10;17;20m▄[0m[38;2;35;63;75m[48;2;94;170;200m▀[0m[38;2;55;98;115m[48;2;41;71;83m▀[0m[38;2;93;170;199m[48;2;91;165;197m▀[0m[38;2;91;165;197m[48;2;169;160;157m▀[0m[38;2;93;170;201m▀[0m[38;2;80;164;195m▀[0m[38;2;55;150;187m▀[0m[38;2;56;152;191m▀[0m[38;2;45;121;151m▀[0m[38;2;35;89;111m▀[0m[38;2;55;151;189m▀[0m[38;2;56;152;191m▀[0m[38;2;55;150;188m[48;2;3;1;0m▀[0m[38;2;56;151;190m[48;2;15;34;42m▀[0m[38;2;44;116;145m▀[0m[38;2;55;150;187m▀[0m[38;2;54;138;178m▀[0m[38;2;50;114;150m▀[0m         
            [38;2;18;33;38m[48;2;58;151;187m▀[0m[38;2;92;172;203m[48;2;59;156;192m▀[0m[38;2;63;59;62m▀[0m[38;2;181;172;166m▀[0m[38;2;184;175;169m[48;2;182;172;169m▀[0m                       
            [38;2;55;142;178m▀[0m[38;2;8;18;22m▄[0m  [38;2;46;47;50m▀[0m                       
                                        
