                                        
     [38;2;219;239;247m[48;2;175;194;203m▀[0m[38;2;216;236;246m▄[0m                     [38;2;195;223;234m▄[0m[38;2;231;245;250m▄[0m[38;2;233;247;251m▄[0m         
     [38;2;220;240;247m▄[0m[38;2;218;238;246m[48;2;9;10;11m▀[0m[38;2;216;237;246m[48;2;209;234;245m▀[0m[38;2;209;237;247m▄[0m               [38;2;82;95;102m▄[0m[38;2;7;9;10m[48;2;203;233;244m▀[0m[38;2;201;229;240m[48;2;208;235;245m▀[0m[38;2;216;238;246m▀[0m[38;2;222;241;247m[48;2;227;243;249m▀[0m[38;2;231;245;250m▄[0m[38;2;120;133;139m[48;2;223;238;243m▀[0m         
    [38;2;221;240;247m▄[0m[38;2;137;151;157m▄[0m[38;2;216;236;246m▀[0m[38;2;101;116;125m[48;2;204;233;244m▀[0m[38;2;205;233;244m[48;2;201;230;243m▀[0m[38;2;139;159;169m[48;2;204;234;246m▀[0m            [38;2;44;51;56m[48;2;63;73;79m▀[0m[38;2;200;229;242m[48;2;203;232;243m▀[0m[38;2;205;232;243m[48;2;206;233;244m▀[0m[38;2;191;217;226m[48;2;203;233;244m▀[0m[38;2;212;236;245m[48;2;184;209;221m▀[0m[38;2;216;238;246m[48;2;184;205;214m▀[0m[38;2;225;242;248m[48;2;228;243;249m▀[0m[38;2;229;243;249m▄[0m[38;2;29;32;34m▄[0m         
    [38;2;219;239;247m▄[0m[38;2;217;238;246m[48;2;180;197;204m▀[0m[38;2;222;240;247m[48;2;208;235;245m▀[0m[38;2;33;39;42m[48;2;202;231;243m▀[0m[38;2;201;230;242m[48;2;203;232;244m▀[0m[38;2;199;227;238m[48;2;104;121;132m▀[0m     [38;2;66;87;92m▄[0m     [38;2;201;228;237m▄[0m[38;2;204;233;244m[48;2;207;234;244m▀[0m[38;2;204;233;244m[48;2;203;232;244m▀[0m[38;2;207;234;244m[48;2;202;233;244m▀[0m[38;2;207;234;244m[48;2;204;232;243m▀[0m[38;2;211;235;245m[48;2;123;140;147m▀[0m[38;2;220;240;247m[48;2;230;244;250m▀[0m[38;2;220;235;241m[48;2;229;244;249m▀[0m[38;2;229;244;250m▄[0m          
    [38;2;3;3;3m▄[0m[38;2;222;240;247m[48;2;185;205;217m▀[0m[38;2;218;239;247m▀[0m[38;2;121;140;151m[48;2;206;234;244m▀[0m[38;2;203;233;244m[48;2;203;233;244m▀[0m[38;2;213;242;251m[48;2;173;200;211m▀[0m  [38;2;181;233;242m▄[0m[38;2;172;224;235m▄[0m[38;2;181;233;242m[48;2;170;220;230m▀[0m[38;2;176;224;235m▀[0m[38;2;91;120;132m▄[0m[38;2;199;238;245m▄[0m   [38;2;76;89;96m[48;2;204;233;244m▀[0m[38;2;204;233;244m[48;2;204;233;244m▀[0m[38;2;204;233;244m[48;2;203;232;244m▀[0m[38;2;204;233;244m[48;2;203;232;244m▀[0m[38;2;209;236;245m[48;2;212;238;248m▀[0m[38;2;215;237;246m[48;2;130;143;151m▀[0m[38;2;226;241;249m[48;2;225;240;248m▀[0m[38;2;215;227;231m[48;2;227;242;248m▀[0m           
     [38;2;223;242;250m[48;2;218;238;245m▀[0m[38;2;217;238;246m[48;2;218;239;247m▀[0m[38;2;207;234;244m[48;2;199;228;241m▀[0m[38;2;205;233;244m[48;2;194;223;237m▀[0m[38;2;84;98;107m▀[0m  [38;2;178;230;240m[48;2;79;103;112m▀[0m[38;2;169;216;228m[48;2;176;223;234m▀[0m[38;2;212;243;248m[48;2;207;206;210m▀[0m[38;2;176;225;236m[48;2;194;224;237m▀[0m[38;2;174;223;234m▀[0m   [38;2;0;0;0m[48;2;206;235;246m▀[0m[38;2;203;233;244m[48;2;206;233;244m▀[0m[38;2;207;234;244m[48;2;206;233;244m▀[0m[38;2;204;231;243m[48;2;199;229;242m▀[0m[38;2;208;235;245m[48;2;205;235;246m▀[0m[38;2;209;234;244m[48;2;203;223;230m▀[0m[38;2;228;243;249m[48;2;229;243;249m▀[0m[38;2;235;249;253m[48;2;1;1;3m▀[0m            
     [38;2;193;219;234m▄[0m[38;2;164;187;201m[48;2;200;227;240m▀[0m[38;2;189;216;233m[48;2;138;158;172m▀[0m[38;2;193;218;233m[48;2;170;196;213m▀[0m[38;2;95;110;119m[48;2;172;196;213m▀[0m[38;2;175;201;217m▄[0m [38;2;145;137;135m[48;2;145;140;137m▀[0m[38;2;201;230;243m[48;2;203;232;243m▀[0m[38;2;199;229;241m[48;2;199;229;241m▀[0m[38;2;204;233;244m[48;2;200;229;242m▀[0m   [38;2;140;162;172m▄[0m[38;2;61;70;76m[48;2;202;232;244m▀[0m[38;2;207;234;244m[48;2;204;233;244m▀[0m[38;2;204;233;244m[48;2;202;231;243m▀[0m[38;2;206;233;244m[48;2;206;234;245m▀[0m[38;2;211;236;245m▀[0m[38;2;32;36;38m▀[0m              
       [38;2;175;200;219m▀[0m[38;2;168;193;210m[48;2;167;191;209m▀[0m[38;2;171;196;213m[48;2;168;192;210m▀[0m[38;2;171;196;213m[48;2;170;194;212m▀[0m[38;2;50;57;64m▄[0m[38;2;212;235;244m[48;2;247;252;252m▀[0m[38;2;206;232;242m[48;2;247;252;252m▀[0m[38;2;199;228;241m[48;2;241;246;246m▀[0m[38;2;187;214;226m[48;2;186;214;226m▀[0m[38;2;197;224;235m▄[0m[38;2;140;161;170m[48;2;188;216;229m▀[0m[38;2;190;218;232m[48;2;207;234;244m▀[0m[38;2;200;229;243m[48;2;200;229;242m▀[0m[38;2;204;231;243m[48;2;203;231;243m▀[0m[38;2;204;231;243m[48;2;200;229;243m▀[0m[38;2;165;187;198m[48;2;88;103;112m▀[0m[38;2;209;235;247m[48;2;212;235;245m▀[0m[38;2;219;239;247m[48;2;227;242;249m▀[0m[38;2;226;241;249m▀[0m              
       [38;2;1;3;3m▀[0m[38;2;178;204;221m[48;2;71;85;93m▀[0m[38;2;130;149;162m[48;2;13;15;17m▀[0m[38;2;170;194;212m[48;2;158;183;200m▀[0m[38;2;154;161;162m[48;2;247;252;252m▀[0m[38;2;246;250;251m[48;2;247;252;252m▀[0m[38;2;246;250;251m[48;2;247;252;252m▀[0m[38;2;246;251;251m[48;2;246;250;250m▀[0m[38;2;204;233;244m[48;2;120;140;149m▀[0m[38;2;75;88;94m[48;2;200;229;241m▀[0m[38;2;207;234;244m[48;2;201;231;243m▀[0m[38;2;206;234;244m[48;2;206;235;247m▀[0m[38;2;204;231;243m[48;2;113;131;143m▀[0m[38;2;200;230;242m[48;2;210;235;247m▀[0m[38;2;201;229;242m[48;2;132;149;158m▀[0m[38;2;217;239;248m[48;2;225;240;248m▀[0m[38;2;6;8;8m▄[0m                
          [38;2;254;254;254m[48;2;247;251;252m▀[0m[38;2;249;252;253m[48;2;249;253;253m▀[0m[38;2;247;252;252m[48;2;247;251;252m▀[0m[38;2;247;252;252m[48;2;247;252;252m▀[0m[38;2;233;239;239m[48;2;234;240;240m▀[0m[38;2;110;129;138m[48;2;186;213;226m▀[0m[38;2;185;212;225m[48;2;185;212;225m▀[0m[38;2;179;198;207m[48;2;234;248;253m▀[0m[38;2;0;0;0m▀[0m[38;2;235;249;254m[48;2;232;247;251m▀[0m[38;2;228;243;249m▀[0m[38;2;11;13;13m▀[0m[38;2;222;234;239m▀[0m  [38;2;212;246;250m▄[0m[38;2;207;243;248m▄[0m[38;2;0;0;0m[48;2;205;242;248m▀[0m[38;2;207;241;245m[48;2;206;243;249m▀[0m[38;2;206;244;249m[48;2;202;241;248m▀[0m[38;2;193;240;246m[48;2;183;225;232m▀[0m[38;2;191;237;243m[48;2;186;237;245m▀[0m[38;2;187;238;246m▄[0m[38;2;129;170;182m▄[0m      
          [38;2;247;252;252m[48;2;226;231;231m▀[0m[38;2;246;250;251m[48;2;243;247;248m▀[0m[38;2;247;252;252m[48;2;231;236;238m▀[0m[38;2;232;238;239m[48;2;184;190;191m▀[0m[38;2;210;215;215m[48;2;187;213;226m▀[0m[38;2;160;184;196m[48;2;202;232;243m▀[0m[38;2;199;229;241m[48;2;203;232;243m▀[0m[38;2;203;232;243m[48;2;203;232;243m▀[0m     [38;2;181;231;242m▄[0m[38;2;186;236;245m[48;2;186;237;245m▀[0m[38;2;197;242;247m[48;2;191;239;246m▀[0m[38;2;208;244;249m[48;2;190;238;245m▀[0m[38;2;206;244;249m[48;2;187;238;245m▀[0m[38;2;190;233;240m[48;2;185;235;244m▀[0m[38;2;194;239;246m[48;2;186;238;245m▀[0m[38;2;186;238;245m[48;2;106;138;144m▀[0m[38;2;186;237;245m[48;2;158;194;214m▀[0m[38;2;186;237;245m[48;2;158;196;214m▀[0m[38;2;189;241;248m[48;2;158;196;214m▀[0m[38;2;186;238;245m[48;2;160;198;217m▀[0m[38;2;109;141;152m▄[0m    
           [38;2;233;239;239m[48;2;176;200;219m▀[0m[38;2;235;240;240m[48;2;240;245;245m▀[0m[38;2;118;122;121m[48;2;161;179;188m▀[0m[38;2;183;210;224m[48;2;184;211;225m▀[0m[38;2;212;235;245m[48;2;198;228;241m▀[0m[38;2;204;233;244m[48;2;203;232;243m▀[0m[38;2;203;233;244m[48;2;192;221;235m▀[0m[38;2;133;155;165m▀[0m  [38;2;175;220;234m▄[0m[38;2;167;208;220m[48;2;176;222;236m▀[0m[38;2;178;223;237m[48;2;177;223;237m▀[0m[38;2;181;227;240m[48;2;82;103;112m▀[0m[38;2;186;235;244m[48;2;178;223;237m▀[0m[38;2;182;232;242m[48;2;178;224;238m▀[0m[38;2;181;230;241m▀[0m[38;2;182;231;241m▀[0m [38;2;124;152;170m▄[0m[38;2;154;190;210m[48;2;161;198;217m▀[0m[38;2;158;196;214m[48;2;158;196;214m▀[0m[38;2;158;196;214m[48;2;158;196;214m▀[0m[38;2;55;67;75m[48;2;106;130;147m▀[0m[38;2;157;195;214m[48;2;156;194;214m▀[0m    
            [38;2;173;197;217m▀[0m[38;2;161;184;203m[48;2;182;209;223m▀[0m[38;2;52;59;65m[48;2;5;6;6m▀[0m[38;2;80;92;98m▀[0m[38;2;184;210;224m[48;2;161;183;194m▀[0m[38;2;183;210;224m[48;2;52;59;65m▀[0m[38;2;162;202;221m[48;2;148;184;203m▀[0m[38;2;163;201;221m[48;2;164;206;223m▀[0m[38;2;162;203;222m[48;2;164;207;224m▀[0m[38;2;165;207;224m[48;2;164;207;223m▀[0m[38;2;55;69;78m[48;2;169;213;229m▀[0m[38;2;177;222;236m[48;2;0;0;0m▀[0m[38;2;177;223;237m▀[0m[38;2;120;151;165m▀[0m   [38;2;175;215;233m▄[0m[38;2;171;212;229m[48;2;171;213;230m▀[0m[38;2;174;216;232m[48;2;169;209;228m▀[0m[38;2;158;196;214m[48;2;169;209;228m▀[0m[38;2;158;196;214m[48;2;175;216;233m▀[0m[38;2;157;194;213m[48;2;165;206;223m▀[0m[38;2;160;198;216m▀[0m    
             [38;2;112;112;116m[48;2;128;126;129m▀[0m   [38;2;98;97;104m[48;2;143;141;148m▀[0m         [38;2;171;212;229m▄[0m[38;2;178;220;235m[48;2;153;191;208m▀[0m[38;2;171;211;229m[48;2;171;212;229m▀[0m[38;2;169;210;228m[48;2;172;212;230m▀[0m[38;2;169;209;228m[48;2;174;217;233m▀[0m[38;2;170;211;228m[48;2;172;214;231m▀[0m[38;2;171;213;230m[48;2;171;213;230m▀[0m[38;2;175;218;233m▀[0m     
          [38;2;102;97;93m▄[0m[38;2;148;140;135m▄[0m[38;2;182;173;170m[48;2;174;166;163m▀[0m[38;2;45;44;45m▄[0m [38;2;31;37;42m▄[0m[38;2;213;243;248m▄[0m[38;2;218;245;249m▄[0m[38;2;206;233;239m▄[0m[38;2;191;218;224m▄[0m[38;2;219;248;251m▄[0m[38;2;126;164;176m▄[0m[38;2;117;152;165m▄[0m[38;2;119;156;170m▄[0m[38;2;166;214;224m▄[0m[38;2;171;212;229m[48;2;186;235;244m▀[0m[38;2;172;214;230m[48;2;183;233;243m▀[0m[38;2;176;218;234m[48;2;181;230;241m▀[0m[38;2;172;215;230m[48;2;180;226;239m▀[0m[38;2;171;212;229m[48;2;169;214;227m▀[0m[38;2;171;212;229m[48;2;173;216;232m▀[0m[38;2;173;214;230m[48;2;172;212;229m▀[0m[38;2;172;214;230m▀[0m       
         [38;2;129;123;121m[48;2;144;136;135m▀[0m[38;2;176;168;164m▀[0m[38;2;177;169;164m▀[0m[38;2;30;36;40m▄[0m[38;2;91;107;113m[48;2;220;247;251m▀[0m[38;2;149;174;182m[48;2;106;123;129m▀[0m[38;2;220;246;250m[48;2;218;246;251m▀[0m[38;2;218;245;250m[48;2;163;159;157m▀[0m[38;2;220;247;251m▀[0m[38;2;209;245;249m▀[0m[38;2;187;238;246m▀[0m[38;2;188;240;247m▀[0m[38;2;159;207;216m▀[0m[38;2;128;167;178m▀[0m[38;2;187;239;247m▀[0m[38;2;188;240;247m▀[0m[38;2;187;238;246m[48;2;3;0;1m▀[0m[38;2;188;239;247m[48;2;44;58;63m▀[0m[38;2;154;199;210m▀[0m[38;2;187;238;245m▀[0m[38;2;183;232;242m▀[0m[38;2;163;202;214m▀[0m         
            [38;2;52;63;67m[48;2;188;239;246m▀[0m[38;2;215;240;244m[48;2;191;242;248m▀[0m[38;2;62;60;62m▀[0m[38;2;174;169;166m▀[0m[38;2;183;175;169m[48;2;182;172;169m▀[0m                       
            [38;2;183;232;242m▀[0m[38;2;26;34;37m▄[0m  [38;2;48;48;50m▀[0m                       
                                        
