                                        
                                        
                                        
                                        
                                        
                                        
           [38;2;255;178;125m▄[0m[38;2;255;177;124m▄[0m[38;2;250;173;124m▄[0m[38;2;249;158;106m▄[0m                     [38;2;201;132;109m[48;2;249;168;122m▀[0m[38;2;243;152;118m[48;2;105;62;65m▀[0m  
     [38;2;247;154;119m▄[0m     [38;2;250;172;123m▀[0m[38;2;250;174;124m[48;2;250;173;123m▀[0m[38;2;250;173;124m[48;2;254;203;131m▀[0m[38;2;254;205;126m[48;2;253;198;129m▀[0m[38;2;229;192;130m▄[0m[38;2;232;186;120m▄[0m[38;2;187;147;113m▄[0m[38;2;254;177;125m▄[0m              [38;2;163;126;94m▄[0m[38;2;253;194;114m[48;2;243;225;142m▀[0m[38;2;250;173;124m[48;2;250;140;169m▀[0m[38;2;103;63;73m[48;2;70;43;50m▀[0m[38;2;254;159;168m▀[0m  
   [38;2;248;145;108m▄[0m[38;2;249;164;121m▄[0m[38;2;137;90;85m[48;2;248;153;108m▀[0m[38;2;245;134;103m[48;2;249;151;105m▀[0m[38;2;63;37;29m[48;2;247;159;107m▀[0m[38;2;208;144;157m[48;2;245;136;167m▀[0m[38;2;246;143;106m[48;2;248;139;169m▀[0m[38;2;237;197;130m[48;2;247;146;109m▀[0m[38;2;254;214;134m[48;2;254;210;125m▀[0m[38;2;250;173;123m[48;2;247;154;118m▀[0m[38;2;250;169;122m[48;2;248;160;120m▀[0m[38;2;254;214;134m[48;2;249;163;120m▀[0m[38;2;201;159;115m[48;2;249;164;120m▀[0m[38;2;249;167;120m[48;2;247;148;108m▀[0m[38;2;254;208;133m[48;2;255;205;121m▀[0m[38;2;252;186;113m[48;2;249;170;122m▀[0m[38;2;250;174;124m▀[0m   [38;2;250;173;124m[48;2;250;172;123m▀[0m[38;2;250;174;124m[48;2;250;174;121m▀[0m[38;2;251;180;125m▄[0m[38;2;252;181;125m▄[0m[38;2;112;80;69m▄[0m  [38;2;214;150;110m▄[0m[38;2;249;151;114m▄[0m[38;2;247;143;106m[48;2;245;130;106m▀[0m[38;2;248;150;111m[48;2;152;105;97m▀[0m[38;2;250;139;169m[48;2;176;102;123m▀[0m     
    [38;2;247;149;103m▀[0m[38;2;250;161;110m▀[0m[38;2;249;163;113m[48;2;204;157;113m▀[0m[38;2;252;189;122m[48;2;205;153;112m▀[0m[38;2;255;207;132m[48;2;254;214;135m▀[0m[38;2;113;67;79m[48;2;254;214;134m▀[0m[38;2;250;140;169m[48;2;250;177;115m▀[0m[38;2;254;141;173m[48;2;252;139;172m▀[0m[38;2;248;144;107m[48;2;244;136;167m▀[0m[38;2;247;153;118m[48;2;249;150;176m▀[0m[38;2;255;213;134m[48;2;248;158;181m▀[0m[38;2;245;133;102m[48;2;136;95;82m▀[0m[38;2;246;138;102m[48;2;247;153;116m▀[0m[38;2;247;154;118m[48;2;247;149;113m▀[0m[38;2;248;162;116m[48;2;247;155;119m▀[0m[38;2;247;146;103m[48;2;255;202;126m▀[0m[38;2;240;194;120m[48;2;72;50;54m▀[0m[38;2;207;124;111m▄[0m [38;2;155;103;86m▀[0m[38;2;250;170;122m[48;2;248;156;118m▀[0m[38;2;251;181;126m[48;2;249;164;112m▀[0m[38;2;251;183;126m[48;2;253;198;122m▀[0m[38;2;249;168;109m▄[0m [38;2;199;159;114m[48;2;246;132;104m▀[0m[38;2;254;212;127m[48;2;255;206;117m▀[0m[38;2;252;185;121m[48;2;203;125;150m▀[0m[38;2;171;105;125m▀[0m[38;2;223;133;157m▀[0m      
        [38;2;245;133;100m▀[0m[38;2;247;154;118m[48;2;241;151;118m▀[0m[38;2;247;155;119m[48;2;203;134;116m▀[0m[38;2;245;131;101m[48;2;245;130;102m▀[0m[38;2;254;210;126m[48;2;247;151;107m▀[0m[38;2;124;77;90m[48;2;255;215;134m▀[0m[38;2;244;136;167m[48;2;245;133;100m▀[0m[38;2;250;140;169m[48;2;195;117;138m▀[0m[38;2;223;128;153m[48;2;250;139;170m▀[0m[38;2;247;154;118m[48;2;251;140;170m▀[0m[38;2;246;177;127m[48;2;52;29;35m▀[0m[38;2;254;213;135m[48;2;254;214;135m▀[0m[38;2;246;137;103m[48;2;245;136;100m▀[0m [38;2;137;88;101m▄[0m[38;2;6;6;6m▄[0m  [38;2;248;157;109m[48;2;255;205;119m▀[0m[38;2;247;146;104m[48;2;255;205;121m▀[0m[38;2;248;132;109m[48;2;254;192;123m▀[0m[38;2;220;122;105m[48;2;245;132;100m▀[0m[38;2;104;67;79m[48;2;253;192;124m▀[0m         
             [38;2;245;133;104m▀[0m[38;2;245;130;106m▀[0m[38;2;247;150;114m▀[0m[38;2;252;163;114m▀[0m[38;2;177;107;129m[48;2;247;150;110m▀[0m[38;2;251;140;169m[48;2;252;184;125m▀[0m[38;2;245;136;164m[48;2;84;56;42m▀[0m[38;2;250;140;169m[48;2;148;94;102m▀[0m[38;2;248;164;188m[48;2;249;140;168m▀[0m[38;2;220;140;160m[48;2;248;138;168m▀[0m[38;2;250;156;180m[48;2;176;104;117m▀[0m[38;2;243;153;179m[48;2;199;117;137m▀[0m[38;2;202;123;149m[48;2;244;135;165m▀[0m[38;2;197;120;146m[48;2;253;143;169m▀[0m[38;2;160;124;113m[48;2;67;40;33m▀[0m[38;2;247;152;117m[48;2;251;155;180m▀[0m[38;2;255;209;132m[48;2;247;154;118m▀[0m[38;2;254;213;134m[48;2;253;196;129m▀[0m[38;2;175;120;104m▄[0m        
                [38;2;44;16;17m▄[0m[38;2;186;65;69m▄[0m [38;2;176;106;127m▀[0m[38;2;199;119;142m[48;2;161;97;117m▀[0m[38;2;199;119;142m[48;2;205;123;146m▀[0m[38;2;201;118;142m[48;2;195;114;138m▀[0m[38;2;247;138;167m[48;2;199;119;142m▀[0m[38;2;250;140;169m[48;2;204;121;145m▀[0m[38;2;251;140;170m▀[0m[38;2;250;139;168m▀[0m[38;2;244;134;165m[48;2;9;7;7m▀[0m[38;2;254;142;172m[48;2;250;140;169m▀[0m[38;2;81;48;56m[48;2;18;18;21m▀[0m[38;2;247;154;118m[48;2;225;94;90m▀[0m         
                [38;2;69;27;28m[48;2;153;54;57m▀[0m[38;2;136;48;50m▀[0m    [38;2;121;43;45m▀[0m      [38;2;191;113;137m▀[0m[38;2;176;74;70m▀[0m[38;2;125;53;50m[48;2;11;4;4m▀[0m[38;2;67;28;27m▄[0m       
                                        
                                        
                                        
                                        
                                        
                                        
