                                        
                        [38;2;250;251;252m[48;2;242;247;247m▀[0m               
               [38;2;28;28;28m▀[0m[38;2;72;74;74m[48;2;198;198;199m▀[0m      [38;2;14;14;14m[48;2;242;248;248m▀[0m[38;2;251;254;255m[48;2;169;171;170m▀[0m[38;2;5;5;5m[48;2;247;248;248m▀[0m              
                [38;2;87;87;87m[48;2;37;37;36m▀[0m[38;2;196;195;196m[48;2;192;192;192m▀[0m[38;2;179;213;241m▄[0m[38;2;143;188;227m▄[0m[38;2;121;175;222m▄[0m[38;2;121;175;223m▄[0m[38;2;242;246;248m▄[0m[38;2;237;242;244m[48;2;203;204;205m▀[0m[38;2;194;194;195m[48;2;200;200;201m▀[0m[38;2;241;246;246m[48;2;200;202;200m▀[0m              
                [38;2;155;153;150m▀[0m[38;2;47;62;75m[48;2;121;176;224m▀[0m[38;2;157;197;231m[48;2;126;183;232m▀[0m[38;2;140;185;226m[48;2;121;176;223m▀[0m[38;2;121;176;223m[48;2;121;175;223m▀[0m[38;2;118;171;221m[48;2;121;175;223m▀[0m[38;2;241;246;246m[48;2;220;222;221m▀[0m[38;2;41;41;41m[48;2;199;200;199m▀[0m[38;2;203;205;204m[48;2;211;214;212m▀[0m[38;2;68;69;69m▀[0m              
                 [38;2;217;220;218m[48;2;95;105;113m▀[0m[38;2;197;197;196m[48;2;119;172;221m▀[0m[38;2;119;174;222m[48;2;118;171;221m▀[0m[38;2;98;141;181m[48;2;225;225;225m▀[0m[38;2;0;1;1m[48;2;36;18;28m▀[0m[38;2;30;43;55m[48;2;109;158;200m▀[0m[38;2;198;199;198m[48;2;103;149;189m▀[0m                
                  [38;2;121;175;223m[48;2;121;175;223m▀[0m[38;2;121;175;222m[48;2;121;175;223m▀[0m[38;2;11;6;9m[48;2;121;175;223m▀[0m[38;2;73;46;57m[48;2;112;162;206m▀[0m[38;2;96;139;177m[48;2;96;140;178m▀[0m[38;2;35;51;65m▀[0m                
                  [38;2;130;180;222m▀[0m[38;2;117;171;217m[48;2;8;10;14m▀[0m[38;2;102;147;187m[48;2;40;58;72m▀[0m[38;2;99;144;181m[48;2;99;142;179m▀[0m[38;2;99;143;181m▀[0m                 
                   [38;2;51;106;165m[48;2;253;254;254m▀[0m[38;2;62;122;185m[48;2;103;153;197m▀[0m[38;2;119;170;219m[48;2;88;127;164m▀[0m                  
                  [38;2;246;250;250m▄[0m[38;2;242;245;247m[48;2;244;246;246m▀[0m[38;2;119;170;219m[48;2;121;175;221m▀[0m                   
     [38;2;94;124;152m▄[0m           [38;2;150;152;152m[48;2;246;250;250m▀[0m[38;2;242;246;247m[48;2;247;250;250m▀[0m[38;2;140;186;227m[48;2;121;175;223m▀[0m                    
   [38;2;63;83;103m▄[0m[38;2;32;44;54m[48;2;139;168;197m▀[0m[38;2;61;115;170m[48;2;114;156;200m▀[0m         [38;2;30;30;30m▄[0m[38;2;246;250;251m[48;2;243;247;248m▀[0m[38;2;246;249;250m[48;2;246;249;249m▀[0m[38;2;163;201;233m[48;2;145;191;229m▀[0m[38;2;118;173;221m[48;2;0;0;0m▀[0m                    
    [38;2;66;122;178m[48;2;5;7;9m▀[0m[38;2;13;17;20m▀[0m        [38;2;167;168;168m▄[0m[38;2;242;246;247m[48;2;242;246;248m▀[0m[38;2;244;247;248m[48;2;243;246;247m▀[0m[38;2;243;247;248m[48;2;237;243;245m▀[0m[38;2;119;173;221m[48;2;119;173;221m▀[0m           [38;2;1;1;1m▄[0m[38;2;17;26;34m▄[0m        
    [38;2;37;54;74m[48;2;98;139;193m▀[0m         [38;2;245;247;248m[48;2;246;249;249m▀[0m[38;2;243;246;247m[48;2;246;249;249m▀[0m[38;2;242;244;247m[48;2;244;248;248m▀[0m[38;2;149;190;226m[48;2;118;173;223m▀[0m[38;2;119;170;219m[48;2;117;170;219m▀[0m     [38;2;3;1;1m▄[0m[38;2;121;176;223m▄[0m[38;2;121;175;223m▄[0m[38;2;127;185;235m[48;2;121;175;223m▀[0m[38;2;120;173;221m[48;2;118;170;219m▀[0m[38;2;121;175;223m[48;2;119;170;219m▀[0m[38;2;121;175;223m[48;2;118;170;219m▀[0m[38;2;121;175;223m[48;2;117;171;220m▀[0m[38;2;121;175;223m[48;2;118;171;220m▀[0m[38;2;121;175;223m[48;2;126;177;222m▀[0m[38;2;109;157;201m[48;2;131;182;226m▀[0m[38;2;127;182;233m▄[0m    
    [38;2;90;124;181m[48;2;3;4;7m▀[0m[38;2;85;117;174m▄[0m       [38;2;148;150;150m[48;2;243;248;248m▀[0m[38;2;246;249;249m[48;2;244;248;248m▀[0m[38;2;245;249;249m[48;2;243;248;248m▀[0m[38;2;240;245;245m[48;2;242;248;247m▀[0m[38;2;115;169;220m[48;2;135;184;225m▀[0m[38;2;121;176;223m[48;2;117;171;220m▀[0m  [38;2;93;126;156m▄[0m[38;2;97;132;163m▄[0m[38;2;103;145;181m[48;2;105;145;182m▀[0m[38;2;119;174;222m[48;2;106;152;196m▀[0m[38;2;121;175;223m[48;2;113;163;207m▀[0m[38;2;118;171;220m[48;2;113;166;211m▀[0m[38;2;119;170;219m[48;2;115;169;216m▀[0m[38;2;119;170;219m[48;2;113;166;211m▀[0m[38;2;121;175;222m[48;2;110;159;203m▀[0m[38;2;118;171;220m[48;2;104;151;191m▀[0m[38;2;118;170;219m[48;2;165;201;234m▀[0m[38;2;94;133;169m[48;2;162;199;232m▀[0m[38;2;159;196;230m[48;2;162;200;233m▀[0m[38;2;142;186;227m[48;2;132;183;226m▀[0m[38;2;121;175;223m[48;2;117;170;220m▀[0m[38;2;6;6;6m▄[0m   
     [38;2;86;118;175m▀[0m[38;2;86;118;176m[48;2;89;120;174m▀[0m[38;2;83;114;173m▄[0m[38;2;83;114;172m▄[0m[38;2;68;93;139m▄[0m[38;2;25;34;51m▄[0m [38;2;10;14;20m▄[0m[38;2;242;247;248m[48;2;237;240;244m▀[0m[38;2;242;247;247m[48;2;240;245;245m▀[0m[38;2;238;243;244m[48;2;242;247;247m▀[0m[38;2;237;241;243m[48;2;242;247;247m▀[0m[38;2;244;249;248m[48;2;242;247;248m▀[0m[38;2;118;172;221m[48;2;117;170;220m▀[0m[38;2;54;79;100m[48;2;118;172;221m▀[0m[38;2;91;123;151m[48;2;95;127;157m▀[0m[38;2;94;127;157m[48;2;91;123;151m▀[0m[38;2;97;131;161m[48;2;91;123;151m▀[0m[38;2;98;133;164m[48;2;92;124;153m▀[0m[38;2;100;139;174m[48;2;91;124;154m▀[0m[38;2;101;143;179m[48;2;93;126;156m▀[0m[38;2;102;146;183m[48;2;83;111;137m▀[0m[38;2;103;147;186m[48;2;156;198;233m▀[0m[38;2;103;148;189m[48;2;154;196;231m▀[0m[38;2;171;208;242m[48;2;158;198;231m▀[0m[38;2;163;201;233m[48;2;155;196;231m▀[0m[38;2;163;201;233m[48;2;143;190;229m▀[0m[38;2;160;199;232m[48;2;126;179;225m▀[0m[38;2;134;184;226m[48;2;171;203;231m▀[0m[38;2;120;175;223m[48;2;242;247;248m▀[0m[38;2;242;247;247m[48;2;241;245;246m▀[0m[38;2;173;180;184m[48;2;80;80;80m▀[0m   
       [38;2;55;55;55m▀[0m[38;2;140;152;172m▀[0m[38;2;68;94;138m▀[0m[38;2;68;93;139m[48;2;197;197;198m▀[0m[38;2;70;95;141m[48;2;196;196;195m▀[0m[38;2;68;93;139m[48;2;197;198;196m▀[0m[38;2;239;243;246m[48;2;159;159;158m▀[0m[38;2;237;240;244m[48;2;237;242;243m▀[0m[38;2;240;245;245m[48;2;216;219;219m▀[0m[38;2;241;246;246m[48;2;241;246;246m▀[0m[38;2;236;241;243m[48;2;236;241;243m▀[0m[38;2;239;244;245m[48;2;242;247;248m▀[0m[38;2;120;175;223m[48;2;242;247;247m▀[0m[38;2;121;176;223m[48;2;155;194;228m▀[0m[38;2;121;175;223m[48;2;119;173;221m▀[0m[38;2;125;174;216m[48;2;121;175;223m▀[0m[38;2;131;176;214m[48;2;122;175;222m▀[0m[38;2;144;191;231m[48;2;121;174;222m▀[0m[38;2;147;192;230m[48;2;121;175;223m▀[0m[38;2;146;191;229m[48;2;121;176;223m▀[0m[38;2;142;188;229m[48;2;121;175;223m▀[0m[38;2;136;183;225m[48;2;138;185;225m▀[0m[38;2;127;177;222m[48;2;244;248;248m▀[0m[38;2;121;176;223m[48;2;242;247;248m▀[0m[38;2;134;184;226m[48;2;242;247;247m▀[0m[38;2;242;247;247m[48;2;242;247;247m▀[0m[38;2;240;245;246m[48;2;230;234;236m▀[0m[38;2;238;243;244m[48;2;206;209;209m▀[0m[38;2;209;212;211m[48;2;211;213;212m▀[0m    
              [38;2;227;229;227m▀[0m[38;2;219;222;221m[48;2;210;212;211m▀[0m[38;2;220;223;221m[48;2;211;214;212m▀[0m[38;2;227;231;232m[48;2;208;210;211m▀[0m[38;2;241;244;246m[48;2;210;212;212m▀[0m[38;2;241;246;246m[48;2;229;233;235m▀[0m[38;2;237;242;243m[48;2;237;241;243m▀[0m[38;2;242;247;248m[48;2;242;247;248m▀[0m[38;2;242;248;248m[48;2;242;247;247m▀[0m[38;2;238;242;243m[48;2;242;247;248m▀[0m[38;2;242;247;247m[48;2;242;247;247m▀[0m[38;2;237;241;243m[48;2;242;247;247m▀[0m[38;2;240;245;246m[48;2;236;240;242m▀[0m[38;2;236;241;243m[48;2;223;226;225m▀[0m[38;2;241;245;246m[48;2;199;199;198m▀[0m[38;2;242;247;247m[48;2;194;195;194m▀[0m[38;2;235;240;241m[48;2;196;197;196m▀[0m[38;2;222;225;223m[48;2;204;206;206m▀[0m[38;2;209;211;209m[48;2;201;204;204m▀[0m[38;2;211;214;212m▀[0m[38;2;214;216;216m▀[0m     
                [38;2;196;197;196m▀[0m[38;2;195;196;195m▀[0m[38;2;196;197;196m[48;2;210;210;210m▀[0m[38;2;198;198;197m[48;2;198;199;198m▀[0m[38;2;200;201;200m[48;2;196;198;195m▀[0m[38;2;200;200;199m[48;2;195;196;195m▀[0m[38;2;200;201;200m[48;2;197;198;196m▀[0m[38;2;199;200;199m[48;2;197;198;198m▀[0m[38;2;198;199;197m[48;2;140;141;141m▀[0m[38;2;198;199;197m▀[0m[38;2;198;199;198m▀[0m[38;2;207;208;207m▀[0m[38;2;1;1;1m▀[0m           
                                        
