                                        
                      [38;2;255;243;203m[48;2;176;165;139m▀[0m                 
       [38;2;197;183;154m▀[0m     [38;2;69;54;35m▄[0m[38;2;243;193;133m[48;2;244;197;140m▀[0m[38;2;242;180;108m▄[0m[38;2;73;56;37m▄[0m [38;2;12;9;7m▀[0m  [38;2;205;192;161m▀[0m                  
       [38;2;150;140;118m▀[0m[38;2;4;4;3m▀[0m[38;2;255;248;209m▀[0m  [38;2;1;1;0m[48;2;243;184;109m▀[0m[38;2;244;197;139m[48;2;241;180;109m▀[0m[38;2;243;190;126m[48;2;242;180;108m▀[0m[38;2;198;149;86m[48;2;242;181;108m▀[0m[38;2;242;180;109m[48;2;242;180;108m▀[0m[38;2;218;165;103m[48;2;233;176;106m▀[0m                      
            [38;2;244;185;110m[48;2;2;3;3m▀[0m[38;2;242;180;108m[48;2;242;180;108m▀[0m[38;2;242;180;108m[48;2;241;180;109m▀[0m[38;2;196;148;83m[48;2;252;192;114m▀[0m[38;2;18;18;11m[48;2;114;114;85m▀[0m[38;2;239;179;107m[48;2;226;171;104m▀[0m[38;2;195;148;94m[48;2;212;161;101m▀[0m     [38;2;112;92;65m[48;2;238;181;107m▀[0m[38;2;242;180;108m[48;2;50;148;133m▀[0m[38;2;26;36;30m▄[0m             
            [38;2;247;200;142m[48;2;243;195;133m▀[0m[38;2;244;197;139m[48;2;246;191;124m▀[0m[38;2;242;181;108m[48;2;242;180;108m▀[0m[38;2;241;180;109m[48;2;242;180;108m▀[0m[38;2;242;180;108m[48;2;226;169;103m▀[0m[38;2;210;160;101m[48;2;137;104;66m▀[0m[38;2;209;159;100m[48;2;211;162;102m▀[0m    [38;2;0;0;0m▄[0m[38;2;171;126;75m[48;2;49;172;156m▀[0m[38;2;52;154;139m[48;2;48;172;155m▀[0m[38;2;50;148;133m[48;2;49;171;154m▀[0m[38;2;16;26;22m[48;2;49;171;156m▀[0m[38;2;252;193;116m▄[0m           
       [38;2;225;223;221m▄[0m[38;2;218;166;99m▄[0m  [38;2;165;122;87m▄[0m[38;2;14;57;63m[48;2;49;126;127m▀[0m[38;2;239;180;107m[48;2;49;124;126m▀[0m[38;2;238;180;108m[48;2;191;180;151m▀[0m[38;2;214;163;101m[48;2;216;203;171m▀[0m[38;2;9;8;7m[48;2;125;118;99m▀[0m[38;2;154;116;72m[48;2;142;107;67m▀[0m[38;2;210;159;100m[48;2;243;182;108m▀[0m[38;2;250;200;119m[48;2;242;181;108m▀[0m  [38;2;73;49;33m▄[0m[38;2;34;105;100m[48;2;47;165;152m▀[0m[38;2;49;173;156m[48;2;49;171;155m▀[0m[38;2;49;172;154m[48;2;66;178;162m▀[0m[38;2;49;174;158m[48;2;49;171;154m▀[0m[38;2;49;171;155m[48;2;49;173;157m▀[0m[38;2;49;171;155m[48;2;49;176;159m▀[0m[38;2;43;33;21m[48;2;27;52;44m▀[0m          
      [38;2;7;7;7m▀[0m[38;2;242;181;108m[48;2;241;180;108m▀[0m[38;2;243;183;109m[48;2;235;176;105m▀[0m[38;2;225;168;106m[48;2;223;167;105m▀[0m[38;2;220;164;105m▄[0m[38;2;49;126;128m[48;2;208;156;101m▀[0m[38;2;49;125;127m[48;2;176;133;95m▀[0m[38;2;50;127;127m[48;2;177;133;94m▀[0m[38;2;234;228;189m[48;2;133;125;105m▀[0m[38;2;171;162;136m[48;2;234;219;183m▀[0m[38;2;247;235;197m[48;2;144;134;112m▀[0m[38;2;251;187;112m[48;2;241;180;108m▀[0m[38;2;242;180;108m[48;2;244;184;109m▀[0m[38;2;241;180;109m[48;2;244;198;139m▀[0m[38;2;229;176;105m[48;2;242;181;107m▀[0m[38;2;35;101;101m[48;2;45;146;143m▀[0m[38;2;45;144;143m[48;2;44;145;142m▀[0m[38;2;48;168;154m[48;2;45;152;146m▀[0m[38;2;49;171;155m[48;2;49;171;156m▀[0m[38;2;76;183;168m[48;2;68;179;165m▀[0m[38;2;49;171;155m[48;2;50;147;134m▀[0m[38;2;49;171;154m[48;2;41;142;129m▀[0m[38;2;49;171;155m▀[0m[38;2;49;177;161m[48;2;50;170;154m▀[0m[38;2;66;50;34m▄[0m         
       [38;2;233;174;109m▀[0m[38;2;221;164;105m[48;2;15;11;7m▀[0m[38;2;220;163;105m[48;2;215;161;102m▀[0m[38;2;221;165;104m[48;2;188;142;96m▀[0m[38;2;201;152;100m[48;2;174;133;95m▀[0m[38;2;176;134;96m[48;2;142;105;74m▀[0m[38;2;247;235;196m[48;2;248;239;212m▀[0m[38;2;243;230;193m[48;2;246;237;211m▀[0m[38;2;244;230;192m[48;2;245;236;206m▀[0m[38;2;249;238;199m[48;2;244;230;191m▀[0m[38;2;243;184;109m[48;2;245;185;111m▀[0m[38;2;242;183;109m[48;2;249;186;112m▀[0m[38;2;244;198;139m[48;2;245;195;133m▀[0m[38;2;242;187;120m[48;2;244;197;140m▀[0m[38;2;242;180;108m[48;2;243;184;109m▀[0m[38;2;169;128;76m▄[0m  [38;2;67;176;162m▀[0m    [38;2;110;84;54m[48;2;44;34;23m▀[0m         
           [38;2;248;245;212m▄[0m[38;2;238;236;211m[48;2;249;239;212m▀[0m[38;2;245;245;218m[48;2;247;238;210m▀[0m[38;2;248;241;215m[48;2;247;238;211m▀[0m[38;2;247;237;211m[48;2;246;237;209m▀[0m[38;2;244;230;191m[48;2;244;229;192m▀[0m[38;2;242;181;108m[48;2;243;183;109m▀[0m[38;2;242;180;109m[48;2;242;181;108m▀[0m[38;2;242;180;108m[48;2;240;179;107m▀[0m[38;2;243;190;126m[48;2;242;181;108m▀[0m[38;2;242;180;108m[48;2;244;185;111m▀[0m[38;2;243;184;109m[48;2;242;181;108m▀[0m[38;2;242;182;107m▄[0m                
          [38;2;140;136;116m▄[0m[38;2;249;249;233m[48;2;247;237;211m▀[0m[38;2;246;237;212m[48;2;247;237;211m▀[0m[38;2;253;253;225m[48;2;247;237;211m▀[0m[38;2;144;138;122m[48;2;247;237;212m▀[0m[38;2;249;244;213m[48;2;244;231;192m▀[0m[38;2;243;230;191m[48;2;244;230;191m▀[0m[38;2;243;184;108m[48;2;242;181;108m▀[0m[38;2;245;185;111m[48;2;242;180;108m▀[0m[38;2;241;180;108m[48;2;242;180;108m▀[0m[38;2;76;57;36m[48;2;210;160;99m▀[0m[38;2;242;180;108m[48;2;242;180;109m▀[0m[38;2;241;180;109m[48;2;242;180;109m▀[0m[38;2;242;180;108m[48;2;242;181;108m▀[0m[38;2;102;77;47m[48;2;232;174;105m▀[0m        [38;2;58;45;28m[48;2;222;167;105m▀[0m      
         [38;2;178;139;84m▄[0m[38;2;248;237;202m[48;2;249;238;200m▀[0m[38;2;253;245;218m[48;2;251;242;216m▀[0m[38;2;253;244;218m[48;2;247;237;211m▀[0m[38;2;253;244;218m[48;2;249;239;209m▀[0m[38;2;254;244;211m[48;2;244;229;192m▀[0m[38;2;246;233;195m[48;2;244;229;192m▀[0m[38;2;246;234;195m[48;2;244;230;192m▀[0m[38;2;242;181;108m[48;2;230;170;99m▀[0m[38;2;242;181;108m[48;2;242;180;108m▀[0m[38;2;242;180;108m[48;2;242;180;108m▀[0m[38;2;209;160;100m[48;2;242;180;108m▀[0m[38;2;207;158;100m[48;2;242;180;108m▀[0m[38;2;242;181;108m[48;2;128;128;128m▀[0m[38;2;242;180;108m[48;2;210;161;100m▀[0m[38;2;212;162;101m[48;2;233;176;109m▀[0m      [38;2;178;135;96m▄[0m[38;2;210;158;103m[48;2;178;134;96m▀[0m[38;2;201;152;102m▀[0m      
        [38;2;26;23;16m▄[0m[38;2;249;211;164m[48;2;248;205;152m▀[0m[38;2;243;230;190m[48;2;251;239;199m▀[0m[38;2;250;239;208m[48;2;245;232;194m▀[0m[38;2;245;235;201m[48;2;244;229;192m▀[0m[38;2;249;238;200m[48;2;251;237;198m▀[0m[38;2;247;235;196m[48;2;252;246;206m▀[0m[38;2;245;231;192m[48;2;243;228;192m▀[0m[38;2;244;230;192m[48;2;245;232;193m▀[0m[38;2;237;224;188m[48;2;247;234;196m▀[0m[38;2;243;183;109m[48;2;106;81;50m▀[0m[38;2;242;183;109m[48;2;246;207;161m▀[0m[38;2;243;187;117m[48;2;243;196;138m▀[0m[38;2;246;187;111m[48;2;244;186;111m▀[0m[38;2;249;191;114m[48;2;242;182;107m▀[0m[38;2;246;189;112m[48;2;244;184;110m▀[0m[38;2;187;143;102m▄[0m[38;2;161;123;88m▄[0m[38;2;187;142;101m▄[0m[38;2;176;133;95m▄[0m[38;2;175;133;95m▄[0m[38;2;175;134;95m[48;2;177;134;95m▀[0m[38;2;174;133;94m[48;2;178;136;97m▀[0m[38;2;174;133;95m[48;2;176;134;95m▀[0m[38;2;174;133;95m▀[0m       
        [38;2;216;168;109m[48;2;64;49;30m▀[0m[38;2;244;190;122m[48;2;242;180;108m▀[0m[38;2;226;171;101m[48;2;245;185;110m▀[0m[38;2;244;229;192m[48;2;247;235;196m▀[0m[38;2;244;229;193m[48;2;245;230;193m▀[0m[38;2;244;229;192m[48;2;185;175;145m▀[0m[38;2;244;230;191m[48;2;110;103;86m▀[0m[38;2;249;237;198m[48;2;153;145;122m▀[0m[38;2;244;230;191m[48;2;249;236;197m▀[0m[38;2;244;229;192m[48;2;244;230;191m▀[0m[38;2;243;184;111m[48;2;242;181;108m▀[0m[38;2;246;208;161m[48;2;243;189;126m▀[0m[38;2;244;195;138m[48;2;242;182;114m▀[0m[38;2;244;184;110m[48;2;242;181;108m▀[0m[38;2;245;185;111m[48;2;242;182;108m▀[0m[38;2;242;180;108m[48;2;242;181;108m▀[0m[38;2;146;111;66m[48;2;241;180;109m▀[0m[38;2;175;134;95m[48;2;174;132;95m▀[0m[38;2;174;132;95m[48;2;175;132;95m▀[0m[38;2;175;133;95m[48;2;175;134;94m▀[0m[38;2;174;132;95m[48;2;175;133;95m▀[0m[38;2;175;133;94m[48;2;177;137;98m▀[0m[38;2;174;132;95m[48;2;171;158;145m▀[0m[38;2;76;70;64m▀[0m        
         [38;2;242;182;108m[48;2;43;34;24m▀[0m[38;2;242;180;107m[48;2;189;144;97m▀[0m[38;2;228;170;104m[48;2;182;139;98m▀[0m[38;2;211;205;171m[48;2;200;152;102m▀[0m[38;2;244;229;193m[48;2;221;207;174m▀[0m[38;2;244;229;192m[48;2;242;228;190m▀[0m[38;2;244;229;192m[48;2;243;228;192m▀[0m[38;2;244;230;192m[48;2;233;218;185m▀[0m[38;2;253;248;209m[48;2;217;203;170m▀[0m[38;2;243;184;111m[48;2;195;183;158m▀[0m[38;2;244;185;110m[48;2;241;180;108m▀[0m[38;2;246;186;112m[48;2;242;181;108m▀[0m[38;2;242;182;109m[48;2;241;180;109m▀[0m[38;2;242;181;107m[48;2;242;181;108m▀[0m[38;2;242;181;108m[48;2;240;180;109m▀[0m[38;2;242;180;107m[48;2;209;159;100m▀[0m[38;2;174;133;95m[48;2;174;133;95m▀[0m[38;2;174;134;95m[48;2;173;133;95m▀[0m[38;2;175;133;95m[48;2;188;174;157m▀[0m[38;2;173;131;95m[48;2;69;63;58m▀[0m[38;2;116;106;97m▀[0m          
           [38;2;178;136;98m[48;2;185;141;101m▀[0m[38;2;175;134;95m[48;2;175;134;95m▀[0m[38;2;176;135;97m[48;2;176;134;95m▀[0m[38;2;115;107;98m[48;2;174;132;94m▀[0m[38;2;182;168;154m▀[0m[38;2;183;169;153m[48;2;183;169;153m▀[0m[38;2;56;53;47m[48;2;175;161;147m▀[0m[38;2;178;165;149m[48;2;163;150;136m▀[0m[38;2;124;115;107m[48;2;177;163;149m▀[0m[38;2;211;158;100m[48;2;128;118;107m▀[0m[38;2;220;166;103m[48;2;209;159;101m▀[0m[38;2;216;164;102m[48;2;209;159;100m▀[0m[38;2;211;162;102m[48;2;209;159;100m▀[0m[38;2;85;73;62m[48;2;182;167;155m▀[0m[38;2;177;163;148m▀[0m[38;2;177;163;149m▀[0m             
       [38;2;90;89;88m▄[0m[38;2;249;202;144m[48;2;209;206;204m▀[0m[38;2;244;196;136m[48;2;200;153;88m▀[0m[38;2;242;189;120m[48;2;245;185;110m▀[0m[38;2;203;155;99m[48;2;242;181;108m▀[0m[38;2;175;133;95m[48;2;177;134;95m▀[0m[38;2;177;136;97m▀[0m       [38;2;211;160;100m[48;2;210;162;102m▀[0m[38;2;211;162;102m[48;2;213;162;102m▀[0m[38;2;211;162;102m[48;2;208;159;101m▀[0m[38;2;11;8;5m▄[0m               
         [38;2;83;82;81m▀[0m          [38;2;76;56;35m▄[0m[38;2;217;165;103m[48;2;247;200;139m▀[0m[38;2;217;165;102m[48;2;244;190;123m▀[0m[38;2;221;167;102m[48;2;242;180;108m▀[0m[38;2;212;160;101m[48;2;242;180;109m▀[0m[38;2;46;34;20m▄[0m              
                     [38;2;203;200;196m▀[0m[38;2;122;93;57m▀[0m[38;2;200;195;193m[48;2;244;240;231m▀[0m[38;2;181;181;181m▀[0m[38;2;116;112;111m▀[0m              
                                        
