                                        
                     [38;2;222;217;227m[48;2;220;215;225m▀[0m[38;2;213;208;216m[48;2;207;201;211m▀[0m[38;2;16;14;16m▄[0m [38;2;240;233;245m▄[0m[38;2;221;216;226m▄[0m             
                    [38;2;222;217;227m▄[0m[38;2;222;217;227m[48;2;222;217;227m▀[0m[38;2;219;215;224m[48;2;222;218;227m▀[0m[38;2;228;222;230m[48;2;196;190;199m▀[0m[38;2;228;223;231m[48;2;219;212;224m▀[0m[38;2;143;141;145m[48;2;222;217;227m▀[0m[38;2;193;186;193m[48;2;192;187;191m▀[0m             
                   [38;2;7;7;9m▄[0m[38;2;223;218;227m[48;2;222;217;227m▀[0m[38;2;222;217;227m[48;2;221;218;227m▀[0m[38;2;222;219;227m[48;2;219;212;224m▀[0m[38;2;222;217;227m[48;2;200;194;205m▀[0m[38;2;217;211;223m[48;2;220;214;225m▀[0m[38;2;221;216;227m[48;2;222;217;227m▀[0m[38;2;202;196;203m[48;2;197;192;198m▀[0m             
              [38;2;30;28;30m[48;2;225;221;229m▀[0m[38;2;222;218;227m▄[0m    [38;2;222;217;227m[48;2;178;168;183m▀[0m[38;2;218;212;224m[48;2;201;194;200m▀[0m[38;2;223;216;229m[48;2;222;217;228m▀[0m[38;2;62;92;77m[48;2;219;213;225m▀[0m[38;2;220;216;225m[48;2;222;217;227m▀[0m[38;2;207;201;208m[48;2;200;194;202m▀[0m[38;2;174;168;174m▀[0m             
              [38;2;201;195;201m▀[0m[38;2;192;185;191m[48;2;177;170;182m▀[0m[38;2;173;166;181m[48;2;172;164;178m▀[0m[38;2;119;116;121m▄[0m[38;2;222;217;227m▄[0m [38;2;179;169;183m[48;2;224;217;229m▀[0m[38;2;228;223;231m▄[0m[38;2;167;159;162m[48;2;151;144;148m▀[0m[38;2;192;185;191m▀[0m[38;2;192;185;192m▀[0m[38;2;202;196;204m▀[0m              
           [38;2;228;222;233m▄[0m[38;2;197;192;201m[48;2;222;217;226m▀[0m[38;2;55;52;56m▄[0m[38;2;224;219;230m[48;2;173;165;179m▀[0m[38;2;206;200;215m[48;2;170;161;177m▀[0m[38;2;172;165;178m[48;2;172;164;179m▀[0m[38;2;175;169;181m[48;2;167;160;173m▀[0m[38;2;228;225;231m[48;2;222;218;227m▀[0m[38;2;195;189;198m[48;2;202;197;203m▀[0m[38;2;222;217;227m[48;2;196;187;196m▀[0m[38;2;196;191;195m[48;2;192;185;191m▀[0m[38;2;222;218;227m[48;2;221;218;227m▀[0m[38;2;222;217;227m[48;2;222;216;226m▀[0m[38;2;221;216;227m[48;2;223;218;228m▀[0m[38;2;204;199;208m[48;2;192;185;192m▀[0m              
      [38;2;83;187;84m▄[0m[38;2;120;204;119m[48;2;46;82;48m▀[0m[38;2;94;194;90m[48;2;76;153;79m▀[0m[38;2;69;136;64m[48;2;84;183;87m▀[0m[38;2;94;195;89m▄[0m [38;2;201;193;201m▀[0m  [38;2;177;168;181m▀[0m[38;2;112;108;114m▀[0m   [38;2;221;215;225m▀[0m[38;2;192;185;192m[48;2;222;218;227m▀[0m[38;2;225;220;230m[48;2;214;210;220m▀[0m[38;2;220;214;225m[48;2;202;195;206m▀[0m[38;2;131;127;132m[48;2;190;184;190m▀[0m[38;2;192;186;191m[48;2;192;187;191m▀[0m[38;2;180;171;186m[48;2;172;164;179m▀[0m[38;2;171;165;178m▄[0m            
     [38;2;17;20;17m[48;2;81;156;86m▀[0m[38;2;73;128;79m[48;2;68;121;73m▀[0m   [38;2;78;153;81m[48;2;67;126;69m▀[0m[38;2;88;192;90m[48;2;80;148;83m▀[0m[38;2;37;65;38m▄[0m         [38;2;219;213;225m[48;2;226;221;232m▀[0m[38;2;211;205;213m[48;2;192;184;191m▀[0m[38;2;192;187;191m[48;2;192;185;192m▀[0m[38;2;156;150;155m[48;2;192;185;192m▀[0m [38;2;176;168;182m▀[0m[38;2;187;180;189m▀[0m[38;2;218;212;220m[48;2;205;197;208m▀[0m[38;2;103;99;103m▄[0m         
     [38;2;75;138;82m[48;2;49;81;52m▀[0m[38;2;72;125;77m[48;2;72;127;77m▀[0m    [38;2;79;146;83m[48;2;80;155;84m▀[0m[38;2;77;144;81m[48;2;79;146;83m▀[0m[38;2;79;146;81m▄[0m       [38;2;30;30;30m▄[0m[38;2;184;177;184m[48;2;222;218;227m▀[0m[38;2;192;185;191m[48;2;179;173;179m▀[0m[38;2;192;185;192m[48;2;192;186;190m▀[0m[38;2;192;185;192m[48;2;27;46;27m▀[0m[38;2;160;157;161m▄[0m[38;2;4;4;4m▄[0m  [38;2;209;202;211m[48;2;57;56;60m▀[0m[38;2;209;204;211m▄[0m        
      [38;2;74;127;79m[48;2;72;127;77m▀[0m     [38;2;80;148;85m[48;2;80;148;85m▀[0m[38;2;80;148;85m[48;2;79;149;85m▀[0m[38;2;70;134;75m[48;2;79;146;81m▀[0m[38;2;69;131;73m▄[0m   [38;2;94;92;96m▄[0m[38;2;244;242;245m[48;2;230;226;234m▀[0m[38;2;228;224;231m[48;2;229;224;231m▀[0m[38;2;221;218;227m[48;2;222;217;227m▀[0m[38;2;222;217;227m[48;2;222;218;227m▀[0m[38;2;191;184;191m[48;2;185;177;184m▀[0m[38;2;85;184;84m[48;2;81;180;85m▀[0m[38;2;86;193;85m[48;2;91;193;84m▀[0m[38;2;72;156;72m[48;2;96;194;90m▀[0m[38;2;189;181;189m▄[0m [38;2;217;212;219m▄[0m[38;2;209;204;211m[48;2;42;40;42m▀[0m[38;2;209;204;211m[48;2;209;204;211m▀[0m[38;2;200;193;201m▄[0m      
      [38;2;72;139;80m▀[0m[38;2;73;129;79m[48;2;75;132;80m▀[0m[38;2;80;157;83m▄[0m   [38;2;7;8;7m▀[0m[38;2;78;145;81m[48;2;76;143;79m▀[0m[38;2;80;148;85m[48;2;77;150;84m▀[0m[38;2;79;147;82m[48;2;80;148;85m▀[0m[38;2;80;148;81m[48;2;80;148;82m▀[0m[38;2;79;149;85m▄[0m[38;2;50;47;50m▄[0m[38;2;223;218;227m[48;2;221;216;227m▀[0m[38;2;228;224;230m[48;2;220;213;224m▀[0m[38;2;222;218;227m[48;2;217;211;224m▀[0m[38;2;219;212;224m[48;2;222;217;227m▀[0m[38;2;219;214;225m[48;2;221;216;226m▀[0m[38;2;61;60;62m[48;2;42;86;46m▀[0m[38;2;81;152;90m[48;2;78;148;86m▀[0m[38;2;81;173;85m[48;2;81;152;90m▀[0m[38;2;83;170;87m[48;2;80;155;89m▀[0m[38;2;197;190;197m[48;2;200;193;201m▀[0m[38;2;131;128;133m[48;2;208;204;211m▀[0m[38;2;129;123;134m▀[0m[38;2;160;153;165m▀[0m[38;2;172;165;178m▄[0m[38;2;217;209;219m[48;2;60;57;62m▀[0m[38;2;204;197;206m[48;2;79;76;81m▀[0m     
       [38;2;76;139;79m▀[0m[38;2;80;169;82m[48;2;80;168;80m▀[0m[38;2;85;183;83m[48;2;93;194;87m▀[0m[38;2;91;193;89m▄[0m[38;2;13;10;13m▄[0m [38;2;10;8;10m▀[0m[38;2;79;147;82m[48;2;79;148;84m▀[0m[38;2;80;148;82m[48;2;78;146;81m▀[0m[38;2;77;146;81m[48;2;79;149;83m▀[0m[38;2;76;145;80m[48;2;77;144;80m▀[0m[38;2;222;215;227m[48;2;218;211;224m▀[0m[38;2;222;216;227m[48;2;222;217;226m▀[0m[38;2;220;216;225m[48;2;192;186;190m▀[0m[38;2;218;211;223m[48;2;188;181;189m▀[0m[38;2;220;215;225m[48;2;189;181;189m▀[0m[38;2;221;216;226m[48;2;192;185;192m▀[0m[38;2;80;149;88m[48;2;81;149;88m▀[0m[38;2;80;150;89m[48;2;80;151;88m▀[0m[38;2;80;151;88m[48;2;80;151;90m▀[0m[38;2;80;150;88m[48;2;80;151;87m▀[0m[38;2;173;165;179m[48;2;172;164;179m▀[0m[38;2;208;202;210m[48;2;26;25;27m▀[0m          
        [38;2;28;46;29m▀[0m[38;2;87;194;85m[48;2;87;188;87m▀[0m[38;2;87;193;85m[48;2;95;194;90m▀[0m[38;2;96;194;90m[48;2;90;193;85m▀[0m[38;2;67;124;64m[48;2;95;194;90m▀[0m  [38;2;79;146;82m▀[0m[38;2;79;147;82m[48;2;80;145;83m▀[0m[38;2;80;148;83m[48;2;79;145;80m▀[0m[38;2;211;205;214m[48;2;195;188;194m▀[0m[38;2;193;187;194m[48;2;192;185;192m▀[0m[38;2;192;186;191m[48;2;191;186;191m▀[0m[38;2;192;185;192m[48;2;189;181;189m▀[0m[38;2;188;180;189m[48;2;77;143;90m▀[0m[38;2;74;137;83m[48;2;76;131;85m▀[0m[38;2;80;150;88m[48;2;78;135;89m▀[0m[38;2;80;149;88m[48;2;78;139;89m▀[0m[38;2;79;147;87m[48;2;172;164;178m▀[0m[38;2;170;162;177m[48;2;170;164;178m▀[0m[38;2;172;165;178m▀[0m           
          [38;2;90;194;90m▀[0m[38;2;96;194;90m[48;2;93;201;89m▀[0m[38;2;96;194;90m[48;2;96;194;90m▀[0m[38;2;96;196;91m[48;2;95;209;95m▀[0m   [38;2;11;11;11m▄[0m[38;2;190;183;190m[48;2;200;193;201m▀[0m[38;2;190;182;190m[48;2;210;205;210m▀[0m[38;2;27;55;32m▀[0m[38;2;75;131;85m▀[0m[38;2;74;132;86m▀[0m[38;2;80;144;93m▀[0m [38;2;179;172;183m[48;2;209;204;211m▀[0m[38;2;178;171;184m[48;2;189;184;191m▀[0m             
                [38;2;214;210;219m▄[0m[38;2;222;217;227m[48;2;221;217;226m▀[0m[38;2;220;215;226m[48;2;31;30;31m▀[0m      [38;2;209;202;211m[48;2;175;168;180m▀[0m[38;2;212;207;215m[48;2;207;201;210m▀[0m             
               [38;2;130;126;133m▄[0m[38;2;178;173;182m[48;2;222;217;227m▀[0m[38;2;211;204;215m[48;2;194;188;193m▀[0m      [38;2;143;139;146m[48;2;199;194;202m▀[0m[38;2;172;167;179m[48;2;185;180;190m▀[0m[38;2;174;167;179m[48;2;171;163;178m▀[0m[38;2;47;45;48m[48;2;171;163;178m▀[0m[38;2;100;96;104m▄[0m           
              [38;2;221;215;225m▄[0m[38;2;222;218;227m[48;2;222;218;227m▀[0m[38;2;221;217;227m[48;2;222;217;227m▀[0m[38;2;192;186;191m[48;2;192;185;192m▀[0m        [38;2;75;72;78m▀[0m[38;2;172;163;178m▀[0m[38;2;172;164;178m[48;2;172;164;179m▀[0m[38;2;107;103;110m[48;2;180;173;185m▀[0m[38;2;224;219;229m[48;2;182;174;185m▀[0m[38;2;222;218;227m▀[0m        
             [38;2;75;74;77m[48;2;223;216;227m▀[0m[38;2;228;223;231m[48;2;219;214;224m▀[0m[38;2;222;217;226m[48;2;18;16;18m▀[0m[38;2;221;217;227m▀[0m[38;2;222;216;226m[48;2;130;125;129m▀[0m[38;2;222;217;227m[48;2;92;88;91m▀[0m                     
                                        
