                                        
             [38;2;58;51;53m▄[0m[38;2;177;236;255m▄[0m[38;2;202;246;255m[48;2;173;235;255m▀[0m[38;2;177;236;255m[48;2;178;237;255m▀[0m                       
           [38;2;140;229;238m▄[0m[38;2;177;236;255m[48;2;147;230;242m▀[0m[38;2;177;236;255m[48;2;148;229;244m▀[0m[38;2;177;236;255m[48;2;141;230;237m▀[0m[38;2;173;236;255m[48;2;20;22;24m▀[0m                        
        [38;2;27;24;25m▄[0m[38;2;21;20;20m[48;2;121;213;211m▀[0m[38;2;117;210;211m[48;2;119;211;211m▀[0m[38;2;122;214;213m[48;2;121;212;213m▀[0m[38;2;122;215;215m[48;2;121;212;213m▀[0m[38;2;121;214;211m[48;2;84;128;132m▀[0m[38;2;113;201;201m[48;2;24;24;24m▀[0m[38;2;193;243;255m▄[0m[38;2;188;240;255m▄[0m[38;2;177;238;255m▄[0m[38;2;177;236;255m▄[0m[38;2;193;245;255m[48;2;173;237;255m▀[0m[38;2;190;244;255m[48;2;165;235;255m▀[0m[38;2;177;236;255m[48;2;157;229;250m▀[0m                  
       [38;2;45;39;42m[48;2;114;208;207m▀[0m[38;2;114;208;209m[48;2;114;207;208m▀[0m[38;2;121;212;213m[48;2;121;212;213m▀[0m[38;2;51;53;54m[48;2;62;93;94m▀[0m[38;2;193;243;255m[48;2;193;241;255m▀[0m[38;2;173;236;255m[48;2;177;236;255m▀[0m[38;2;183;241;254m[48;2;187;241;255m▀[0m[38;2;187;239;255m[48;2;191;241;255m▀[0m[38;2;195;242;255m[48;2;194;242;255m▀[0m[38;2;195;242;255m[48;2;191;241;255m▀[0m[38;2;182;237;255m[48;2;169;233;255m▀[0m[38;2;174;237;255m[48;2;165;239;255m▀[0m[38;2;175;237;255m[48;2;164;239;255m▀[0m[38;2;164;236;255m[48;2;165;240;255m▀[0m[38;2;131;191;212m[48;2;165;235;255m▀[0m[38;2;53;51;53m[48;2;171;240;255m▀[0m                 
     [38;2;106;204;202m▄[0m[38;2;111;205;199m[48;2;18;13;15m▀[0m[38;2;115;209;207m▀[0m[38;2;80;149;149m▀[0m  [38;2;173;236;255m[48;2;103;136;147m▀[0m[38;2;186;243;255m[48;2;191;243;255m▀[0m[38;2;182;242;255m[48;2;181;242;255m▀[0m[38;2;181;243;255m[48;2;181;244;255m▀[0m[38;2;183;244;255m[48;2;178;242;255m▀[0m[38;2;179;243;255m[48;2;165;235;255m▀[0m[38;2;164;240;255m[48;2;164;240;255m▀[0m[38;2;163;241;255m[48;2;165;239;255m▀[0m[38;2;52;39;41m[48;2;224;218;225m▀[0m[38;2;133;191;206m[48;2;125;121;125m▀[0m[38;2;162;241;255m[48;2;164;239;255m▀[0m[38;2;163;241;255m[48;2;165;236;255m▀[0m[38;2;87;111;122m▄[0m                
    [38;2;110;211;208m[48;2;116;221;218m▀[0m[38;2;29;28;28m▀[0m     [38;2;177;236;255m[48;2;164;237;255m▀[0m[38;2;178;237;255m[48;2;46;44;46m▀[0m[38;2;182;178;181m[48;2;158;155;153m▀[0m[38;2;195;247;255m[48;2;33;35;38m▀[0m[38;2;165;240;255m[48;2;165;239;255m▀[0m[38;2;165;237;255m[48;2;165;236;255m▀[0m[38;2;165;236;255m[48;2;165;234;255m▀[0m[38;2;177;240;255m[48;2;164;238;255m▀[0m[38;2;247;241;240m[48;2;246;240;241m▀[0m[38;2;87;127;172m[48;2;50;67;84m▀[0m[38;2;25;30;36m[48;2;165;239;255m▀[0m[38;2;162;242;255m[48;2;164;236;255m▀[0m    [38;2;13;12;13m▄[0m[38;2;89;158;159m▄[0m[38;2;95;176;178m▄[0m[38;2;94;177;180m▄[0m[38;2;97;181;183m▄[0m[38;2;103;190;192m▄[0m[38;2;109;198;203m▄[0m[38;2;112;207;208m▄[0m[38;2;118;213;212m▄[0m[38;2;65;65;65m▄[0m   
   [38;2;104;200;199m[48;2;29;21;25m▀[0m       [38;2;161;237;255m▀[0m[38;2;166;237;255m[48;2;177;236;255m▀[0m[38;2;247;241;239m[48;2;177;236;255m▀[0m[38;2;110;146;183m[48;2;181;238;255m▀[0m[38;2;165;240;255m[48;2;164;237;255m▀[0m[38;2;165;236;255m[48;2;183;238;255m▀[0m[38;2;165;239;255m[48;2;165;232;255m▀[0m[38;2;165;237;255m[48;2;164;235;255m▀[0m[38;2;165;239;255m[48;2;165;237;255m▀[0m[38;2;158;235;254m[48;2;33;32;34m▀[0m[38;2;135;192;215m[48;2;123;178;200m▀[0m[38;2;40;39;40m▄[0m[38;2;87;172;172m▀[0m[38;2;85;169;166m▀[0m[38;2;80;156;157m▀[0m           [38;2;62;110;108m[48;2;115;207;210m▀[0m  
  [38;2;99;197;191m[48;2;102;199;195m▀[0m          [38;2;30;34;36m▄[0m[38;2;61;86;94m[48;2;91;171;173m▀[0m[38;2;163;240;255m[48;2;38;49;52m▀[0m[38;2;166;237;255m[48;2;32;24;25m▀[0m[38;2;165;236;255m[48;2;63;71;78m▀[0m[38;2;165;236;255m[48;2;121;176;198m▀[0m[38;2;17;14;15m[48;2;121;176;198m▀[0m[38;2;121;176;198m[48;2;121;178;199m▀[0m[38;2;118;182;200m[48;2;147;218;234m▀[0m[38;2;158;242;253m[48;2;168;246;254m▀[0m[38;2;165;237;255m[48;2;137;182;195m▀[0m[38;2;165;236;255m[48;2;134;186;198m▀[0m[38;2;165;233;255m[48;2;155;206;221m▀[0m[38;2;167;243;255m[48;2;189;245;255m▀[0m         [38;2;29;29;29m[48;2;107;202;199m▀[0m[38;2;23;27;27m▀[0m  
  [38;2;32;29;30m▀[0m[38;2;33;43;42m▀[0m[38;2;58;38;47m▄[0m[38;2;94;177;182m▄[0m[38;2;90;172;176m▄[0m[38;2;92;177;179m▄[0m[38;2;104;187;194m▄[0m[38;2;3;2;3m▄[0m[38;2;69;69;71m▀[0m[38;2;91;171;173m▀[0m[38;2;38;28;34m▀[0m [38;2;176;239;255m▄[0m[38;2;183;240;255m[48;2;164;239;255m▀[0m[38;2;140;200;222m[48;2;163;239;254m▀[0m[38;2;139;194;217m▀[0m[38;2;97;135;150m▀[0m[38;2;148;209;234m[48;2;177;238;255m▀[0m[38;2;174;237;255m[48;2;177;236;255m▀[0m[38;2;165;237;255m[48;2;177;237;255m▀[0m[38;2;165;241;255m[48;2;165;233;255m▀[0m[38;2;120;151;164m[48;2;165;239;255m▀[0m[38;2;19;20;21m▄[0m        [38;2;31;31;32m▄[0m[38;2;108;202;199m▄[0m[38;2;106;202;199m▀[0m    
                   [38;2;177;237;255m[48;2;183;237;255m▀[0m[38;2;181;241;255m[48;2;181;240;255m▀[0m[38;2;176;237;255m[48;2;175;239;255m▀[0m[38;2;168;235;255m[48;2;165;237;255m▀[0m[38;2;172;235;255m[48;2;165;237;255m▀[0m[38;2;177;236;255m[48;2;165;239;255m▀[0m[38;2;204;246;252m[48;2;162;241;255m▀[0m[38;2;165;237;255m▄[0m    [38;2;80;167;161m▄[0m[38;2;88;182;179m[48;2;25;25;25m▀[0m[38;2;118;221;215m▀[0m      
                  [38;2;117;142;152m▄[0m[38;2;185;241;255m[48;2;187;238;255m▀[0m[38;2;183;241;255m[48;2;186;239;255m▀[0m[38;2;177;238;255m[48;2;181;237;255m▀[0m[38;2;177;238;255m[48;2;182;239;255m▀[0m[38;2;170;236;255m[48;2;172;219;235m▀[0m[38;2;166;234;255m[48;2;177;236;255m▀[0m[38;2;164;240;255m[48;2;173;236;255m▀[0m[38;2;165;239;255m[48;2;165;237;255m▀[0m[38;2;165;239;255m[48;2;165;237;255m▀[0m[38;2;15;15;15m[48;2;10;9;10m▀[0m[38;2;79;166;160m[48;2;33;32;33m▀[0m[38;2;78;166;163m▀[0m         
                  [38;2;171;236;255m[48;2;175;236;255m▀[0m[38;2;180;240;255m[48;2;176;238;255m▀[0m[38;2;182;240;255m[48;2;175;244;255m▀[0m[38;2;182;240;255m[48;2;175;242;255m▀[0m[38;2;179;237;255m[48;2;174;238;255m▀[0m[38;2;139;182;195m[48;2;170;235;255m▀[0m[38;2;165;236;255m[48;2;165;235;255m▀[0m[38;2;165;235;255m[48;2;170;236;255m▀[0m[38;2;165;235;255m[48;2;177;236;255m▀[0m[38;2;177;236;255m[48;2;177;236;255m▀[0m[38;2;177;237;255m[48;2;131;181;204m▀[0m           
                  [38;2;184;238;255m[48;2;109;175;189m▀[0m[38;2;199;244;251m[48;2;163;231;254m▀[0m[38;2;177;239;255m[48;2;92;127;143m▀[0m[38;2;171;237;255m[48;2;141;195;219m▀[0m[38;2;173;237;255m[48;2;142;195;220m▀[0m[38;2;147;207;232m[48;2;140;193;218m▀[0m[38;2;123;177;200m[48;2;136;193;214m▀[0m[38;2;121;177;200m[48;2;121;184;202m▀[0m[38;2;130;180;203m▀[0m[38;2;129;179;203m[48;2;69;69;69m▀[0m[38;2;129;179;203m[48;2;132;181;205m▀[0m[38;2;142;190;213m▄[0m          
                  [38;2;108;177;190m[48;2;114;184;199m▀[0m[38;2;110;174;190m[48;2;116;182;196m▀[0m[38;2;5;8;9m[48;2;141;216;229m▀[0m       [38;2;140;190;214m[48;2;140;190;214m▀[0m[38;2;136;188;210m[48;2;140;190;214m▀[0m[38;2;82;91;100m▄[0m         
                  [38;2;63;63;63m▀[0m[38;2;139;229;237m[48;2;140;227;239m▀[0m[38;2;146;228;240m[48;2;146;232;242m▀[0m[38;2;146;228;240m▄[0m      [38;2;48;38;39m▀[0m[38;2;177;236;255m[48;2;177;236;255m▀[0m[38;2;177;236;255m[48;2;177;236;255m▀[0m[38;2;40;38;39m▄[0m        
                   [38;2;146;231;242m▀[0m[38;2;172;233;239m[48;2;165;231;235m▀[0m[38;2;164;226;234m[48;2;163;232;234m▀[0m[38;2;46;43;44m▄[0m      [38;2;177;236;255m[48;2;177;236;255m▀[0m[38;2;177;236;255m[48;2;196;243;255m▀[0m[38;2;177;236;255m[48;2;187;240;255m▀[0m        
                    [38;2;128;169;178m▀[0m[38;2;144;204;206m▀[0m       [38;2;174;235;255m[48;2;185;244;255m▀[0m[38;2;199;242;255m[48;2;187;240;255m▀[0m[38;2;199;243;255m[48;2;200;244;255m▀[0m[38;2;173;206;214m[48;2;198;244;255m▀[0m       
                             [38;2;203;247;249m▀[0m[38;2;185;247;255m[48;2;37;42;45m▀[0m[38;2;187;240;255m[48;2;170;206;226m▀[0m[38;2;178;218;237m[48;2;80;97;108m▀[0m       
                                        
