                                        
                   [38;2;207;188;109m▄[0m[38;2;207;190;107m▄[0m[38;2;207;188;106m▀[0m                  
                [38;2;223;196;155m▄[0m[38;2;223;196;155m[48;2;223;197;155m▀[0m[38;2;216;193;138m[48;2;223;197;155m▀[0m[38;2;222;196;154m[48;2;219;193;143m▀[0m[38;2;162;143;95m▀[0m                   
             [38;2;64;54;42m▄[0m[38;2;56;48;37m[48;2;223;196;155m▀[0m[38;2;223;197;155m[48;2;223;197;155m▀[0m[38;2;224;196;155m▀[0m[38;2;33;28;19m▀[0m [38;2;208;188;109m▀[0m                    
            [38;2;223;197;155m▄[0m[38;2;223;197;155m[48;2;223;197;155m▀[0m[38;2;223;197;155m[48;2;223;197;155m▀[0m[38;2;224;197;156m[48;2;223;197;155m▀[0m[38;2;221;194;152m▄[0m                       
           [38;2;227;205;116m[48;2;207;190;107m▀[0m[38;2;210;190;118m[48;2;161;145;101m▀[0m[38;2;210;191;119m▀[0m[38;2;205;185;121m[48;2;255;236;198m▀[0m[38;2;0;0;0m[48;2;255;214;181m▀[0m[38;2;255;208;161m▄[0m                       
          [38;2;212;192;108m[48;2;58;53;34m▀[0m [38;2;219;194;149m▄[0m[38;2;255;214;178m[48;2;255;203;152m▀[0m[38;2;255;208;167m[48;2;255;202;151m▀[0m[38;2;255;202;151m[48;2;255;209;158m▀[0m[38;2;255;202;151m[48;2;255;220;167m▀[0m[38;2;255;202;151m[48;2;255;202;151m▀[0m[38;2;235;183;137m▄[0m                     
          [38;2;166;148;101m▀[0m[38;2;172;156;107m[48;2;193;153;111m▀[0m[38;2;166;149;102m[48;2;255;202;151m▀[0m[38;2;255;202;150m[48;2;255;202;150m▀[0m[38;2;255;209;158m[48;2;255;202;151m▀[0m[38;2;255;253;252m[48;2;11;8;7m▀[0m[38;2;228;230;230m[48;2;237;242;242m▀[0m[38;2;255;202;151m[48;2;253;197;143m▀[0m[38;2;205;160;126m[48;2;186;146;118m▀[0m                     
           [38;2;6;5;3m▀[0m[38;2;255;202;151m[48;2;242;188;141m▀[0m[38;2;255;202;151m[48;2;224;174;132m▀[0m[38;2;255;202;151m[48;2;232;180;136m▀[0m[38;2;145;122;87m[48;2;74;61;49m▀[0m[38;2;253;197;144m[48;2;206;160;126m▀[0m[38;2;198;154;123m[48;2;198;153;123m▀[0m[38;2;190;147;119m[48;2;188;146;118m▀[0m                     
               [38;2;44;36;30m[48;2;175;136;107m▀[0m[38;2;157;120;103m[48;2;211;163;128m▀[0m[38;2;188;146;118m[48;2;215;165;128m▀[0m[38;2;202;157;124m[48;2;255;201;149m▀[0m [38;2;180;164;115m▄[0m[38;2;183;168;107m▄[0m                  
           [38;2;182;165;105m▄[0m[38;2;164;148;104m▄[0m[38;2;30;30;21m▄[0m [38;2;255;203;154m[48;2;255;202;151m▀[0m[38;2;255;202;151m[48;2;255;202;151m▀[0m[38;2;255;202;151m[48;2;255;202;151m▀[0m[38;2;255;202;151m[48;2;255;202;151m▀[0m[38;2;74;67;51m[48;2;126;110;88m▀[0m[38;2;43;42;28m[48;2;207;187;108m▀[0m[38;2;135;118;94m[48;2;213;193;123m▀[0m[38;2;0;0;0m[48;2;142;127;84m▀[0m[38;2;30;29;18m[48;2;216;194;134m▀[0m[38;2;200;179;124m▄[0m               
            [38;2;164;148;103m▀[0m[38;2;144;128;91m▀[0m[38;2;144;129;92m[48;2;142;126;86m▀[0m[38;2;255;205;158m[48;2;255;213;178m▀[0m[38;2;255;202;151m[48;2;255;202;151m▀[0m[38;2;255;202;151m[48;2;255;202;151m▀[0m[38;2;255;202;151m[48;2;255;201;148m▀[0m[38;2;208;189;110m[48;2;191;148;119m▀[0m[38;2;236;210;148m[48;2;255;216;176m▀[0m[38;2;219;193;144m▀[0m[38;2;192;174;124m▀[0m[38;2;178;163;107m▀[0m                
          [38;2;209;191;107m▄[0m[38;2;164;148;100m▄[0m[38;2;173;158;109m[48;2;36;35;22m▀[0m[38;2;171;156;103m[48;2;165;149;101m▀[0m[38;2;193;159;118m[48;2;169;156;95m▀[0m[38;2;255;203;153m[48;2;51;38;28m▀[0m[38;2;255;202;151m[48;2;255;202;151m▀[0m[38;2;255;202;151m[48;2;173;158;107m▀[0m[38;2;86;67;52m[48;2;254;201;150m▀[0m[38;2;211;189;118m[48;2;209;185;142m▀[0m[38;2;220;200;123m[48;2;221;195;151m▀[0m[38;2;255;215;163m[48;2;223;196;154m▀[0m[38;2;255;202;150m[48;2;229;202;158m▀[0m[38;2;219;198;167m[48;2;255;202;151m▀[0m[38;2;255;202;151m▄[0m[38;2;255;226;186m▄[0m [38;2;178;139;117m▄[0m[38;2;191;148;119m▄[0m[38;2;255;218;165m[48;2;185;144;115m▀[0m[38;2;72;58;42m▀[0m         
         [38;2;1;1;1m▀[0m[38;2;168;154;104m▀[0m[38;2;162;147;103m▀[0m[38;2;223;197;155m▄[0m[38;2;220;194;140m[48;2;223;197;155m▀[0m[38;2;216;194;135m[48;2;178;162;106m▀[0m[38;2;237;185;141m[48;2;255;200;147m▀[0m[38;2;168;138;106m[48;2;187;159;120m▀[0m[38;2;221;195;148m[48;2;224;198;156m▀[0m[38;2;225;199;145m[48;2;227;200;157m▀[0m[38;2;255;201;149m[48;2;255;215;165m▀[0m[38;2;168;153;101m[48;2;255;202;151m▀[0m[38;2;223;195;155m[48;2;190;150;109m▀[0m[38;2;223;197;155m[48;2;176;162;107m▀[0m[38;2;236;206;163m[48;2;165;149;101m▀[0m[38;2;255;202;151m[48;2;255;202;151m▀[0m[38;2;255;202;151m[48;2;255;202;151m▀[0m[38;2;255;202;151m[48;2;255;202;151m▀[0m[38;2;165;127;109m[48;2;205;159;126m▀[0m[38;2;172;133;110m[48;2;171;131;109m▀[0m[38;2;177;136;111m▀[0m          
           [38;2;8;6;4m[48;2;213;190;130m▀[0m[38;2;23;23;18m[48;2;193;175;121m▀[0m[38;2;202;178;136m[48;2;46;43;28m▀[0m[38;2;255;209;158m[48;2;168;131;105m▀[0m[38;2;255;202;151m[48;2;255;201;148m▀[0m[38;2;255;202;151m[48;2;255;201;149m▀[0m[38;2;223;197;155m[48;2;169;153;102m▀[0m[38;2;223;197;155m[48;2;213;190;127m▀[0m[38;2;205;184;125m[48;2;213;188;135m▀[0m[38;2;255;202;151m[48;2;255;201;149m▀[0m[38;2;255;202;151m[48;2;255;202;151m▀[0m[38;2;255;202;151m[48;2;255;202;150m▀[0m[38;2;255;202;151m[48;2;255;202;151m▀[0m[38;2;255;202;151m[48;2;255;201;149m▀[0m[38;2;255;202;151m[48;2;255;202;151m▀[0m[38;2;251;196;143m[48;2;221;172;132m▀[0m[38;2;200;156;124m[48;2;193;150;121m▀[0m[38;2;169;130;108m[48;2;211;164;133m▀[0m           
           [38;2;165;148;101m▀[0m[38;2;8;9;5m▀[0m[38;2;181;142;115m[48;2;151;119;94m▀[0m[38;2;187;147;118m[48;2;187;146;118m▀[0m[38;2;199;155;123m[48;2;188;146;119m▀[0m[38;2;209;163;127m[48;2;173;135;109m▀[0m[38;2;205;160;126m[48;2;188;146;118m▀[0m[38;2;168;153;105m[48;2;188;146;118m▀[0m[38;2;173;159;105m[48;2;237;184;138m▀[0m[38;2;255;202;150m[48;2;255;202;151m▀[0m[38;2;255;202;151m[48;2;255;202;151m▀[0m[38;2;255;202;151m[48;2;255;202;151m▀[0m[38;2;255;202;151m[48;2;255;201;149m▀[0m[38;2;255;202;150m[48;2;211;165;132m▀[0m[38;2;235;182;136m[48;2;199;155;124m▀[0m[38;2;209;162;127m[48;2;190;147;119m▀[0m[38;2;190;147;119m[48;2;196;153;122m▀[0m[38;2;196;152;122m[48;2;198;154;124m▀[0m           
             [38;2;31;27;20m[48;2;0;0;0m▀[0m[38;2;189;146;119m[48;2;193;150;121m▀[0m[38;2;187;147;118m[48;2;188;146;118m▀[0m[38;2;187;147;118m[48;2;188;146;118m▀[0m[38;2;188;145;119m[48;2;192;149;120m▀[0m[38;2;193;151;119m▀[0m[38;2;133;104;82m▀[0m[38;2;255;201;148m[48;2;255;202;150m▀[0m[38;2;255;202;150m[48;2;255;204;157m▀[0m[38;2;255;202;151m[48;2;255;202;151m▀[0m[38;2;255;202;151m[48;2;255;202;151m▀[0m[38;2;200;156;126m▀[0m[38;2;188;146;118m[48;2;187;145;118m▀[0m[38;2;188;146;119m[48;2;188;146;118m▀[0m[38;2;198;152;122m[48;2;193;151;121m▀[0m[38;2;205;159;125m[48;2;206;160;126m▀[0m           
              [38;2;198;152;122m[48;2;247;192;142m▀[0m[38;2;193;150;121m[48;2;231;179;135m▀[0m[38;2;186;146;118m[48;2;209;163;126m▀[0m   [38;2;255;202;151m[48;2;204;160;128m▀[0m[38;2;255;202;151m[48;2;255;202;151m▀[0m[38;2;255;202;151m[48;2;255;200;148m▀[0m[38;2;245;191;142m[48;2;200;155;123m▀[0m  [38;2;186;147;118m[48;2;196;152;121m▀[0m[38;2;191;148;119m[48;2;191;149;118m▀[0m[38;2;206;160;126m[48;2;201;156;123m▀[0m           
             [38;2;145;143;144m▀[0m[38;2;234;230;230m▀[0m[38;2;255;202;151m▀[0m[38;2;217;169;128m▀[0m    [38;2;197;154;123m[48;2;235;232;231m▀[0m[38;2;196;152;122m[48;2;230;226;225m▀[0m[38;2;187;146;118m[48;2;217;167;131m▀[0m                
                                        
