                                        
                                        
                                        
                                        
                 [38;2;158;87;70m▄[0m[38;2;237;145;111m[48;2;236;145;111m▀[0m  [38;2;215;107;77m▄[0m  [38;2;108;132;137m▄[0m[38;2;108;132;137m▄[0m[38;2;108;132;137m▄[0m[38;2;74;115;122m▄[0m[38;2;51;99;107m▄[0m           
                [38;2;237;146;110m[48;2;236;145;111m▀[0m[38;2;161;91;74m[48;2;166;94;77m▀[0m[38;2;236;145;111m[48;2;235;144;111m▀[0m[38;2;236;145;111m[48;2;235;145;111m▀[0m[38;2;146;82;68m▄[0m[38;2;231;112;79m[48;2;68;115;123m▀[0m[38;2;73;118;126m[48;2;107;132;137m▀[0m[38;2;108;132;137m[48;2;112;139;143m▀[0m[38;2;116;137;141m[48;2;108;132;137m▀[0m[38;2;107;131;137m[48;2;107;132;137m▀[0m[38;2;107;132;137m[48;2;107;132;137m▀[0m[38;2;94;125;132m[48;2;75;116;124m▀[0m[38;2;65;111;119m[48;2;53;108;117m▀[0m[38;2;53;107;116m[48;2;54;108;117m▀[0m[38;2;5;4;3m[48;2;53;107;117m▀[0m         
            [38;2;153;86;68m[48;2;164;87;71m▀[0m[38;2;193;101;76m▄[0m [38;2;226;110;78m▄[0m[38;2;236;145;111m[48;2;236;144;110m▀[0m[38;2;236;145;111m[48;2;231;112;78m▀[0m[38;2;236;145;111m[48;2;243;197;117m▀[0m[38;2;236;144;111m[48;2;230;111;79m▀[0m[38;2;241;117;83m[48;2;5;5;5m▀[0m[38;2;248;227;174m[48;2;240;219;168m▀[0m[38;2;238;218;170m[48;2;240;219;171m▀[0m[38;2;241;222;179m[48;2;240;221;174m▀[0m[38;2;244;225;181m[48;2;239;218;170m▀[0m[38;2;241;222;180m[48;2;238;217;167m▀[0m[38;2;83;119;126m[48;2;238;216;163m▀[0m[38;2;59;109;117m[48;2;55;112;121m▀[0m[38;2;53;107;116m[48;2;53;107;117m▀[0m[38;2;53;107;116m[48;2;53;108;117m▀[0m[38;2;53;107;116m[48;2;53;108;117m▀[0m[38;2;53;107;116m[48;2;53;107;116m▀[0m[38;2;7;4;3m▄[0m       
   [38;2;236;145;111m▀[0m[38;2;239;147;112m[48;2;236;145;111m▀[0m[38;2;237;145;111m▄[0m[38;2;236;145;111m▄[0m[38;2;238;146;112m▄[0m[38;2;146;80;68m▄[0m [38;2;185;95;74m▄[0m[38;2;152;85;69m▄[0m[38;2;144;82;68m[48;2;227;110;78m▀[0m[38;2;231;115;82m[48;2;230;112;79m▀[0m[38;2;215;106;77m[48;2;230;111;79m▀[0m[38;2;231;112;79m[48;2;231;112;79m▀[0m[38;2;231;113;79m[48;2;230;112;79m▀[0m[38;2;230;114;79m[48;2;233;141;79m▀[0m[38;2;245;211;117m[48;2;247;207;75m▀[0m[38;2;230;115;79m[48;2;238;169;78m▀[0m[38;2;236;215;162m[48;2;237;215;162m▀[0m[38;2;236;215;162m[48;2;239;218;164m▀[0m[38;2;238;216;163m[48;2;240;218;164m▀[0m[38;2;238;217;163m[48;2;46;41;32m▀[0m[38;2;239;217;164m[48;2;240;219;165m▀[0m[38;2;239;217;164m[48;2;247;227;170m▀[0m[38;2;239;217;164m[48;2;243;222;167m▀[0m[38;2;241;219;164m[48;2;243;221;167m▀[0m[38;2;54;108;117m[48;2;38;70;74m▀[0m[38;2;53;108;117m[48;2;52;107;117m▀[0m[38;2;53;108;118m[48;2;52;108;116m▀[0m[38;2;53;108;118m[48;2;53;107;116m▀[0m[38;2;55;112;121m[48;2;54;106;115m▀[0m       
     [38;2;168;95;77m▀[0m[38;2;236;145;111m▀[0m[38;2;236;145;111m[48;2;236;145;111m▀[0m[38;2;236;144;111m[48;2;236;145;111m▀[0m[38;2;230;113;80m[48;2;230;117;85m▀[0m[38;2;230;112;79m[48;2;231;118;79m▀[0m[38;2;231;112;79m[48;2;231;114;81m▀[0m[38;2;230;112;79m[48;2;231;125;78m▀[0m[38;2;230;112;79m[48;2;232;132;79m▀[0m[38;2;230;116;83m[48;2;235;143;110m▀[0m[38;2;241;186;75m[48;2;243;199;88m▀[0m[38;2;230;112;79m[48;2;247;207;72m▀[0m[38;2;247;207;73m[48;2;247;206;73m▀[0m[38;2;248;206;72m[48;2;247;203;74m▀[0m[38;2;247;207;72m[48;2;247;206;72m▀[0m[38;2;241;219;165m[48;2;80;75;60m▀[0m[38;2;241;219;165m[48;2;243;221;166m▀[0m[38;2;243;222;168m[48;2;243;221;166m▀[0m[38;2;243;221;167m[48;2;242;220;166m▀[0m[38;2;243;221;166m[48;2;237;216;163m▀[0m[38;2;243;221;166m[48;2;238;216;163m▀[0m[38;2;245;224;168m[48;2;236;214;161m▀[0m[38;2;239;217;164m[48;2;63;57;44m▀[0m[38;2;237;215;162m[48;2;235;214;161m▀[0m[38;2;54;107;116m[48;2;57;113;122m▀[0m[38;2;54;107;116m[48;2;53;107;116m▀[0m[38;2;54;107;116m[48;2;54;106;116m▀[0m[38;2;54;106;115m[48;2;54;106;116m▀[0m[38;2;54;106;115m[48;2;53;106;115m▀[0m[38;2;6;2;1m[48;2;53;107;116m▀[0m[38;2;56;111;120m▄[0m    
      [38;2;232;112;79m▀[0m[38;2;189;97;73m[48;2;189;96;74m▀[0m[38;2;208;104;76m[48;2;230;112;79m▀[0m[38;2;230;112;79m[48;2;230;112;79m▀[0m[38;2;230;111;79m[48;2;230;111;78m▀[0m[38;2;243;196;74m[48;2;230;112;79m▀[0m[38;2;242;201;80m[48;2;233;144;79m▀[0m[38;2;247;212;118m[48;2;248;206;72m▀[0m[38;2;247;214;117m[48;2;248;214;115m▀[0m[38;2;247;211;118m[48;2;248;206;73m▀[0m[38;2;249;215;118m[48;2;249;214;114m▀[0m[38;2;247;207;73m[48;2;247;207;73m▀[0m[38;2;245;200;74m[48;2;243;176;78m▀[0m[38;2;247;204;73m[48;2;54;108;118m▀[0m[38;2;53;108;117m[48;2;52;107;116m▀[0m[38;2;238;216;163m[48;2;9;18;19m▀[0m[38;2;237;216;162m[48;2;235;213;160m▀[0m[38;2;236;214;162m[48;2;235;213;161m▀[0m[38;2;236;214;161m[48;2;236;214;161m▀[0m[38;2;236;214;162m[48;2;236;214;160m▀[0m[38;2;236;214;161m[48;2;238;216;162m▀[0m[38;2;236;214;162m[48;2;241;219;165m▀[0m[38;2;236;214;161m[48;2;239;217;164m▀[0m[38;2;235;214;161m[48;2;240;217;163m▀[0m[38;2;237;216;162m[48;2;237;216;162m▀[0m[38;2;240;219;165m[48;2;239;217;164m▀[0m[38;2;35;31;23m[48;2;239;217;164m▀[0m[38;2;54;107;116m[48;2;237;216;162m▀[0m[38;2;54;106;116m[48;2;237;215;162m▀[0m[38;2;75;115;123m[48;2;116;144;151m▀[0m[38;2;89;127;134m[48;2;108;133;138m▀[0m[38;2;6;4;2m▄[0m  
         [38;2;230;112;79m[48;2;226;110;78m▀[0m[38;2;231;112;79m[48;2;230;112;79m▀[0m[38;2;230;114;79m[48;2;230;112;79m▀[0m[38;2;245;206;73m[48;2;235;154;78m▀[0m[38;2;247;208;72m[48;2;247;205;73m▀[0m[38;2;248;207;72m[48;2;239;169;78m▀[0m[38;2;247;205;72m[48;2;247;206;73m▀[0m[38;2;247;206;72m[48;2;117;138;138m▀[0m[38;2;145;78;66m[48;2;108;133;138m▀[0m[38;2;57;109;119m[48;2;80;119;127m▀[0m[38;2;53;107;117m[48;2;54;113;123m▀[0m[38;2;52;107;116m[48;2;239;217;163m▀[0m[38;2;237;215;163m[48;2;240;218;164m▀[0m[38;2;180;159;121m[48;2;210;188;143m▀[0m[38;2;243;222;167m[48;2;182;161;123m▀[0m[38;2;242;219;165m[48;2;183;162;124m▀[0m[38;2;241;219;164m[48;2;92;81;63m▀[0m[38;2;243;222;167m[48;2;167;147;113m▀[0m[38;2;244;222;167m[48;2;6;5;4m▀[0m[38;2;242;220;166m▀[0m[38;2;213;192;145m▀[0m[38;2;218;196;147m▀[0m[38;2;209;186;142m▀[0m[38;2;232;211;160m▀[0m[38;2;236;215;162m▀[0m[38;2;236;215;161m▀[0m[38;2;238;218;169m[48;2;210;190;144m▀[0m[38;2;254;234;188m[48;2;237;215;162m▀[0m[38;2;148;132;106m[48;2;242;220;166m▀[0m  
     [38;2;229;139;108m▄[0m[38;2;236;145;111m▄[0m[38;2;236;145;111m▄[0m[38;2;209;104;76m[48;2;236;145;111m▀[0m[38;2;230;112;79m[48;2;231;118;85m▀[0m[38;2;230;112;79m[48;2;231;112;79m▀[0m[38;2;229;113;79m[48;2;230;111;78m▀[0m[38;2;246;206;72m[48;2;232;127;79m▀[0m[38;2;247;206;73m[48;2;248;208;73m▀[0m[38;2;240;197;72m[48;2;233;184;70m▀[0m[38;2;80;115;125m[48;2;78;118;126m▀[0m[38;2;107;133;138m[48;2;108;133;138m▀[0m[38;2;108;133;138m[48;2;78;118;126m▀[0m[38;2;73;116;124m[48;2;16;34;37m▀[0m[38;2;241;219;164m[48;2;205;186;140m▀[0m[38;2;241;219;164m[48;2;238;217;163m▀[0m[38;2;241;220;165m[48;2;239;216;163m▀[0m[38;2;247;228;171m[48;2;238;216;163m▀[0m[38;2;216;195;147m[48;2;238;216;163m▀[0m[38;2;214;192;145m[48;2;239;217;163m▀[0m[38;2;214;193;146m[48;2;57;52;39m▀[0m[38;2;240;218;164m[48;2;238;217;163m▀[0m             
      [38;2;182;106;83m▀[0m[38;2;241;147;112m▀[0m[38;2;231;112;79m▀[0m[38;2;231;112;79m[48;2;228;111;79m▀[0m[38;2;231;111;79m[48;2;231;112;79m▀[0m[38;2;230;112;79m[48;2;230;112;79m▀[0m[38;2;230;110;79m[48;2;230;112;79m▀[0m[38;2;246;204;74m[48;2;58;105;114m▀[0m[38;2;53;108;118m[48;2;244;222;167m▀[0m[38;2;62;110;119m[48;2;243;221;165m▀[0m[38;2;67;113;122m[48;2;243;222;166m▀[0m[38;2;30;57;62m[48;2;71;63;48m▀[0m[38;2;242;220;166m[48;2;243;222;166m▀[0m[38;2;241;219;166m[48;2;244;223;169m▀[0m[38;2;241;219;164m[48;2;248;226;170m▀[0m[38;2;242;220;166m[48;2;205;183;138m▀[0m[38;2;243;222;167m[48;2;211;190;144m▀[0m[38;2;181;168;127m[48;2;195;180;136m▀[0m[38;2;243;221;166m[48;2;243;221;166m▀[0m[38;2;228;209;157m[48;2;43;38;29m▀[0m[38;2;241;219;165m[48;2;200;179;136m▀[0m             
        [38;2;151;84;68m▄[0m [38;2;230;112;79m▀[0m[38;2;230;112;79m▀[0m[38;2;230;112;79m▀[0m[38;2;245;224;168m[48;2;243;221;166m▀[0m[38;2;242;219;165m[48;2;242;221;166m▀[0m[38;2;242;219;165m[48;2;241;219;165m▀[0m[38;2;243;222;167m[48;2;241;218;165m▀[0m[38;2;243;222;167m[48;2;242;221;166m▀[0m[38;2;52;47;36m[48;2;242;221;166m▀[0m[38;2;243;221;166m[48;2;242;219;165m▀[0m[38;2;242;220;165m[48;2;237;216;162m▀[0m[38;2;241;218;164m[48;2;237;215;163m▀[0m[38;2;240;218;164m[48;2;236;214;161m▀[0m[38;2;237;215;162m[48;2;236;215;162m▀[0m[38;2;236;214;162m[48;2;241;220;165m▀[0m[38;2;238;216;163m[48;2;208;188;143m▀[0m[38;2;184;164;125m▄[0m             
             [38;2;218;197;148m[48;2;181;160;123m▀[0m[38;2;239;217;164m[48;2;195;174;132m▀[0m[38;2;241;219;165m[48;2;211;190;143m▀[0m[38;2;243;222;166m[48;2;232;211;159m▀[0m[38;2;239;217;164m[48;2;237;215;162m▀[0m[38;2;237;216;163m[48;2;236;214;161m▀[0m[38;2;236;214;161m[48;2;234;212;161m▀[0m[38;2;236;214;161m[48;2;217;196;148m▀[0m[38;2;237;216;162m[48;2;204;183;139m▀[0m[38;2;242;220;165m[48;2;178;157;120m▀[0m[38;2;226;204;153m[48;2;180;159;122m▀[0m[38;2;193;173;131m[48;2;162;144;114m▀[0m[38;2;168;149;113m[48;2;162;145;114m▀[0m[38;2;178;157;120m[48;2;154;137;111m▀[0m             
             [38;2;1;0;0m▀[0m[38;2;177;156;120m[48;2;177;157;120m▀[0m[38;2;185;164;126m[48;2;177;156;120m▀[0m[38;2;188;167;128m[48;2;178;157;120m▀[0m[38;2;179;158;121m[48;2;47;41;32m▀[0m[38;2;180;158;121m[48;2;114;104;90m▀[0m[38;2;171;151;118m[48;2;63;57;48m▀[0m[38;2;177;156;120m▀[0m[38;2;166;148;117m▀[0m[38;2;150;134;110m[48;2;131;119;103m▀[0m[38;2;71;64;55m[48;2;133;121;104m▀[0m[38;2;135;123;104m[48;2;134;121;104m▀[0m[38;2;136;123;105m[48;2;124;112;96m▀[0m              
              [38;2;124;110;84m▀[0m[38;2;177;157;120m[48;2;195;173;133m▀[0m[38;2;178;157;120m[48;2;193;184;180m▀[0m[38;2;12;11;8m[48;2;2;1;0m▀[0m     [38;2;115;103;85m▀[0m[38;2;104;102;109m▀[0m[38;2;137;134;144m▀[0m              
                                        
                                        
                                        
