                                        
               [38;2;189;107;68m▄[0m   [38;2;242;140;53m▄[0m   [38;2;246;124;48m▄[0m                
               [38;2;233;115;52m▀[0m[38;2;242;103;47m[48;2;241;175;58m▀[0m[38;2;241;98;47m▄[0m[38;2;241;118;49m▄[0m[38;2;241;141;53m[48;2;241;140;53m▀[0m[38;2;126;77;61m[48;2;241;139;53m▀[0m  [38;2;241;122;50m[48;2;242;101;47m▀[0m                
                 [38;2;242;208;62m▀[0m[38;2;242;108;48m[48;2;239;134;52m▀[0m[38;2;240;137;52m[48;2;237;157;58m▀[0m[38;2;239;142;55m[48;2;241;191;61m▀[0m[38;2;241;120;49m[48;2;236;166;56m▀[0m[38;2;243;100;46m[48;2;242;100;47m▀[0m[38;2;242;99;47m[48;2;242;99;47m▀[0m[38;2;126;76;63m[48;2;242;100;47m▀[0m               
                  [38;2;149;128;38m[48;2;32;12;14m▀[0m[38;2;241;169;59m[48;2;146;95;55m▀[0m[38;2;241;137;52m[48;2;242;196;60m▀[0m[38;2;241;200;60m[48;2;242;206;62m▀[0m[38;2;239;113;51m[48;2;237;124;53m▀[0m[38;2;241;119;49m[48;2;241;128;50m▀[0m[38;2;241;107;48m[48;2;246;123;48m▀[0m               
                 [38;2;154;100;58m▄[0m[38;2;129;34;46m[48;2;134;88;51m▀[0m[38;2;39;5;6m[48;2;134;88;51m▀[0m[38;2;138;90;51m[48;2;134;88;51m▀[0m[38;2;158;103;59m[48;2;134;88;51m▀[0m[38;2;242;208;62m[48;2;161;104;60m▀[0m[38;2;240;142;53m[48;2;238;156;56m▀[0m[38;2;187;101;54m[48;2;246;124;49m▀[0m               
                [38;2;69;49;31m[48;2;146;96;55m▀[0m[38;2;134;88;51m[48;2;134;88;51m▀[0m[38;2;134;88;51m[48;2;134;88;51m▀[0m[38;2;134;88;51m[48;2;134;88;51m▀[0m[38;2;173;163;167m[48;2;255;255;255m▀[0m[38;2;134;88;51m[48;2;240;222;220m▀[0m[38;2;140;92;52m[48;2;133;87;50m▀[0m[38;2;172;112;64m[48;2;134;88;51m▀[0m[38;2;172;98;65m[48;2;134;88;51m▀[0m               
               [38;2;134;88;51m[48;2;134;88;51m▀[0m[38;2;134;88;51m[48;2;253;215;159m▀[0m[38;2;199;175;130m[48;2;253;215;159m▀[0m[38;2;253;215;159m[48;2;253;215;159m▀[0m[38;2;253;215;159m[48;2;253;215;159m▀[0m[38;2;253;215;159m[48;2;253;215;159m▀[0m[38;2;186;47;64m[48;2;253;215;159m▀[0m[38;2;132;36;48m[48;2;253;215;159m▀[0m[38;2;94;61;35m[48;2;214;193;141m▀[0m[38;2;106;68;39m[48;2;112;73;42m▀[0m[38;2;156;112;76m▄[0m              
              [38;2;133;87;50m[48;2;134;88;51m▀[0m[38;2;254;216;159m[48;2;253;215;159m▀[0m[38;2;253;215;159m[48;2;253;215;159m▀[0m[38;2;253;215;159m[48;2;253;215;159m▀[0m[38;2;253;215;159m[48;2;253;215;159m▀[0m[38;2;253;215;159m[48;2;220;185;141m▀[0m[38;2;232;196;147m[48;2;205;171;131m▀[0m[38;2;170;142;110m▀[0m[38;2;252;214;158m▀[0m[38;2;253;215;159m▀[0m[38;2;233;209;152m▀[0m[38;2;14;17;16m▀[0m              
             [38;2;163;106;61m[48;2;146;95;54m▀[0m[38;2;146;96;55m[48;2;253;210;159m▀[0m[38;2;253;215;159m[48;2;253;215;159m▀[0m[38;2;253;215;159m[48;2;253;215;159m▀[0m[38;2;253;215;159m[48;2;253;215;159m▀[0m[38;2;253;215;159m[48;2;253;215;159m▀[0m[38;2;253;215;159m[48;2;253;215;159m▀[0m[38;2;252;215;159m[48;2;253;215;159m▀[0m   [38;2;241;140;53m▄[0m               
            [38;2;222;195;144m▄[0m[38;2;252;216;163m[48;2;253;221;176m▀[0m[38;2;253;215;159m[48;2;253;215;159m▀[0m[38;2;253;215;159m[48;2;253;215;159m▀[0m[38;2;253;215;159m[48;2;253;215;159m▀[0m[38;2;253;215;159m[48;2;253;215;159m▀[0m[38;2;253;215;159m[48;2;253;215;159m▀[0m[38;2;252;215;159m[48;2;253;215;159m▀[0m[38;2;253;215;159m[48;2;253;215;159m▀[0m[38;2;159;97;66m▄[0m[38;2;190;114;68m▀[0m[38;2;244;141;52m[48;2;241;138;52m▀[0m[38;2;241;141;53m[48;2;241;138;52m▀[0m[38;2;243;140;52m▀[0m[38;2;243;124;50m▄[0m             
            [38;2;254;215;159m[48;2;253;215;159m▀[0m[38;2;253;220;176m[48;2;252;220;176m▀[0m[38;2;253;215;159m[48;2;253;215;159m▀[0m[38;2;255;218;161m[48;2;64;53;41m▀[0m[38;2;253;215;159m[48;2;253;215;159m▀[0m[38;2;253;215;159m[48;2;253;215;159m▀[0m[38;2;245;213;157m[48;2;250;227;166m▀[0m[38;2;253;215;159m[48;2;253;215;159m▀[0m[38;2;253;215;159m[48;2;253;215;159m▀[0m[38;2;251;214;159m[48;2;200;175;129m▀[0m[38;2;241;140;53m[48;2;239;138;53m▀[0m[38;2;241;130;51m[48;2;243;206;62m▀[0m[38;2;241;122;50m[48;2;241;106;47m▀[0m[38;2;245;114;46m[48;2;242;100;47m▀[0m[38;2;214;104;58m▀[0m[38;2;243;101;47m▄[0m[38;2;167;98;68m[48;2;241;118;49m▀[0m[38;2;240;128;50m[48;2;243;124;48m▀[0m          
            [38;2;255;221;162m[48;2;253;215;159m▀[0m[38;2;253;220;173m[48;2;253;217;166m▀[0m[38;2;253;215;159m[48;2;253;215;159m▀[0m[38;2;207;192;141m[48;2;254;218;161m▀[0m[38;2;253;215;159m[48;2;253;215;159m▀[0m[38;2;253;215;159m[48;2;253;215;159m▀[0m[38;2;254;219;161m[48;2;253;215;159m▀[0m[38;2;253;215;159m[48;2;253;215;159m▀[0m[38;2;253;215;159m[48;2;253;215;159m▀[0m[38;2;255;226;167m[48;2;255;219;162m▀[0m[38;2;64;56;24m[48;2;192;157;124m▀[0m[38;2;237;158;56m[48;2;242;208;62m▀[0m[38;2;238;104;47m[48;2;241;96;46m▀[0m[38;2;237;140;55m▄[0m[38;2;242;99;47m[48;2;242;196;61m▀[0m[38;2;238;111;50m[48;2;242;100;47m▀[0m[38;2;241;119;49m[48;2;242;103;47m▀[0m[38;2;250;126;46m▀[0m          
           [38;2;162;136;104m[48;2;181;151;118m▀[0m[38;2;248;211;156m[48;2;207;173;133m▀[0m[38;2;253;215;159m[48;2;253;215;159m▀[0m[38;2;253;215;159m[48;2;253;215;159m▀[0m[38;2;253;215;159m[48;2;253;215;159m▀[0m[38;2;253;215;159m[48;2;253;215;159m▀[0m[38;2;253;215;159m[48;2;253;215;159m▀[0m[38;2;253;215;159m[48;2;253;215;159m▀[0m[38;2;253;215;159m[48;2;253;215;159m▀[0m[38;2;253;215;159m[48;2;253;215;159m▀[0m[38;2;255;219;162m[48;2;255;227;166m▀[0m[38;2;174;143;113m[48;2;170;139;111m▀[0m[38;2;35;21;12m[48;2;94;61;35m▀[0m[38;2;242;194;59m[48;2;242;193;60m▀[0m[38;2;243;205;61m[48;2;241;193;60m▀[0m[38;2;242;97;47m[48;2;242;101;47m▀[0m[38;2;242;99;47m[48;2;158;98;82m▀[0m[38;2;242;108;48m▄[0m[38;2;150;90;73m[48;2;200;104;65m▀[0m          
           [38;2;178;147;116m[48;2;169;138;110m▀[0m[38;2;182;151;118m[48;2;174;142;112m▀[0m[38;2;241;215;158m[48;2;178;146;115m▀[0m[38;2;253;215;159m[48;2;253;215;159m▀[0m[38;2;253;215;159m[48;2;253;215;159m▀[0m[38;2;211;177;135m[48;2;199;166;129m▀[0m[38;2;211;177;135m[48;2;193;160;124m▀[0m[38;2;211;177;136m[48;2;190;158;123m▀[0m[38;2;253;215;159m[48;2;253;218;167m▀[0m[38;2;253;215;159m[48;2;252;215;159m▀[0m[38;2;189;167;122m[48;2;41;34;27m▀[0m[38;2;169;138;110m[48;2;169;138;110m▀[0m[38;2;45;38;32m[48;2;169;138;110m▀[0m[38;2;168;117;75m[48;2;94;61;35m▀[0m[38;2;242;199;60m[48;2;239;136;51m▀[0m[38;2;242;109;48m[48;2;242;112;49m▀[0m[38;2;242;105;47m[48;2;247;102;45m▀[0m[38;2;241;121;50m▀[0m           
          [38;2;171;141;112m[48;2;182;150;118m▀[0m[38;2;170;139;111m[48;2;182;151;118m▀[0m[38;2;169;138;110m[48;2;170;139;111m▀[0m[38;2;169;138;110m[48;2;169;138;110m▀[0m[38;2;253;215;158m[48;2;174;145;113m▀[0m[38;2;253;215;161m[48;2;255;229;168m▀[0m[38;2;67;55;44m[48;2;139;119;88m▀[0m[38;2;170;139;110m[48;2;169;138;110m▀[0m[38;2;169;138;110m[48;2;169;138;110m▀[0m[38;2;247;239;186m[48;2;53;45;39m▀[0m[38;2;248;230;175m[48;2;151;124;99m▀[0m[38;2;176;144;114m[48;2;169;138;110m▀[0m[38;2;179;148;116m[48;2;182;151;118m▀[0m[38;2;182;151;118m[48;2;182;151;118m▀[0m[38;2;182;148;118m[48;2;182;151;118m▀[0m[38;2;100;66;38m[48;2;181;147;118m▀[0m[38;2;226;104;54m▀[0m             
          [38;2;182;151;118m[48;2;184;152;119m▀[0m[38;2;182;151;118m[48;2;182;151;118m▀[0m[38;2;172;141;112m[48;2;169;138;110m▀[0m[38;2;169;138;110m[48;2;169;138;110m▀[0m[38;2;169;138;110m[48;2;169;138;110m▀[0m[38;2;171;140;111m[48;2;170;140;111m▀[0m[38;2;169;138;110m[48;2;172;141;112m▀[0m[38;2;169;138;110m[48;2;169;139;110m▀[0m[38;2;169;138;110m[48;2;169;138;110m▀[0m[38;2;169;138;110m[48;2;169;138;110m▀[0m[38;2;169;138;110m[48;2;169;138;110m▀[0m[38;2;169;138;110m[48;2;169;138;110m▀[0m[38;2;180;148;116m[48;2;169;138;110m▀[0m[38;2;182;151;118m[48;2;182;151;118m▀[0m[38;2;182;151;118m[48;2;182;151;118m▀[0m[38;2;173;143;113m[48;2;169;138;110m▀[0m              
          [38;2;188;156;121m▀[0m[38;2;190;158;122m[48;2;134;112;88m▀[0m[38;2;169;138;110m[48;2;169;138;110m▀[0m[38;2;169;138;110m[48;2;169;138;110m▀[0m[38;2;171;140;111m[48;2;180;148;117m▀[0m[38;2;182;151;118m[48;2;202;168;130m▀[0m[38;2;187;156;121m▀[0m[38;2;183;151;118m▀[0m[38;2;179;147;116m▀[0m[38;2;173;142;112m▀[0m[38;2;169;138;110m▀[0m[38;2;169;138;110m[48;2;26;22;16m▀[0m[38;2;169;138;110m[48;2;177;146;115m▀[0m[38;2;169;138;110m[48;2;72;60;47m▀[0m[38;2;169;138;110m[48;2;173;142;111m▀[0m               
         [38;2;255;223;164m[48;2;135;112;89m▀[0m[38;2;254;221;163m[48;2;255;217;160m▀[0m[38;2;238;202;151m[48;2;255;219;161m▀[0m[38;2;174;144;114m▀[0m[38;2;25;20;15m▀[0m         [38;2;191;158;123m▀[0m[38;2;236;200;150m[48;2;254;217;161m▀[0m[38;2;253;215;159m[48;2;94;82;61m▀[0m[38;2;249;221;163m[48;2;104;87;67m▀[0m             
                                        
