                                        
          [38;2;28;19;18m▄[0m[38;2;241;175;169m[48;2;234;123;131m▀[0m                            
         [38;2;46;29;29m▄[0m[38;2;234;123;131m[48;2;234;123;131m▀[0m[38;2;234;123;131m[48;2;234;119;129m▀[0m[38;2;88;43;47m▄[0m  [38;2;248;164;163m▄[0m                        
         [38;2;234;122;130m[48;2;233;112;124m▀[0m[38;2;234;113;125m[48;2;233;111;123m▀[0m[38;2;231;98;116m[48;2;231;97;116m▀[0m[38;2;232;100;118m[48;2;232;96;115m▀[0m[38;2;97;41;50m[48;2;169;71;90m▀[0m[38;2;197;82;101m[48;2;173;73;92m▀[0m[38;2;190;80;100m▀[0m                        
      [38;2;233;112;124m[48;2;234;121;130m▀[0m[38;2;233;110;123m▄[0m[38;2;39;17;19m[48;2;190;80;96m▀[0m[38;2;231;97;116m[48;2;232;96;115m▀[0m[38;2;231;97;115m[48;2;232;96;115m▀[0m[38;2;231;96;115m[48;2;240;101;120m▀[0m[38;2;231;96;115m[48;2;46;39;42m▀[0m[38;2;172;73;91m[48;2;99;36;47m▀[0m[38;2;188;79;97m[48;2;192;79;99m▀[0m                         
      [38;2;237;112;125m▀[0m[38;2;232;104;119m[48;2;231;96;115m▀[0m[38;2;232;96;115m[48;2;231;96;115m▀[0m[38;2;235;98;117m[48;2;126;200;210m▀[0m[38;2;126;200;210m[48;2;143;205;212m▀[0m[38;2;126;200;210m[48;2;19;28;29m▀[0m[38;2;126;200;210m[48;2;126;200;210m▀[0m[38;2;126;200;210m[48;2;126;200;210m▀[0m[38;2;125;199;209m[48;2;126;200;210m▀[0m[38;2;6;9;10m[48;2;125;197;207m▀[0m[38;2;0;0;0m▄[0m                       
       [38;2;118;50;61m[48;2;106;139;141m▀[0m[38;2;128;204;215m[48;2;126;200;210m▀[0m[38;2;187;217;215m[48;2;0;0;0m▀[0m[38;2;244;243;245m[48;2;70;109;113m▀[0m[38;2;27;27;27m[48;2;148;207;214m▀[0m[38;2;0;0;0m[48;2;126;200;210m▀[0m[38;2;126;200;210m[48;2;126;200;210m▀[0m[38;2;126;200;210m[48;2;126;200;210m▀[0m[38;2;126;200;210m[48;2;126;200;210m▀[0m[38;2;106;159;168m[48;2;99;147;154m▀[0m[38;2;83;122;128m▄[0m                      
     [38;2;195;223;219m[48;2;136;215;225m▀[0m[38;2;167;212;214m[48;2;126;200;210m▀[0m[38;2;127;200;210m[48;2;126;200;210m▀[0m[38;2;126;200;210m[48;2;126;200;210m▀[0m[38;2;126;200;210m[48;2;126;200;210m▀[0m[38;2;126;200;210m[48;2;233;233;239m▀[0m[38;2;126;200;210m[48;2;245;224;164m▀[0m[38;2;65;117;128m[48;2;242;220;146m▀[0m[38;2;126;199;210m[48;2;243;220;147m▀[0m[38;2;193;191;193m[48;2;141;137;146m▀[0m[38;2;117;182;191m[48;2;98;144;151m▀[0m[38;2;98;142;150m[48;2;97;142;149m▀[0m[38;2;101;149;157m[48;2;100;148;156m▀[0m[38;2;126;61;73m[48;2;102;151;159m▀[0m[38;2;130;63;75m[48;2;126;61;73m▀[0m[38;2;177;81;95m[48;2;132;64;76m▀[0m                   
     [38;2;250;234;155m[48;2;243;220;147m▀[0m[38;2;81;131;138m[48;2;243;220;146m▀[0m[38;2;126;200;210m[48;2;243;220;147m▀[0m[38;2;126;200;210m[48;2;145;128;83m▀[0m[38;2;126;200;210m[48;2;128;204;215m▀[0m[38;2;81;129;136m[48;2;253;238;159m▀[0m[38;2;243;220;146m[48;2;243;220;146m▀[0m[38;2;243;220;147m[48;2;243;220;147m▀[0m[38;2;243;221;147m[48;2;239;217;145m▀[0m[38;2;229;206;138m[48;2;188;166;117m▀[0m[38;2;97;142;150m[48;2;52;78;84m▀[0m[38;2;97;142;149m[48;2;97;142;149m▀[0m[38;2;100;149;156m[48;2;98;143;150m▀[0m[38;2;101;148;156m[48;2;56;80;84m▀[0m[38;2;44;19;23m[48;2;126;200;210m▀[0m[38;2;128;62;74m[48;2;126;200;210m▀[0m[38;2;126;200;210m▄[0m[38;2;85;124;130m[48;2;126;200;210m▀[0m[38;2;100;148;156m[48;2;112;171;180m▀[0m[38;2;98;143;150m[48;2;98;144;152m▀[0m[38;2;101;150;158m[48;2;98;143;150m▀[0m[38;2;32;46;48m▄[0m             
     [38;2;243;220;146m▀[0m[38;2;243;220;147m[48;2;243;220;146m▀[0m[38;2;243;220;147m[48;2;243;220;147m▀[0m[38;2;243;220;147m[48;2;243;220;147m▀[0m[38;2;243;220;146m[48;2;242;220;147m▀[0m[38;2;243;220;146m[48;2;225;203;138m▀[0m[38;2;243;220;147m[48;2;201;178;124m▀[0m[38;2;225;203;137m[48;2;177;156;112m▀[0m[38;2;187;166;117m[48;2;172;151;109m▀[0m[38;2;171;150;108m[48;2;171;149;108m▀[0m[38;2;48;71;78m[48;2;97;142;150m▀[0m[38;2;97;142;149m[48;2;99;146;154m▀[0m[38;2;103;152;160m[48;2;123;183;192m▀[0m[38;2;144;205;212m[48;2;157;208;213m▀[0m[38;2;191;219;216m[48;2;128;200;210m▀[0m[38;2;126;200;210m[48;2;126;200;210m▀[0m[38;2;126;200;210m[48;2;126;200;210m▀[0m[38;2;125;199;209m[48;2;113;174;183m▀[0m[38;2;107;160;168m[48;2;98;144;151m▀[0m[38;2;97;143;150m[48;2;0;0;0m▀[0m[38;2;98;143;150m[48;2;23;33;34m▀[0m              
     [38;2;106;168;176m▄[0m[38;2;126;200;210m▄[0m[38;2;178;157;112m[48;2;126;200;210m▀[0m[38;2;187;166;117m[48;2;99;148;155m▀[0m[38;2;182;161;114m[48;2;102;149;157m▀[0m[38;2;187;166;117m[48;2;40;60;65m▀[0m[38;2;182;160;115m[48;2;85;127;135m▀[0m[38;2;180;157;112m[48;2;19;24;23m▀[0m[38;2;172;151;107m[48;2;120;184;193m▀[0m[38;2;98;144;152m[48;2;129;193;202m▀[0m[38;2;104;154;162m[48;2;134;202;211m▀[0m[38;2;122;185;194m[48;2;138;203;211m▀[0m[38;2;138;203;211m[48;2;138;203;211m▀[0m[38;2;138;203;211m[48;2;138;203;211m▀[0m[38;2;129;201;210m[48;2;126;200;210m▀[0m[38;2;126;200;210m[48;2;32;47;49m▀[0m[38;2;117;182;192m[48;2;97;143;150m▀[0m[38;2;16;6;7m[48;2;185;163;116m▀[0m                 
   [38;2;6;6;6m▄[0m[38;2;126;200;210m[48;2;126;200;210m▀[0m[38;2;132;211;220m[48;2;126;200;210m▀[0m[38;2;126;200;210m[48;2;126;200;210m▀[0m[38;2;126;200;210m[48;2;126;200;210m▀[0m[38;2;114;175;184m[48;2;116;180;189m▀[0m[38;2;98;143;151m[48;2;99;147;155m▀[0m[38;2;98;142;149m[48;2;97;142;149m▀[0m[38;2;97;142;149m[48;2;97;142;149m▀[0m[38;2;244;224;157m[48;2;211;203;166m▀[0m[38;2;250;234;176m[48;2;246;227;172m▀[0m[38;2;138;203;211m[48;2;244;222;153m▀[0m[38;2;138;203;211m[48;2;242;222;152m▀[0m[38;2;138;203;211m[48;2;147;216;225m▀[0m[38;2;138;203;211m[48;2;138;203;211m▀[0m[38;2;132;203;212m[48;2;126;200;210m▀[0m[38;2;100;147;155m[48;2;126;200;210m▀[0m[38;2;98;144;151m[48;2;84;78;58m▀[0m[38;2;52;46;34m[48;2;204;183;126m▀[0m[38;2;220;198;134m[48;2;243;220;147m▀[0m[38;2;243;220;146m[48;2;243;220;147m▀[0m[38;2;244;221;147m▄[0m[38;2;0;0;0m▄[0m     [38;2;0;0;0m[48;2;236;99;118m▀[0m[38;2;233;107;121m[48;2;171;76;92m▀[0m[38;2;0;0;0m▄[0m      
    [38;2;40;64;66m▀[0m[38;2;89;140;147m▀[0m[38;2;54;84;87m▀[0m[38;2;133;212;222m▀[0m[38;2;108;163;171m▀[0m[38;2;98;144;151m▀[0m[38;2;97;141;149m▀[0m[38;2;103;151;159m[48;2;4;8;9m▀[0m[38;2;198;221;217m[48;2;185;216;215m▀[0m[38;2;244;223;157m[48;2;93;145;155m▀[0m[38;2;243;222;153m[48;2;244;222;154m▀[0m[38;2;244;222;154m[48;2;244;222;154m▀[0m[38;2;244;222;154m[48;2;245;223;153m▀[0m[38;2;95;149;159m[48;2;126;200;210m▀[0m[38;2;126;200;210m[48;2;126;200;210m▀[0m[38;2;245;225;163m[48;2;136;118;74m▀[0m[38;2;243;220;147m[48;2;223;243;241m▀[0m[38;2;252;233;156m[48;2;195;220;216m▀[0m[38;2;93;127;134m[48;2;126;200;210m▀[0m[38;2;101;163;173m[48;2;126;200;210m▀[0m[38;2;188;165;114m[48;2;125;199;208m▀[0m[38;2;189;168;118m[48;2;98;144;151m▀[0m[38;2;2;2;1m[48;2;180;159;113m▀[0m    [38;2;153;69;84m[48;2;145;65;80m▀[0m[38;2;148;67;82m[48;2;145;65;80m▀[0m[38;2;165;70;88m[48;2;145;65;80m▀[0m      
           [38;2;85;133;139m[48;2;15;13;8m▀[0m[38;2;147;205;212m[48;2;138;203;211m▀[0m[38;2;138;203;211m[48;2;139;204;211m▀[0m[38;2;244;222;154m[48;2;247;227;157m▀[0m[38;2;244;222;153m[48;2;243;221;150m▀[0m[38;2;111;179;190m[48;2;19;31;33m▀[0m[38;2;126;200;210m[48;2;126;200;210m▀[0m[38;2;126;200;210m[48;2;15;17;16m▀[0m[38;2;11;18;22m[48;2;159;211;215m▀[0m[38;2;133;202;211m[48;2;125;199;209m▀[0m[38;2;126;200;210m[48;2;126;200;210m▀[0m[38;2;126;200;210m[48;2;120;188;197m▀[0m[38;2;126;200;210m[48;2;114;175;184m▀[0m[38;2;113;174;183m[48;2;106;159;167m▀[0m[38;2;98;145;153m[48;2;98;142;150m▀[0m[38;2;97;142;150m[48;2;97;142;149m▀[0m[38;2;203;183;127m[48;2;98;143;150m▀[0m    [38;2;145;65;80m▀[0m[38;2;145;66;80m[48;2;157;71;87m▀[0m  [38;2;1;1;1m▄[0m   
           [38;2;214;195;130m[48;2;12;22;24m▀[0m[38;2;160;209;213m[48;2;245;225;167m▀[0m[38;2;138;203;211m[48;2;126;199;209m▀[0m[38;2;243;222;152m[48;2;243;220;147m▀[0m[38;2;243;220;147m[48;2;243;221;147m▀[0m[38;2;243;220;147m[48;2;245;223;148m▀[0m[38;2;117;142;142m[48;2;88;119;123m▀[0m[38;2;88;120;124m[48;2;93;126;130m▀[0m[38;2;10;13;13m[48;2;88;120;124m▀[0m[38;2;88;120;124m[48;2;89;121;125m▀[0m[38;2;114;173;183m[48;2;88;120;124m▀[0m[38;2;99;145;153m[48;2;55;82;85m▀[0m[38;2;98;143;151m[48;2;97;142;149m▀[0m[38;2;97;142;149m[48;2;98;142;149m▀[0m[38;2;98;142;150m[48;2;97;142;149m▀[0m[38;2;97;142;149m[48;2;97;142;150m▀[0m[38;2;97;142;149m[48;2;100;148;156m▀[0m[38;2;65;91;92m[48;2;89;129;136m▀[0m[38;2;97;141;150m▄[0m[38;2;97;142;149m▄[0m[38;2;0;0;0m[48;2;97;142;150m▀[0m[38;2;100;146;154m[48;2;97;142;150m▀[0m[38;2;98;145;153m[48;2;97;142;150m▀[0m[38;2;116;181;191m[48;2;101;149;157m▀[0m[38;2;126;200;210m▀[0m    
          [38;2;9;12;12m▄[0m[38;2;126;200;210m[48;2;126;200;210m▀[0m[38;2;243;220;146m[48;2;122;118;87m▀[0m[38;2;243;220;147m[48;2;243;220;147m▀[0m[38;2;243;220;147m[48;2;243;220;147m▀[0m[38;2;235;222;147m[48;2;126;200;210m▀[0m[38;2;243;220;147m[48;2;136;120;80m▀[0m[38;2;243;220;147m[48;2;202;181;125m▀[0m[38;2;29;42;44m[48;2;180;159;113m▀[0m[38;2;88;121;125m[48;2;97;141;148m▀[0m[38;2;90;123;127m[48;2;91;126;130m▀[0m[38;2;91;126;130m[48;2;93;128;132m▀[0m[38;2;90;124;128m[48;2;94;131;134m▀[0m[38;2;97;142;149m[48;2;39;56;58m▀[0m[38;2;97;142;149m[48;2;98;142;150m▀[0m[38;2;97;142;149m[48;2;97;142;149m▀[0m[38;2;97;142;149m[48;2;98;144;152m▀[0m[38;2;100;149;156m[48;2;100;149;157m▀[0m[38;2;4;6;6m[48;2;97;142;149m▀[0m[38;2;98;142;150m[48;2;98;145;153m▀[0m[38;2;97;142;150m[48;2;100;149;157m▀[0m[38;2;97;142;149m[48;2;100;148;156m▀[0m[38;2;97;142;149m[48;2;100;149;156m▀[0m[38;2;97;142;149m▀[0m      
           [38;2;126;200;210m[48;2;97;137;142m▀[0m[38;2;106;157;165m[48;2;90;122;126m▀[0m[38;2;185;165;117m[48;2;88;120;124m▀[0m[38;2;203;182;126m[48;2;179;157;114m▀[0m[38;2;118;181;190m[48;2;171;150;108m▀[0m[38;2;104;155;163m[48;2;50;73;78m▀[0m[38;2;181;158;114m[48;2;173;152;110m▀[0m[38;2;171;150;108m[48;2;171;150;108m▀[0m[38;2;171;150;107m[48;2;171;150;108m▀[0m[38;2;99;144;152m[48;2;170;149;108m▀[0m[38;2;94;130;134m[48;2;97;143;150m▀[0m[38;2;92;127;131m[48;2;97;143;150m▀[0m[38;2;68;100;105m[48;2;97;142;149m▀[0m[38;2;97;142;149m[48;2;97;142;150m▀[0m[38;2;97;142;149m[48;2;100;149;156m▀[0m[38;2;100;149;156m[48;2;97;147;157m▀[0m[38;2;105;155;164m[48;2;101;149;156m▀[0m[38;2;101;149;157m[48;2;103;153;161m▀[0m[38;2;103;153;161m[48;2;104;154;162m▀[0m[38;2;101;149;157m▀[0m[38;2;49;71;75m▀[0m        
        [38;2;100;127;128m▄[0m[38;2;126;200;210m▄[0m[38;2;126;200;210m▄[0m[38;2;126;200;210m▄[0m[38;2;88;120;124m[48;2;125;199;209m▀[0m[38;2;88;120;124m[48;2;88;120;124m▀[0m[38;2;88;120;124m[48;2;88;120;124m▀[0m[38;2;97;132;136m[48;2;89;122;127m▀[0m[38;2;172;151;108m[48;2;91;124;128m▀[0m[38;2;171;150;108m[48;2;90;123;127m▀[0m[38;2;171;150;108m▀[0m[38;2;173;152;109m[48;2;25;23;17m▀[0m[38;2;178;157;111m[48;2;193;171;121m▀[0m[38;2;179;158;112m[48;2;188;168;118m▀[0m[38;2;178;157;112m[48;2;191;170;119m▀[0m[38;2;193;170;122m[48;2;63;57;40m▀[0m[38;2;193;170;123m▀[0m[38;2;179;158;113m▀[0m[38;2;102;155;163m▀[0m[38;2;104;155;163m▀[0m            
        [38;2;173;219;221m▀[0m[38;2;82;112;116m[48;2;70;95;98m▀[0m[38;2;91;125;129m[48;2;13;19;20m▀[0m[38;2;89;122;126m▀[0m[38;2;90;123;127m[48;2;8;12;12m▀[0m[38;2;90;123;127m[48;2;84;117;120m▀[0m[38;2;89;121;125m[48;2;94;130;134m▀[0m[38;2;90;123;127m[48;2;94;130;134m▀[0m                        
                                        
