                                        
                 [38;2;164;153;147m[48;2;114;103;99m▀[0m[38;2;99;88;84m▄[0m   [38;2;102;90;86m▄[0m[38;2;154;144;139m[48;2;110;99;95m▀[0m[38;2;113;101;97m[48;2;100;89;85m▀[0m               
                 [38;2;228;124;136m▀[0m[38;2;106;93;89m[48;2;228;125;137m▀[0m[38;2;81;71;67m[48;2;78;69;64m▀[0m  [38;2;74;70;65m[48;2;63;41;41m▀[0m[38;2;228;124;136m[48;2;222;122;134m▀[0m[38;2;99;88;84m[48;2;87;77;72m▀[0m               
                  [38;2;185;105;115m▀[0m[38;2;81;70;66m[48;2;98;56;60m▀[0m  [38;2;184;101;110m[48;2;182;103;112m▀[0m[38;2;192;108;118m[48;2;79;69;64m▀[0m                
                 [38;2;201;168;154m▄[0m[38;2;201;168;153m▄[0m[38;2;200;169;153m[48;2;200;168;153m▀[0m[38;2;198;164;149m[48;2;201;169;154m▀[0m[38;2;178;137;121m[48;2;182;141;125m▀[0m[38;2;104;63;66m[48;2;177;134;118m▀[0m[38;2;137;105;91m▄[0m                
             [38;2;218;183;166m▄[0m[38;2;183;143;128m▄[0m[38;2;105;81;70m▄[0m[38;2;208;168;151m[48;2;195;159;143m▀[0m[38;2;203;170;154m[48;2;194;157;141m▀[0m[38;2;193;156;140m[48;2;192;150;134m▀[0m[38;2;190;151;136m[48;2;179;137;120m▀[0m[38;2;183;141;125m[48;2;177;134;118m▀[0m[38;2;179;136;120m[48;2;174;132;117m▀[0m[38;2;179;136;119m[48;2;174;133;116m▀[0m[38;2;179;136;119m[48;2;72;56;48m▀[0m[38;2;178;136;120m▄[0m[38;2;171;129;113m▄[0m[38;2;220;185;169m▄[0m             
             [38;2;176;133;116m[48;2;164;125;110m▀[0m[38;2;164;125;110m[48;2;186;141;125m▀[0m[38;2;177;135;119m[48;2;174;132;116m▀[0m[38;2;177;135;118m[48;2;243;232;208m▀[0m[38;2;178;134;119m[48;2;243;232;208m▀[0m[38;2;174;132;117m[48;2;243;232;208m▀[0m[38;2;174;132;116m[48;2;152;149;133m▀[0m[38;2;174;132;116m[48;2;177;134;118m▀[0m[38;2;174;133;117m[48;2;176;134;118m▀[0m[38;2;174;132;117m[48;2;178;135;118m▀[0m[38;2;175;133;117m[48;2;179;136;119m▀[0m[38;2;177;134;118m[48;2;179;136;119m▀[0m[38;2;162;122;108m[48;2;179;136;119m▀[0m[38;2;157;119;104m[48;2;178;135;118m▀[0m[38;2;181;138;121m[48;2;176;133;117m▀[0m            
             [38;2;142;108;96m▀[0m[38;2;82;64;55m[48;2;162;123;108m▀[0m[38;2;251;244;220m[48;2;252;244;220m▀[0m[38;2;248;238;212m[48;2;131;97;85m▀[0m[38;2;116;112;99m[48;2;178;136;119m▀[0m[38;2;248;236;210m[48;2;183;138;122m▀[0m[38;2;248;237;211m[48;2;249;239;214m▀[0m[38;2;193;146;129m[48;2;250;237;214m▀[0m[38;2;177;134;118m[48;2;178;135;119m▀[0m[38;2;178;135;119m[48;2;178;135;118m▀[0m[38;2;176;133;118m[48;2;179;136;120m▀[0m[38;2;176;133;118m[48;2;179;136;119m▀[0m[38;2;176;133;117m[48;2;177;134;118m▀[0m[38;2;178;135;119m[48;2;155;119;104m▀[0m[38;2;31;25;21m▀[0m            
              [38;2;119;90;79m▀[0m[38;2;250;239;213m[48;2;247;237;211m▀[0m[38;2;181;138;121m[48;2;109;81;70m▀[0m[38;2;176;134;118m[48;2;178;135;119m▀[0m[38;2;178;135;119m[48;2;179;136;119m▀[0m[38;2;251;240;215m[48;2;248;237;211m▀[0m[38;2;252;243;219m[48;2;251;240;215m▀[0m[38;2;179;136;119m[48;2;179;136;119m▀[0m[38;2;179;136;119m[48;2;174;133;117m▀[0m[38;2;179;136;119m[48;2;156;119;104m▀[0m[38;2;177;135;118m[48;2;131;100;88m▀[0m[38;2;145;111;96m▀[0m              
               [38;2;117;86;75m▀[0m[38;2;248;238;212m[48;2;201;189;173m▀[0m[38;2;176;134;118m[48;2;194;183;166m▀[0m[38;2;177;135;118m[48;2;191;181;165m▀[0m[38;2;247;236;212m[48;2;191;181;164m▀[0m[38;2;242;231;207m[48;2;117;114;105m▀[0m[38;2;158;120;106m[48;2;141;108;95m▀[0m[38;2;140;107;94m[48;2;143;109;96m▀[0m[38;2;145;110;97m[48;2;94;73;64m▀[0m                
                 [38;2;57;51;44m[48;2;27;24;20m▀[0m[38;2;191;181;165m[48;2;102;84;78m▀[0m[38;2;207;198;180m[48;2;55;52;52m▀[0m[38;2;141;107;95m[48;2;56;53;51m▀[0m[38;2;145;111;98m[48;2;140;106;93m▀[0m[38;2;27;20;17m[48;2;140;106;93m▀[0m                 
                 [38;2;104;85;78m[48;2;36;29;25m▀[0m[38;2;101;83;77m[48;2;57;48;43m▀[0m[38;2;57;53;52m[48;2;81;71;66m▀[0m[38;2;58;53;52m[48;2;80;69;65m▀[0m[38;2;143;109;95m[48;2;146;111;98m▀[0m[38;2;141;108;95m[48;2;153;116;102m▀[0m                 
                  [38;2;61;50;44m▀[0m[38;2;142;108;94m[48;2;178;135;119m▀[0m[38;2;144;110;96m[48;2;180;138;121m▀[0m[38;2;153;117;103m[48;2;179;137;120m▀[0m[38;2;152;116;102m▀[0m                 
                  [38;2;99;87;83m▄[0m[38;2;100;89;85m[48;2;100;88;84m▀[0m[38;2;98;87;83m[48;2;96;86;82m▀[0m[38;2;97;86;82m[48;2;96;85;81m▀[0m[38;2;29;27;23m▄[0m                 
                [38;2;160;150;145m▄[0m[38;2;174;132;115m[48;2;154;145;140m▀[0m[38;2;173;132;116m[48;2;89;84;80m▀[0m[38;2;174;132;116m[48;2;174;133;117m▀[0m[38;2;174;132;116m[48;2;174;132;116m▀[0m[38;2;24;23;21m[48;2;176;134;118m▀[0m[38;2;98;88;83m[48;2;100;89;84m▀[0m                 
             [38;2;82;77;73m▄[0m[38;2;50;46;44m[48;2;203;170;154m▀[0m[38;2;153;144;139m[48;2;203;169;154m▀[0m[38;2;154;144;138m[48;2;204;171;155m▀[0m[38;2;154;144;139m[48;2;204;171;155m▀[0m[38;2;154;144;139m[48;2;137;129;124m▀[0m[38;2;101;91;86m[48;2;98;86;83m▀[0m[38;2;188;143;125m[48;2;97;86;82m▀[0m[38;2;175;133;117m[48;2;178;135;118m▀[0m[38;2;167;127;111m[48;2;177;134;118m▀[0m                 
            [38;2;181;138;120m▄[0m[38;2;198;163;147m[48;2;185;145;129m▀[0m[38;2;204;171;155m[48;2;201;167;152m▀[0m[38;2;204;171;155m[48;2;196;161;144m▀[0m[38;2;203;170;154m[48;2;185;149;132m▀[0m[38;2;199;167;151m[48;2;175;133;117m▀[0m[38;2;179;138;122m[48;2;177;134;118m▀[0m[38;2;98;87;83m[48;2;196;149;131m▀[0m[38;2;99;88;83m[48;2;99;87;83m▀[0m[38;2;36;34;32m[48;2;98;87;83m▀[0m[38;2;179;137;120m[48;2;106;81;71m▀[0m                 
            [38;2;177;135;118m[48;2;144;109;96m▀[0m[38;2;174;132;117m[48;2;161;124;108m▀[0m[38;2;175;133;117m[48;2;172;131;115m▀[0m[38;2;177;134;118m[48;2;174;132;116m▀[0m[38;2;177;134;118m[48;2;177;134;118m▀[0m[38;2;175;133;117m[48;2;171;130;114m▀[0m[38;2;176;134;118m[48;2;155;119;104m▀[0m[38;2;177;134;118m[48;2;144;110;96m▀[0m[38;2;100;89;85m[48;2;80;70;66m▀[0m[38;2;80;70;66m[48;2;81;64;55m▀[0m                  
             [38;2;142;108;95m▀[0m[38;2;139;106;93m[48;2;139;106;92m▀[0m[38;2;140;106;93m[48;2;139;106;93m▀[0m[38;2;143;108;95m[48;2;140;106;93m▀[0m[38;2;141;107;95m[48;2;143;110;97m▀[0m[38;2;140;106;93m[48;2;121;92;80m▀[0m[38;2;85;74;70m▀[0m[38;2;81;71;67m▀[0m                   
                                        
