                                        
                 [38;2;186;126;127m[48;2;117;66;72m▀[0m[38;2;97;49;53m▄[0m   [38;2;100;52;55m▄[0m[38;2;172;117;120m[48;2;111;64;66m▀[0m[38;2;117;64;69m[48;2;99;50;55m▀[0m               
                 [38;2;228;124;136m▀[0m[38;2;109;54;59m[48;2;228;125;137m▀[0m[38;2;72;34;36m[48;2;71;32;31m▀[0m  [38;2;61;40;35m[48;2;60;37;39m▀[0m[38;2;228;124;136m[48;2;222;122;134m▀[0m[38;2;97;49;52m[48;2;83;39;41m▀[0m               
                  [38;2;185;105;115m▀[0m[38;2;75;33;35m[48;2;98;56;60m▀[0m  [38;2;184;101;110m[48;2;182;103;112m▀[0m[38;2;192;108;118m[48;2;73;32;32m▀[0m                
                 [38;2;244;229;184m▄[0m[38;2;245;229;183m▄[0m[38;2;245;231;184m[48;2;245;231;184m▀[0m[38;2;244;228;180m[48;2;245;231;186m▀[0m[38;2;234;207;147m[48;2;236;209;150m▀[0m[38;2;100;61;65m[48;2;233;205;141m▀[0m[38;2;194;166;107m▄[0m                
             [38;2;252;240;195m▄[0m[38;2;236;211;154m▄[0m[38;2;119;109;79m▄[0m[38;2;249;232;178m[48;2;243;224;173m▀[0m[38;2;246;232;185m[48;2;242;223;169m▀[0m[38;2;242;223;168m[48;2;241;218;159m▀[0m[38;2;240;218;163m[48;2;234;208;145m▀[0m[38;2;237;211;150m[48;2;233;205;141m▀[0m[38;2;234;208;145m[48;2;230;200;141m▀[0m[38;2;234;207;143m[48;2;230;202;138m▀[0m[38;2;234;207;144m[48;2;116;92;53m▀[0m[38;2;234;207;144m▄[0m[38;2;226;198;132m▄[0m[38;2;252;241;199m▄[0m             
             [38;2;232;204;137m[48;2;222;194;133m▀[0m[38;2;218;191;130m[48;2;239;211;148m▀[0m[38;2;233;205;142m[48;2;230;200;140m▀[0m[38;2;233;205;142m[48;2;243;232;208m▀[0m[38;2;234;204;142m[48;2;243;232;208m▀[0m[38;2;230;200;141m[48;2;243;232;208m▀[0m[38;2;230;202;138m[48;2;150;147;132m▀[0m[38;2;230;202;138m[48;2;233;205;141m▀[0m[38;2;230;203;141m[48;2;231;204;140m▀[0m[38;2;230;201;140m[48;2;233;205;141m▀[0m[38;2;231;204;140m[48;2;234;207;143m▀[0m[38;2;233;205;141m[48;2;234;207;143m▀[0m[38;2;219;189;128m[48;2;234;208;143m▀[0m[38;2;216;188;127m[48;2;234;206;142m▀[0m[38;2;237;209;143m[48;2;232;204;140m▀[0m            
             [38;2;205;174;113m▀[0m[38;2;144;113;63m[48;2;213;187;126m▀[0m[38;2;251;244;220m[48;2;252;244;220m▀[0m[38;2;248;238;212m[48;2;186;153;97m▀[0m[38;2;144;141;110m[48;2;234;206;143m▀[0m[38;2;248;236;210m[48;2;237;210;145m▀[0m[38;2;248;237;211m[48;2;249;239;214m▀[0m[38;2;242;216;152m[48;2;250;237;214m▀[0m[38;2;232;205;140m[48;2;234;207;143m▀[0m[38;2;234;206;143m[48;2;234;206;141m▀[0m[38;2;231;203;141m[48;2;234;207;144m▀[0m[38;2;231;203;140m[48;2;234;208;144m▀[0m[38;2;231;204;141m[48;2;233;206;142m▀[0m[38;2;234;207;143m[48;2;215;186;127m▀[0m[38;2;44;35;21m▀[0m            
              [38;2;156;136;92m▀[0m[38;2;250;239;213m[48;2;247;237;211m▀[0m[38;2;235;209;144m[48;2;159;129;81m▀[0m[38;2;232;205;140m[48;2;234;207;144m▀[0m[38;2;234;207;143m[48;2;234;207;143m▀[0m[38;2;251;240;215m[48;2;248;237;211m▀[0m[38;2;252;243;219m[48;2;251;240;215m▀[0m[38;2;234;207;144m[48;2;234;207;143m▀[0m[38;2;234;207;143m[48;2;230;203;141m▀[0m[38;2;234;207;143m[48;2;215;187;128m▀[0m[38;2;233;205;142m[48;2;191;162;104m▀[0m[38;2;208;179;112m▀[0m              
               [38;2;139;123;86m▀[0m[38;2;248;238;212m[48;2;201;189;173m▀[0m[38;2;231;204;140m[48;2;194;183;166m▀[0m[38;2;233;205;141m[48;2;191;181;165m▀[0m[38;2;247;236;212m[48;2;191;181;164m▀[0m[38;2;242;231;207m[48;2;116;113;104m▀[0m[38;2;216;187;129m[48;2;206;174;110m▀[0m[38;2;205;174;109m[48;2;206;176;114m▀[0m[38;2;209;178;114m[48;2;122;105;73m▀[0m                
                 [38;2;47;46;43m[48;2;38;33;23m▀[0m[38;2;191;181;165m[48;2;159;135;97m▀[0m[38;2;207;198;180m[48;2;55;24;31m▀[0m[38;2;206;172;110m[48;2;55;25;32m▀[0m[38;2;208;178;118m[48;2;206;174;106m▀[0m[38;2;19;17;13m[48;2;205;170;107m▀[0m                 
                 [38;2;163;138;94m[48;2;50;42;26m▀[0m[38;2;158;133;95m[48;2;82;71;49m▀[0m[38;2;57;24;31m[48;2;81;29;31m▀[0m[38;2;59;23;31m[48;2;81;25;30m▀[0m[38;2;208;175;110m[48;2;209;179;115m▀[0m[38;2;206;174;110m[48;2;212;184;125m▀[0m                 
                  [38;2;84;71;49m▀[0m[38;2;206;175;108m[48;2;234;207;143m▀[0m[38;2;207;176;113m[48;2;235;209;146m▀[0m[38;2;213;185;124m[48;2;234;208;145m▀[0m[38;2;212;184;125m▀[0m                 
                  [38;2;102;46;50m▄[0m[38;2;104;49;50m[48;2;105;47;48m▀[0m[38;2;101;46;50m[48;2;96;46;47m▀[0m[38;2;100;45;48m[48;2;98;45;45m▀[0m[38;2;23;11;11m▄[0m                 
                [38;2;184;129;125m▄[0m[38;2;230;202;137m[48;2;177;120;119m▀[0m[38;2;230;202;139m[48;2;89;64;57m▀[0m[38;2;230;202;138m[48;2;230;203;140m▀[0m[38;2;230;202;138m[48;2;230;202;138m▀[0m[38;2;19;16;17m[48;2;231;204;140m▀[0m[38;2;102;46;46m[48;2;105;47;49m▀[0m                 
             [38;2;83;73;71m▄[0m[38;2;49;23;23m[48;2;246;232;185m▀[0m[38;2;175;121;118m[48;2;246;231;185m▀[0m[38;2;180;117;112m[48;2;247;233;187m▀[0m[38;2;179;118;117m[48;2;246;232;187m▀[0m[38;2;179;118;117m[48;2;151;101;100m▀[0m[38;2;106;51;52m[48;2;101;46;49m▀[0m[38;2;239;213;148m[48;2;100;45;48m▀[0m[38;2;231;204;141m[48;2;234;206;142m▀[0m[38;2;226;198;131m[48;2;232;205;140m▀[0m                 
            [38;2;236;211;144m▄[0m[38;2;244;226;177m[48;2;237;213;156m▀[0m[38;2;247;233;187m[48;2;246;230;183m▀[0m[38;2;246;232;186m[48;2;243;226;173m▀[0m[38;2;246;232;185m[48;2;237;217;160m▀[0m[38;2;244;229;182m[48;2;231;203;141m▀[0m[38;2;234;208;146m[48;2;232;205;140m▀[0m[38;2;102;46;48m[48;2;243;220;153m▀[0m[38;2;103;46;49m[48;2;104;45;46m▀[0m[38;2;32;22;22m[48;2;101;46;49m▀[0m[38;2;234;208;145m[48;2;167;135;83m▀[0m                 
            [38;2;233;205;141m[48;2;207;177;115m▀[0m[38;2;231;201;141m[48;2;219;194;132m▀[0m[38;2;231;204;140m[48;2;228;200;138m▀[0m[38;2;233;205;141m[48;2;230;201;140m▀[0m[38;2;233;205;141m[48;2;233;205;141m▀[0m[38;2;231;204;140m[48;2;227;199;138m▀[0m[38;2;231;204;140m[48;2;215;189;128m▀[0m[38;2;233;205;141m[48;2;209;176;111m▀[0m[38;2;104;50;50m[48;2;76;29;30m▀[0m[38;2;76;30;30m[48;2;129;103;59m▀[0m                  
             [38;2;208;175;110m▀[0m[38;2;206;173;106m[48;2;206;174;106m▀[0m[38;2;206;174;107m[48;2;205;174;105m▀[0m[38;2;208;175;110m[48;2;206;174;107m▀[0m[38;2;206;172;110m[48;2;208;177;114m▀[0m[38;2;206;174;107m[48;2;175;147;92m▀[0m[38;2;84;34;36m[48;2;1;1;0m▀[0m[38;2;77;31;32m▀[0m                   
                                        
