                                        
                      [38;2;83;62;51m▄[0m[38;2;133;98;82m▄[0m[38;2;75;67;58m[48;2;124;92;77m▀[0m[38;2;197;174;151m[48;2;34;27;21m▀[0m              
                    [38;2;243;216;184m▄[0m[38;2;124;92;77m[48;2;152;113;98m▀[0m[38;2;146;109;94m[48;2;150;112;97m▀[0m[38;2;184;149;135m[48;2;50;38;33m▀[0m[38;2;182;149;135m[48;2;245;218;186m▀[0m[38;2;179;148;134m[48;2;243;220;188m▀[0m[38;2;157;116;100m[48;2;149;111;96m▀[0m[38;2;150;112;97m▄[0m[38;2;150;112;97m▄[0m[38;2;169;135;122m▄[0m[38;2;0;0;0m[48;2;175;143;130m▀[0m[38;2;157;120;105m▄[0m[38;2;158;117;101m▄[0m[38;2;141;127;108m▄[0m[38;2;0;0;0m▄[0m     
                  [38;2;253;233;204m▄[0m[38;2;31;29;28m[48;2;246;224;196m▀[0m[38;2;237;212;181m[48;2;242;219;193m▀[0m[38;2;241;212;183m[48;2;242;220;193m▀[0m[38;2;238;210;181m[48;2;242;219;193m▀[0m[38;2;238;210;181m[48;2;203;186;161m▀[0m[38;2;204;205;207m[48;2;9;10;7m▀[0m[38;2;237;212;181m[48;2;99;88;75m▀[0m[38;2;239;212;182m[48;2;248;219;186m▀[0m[38;2;151;113;97m[48;2;156;115;100m▀[0m[38;2;153;113;97m[48;2;152;113;98m▀[0m[38;2;152;114;97m[48;2;152;113;97m▀[0m[38;2;155;116;99m[48;2;28;21;17m▀[0m[38;2;150;112;97m▀[0m[38;2;52;39;33m▀[0m       
                  [38;2;242;219;192m[48;2;245;222;193m▀[0m[38;2;241;219;192m[48;2;247;219;187m▀[0m[38;2;92;75;89m[48;2;59;47;54m▀[0m[38;2;243;221;193m[48;2;245;217;186m▀[0m[38;2;246;223;194m[48;2;245;222;194m▀[0m[38;2;247;224;195m[48;2;245;222;194m▀[0m[38;2;252;228;199m[48;2;252;234;204m▀[0m[38;2;242;217;189m[48;2;164;126;111m▀[0m[38;2;245;217;185m[48;2;48;42;35m▀[0m[38;2;154;114;99m[48;2;58;43;37m▀[0m[38;2;154;115;98m[48;2;154;115;99m▀[0m[38;2;154;115;98m[48;2;154;115;99m▀[0m          
                  [38;2;241;216;185m[48;2;7;7;6m▀[0m[38;2;241;214;183m[48;2;245;217;185m▀[0m[38;2;241;214;182m[48;2;247;218;186m▀[0m[38;2;242;215;184m[48;2;247;219;185m▀[0m[38;2;244;218;186m[48;2;247;219;185m▀[0m[38;2;246;222;195m[48;2;248;220;186m▀[0m[38;2;70;63;55m[48;2;53;40;34m▀[0m[38;2;254;239;203m[48;2;170;126;108m▀[0m[38;2;254;232;197m[48;2;251;221;188m▀[0m[38;2;248;219;186m[48;2;251;221;188m▀[0m[38;2;157;117;101m[48;2;61;45;37m▀[0m[38;2;157;116;100m[48;2;152;114;98m▀[0m[38;2;45;35;29m[48;2;150;113;98m▀[0m         
                   [38;2;251;223;190m▀[0m[38;2;251;223;189m[48;2;251;221;187m▀[0m[38;2;250;222;188m[48;2;245;217;185m▀[0m[38;2;250;222;188m[48;2;243;216;184m▀[0m[38;2;250;221;188m[48;2;242;215;183m▀[0m[38;2;251;221;188m[48;2;242;214;183m▀[0m[38;2;244;217;184m[48;2;240;213;181m▀[0m[38;2;243;216;184m[48;2;239;213;182m▀[0m[38;2;239;213;182m[48;2;240;213;181m▀[0m[38;2;238;212;181m[48;2;240;213;182m▀[0m[38;2;150;112;97m[48;2;162;122;106m▀[0m[38;2;150;111;96m[48;2;151;113;97m▀[0m         
     [38;2;194;181;156m▄[0m[38;2;238;211;181m▄[0m[38;2;228;203;175m[48;2;229;203;175m▀[0m[38;2;87;79;68m[48;2;225;201;172m▀[0m[38;2;225;201;172m▄[0m[38;2;223;198;171m▄[0m[38;2;222;197;169m▄[0m        [38;2;245;217;187m▀[0m[38;2;239;212;182m[48;2;240;213;182m▀[0m[38;2;237;211;180m[48;2;242;215;184m▀[0m[38;2;237;211;180m[48;2;248;219;186m▀[0m[38;2;238;212;181m[48;2;249;221;187m▀[0m[38;2;238;212;181m[48;2;248;220;187m▀[0m[38;2;238;212;181m[48;2;249;220;187m▀[0m[38;2;243;216;183m[48;2;250;223;189m▀[0m[38;2;247;219;187m[48;2;250;221;188m▀[0m[38;2;253;239;203m[48;2;248;219;186m▀[0m[38;2;167;131;116m[48;2;159;120;105m▀[0m[38;2;34;25;21m▄[0m        
      [38;2;6;6;4m[48;2;0;0;0m▀[0m[38;2;225;200;172m[48;2;221;196;168m▀[0m[38;2;223;198;170m[48;2;218;193;166m▀[0m[38;2;222;198;171m[48;2;218;194;166m▀[0m[38;2;220;194;168m[48;2;218;193;166m▀[0m[38;2;219;195;167m[48;2;220;195;167m▀[0m[38;2;219;195;168m[48;2;218;194;167m▀[0m[38;2;232;206;176m[48;2;210;187;161m▀[0m[38;2;197;174;150m▄[0m      [38;2;234;215;183m▀[0m[38;2;248;220;186m[48;2;248;220;186m▀[0m[38;2;250;221;187m[48;2;249;220;187m▀[0m[38;2;251;221;187m[48;2;248;219;187m▀[0m[38;2;250;223;190m[48;2;248;220;187m▀[0m[38;2;251;222;189m[48;2;249;220;187m▀[0m[38;2;249;220;187m[48;2;247;219;186m▀[0m[38;2;246;217;186m[48;2;251;221;187m▀[0m[38;2;246;218;185m[48;2;247;219;186m▀[0m[38;2;144;106;91m[48;2;252;230;196m▀[0m[38;2;117;87;74m[48;2;141;104;88m▀[0m        
        [38;2;221;196;168m[48;2;214;190;163m▀[0m[38;2;222;198;170m[48;2;219;193;166m▀[0m[38;2;218;193;166m[48;2;209;186;161m▀[0m[38;2;217;192;165m[48;2;144;107;91m▀[0m[38;2;211;187;161m[48;2;126;93;78m▀[0m[38;2;204;181;156m[48;2;124;93;78m▀[0m[38;2;195;172;149m[48;2;126;94;78m▀[0m[38;2;195;172;149m[48;2;22;17;14m▀[0m      [38;2;245;217;184m[48;2;241;216;184m▀[0m[38;2;243;216;184m[48;2;251;223;189m▀[0m[38;2;245;217;185m[48;2;251;222;187m▀[0m[38;2;248;219;186m[48;2;245;217;184m▀[0m[38;2;250;222;188m[48;2;247;219;187m▀[0m[38;2;243;216;184m[48;2;251;222;188m▀[0m[38;2;242;215;183m[48;2;247;219;186m▀[0m[38;2;245;217;184m[48;2;243;215;183m▀[0m[38;2;244;216;184m[48;2;246;217;185m▀[0m[38;2;134;99;84m[48;2;128;97;80m▀[0m        
        [38;2;10;10;8m▀[0m[38;2;197;175;152m[48;2;125;93;77m▀[0m[38;2;127;94;79m[48;2;124;92;76m▀[0m[38;2;125;94;79m[48;2;125;93;77m▀[0m[38;2;126;94;79m[48;2;28;22;18m▀[0m[38;2;124;93;77m[48;2;196;173;149m▀[0m[38;2;126;94;78m[48;2;196;172;150m▀[0m[38;2;125;93;78m[48;2;196;172;149m▀[0m[38;2;127;94;79m[48;2;55;47;39m▀[0m   [38;2;16;12;10m▄[0m[38;2;177;141;126m▄[0m[38;2;250;221;188m[48;2;247;219;187m▀[0m[38;2;248;220;187m[48;2;248;221;188m▀[0m[38;2;249;221;188m[48;2;241;214;182m▀[0m[38;2;248;219;186m[48;2;241;214;182m▀[0m[38;2;243;214;183m[48;2;246;218;185m▀[0m[38;2;241;214;183m[48;2;250;222;189m▀[0m[38;2;247;219;186m[48;2;250;223;190m▀[0m[38;2;250;220;187m[48;2;250;223;190m▀[0m[38;2;249;220;187m[48;2;248;219;186m▀[0m[38;2;133;98;82m[48;2;82;74;64m▀[0m        
        [38;2;0;0;0m▄[0m[38;2;123;91;76m[48;2;126;94;79m▀[0m[38;2;122;91;76m[48;2;197;174;151m▀[0m[38;2;196;172;150m[48;2;196;172;150m▀[0m[38;2;196;173;150m[48;2;196;173;150m▀[0m[38;2;196;172;150m[48;2;215;190;164m▀[0m[38;2;196;172;149m[48;2;129;96;80m▀[0m[38;2;196;173;150m[48;2;123;92;76m▀[0m[38;2;196;173;149m[48;2;125;93;78m▀[0m[38;2;128;95;79m▄[0m  [38;2;183;150;135m[48;2;15;12;9m▀[0m[38;2;174;140;125m[48;2;60;45;37m▀[0m[38;2;171;153;131m[48;2;248;220;186m▀[0m[38;2;192;170;148m[48;2;251;221;187m▀[0m[38;2;249;220;187m[48;2;244;217;185m▀[0m[38;2;250;223;190m[48;2;242;214;183m▀[0m[38;2;250;223;189m[48;2;241;213;182m▀[0m[38;2;247;219;186m[48;2;241;213;182m▀[0m[38;2;248;219;186m[48;2;241;214;182m▀[0m[38;2;244;217;185m[48;2;237;212;181m▀[0m[38;2;242;215;184m[48;2;239;212;181m▀[0m[38;2;242;215;184m[48;2;89;81;70m▀[0m[38;2;105;95;82m▄[0m       
        [38;2;36;27;23m[48;2;61;46;37m▀[0m[38;2;110;99;86m[48;2;194;172;149m▀[0m[38;2;195;172;149m[48;2;193;170;148m▀[0m[38;2;195;172;149m[48;2;134;99;83m▀[0m[38;2;132;97;82m[48;2;124;92;77m▀[0m[38;2;128;96;80m[48;2;129;95;80m▀[0m[38;2;128;95;80m[48;2;129;96;81m▀[0m[38;2;122;91;76m[48;2;201;179;156m▀[0m[38;2;122;89;76m[48;2;195;173;150m▀[0m[38;2;129;95;80m[48;2;198;175;153m▀[0m[38;2;129;96;81m[48;2;37;27;22m▀[0m[38;2;122;90;76m▄[0m[38;2;14;12;11m▄[0m[38;2;145;107;91m[48;2;132;98;83m▀[0m[38;2;241;214;182m[48;2;49;44;37m▀[0m[38;2;241;213;182m[48;2;241;214;183m▀[0m[38;2;241;213;182m[48;2;240;213;182m▀[0m[38;2;241;215;183m[48;2;240;214;181m▀[0m[38;2;242;215;183m[48;2;238;212;180m▀[0m[38;2;240;214;182m[48;2;236;211;180m▀[0m[38;2;241;214;182m[48;2;238;211;181m▀[0m[38;2;241;214;182m[48;2;238;211;181m▀[0m[38;2;153;114;98m[48;2;252;225;193m▀[0m[38;2;174;140;126m[48;2;76;58;50m▀[0m[38;2;173;139;125m[48;2;151;112;96m▀[0m       
        [38;2;38;29;23m▀[0m[38;2;190;168;147m[48;2;192;169;148m▀[0m[38;2;197;174;152m[48;2;132;98;83m▀[0m[38;2;122;90;76m[48;2;123;90;76m▀[0m[38;2;121;89;75m[48;2;122;90;76m▀[0m[38;2;123;91;76m[48;2;122;108;95m▀[0m[38;2;207;184;159m[48;2;203;180;156m▀[0m[38;2;211;188;162m[48;2;215;191;164m▀[0m[38;2;201;179;156m[48;2;134;121;104m▀[0m[38;2;137;102;86m[48;2;137;101;86m▀[0m[38;2;126;94;79m[48;2;132;98;83m▀[0m[38;2;126;92;78m[48;2;204;182;157m▀[0m[38;2;197;174;152m[48;2;200;177;154m▀[0m[38;2;127;94;79m[48;2;127;94;80m▀[0m[38;2;141;104;89m[48;2;123;91;77m▀[0m[38;2;94;83;72m[48;2;139;102;87m▀[0m[38;2;236;210;180m[48;2;150;112;96m▀[0m[38;2;238;212;181m[48;2;53;43;37m▀[0m[38;2;241;214;182m[48;2;175;158;135m▀[0m[38;2;242;215;183m[48;2;176;158;134m▀[0m[38;2;243;215;184m[48;2;113;84;72m▀[0m[38;2;246;218;185m[48;2;157;117;101m▀[0m[38;2;163;148;126m[48;2;157;117;101m▀[0m[38;2;150;112;96m[48;2;130;96;82m▀[0m        
         [38;2;190;168;147m[48;2;195;172;150m▀[0m[38;2;121;89;75m[48;2;123;91;76m▀[0m[38;2;121;89;76m[48;2;123;90;76m▀[0m[38;2;122;91;76m[48;2;123;91;76m▀[0m[38;2;193;170;148m[48;2;192;170;148m▀[0m[38;2;193;170;148m[48;2;191;168;147m▀[0m[38;2;207;182;158m[48;2;194;172;149m▀[0m[38;2;134;99;85m[48;2;127;95;80m▀[0m[38;2;133;99;84m[48;2;135;100;85m▀[0m[38;2;138;101;86m[48;2;139;103;88m▀[0m[38;2;215;189;163m[48;2;213;190;163m▀[0m[38;2;208;185;159m[48;2;207;182;158m▀[0m[38;2;214;188;162m[48;2;202;178;154m▀[0m[38;2;123;91;76m[48;2;33;29;26m▀[0m[38;2;124;92;77m[48;2;128;96;82m▀[0m[38;2;139;103;88m[48;2;126;94;78m▀[0m[38;2;143;106;93m[48;2;126;93;79m▀[0m[38;2;153;114;99m[48;2;125;93;78m▀[0m[38;2;156;116;101m[48;2;125;93;77m▀[0m[38;2;146;108;92m[48;2;125;93;78m▀[0m[38;2;142;105;91m[48;2;124;92;77m▀[0m[38;2;125;93;78m[48;2;201;177;154m▀[0m[38;2;193;171;149m[48;2;196;173;150m▀[0m        
         [38;2;17;15;12m▀[0m[38;2;123;91;76m[48;2;50;37;29m▀[0m[38;2;123;91;76m[48;2;125;93;77m▀[0m[38;2;123;92;76m[48;2;125;93;77m▀[0m[38;2;195;171;150m[48;2;197;174;150m▀[0m[38;2;195;171;150m[48;2;197;174;151m▀[0m[38;2;208;182;159m[48;2;200;176;153m▀[0m[38;2;125;93;77m[48;2;126;94;79m▀[0m[38;2;127;94;79m[48;2;126;94;79m▀[0m[38;2;130;97;81m[48;2;126;94;79m▀[0m[38;2;201;177;153m[48;2;102;92;79m▀[0m[38;2;197;175;153m[48;2;196;173;151m▀[0m[38;2;197;174;150m[48;2;196;173;150m▀[0m[38;2;196;173;150m[48;2;196;174;150m▀[0m[38;2;196;173;150m[48;2;196;174;150m▀[0m[38;2;133;98;83m[48;2;197;175;152m▀[0m[38;2;126;94;79m[48;2;197;174;151m▀[0m[38;2;126;94;79m[48;2;196;173;151m▀[0m[38;2;131;97;81m[48;2;196;173;150m▀[0m[38;2;203;180;157m[48;2;196;172;150m▀[0m[38;2;196;174;151m[48;2;195;172;150m▀[0m[38;2;197;174;151m[48;2;195;171;150m▀[0m[38;2;197;174;151m[48;2;201;176;154m▀[0m        
           [38;2;125;93;78m▀[0m[38;2;124;92;77m[48;2;123;92;76m▀[0m[38;2;198;174;151m[48;2;124;92;77m▀[0m[38;2;196;173;150m[48;2;196;173;150m▀[0m[38;2;195;172;150m[48;2;196;173;151m▀[0m[38;2;125;93;78m[48;2;79;71;61m▀[0m[38;2;125;93;78m[48;2;126;94;80m▀[0m[38;2;125;93;78m[48;2;126;94;81m▀[0m[38;2;125;93;79m[48;2;126;94;81m▀[0m[38;2;203;178;156m[48;2;126;94;81m▀[0m[38;2;197;175;154m[48;2;96;86;75m▀[0m[38;2;197;176;154m[48;2;192;170;148m▀[0m[38;2;197;174;151m[48;2;194;171;149m▀[0m[38;2;194;171;149m[48;2;192;170;148m▀[0m[38;2;193;170;148m[48;2;192;169;148m▀[0m[38;2;196;172;150m[48;2;192;169;148m▀[0m[38;2;194;171;149m[48;2;190;167;146m▀[0m[38;2;192;170;148m[48;2;190;168;147m▀[0m[38;2;192;170;148m[48;2;191;169;147m▀[0m[38;2;191;168;148m[48;2;121;88;74m▀[0m[38;2;9;7;4m▀[0m        
             [38;2;122;92;81m▀[0m[38;2;77;70;63m▀[0m[38;2;192;172;151m[48;2;17;16;15m▀[0m[38;2;197;175;152m[48;2;139;134;136m▀[0m[38;2;69;51;42m[48;2;167;153;143m▀[0m[38;2;124;93;77m[48;2;177;161;149m▀[0m[38;2;124;91;76m[48;2;115;88;77m▀[0m[38;2;121;89;75m[48;2;111;85;77m▀[0m[38;2;122;90;76m[48;2;106;83;77m▀[0m[38;2;122;90;76m[48;2;107;82;77m▀[0m[38;2;72;52;43m[48;2;101;80;78m▀[0m[38;2;183;165;148m[48;2;86;73;80m▀[0m[38;2;164;152;142m[48;2;86;73;80m▀[0m[38;2;163;150;141m[48;2;86;73;81m▀[0m[38;2;165;151;141m[48;2;86;74;81m▀[0m[38;2;46;40;35m[48;2;84;71;80m▀[0m[38;2;113;87;78m[48;2;161;151;152m▀[0m          
                  [38;2;187;167;150m[48;2;174;155;134m▀[0m[38;2;177;158;144m[48;2;89;80;68m▀[0m[38;2;160;147;140m[48;2;192;169;147m▀[0m[38;2;15;14;12m[48;2;114;111;115m▀[0m[38;2;90;76;84m▀[0m[38;2;90;75;82m▀[0m[38;2;92;79;84m▀[0m[38;2;94;78;83m▀[0m[38;2;15;15;13m▀[0m[38;2;139;135;139m▀[0m[38;2;141;137;141m▀[0m[38;2;158;155;157m▀[0m[38;2;93;91;92m▀[0m         
                                        
