                                        
           [38;2;41;40;32m▄[0m[38;2;4;4;2m[48;2;239;225;186m▀[0m         [38;2;240;226;188m▄[0m                 
          [38;2;236;220;183m[48;2;236;222;185m▀[0m[38;2;228;215;178m[48;2;227;212;176m▀[0m[38;2;229;215;178m[48;2;229;215;178m▀[0m[38;2;94;90;74m[48;2;243;228;189m▀[0m      [38;2;1;3;0m[48;2;226;212;176m▀[0m[38;2;106;100;83m[48;2;223;210;174m▀[0m[38;2;226;212;176m[48;2;223;210;175m▀[0m[38;2;227;214;178m▄[0m                
          [38;2;228;214;171m[48;2;222;205;160m▀[0m[38;2;231;217;180m[48;2;221;205;159m▀[0m[38;2;229;215;179m[48;2;218;202;157m▀[0m[38;2;193;181;145m[48;2;26;24;19m▀[0m[38;2;131;106;95m▄[0m[38;2;187;151;136m▄[0m[38;2;181;143;128m▄[0m[38;2;184;142;126m▄[0m  [38;2;223;210;176m[48;2;214;198;157m▀[0m[38;2;223;210;174m[48;2;214;199;156m▀[0m[38;2;223;210;174m[48;2;193;178;141m▀[0m[38;2;220;206;166m[48;2;173;158;127m▀[0m                
          [38;2;219;203;158m[48;2;213;198;156m▀[0m[38;2;214;198;156m[48;2;213;198;156m▀[0m[38;2;213;198;156m[48;2;213;198;156m▀[0m[38;2;177;142;128m[48;2;189;153;137m▀[0m[38;2;186;150;135m[48;2;186;151;136m▀[0m[38;2;187;151;136m[48;2;185;149;134m▀[0m[38;2;181;143;128m[48;2;157;121;107m▀[0m[38;2;175;135;119m[48;2;177;137;120m▀[0m[38;2;174;135;119m[48;2;175;136;120m▀[0m[38;2;141;111;98m[48;2;142;110;97m▀[0m[38;2;175;160;129m[48;2;173;158;128m▀[0m[38;2;176;162;130m[48;2;173;159;128m▀[0m[38;2;175;160;130m[48;2;174;160;130m▀[0m[38;2;188;173;138m[48;2;14;14;11m▀[0m                
          [38;2;214;198;156m[48;2;204;163;145m▀[0m[38;2;215;200;157m[48;2;219;204;159m▀[0m[38;2;213;198;155m[48;2;218;202;158m▀[0m[38;2;71;56;50m[48;2;219;203;159m▀[0m[38;2;184;146;131m[48;2;229;213;165m▀[0m[38;2;176;135;120m[48;2;158;149;118m▀[0m[38;2;228;215;179m[48;2;229;215;178m▀[0m[38;2;176;135;120m[48;2;180;138;122m▀[0m[38;2;174;134;119m[48;2;138;128;101m▀[0m[38;2;157;121;107m[48;2;179;166;134m▀[0m[38;2;176;161;130m[48;2;179;165;133m▀[0m[38;2;177;163;131m[48;2;179;165;132m▀[0m[38;2;177;163;131m[48;2;191;174;140m▀[0m                 
          [38;2;180;138;122m[48;2;181;140;124m▀[0m[38;2;29;25;20m[48;2;57;46;39m▀[0m[38;2;9;10;8m[48;2;61;61;59m▀[0m[38;2;221;205;159m[48;2;159;62;65m▀[0m[38;2;223;209;163m[48;2;82;75;56m▀[0m[38;2;223;209;163m[48;2;222;205;160m▀[0m[38;2;223;209;163m[48;2;198;183;145m▀[0m[38;2;196;182;144m[48;2;182;168;136m▀[0m[38;2;177;162;131m[48;2;85;36;34m▀[0m[38;2;176;163;131m[48;2;46;44;43m▀[0m[38;2;0;1;0m[48;2;42;34;28m▀[0m[38;2;142;111;98m[48;2;142;111;98m▀[0m                  
          [38;2;179;138;121m▀[0m[38;2;180;138;122m[48;2;142;111;98m▀[0m[38;2;204;190;147m[48;2;143;111;98m▀[0m[38;2;48;47;47m[48;2;148;115;102m▀[0m[38;2;12;11;12m[48;2;143;111;97m▀[0m[38;2;224;193;179m[48;2;217;187;173m▀[0m[38;2;173;159;129m[48;2;65;51;44m▀[0m[38;2;100;97;95m[48;2;154;143;115m▀[0m[38;2;192;186;183m[48;2;181;165;134m▀[0m[38;2;35;33;31m[48;2;149;115;101m▀[0m[38;2;143;110;98m[48;2;145;112;98m▀[0m[38;2;145;112;99m[48;2;134;104;91m▀[0m                  
           [38;2;149;116;102m▀[0m[38;2;145;112;99m[48;2;147;115;103m▀[0m[38;2;146;113;99m[48;2;147;114;102m▀[0m[38;2;146;113;99m[48;2;147;114;101m▀[0m[38;2;44;38;35m[48;2;152;117;103m▀[0m[38;2;153;119;105m[48;2;147;114;101m▀[0m[38;2;146;113;98m[48;2;146;113;100m▀[0m[38;2;144;112;99m[48;2;147;114;101m▀[0m[38;2;144;112;99m[48;2;107;83;74m▀[0m[38;2;144;112;99m[48;2;90;69;63m▀[0m                   
           [38;2;66;53;48m[48;2;178;137;120m▀[0m[38;2;145;113;100m[48;2;180;138;122m▀[0m[38;2;146;113;100m[48;2;148;115;102m▀[0m[38;2;146;113;98m[48;2;153;117;105m▀[0m[38;2;123;96;84m[48;2;147;114;101m▀[0m[38;2;62;49;42m[48;2;147;114;100m▀[0m[38;2;148;115;102m[48;2;148;114;102m▀[0m[38;2;148;115;101m[48;2;29;24;19m▀[0m[38;2;90;69;64m[48;2;90;69;64m▀[0m[38;2;91;69;65m[48;2;100;76;69m▀[0m[38;2;99;76;71m[48;2;112;87;82m▀[0m[38;2;111;85;80m▄[0m                 
          [38;2;110;85;80m[48;2;94;73;69m▀[0m[38;2;176;135;120m[48;2;180;139;122m▀[0m[38;2;182;140;123m[48;2;179;138;121m▀[0m[38;2;180;138;122m[48;2;179;138;121m▀[0m[38;2;168;130;115m[48;2;178;137;121m▀[0m[38;2;157;122;108m[48;2;178;137;121m▀[0m[38;2;155;121;108m[48;2;178;137;121m▀[0m[38;2;151;116;104m[48;2;175;135;119m▀[0m[38;2;100;75;69m[48;2;110;85;79m▀[0m[38;2;94;71;67m[48;2;108;83;78m▀[0m[38;2;109;84;79m[48;2;109;83;79m▀[0m[38;2;108;83;79m[48;2;112;86;80m▀[0m[38;2;109;83;79m[48;2;109;84;79m▀[0m[38;2;44;35;31m[48;2;109;84;79m▀[0m                
          [38;2;29;24;21m[48;2;107;83;77m▀[0m[38;2;71;62;52m[48;2;73;64;54m▀[0m[38;2;178;137;122m[48;2;179;138;122m▀[0m[38;2;176;136;120m[48;2;72;63;54m▀[0m[38;2;177;136;120m[48;2;73;63;54m▀[0m[38;2;175;135;120m[48;2;175;135;119m▀[0m[38;2;173;134;119m[48;2;66;58;51m▀[0m[38;2;174;135;119m[48;2;73;64;54m▀[0m[38;2;109;84;79m[48;2;109;84;79m▀[0m[38;2;108;83;78m[48;2;109;84;79m▀[0m[38;2;109;84;79m[48;2;113;87;82m▀[0m[38;2;109;84;79m[48;2;108;83;78m▀[0m[38;2;109;84;79m[48;2;107;83;78m▀[0m[38;2;109;84;79m[48;2;103;79;75m▀[0m[38;2;82;62;56m[48;2;86;66;60m▀[0m               
          [38;2;121;94;87m▀[0m[38;2;74;65;55m[48;2;67;52;45m▀[0m[38;2;174;135;120m[48;2;178;137;121m▀[0m[38;2;72;63;53m[48;2;39;35;29m▀[0m[38;2;73;64;53m[48;2;74;65;54m▀[0m[38;2;174;134;120m[48;2;176;135;120m▀[0m[38;2;74;65;54m[48;2;34;28;23m▀[0m[38;2;74;64;55m[48;2;74;64;55m▀[0m[38;2;113;87;81m[48;2;37;31;26m▀[0m[38;2;107;83;78m[48;2;110;84;79m▀[0m[38;2;53;42;38m[48;2;110;86;81m▀[0m[38;2;109;84;79m[48;2;110;85;79m▀[0m[38;2;109;84;78m[48;2;105;80;74m▀[0m[38;2;93;70;65m[48;2;95;73;68m▀[0m[38;2;88;67;61m[48;2;92;70;66m▀[0m[38;2;87;67;62m▄[0m              
           [38;2;115;88;84m▀[0m[38;2;176;136;120m[48;2;34;31;24m▀[0m[38;2;177;136;120m[48;2;79;62;53m▀[0m[38;2;33;31;25m[48;2;181;139;122m▀[0m[38;2;179;137;121m[48;2;182;140;123m▀[0m[38;2;179;138;121m[48;2;181;139;122m▀[0m[38;2;47;39;33m[48;2;181;139;122m▀[0m[38;2;181;139;123m[48;2;175;136;119m▀[0m[38;2;111;86;80m[48;2;114;87;82m▀[0m[38;2;112;87;81m[48;2;102;78;73m▀[0m[38;2;107;83;78m[48;2;91;71;65m▀[0m[38;2;95;72;67m[48;2;91;69;64m▀[0m[38;2;90;69;64m[48;2;90;69;64m▀[0m[38;2;90;69;63m[48;2;91;69;64m▀[0m[38;2;91;69;64m[48;2;91;70;64m▀[0m              
             [38;2;64;54;44m▀[0m[38;2;59;51;42m[48;2;29;25;18m▀[0m[38;2;67;58;47m[48;2;66;56;46m▀[0m[38;2;67;57;49m[48;2;62;53;43m▀[0m[38;2;63;54;45m[48;2;147;114;103m▀[0m[38;2;61;53;44m[48;2;62;52;44m▀[0m[38;2;161;124;110m[48;2;148;115;102m▀[0m[38;2;91;69;63m[48;2;86;66;61m▀[0m[38;2;91;70;65m[48;2;91;69;62m▀[0m[38;2;69;53;49m[48;2;87;66;61m▀[0m[38;2;90;69;64m[48;2;94;72;65m▀[0m[38;2;89;67;62m[48;2;88;66;61m▀[0m[38;2;90;68;63m[48;2;87;66;61m▀[0m              
                [38;2;61;48;42m[48;2;12;12;9m▀[0m[38;2;146;114;101m[48;2;129;123;109m▀[0m[38;2;144;112;99m[48;2;57;45;38m▀[0m[38;2;144;112;98m[48;2;147;114;101m▀[0m[38;2;140;110;97m[48;2;140;110;97m▀[0m[38;2;89;67;61m[48;2;142;111;98m▀[0m[38;2;86;65;60m[48;2;90;68;63m▀[0m[38;2;86;65;61m[48;2;98;75;69m▀[0m[38;2;34;26;24m[48;2;96;74;69m▀[0m[38;2;92;71;64m[48;2;98;75;69m▀[0m[38;2;64;50;49m[48;2;64;50;49m▀[0m[38;2;62;50;49m[48;2;63;49;49m▀[0m[38;2;74;56;54m▄[0m[38;2;91;68;63m▄[0m          
             [38;2;228;211;166m▄[0m[38;2;164;150;121m▄[0m[38;2;135;124;100m▄[0m[38;2;85;81;68m[48;2;75;70;56m▀[0m[38;2;148;139;118m[48;2;173;158;128m▀[0m[38;2;155;141;115m▄[0m[38;2;137;132;116m[48;2;188;172;139m▀[0m[38;2;129;123;108m[48;2;174;160;129m▀[0m[38;2;63;50;49m[48;2;68;53;51m▀[0m[38;2;66;51;51m[48;2;65;51;50m▀[0m[38;2;63;49;48m[48;2;64;50;49m▀[0m[38;2;102;78;72m[48;2;63;49;49m▀[0m[38;2;17;15;12m[48;2;63;49;49m▀[0m[38;2;63;49;49m[48;2;64;50;49m▀[0m[38;2;63;49;49m[48;2;65;51;49m▀[0m[38;2;61;49;49m▀[0m           
            [38;2;207;177;165m[48;2;217;186;174m▀[0m[38;2;216;185;172m▀[0m[38;2;111;103;81m[48;2;220;190;176m▀[0m[38;2;217;202;158m[48;2;122;112;89m▀[0m[38;2;183;168;135m[48;2;110;104;84m▀[0m[38;2;234;217;169m[48;2;223;209;162m▀[0m[38;2;222;206;160m▀[0m[38;2;223;210;163m[48;2;217;202;157m▀[0m[38;2;224;210;164m[48;2;238;220;173m▀[0m[38;2;218;203;158m[48;2;186;172;137m▀[0m[38;2;13;11;9m[48;2;113;105;82m▀[0m[38;2;71;55;54m▀[0m[38;2;63;50;49m▀[0m[38;2;65;51;51m▀[0m[38;2;66;51;50m▀[0m             
                [38;2;219;189;175m▀[0m[38;2;105;97;78m▀[0m [38;2;223;191;179m[48;2;218;188;175m▀[0m[38;2;211;196;154m▀[0m [38;2;181;156;145m▀[0m[38;2;174;150;140m▀[0m                
                                        
