                                        
                 [38;2;13;13;13m▄[0m[38;2;86;85;85m[48;2;43;42;41m▀[0m        [38;2;92;91;91m▄[0m            
                [38;2;91;90;90m▄[0m[38;2;90;90;90m[48;2;49;47;48m▀[0m[38;2;1;1;1m▀[0m     [38;2;79;79;79m▄[0m[38;2;91;90;90m▄[0m[38;2;90;89;89m[48;2;45;43;43m▀[0m[38;2;0;0;1m▀[0m            
               [38;2;64;64;64m[48;2;91;90;90m▀[0m[38;2;90;89;89m[48;2;51;50;50m▀[0m[38;2;29;28;28m[48;2;11;10;11m▀[0m    [38;2;91;91;90m▄[0m[38;2;90;90;90m[48;2;91;90;90m▀[0m[38;2;91;90;90m[48;2;45;44;44m▀[0m[38;2;45;44;43m▀[0m              
               [38;2;77;76;76m[48;2;52;52;51m▀[0m[38;2;37;36;35m[48;2;28;27;27m▀[0m[38;2;29;28;28m[48;2;29;27;28m▀[0m   [38;2;11;11;11m▄[0m[38;2;75;74;74m[48;2;32;30;31m▀[0m[38;2;45;43;43m[48;2;28;27;27m▀[0m[38;2;19;18;19m▀[0m               
               [38;2;28;27;27m[48;2;240;174;132m▀[0m[38;2;28;27;27m[48;2;250;204;161m▀[0m[38;2;28;27;27m[48;2;251;202;160m▀[0m[38;2;248;172;130m▄[0m[38;2;247;172;130m▄[0m[38;2;247;166;124m▄[0m[38;2;40;39;39m[48;2;247;153;111m▀[0m[38;2;29;27;27m[48;2;11;12;12m▀[0m[38;2;29;27;27m[48;2;29;28;28m▀[0m                
           [38;2;221;220;225m▄[0m[38;2;235;236;241m▄[0m[38;2;36;36;38m[48;2;246;246;249m▀[0m[38;2;248;172;130m[48;2;104;72;56m▀[0m[38;2;245;198;159m[48;2;247;172;130m▀[0m[38;2;251;210;170m[48;2;246;170;128m▀[0m[38;2;249;195;153m[48;2;243;167;127m▀[0m[38;2;247;172;130m[48;2;244;168;128m▀[0m[38;2;248;172;130m[48;2;245;169;128m▀[0m[38;2;247;172;130m[48;2;246;165;124m▀[0m[38;2;249;160;118m[48;2;210;118;82m▀[0m[38;2;244;132;90m[48;2;232;229;237m▀[0m[38;2;244;132;89m[48;2;231;227;236m▀[0m[38;2;228;228;233m▄[0m               
      [38;2;3;3;3m▄[0m[38;2;92;91;85m▄[0m  [38;2;249;249;249m▄[0m[38;2;246;245;246m[48;2;0;0;0m▀[0m[38;2;255;255;255m[48;2;45;43;43m▀[0m[38;2;9;8;9m[48;2;16;16;16m▀[0m[38;2;33;18;13m[48;2;248;135;92m▀[0m[38;2;248;159;117m[48;2;245;132;90m▀[0m[38;2;245;159;118m[48;2;241;130;88m▀[0m[38;2;248;163;120m[48;2;243;131;89m▀[0m[38;2;244;151;110m[48;2;244;131;89m▀[0m[38;2;240;138;99m[48;2;238;128;87m▀[0m[38;2;249;134;92m[48;2;249;249;249m▀[0m[38;2;234;233;239m[48;2;165;164;164m▀[0m[38;2;255;255;255m[48;2;255;255;255m▀[0m[38;2;179;178;178m[48;2;215;214;215m▀[0m[38;2;190;187;193m[48;2;14;13;14m▀[0m[38;2;236;236;241m[48;2;231;228;236m▀[0m[38;2;0;0;0m▄[0m             
     [38;2;242;242;235m[48;2;245;243;226m▀[0m[38;2;245;243;227m[48;2;245;243;226m▀[0m[38;2;245;243;227m[48;2;78;78;73m▀[0m[38;2;245;243;226m[48;2;245;242;226m▀[0m[38;2;236;235;223m[48;2;21;21;19m▀[0m[38;2;243;242;244m[48;2;18;18;19m▀[0m[38;2;0;0;0m[48;2;250;248;247m▀[0m[38;2;91;91;90m[48;2;250;248;247m▀[0m[38;2;247;243;244m[48;2;244;132;89m▀[0m[38;2;244;132;90m[48;2;241;130;89m▀[0m[38;2;244;132;90m[48;2;235;127;87m▀[0m[38;2;244;132;90m[48;2;234;126;87m▀[0m[38;2;244;132;90m[48;2;239;130;89m▀[0m[38;2;244;132;89m[48;2;244;132;90m▀[0m[38;2;245;132;89m[48;2;244;133;90m▀[0m[38;2;253;249;252m[48;2;45;48;50m▀[0m[38;2;8;8;8m[48;2;238;237;241m▀[0m[38;2;8;8;8m[48;2;39;38;38m▀[0m[38;2;14;14;14m[48;2;91;90;90m▀[0m[38;2;14;13;14m[48;2;91;90;89m▀[0m[38;2;252;250;251m[48;2;249;245;246m▀[0m[38;2;117;115;118m[48;2;8;4;3m▀[0m[38;2;226;124;91m[48;2;196;106;79m▀[0m[38;2;16;10;8m[48;2;88;87;86m▀[0m[38;2;89;87;88m▄[0m          
    [38;2;0;0;0m▀[0m[38;2;241;235;220m[48;2;217;211;195m▀[0m[38;2;245;242;226m[48;2;234;231;215m▀[0m[38;2;249;248;234m[48;2;231;229;212m▀[0m[38;2;245;243;226m[48;2;219;214;198m▀[0m[38;2;231;227;211m[48;2;32;31;29m▀[0m [38;2;17;18;19m[48;2;4;2;1m▀[0m[38;2;216;118;80m[48;2;216;118;80m▀[0m[38;2;216;118;81m[48;2;223;208;150m▀[0m[38;2;35;17;13m[48;2;223;208;150m▀[0m[38;2;61;58;43m[48;2;223;209;151m▀[0m[38;2;76;72;53m[48;2;223;208;151m▀[0m[38;2;103;56;39m[48;2;223;209;151m▀[0m[38;2;216;117;80m[48;2;224;209;150m▀[0m[38;2;229;123;85m[48;2;112;108;79m▀[0m[38;2;241;130;89m[48;2;216;118;80m▀[0m[38;2;236;235;240m[48;2;217;118;81m▀[0m[38;2;250;247;247m[48;2;1;0;0m▀[0m[38;2;255;254;254m[48;2;247;247;247m▀[0m[38;2;250;248;247m[48;2;0;0;0m▀[0m[38;2;247;242;243m[48;2;216;117;80m▀[0m[38;2;14;7;6m[48;2;73;39;30m▀[0m[38;2;195;104;78m[48;2;191;102;77m▀[0m[38;2;15;15;16m[48;2;191;101;76m▀[0m[38;2;57;55;54m[48;2;46;43;43m▀[0m[38;2;103;102;103m[48;2;51;49;49m▀[0m[38;2;97;96;96m▄[0m        
     [38;2;2;2;2m▀[0m[38;2;201;196;180m▀[0m[38;2;211;205;189m▀[0m[38;2;209;205;189m[48;2;17;17;22m▀[0m[38;2;108;113;134m[48;2;123;143;196m▀[0m[38;2;12;12;16m▄[0m [38;2;225;121;83m[48;2;254;182;137m▀[0m[38;2;226;208;151m[48;2;133;125;91m▀[0m[38;2;232;216;157m[48;2;233;215;157m▀[0m[38;2;226;210;152m[48;2;234;218;158m▀[0m[38;2;223;208;150m[48;2;228;212;153m▀[0m[38;2;223;208;150m[48;2;224;209;150m▀[0m[38;2;223;209;150m[48;2;224;208;150m▀[0m[38;2;223;209;150m[48;2;223;209;150m▀[0m[38;2;223;208;150m[48;2;223;208;150m▀[0m[38;2;218;119;81m[48;2;224;209;150m▀[0m[38;2;215;117;80m[48;2;172;162;116m▀[0m[38;2;211;112;78m[48;2;222;121;82m▀[0m[38;2;215;118;80m[48;2;216;117;81m▀[0m[38;2;216;117;80m[48;2;207;110;82m▀[0m[38;2;195;104;79m[48;2;194;104;77m▀[0m[38;2;193;103;77m[48;2;195;105;78m▀[0m[38;2;191;101;77m[48;2;191;101;76m▀[0m[38;2;1;1;1m[48;2;3;2;1m▀[0m[38;2;46;44;43m[48;2;241;235;222m▀[0m[38;2;56;53;53m[48;2;245;243;226m▀[0m[38;2;97;96;96m[48;2;245;243;226m▀[0m[38;2;106;104;96m▄[0m      
         [38;2;122;144;195m▀[0m[38;2;123;144;197m[48;2;93;103;133m▀[0m[38;2;36;40;53m[48;2;122;143;196m▀[0m[38;2;242;165;127m[48;2;103;106;127m▀[0m[38;2;248;163;121m[48;2;0;0;0m▀[0m[38;2;235;218;158m[48;2;253;238;179m▀[0m[38;2;234;218;158m[48;2;48;45;33m▀[0m[38;2;231;213;156m[48;2;226;210;152m▀[0m[38;2;227;210;152m[48;2;224;208;151m▀[0m[38;2;223;209;150m[48;2;223;208;150m▀[0m[38;2;223;208;151m[48;2;223;209;150m▀[0m[38;2;223;208;150m[48;2;223;208;150m▀[0m[38;2;223;209;150m[48;2;231;215;155m▀[0m[38;2;223;208;150m[48;2;193;178;133m▀[0m[38;2;87;81;59m[48;2;200;184;140m▀[0m[38;2;195;105;78m[48;2;200;183;139m▀[0m[38;2;191;101;76m[48;2;29;16;13m▀[0m[38;2;191;101;77m[48;2;194;104;78m▀[0m[38;2;191;101;76m[48;2;192;101;77m▀[0m[38;2;192;101;77m[48;2;209;110;83m▀[0m[38;2;220;218;212m[48;2;241;234;222m▀[0m[38;2;241;235;222m[48;2;241;235;222m▀[0m[38;2;218;216;203m[48;2;250;245;229m▀[0m[38;2;242;237;222m[48;2;226;219;207m▀[0m[38;2;211;203;191m[48;2;203;196;185m▀[0m[38;2;37;36;34m▄[0m     
           [38;2;0;0;0m[48;2;5;3;2m▀[0m[38;2;104;108;129m[48;2;244;132;90m▀[0m[38;2;110;114;134m[48;2;252;236;170m▀[0m[38;2;254;242;196m[48;2;253;242;194m▀[0m[38;2;253;242;197m[48;2;253;243;198m▀[0m[38;2;244;230;178m[48;2;254;243;198m▀[0m[38;2;162;149;112m[48;2;250;235;177m▀[0m[38;2;176;163;123m[48;2;213;197;146m▀[0m[38;2;217;200;151m[48;2;203;187;141m▀[0m[38;2;203;187;141m[48;2;203;187;141m▀[0m[38;2;202;187;141m[48;2;203;187;141m▀[0m[38;2;202;187;141m[48;2;203;187;141m▀[0m[38;2;203;187;141m[48;2;203;187;141m▀[0m[38;2;199;182;139m[48;2;199;181;139m▀[0m[38;2;199;181;139m[48;2;199;181;140m▀[0m[38;2;54;50;38m[48;2;132;148;193m▀[0m[38;2;194;102;77m[48;2;117;134;179m▀[0m[38;2;83;83;102m[48;2;102;105;127m▀[0m[38;2;65;63;59m[48;2;11;12;14m▀[0m[38;2;217;209;197m[48;2;197;192;178m▀[0m[38;2;217;209;196m[48;2;207;202;186m▀[0m[38;2;208;201;189m[48;2;202;195;185m▀[0m[38;2;206;199;186m[48;2;202;194;184m▀[0m[38;2;0;0;0m[48;2;179;97;66m▀[0m     
       [38;2;232;231;220m▄[0m[38;2;82;82;77m[48;2;250;249;233m▀[0m[38;2;220;219;209m[48;2;245;243;226m▀[0m[38;2;242;235;221m▄[0m [38;2;239;129;88m[48;2;246;132;89m▀[0m[38;2;252;235;171m[48;2;252;236;170m▀[0m[38;2;248;233;186m[48;2;252;238;191m▀[0m[38;2;254;243;198m[48;2;253;241;197m▀[0m[38;2;253;242;198m[48;2;251;238;194m▀[0m[38;2;254;242;198m[48;2;255;249;202m▀[0m[38;2;252;239;185m[48;2;254;242;198m▀[0m[38;2;226;211;156m[48;2;252;240;195m▀[0m[38;2;206;190;143m[48;2;242;228;169m▀[0m[38;2;204;188;142m[48;2;218;201;148m▀[0m[38;2;206;190;143m[48;2;215;200;148m▀[0m[38;2;210;193;144m[48;2;218;203;149m▀[0m[38;2;210;194;145m[48;2;220;206;151m▀[0m[38;2;203;185;141m[48;2;213;195;146m▀[0m[38;2;83;76;58m[48;2;216;200;148m▀[0m[38;2;8;8;6m[48;2;218;201;149m▀[0m[38;2;207;111;80m[48;2;240;223;162m▀[0m[38;2;210;114;81m[48;2;217;117;81m▀[0m[38;2;213;115;81m[48;2;217;117;80m▀[0m[38;2;51;25;17m[48;2;216;118;80m▀[0m[38;2;62;32;22m[48;2;216;117;81m▀[0m[38;2;218;116;80m[48;2;222;119;81m▀[0m[38;2;224;122;84m[48;2;237;131;90m▀[0m     
       [38;2;245;243;226m[48;2;220;215;199m▀[0m[38;2;245;243;226m[48;2;239;234;218m▀[0m[38;2;255;255;251m[48;2;242;238;222m▀[0m[38;2;12;12;11m[48;2;222;218;204m▀[0m[38;2;145;141;131m[48;2;18;17;16m▀[0m[38;2;108;115;145m[48;2;150;83;57m▀[0m[38;2;15;15;10m[48;2;251;233;169m▀[0m[38;2;254;241;192m[48;2;248;231;171m▀[0m[38;2;254;241;197m[48;2;253;240;186m▀[0m[38;2;252;239;195m[48;2;250;236;193m▀[0m[38;2;246;239;196m[48;2;89;83;69m▀[0m[38;2;254;242;196m[48;2;254;241;192m▀[0m[38;2;252;240;196m[48;2;250;234;186m▀[0m[38;2;253;240;188m[48;2;250;234;180m▀[0m[38;2;248;229;169m[48;2;252;236;171m▀[0m[38;2;238;219;161m[48;2;249;229;166m▀[0m[38;2;231;214;156m[48;2;248;228;167m▀[0m[38;2;226;211;153m[48;2;249;233;167m▀[0m[38;2;224;207;151m[48;2;237;221;160m▀[0m[38;2;224;207;151m[48;2;233;216;156m▀[0m[38;2;227;210;153m[48;2;227;208;152m▀[0m[38;2;229;212;154m[48;2;83;77;54m▀[0m[38;2;218;119;80m[48;2;8;4;3m▀[0m[38;2;216;117;80m[48;2;2;2;3m▀[0m[38;2;39;38;35m[48;2;245;243;226m▀[0m[38;2;4;4;3m[48;2;245;243;226m▀[0m[38;2;245;243;226m[48;2;245;243;225m▀[0m[38;2;43;42;39m[48;2;221;214;200m▀[0m     
        [38;2;203;198;183m▀[0m[38;2;204;200;184m▀[0m[38;2;212;207;191m▀[0m  [38;2;43;21;14m▀[0m[38;2;252;235;170m[48;2;252;237;171m▀[0m[38;2;248;229;170m[48;2;253;237;171m▀[0m[38;2;251;236;180m[48;2;252;237;170m▀[0m[38;2;253;236;186m[48;2;251;234;169m▀[0m[38;2;248;230;179m[48;2;248;230;167m▀[0m[38;2;248;230;176m[48;2;248;228;166m▀[0m[38;2;248;228;168m[48;2;247;229;167m▀[0m[38;2;249;231;167m[48;2;249;231;168m▀[0m[38;2;253;237;170m[48;2;252;236;170m▀[0m[38;2;248;229;167m[48;2;252;237;170m▀[0m[38;2;249;232;167m[48;2;252;236;170m▀[0m[38;2;252;237;170m[48;2;245;230;165m▀[0m[38;2;250;235;169m[48;2;216;202;147m▀[0m[38;2;71;66;45m[48;2;203;188;142m▀[0m[38;2;120;138;185m[48;2;202;189;143m▀[0m[38;2;111;122;157m[48;2;137;129;102m▀[0m[38;2;199;198;185m[48;2;111;62;49m▀[0m[38;2;160;160;151m[48;2;220;215;199m▀[0m[38;2;162;161;151m[48;2;223;219;203m▀[0m[38;2;244;241;226m[48;2;208;204;188m▀[0m[38;2;203;198;183m[48;2;206;201;187m▀[0m[38;2;0;0;0m▀[0m    
           [38;2;31;31;29m[48;2;223;226;214m▀[0m[38;2;236;236;222m[48;2;222;225;215m▀[0m[38;2;235;238;225m[48;2;216;219;211m▀[0m[38;2;161;162;152m[48;2;174;175;165m▀[0m[38;2;104;110;134m▀[0m[38;2;244;230;167m[48;2;180;170;135m▀[0m[38;2;249;235;170m[48;2;185;174;137m▀[0m[38;2;125;117;86m[48;2;201;188;144m▀[0m[38;2;248;229;168m[48;2;230;212;161m▀[0m[38;2;249;231;168m[48;2;211;194;147m▀[0m[38;2;252;236;170m[48;2;204;189;142m▀[0m[38;2;251;235;170m[48;2;198;185;141m▀[0m[38;2;246;230;166m[48;2;192;180;139m▀[0m[38;2;223;207;152m[48;2;185;174;136m▀[0m[38;2;204;190;142m[48;2;180;171;134m▀[0m[38;2;194;181;139m[48;2;178;170;134m▀[0m[38;2;185;174;137m[48;2;183;175;137m▀[0m[38;2;180;172;134m[48;2;178;171;134m▀[0m[38;2;194;185;146m[48;2;57;32;26m▀[0m[38;2;172;98;79m[48;2;20;21;20m▀[0m[38;2;1;1;1m[48;2;51;55;59m▀[0m[38;2;207;202;186m[48;2;20;21;22m▀[0m[38;2;203;197;184m▀[0m[38;2;10;9;9m▀[0m     
           [38;2;186;187;178m▀[0m[38;2;200;202;192m[48;2;179;181;171m▀[0m[38;2;45;44;42m[48;2;181;182;172m▀[0m[38;2;180;180;171m[48;2;3;3;3m▀[0m  [38;2;185;174;138m▀[0m[38;2;183;174;137m▀[0m[38;2;183;173;139m[48;2;181;171;137m▀[0m[38;2;180;173;137m[48;2;186;178;141m▀[0m[38;2;181;172;136m[48;2;192;183;145m▀[0m[38;2;179;170;135m[48;2;184;176;139m▀[0m[38;2;178;170;134m[48;2;181;174;137m▀[0m[38;2;178;170;134m[48;2;181;174;137m▀[0m[38;2;178;170;134m[48;2;179;171;134m▀[0m[38;2;178;171;134m[48;2;178;171;134m▀[0m[38;2;108;134;186m[48;2;89;85;67m▀[0m[38;2;3;3;5m[48;2;217;220;211m▀[0m[38;2;226;229;216m[48;2;230;233;220m▀[0m[38;2;220;223;214m[48;2;6;6;6m▀[0m[38;2;216;220;210m[48;2;211;214;205m▀[0m[38;2;174;174;165m▄[0m       
                     [38;2;19;18;14m▀[0m[38;2;51;48;36m▀[0m[38;2;198;188;144m▀[0m[38;2;201;193;146m▀[0m[38;2;194;186;143m▀[0m[38;2;49;48;38m▀[0m[38;2;29;17;13m▀[0m[38;2;186;187;177m▀[0m[38;2;198;200;191m[48;2;174;175;167m▀[0m[38;2;194;197;187m[48;2;181;182;172m▀[0m[38;2;180;181;173m[48;2;193;194;183m▀[0m[38;2;60;60;57m▀[0m       
                                        
