                                        
                   [38;2;129;127;126m▄[0m[38;2;74;73;73m▄[0m[38;2;73;72;72m▀[0m                  
             [38;2;75;73;73m▄[0m[38;2;102;101;101m[48;2;2;4;2m▀[0m [38;2;132;130;128m▄[0m[38;2;34;34;33m[48;2;75;74;74m▀[0m[38;2;87;87;87m[48;2;75;74;75m▀[0m[38;2;75;73;74m▀[0m                    
           [38;2;8;9;7m▄[0m[38;2;57;56;61m[48;2;55;55;59m▀[0m[38;2;55;54;59m▀[0m[38;2;117;115;114m▄[0m[38;2;112;110;109m[48;2;75;73;74m▀[0m[38;2;75;73;74m[48;2;35;36;34m▀[0m[38;2;74;73;73m▀[0m                      
          [38;2;44;43;45m▄[0m[38;2;56;55;59m[48;2;36;35;37m▀[0m[38;2;4;5;2m▀[0m[38;2;3;3;1m▄[0m[38;2;73;72;73m[48;2;58;56;55m▀[0m                         
          [38;2;44;42;45m[48;2;18;19;18m▀[0m [38;2;70;68;69m▄[0m[38;2;50;48;48m[48;2;54;53;53m▀[0m[38;2;190;103;115m[48;2;220;119;133m▀[0m[38;2;219;119;133m[48;2;220;119;132m▀[0m[38;2;213;95;113m[48;2;208;76;97m▀[0m[38;2;207;75;97m[48;2;211;75;97m▀[0m[38;2;208;76;97m[48;2;210;76;97m▀[0m[38;2;233;84;107m[48;2;210;75;98m▀[0m[38;2;210;75;98m▄[0m                   
          [38;2;232;129;143m▄[0m[38;2;78;76;77m[48;2;224;121;134m▀[0m[38;2;224;121;136m[48;2;224;120;134m▀[0m[38;2;220;119;133m[48;2;68;98;116m▀[0m[38;2;24;15;17m[48;2;255;255;255m▀[0m[38;2;255;255;255m[48;2;255;255;255m▀[0m[38;2;40;69;98m[48;2;37;63;89m▀[0m[38;2;210;75;97m[48;2;213;76;98m▀[0m[38;2;210;75;97m[48;2;213;76;99m▀[0m[38;2;212;76;98m[48;2;214;76;99m▀[0m[38;2;211;75;98m[48;2;211;75;97m▀[0m[38;2;177;65;84m[48;2;171;64;81m▀[0m                  
         [38;2;16;9;10m[48;2;224;120;134m▀[0m[38;2;224;120;134m[48;2;224;120;134m▀[0m[38;2;224;120;134m[48;2;222;113;128m▀[0m[38;2;42;69;95m[48;2;53;110;157m▀[0m[38;2;49;95;135m[48;2;52;109;157m▀[0m[38;2;41;74;104m[48;2;50;108;155m▀[0m[38;2;37;63;89m[48;2;50;103;146m▀[0m[38;2;37;63;89m[48;2;201;71;91m▀[0m[38;2;215;76;99m[48;2;213;76;98m▀[0m[38;2;215;77;100m[48;2;211;76;97m▀[0m[38;2;216;77;100m[48;2;170;63;79m▀[0m[38;2;171;64;81m[48;2;167;63;78m▀[0m[38;2;171;64;81m[48;2;175;65;83m▀[0m[38;2;0;3;0m▄[0m                 
         [38;2;220;96;115m[48;2;213;76;98m▀[0m[38;2;223;114;129m[48;2;214;75;98m▀[0m[38;2;79;27;29m[48;2;191;69;88m▀[0m[38;2;140;180;198m[48;2;88;144;173m▀[0m[38;2;56;113;157m[48;2;52;110;155m▀[0m[38;2;50;107;152m[48;2;241;225;161m▀[0m[38;2;34;68;97m[48;2;241;223;160m▀[0m[38;2;213;75;98m[48;2;115;38;52m▀[0m[38;2;200;73;94m[48;2;170;64;80m▀[0m[38;2;167;62;78m[48;2;168;62;78m▀[0m[38;2;168;62;78m[48;2;167;62;78m▀[0m[38;2;168;62;78m[48;2;174;66;82m▀[0m[38;2;179;66;84m[48;2;181;67;85m▀[0m[38;2;1;4;0m▄[0m[38;2;152;56;74m▄[0m[38;2;169;63;79m▄[0m[38;2;170;63;79m▄[0m[38;2;201;73;94m▄[0m             
         [38;2;214;77;99m[48;2;248;229;164m▀[0m[38;2;103;101;71m[48;2;240;222;160m▀[0m[38;2;240;222;159m[48;2;242;223;160m▀[0m[38;2;240;221;160m[48;2;215;196;145m▀[0m[38;2;241;223;160m[48;2;206;189;139m▀[0m[38;2;237;218;157m[48;2;208;189;139m▀[0m[38;2;211;194;142m[48;2;196;178;133m▀[0m[38;2;40;26;23m[48;2;179;66;83m▀[0m[38;2;170;63;79m[48;2;169;62;79m▀[0m[38;2;171;64;81m[48;2;170;63;79m▀[0m[38;2;170;63;79m[48;2;183;68;87m▀[0m[38;2;181;67;85m[48;2;120;47;63m▀[0m[38;2;121;47;63m[48;2;122;47;62m▀[0m[38;2;120;46;61m[48;2;143;137;115m▀[0m[38;2;146;55;73m[48;2;157;149;120m▀[0m[38;2;150;138;103m[48;2;195;178;133m▀[0m[38;2;218;199;147m[48;2;243;224;161m▀[0m[38;2;254;240;172m[48;2;243;224;161m▀[0m[38;2;88;28;40m[48;2;242;224;161m▀[0m[38;2;214;77;99m[48;2;242;224;162m▀[0m[38;2;215;77;98m▄[0m          
          [38;2;119;109;81m▀[0m[38;2;196;178;133m▀[0m[38;2;127;91;96m▀[0m[38;2;87;54;57m[48;2;9;9;6m▀[0m[38;2;198;181;135m[48;2;34;32;23m▀[0m[38;2;207;190;141m[48;2;47;48;38m▀[0m[38;2;171;64;81m[48;2;153;147;120m▀[0m[38;2;171;63;81m[48;2;60;58;57m▀[0m[38;2;173;64;81m[48;2;174;64;83m▀[0m[38;2;130;50;69m[48;2;179;67;84m▀[0m[38;2;104;101;82m[48;2;186;67;86m▀[0m[38;2;144;139;115m[48;2;163;155;123m▀[0m[38;2;143;138;114m[48;2;162;154;122m▀[0m[38;2;184;170;130m[48;2;162;155;124m▀[0m[38;2;221;201;147m[48;2;173;163;128m▀[0m[38;2;247;227;162m[48;2;181;171;132m▀[0m[38;2;248;229;164m[48;2;45;43;33m▀[0m[38;2;248;230;165m[48;2;128;121;87m▀[0m[38;2;248;229;163m[48;2;196;184;131m▀[0m[38;2;255;247;178m▀[0m[38;2;229;123;138m▀[0m         
              [38;2;61;59;59m▄[0m[38;2;96;83;72m[48;2;65;63;62m▀[0m[38;2;196;179;134m[48;2;217;200;146m▀[0m[38;2;150;138;102m[48;2;220;202;147m▀[0m[38;2;197;180;134m[48;2;250;232;180m▀[0m[38;2;181;172;122m[48;2;246;228;163m▀[0m[38;2;16;16;14m[48;2;74;73;73m▀[0m[38;2;215;77;99m[48;2;80;80;79m▀[0m[38;2;20;17;16m[48;2;227;81;104m▀[0m[38;2;235;244;226m[48;2;114;118;110m▀[0m[38;2;235;244;226m[48;2;158;165;152m▀[0m[38;2;233;243;224m[48;2;230;242;221m▀[0m[38;2;233;244;224m[48;2;228;239;220m▀[0m[38;2;231;242;222m[48;2;230;242;222m▀[0m[38;2;230;242;222m[48;2;234;244;225m▀[0m[38;2;230;242;223m[48;2;235;245;227m▀[0m[38;2;237;246;226m[48;2;236;245;227m▀[0m[38;2;235;244;225m▄[0m        
        [38;2;2;2;2m[48;2;224;234;229m▀[0m[38;2;228;236;232m[48;2;226;235;231m▀[0m[38;2;226;234;231m[48;2;231;240;236m▀[0m[38;2;225;234;231m[48;2;230;238;235m▀[0m[38;2;78;76;77m[48;2;73;72;72m▀[0m[38;2;75;73;75m▀[0m[38;2;2;3;2m▀[0m[38;2;142;133;103m[48;2;197;192;150m▀[0m[38;2;247;230;179m[48;2;246;229;179m▀[0m[38;2;248;229;178m[48;2;253;239;187m▀[0m[38;2;248;229;179m[48;2;248;229;179m▀[0m[38;2;246;226;163m[48;2;238;220;159m▀[0m[38;2;248;229;165m[48;2;238;222;159m▀[0m[38;2;12;11;10m[48;2;240;221;159m▀[0m[38;2;74;72;73m[48;2;127;133;131m▀[0m[38;2;225;234;231m[48;2;225;234;230m▀[0m[38;2;225;233;230m[48;2;231;241;236m▀[0m[38;2;227;235;231m[48;2;228;236;233m▀[0m[38;2;241;249;231m[48;2;131;133;132m▀[0m[38;2;236;245;227m[48;2;229;241;220m▀[0m[38;2;233;244;224m[48;2;228;241;220m▀[0m[38;2;233;243;223m[48;2;229;241;220m▀[0m[38;2;230;242;221m[48;2;228;241;220m▀[0m[38;2;234;244;225m▀[0m        
        [38;2;204;212;211m[48;2;41;41;40m▀[0m[38;2;220;228;225m[48;2;183;185;183m▀[0m[38;2;208;215;211m[48;2;181;184;182m▀[0m[38;2;192;196;195m[48;2;201;205;203m▀[0m[38;2;1;1;1m▄[0m [38;2;59;57;56m▄[0m[38;2;14;13;13m[48;2;58;57;56m▀[0m[38;2;245;228;177m[48;2;241;223;171m▀[0m[38;2;65;61;48m[48;2;247;230;181m▀[0m[38;2;242;226;177m[48;2;240;222;161m▀[0m[38;2;239;221;159m[48;2;239;220;159m▀[0m[38;2;239;220;159m[48;2;239;220;159m▀[0m[38;2;242;223;161m[48;2;217;200;146m▀[0m[38;2;46;47;44m[48;2;59;57;56m▀[0m[38;2;196;202;200m[48;2;149;152;151m▀[0m[38;2;194;199;198m[48;2;180;184;182m▀[0m[38;2;180;183;182m[48;2;180;184;182m▀[0m[38;2;182;186;184m[48;2;230;240;221m▀[0m[38;2;230;242;222m[48;2;227;240;219m▀[0m[38;2;229;242;222m[48;2;226;237;217m▀[0m[38;2;229;241;220m[48;2;246;249;236m▀[0m[38;2;178;185;172m▀[0m         
           [38;2;225;234;231m[48;2;224;233;229m▀[0m[38;2;224;232;230m[48;2;224;232;229m▀[0m[38;2;222;231;228m[48;2;228;237;234m▀[0m[38;2;61;59;59m▀[0m [38;2;229;211;156m▀[0m[38;2;240;222;160m[48;2;194;177;133m▀[0m[38;2;239;220;159m[48;2;196;180;135m▀[0m[38;2;224;206;151m[48;2;191;174;130m▀[0m[38;2;208;191;142m[48;2;191;174;131m▀[0m[38;2;197;180;135m[48;2;189;173;130m▀[0m[38;2;192;176;132m[48;2;183;167;125m▀[0m[38;2;58;57;56m[48;2;176;66;82m▀[0m[38;2;217;225;222m[48;2;237;246;243m▀[0m[38;2;221;230;228m[48;2;224;233;230m▀[0m[38;2;222;231;228m[48;2;221;230;228m▀[0m[38;2;232;243;222m[48;2;76;77;76m▀[0m[38;2;1;1;0m▀[0m           
           [38;2;193;197;196m▀[0m[38;2;194;199;198m[48;2;185;189;188m▀[0m[38;2;179;180;180m[48;2;4;4;4m▀[0m    [38;2;105;98;72m[48;2;73;72;73m▀[0m[38;2;204;186;139m[48;2;72;70;71m▀[0m[38;2;192;176;131m▀[0m[38;2;196;180;135m▀[0m[38;2;66;65;64m[48;2;73;72;73m▀[0m[38;2;2;2;1m[48;2;75;73;74m▀[0m[38;2;184;188;186m▀[0m[38;2;181;184;182m[48;2;201;206;206m▀[0m[38;2;185;189;189m[48;2;30;31;30m▀[0m[38;2;0;0;0m▀[0m            
                   [38;2;71;70;70m[48;2;34;13;16m▀[0m[38;2;144;54;68m[48;2;59;58;58m▀[0m[38;2;171;63;81m▄[0m[38;2;0;2;0m▀[0m[38;2;68;67;67m[48;2;60;58;57m▀[0m[38;2;73;27;34m[48;2;60;58;58m▀[0m[38;2;142;53;66m[48;2;171;63;80m▀[0m              
                   [38;2;170;64;81m[48;2;171;65;81m▀[0m[38;2;171;64;80m[48;2;171;65;82m▀[0m[38;2;171;64;80m[48;2;172;65;83m▀[0m [38;2;171;65;81m[48;2;172;65;83m▀[0m[38;2;172;64;82m[48;2;171;63;79m▀[0m[38;2;172;65;82m[48;2;168;62;78m▀[0m[38;2;153;58;72m[48;2;174;65;81m▀[0m             
                   [38;2;186;70;89m▀[0m[38;2;171;64;81m[48;2;200;73;93m▀[0m[38;2;170;64;79m[48;2;94;37;45m▀[0m [38;2;181;67;86m▀[0m[38;2;167;62;78m[48;2;195;72;92m▀[0m[38;2;167;62;78m[48;2;201;73;94m▀[0m[38;2;152;57;73m▀[0m             
                                        
