                                        
                                        
                  [38;2;246;206;145m[48;2;245;206;145m▀[0m                     
                 [38;2;26;24;16m[48;2;154;132;93m▀[0m[38;2;248;210;147m[48;2;243;205;145m▀[0m[38;2;248;227;158m[48;2;241;204;145m▀[0m               [38;2;251;218;154m▄[0m[38;2;244;205;144m▄[0m[38;2;2;3;2m[48;2;2;3;1m▀[0m  
                 [38;2;161;145;181m[48;2;159;142;179m▀[0m[38;2;172;154;194m[48;2;168;151;188m▀[0m[38;2;171;154;192m[48;2;154;136;183m▀[0m            [38;2;0;0;0m▄[0m[38;2;250;225;184m▄[0m[38;2;247;209;146m[48;2;245;206;145m▀[0m[38;2;248;208;146m[48;2;244;206;144m▀[0m[38;2;238;203;144m▀[0m   
                 [38;2;122;106;156m[48;2;19;17;24m▀[0m[38;2;143;125;179m[48;2;139;121;178m▀[0m[38;2;139;121;177m[48;2;139;121;177m▀[0m           [38;2;201;187;206m▄[0m[38;2;213;198;211m[48;2;170;153;191m▀[0m[38;2;173;155;195m[48;2;158;140;188m▀[0m[38;2;44;38;27m[48;2;128;109;158m▀[0m[38;2;164;131;83m▀[0m    
                  [38;2;214;171;105m[48;2;235;189;116m▀[0m[38;2;246;197;121m[48;2;236;188;116m▀[0m   [38;2;5;2;3m▄[0m[38;2;232;136;145m▄[0m[38;2;230;119;132m▄[0m[38;2;226;99;116m▄[0m[38;2;219;96;112m▄[0m[38;2;0;0;0m▄[0m[38;2;38;33;47m▄[0m[38;2;143;127;187m[48;2;62;54;80m▀[0m[38;2;148;130;189m[48;2;145;128;188m▀[0m[38;2;146;128;188m[48;2;135;117;169m▀[0m[38;2;133;114;164m▀[0m      
                  [38;2;232;185;114m[48;2;53;43;26m▀[0m[38;2;233;187;115m[48;2;240;193;117m▀[0m[38;2;227;98;115m▄[0m[38;2;227;99;116m[48;2;237;126;138m▀[0m[38;2;225;121;133m[48;2;241;140;150m▀[0m[38;2;229;134;143m[48;2;246;128;143m▀[0m[38;2;231;135;144m[48;2;180;83;96m▀[0m[38;2;205;92;106m[48;2;183;83;95m▀[0m[38;2;186;84;97m[48;2;181;81;95m▀[0m[38;2;188;85;98m[48;2;175;79;92m▀[0m[38;2;207;93;110m[48;2;237;190;116m▀[0m[38;2;246;197;119m[48;2;234;188;116m▀[0m[38;2;240;192;117m[48;2;210;169;105m▀[0m[38;2;90;78;118m[48;2;83;67;43m▀[0m[38;2;7;6;7m[48;2;0;1;0m▀[0m       
           [38;2;138;117;168m▄[0m[38;2;219;174;109m[48;2;115;96;61m▀[0m[38;2;63;54;35m▄[0m    [38;2;55;55;54m▄[0m[38;2;246;197;119m[48;2;58;57;56m▀[0m[38;2;78;63;39m[48;2;56;54;54m▀[0m[38;2;73;71;70m[48;2;56;55;54m▀[0m[38;2;54;53;53m[48;2;45;42;41m▀[0m[38;2;44;42;41m[48;2;43;41;39m▀[0m[38;2;44;42;40m[48;2;42;40;38m▀[0m[38;2;44;41;39m[48;2;243;193;120m▀[0m[38;2;44;42;40m[48;2;233;186;115m▀[0m[38;2;172;78;91m[48;2;228;183;113m▀[0m[38;2;229;183;113m[48;2;199;159;100m▀[0m[38;2;201;161;101m[48;2;171;77;90m▀[0m[38;2;44;23;23m[48;2;166;75;88m▀[0m[38;2;15;14;12m[48;2;166;76;88m▀[0m[38;2;15;15;12m[48;2;42;39;38m▀[0m[38;2;144;66;75m[48;2;36;34;33m▀[0m[38;2;0;0;0m▄[0m     
          [38;2;58;49;70m▄[0m[38;2;94;83;124m[48;2;91;80;117m▀[0m[38;2;95;83;126m[48;2;71;61;87m▀[0m[38;2;136;116;76m[48;2;0;0;0m▀[0m[38;2;136;114;76m▄[0m  [38;2;54;53;53m[48;2;25;13;13m▀[0m[38;2;56;54;54m[48;2;125;58;67m▀[0m[38;2;26;13;14m[48;2;180;80;94m▀[0m[38;2;234;103;119m[48;2;216;95;111m▀[0m[38;2;208;93;108m[48;2;164;74;87m▀[0m[38;2;116;54;61m[48;2;165;76;87m▀[0m[38;2;43;41;40m[48;2;166;75;88m▀[0m[38;2;42;39;38m[48;2;166;76;88m▀[0m[38;2;42;39;38m[48;2;14;5;7m▀[0m[38;2;7;7;5m[48;2;44;41;40m▀[0m[38;2;182;145;92m[48;2;44;42;39m▀[0m[38;2;42;40;38m[48;2;44;41;40m▀[0m[38;2;42;39;38m[48;2;30;30;30m▀[0m[38;2;140;122;182m[48;2;160;142;187m▀[0m[38;2;171;77;89m[48;2;104;92;135m▀[0m[38;2;168;76;88m[48;2;173;78;90m▀[0m[38;2;42;39;38m[48;2;170;76;89m▀[0m[38;2;164;74;86m[48;2;168;76;87m▀[0m[38;2;190;152;96m▄[0m    
        [38;2;139;122;179m▄[0m[38;2;144;127;187m[48;2;140;121;180m▀[0m[38;2;142;124;186m[48;2;132;112;74m▀[0m[38;2;35;30;49m[48;2;240;191;119m▀[0m[38;2;46;40;56m[48;2;8;8;5m▀[0m [38;2;71;61;40m[48;2;0;0;0m▀[0m[38;2;32;27;17m[48;2;226;133;143m▀[0m[38;2;222;105;119m[48;2;191;86;100m▀[0m[38;2;189;85;100m[48;2;169;76;89m▀[0m[38;2;174;79;92m[48;2;174;79;91m▀[0m[38;2;175;79;93m[48;2;173;78;91m▀[0m[38;2;174;79;92m[48;2;173;78;90m▀[0m[38;2;170;77;89m[48;2;51;25;27m▀[0m[38;2;175;79;91m[48;2;35;35;32m▀[0m[38;2;176;80;93m[48;2;177;80;93m▀[0m[38;2;175;79;92m[48;2;177;81;94m▀[0m[38;2;175;79;93m[48;2;177;80;93m▀[0m[38;2;177;81;94m[48;2;177;81;94m▀[0m[38;2;44;41;40m[48;2;173;78;90m▀[0m[38;2;44;42;40m[48;2;9;7;4m▀[0m[38;2;186;147;95m[48;2;131;111;74m▀[0m[38;2;142;126;186m[48;2;146;126;186m▀[0m[38;2;141;122;182m[48;2;142;123;183m▀[0m[38;2;169;76;88m[48;2;102;90;131m▀[0m[38;2;168;76;88m[48;2;170;77;90m▀[0m[38;2;168;76;88m[48;2;170;77;89m▀[0m[38;2;119;100;61m[48;2;85;72;43m▀[0m[38;2;181;145;93m▀[0m   
      [38;2;100;81;50m▄[0m[38;2;140;122;181m[48;2;226;196;146m▀[0m[38;2;140;122;180m[48;2;142;124;185m▀[0m[38;2;120;104;154m[48;2;137;117;77m▀[0m[38;2;130;110;73m[48;2;140;118;77m▀[0m[38;2;130;110;74m[48;2;97;99;96m▀[0m[38;2;172;138;87m[48;2;225;231;225m▀[0m[38;2;191;151;96m[48;2;227;232;225m▀[0m[38;2;233;135;144m[48;2;227;233;226m▀[0m[38;2;201;89;103m[48;2;227;232;225m▀[0m[38;2;173;78;90m[48;2;173;79;91m▀[0m[38;2;174;79;91m[48;2;173;79;91m▀[0m[38;2;175;79;92m[48;2;174;79;91m▀[0m[38;2;174;79;91m[48;2;176;80;93m▀[0m[38;2;174;79;92m[48;2;174;80;91m▀[0m[38;2;176;79;92m[48;2;173;78;90m▀[0m[38;2;44;42;42m[48;2;43;41;39m▀[0m[38;2;45;43;41m[48;2;44;41;40m▀[0m[38;2;66;30;34m[48;2;186;148;94m▀[0m[38;2;145;128;189m[48;2;153;134;198m▀[0m[38;2;46;40;59m[48;2;158;141;192m▀[0m[38;2;22;15;12m[48;2;157;71;81m▀[0m[38;2;132;112;74m[48;2;172;78;90m▀[0m[38;2;6;5;4m[48;2;173;78;91m▀[0m[38;2;11;10;13m[48;2;43;41;39m▀[0m[38;2;142;125;186m[48;2;144;126;188m▀[0m[38;2;158;140;191m[48;2;238;200;137m▀[0m[38;2;173;78;91m[48;2;239;191;118m▀[0m[38;2;170;77;89m[48;2;193;87;101m▀[0m[38;2;0;1;0m▀[0m    
     [38;2;242;193;117m▄[0m[38;2;246;215;166m[48;2;246;198;120m▀[0m[38;2;241;193;117m[48;2;246;199;122m▀[0m[38;2;233;240;233m[48;2;240;192;116m▀[0m[38;2;232;238;232m[48;2;93;80;118m▀[0m[38;2;214;219;213m▀[0m[38;2;188;190;184m[48;2;227;230;226m▀[0m[38;2;184;185;180m[48;2;231;237;231m▀[0m[38;2;175;175;171m[48;2;208;211;206m▀[0m[38;2;173;174;169m[48;2;186;189;185m▀[0m[38;2;175;174;170m[48;2;31;28;27m▀[0m[38;2;172;78;90m[48;2;175;80;93m▀[0m[38;2;173;78;90m[48;2;175;80;92m▀[0m[38;2;172;78;90m[48;2;175;80;93m▀[0m[38;2;172;78;90m[48;2;181;82;96m▀[0m[38;2;172;78;90m[48;2;177;81;95m▀[0m[38;2;180;81;94m[48;2;12;6;6m▀[0m[38;2;44;41;39m[48;2;44;42;40m▀[0m[38;2;31;30;29m[48;2;184;147;93m▀[0m[38;2;189;152;96m[48;2;77;36;40m▀[0m[38;2;174;79;92m[48;2;175;80;92m▀[0m[38;2;141;123;183m[48;2;140;120;175m▀[0m[38;2;141;123;183m[48;2;168;150;193m▀[0m[38;2;174;79;90m[48;2;132;117;173m▀[0m[38;2;173;78;91m[48;2;172;79;90m▀[0m[38;2;8;9;8m[48;2;36;17;19m▀[0m[38;2;19;15;9m[48;2;46;43;43m▀[0m[38;2;245;195;118m[48;2;248;199;120m▀[0m[38;2;249;219;169m[48;2;246;198;120m▀[0m[38;2;0;0;0m[48;2;246;201;127m▀[0m     
    [38;2;1;1;0m[48;2;254;204;123m▀[0m[38;2;246;198;120m[48;2;238;192;117m▀[0m[38;2;243;194;119m[48;2;238;191;117m▀[0m[38;2;243;194;117m[48;2;203;161;101m▀[0m[38;2;34;28;17m[48;2;133;112;75m▀[0m  [38;2;143;124;181m▄[0m[38;2;66;64;83m[48;2;1;1;1m▀[0m[38;2;235;136;145m[48;2;235;136;145m▀[0m[38;2;187;84;98m[48;2;186;85;98m▀[0m[38;2;178;81;94m[48;2;177;81;95m▀[0m[38;2;177;80;93m[48;2;177;80;93m▀[0m[38;2;138;64;73m[48;2;255;255;255m▀[0m[38;2;141;125;160m[48;2;15;15;12m▀[0m[38;2;156;139;168m[48;2;122;104;145m▀[0m[38;2;177;81;94m[48;2;187;85;98m▀[0m[38;2;47;44;43m[48;2;43;40;39m▀[0m[38;2;133;112;75m[48;2;43;40;39m▀[0m[38;2;46;44;43m[48;2;170;77;89m▀[0m[38;2;175;80;92m[48;2;168;76;88m▀[0m[38;2;171;77;90m[48;2;173;79;91m▀[0m[38;2;22;14;17m[48;2;183;83;96m▀[0m[38;2;238;190;115m[48;2;246;198;120m▀[0m[38;2;240;193;117m[48;2;249;218;167m▀[0m[38;2;8;6;4m[48;2;246;198;120m▀[0m[38;2;48;45;44m[48;2;48;45;44m▀[0m[38;2;48;46;45m▀[0m[38;2;50;48;47m▀[0m[38;2;238;190;117m▀[0m[38;2;240;192;117m[48;2;248;201;122m▀[0m[38;2;126;102;64m[48;2;140;123;182m▀[0m    
   [38;2;142;125;185m[48;2;141;122;182m▀[0m[38;2;142;125;185m[48;2;140;121;180m▀[0m[38;2;148;130;193m▀[0m  [38;2;134;114;76m[48;2;4;5;2m▀[0m  [38;2;74;64;88m▀[0m[38;2;28;26;24m[48;2;135;121;157m▀[0m[38;2;228;100;116m[48;2;228;98;115m▀[0m[38;2;182;83;95m[48;2;175;79;92m▀[0m[38;2;177;80;93m[48;2;177;81;95m▀[0m[38;2;82;38;43m[48;2;155;69;81m▀[0m[38;2;13;13;9m[48;2;119;102;144m▀[0m[38;2;16;15;13m[48;2;117;100;140m▀[0m[38;2;110;95;132m[48;2;181;83;96m▀[0m[38;2;190;87;100m[48;2;193;87;101m▀[0m  [38;2;3;1;1m▀[0m[38;2;5;2;2m▀[0m[38;2;1;2;0m▀[0m[38;2;1;3;0m▀[0m[38;2;241;192;117m▀[0m[38;2;240;193;118m[48;2;232;185;114m▀[0m[38;2;240;190;113m[48;2;231;184;113m▀[0m[38;2;237;190;116m[48;2;229;183;113m▀[0m[38;2;6;5;1m▄[0m   [38;2;140;121;179m[48;2;108;92;130m▀[0m[38;2;140;122;180m[48;2;140;122;180m▀[0m   
  [38;2;18;15;8m[48;2;246;197;120m▀[0m[38;2;87;71;47m▀[0m        [38;2;228;234;227m[48;2;216;221;216m▀[0m[38;2;223;98;114m[48;2;78;78;76m▀[0m[38;2;166;75;88m[48;2;194;87;102m▀[0m[38;2;166;75;88m[48;2;167;76;88m▀[0m[38;2;167;75;88m[48;2;116;53;61m▀[0m[38;2;167;76;88m[48;2;175;176;171m▀[0m[38;2;169;81;94m[48;2;171;171;167m▀[0m[38;2;190;86;99m▀[0m        [38;2;38;30;19m▀[0m[38;2;230;183;113m[48;2;1;2;0m▀[0m[38;2;157;139;185m[48;2;139;121;179m▀[0m[38;2;140;121;179m[48;2;138;120;177m▀[0m[38;2;143;124;183m▄[0m   [38;2;143;126;187m▀[0m[38;2;242;194;118m[48;2;240;192;117m▀[0m  
  [38;2;184;145;92m▀[0m         [38;2;216;221;215m[48;2;42;44;42m▀[0m   [38;2;42;43;42m[48;2;219;225;220m▀[0m[38;2;221;226;221m[48;2;219;225;220m▀[0m[38;2;231;237;232m▀[0m            [38;2;141;123;183m[48;2;25;22;31m▀[0m[38;2;141;123;183m[48;2;246;198;120m▀[0m    [38;2;213;172;107m[48;2;3;5;1m▀[0m  
                                [38;2;245;198;119m[48;2;0;1;0m▀[0m[38;2;150;120;73m[48;2;88;70;44m▀[0m      
                                        
                                        
