                                        
                                        
                  [38;2;246;206;145m[48;2;245;206;145m▀[0m                     
                 [38;2;25;23;16m[48;2;154;132;93m▀[0m[38;2;248;210;147m[48;2;243;205;145m▀[0m[38;2;248;227;158m[48;2;241;204;145m▀[0m               [38;2;251;218;154m▄[0m[38;2;244;205;144m▄[0m[38;2;3;5;2m[48;2;4;5;1m▀[0m  
                 [38;2;167;176;204m[48;2;164;174;203m▀[0m[38;2;174;184;215m[48;2;172;181;210m▀[0m[38;2;173;183;213m[48;2;158;174;207m▀[0m            [38;2;1;1;0m▄[0m[38;2;250;225;184m▄[0m[38;2;247;209;146m[48;2;245;206;145m▀[0m[38;2;248;208;146m[48;2;244;206;144m▀[0m[38;2;238;203;144m▀[0m   
                 [38;2;130;147;184m[48;2;27;34;45m▀[0m[38;2;148;170;206m[48;2;145;169;205m▀[0m[38;2;146;169;205m[48;2;146;168;204m▀[0m           [38;2;203;202;221m▄[0m[38;2;217;210;226m[48;2;172;182;212m▀[0m[38;2;173;184;215m[48;2;162;179;212m▀[0m[38;2;44;38;27m[48;2;138;155;189m▀[0m[38;2;164;131;83m▀[0m    
                  [38;2;214;171;105m[48;2;235;189;116m▀[0m[38;2;246;197;121m[48;2;236;188;116m▀[0m   [38;2;5;2;3m▄[0m[38;2;246;142;223m▄[0m[38;2;246;126;221m▄[0m[38;2;245;105;220m▄[0m[38;2;240;102;216m▄[0m[38;2;0;0;0m▄[0m[38;2;44;51;62m▄[0m[38;2;149;177;213m[48;2;75;92;120m▀[0m[38;2;151;176;213m[48;2;149;176;213m▀[0m[38;2;149;175;213m[48;2;143;162;197m▀[0m[38;2;141;158;194m▀[0m      
                  [38;2;232;185;114m[48;2;53;43;26m▀[0m[38;2;233;187;115m[48;2;240;193;117m▀[0m[38;2;246;105;219m▄[0m[38;2;245;106;218m[48;2;251;133;225m▀[0m[38;2;242;128;218m[48;2;253;145;229m▀[0m[38;2;244;140;221m[48;2;253;140;230m▀[0m[38;2;245;142;222m[48;2;202;95;182m▀[0m[38;2;225;101;201m[48;2;204;95;184m▀[0m[38;2;207;95;185m[48;2;203;94;184m▀[0m[38;2;209;97;187m[48;2;198;92;179m▀[0m[38;2;227;103;204m[48;2;237;190;116m▀[0m[38;2;246;197;119m[48;2;234;188;116m▀[0m[38;2;240;192;117m[48;2;210;169;105m▀[0m[38;2;106;131;164m[48;2;83;67;43m▀[0m[38;2;13;15;19m[48;2;0;2;0m▀[0m       
           [38;2;144;160;197m▄[0m[38;2;219;174;109m[48;2;115;96;61m▀[0m[38;2;63;54;35m▄[0m    [38;2;55;55;54m▄[0m[38;2;246;197;119m[48;2;58;57;56m▀[0m[38;2;78;63;39m[48;2;56;54;54m▀[0m[38;2;73;71;70m[48;2;56;55;54m▀[0m[38;2;54;53;53m[48;2;45;42;41m▀[0m[38;2;44;42;41m[48;2;43;41;39m▀[0m[38;2;44;42;40m[48;2;42;40;38m▀[0m[38;2;44;41;39m[48;2;243;193;120m▀[0m[38;2;44;42;40m[48;2;233;186;115m▀[0m[38;2;197;88;178m[48;2;228;183;113m▀[0m[38;2;229;183;113m[48;2;199;159;100m▀[0m[38;2;201;161;101m[48;2;197;87;177m▀[0m[38;2;57;24;48m[48;2;194;84;175m▀[0m[38;2;15;14;12m[48;2;194;84;174m▀[0m[38;2;15;15;12m[48;2;42;39;38m▀[0m[38;2;171;70;150m[48;2;36;34;33m▀[0m[38;2;0;0;0m▄[0m     
          [38;2;84;97;132m▄[0m[38;2;109;137;173m[48;2;106;131;168m▀[0m[38;2;110;137;174m[48;2;89;108;147m▀[0m[38;2;136;116;76m[48;2;0;1;0m▀[0m[38;2;136;114;76m▄[0m  [38;2;54;53;53m[48;2;41;18;34m▀[0m[38;2;56;54;54m[48;2;166;63;146m▀[0m[38;2;34;14;29m[48;2;200;90;180m▀[0m[38;2;252;109;223m[48;2;235;103;212m▀[0m[38;2;228;104;203m[48;2;194;82;174m▀[0m[38;2;155;62;136m[48;2;193;85;171m▀[0m[38;2;43;41;40m[48;2;194;84;175m▀[0m[38;2;42;39;38m[48;2;194;84;175m▀[0m[38;2;42;39;38m[48;2;17;6;12m▀[0m[38;2;7;7;5m[48;2;44;41;40m▀[0m[38;2;182;145;92m[48;2;44;42;39m▀[0m[38;2;42;40;38m[48;2;44;41;40m▀[0m[38;2;42;39;38m[48;2;30;30;30m▀[0m[38;2;145;170;209m[48;2;164;178;210m▀[0m[38;2;196;88;174m[48;2;117;144;179m▀[0m[38;2;195;85;176m[48;2;198;89;177m▀[0m[38;2;42;39;38m[48;2;196;87;175m▀[0m[38;2;194;83;175m[48;2;196;86;173m▀[0m[38;2;190;152;96m▄[0m    
        [38;2;146;170;206m▄[0m[38;2;149;176;213m[48;2;145;168;207m▀[0m[38;2;146;173;212m[48;2;132;112;74m▀[0m[38;2;56;78;109m[48;2;240;191;119m▀[0m[38;2;76;92;120m[48;2;8;8;5m▀[0m [38;2;71;61;40m[48;2;0;1;0m▀[0m[38;2;31;27;17m[48;2;240;140;219m▀[0m[38;2;240;112;214m[48;2;212;97;191m▀[0m[38;2;211;98;191m[48;2;196;86;177m▀[0m[38;2;198;92;179m[48;2;198;91;177m▀[0m[38;2;198;92;179m[48;2;198;90;179m▀[0m[38;2;198;92;179m[48;2;198;90;176m▀[0m[38;2;196;88;174m[48;2;56;27;43m▀[0m[38;2;198;92;178m[48;2;35;35;32m▀[0m[38;2;197;93;179m[48;2;199;92;179m▀[0m[38;2;198;92;179m[48;2;199;94;180m▀[0m[38;2;197;93;179m[48;2;199;93;179m▀[0m[38;2;199;93;180m[48;2;199;93;180m▀[0m[38;2;44;41;40m[48;2;198;90;176m▀[0m[38;2;44;42;40m[48;2;9;7;4m▀[0m[38;2;186;147;95m[48;2;131;111;74m▀[0m[38;2;148;177;212m[48;2;149;173;212m▀[0m[38;2;145;170;209m[48;2;146;172;210m▀[0m[38;2;195;86;175m[48;2;114;137;168m▀[0m[38;2;196;85;176m[48;2;197;88;177m▀[0m[38;2;195;85;176m[48;2;196;88;175m▀[0m[38;2;119;100;61m[48;2;85;72;43m▀[0m[38;2;181;145;93m▀[0m   
      [38;2;100;81;50m▄[0m[38;2;145;169;208m[48;2;234;192;154m▀[0m[38;2;145;169;207m[48;2;146;173;211m▀[0m[38;2;126;146;182m[48;2;137;117;77m▀[0m[38;2;130;110;73m[48;2;140;118;77m▀[0m[38;2;130;110;74m[48;2;97;99;96m▀[0m[38;2;172;138;87m[48;2;225;231;225m▀[0m[38;2;191;151;96m[48;2;227;232;225m▀[0m[38;2;247;142;223m[48;2;227;233;226m▀[0m[38;2;221;99;197m[48;2;227;232;225m▀[0m[38;2;197;90;176m[48;2;198;91;176m▀[0m[38;2;198;92;177m[48;2;197;91;176m▀[0m[38;2;198;92;179m[48;2;198;92;178m▀[0m[38;2;198;92;178m[48;2;199;92;180m▀[0m[38;2;198;92;178m[48;2;197;93;176m▀[0m[38;2;198;92;178m[48;2;198;90;176m▀[0m[38;2;44;42;42m[48;2;43;41;39m▀[0m[38;2;45;43;41m[48;2;44;41;40m▀[0m[38;2;95;37;84m[48;2;186;148;94m▀[0m[38;2;150;177;214m[48;2;155;182;222m▀[0m[38;2;55;71;94m[48;2;161;181;215m▀[0m[38;2;37;18;31m[48;2;190;77;167m▀[0m[38;2;132;112;74m[48;2;197;90;176m▀[0m[38;2;6;5;4m[48;2;198;89;178m▀[0m[38;2;17;21;27m[48;2;43;41;39m▀[0m[38;2;147;174;212m[48;2;148;175;213m▀[0m[38;2;161;179;214m[48;2;238;200;137m▀[0m[38;2;198;90;177m[48;2;239;191;118m▀[0m[38;2;196;88;175m[48;2;213;98;191m▀[0m[38;2;1;2;1m▀[0m    
     [38;2;242;193;117m▄[0m[38;2;246;215;166m[48;2;246;198;120m▀[0m[38;2;241;193;117m[48;2;246;199;122m▀[0m[38;2;233;240;233m[48;2;240;192;116m▀[0m[38;2;232;238;232m[48;2;106;129;169m▀[0m[38;2;214;219;213m▀[0m[38;2;188;190;184m[48;2;227;230;226m▀[0m[38;2;184;185;180m[48;2;231;237;231m▀[0m[38;2;175;175;171m[48;2;208;211;206m▀[0m[38;2;173;174;169m[48;2;186;189;185m▀[0m[38;2;175;174;170m[48;2;31;28;27m▀[0m[38;2;197;89;177m[48;2;197;93;179m▀[0m[38;2;197;90;176m[48;2;197;93;177m▀[0m[38;2;197;90;176m[48;2;198;93;179m▀[0m[38;2;197;90;175m[48;2;203;94;183m▀[0m[38;2;197;89;177m[48;2;199;94;180m▀[0m[38;2;202;94;183m[48;2;21;8;18m▀[0m[38;2;44;41;39m[48;2;44;42;40m▀[0m[38;2;31;30;29m[48;2;184;147;93m▀[0m[38;2;189;152;96m[48;2;93;37;77m▀[0m[38;2;198;92;179m[48;2;198;92;178m▀[0m[38;2;147;171;210m[48;2;145;164;202m▀[0m[38;2;146;172;210m[48;2;171;184;215m▀[0m[38;2;198;91;177m[48;2;137;168;207m▀[0m[38;2;198;90;179m[48;2;196;91;175m▀[0m[38;2;8;9;8m[48;2;50;18;43m▀[0m[38;2;19;15;9m[48;2;46;43;43m▀[0m[38;2;245;195;118m[48;2;248;199;120m▀[0m[38;2;249;219;169m[48;2;246;198;120m▀[0m[38;2;0;0;0m[48;2;246;201;127m▀[0m     
    [38;2;1;1;0m[48;2;254;204;123m▀[0m[38;2;246;198;120m[48;2;238;192;117m▀[0m[38;2;243;194;119m[48;2;238;191;117m▀[0m[38;2;243;194;117m[48;2;203;161;101m▀[0m[38;2;34;28;17m[48;2;133;112;75m▀[0m[38;2;3;4;1m▀[0m [38;2;148;170;207m▄[0m[38;2;97;123;138m[48;2;1;1;1m▀[0m[38;2;249;141;225m[48;2;250;140;225m▀[0m[38;2;208;97;188m[48;2;207;97;187m▀[0m[38;2;200;94;180m[48;2;199;94;180m▀[0m[38;2;199;93;179m[48;2;199;93;180m▀[0m[38;2;167;74;150m[48;2;255;255;255m▀[0m[38;2;152;161;189m[48;2;15;15;12m▀[0m[38;2;163;166;193m[48;2;135;146;179m▀[0m[38;2;199;93;180m[48;2;208;96;185m▀[0m[38;2;47;44;43m[48;2;43;40;39m▀[0m[38;2;133;112;75m[48;2;43;40;39m▀[0m[38;2;46;44;43m[48;2;196;87;177m▀[0m[38;2;198;93;177m[48;2;195;85;176m▀[0m[38;2;197;88;177m[48;2;197;91;176m▀[0m[38;2;26;24;27m[48;2;204;95;185m▀[0m[38;2;238;190;115m[48;2;246;198;120m▀[0m[38;2;240;193;117m[48;2;249;218;167m▀[0m[38;2;8;6;4m[48;2;246;198;120m▀[0m[38;2;48;45;44m[48;2;48;45;44m▀[0m[38;2;48;46;45m▀[0m[38;2;50;48;47m▀[0m[38;2;238;190;117m▀[0m[38;2;240;192;117m[48;2;248;201;122m▀[0m[38;2;131;113;76m[48;2;147;173;209m▀[0m    
   [38;2;147;173;211m[48;2;146;170;209m▀[0m[38;2;147;174;211m[48;2;144;168;207m▀[0m[38;2;151;177;217m▀[0m  [38;2;134;114;76m[48;2;5;5;3m▀[0m  [38;2;95;110;145m▀[0m[38;2;28;26;24m[48;2;149;160;187m▀[0m[38;2;246;107;219m[48;2;247;104;221m▀[0m[38;2;204;96;182m[48;2;198;92;179m▀[0m[38;2;199;93;180m[48;2;199;94;180m▀[0m[38;2;105;39;90m[48;2;186;78;165m▀[0m[38;2;13;13;9m[48;2;132;145;179m▀[0m[38;2;16;15;13m[48;2;129;143;177m▀[0m[38;2;123;136;167m[48;2;202;96;183m▀[0m[38;2;211;99;188m[48;2;215;99;194m▀[0m  [38;2;7;2;6m▀[0m[38;2;8;3;7m▀[0m[38;2;1;2;0m▀[0m[38;2;1;4;0m▀[0m[38;2;241;192;117m▀[0m[38;2;240;193;118m[48;2;232;185;114m▀[0m[38;2;240;190;113m[48;2;231;184;113m▀[0m[38;2;237;190;116m[48;2;229;183;113m▀[0m[38;2;6;5;1m▄[0m   [38;2;144;167;206m[48;2;121;134;173m▀[0m[38;2;145;170;207m[48;2;145;170;207m▀[0m   
  [38;2;17;15;8m[48;2;246;197;120m▀[0m[38;2;91;85;63m▀[0m        [38;2;228;234;227m[48;2;216;221;216m▀[0m[38;2;242;106;215m[48;2;78;78;76m▀[0m[38;2;194;84;175m[48;2;215;99;195m▀[0m[38;2;194;84;175m[48;2;195;85;175m▀[0m[38;2;195;85;175m[48;2;142;58;124m▀[0m[38;2;195;85;175m[48;2;175;176;171m▀[0m[38;2;193;93;175m[48;2;171;171;167m▀[0m[38;2;211;97;188m▀[0m        [38;2;38;31;19m▀[0m[38;2;230;183;113m[48;2;2;3;1m▀[0m[38;2;161;177;209m[48;2;145;169;206m▀[0m[38;2;144;168;206m[48;2;145;169;205m▀[0m[38;2;147;170;210m▄[0m   [38;2;149;176;213m▀[0m[38;2;242;194;118m[48;2;240;192;117m▀[0m  
  [38;2;184;145;92m▀[0m         [38;2;216;221;215m[48;2;42;44;42m▀[0m   [38;2;42;43;42m[48;2;219;225;220m▀[0m[38;2;221;226;221m[48;2;219;225;220m▀[0m[38;2;231;237;232m▀[0m            [38;2;146;172;210m[48;2;33;42;55m▀[0m[38;2;146;172;210m[48;2;246;198;120m▀[0m    [38;2;213;172;107m[48;2;7;10;2m▀[0m  
                                [38;2;245;198;119m[48;2;1;2;0m▀[0m[38;2;150;120;73m[48;2;90;71;45m▀[0m      
                                        
                                        
