                                        
                                        
                                        
         [38;2;149;176;213m▄[0m[38;2;3;3;1m▀[0m[38;2;154;175;215m▀[0m[38;2;63;81;102m▀[0m[38;2;0;0;0m▀[0m  [38;2;12;15;19m▀[0m[38;2;90;119;157m▀[0m[38;2;78;103;143m▀[0m [38;2;75;99;137m▄[0m                   
      [38;2;151;171;210m▄[0m[38;2;150;179;216m▀[0m              [38;2;81;105;145m▀[0m[38;2;84;108;149m▄[0m     [38;2;12;15;21m▄[0m[38;2;73;94;131m▀[0m[38;2;81;107;148m▀[0m[38;2;100;133;178m▀[0m[38;2;107;144;185m▄[0m      
     [38;2;159;189;229m▀[0m                  [38;2;69;88;121m▄[0m  [38;2;0;1;1m[48;2;0;0;0m▀[0m      [38;2;125;163;208m▀[0m     
    [38;2;186;190;187m▀[0m               [38;2;0;0;0m▄[0m[38;2;53;68;91m▄[0m[38;2;80;104;138m▄[0m[38;2;10;13;16m▄[0m [38;2;81;106;147m▄[0m[38;2;81;107;151m[48;2;0;0;0m▀[0m        [38;2;158;187;226m[48;2;11;13;15m▀[0m    
   [38;2;168;211;119m[48;2;164;204;118m▀[0m[38;2;67;80;51m▄[0m           [38;2;97;128;171m▄[0m[38;2;0;0;1m[48;2;97;128;172m▀[0m[38;2;101;135;181m[48;2;97;128;171m▀[0m[38;2;100;135;182m[48;2;97;130;174m▀[0m[38;2;100;131;176m[48;2;97;129;173m▀[0m[38;2;99;130;174m[48;2;97;128;171m▀[0m[38;2;97;128;171m[48;2;98;129;172m▀[0m[38;2;98;129;173m[48;2;98;129;172m▀[0m[38;2;97;128;171m[48;2;97;127;170m▀[0m[38;2;98;128;170m[48;2;96;126;168m▀[0m[38;2;96;127;169m[48;2;96;125;166m▀[0m[38;2;96;125;166m▄[0m        [38;2;152;182;220m▄[0m   
  [38;2;2;3;1m[48;2;178;225;123m▀[0m[38;2;165;208;118m[48;2;172;217;119m▀[0m[38;2;171;214;120m[48;2;171;215;120m▀[0m[38;2;171;215;119m▄[0m        [38;2;116;157;200m▄[0m[38;2;97;130;175m[48;2;97;128;171m▀[0m[38;2;98;129;172m[48;2;97;128;171m▀[0m[38;2;98;129;172m[48;2;96;125;168m▀[0m[38;2;97;129;172m[48;2;95;125;167m▀[0m[38;2;98;129;172m[48;2;96;126;166m▀[0m[38;2;97;127;170m[48;2;96;126;166m▀[0m[38;2;97;125;168m[48;2;96;123;165m▀[0m[38;2;96;126;168m[48;2;95;123;165m▀[0m[38;2;96;126;167m[48;2;95;123;165m▀[0m[38;2;97;125;167m[48;2;95;123;165m▀[0m[38;2;96;126;166m[48;2;97;126;169m▀[0m[38;2;96;126;166m[48;2;97;126;169m▀[0m[38;2;96;126;166m[48;2;95;126;168m▀[0m[38;2;95;123;166m[48;2;98;126;168m▀[0m[38;2;97;126;169m▄[0m      [38;2;151;181;219m[48;2;81;95;113m▀[0m   
  [38;2;171;218;120m[48;2;173;218;120m▀[0m[38;2;183;222;138m[48;2;196;227;152m▀[0m[38;2;172;218;122m[48;2;231;242;195m▀[0m[38;2;172;218;122m[48;2;232;243;195m▀[0m[38;2;175;226;125m[48;2;204;230;164m▀[0m  [38;2;89;92;95m▄[0m[38;2;212;220;228m▄[0m[38;2;204;221;239m▄[0m [38;2;134;167;207m[48;2;185;219;140m▀[0m[38;2;69;85;49m[48;2;147;179;106m▀[0m[38;2;96;125;167m[48;2;138;166;100m▀[0m[38;2;95;126;167m[48;2;96;126;166m▀[0m[38;2;96;124;166m[48;2;96;124;166m▀[0m[38;2;96;124;166m[48;2;96;124;166m▀[0m[38;2;96;124;166m[48;2;96;125;168m▀[0m[38;2;95;123;165m[48;2;107;140;188m▀[0m[38;2;96;124;166m[48;2;100;140;193m▀[0m[38;2;98;131;176m[48;2;114;154;199m▀[0m[38;2;114;154;198m[48;2;124;159;202m▀[0m[38;2;115;155;199m[48;2;126;163;204m▀[0m[38;2;115;154;199m[48;2;118;158;201m▀[0m[38;2;115;155;199m[48;2;115;155;199m▀[0m[38;2;116;156;200m[48;2;115;155;199m▀[0m[38;2;114;152;197m[48;2;116;153;198m▀[0m[38;2;97;127;171m[48;2;114;154;198m▀[0m[38;2;19;25;32m▄[0m     [38;2;0;0;0m▀[0m   
  [38;2;172;219;121m[48;2;180;231;126m▀[0m[38;2;232;243;195m[48;2;232;243;195m▀[0m[38;2;232;243;195m[48;2;233;243;194m▀[0m[38;2;232;243;195m[48;2;232;243;195m▀[0m[38;2;232;243;195m[48;2;232;243;195m▀[0m[38;2;17;22;14m[48;2;15;19;13m▀[0m [38;2;35;37;37m▀[0m[38;2;213;219;229m[48;2;125;135;145m▀[0m[38;2;202;215;230m[48;2;200;217;236m▀[0m[38;2;165;173;185m[48;2;169;176;189m▀[0m[38;2;183;217;140m[48;2;60;58;58m▀[0m[38;2;46;55;36m[48;2;138;168;100m▀[0m[38;2;139;169;101m[48;2;139;168;102m▀[0m[38;2;97;127;170m[48;2;98;127;170m▀[0m[38;2;97;126;169m[48;2;98;127;170m▀[0m[38;2;97;126;169m[48;2;101;133;179m▀[0m[38;2;137;167;100m[48;2;139;169;101m▀[0m[38;2;158;192;113m[48;2;172;216;119m▀[0m[38;2;171;218;120m[48;2;56;68;46m▀[0m[38;2;178;220;132m[48;2;184;220;138m▀[0m[38;2;151;179;214m[48;2;122;149;92m▀[0m[38;2;150;180;215m[48;2;150;180;215m▀[0m[38;2;149;178;213m[48;2;151;179;214m▀[0m[38;2;132;165;207m[48;2;149;178;213m▀[0m[38;2;115;155;199m[48;2;115;155;199m▀[0m[38;2;115;155;199m[48;2;115;155;199m▀[0m[38;2;115;155;199m[48;2;116;153;198m▀[0m[38;2;33;44;59m▀[0m         
   [38;2;173;215;123m▀[0m[38;2;232;243;195m[48;2;10;11;8m▀[0m[38;2;232;243;194m[48;2;111;139;80m▀[0m[38;2;176;216;128m▀[0m      [38;2;150;189;106m[48;2;7;9;6m▀[0m[38;2;142;172;104m[48;2;154;189;111m▀[0m[38;2;56;71;51m[48;2;98;128;171m▀[0m[38;2;97;127;168m[48;2;98;129;172m▀[0m[38;2;98;127;170m[48;2;98;127;170m▀[0m[38;2;62;84;116m[48;2;98;130;171m▀[0m[38;2;139;167;101m[48;2;141;173;103m▀[0m[38;2;176;222;122m[48;2;111;141;80m▀[0m[38;2;70;69;69m[48;2;74;72;72m▀[0m[38;2;146;171;113m[48;2;187;224;140m▀[0m[38;2;183;222;139m[48;2;185;221;138m▀[0m[38;2;150;178;214m[48;2;150;179;214m▀[0m[38;2;149;178;213m[48;2;173;193;220m▀[0m[38;2;149;178;213m[48;2;149;178;213m▀[0m[38;2;115;155;199m[48;2;114;154;198m▀[0m[38;2;115;155;199m[48;2;164;171;184m▀[0m[38;2;115;155;199m[48;2;86;94;100m▀[0m[38;2;227;236;246m▄[0m[38;2;217;225;235m▄[0m[38;2;11;12;12m[48;2;217;226;235m▀[0m[38;2;128;135;144m[48;2;165;175;189m▀[0m[38;2;48;52;55m[48;2;164;170;184m▀[0m[38;2;165;173;185m▄[0m[38;2;0;0;0m[48;2;174;222;123m▀[0m   
              [38;2;60;80;103m▀[0m[38;2;98;129;172m▀[0m[38;2;99;131;176m[48;2;100;133;178m▀[0m[38;2;98;131;175m[48;2;96;128;171m▀[0m[38;2;97;129;173m[48;2;99;130;174m▀[0m[38;2;88;108;62m[48;2;97;128;171m▀[0m[38;2;156;193;113m[48;2;98;129;171m▀[0m[38;2;57;57;56m[48;2;64;81;54m▀[0m[38;2;179;219;129m[48;2;64;92;127m▀[0m[38;2;50;62;56m[48;2;114;154;198m▀[0m[38;2;149;177;213m[48;2;115;155;199m▀[0m[38;2;148;177;213m[48;2;117;157;201m▀[0m[38;2;114;155;199m[48;2;70;93;119m▀[0m[38;2;116;157;201m[48;2;83;109;152m▀[0m[38;2;85;111;155m[48;2;79;105;145m▀[0m[38;2;201;217;237m[48;2;79;104;145m▀[0m[38;2;216;225;234m▀[0m[38;2;215;223;231m[48;2;172;178;186m▀[0m[38;2;215;223;233m[48;2;212;220;228m▀[0m[38;2;216;223;233m[48;2;213;220;228m▀[0m[38;2;164;172;185m[48;2;1;3;0m▀[0m[38;2;0;0;0m[48;2;168;210;118m▀[0m[38;2;167;211;119m[48;2;166;209;119m▀[0m[38;2;1;3;1m▄[0m  
                  [38;2;2;2;2m▀[0m[38;2;95;127;169m▀[0m[38;2;97;127;168m▀[0m[38;2;97;128;170m▀[0m[38;2;97;129;172m▀[0m[38;2;36;47;60m▀[0m    [38;2;80;102;142m[48;2;53;68;90m▀[0m[38;2;79;103;142m[48;2;95;123;165m▀[0m   [38;2;110;137;81m▄[0m[38;2;177;229;127m[48;2;183;222;136m▀[0m[38;2;166;209;119m[48;2;171;214;120m▀[0m[38;2;169;213;118m[48;2;171;214;120m▀[0m[38;2;160;200;113m[48;2;171;215;119m▀[0m  
                                [38;2;189;223;145m▄[0m[38;2;181;219;137m[48;2;231;242;195m▀[0m[38;2;215;234;181m[48;2;232;243;195m▀[0m[38;2;172;214;121m[48;2;232;243;195m▀[0m[38;2;171;215;119m[48;2;192;226;149m▀[0m[38;2;171;216;120m[48;2;171;215;119m▀[0m  
                               [38;2;13;15;9m[48;2;9;9;5m▀[0m[38;2;231;242;195m[48;2;218;234;182m▀[0m[38;2;232;243;195m[48;2;231;242;195m▀[0m[38;2;231;242;195m[48;2;233;244;195m▀[0m[38;2;232;243;195m[48;2;233;244;195m▀[0m[38;2;233;243;195m[48;2;225;237;190m▀[0m[38;2;170;213;118m[48;2;104;127;78m▀[0m  
                                [38;2;171;215;119m▀[0m[38;2;232;243;195m[48;2;171;215;119m▀[0m[38;2;232;243;195m[48;2;176;218;126m▀[0m[38;2;232;243;195m[48;2;175;222;121m▀[0m[38;2;171;215;119m▀[0m   
                                        
                                        
                                        
