                                        
              [38;2;158;207;119m▄[0m[38;2;35;44;25m[48;2;169;211;132m▀[0m[38;2;169;211;132m[48;2;167;211;131m▀[0m[38;2;156;206;115m[48;2;159;207;119m▀[0m[38;2;138;199;88m[48;2;137;198;88m▀[0m[38;2;143;205;90m[48;2;137;198;87m▀[0m[38;2;138;199;88m▄[0m[38;2;119;170;75m▄[0m                  
            [38;2;0;0;0m▄[0m[38;2;137;198;88m[48;2;27;51;27m▀[0m[38;2;150;204;106m[48;2;29;34;16m▀[0m[38;2;160;208;123m[48;2;138;199;88m▀[0m[38;2;155;206;114m[48;2;139;199;88m▀[0m[38;2;137;199;88m[48;2;121;178;73m▀[0m[38;2;138;199;88m[48;2;210;212;213m▀[0m[38;2;138;199;88m[48;2;131;132;136m▀[0m[38;2;139;199;89m[48;2;152;218;97m▀[0m[38;2;139;199;90m[48;2;137;198;88m▀[0m[38;2;12;18;8m[48;2;137;198;88m▀[0m                 
         [38;2;202;155;53m▄[0m[38;2;251;200;101m[48;2;252;184;60m▀[0m[38;2;248;196;91m[48;2;224;165;58m▀[0m[38;2;249;187;68m[48;2;232;169;58m▀[0m[38;2;251;181;59m[48;2;238;173;59m▀[0m[38;2;252;182;59m[48;2;248;180;59m▀[0m[38;2;121;87;31m[48;2;68;57;23m▀[0m[38;2;137;199;88m[48;2;137;198;86m▀[0m[38;2;56;79;35m[48;2;136;198;84m▀[0m[38;2;55;55;54m[48;2;134;198;84m▀[0m[38;2;86;83;83m[48;2;135;197;84m▀[0m[38;2;18;18;17m[48;2;137;201;85m▀[0m[38;2;102;99;104m[48;2;135;198;83m▀[0m[38;2;134;197;83m[48;2;135;198;83m▀[0m                 
         [38;2;208;153;54m▀[0m  [38;2;111;163;70m[48;2;1;2;1m▀[0m[38;2;155;112;43m[48;2;134;194;81m▀[0m[38;2;196;145;53m[48;2;136;198;85m▀[0m[38;2;136;198;85m[48;2;136;198;84m▀[0m[38;2;136;198;85m[48;2;136;198;85m▀[0m[38;2;136;198;85m[48;2;136;198;85m▀[0m[38;2;136;198;85m[48;2;136;199;85m▀[0m[38;2;136;198;85m[48;2;129;182;73m▀[0m[38;2;135;198;83m[48;2;126;173;71m▀[0m[38;2;136;198;83m[48;2;117;159;71m▀[0m[38;2;126;173;71m[48;2;117;159;71m▀[0m                 
             [38;2;117;158;71m▀[0m[38;2;117;158;71m[48;2;117;159;71m▀[0m[38;2;117;158;71m[48;2;117;158;71m▀[0m[38;2;118;160;71m[48;2;119;160;71m▀[0m[38;2;117;158;71m[48;2;117;159;71m▀[0m[38;2;117;158;71m[48;2;117;159;71m▀[0m[38;2;118;159;71m[48;2;117;159;71m▀[0m[38;2;119;159;71m[48;2;117;158;71m▀[0m[38;2;117;159;71m[48;2;117;159;71m▀[0m[38;2;111;152;68m[48;2;126;55;70m▀[0m[38;2;133;58;73m▄[0m                
               [38;2;124;170;71m[48;2;45;43;46m▀[0m[38;2;124;169;71m[48;2;45;43;46m▀[0m[38;2;122;166;71m[48;2;45;43;46m▀[0m[38;2;122;167;71m[48;2;45;43;46m▀[0m[38;2;118;160;71m[48;2;45;43;47m▀[0m[38;2;85;115;52m[48;2;45;44;47m▀[0m  [38;2;129;56;71m[48;2;128;56;71m▀[0m[38;2;128;56;71m▄[0m               
              [38;2;48;46;49m[48;2;46;45;47m▀[0m[38;2;45;43;47m[48;2;67;65;66m▀[0m[38;2;49;48;50m[48;2;66;64;64m▀[0m[38;2;49;48;50m[48;2;135;189;77m▀[0m[38;2;45;44;47m[48;2;64;63;63m▀[0m[38;2;45;44;47m[48;2;53;53;52m▀[0m[38;2;45;44;47m[48;2;129;137;151m▀[0m[38;2;59;25;31m[48;2;44;43;45m▀[0m [38;2;0;1;0m▀[0m[38;2;127;55;69m[48;2;138;58;72m▀[0m[38;2;128;55;71m[48;2;152;63;78m▀[0m              
             [38;2;49;49;49m[48;2;160;210;120m▀[0m[38;2;145;202;97m[48;2;167;211;130m▀[0m[38;2;102;100;101m[48;2;168;211;129m▀[0m[38;2;163;219;115m[48;2;167;211;130m▀[0m[38;2;143;201;95m[48;2;151;204;108m▀[0m[38;2;144;208;89m[48;2;136;199;87m▀[0m[38;2;60;59;59m[48;2;214;226;231m▀[0m[38;2;216;228;233m[48;2;218;230;236m▀[0m[38;2;215;226;233m[48;2;220;232;238m▀[0m[38;2;4;4;1m[48;2;219;230;237m▀[0m [38;2;14;7;7m▀[0m[38;2;208;82;99m[48;2;228;88;107m▀[0m[38;2;184;74;93m[48;2;229;88;106m▀[0m[38;2;1;2;0m▄[0m            
            [38;2;225;238;245m[48;2;231;234;232m▀[0m[38;2;233;133;143m[48;2;219;224;222m▀[0m[38;2;234;133;144m[48;2;169;211;132m▀[0m[38;2;168;211;131m[48;2;168;211;131m▀[0m[38;2;235;133;143m[48;2;168;211;132m▀[0m[38;2;76;43;46m[48;2;162;213;122m▀[0m[38;2;65;29;33m[48;2;222;233;236m▀[0m[38;2;217;229;236m[48;2;97;117;119m▀[0m[38;2;227;87;106m[48;2;62;21;37m▀[0m[38;2;235;90;109m[48;2;253;185;61m▀[0m[38;2;219;231;237m[48;2;226;87;106m▀[0m[38;2;211;223;228m▄[0m [38;2;226;88;106m▀[0m[38;2;227;88;107m[48;2;226;87;106m▀[0m[38;2;228;88;107m[48;2;228;88;106m▀[0m[38;2;254;100;121m▄[0m           
           [38;2;226;239;245m▄[0m[38;2;232;237;234m[48;2;231;235;233m▀[0m[38;2;232;237;235m[48;2;230;235;233m▀[0m[38;2;170;214;133m[48;2;230;234;232m▀[0m[38;2;168;211;132m[48;2;231;235;233m▀[0m[38;2;42;52;31m[48;2;232;236;234m▀[0m[38;2;229;236;235m[48;2;227;236;238m▀[0m[38;2;222;233;238m[48;2;221;234;239m▀[0m[38;2;221;234;241m[48;2;221;234;239m▀[0m[38;2;228;88;107m[48;2;221;234;239m▀[0m[38;2;251;194;64m[48;2;229;89;107m▀[0m[38;2;251;181;59m[48;2;254;187;61m▀[0m[38;2;226;87;105m[48;2;253;184;61m▀[0m  [38;2;229;89;107m[48;2;2;3;1m▀[0m[38;2;227;88;106m[48;2;229;89;107m▀[0m[38;2;227;90;108m[48;2;226;88;107m▀[0m[38;2;223;87;106m▄[0m          
           [38;2;219;230;237m[48;2;218;230;236m▀[0m[38;2;228;234;235m[48;2;216;228;234m▀[0m[38;2;230;235;232m[48;2;228;234;235m▀[0m[38;2;233;237;235m[48;2;49;51;51m▀[0m[38;2;231;235;233m[48;2;228;235;235m▀[0m[38;2;226;234;235m[48;2;222;234;237m▀[0m[38;2;223;233;237m[48;2;221;234;240m▀[0m[38;2;221;234;240m[48;2;219;231;237m▀[0m[38;2;221;235;240m[48;2;220;232;238m▀[0m[38;2;221;234;240m[48;2;221;233;239m▀[0m[38;2;221;234;239m[48;2;221;234;240m▀[0m[38;2;229;88;107m[48;2;220;232;237m▀[0m[38;2;252;183;60m[48;2;225;87;106m▀[0m[38;2;54;76;34m[48;2;136;198;84m▀[0m  [38;2;223;87;106m[48;2;92;39;45m▀[0m[38;2;226;87;106m[48;2;229;89;108m▀[0m[38;2;228;88;107m[48;2;229;88;107m▀[0m[38;2;227;88;107m▄[0m         
          [38;2;23;24;25m[48;2;238;251;252m▀[0m[38;2;221;233;239m[48;2;221;233;240m▀[0m[38;2;219;232;237m[48;2;220;231;237m▀[0m[38;2;219;231;237m[48;2;218;229;236m▀[0m[38;2;176;184;186m[48;2;223;236;241m▀[0m[38;2;220;231;237m[48;2;218;230;236m▀[0m[38;2;218;230;236m[48;2;217;230;236m▀[0m[38;2;219;231;237m[48;2;216;228;234m▀[0m[38;2;221;232;239m[48;2;215;226;232m▀[0m[38;2;221;235;241m[48;2;216;227;234m▀[0m[38;2;216;228;235m[48;2;216;227;233m▀[0m[38;2;216;228;233m[48;2;216;228;234m▀[0m[38;2;216;227;233m[48;2;219;231;237m▀[0m[38;2;134;141;147m[48;2;131;187;76m▀[0m[38;2;131;188;75m[48;2;117;159;71m▀[0m   [38;2;224;87;105m[48;2;227;88;106m▀[0m[38;2;224;87;105m[48;2;224;86;105m▀[0m[38;2;224;86;105m[48;2;224;87;105m▀[0m[38;2;100;40;48m[48;2;228;110;124m▀[0m        
          [38;2;218;230;236m[48;2;215;226;233m▀[0m[38;2;217;229;235m[48;2;215;228;232m▀[0m[38;2;217;229;235m[48;2;216;228;233m▀[0m[38;2;217;229;235m[48;2;216;227;233m▀[0m[38;2;219;231;237m[48;2;214;226;231m▀[0m[38;2;217;228;235m[48;2;214;225;231m▀[0m[38;2;216;227;232m[48;2;214;225;232m▀[0m[38;2;214;226;232m[48;2;216;227;233m▀[0m[38;2;215;226;233m[48;2;215;226;232m▀[0m[38;2;217;228;234m[48;2;216;228;234m▀[0m[38;2;216;227;235m[48;2;216;228;234m▀[0m[38;2;216;227;234m[48;2;194;203;207m▀[0m[38;2;200;209;214m[48;2;121;164;71m▀[0m[38;2;118;159;71m[48;2;117;159;71m▀[0m[38;2;119;161;71m[48;2;117;159;71m▀[0m[38;2;0;0;0m▄[0m   [38;2;223;86;106m[48;2;228;119;132m▀[0m[38;2;227;109;124m[48;2;232;133;143m▀[0m[38;2;229;123;134m▀[0m        
          [38;2;109;115;117m[48;2;188;199;203m▀[0m[38;2;216;226;233m[48;2;216;227;231m▀[0m[38;2;214;225;230m[48;2;215;226;233m▀[0m[38;2;215;227;233m[48;2;215;227;233m▀[0m[38;2;216;227;233m[48;2;216;227;233m▀[0m[38;2;216;228;233m[48;2;217;230;235m▀[0m[38;2;163;172;177m[48;2;141;148;151m▀[0m[38;2;216;229;234m[48;2;198;208;213m▀[0m[38;2;216;229;235m[48;2;184;192;197m▀[0m[38;2;205;215;219m[48;2;183;190;195m▀[0m[38;2;184;192;196m[48;2;173;179;182m▀[0m[38;2;179;186;190m[48;2;175;180;183m▀[0m[38;2;194;144;55m[48;2;125;170;75m▀[0m[38;2;194;144;55m[48;2;117;160;71m▀[0m[38;2;195;144;55m[48;2;117;159;71m▀[0m[38;2;146;109;43m[48;2;119;161;72m▀[0m   [38;2;3;4;2m▀[0m          
          [38;2;215;85;102m[48;2;93;64;69m▀[0m[38;2;225;86;106m[48;2;164;70;83m▀[0m[38;2;217;84;103m[48;2;182;73;88m▀[0m[38;2;205;81;97m[48;2;181;73;88m▀[0m[38;2;197;77;95m[48;2;180;73;88m▀[0m[38;2;186;75;92m[48;2;180;73;88m▀[0m[38;2;113;48;57m[48;2;106;44;52m▀[0m[38;2;190;78;93m[48;2;181;74;88m▀[0m[38;2;187;74;89m[48;2;181;74;88m▀[0m[38;2;181;73;88m[48;2;182;74;89m▀[0m[38;2;180;73;88m[48;2;182;73;88m▀[0m[38;2;181;74;88m[48;2;180;74;88m▀[0m[38;2;121;165;73m[48;2;172;127;46m▀[0m[38;2;88;121;55m[48;2;205;151;53m▀[0m[38;2;109;79;30m[48;2;186;135;49m▀[0m[38;2;205;150;52m[48;2;85;118;53m▀[0m              
          [38;2;60;58;57m▀[0m[38;2;59;57;57m▀[0m[38;2;59;57;56m▀[0m[38;2;59;57;57m[48;2;1;3;0m▀[0m[38;2;59;58;57m[48;2;44;23;25m▀[0m[38;2;59;58;57m[48;2;16;16;15m▀[0m[38;2;44;43;42m[48;2;10;11;9m▀[0m[38;2;59;58;57m[48;2;9;9;8m▀[0m[38;2;59;57;57m[48;2;6;8;5m▀[0m[38;2;60;58;58m[48;2;0;2;0m▀[0m[38;2;60;58;58m[48;2;32;17;18m▀[0m[38;2;60;58;58m▀[0m[38;2;46;63;29m▀[0m[38;2;119;162;71m▀[0m[38;2;128;174;74m▀[0m[38;2;1;2;0m▀[0m              
          [38;2;237;124;137m▄[0m[38;2;226;87;105m▄[0m[38;2;75;34;41m[48;2;209;82;100m▀[0m[38;2;94;41;52m[48;2;129;56;70m▀[0m[38;2;128;56;70m[48;2;128;56;70m▀[0m[38;2;134;58;74m[48;2;129;56;71m▀[0m  [38;2;44;45;47m▄[0m[38;2;43;21;24m[48;2;128;56;71m▀[0m[38;2;144;61;79m[48;2;128;56;71m▀[0m[38;2;153;65;81m▄[0m[38;2;217;84;103m▄[0m                 
        [38;2;250;248;245m▀[0m[38;2;246;244;241m▀[0m[38;2;247;244;241m▀[0m[38;2;235;90;110m▀[0m[38;2;15;9;7m▀[0m       [38;2;102;43;54m▀[0m[38;2;211;83;101m▀[0m[38;2;228;109;123m▀[0m[38;2;69;63;61m[48;2;246;244;243m▀[0m[38;2;243;240;235m[48;2;245;243;240m▀[0m[38;2;245;243;240m▄[0m[38;2;230;230;228m▄[0m             
                                        
