                                        
                 [38;2;163;162;161m[48;2;247;227;166m▀[0m[38;2;218;179;76m[48;2;71;69;70m▀[0m[38;2;61;60;59m▄[0m   [38;2;250;231;136m▄[0m[38;2;136;134;132m▄[0m[38;2;87;85;86m▄[0m              
                 [38;2;63;62;61m[48;2;217;126;140m▀[0m[38;2;33;39;37m[48;2;221;83;102m▀[0m[38;2;183;162;95m[48;2;251;209;87m▀[0m[38;2;245;215;122m[48;2;244;204;85m▀[0m[38;2;251;215;105m[48;2;125;112;56m▀[0m[38;2;251;219;121m[48;2;202;173;71m▀[0m[38;2;60;60;65m[48;2;246;206;85m▀[0m[38;2;74;73;74m[48;2;73;62;28m▀[0m[38;2;74;74;74m▀[0m              
                [38;2;248;218;129m▄[0m[38;2;218;82;101m[48;2;246;206;85m▀[0m[38;2;109;53;60m[48;2;247;207;85m▀[0m[38;2;243;204;84m[48;2;132;132;135m▀[0m[38;2;243;205;85m[48;2;248;208;86m▀[0m[38;2;244;204;85m[48;2;248;207;85m▀[0m[38;2;62;61;61m[48;2;252;214;88m▀[0m[38;2;39;37;28m[48;2;247;206;85m▀[0m[38;2;66;60;37m▀[0m               
                [38;2;248;211;99m[48;2;243;203;84m▀[0m[38;2;248;208;85m[48;2;242;203;84m▀[0m[38;2;248;208;85m[48;2;243;203;84m▀[0m[38;2;72;52;29m[48;2;241;203;84m▀[0m[38;2;245;204;85m[48;2;241;203;84m▀[0m[38;2;244;205;84m[48;2;242;203;84m▀[0m[38;2;243;203;84m[48;2;235;197;81m▀[0m[38;2;222;185;78m▀[0m                
                [38;2;243;204;84m[48;2;248;219;91m▀[0m[38;2;242;203;84m[48;2;246;206;85m▀[0m[38;2;245;205;84m[48;2;224;186;79m▀[0m[38;2;246;205;84m[48;2;141;117;51m▀[0m[38;2;246;205;85m[48;2;216;178;76m▀[0m[38;2;203;169;74m[48;2;198;164;71m▀[0m[38;2;199;165;71m[48;2;199;164;70m▀[0m                 
                     [38;2;249;216;115m[48;2;111;112;113m▀[0m[38;2;224;187;79m[48;2;79;78;79m▀[0m[38;2;61;51;21m▄[0m                
                     [38;2;160;159;158m[48;2;160;160;160m▀[0m[38;2;75;74;74m[48;2;74;73;74m▀[0m[38;2;95;84;40m[48;2;73;72;73m▀[0m                
                    [38;2;62;55;33m▄[0m[38;2;246;216;128m[48;2;242;204;89m▀[0m[38;2;243;203;84m[48;2;245;243;241m▀[0m[38;2;239;200;80m[48;2;246;244;242m▀[0m[38;2;132;115;59m▄[0m               
       [38;2;200;106;120m▄[0m[38;2;219;83;101m▄[0m     [38;2;245;215;128m▄[0m[38;2;244;216;128m▄[0m[38;2;246;216;129m▄[0m[38;2;192;163;67m[48;2;244;207;95m▀[0m[38;2;243;205;84m[48;2;242;203;84m▀[0m[38;2;244;204;84m[48;2;246;206;84m▀[0m[38;2;243;203;84m[48;2;226;199;82m▀[0m[38;2;158;158;161m[48;2;255;255;255m▀[0m[38;2;251;248;246m[48;2;255;255;253m▀[0m[38;2;255;253;250m[48;2;255;251;248m▀[0m[38;2;255;255;253m[48;2;255;251;248m▀[0m[38;2;199;166;71m[48;2;224;185;81m▀[0m[38;2;200;165;71m[48;2;198;163;71m▀[0m[38;2;227;190;81m[48;2;227;189;79m▀[0m[38;2;58;48;20m[48;2;247;206;85m▀[0m[38;2;247;206;85m▄[0m[38;2;247;211;99m▄[0m         
       [38;2;220;80;99m▀[0m[38;2;229;132;147m▀[0m   [38;2;255;232;137m[48;2;254;231;137m▀[0m[38;2;247;218;128m[48;2;248;218;127m▀[0m[38;2;247;217;129m[48;2;248;219;128m▀[0m[38;2;247;217;128m[48;2;248;218;129m▀[0m[38;2;246;216;129m[48;2;173;150;63m▀[0m[38;2;248;210;91m▀[0m[38;2;248;208;86m[48;2;247;206;85m▀[0m[38;2;244;205;84m[48;2;247;206;85m▀[0m[38;2;237;200;76m[48;2;255;255;255m▀[0m[38;2;255;252;248m[48;2;255;252;248m▀[0m[38;2;255;252;249m[48;2;250;247;244m▀[0m[38;2;255;254;250m[48;2;252;249;246m▀[0m[38;2;255;254;251m[48;2;252;249;246m▀[0m[38;2;255;253;250m[48;2;252;249;246m▀[0m [38;2;226;189;79m▀[0m[38;2;247;205;85m▀[0m[38;2;244;204;85m▀[0m[38;2;246;206;85m▀[0m[38;2;247;215;118m▀[0m[38;2;245;216;128m▀[0m       
        [38;2;73;71;72m[48;2;243;225;169m▀[0m        [38;2;246;211;87m[48;2;242;203;84m▀[0m[38;2;248;208;86m[48;2;242;203;84m▀[0m[38;2;250;227;98m[48;2;246;244;242m▀[0m[38;2;248;245;243m[48;2;245;243;240m▀[0m[38;2;249;246;244m[48;2;245;243;241m▀[0m[38;2;248;245;243m[48;2;246;244;242m▀[0m[38;2;246;244;242m[48;2;248;244;243m▀[0m[38;2;248;245;242m[48;2;250;247;244m▀[0m[38;2;248;245;243m[48;2;245;244;242m▀[0m[38;2;170;167;166m[48;2;199;193;192m▀[0m             
        [38;2;54;53;52m▀[0m[38;2;98;87;44m[48;2;243;206;85m▀[0m[38;2;74;73;74m▄[0m     [38;2;249;213;88m[48;2;244;204;84m▀[0m[38;2;241;202;84m[48;2;244;204;85m▀[0m[38;2;206;179;75m[48;2;246;244;242m▀[0m[38;2;247;245;243m[48;2;246;244;242m▀[0m[38;2;246;244;242m[48;2;248;245;244m▀[0m[38;2;248;245;243m[48;2;249;246;244m▀[0m[38;2;248;246;243m[48;2;247;244;242m▀[0m[38;2;245;243;241m[48;2;246;244;242m▀[0m[38;2;246;244;242m[48;2;247;244;243m▀[0m[38;2;245;243;241m[48;2;250;247;244m▀[0m[38;2;195;189;188m[48;2;197;191;190m▀[0m[38;2;149;123;48m▄[0m            
         [38;2;51;51;53m▀[0m[38;2;71;70;71m[48;2;215;178;77m▀[0m[38;2;243;202;84m[48;2;225;189;79m▀[0m[38;2;241;203;84m[48;2;245;204;85m▀[0m[38;2;168;142;59m[48;2;246;206;85m▀[0m[38;2;52;45;18m[48;2;250;223;128m▀[0m[38;2;245;216;127m[48;2;248;219;129m▀[0m[38;2;246;212;111m[48;2;247;215;113m▀[0m[38;2;246;205;85m[48;2;243;203;84m▀[0m[38;2;108;105;94m[48;2;249;209;86m▀[0m[38;2;248;245;243m[48;2;250;247;245m▀[0m[38;2;246;244;242m[48;2;255;253;250m▀[0m[38;2;248;244;243m[48;2;255;253;249m▀[0m[38;2;254;251;248m[48;2;255;252;249m▀[0m[38;2;255;251;247m[48;2;255;253;249m▀[0m[38;2;250;248;244m[48;2;227;223;220m▀[0m[38;2;206;202;199m[48;2;203;198;195m▀[0m[38;2;197;192;191m[48;2;198;192;190m▀[0m[38;2;84;70;27m[48;2;206;170;72m▀[0m[38;2;6;5;1m[48;2;209;173;74m▀[0m           
           [38;2;199;164;71m[48;2;62;52;22m▀[0m[38;2;210;174;74m[48;2;197;163;70m▀[0m[38;2;207;172;74m[48;2;199;163;70m▀[0m[38;2;246;217;128m[48;2;248;214;111m▀[0m[38;2;246;216;130m[48;2;246;210;102m▀[0m[38;2;247;206;87m[48;2;246;206;85m▀[0m[38;2;248;207;86m[48;2;248;208;86m▀[0m[38;2;248;207;85m[48;2;248;209;89m▀[0m[38;2;255;253;250m[48;2;223;219;217m▀[0m[38;2;255;255;254m[48;2;207;202;201m▀[0m[38;2;255;254;251m[48;2;199;194;192m▀[0m[38;2;255;254;251m[48;2;197;192;190m▀[0m[38;2;210;205;203m[48;2;197;192;190m▀[0m[38;2;203;198;196m[48;2;198;192;191m▀[0m[38;2;198;194;191m[48;2;198;193;190m▀[0m[38;2;199;194;191m[48;2;201;196;195m▀[0m[38;2;199;164;70m[48;2;199;164;70m▀[0m[38;2;199;165;71m[48;2;197;163;71m▀[0m           
             [38;2;184;153;67m▀[0m[38;2;246;205;85m[48;2;209;174;75m▀[0m[38;2;247;206;85m[48;2;248;207;85m▀[0m[38;2;247;206;85m[48;2;248;208;86m▀[0m[38;2;247;206;85m[48;2;248;208;85m▀[0m[38;2;239;206;85m[48;2;197;192;191m▀[0m[38;2;198;193;191m[48;2;197;192;190m▀[0m[38;2;198;193;190m[48;2;196;191;189m▀[0m[38;2;197;192;190m[48;2;196;190;189m▀[0m[38;2;197;192;190m[48;2;190;185;184m▀[0m[38;2;196;191;189m[48;2;160;156;157m▀[0m[38;2;199;193;192m[48;2;159;156;157m▀[0m[38;2;196;191;189m[48;2;113;94;41m▀[0m[38;2;195;161;70m[48;2;171;143;63m▀[0m[38;2;196;162;70m[48;2;178;148;65m▀[0m[38;2;202;168;72m▀[0m           
              [38;2;198;163;70m[48;2;196;162;71m▀[0m[38;2;199;165;71m[48;2;196;162;70m▀[0m[38;2;198;164;71m▀[0m[38;2;70;67;58m▀[0m[38;2;143;139;141m▀[0m[38;2;151;147;148m▀[0m[38;2;165;161;161m▀[0m[38;2;164;160;161m▀[0m[38;2;144;141;142m▀[0m[38;2;151;148;150m▀[0m [38;2;142;120;59m[48;2;41;36;18m▀[0m[38;2;144;121;59m[48;2;143;121;59m▀[0m[38;2;37;33;16m[48;2;143;120;59m▀[0m[38;2;23;20;8m▄[0m           
            [38;2;237;198;81m▄[0m[38;2;195;161;70m[48;2;237;204;107m▀[0m[38;2;197;163;71m[48;2;213;177;76m▀[0m           [38;2;142;120;59m▀[0m[38;2;190;158;68m[48;2;210;174;74m▀[0m[38;2;242;204;85m[48;2;242;203;84m▀[0m[38;2;243;206;92m[48;2;243;215;128m▀[0m[38;2;17;15;7m[48;2;234;230;228m▀[0m         
           [38;2;110;94;45m▀[0m[38;2;247;217;128m[48;2;171;152;84m▀[0m[38;2;246;218;128m[48;2;236;230;227m▀[0m[38;2;246;209;96m[48;2;244;205;87m▀[0m                         
                                        
