                                        
                   [38;2;0;0;0m▄[0m[38;2;113;84;69m[48;2;182;144;126m▀[0m[38;2;194;158;140m[48;2;198;159;142m▀[0m[38;2;1;1;0m▄[0m                 
             [38;2;182;148;132m[48;2;184;146;129m▀[0m[38;2;189;154;138m[48;2;200;164;147m▀[0m[38;2;174;128;109m[48;2;172;127;109m▀[0m[38;2;175;132;114m▄[0m[38;2;174;128;109m▄[0m[38;2;170;126;108m▄[0m[38;2;165;122;104m[48;2;164;123;105m▀[0m[38;2;169;125;106m▀[0m[38;2;14;10;9m▀[0m                  
               [38;2;1;1;0m▀[0m[38;2;76;58;50m▀[0m[38;2;165;123;105m▀[0m[38;2;140;104;88m[48;2;128;95;79m▀[0m                     
     [38;2;0;0;0m▄[0m[38;2;32;45;26m[48;2;151;199;138m▀[0m[38;2;120;182;98m[48;2;126;178;111m▀[0m[38;2;5;6;3m[48;2;120;183;99m▀[0m        [38;2;175;132;115m▄[0m[38;2;144;107;91m[48;2;162;121;103m▀[0m[38;2;5;5;3m[48;2;160;119;101m▀[0m[38;2;27;21;18m[48;2;187;146;127m▀[0m[38;2;181;142;124m▄[0m          [38;2;147;189;136m▄[0m[38;2;120;184;99m▄[0m[38;2;30;45;24m▄[0m     
     [38;2;116;173;94m▀[0m[38;2;119;181;98m[48;2;104;143;76m▀[0m[38;2;119;183;99m[48;2;100;133;71m▀[0m[38;2;116;171;96m[48;2;105;145;77m▀[0m [38;2;149;197;137m▄[0m[38;2;119;183;98m▄[0m[38;2;120;183;100m▄[0m   [38;2;185;145;126m[48;2;183;143;125m▀[0m[38;2;183;142;125m[48;2;178;140;123m▀[0m[38;2;174;138;121m[48;2;173;137;121m▀[0m[38;2;174;138;121m[48;2;176;139;122m▀[0m[38;2;178;140;123m[48;2;177;140;123m▀[0m[38;2;184;144;126m[48;2;185;145;126m▀[0m[38;2;193;152;133m[48;2;187;147;128m▀[0m     [38;2;128;177;114m▄[0m[38;2;115;172;96m▄[0m [38;2;121;184;100m[48;2;108;148;79m▀[0m[38;2;142;191;129m[48;2;112;164;88m▀[0m[38;2;116;170;96m[48;2;107;152;82m▀[0m[38;2;119;183;99m[48;2;101;137;73m▀[0m     
     [38;2;144;190;131m▄[0m[38;2;116;174;95m▄[0m[38;2;121;185;100m▄[0m[38;2;124;93;76m[48;2;125;93;77m▀[0m[38;2;2;2;1m[48;2;106;77;66m▀[0m[38;2;150;198;136m[48;2;113;166;90m▀[0m[38;2;116;171;97m[48;2;117;176;96m▀[0m[38;2;120;183;99m[48;2;106;150;83m▀[0m[38;2;39;56;31m[48;2;63;85;45m▀[0m  [38;2;179;140;121m[48;2;193;150;131m▀[0m[38;2;177;139;122m[48;2;176;139;122m▀[0m[38;2;43;43;43m[48;2;174;137;121m▀[0m[38;2;177;139;122m[48;2;173;137;121m▀[0m[38;2;2;2;1m[48;2;180;141;123m▀[0m[38;2;186;145;126m[48;2;158;107;107m▀[0m[38;2;186;147;129m[48;2;186;146;128m▀[0m    [38;2;122;184;101m[48;2;108;153;84m▀[0m[38;2;150;196;136m[48;2;118;175;95m▀[0m[38;2;120;183;100m[48;2;113;166;89m▀[0m[38;2;120;183;99m[48;2;100;132;72m▀[0m [38;2;104;142;75m[48;2;130;97;80m▀[0m[38;2;108;151;81m▀[0m[38;2;105;147;81m▀[0m     
    [38;2;41;57;32m[48;2;29;40;22m▀[0m[38;2;151;198;137m[48;2;111;161;88m▀[0m[38;2;120;181;99m[48;2;115;170;92m▀[0m[38;2;116;171;96m[48;2;110;157;84m▀[0m[38;2;68;48;41m[48;2;0;0;0m▀[0m[38;2;135;100;83m[48;2;141;104;88m▀[0m[38;2;106;142;77m[48;2;0;0;0m▀[0m[38;2;102;141;76m▀[0m[38;2;104;144;77m▀[0m   [38;2;43;34;30m▀[0m[38;2;166;131;115m[48;2;176;139;121m▀[0m[38;2;215;141;143m[48;2;175;139;122m▀[0m[38;2;83;55;55m[48;2;174;137;121m▀[0m[38;2;178;139;123m[48;2;181;143;124m▀[0m[38;2;185;143;124m[48;2;181;140;121m▀[0m[38;2;184;141;123m[48;2;179;137;118m▀[0m    [38;2;2;2;1m▀[0m[38;2;101;136;71m▀[0m[38;2;103;141;76m▀[0m[38;2;22;29;15m[48;2;126;94;78m▀[0m[38;2;126;94;78m[48;2;13;10;8m▀[0m[38;2;125;187;106m[48;2;140;187;127m▀[0m[38;2;122;178;103m[48;2;133;191;118m▀[0m[38;2;123;189;102m[48;2;118;178;97m▀[0m[38;2;0;0;0m▄[0m    
     [38;2;106;146;78m▀[0m[38;2;100;135;72m▀[0m[38;2;104;141;75m▀[0m  [38;2;173;127;108m▀[0m[38;2;1;1;0m[48;2;175;128;110m▀[0m[38;2;179;132;112m▄[0m    [38;2;176;139;121m[48;2;177;139;122m▀[0m[38;2;176;139;121m[48;2;174;138;122m▀[0m[38;2;173;137;121m[48;2;172;134;117m▀[0m[38;2;176;135;117m[48;2;176;132;114m▀[0m[38;2;177;135;116m[48;2;177;133;116m▀[0m[38;2;174;131;112m[48;2;174;129;109m▀[0m[38;2;1;3;0m▄[0m  [38;2;72;54;45m▄[0m[38;2;172;128;108m▄[0m[38;2;160;119;101m▄[0m[38;2;172;128;109m[48;2;64;48;42m▀[0m[38;2;152;114;97m▀[0m[38;2;20;28;14m▀[0m[38;2;109;154;82m[48;2;105;144;77m▀[0m[38;2;111;162;87m[48;2;108;151;81m▀[0m[38;2;108;153;83m[48;2;105;145;77m▀[0m[38;2;0;0;0m▀[0m    
            [38;2;47;37;30m▀[0m[38;2;166;124;105m▀[0m[38;2;164;122;104m[48;2;0;1;0m▀[0m[38;2;183;136;117m[48;2;173;129;110m▀[0m[38;2;162;120;102m[48;2;150;112;95m▀[0m[38;2;172;132;115m[48;2;162;121;102m▀[0m[38;2;172;135;121m[48;2;162;122;106m▀[0m[38;2;169;132;116m[48;2;175;134;118m▀[0m[38;2;176;132;112m[48;2;175;131;112m▀[0m[38;2;175;132;114m[48;2;176;130;111m▀[0m[38;2;174;129;109m[48;2;163;122;104m▀[0m[38;2;175;129;109m[48;2;176;130;112m▀[0m[38;2;172;128;109m[48;2;78;58;49m▀[0m[38;2;171;127;108m▀[0m[38;2;162;121;103m▀[0m[38;2;14;12;8m▀[0m            
                [38;2;162;121;102m[48;2;173;134;117m▀[0m[38;2;161;120;102m[48;2;161;120;103m▀[0m[38;2;160;137;59m[48;2;223;187;83m▀[0m[38;2;149;112;96m[48;2;160;119;101m▀[0m[38;2;175;132;114m[48;2;175;131;114m▀[0m[38;2;175;130;110m[48;2;174;129;109m▀[0m[38;2;102;76;62m[48;2;136;101;86m▀[0m                 
               [38;2;74;56;47m[48;2;170;131;114m▀[0m[38;2;183;143;127m[48;2;235;201;99m▀[0m[38;2;158;118;101m[48;2;157;117;100m▀[0m[38;2;163;120;103m[48;2;161;120;102m▀[0m[38;2;161;120;103m[48;2;171;128;109m▀[0m[38;2;175;132;114m[48;2;175;132;114m▀[0m[38;2;174;129;110m[48;2;174;129;109m▀[0m                  
              [38;2;166;124;106m▄[0m[38;2;55;44;39m[48;2;178;140;123m▀[0m[38;2;152;113;98m[48;2;162;121;103m▀[0m[38;2;156;116;100m[48;2;156;117;100m▀[0m[38;2;161;120;103m[48;2;164;122;103m▀[0m[38;2;251;213;94m[48;2;166;123;104m▀[0m[38;2;175;131;114m[48;2;175;131;113m▀[0m[38;2;55;41;35m▀[0m                  
              [38;2;161;120;102m[48;2;165;122;105m▀[0m[38;2;167;126;108m[48;2;163;121;103m▀[0m[38;2;162;121;103m[48;2;163;121;103m▀[0m[38;2;157;118;101m[48;2;200;168;74m▀[0m[38;2;164;122;104m[48;2;166;122;104m▀[0m[38;2;169;125;106m[48;2;173;129;109m▀[0m[38;2;174;131;111m[48;2;79;59;49m▀[0m                   
            [38;2;64;48;40m▄[0m[38;2;138;102;86m[48;2;122;91;75m▀[0m[38;2;164;123;105m[48;2;128;95;79m▀[0m[38;2;163;121;103m[48;2;145;109;92m▀[0m[38;2;158;117;101m[48;2;152;113;96m▀[0m[38;2;157;132;58m[48;2;145;108;91m▀[0m[38;2;168;126;107m[48;2;135;99;84m▀[0m[38;2;168;124;106m[48;2;136;101;84m▀[0m[38;2;138;103;86m▄[0m                   
            [38;2;129;96;80m[48;2;130;97;80m▀[0m[38;2;125;93;77m[48;2;122;91;75m▀[0m[38;2;155;129;58m[48;2;181;149;68m▀[0m[38;2;128;96;79m[48;2;129;96;80m▀[0m[38;2;125;94;77m[48;2;127;95;79m▀[0m[38;2;128;95;79m[48;2;127;95;78m▀[0m[38;2;98;74;61m[48;2;133;98;82m▀[0m[38;2;135;101;84m[48;2;137;102;86m▀[0m[38;2;134;100;83m[48;2;135;100;83m▀[0m[38;2;8;6;5m[48;2;74;56;46m▀[0m                  
          [38;2;194;142;121m▄[0m[38;2;171;127;107m[48;2;167;125;106m▀[0m[38;2;151;112;95m[48;2;166;123;105m▀[0m[38;2;124;92;76m[48;2;97;72;59m▀[0m[38;2;180;149;69m[48;2;127;95;79m▀[0m[38;2;129;96;80m[48;2;140;105;88m▀[0m[38;2;127;95;79m[48;2;127;95;78m▀[0m[38;2;130;97;81m[48;2;132;98;82m▀[0m[38;2;132;98;82m[48;2;133;99;82m▀[0m[38;2;137;102;86m[48;2;157;118;99m▀[0m[38;2;153;115;97m[48;2;174;129;109m▀[0m[38;2;35;27;22m[48;2;177;132;115m▀[0m                  
         [38;2;7;6;5m▄[0m[38;2;155;115;97m[48;2;155;115;98m▀[0m[38;2;156;116;99m[48;2;131;98;81m▀[0m    [38;2;0;0;0m▀[0m   [38;2;108;81;67m▀[0m[38;2;176;132;113m▀[0m[38;2;134;99;83m[48;2;133;99;82m▀[0m[38;2;126;94;78m[48;2;124;92;76m▀[0m[38;2;126;94;77m▄[0m               
        [38;2;187;153;136m[48;2;162;121;102m▀[0m[38;2;181;138;120m[48;2;175;131;112m▀[0m[38;2;173;128;109m[48;2;173;128;109m▀[0m[38;2;165;123;105m▀[0m[38;2;87;66;56m▀[0m         [38;2;1;3;1m[48;2;188;152;136m▀[0m[38;2;138;103;86m[48;2;159;119;101m▀[0m[38;2;133;99;83m[48;2;162;121;102m▀[0m               
                                        
