                                        
               [38;2;208;192;169m▄[0m[38;2;251;240;212m▄[0m[38;2;159;139;128m[48;2;251;240;210m▀[0m[38;2;175;155;141m[48;2;251;239;210m▀[0m[38;2;167;151;136m[48;2;251;240;209m▀[0m[38;2;111;93;91m[48;2;250;237;210m▀[0m[38;2;250;238;201m▄[0m[38;2;251;240;199m▄[0m                 
             [38;2;139;120;114m▄[0m[38;2;249;235;208m[48;2;250;239;206m▀[0m[38;2;251;240;211m[48;2;251;240;210m▀[0m[38;2;251;239;210m[48;2;251;243;213m▀[0m[38;2;253;241;212m[48;2;252;242;211m▀[0m[38;2;251;239;210m[48;2;251;240;210m▀[0m[38;2;251;239;210m[48;2;250;238;209m▀[0m[38;2;252;240;210m[48;2;251;240;210m▀[0m[38;2;250;238;203m[48;2;250;238;204m▀[0m[38;2;251;239;196m[48;2;250;238;197m▀[0m[38;2;251;239;198m[48;2;250;239;197m▀[0m[38;2;251;240;199m▄[0m               
            [38;2;120;102;98m▄[0m[38;2;251;239;202m[48;2;251;239;198m▀[0m[38;2;251;240;209m[48;2;249;238;209m▀[0m[38;2;253;241;211m[48;2;251;240;210m▀[0m[38;2;251;240;210m[48;2;251;239;210m▀[0m[38;2;252;240;209m[48;2;251;239;199m▀[0m[38;2;251;239;209m[48;2;251;239;199m▀[0m[38;2;250;238;210m[48;2;251;239;212m▀[0m[38;2;251;239;209m[48;2;251;238;203m▀[0m[38;2;250;239;203m[48;2;251;239;199m▀[0m[38;2;251;239;197m[48;2;251;239;197m▀[0m[38;2;251;239;198m[48;2;252;240;197m▀[0m[38;2;250;238;197m[48;2;250;239;196m▀[0m[38;2;163;142;133m[48;2;252;240;196m▀[0m              
            [38;2;218;202;175m[48;2;238;223;190m▀[0m[38;2;249;238;196m[48;2;251;239;196m▀[0m[38;2;250;238;199m[48;2;251;239;198m▀[0m[38;2;250;238;204m[48;2;251;239;195m▀[0m[38;2;249;237;208m[48;2;251;239;196m▀[0m[38;2;250;238;201m[48;2;249;238;196m▀[0m[38;2;250;238;203m[48;2;252;240;197m▀[0m[38;2;250;238;203m[48;2;251;240;193m▀[0m[38;2;251;239;200m[48;2;251;239;210m▀[0m[38;2;250;237;205m[48;2;245;234;208m▀[0m[38;2;251;240;209m[48;2;248;236;203m▀[0m[38;2;248;236;195m[48;2;251;240;198m▀[0m[38;2;252;240;197m[48;2;251;240;198m▀[0m[38;2;251;239;196m[48;2;252;239;196m▀[0m              
            [38;2;176;158;143m[48;2;159;138;131m▀[0m[38;2;252;239;196m[48;2;226;216;178m▀[0m[38;2;252;240;196m[48;2;219;207;173m▀[0m[38;2;251;239;197m[48;2;226;215;179m▀[0m[38;2;250;238;197m[48;2;234;223;183m▀[0m[38;2;251;239;196m[48;2;245;234;192m▀[0m[38;2;251;239;197m[48;2;241;230;192m▀[0m[38;2;251;239;194m[48;2;235;224;189m▀[0m[38;2;250;238;203m[48;2;225;213;178m▀[0m[38;2;251;239;201m[48;2;218;206;171m▀[0m[38;2;251;239;198m[48;2;208;197;166m▀[0m[38;2;245;234;192m[48;2;206;194;162m▀[0m[38;2;208;197;168m[48;2;198;186;156m▀[0m[38;2;208;197;164m[48;2;199;188;161m▀[0m              
             [38;2;209;197;167m[48;2;152;130;124m▀[0m[38;2;199;186;156m[48;2;195;184;154m▀[0m[38;2;199;186;155m[48;2;198;186;158m▀[0m[38;2;200;189;160m[48;2;198;186;157m▀[0m[38;2;207;196;163m[48;2;198;185;156m▀[0m[38;2;195;186;160m[48;2;198;186;155m▀[0m[38;2;198;185;157m[48;2;194;182;156m▀[0m[38;2;198;185;157m[48;2;198;185;155m▀[0m[38;2;198;186;156m[48;2;198;186;158m▀[0m[38;2;198;186;155m[48;2;199;188;159m▀[0m[38;2;200;187;158m[48;2;212;200;167m▀[0m[38;2;207;196;164m[48;2;211;200;170m▀[0m[38;2;163;139;132m▀[0m              
              [38;2;162;141;131m▀[0m[38;2;207;195;164m▀[0m[38;2;198;186;157m[48;2;210;198;169m▀[0m[38;2;198;186;158m[48;2;198;186;157m▀[0m[38;2;198;186;156m[48;2;198;186;157m▀[0m[38;2;198;186;156m[48;2;203;192;159m▀[0m[38;2;198;186;155m[48;2;213;201;168m▀[0m[38;2;208;196;161m[48;2;216;204;171m▀[0m[38;2;210;200;171m[48;2;135;117;110m▀[0m[38;2;234;223;187m▀[0m                
                [38;2;100;144;65m▄[0m[38;2;122;167;71m▄[0m [38;2;195;183;155m[48;2;20;27;12m▀[0m[38;2;120;162;71m▄[0m[38;2;120;162;71m▄[0m                  
              [38;2;146;164;212m▄[0m[38;2;154;172;217m▄[0m[38;2;28;32;42m[48;2;148;166;213m▀[0m[38;2;144;164;217m[48;2;147;166;214m▀[0m[38;2;136;158;213m[48;2;142;162;212m▀[0m[38;2;99;120;173m[48;2;130;152;205m▀[0m[38;2;40;53;24m[48;2;119;144;201m▀[0m[38;2;94;123;66m[48;2;116;142;200m▀[0m[38;2;41;48;69m▄[0m                 
            [38;2;147;166;213m▄[0m[38;2;148;167;213m[48;2;148;167;214m▀[0m[38;2;153;171;216m[48;2;148;167;214m▀[0m[38;2;148;166;213m[48;2;84;93;119m▀[0m[38;2;147;166;213m[48;2;204;83;110m▀[0m[38;2;148;166;213m[48;2;142;162;212m▀[0m[38;2;143;163;212m[48;2;138;159;210m▀[0m[38;2;132;154;206m[48;2;121;145;202m▀[0m[38;2;119;145;202m[48;2;116;142;200m▀[0m[38;2;115;141;200m[48;2;117;142;200m▀[0m[38;2;116;142;200m[48;2;116;142;200m▀[0m[38;2;116;142;203m[48;2;116;142;200m▀[0m[38;2;122;149;211m▄[0m               
          [38;2;8;8;10m▄[0m[38;2;200;83;108m[48;2;133;155;207m▀[0m[38;2;148;168;214m[48;2;139;161;210m▀[0m[38;2;148;167;213m[48;2;93;67;70m▀[0m[38;2;148;167;213m[48;2;153;172;221m▀[0m[38;2;84;100;127m[48;2;139;160;210m▀[0m[38;2;72;80;102m[48;2;122;147;203m▀[0m[38;2;129;152;205m[48;2;116;141;200m▀[0m[38;2;121;146;202m[48;2;116;142;200m▀[0m[38;2;116;141;200m[48;2;116;143;201m▀[0m[38;2;116;142;200m[48;2;116;143;201m▀[0m[38;2;116;142;200m[48;2;116;143;201m▀[0m[38;2;116;143;201m[48;2;116;143;201m▀[0m[38;2;116;143;201m[48;2;116;142;200m▀[0m[38;2;116;143;201m[48;2;115;141;200m▀[0m[38;2;115;141;200m▄[0m              
          [38;2;114;139;198m[48;2;114;140;199m▀[0m[38;2;115;141;200m[48;2;115;141;200m▀[0m[38;2;120;144;201m[48;2;116;142;200m▀[0m[38;2;128;92;98m[48;2;22;16;17m▀[0m[38;2;119;144;201m[48;2;115;141;200m▀[0m[38;2;116;142;201m[48;2;115;142;200m▀[0m[38;2;116;143;201m[48;2;115;141;200m▀[0m[38;2;117;143;201m[48;2;115;141;200m▀[0m[38;2;116;143;201m[48;2;116;142;200m▀[0m[38;2;117;143;201m[48;2;116;143;200m▀[0m[38;2;115;141;200m[48;2;116;143;201m▀[0m[38;2;116;142;200m[48;2;115;140;199m▀[0m[38;2;116;142;200m[48;2;115;140;199m▀[0m[38;2;114;140;199m[48;2;114;140;199m▀[0m[38;2;115;140;199m[48;2;114;140;199m▀[0m[38;2;114;140;199m[48;2;115;141;200m▀[0m              
         [38;2;149;168;213m▄[0m[38;2;115;141;200m[48;2;10;13;18m▀[0m[38;2;115;141;200m[48;2;116;141;200m▀[0m[38;2;116;142;200m[48;2;115;141;199m▀[0m[38;2;115;142;200m[48;2;115;141;199m▀[0m[38;2;115;141;200m[48;2;114;141;199m▀[0m[38;2;114;141;199m[48;2;114;140;199m▀[0m[38;2;115;142;200m[48;2;151;172;221m▀[0m[38;2;90;110;157m[48;2;146;164;212m▀[0m[38;2;115;141;199m[48;2;137;161;217m▀[0m[38;2;114;140;199m[48;2;114;139;198m▀[0m[38;2;114;140;199m[48;2;115;140;199m▀[0m[38;2;114;140;199m[48;2;115;141;199m▀[0m[38;2;114;140;198m[48;2;117;142;200m▀[0m[38;2;116;142;200m[48;2;54;65;98m▀[0m[38;2;116;142;200m[48;2;95;114;171m▀[0m[38;2;96;116;173m[48;2;113;97;92m▀[0m[38;2;148;132;120m▄[0m[38;2;156;138;127m▄[0m            
         [38;2;135;156;207m[48;2;115;139;198m▀[0m[38;2;125;149;204m[48;2;114;139;199m▀[0m[38;2;113;139;197m[48;2;12;13;19m▀[0m[38;2;114;141;199m[48;2;109;132;195m▀[0m[38;2;116;141;199m[48;2;113;139;198m▀[0m[38;2;114;140;199m[48;2;113;139;198m▀[0m[38;2;114;139;198m[48;2;114;140;199m▀[0m[38;2;117;141;200m[48;2;104;123;184m▀[0m[38;2;121;144;201m[48;2;96;114;170m▀[0m[38;2;115;141;199m[48;2;96;114;171m▀[0m[38;2;114;139;198m[48;2;97;117;177m▀[0m[38;2;114;140;199m[48;2;98;118;177m▀[0m[38;2;107;129;193m[48;2;98;118;178m▀[0m[38;2;96;113;171m[48;2;236;224;188m▀[0m[38;2;208;195;168m[48;2;251;239;210m▀[0m[38;2;251;240;211m[48;2;251;240;209m▀[0m[38;2;243;232;208m[48;2;251;240;211m▀[0m[38;2;250;238;202m[48;2;250;238;201m▀[0m[38;2;251;239;197m[48;2;250;237;203m▀[0m[38;2;250;238;197m[48;2;251;239;195m▀[0m[38;2;154;130;125m[48;2;252;240;196m▀[0m          
         [38;2;102;122;182m[48;2;252;239;199m▀[0m[38;2;96;114;169m[48;2;254;246;204m▀[0m[38;2;3;3;5m[48;2;251;239;197m▀[0m[38;2;97;117;174m[48;2;96;114;169m▀[0m[38;2;99;122;186m[48;2;96;114;170m▀[0m[38;2;100;122;186m[48;2;96;115;171m▀[0m[38;2;99;120;181m[48;2;97;115;170m▀[0m[38;2;97;117;174m[48;2;96;114;170m▀[0m[38;2;41;49;70m[48;2;96;114;169m▀[0m[38;2;80;94;140m[48;2;95;113;168m▀[0m[38;2;96;114;170m[48;2;95;114;168m▀[0m[38;2;96;113;169m[48;2;96;114;170m▀[0m[38;2;93;114;171m[48;2;204;188;160m▀[0m[38;2;251;238;205m[48;2;251;239;201m▀[0m[38;2;251;240;211m[48;2;251;238;204m▀[0m[38;2;251;239;210m[48;2;250;238;205m▀[0m[38;2;251;240;209m[48;2;251;239;202m▀[0m[38;2;250;238;206m[48;2;248;236;204m▀[0m[38;2;251;239;199m[48;2;251;240;210m▀[0m[38;2;250;239;198m[48;2;249;238;193m▀[0m[38;2;251;239;197m[48;2;252;239;197m▀[0m[38;2;251;239;198m[48;2;235;224;185m▀[0m         
         [38;2;252;240;199m[48;2;251;240;198m▀[0m[38;2;251;239;197m[48;2;251;240;195m▀[0m[38;2;251;239;196m[48;2;217;207;178m▀[0m[38;2;212;202;167m[48;2;207;196;167m▀[0m[38;2;96;114;171m[48;2;202;189;160m▀[0m[38;2;96;114;171m[48;2;99;123;188m▀[0m[38;2;96;114;171m[48;2;96;116;171m▀[0m[38;2;96;114;170m[48;2;96;116;172m▀[0m[38;2;96;114;170m[48;2;97;116;172m▀[0m[38;2;96;114;171m[48;2;97;116;173m▀[0m[38;2;97;115;171m[48;2;96;115;171m▀[0m[38;2;96;115;171m[48;2;96;116;172m▀[0m[38;2;214;200;171m[48;2;120;101;93m▀[0m[38;2;251;239;199m[48;2;198;185;157m▀[0m[38;2;251;239;197m[48;2;213;202;168m▀[0m[38;2;252;239;196m[48;2;208;196;166m▀[0m[38;2;250;238;196m[48;2;213;201;167m▀[0m[38;2;252;239;196m[48;2;209;197;164m▀[0m[38;2;252;240;196m[48;2;209;197;166m▀[0m[38;2;228;217;181m[48;2;207;196;164m▀[0m[38;2;207;195;164m[48;2;199;186;157m▀[0m[38;2;198;186;155m[48;2;198;186;156m▀[0m         
         [38;2;243;233;194m▀[0m[38;2;209;197;165m[48;2;203;193;163m▀[0m[38;2;210;198;165m[48;2;203;192;159m▀[0m[38;2;198;186;157m[48;2;198;186;156m▀[0m[38;2;199;186;157m[48;2;196;183;155m▀[0m[38;2;198;186;158m[48;2;206;195;162m▀[0m[38;2;195;183;158m[48;2;205;195;165m▀[0m[38;2;29;35;55m[48;2;209;197;168m▀[0m[38;2;112;135;201m▀[0m[38;2;114;138;204m▀[0m[38;2;34;42;60m▀[0m[38;2;97;116;173m[48;2;106;131;193m▀[0m[38;2;97;116;173m[48;2;98;117;176m▀[0m[38;2;198;186;157m[48;2;173;159;141m▀[0m[38;2;163;149;130m[48;2;199;187;158m▀[0m[38;2;191;180;155m[48;2;199;186;156m▀[0m[38;2;198;186;158m[48;2;199;186;155m▀[0m[38;2;198;186;155m[48;2;198;186;155m▀[0m[38;2;199;186;157m[48;2;199;189;163m▀[0m[38;2;208;196;164m[48;2;214;203;169m▀[0m[38;2;207;195;163m[48;2;215;203;170m▀[0m[38;2;198;186;159m▀[0m         
           [38;2;202;191;163m▀[0m[38;2;205;193;164m▀[0m[38;2;208;196;164m▀[0m[38;2;217;205;172m▀[0m[38;2;176;159;143m▀[0m       [38;2;153;133;124m▀[0m[38;2;209;197;166m▀[0m[38;2;213;202;170m▀[0m[38;2;208;196;164m▀[0m[38;2;207;196;163m▀[0m[38;2;210;198;168m▀[0m           
                                        
