                                        
                                        
                       [38;2;182;161;192m▄[0m[38;2;184;164;194m[48;2;178;156;189m▀[0m[38;2;161;132;173m[48;2;162;134;173m▀[0m[38;2;165;136;177m[48;2;162;133;173m▀[0m[38;2;162;133;174m▄[0m[38;2;162;133;173m▄[0m           
                       [38;2;181;160;191m[48;2;67;53;69m▀[0m[38;2;156;127;168m[48;2;166;139;176m▀[0m[38;2;165;136;176m[48;2;158;129;170m▀[0m[38;2;142;114;149m[48;2;146;118;154m▀[0m[38;2;22;16;22m[48;2;136;107;140m▀[0m[38;2;162;133;174m[48;2;132;104;137m▀[0m[38;2;162;133;174m[48;2;162;135;173m▀[0m[38;2;162;133;174m▄[0m         
                        [38;2;150;122;159m▀[0m[38;2;148;120;157m[48;2;3;2;3m▀[0m[38;2;136;108;140m[48;2;140;111;144m▀[0m[38;2;135;107;140m[48;2;145;114;149m▀[0m[38;2;57;45;57m▀[0m[38;2;1;0;0m▀[0m[38;2;158;129;170m▀[0m[38;2;158;130;170m[48;2;162;133;174m▀[0m[38;2;160;132;172m▄[0m       
           [38;2;158;129;170m▄[0m[38;2;158;130;170m▄[0m[38;2;21;17;22m▄[0m                  [38;2;159;131;170m[48;2;99;81;105m▀[0m[38;2;169;138;181m▄[0m      
          [38;2;143;114;148m[48;2;147;117;149m▀[0m[38;2;185;158;127m[48;2;184;158;127m▀[0m[38;2;134;107;139m[48;2;139;111;144m▀[0m[38;2;136;108;140m[48;2;135;108;140m▀[0m[38;2;18;14;18m▄[0m        [38;2;131;114;138m▄[0m[38;2;184;162;195m▄[0m[38;2;0;0;0m▄[0m       [38;2;158;130;170m[48;2;167;137;179m▀[0m[38;2;0;0;0m▄[0m     
          [38;2;22;18;14m[48;2;33;28;22m▀[0m[38;2;187;161;130m[48;2;173;153;183m▀[0m[38;2;135;107;138m[48;2;182;163;193m▀[0m[38;2;23;20;22m[48;2;185;163;195m▀[0m[38;2;176;154;185m[48;2;184;163;195m▀[0m[38;2;149;122;159m[48;2;184;163;194m▀[0m[38;2;53;43;56m[48;2;160;132;172m▀[0m[38;2;162;133;174m▄[0m[38;2;163;133;172m▄[0m [38;2;178;156;188m▄[0m[38;2;183;162;194m[48;2;162;133;172m▀[0m[38;2;181;161;192m[48;2;11;9;11m▀[0m[38;2;183;162;193m[48;2;183;156;126m▀[0m[38;2;159;129;170m[48;2;185;157;128m▀[0m[38;2;158;130;170m[48;2;158;129;169m▀[0m       [38;2;0;0;0m▀[0m[38;2;151;120;158m[48;2;136;108;140m▀[0m     
      [38;2;62;59;53m▀[0m[38;2;210;203;182m▄[0m [38;2;164;135;177m▄[0m[38;2;181;160;191m[48;2;180;160;191m▀[0m[38;2;184;163;196m[48;2;163;136;174m▀[0m[38;2;181;161;192m[48;2;157;130;169m▀[0m[38;2;181;161;192m[48;2;158;129;170m▀[0m[38;2;180;160;191m[48;2;162;133;173m▀[0m[38;2;162;133;174m[48;2;162;135;174m▀[0m[38;2;162;133;173m[48;2;162;133;173m▀[0m[38;2;162;133;173m[48;2;162;133;172m▀[0m[38;2;158;129;170m[48;2;158;129;170m▀[0m[38;2;158;129;169m[48;2;148;121;156m▀[0m[38;2;159;128;166m[48;2;61;48;62m▀[0m[38;2;197;170;137m[48;2;185;158;128m▀[0m[38;2;182;156;126m[48;2;184;159;128m▀[0m[38;2;183;156;126m[48;2;184;158;127m▀[0m[38;2;183;156;126m[48;2;182;156;126m▀[0m[38;2;148;120;157m[48;2;138;110;143m▀[0m        [38;2;137;108;140m[48;2;136;108;140m▀[0m     
      [38;2;55;44;58m▄[0m[38;2;182;161;193m▄[0m[38;2;124;101;131m[48;2;166;139;178m▀[0m[38;2;162;134;174m[48;2;163;134;173m▀[0m[38;2;162;133;174m[48;2;162;134;173m▀[0m[38;2;158;128;168m[48;2;160;131;172m▀[0m[38;2;158;129;170m[48;2;158;129;170m▀[0m[38;2;162;134;173m[48;2;162;133;173m▀[0m[38;2;162;133;172m[48;2;141;112;143m▀[0m[38;2;159;130;168m[48;2;147;76;80m▀[0m[38;2;146;116;151m[48;2;211;212;223m▀[0m[38;2;24;24;25m[48;2;212;213;223m▀[0m[38;2;138;110;143m[48;2;139;109;143m▀[0m[38;2;143;113;145m[48;2;142;113;146m▀[0m[38;2;142;114;145m[48;2;143;113;145m▀[0m[38;2;218;195;168m[48;2;219;195;168m▀[0m[38;2;219;195;169m[48;2;216;192;167m▀[0m[38;2;213;190;162m[48;2;216;192;167m▀[0m[38;2;185;158;127m[48;2;192;166;134m▀[0m[38;2;140;111;143m[48;2;139;110;144m▀[0m[38;2;10;7;10m▄[0m[38;2;181;161;192m▄[0m[38;2;183;163;194m▄[0m[38;2;21;17;22m[48;2;181;161;192m▀[0m[38;2;160;132;172m▄[0m[38;2;159;131;170m▄[0m[38;2;0;0;0m▄[0m [38;2;136;108;140m[48;2;136;109;140m▀[0m     
      [38;2;26;20;26m▀[0m[38;2;152;122;157m[48;2;142;114;144m▀[0m[38;2;154;124;162m[48;2;50;45;42m▀[0m[38;2;147;118;155m[48;2;212;194;173m▀[0m[38;2;147;119;154m[48;2;212;194;174m▀[0m[38;2;139;111;143m[48;2;212;194;173m▀[0m[38;2;139;110;143m[48;2;213;195;173m▀[0m[38;2;38;30;37m[48;2;241;224;201m▀[0m[38;2;255;255;255m[48;2;242;225;202m▀[0m[38;2;184;79;90m[48;2;241;228;206m▀[0m[38;2;255;255;255m[48;2;24;22;22m▀[0m[38;2;255;255;255m[48;2;149;120;155m▀[0m[38;2;143;113;146m[48;2;139;110;143m▀[0m[38;2;143;114;146m[48;2;138;110;143m▀[0m[38;2;137;109;143m[48;2;47;36;47m▀[0m[38;2;105;93;78m[48;2;139;110;143m▀[0m[38;2;216;192;166m[48;2;139;111;143m▀[0m[38;2;216;192;167m[48;2;143;114;145m▀[0m[38;2;151;120;155m[48;2;140;111;143m▀[0m[38;2;51;39;50m[48;2;158;129;169m▀[0m[38;2;158;129;169m[48;2;158;130;170m▀[0m[38;2;158;129;169m[48;2;158;130;170m▀[0m[38;2;160;131;171m[48;2;158;129;170m▀[0m[38;2;161;133;173m[48;2;158;129;170m▀[0m[38;2;158;128;168m[48;2;158;129;170m▀[0m[38;2;158;129;170m[48;2;158;129;170m▀[0m[38;2;162;133;175m[48;2;157;129;169m▀[0m[38;2;24;19;24m[48;2;162;134;173m▀[0m[38;2;35;28;35m▀[0m     
       [38;2;0;0;0m[48;2;255;255;255m▀[0m[38;2;221;203;181m[48;2;255;255;255m▀[0m[38;2;47;42;39m[48;2;220;220;229m▀[0m[38;2;194;194;205m[48;2;211;212;223m▀[0m[38;2;230;212;187m[48;2;148;108;120m▀[0m[38;2;212;194;173m[48;2;228;209;186m▀[0m[38;2;234;217;195m[48;2;212;194;173m▀[0m[38;2;225;207;186m[48;2;212;194;174m▀[0m[38;2;212;194;173m[48;2;212;194;173m▀[0m[38;2;212;194;173m[48;2;217;200;175m▀[0m[38;2;183;169;152m[48;2;219;202;177m▀[0m[38;2;242;226;203m[48;2;217;199;177m▀[0m[38;2;241;224;202m[48;2;139;110;143m▀[0m[38;2;246;229;205m[48;2;158;129;170m▀[0m[38;2;243;227;204m[48;2;158;129;170m▀[0m[38;2;157;145;131m[48;2;158;129;170m▀[0m[38;2;36;32;29m[48;2;162;134;173m▀[0m[38;2;62;52;63m[48;2;162;134;173m▀[0m[38;2;96;80;101m[48;2;162;133;173m▀[0m[38;2;140;116;148m[48;2;162;134;172m▀[0m[38;2;137;113;146m[48;2;162;133;174m▀[0m[38;2;137;116;143m[48;2;162;133;173m▀[0m[38;2;158;130;170m[48;2;162;133;174m▀[0m[38;2;158;129;170m[48;2;159;130;171m▀[0m[38;2;158;129;170m[48;2;158;128;168m▀[0m[38;2;158;130;170m[48;2;158;129;170m▀[0m[38;2;158;129;168m[48;2;162;133;173m▀[0m[38;2;17;13;16m▄[0m     
  [38;2;78;73;69m▄[0m[38;2;223;207;187m▄[0m[38;2;0;0;0m[48;2;240;225;199m▀[0m[38;2;162;133;173m[48;2;248;241;214m▀[0m[38;2;162;133;173m[48;2;152;123;161m▀[0m[38;2;255;255;255m[48;2;149;148;148m▀[0m[38;2;255;255;255m[48;2;255;255;255m▀[0m[38;2;255;255;255m[48;2;230;231;237m▀[0m[38;2;146;116;151m[48;2;136;108;141m▀[0m[38;2;150;111;123m[48;2;30;22;30m▀[0m[38;2;148;109;121m[48;2;151;110;122m▀[0m[38;2;219;202;178m[48;2;23;16;18m▀[0m[38;2;212;194;173m[48;2;132;120;106m▀[0m[38;2;212;195;174m[48;2;218;200;177m▀[0m[38;2;217;200;176m[48;2;218;201;175m▀[0m[38;2;218;201;175m[48;2;218;200;175m▀[0m[38;2;212;194;174m[48;2;217;200;176m▀[0m[38;2;179;158;162m[48;2;218;200;176m▀[0m[38;2;158;130;170m[48;2;142;114;146m▀[0m[38;2;156;127;167m[48;2;162;133;173m▀[0m[38;2;158;128;169m[48;2;158;129;169m▀[0m[38;2;160;131;172m[48;2;158;130;170m▀[0m[38;2;162;133;174m[48;2;161;132;173m▀[0m[38;2;158;130;170m[48;2;158;129;170m▀[0m[38;2;158;130;170m[48;2;158;130;170m▀[0m[38;2;161;133;173m[48;2;158;129;170m▀[0m[38;2;162;133;174m[48;2;162;133;174m▀[0m[38;2;162;133;174m[48;2;160;130;171m▀[0m[38;2;162;132;173m[48;2;158;129;170m▀[0m[38;2;159;129;170m[48;2;158;130;170m▀[0m[38;2;160;132;172m[48;2;158;130;170m▀[0m[38;2;162;133;172m[48;2;158;129;170m▀[0m[38;2;154;125;162m[48;2;146;117;154m▀[0m     
  [38;2;34;30;27m▄[0m[38;2;238;221;199m▀[0m[38;2;206;189;168m▀[0m[38;2;206;190;170m▀[0m[38;2;135;107;140m▀[0m[38;2;138;110;142m▀[0m[38;2;143;113;147m▀[0m[38;2;143;113;147m▀[0m[38;2;139;111;142m▀[0m[38;2;136;108;141m▀[0m[38;2;201;148;172m[48;2;8;6;7m▀[0m[38;2;190;156;162m[48;2;191;156;162m▀[0m[38;2;191;155;161m[48;2;191;156;162m▀[0m[38;2;210;193;171m[48;2;148;118;124m▀[0m[38;2;218;200;175m[48;2;211;193;172m▀[0m[38;2;217;199;175m[48;2;212;194;173m▀[0m[38;2;213;195;173m[48;2;212;194;173m▀[0m[38;2;217;199;175m[48;2;218;200;177m▀[0m[38;2;75;63;75m[48;2;162;133;173m▀[0m[38;2;161;133;173m[48;2;162;133;173m▀[0m[38;2;158;129;169m[48;2;160;131;171m▀[0m[38;2;158;128;169m[48;2;159;129;170m▀[0m[38;2;158;129;170m[48;2;158;128;169m▀[0m[38;2;152;125;162m[48;2;180;170;159m▀[0m[38;2;162;133;174m[48;2;211;196;175m▀[0m[38;2;162;133;173m[48;2;243;227;202m▀[0m[38;2;229;210;199m[48;2;241;224;202m▀[0m[38;2;243;227;203m[48;2;229;213;191m▀[0m[38;2;161;131;172m[48;2;80;74;67m▀[0m[38;2;157;128;169m[48;2;162;133;173m▀[0m[38;2;162;133;174m[48;2;158;129;169m▀[0m[38;2;158;129;170m[48;2;158;129;169m▀[0m[38;2;139;111;145m[48;2;136;108;140m▀[0m[38;2;0;0;0m[48;2;136;108;140m▀[0m    
            [38;2;235;204;210m[48;2;64;57;53m▀[0m[38;2;223;194;200m[48;2;223;195;200m▀[0m[38;2;223;194;200m[48;2;243;217;223m▀[0m[38;2;57;51;46m[48;2;212;194;173m▀[0m[38;2;210;194;171m[48;2;8;7;6m▀[0m[38;2;226;207;184m▀[0m[38;2;0;0;0m▄[0m[38;2;158;129;170m[48;2;162;133;173m▀[0m[38;2;162;133;173m[48;2;163;133;172m▀[0m[38;2;158;130;170m[48;2;158;130;170m▀[0m[38;2;158;129;170m[48;2;158;129;170m▀[0m[38;2;162;133;174m[48;2;158;129;169m▀[0m[38;2;9;7;7m[48;2;0;0;0m▀[0m[38;2;184;175;161m[48;2;192;182;170m▀[0m[38;2;180;171;159m[48;2;179;169;158m▀[0m[38;2;179;170;158m[48;2;179;170;158m▀[0m[38;2;178;168;157m[48;2;195;185;173m▀[0m[38;2;184;174;160m▀[0m[38;2;183;174;161m▀[0m[38;2;145;116;151m▀[0m[38;2;150;121;157m[48;2;138;109;142m▀[0m[38;2;138;109;142m[48;2;136;107;140m▀[0m[38;2;135;108;140m[48;2;136;108;140m▀[0m[38;2;136;108;141m[48;2;134;107;140m▀[0m[38;2;136;108;140m[48;2;138;111;143m▀[0m[38;2;147;117;152m[48;2;138;110;143m▀[0m  
             [38;2;173;156;139m▀[0m[38;2;172;155;143m▀[0m   [38;2;140;111;144m[48;2;139;111;144m▀[0m[38;2;162;133;174m[48;2;162;133;173m▀[0m[38;2;158;130;170m[48;2;158;130;170m▀[0m[38;2;158;129;170m[48;2;146;118;154m▀[0m[38;2;158;130;170m[48;2;68;53;69m▀[0m[38;2;131;122;113m[48;2;124;116;107m▀[0m[38;2;179;170;159m[48;2;195;184;172m▀[0m[38;2;167;155;153m▀[0m[38;2;118;95;131m▀[0m       [38;2;55;43;57m[48;2;50;43;46m▀[0m[38;2;77;59;77m[48;2;144;115;151m▀[0m[38;2;140;112;145m[48;2;135;108;140m▀[0m[38;2;136;108;141m[48;2;137;108;141m▀[0m  
                [38;2;245;229;203m▄[0m[38;2;141;112;146m[48;2;245;229;205m▀[0m[38;2;138;110;142m[48;2;229;212;189m▀[0m[38;2;136;107;140m[48;2;135;106;140m▀[0m[38;2;136;107;141m[48;2;145;115;151m▀[0m[38;2;138;109;143m▀[0m           [38;2;210;197;178m▀[0m[38;2;190;179;161m[48;2;213;196;176m▀[0m[38;2;246;229;205m[48;2;23;20;19m▀[0m[38;2;241;224;202m[48;2;94;85;76m▀[0m[38;2;37;32;32m▀[0m  
                [38;2;244;229;203m▀[0m[38;2;214;197;176m[48;2;22;20;18m▀[0m[38;2;241;224;202m▀[0m[38;2;8;6;7m▀[0m                    
                                        
                                        
