                                        
                [38;2;52;53;53m▄[0m [38;2;238;239;234m[48;2;218;223;220m▀[0m[38;2;209;214;211m▄[0m[38;2;167;170;177m▄[0m[38;2;235;239;236m[48;2;165;170;175m▀[0m[38;2;228;227;224m▄[0m[38;2;202;199;195m[48;2;59;59;60m▀[0m                
                [38;2;81;84;86m▀[0m[38;2;156;164;171m[48;2;155;162;171m▀[0m[38;2;221;226;223m[48;2;94;47;79m▀[0m[38;2;220;224;222m[48;2;119;45;95m▀[0m[38;2;219;221;220m[48;2;216;220;217m▀[0m[38;2;221;225;222m[48;2;192;195;193m▀[0m[38;2;199;200;199m[48;2;180;185;189m▀[0m[38;2;172;177;181m▄[0m[38;2;221;225;223m▄[0m[38;2;211;212;212m▄[0m              
          [38;2;18;18;18m▄[0m   [38;2;0;0;0m▄[0m[38;2;238;233;225m▄[0m[38;2;176;172;166m[48;2;239;233;225m▀[0m[38;2;222;227;224m[48;2;219;221;220m▀[0m[38;2;157;76;129m[48;2;133;134;136m▀[0m[38;2;240;116;199m[48;2;184;185;186m▀[0m[38;2;159;160;159m[48;2;216;222;219m▀[0m[38;2;187;188;186m[48;2;156;157;155m▀[0m[38;2;108;110;114m[48;2;119;123;125m▀[0m[38;2;168;172;175m[48;2;177;182;186m▀[0m[38;2;202;207;205m▀[0m               
         [38;2;215;217;217m[48;2;221;226;223m▀[0m[38;2;37;38;38m[48;2;225;226;227m▀[0m   [38;2;219;223;220m[48;2;106;104;101m▀[0m[38;2;227;226;222m[48;2;248;244;233m▀[0m[38;2;219;221;220m[48;2;242;237;227m▀[0m[38;2;219;222;220m[48;2;244;240;229m▀[0m[38;2;221;226;223m[48;2;203;202;196m▀[0m[38;2;219;221;221m[48;2;196;198;196m▀[0m[38;2;214;219;215m[48;2;184;185;185m▀[0m[38;2;188;189;187m[48;2;184;185;184m▀[0m[38;2;187;190;188m[48;2;184;185;184m▀[0m[38;2;140;143;144m▄[0m                
         [38;2;155;160;169m[48;2;31;32;34m▀[0m[38;2;154;160;168m[48;2;153;159;168m▀[0m[38;2;17;18;19m[48;2;160;166;173m▀[0m[38;2;128;128;126m[48;2;238;233;223m▀[0m[38;2;239;234;225m[48;2;243;239;228m▀[0m[38;2;243;238;228m[48;2;228;226;215m▀[0m[38;2;243;238;228m[48;2;232;232;226m▀[0m[38;2;243;239;228m[48;2;231;231;226m▀[0m[38;2;243;239;228m[48;2;237;236;227m▀[0m[38;2;240;235;227m[48;2;239;235;226m▀[0m[38;2;241;239;228m[48;2;231;230;224m▀[0m[38;2;192;193;191m[48;2;201;203;202m▀[0m[38;2;196;199;197m[48;2;185;185;184m▀[0m[38;2;180;184;184m[48;2;94;96;96m▀[0m[38;2;177;182;183m[48;2;177;182;182m▀[0m [38;2;213;218;215m▄[0m[38;2;238;237;228m▄[0m[38;2;243;239;228m[48;2;227;229;224m▀[0m[38;2;10;10;10m▀[0m           
          [38;2;170;175;179m▀[0m[38;2;100;104;108m[48;2;134;140;148m▀[0m[38;2;221;225;221m[48;2;176;179;182m▀[0m[38;2;221;226;223m[48;2;201;107;143m▀[0m[38;2;209;211;209m[48;2;77;49;52m▀[0m[38;2;201;207;203m[48;2;192;104;134m▀[0m[38;2;215;221;218m[48;2;193;103;134m▀[0m[38;2;219;223;220m[48;2;161;88;114m▀[0m[38;2;217;222;219m[48;2;158;87;111m▀[0m[38;2;202;207;204m[48;2;188;189;187m▀[0m[38;2;186;188;186m[48;2;188;189;186m▀[0m[38;2;183;183;180m[48;2;188;189;186m▀[0m[38;2;212;217;214m[48;2;219;223;220m▀[0m[38;2;221;226;223m[48;2;221;226;223m▀[0m[38;2;221;226;223m[48;2;221;226;223m▀[0m[38;2;221;226;223m[48;2;222;227;224m▀[0m[38;2;224;228;223m[48;2;221;226;223m▀[0m[38;2;221;226;223m▀[0m            
            [38;2;185;190;191m▀[0m[38;2;252;250;249m[48;2;253;252;251m▀[0m[38;2;150;154;158m[48;2;143;82;103m▀[0m[38;2;193;104;134m[48;2;193;104;135m▀[0m[38;2;197;104;137m[48;2;186;191;194m▀[0m[38;2;240;240;241m[48;2;231;232;235m▀[0m[38;2;235;235;238m[48;2;241;242;246m▀[0m[38;2;192;104;135m[48;2;193;103;134m▀[0m[38;2;185;185;184m[48;2;195;105;138m▀[0m[38;2;188;189;186m[48;2;176;181;182m▀[0m[38;2;189;190;187m[48;2;181;185;187m▀[0m[38;2;184;185;186m[48;2;69;68;76m▀[0m[38;2;187;188;185m[48;2;145;143;162m▀[0m[38;2;207;215;214m▀[0m              
            [38;2;253;238;188m▄[0m[38;2;254;246;216m[48;2;255;247;194m▀[0m[38;2;255;250;217m[48;2;255;244;189m▀[0m[38;2;255;248;199m[48;2;255;246;191m▀[0m[38;2;255;250;197m[48;2;255;242;189m▀[0m[38;2;207;206;212m[48;2;255;246;191m▀[0m[38;2;220;222;226m[48;2;255;246;192m▀[0m[38;2;192;104;135m[48;2;192;104;135m▀[0m[38;2;195;106;138m[48;2;201;109;144m▀[0m[38;2;197;108;142m[48;2;202;108;146m▀[0m[38;2;139;136;155m[48;2;141;139;157m▀[0m[38;2;139;136;155m[48;2;173;177;180m▀[0m                
           [38;2;119;120;121m▄[0m[38;2;56;53;42m[48;2;221;228;234m▀[0m[38;2;200;188;146m[48;2;182;173;136m▀[0m[38;2;227;215;167m[48;2;213;202;156m▀[0m[38;2;241;229;178m[48;2;213;203;158m▀[0m[38;2;255;246;191m[48;2;212;201;156m▀[0m[38;2;255;246;192m[48;2;62;59;47m▀[0m[38;2;255;246;191m[48;2;53;51;40m▀[0m[38;2;204;195;152m[48;2;46;27;31m▀[0m[38;2;212;112;150m[48;2;209;111;148m▀[0m[38;2;209;109;149m[48;2;77;102;166m▀[0m[38;2;75;98;181m▄[0m[38;2;78;106;189m▄[0m                
          [38;2;44;44;125m[48;2;71;103;196m▀[0m[38;2;70;82;240m[48;2;72;103;194m▀[0m[38;2;72;100;205m[48;2;72;102;190m▀[0m[38;2;71;102;192m[48;2;238;236;242m▀[0m[38;2;221;225;232m[48;2;238;237;242m▀[0m[38;2;164;170;183m[48;2;204;211;222m▀[0m[38;2;150;141;104m[48;2;204;211;222m▀[0m[38;2;160;159;121m[48;2;77;81;243m▀[0m[38;2;81;109;203m[48;2;79;84;242m▀[0m[38;2;27;26;28m[48;2;73;88;219m▀[0m[38;2;186;184;205m[48;2;83;103;207m▀[0m[38;2;183;181;202m[48;2;219;220;230m▀[0m[38;2;186;185;205m[48;2;194;197;213m▀[0m[38;2;3;7;11m[48;2;183;181;202m▀[0m[38;2;69;84;237m[48;2;186;185;205m▀[0m               
          [38;2;57;77;136m▀[0m[38;2;72;103;194m▀[0m[38;2;237;237;239m[48;2;245;117;167m▀[0m[38;2;220;220;225m[48;2;245;118;166m▀[0m[38;2;235;236;241m[48;2;166;96;119m▀[0m[38;2;206;212;223m[48;2;200;108;142m▀[0m[38;2;205;212;223m[48;2;107;113;121m▀[0m[38;2;81;84;244m[48;2;191;102;134m▀[0m[38;2;94;92;247m[48;2;193;103;134m▀[0m[38;2;70;82;250m[48;2;192;104;135m▀[0m[38;2;77;96;198m[48;2;137;85;116m▀[0m[38;2;82;100;202m[48;2;138;84;117m▀[0m[38;2;236;236;241m[48;2;143;85;120m▀[0m[38;2;237;236;241m▀[0m                
           [38;2;244;118;167m[48;2;245;117;167m▀[0m[38;2;245;118;166m[48;2;245;118;166m▀[0m[38;2;245;118;165m[48;2;238;117;166m▀[0m[38;2;217;111;152m[48;2;195;106;140m▀[0m[38;2;195;107;142m[48;2;84;51;61m▀[0m[38;2;240;117;166m[48;2;237;117;165m▀[0m[38;2;237;119;166m[48;2;241;118;167m▀[0m[38;2;193;104;135m[48;2;193;104;136m▀[0m[38;2;192;104;134m[48;2;190;102;135m▀[0m[38;2;148;86;122m[48;2;191;103;134m▀[0m[38;2;141;86;117m[48;2;170;95;129m▀[0m[38;2;168;93;129m[48;2;199;107;143m▀[0m[38;2;5;3;3m▄[0m                
          [38;2;253;128;178m[48;2;241;149;184m▀[0m[38;2;245;117;165m[48;2;245;117;165m▀[0m[38;2;238;118;170m[48;2;237;117;166m▀[0m[38;2;237;117;162m[48;2;212;111;151m▀[0m[38;2;198;108;144m[48;2;196;107;139m▀[0m[38;2;193;103;137m[48;2;193;103;134m▀[0m[38;2;176;94;124m[48;2;193;104;134m▀[0m[38;2;242;117;165m[48;2;39;28;27m▀[0m[38;2;193;103;135m[48;2;198;108;142m▀[0m[38;2;193;105;137m[48;2;192;104;135m▀[0m[38;2;190;102;134m[48;2;192;104;135m▀[0m[38;2;132;82;99m[48;2;96;71;74m▀[0m[38;2;201;107;141m[48;2;192;104;134m▀[0m                 
          [38;2;240;124;171m[48;2;245;118;166m▀[0m[38;2;238;118;166m[48;2;47;32;33m▀[0m[38;2;93;60;62m[48;2;244;132;177m▀[0m[38;2;244;118;168m[48;2;245;118;165m▀[0m[38;2;226;115;158m[48;2;245;118;166m▀[0m[38;2;192;104;136m[48;2;245;117;165m▀[0m[38;2;192;104;135m[48;2;82;56;57m▀[0m[38;2;192;104;135m[48;2;193;103;133m▀[0m[38;2;193;105;136m[48;2;193;103;134m▀[0m[38;2;55;35;37m[48;2;192;104;135m▀[0m[38;2;79;81;79m[48;2;193;103;133m▀[0m[38;2;116;121;119m[48;2;193;105;136m▀[0m[38;2;191;103;132m[48;2;71;49;51m▀[0m      [38;2;166;92;118m▄[0m[38;2;252;137;182m▄[0m         
          [38;2;119;66;83m[48;2;52;49;38m▀[0m[38;2;244;132;171m[48;2;237;119;168m▀[0m[38;2;238;117;165m[48;2;243;117;165m▀[0m[38;2;245;117;166m[48;2;245;118;168m▀[0m[38;2;245;118;168m[48;2;245;117;166m▀[0m[38;2;245;118;166m[48;2;245;117;166m▀[0m[38;2;243;119;169m[48;2;245;118;166m▀[0m[38;2;192;104;135m[48;2;192;104;135m▀[0m[38;2;193;104;135m[48;2;192;104;134m▀[0m[38;2;193;104;135m[48;2;192;104;135m▀[0m[38;2;192;104;134m[48;2;193;105;136m▀[0m[38;2;193;104;135m[48;2;192;105;139m▀[0m[38;2;196;106;138m[48;2;205;109;145m▀[0m[38;2;208;110;147m[48;2;211;111;149m▀[0m[38;2;213;112;150m[48;2;213;110;149m▀[0m[38;2;218;114;153m[48;2;220;114;154m▀[0m[38;2;234;116;161m[48;2;237;117;165m▀[0m[38;2;245;117;165m[48;2;244;118;166m▀[0m[38;2;245;117;167m[48;2;245;117;167m▀[0m[38;2;245;117;165m[48;2;245;118;166m▀[0m[38;2;28;20;19m▀[0m         
          [38;2;104;56;70m[48;2;1;0;0m▀[0m[38;2;244;117;165m[48;2;245;117;166m▀[0m[38;2;241;117;166m[48;2;241;118;168m▀[0m[38;2;245;117;165m[48;2;245;117;166m▀[0m[38;2;245;117;166m[48;2;245;118;167m▀[0m[38;2;245;118;167m[48;2;245;117;166m▀[0m[38;2;245;117;166m[48;2;222;114;155m▀[0m[38;2;203;108;143m[48;2;193;104;137m▀[0m[38;2;192;104;135m[48;2;192;104;135m▀[0m[38;2;191;103;134m[48;2;192;104;135m▀[0m[38;2;191;105;138m[48;2;193;105;136m▀[0m[38;2;199;107;142m[48;2;202;108;146m▀[0m[38;2;210;110;148m[48;2;210;110;148m▀[0m[38;2;211;111;150m[48;2;210;110;148m▀[0m[38;2;212;111;150m[48;2;211;110;150m▀[0m[38;2;216;114;156m[48;2;214;112;152m▀[0m[38;2;227;117;161m[48;2;220;114;154m▀[0m[38;2;234;117;164m[48;2;215;113;155m▀[0m[38;2;231;117;161m[48;2;246;118;165m▀[0m[38;2;76;48;53m▀[0m          
           [38;2;223;115;158m▀[0m[38;2;241;118;164m[48;2;174;98;132m▀[0m[38;2;245;118;165m[48;2;178;100;133m▀[0m[38;2;231;117;161m[48;2;177;100;132m▀[0m[38;2;211;111;150m[48;2;174;98;132m▀[0m[38;2;180;99;132m[48;2;79;53;54m▀[0m[38;2;178;100;133m[48;2;178;100;133m▀[0m[38;2;184;100;134m[48;2;178;100;133m▀[0m[38;2;193;103;133m[48;2;175;99;133m▀[0m[38;2;190;104;138m[48;2;175;99;131m▀[0m[38;2;197;106;141m[48;2;177;99;134m▀[0m[38;2;209;110;148m[48;2;182;101;135m▀[0m[38;2;210;110;148m[48;2;183;102;135m▀[0m[38;2;209;111;149m[48;2;181;103;135m▀[0m[38;2;207;112;150m[48;2;189;104;138m▀[0m[38;2;209;111;148m▀[0m[38;2;126;74;93m▀[0m            
           [38;2;113;118;120m▄[0m[38;2;190;102;137m[48;2;192;104;135m▀[0m[38;2;174;98;132m[48;2;192;104;135m▀[0m[38;2;182;100;135m[48;2;193;103;134m▀[0m[38;2;179;99;132m[48;2;200;107;142m▀[0m[38;2;12;9;9m▀[0m[38;2;155;91;119m▀[0m[38;2;186;103;138m▀[0m[38;2;178;100;133m▀[0m[38;2;178;100;133m▀[0m[38;2;178;100;133m[48;2;87;54;64m▀[0m[38;2;177;99;134m[48;2;157;87;129m▀[0m[38;2;142;87;102m[48;2;163;90;131m▀[0m[38;2;10;6;6m▄[0m               
                                        
