                                        
                                        
                    [38;2;0;0;0m▄[0m[38;2;0;0;0m[48;2;248;219;133m▀[0m[38;2;247;219;135m[48;2;250;227;160m▀[0m[38;2;247;219;134m[48;2;249;220;134m▀[0m[38;2;247;213;112m[48;2;249;219;134m▀[0m[38;2;247;206;86m[48;2;248;213;104m▀[0m[38;2;14;12;5m[48;2;247;206;85m▀[0m[38;2;249;210;86m▄[0m            
                    [38;2;248;209;88m[48;2;244;204;84m▀[0m[38;2;247;215;119m[48;2;246;207;89m▀[0m[38;2;247;217;134m[48;2;244;207;94m▀[0m[38;2;247;219;134m[48;2;243;204;84m▀[0m[38;2;246;213;114m[48;2;245;206;85m▀[0m[38;2;247;206;85m[48;2;240;202;83m▀[0m[38;2;247;206;85m[48;2;240;202;83m▀[0m[38;2;98;83;35m[48;2;250;211;87m▀[0m[38;2;11;10;5m[48;2;240;202;86m▀[0m           
                   [38;2;36;31;14m[48;2;42;36;15m▀[0m[38;2;240;202;84m[48;2;241;202;84m▀[0m[38;2;240;201;83m[48;2;240;202;84m▀[0m[38;2;240;201;84m[48;2;240;202;83m▀[0m[38;2;240;201;83m[48;2;240;202;84m▀[0m[38;2;240;201;84m[48;2;240;202;83m▀[0m[38;2;240;201;83m[48;2;240;202;84m▀[0m[38;2;240;202;83m[48;2;241;202;83m▀[0m[38;2;240;202;85m[48;2;242;202;83m▀[0m[38;2;240;202;85m[48;2;85;72;33m▀[0m           
                    [38;2;203;168;72m[48;2;194;161;70m▀[0m[38;2;211;174;75m[48;2;195;162;70m▀[0m[38;2;217;181;76m[48;2;195;162;70m▀[0m[38;2;215;179;76m[48;2;198;164;70m▀[0m[38;2;211;175;74m[48;2;196;162;70m▀[0m[38;2;211;175;74m▀[0m[38;2;196;162;70m▀[0m[38;2;0;0;0m▀[0m            
                     [38;2;195;161;70m[48;2;221;183;78m▀[0m[38;2;195;162;70m[48;2;215;178;76m▀[0m[38;2;195;162;70m[48;2;215;178;76m▀[0m[38;2;200;167;72m[48;2;209;178;74m▀[0m               
                      [38;2;244;204;84m[48;2;247;212;108m▀[0m[38;2;244;204;84m[48;2;248;208;85m▀[0m[38;2;249;210;87m[48;2;247;206;85m▀[0m               
                  [38;2;146;90;89m▄[0m[38;2;221;134;134m▄[0m[38;2;190;116;115m▄[0m[38;2;17;11;10m▄[0m[38;2;251;213;93m[48;2;244;204;82m▀[0m[38;2;248;208;85m[48;2;243;203;83m▀[0m[38;2;249;207;85m[48;2;243;203;84m▀[0m               
             [38;2;17;18;15m▄[0m[38;2;243;234;197m[48;2;26;23;21m▀[0m[38;2;250;234;198m[48;2;246;237;193m▀[0m[38;2;242;227;194m[48;2;242;226;181m▀[0m[38;2;59;36;36m[48;2;250;233;188m▀[0m[38;2;236;192;188m[48;2;216;132;131m▀[0m[38;2;28;16;16m[48;2;249;233;197m▀[0m[38;2;249;234;199m[48;2;248;233;195m▀[0m[38;2;250;234;197m[48;2;245;231;192m▀[0m[38;2;242;204;87m[48;2;243;214;126m▀[0m[38;2;240;201;83m[48;2;240;202;83m▀[0m[38;2;240;200;83m[48;2;241;203;83m▀[0m[38;2;200;186;153m[48;2;60;59;48m▀[0m[38;2;233;218;178m[48;2;113;107;88m▀[0m[38;2;196;181;151m▄[0m            
            [38;2;161;153;130m[48;2;251;234;196m▀[0m[38;2;15;14;12m[48;2;249;232;190m▀[0m[38;2;4;4;4m[48;2;241;225;183m▀[0m[38;2;242;225;183m[48;2;203;188;155m▀[0m[38;2;231;215;177m[48;2;196;181;151m▀[0m[38;2;221;205;169m[48;2;180;70;66m▀[0m[38;2;217;132;131m[48;2;217;132;131m▀[0m[38;2;249;233;200m[48;2;250;234;197m▀[0m[38;2;249;234;195m[48;2;250;233;197m▀[0m[38;2;250;235;193m[48;2;250;232;189m▀[0m[38;2;246;205;87m[48;2;212;175;75m▀[0m[38;2;246;205;84m[48;2;222;185;78m▀[0m[38;2;245;205;84m[48;2;38;32;14m▀[0m[38;2;196;182;151m[48;2;210;194;161m▀[0m[38;2;156;59;55m[48;2;40;11;10m▀[0m[38;2;8;8;7m[48;2;56;22;19m▀[0m[38;2;168;155;130m[48;2;172;159;132m▀[0m           
           [38;2;66;35;37m[48;2;217;133;131m▀[0m[38;2;248;231;187m[48;2;18;17;14m▀[0m[38;2;243;227;184m[48;2;242;224;184m▀[0m[38;2;199;183;153m[48;2;140;131;108m▀[0m[38;2;197;182;151m[48;2;172;69;66m▀[0m[38;2;32;19;16m[48;2;216;132;131m▀[0m[38;2;217;132;131m[48;2;217;132;131m▀[0m[38;2;217;132;131m[48;2;211;118;117m▀[0m[38;2;255;254;218m[48;2;207;101;102m▀[0m[38;2;249;234;198m[48;2;250;233;191m▀[0m[38;2;250;232;188m[48;2;249;231;188m▀[0m[38;2;247;230;186m[48;2;249;231;187m▀[0m[38;2;112;105;87m[48;2;246;229;185m▀[0m[38;2;193;178;148m[48;2;219;203;167m▀[0m[38;2;196;181;151m[48;2;195;181;149m▀[0m[38;2;44;14;13m[48;2;194;179;148m▀[0m[38;2;156;60;56m[48;2;200;184;151m▀[0m[38;2;202;187;155m[48;2;62;59;48m▀[0m[38;2;4;5;2m▄[0m          
          [38;2;250;234;197m[48;2;250;234;196m▀[0m[38;2;245;242;209m[48;2;247;232;197m▀[0m[38;2;213;132;129m[48;2;228;139;137m▀[0m[38;2;217;132;131m[48;2;213;120;120m▀[0m[38;2;226;137;136m[48;2;150;145;122m▀[0m[38;2;250;234;201m[48;2;251;236;200m▀[0m[38;2;88;52;52m[48;2;211;117;116m▀[0m[38;2;217;132;131m[48;2;202;90;91m▀[0m[38;2;209;109;109m[48;2;199;84;84m▀[0m[38;2;193;80;80m[48;2;198;73;74m▀[0m[38;2;197;74;74m[48;2;197;73;74m▀[0m[38;2;251;243;199m[48;2;197;73;74m▀[0m[38;2;250;231;188m[48;2;196;73;73m▀[0m[38;2;250;232;188m[48;2;174;67;65m▀[0m[38;2;207;191;158m[48;2;151;57;51m▀[0m[38;2;80;32;28m[48;2;156;60;55m▀[0m[38;2;194;180;149m[48;2;157;60;55m▀[0m[38;2;140;52;47m[48;2;188;174;144m▀[0m[38;2;213;197;163m[48;2;218;204;164m▀[0m[38;2;198;182;152m[48;2;196;182;151m▀[0m[38;2;141;125;60m[48;2;114;101;49m▀[0m         
  [38;2;1;1;0m▄[0m[38;2;255;225;129m▄[0m[38;2;0;0;0m▄[0m   [38;2;25;21;10m▄[0m[38;2;218;182;77m▄[0m[38;2;230;214;175m[48;2;203;168;72m▀[0m[38;2;249;233;192m[48;2;214;199;164m▀[0m[38;2;253;239;196m[48;2;213;199;159m▀[0m[38;2;208;109;109m[48;2;189;70;70m▀[0m[38;2;196;88;89m[48;2;198;73;74m▀[0m[38;2;200;84;87m[48;2;198;74;74m▀[0m[38;2;197;73;74m[48;2;194;73;73m▀[0m[38;2;197;74;74m[48;2;249;232;187m▀[0m[38;2;200;73;75m[48;2;249;231;187m▀[0m[38;2;84;36;34m[48;2;250;231;187m▀[0m[38;2;196;72;73m[48;2;224;208;170m▀[0m[38;2;198;73;74m[48;2;202;186;154m▀[0m[38;2;174;66;63m[48;2;160;61;57m▀[0m[38;2;165;63;59m[48;2;164;63;59m▀[0m[38;2;153;58;53m[48;2;157;60;55m▀[0m[38;2;156;60;55m[48;2;157;60;55m▀[0m[38;2;157;60;55m[48;2;156;60;56m▀[0m[38;2;190;176;145m[48;2;196;181;151m▀[0m[38;2;208;195;159m[48;2;201;185;154m▀[0m[38;2;4;4;3m[48;2;143;126;60m▀[0m[38;2;8;7;6m[48;2;99;87;43m▀[0m         
  [38;2;248;216;109m[48;2;242;203;83m▀[0m[38;2;246;215;125m[48;2;241;203;83m▀[0m[38;2;246;205;84m[48;2;242;203;84m▀[0m[38;2;245;204;84m[48;2;242;202;84m▀[0m[38;2;242;202;83m[48;2;248;207;85m▀[0m[38;2;245;205;84m[48;2;246;206;85m▀[0m[38;2;244;205;84m[48;2;246;205;85m▀[0m[38;2;244;204;84m[48;2;253;214;89m▀[0m[38;2;197;163;70m▀[0m[38;2;196;182;151m[48;2;188;174;145m▀[0m[38;2;197;182;152m[48;2;189;175;146m▀[0m[38;2;157;60;55m[48;2;152;58;53m▀[0m[38;2;157;60;55m[48;2;158;61;55m▀[0m[38;2;159;61;55m[48;2;157;60;55m▀[0m[38;2;225;210;172m[48;2;197;182;151m▀[0m[38;2;231;215;176m[48;2;198;183;152m▀[0m[38;2;223;208;172m[48;2;210;193;161m▀[0m[38;2;205;191;157m[48;2;203;168;72m▀[0m[38;2;196;181;151m[48;2;204;188;158m▀[0m[38;2;191;176;143m[48;2;196;182;150m▀[0m[38;2;196;181;151m[48;2;197;181;151m▀[0m[38;2;157;60;55m[48;2;160;61;57m▀[0m[38;2;153;59;53m[48;2;156;60;55m▀[0m[38;2;151;57;53m[48;2;156;60;55m▀[0m[38;2;152;57;52m[48;2;153;58;53m▀[0m[38;2;189;175;146m[48;2;194;179;148m▀[0m[38;2;100;92;78m[48;2;196;181;151m▀[0m[38;2;142;125;60m[48;2;96;90;74m▀[0m[38;2;142;124;60m[48;2;145;127;61m▀[0m[38;2;181;153;66m[48;2;194;161;69m▀[0m[38;2;195;162;70m[48;2;193;161;70m▀[0m[38;2;222;183;78m[48;2;209;174;74m▀[0m[38;2;241;203;84m[48;2;241;202;83m▀[0m[38;2;241;203;83m[48;2;240;202;84m▀[0m[38;2;241;203;84m[48;2;242;202;83m▀[0m[38;2;1;1;0m[48;2;245;205;85m▀[0m  
   [38;2;244;203;84m▀[0m[38;2;248;207;85m▀[0m[38;2;248;208;85m▀[0m[38;2;248;208;85m▀[0m[38;2;193;166;69m▀[0m    [38;2;1;3;1m▀[0m[38;2;151;57;52m▀[0m[38;2;153;58;53m[48;2;28;12;10m▀[0m[38;2;157;60;56m[48;2;176;67;64m▀[0m[38;2;196;181;151m[48;2;51;43;18m▀[0m[38;2;200;184;153m[48;2;196;162;70m▀[0m[38;2;195;162;70m[48;2;195;162;70m▀[0m[38;2;200;166;70m[48;2;195;162;69m▀[0m[38;2;4;6;3m[48;2;13;13;10m▀[0m[38;2;196;181;151m[48;2;196;181;151m▀[0m[38;2;196;182;151m[48;2;180;167;139m▀[0m[38;2;158;60;56m[48;2;156;60;55m▀[0m[38;2;156;60;55m[48;2;156;60;55m▀[0m[38;2;157;60;55m[48;2;181;68;66m▀[0m[38;2;165;63;60m▀[0m[38;2;221;206;170m▀[0m   [38;2;204;170;73m▀[0m[38;2;196;162;70m▀[0m[38;2;213;176;75m▀[0m[38;2;244;203;84m[48;2;157;132;55m▀[0m[38;2;246;205;85m[48;2;147;124;51m▀[0m[38;2;244;204;84m[48;2;0;0;0m▀[0m[38;2;242;202;83m▀[0m  
         [38;2;242;209;111m▄[0m[38;2;244;215;128m▄[0m[38;2;42;37;16m[48;2;244;212;117m▀[0m[38;2;51;44;19m[48;2;240;202;84m▀[0m[38;2;167;142;58m[48;2;240;202;84m▀[0m[38;2;241;203;84m[48;2;242;203;85m▀[0m[38;2;240;201;83m[48;2;241;203;84m▀[0m[38;2;242;202;84m[48;2;241;203;84m▀[0m[38;2;211;175;74m[48;2;197;164;70m▀[0m[38;2;194;162;70m▀[0m[38;2;147;137;113m▀[0m[38;2;204;189;157m▀[0m[38;2;158;61;56m▀[0m[38;2;125;49;46m▀[0m[38;2;1;4;1m▀[0m                
         [38;2;243;205;94m[48;2;248;217;89m▀[0m[38;2;242;207;98m[48;2;244;203;84m▀[0m[38;2;240;203;88m[48;2;243;204;84m▀[0m[38;2;244;203;85m[48;2;242;202;84m▀[0m[38;2;243;203;84m[48;2;241;202;84m▀[0m[38;2;241;203;84m[48;2;107;90;38m▀[0m[38;2;240;202;83m▀[0m[38;2;214;178;76m▀[0m                       
                                        
                                        
