                                        
                        [38;2;101;49;50m▄[0m[38;2;232;114;113m▄[0m[38;2;177;108;115m▄[0m[38;2;33;20;21m[48;2;247;151;158m▀[0m[38;2;251;170;175m[48;2;248;169;173m▀[0m[38;2;249;174;178m[48;2;247;165;170m▀[0m[38;2;164;120;123m▀[0m         
     [38;2;129;129;133m▄[0m[38;2;236;241;247m▄[0m[38;2;0;0;0m▄[0m      [38;2;24;45;48m[48;2;78;141;152m▀[0m[38;2;0;0;0m▄[0m      [38;2;244;157;160m▄[0m[38;2;245;163;165m[48;2;183;99;98m▀[0m[38;2;25;13;13m[48;2;221;110;108m▀[0m[38;2;233;112;111m[48;2;232;111;111m▀[0m[38;2;243;139;142m[48;2;233;112;111m▀[0m[38;2;246;152;157m[48;2;233;114;115m▀[0m[38;2;246;152;157m[48;2;151;85;89m▀[0m           
   [38;2;209;224;239m[48;2;173;180;191m▀[0m[38;2;219;227;242m[48;2;142;147;164m▀[0m[38;2;232;237;245m[48;2;187;196;216m▀[0m[38;2;231;238;246m[48;2;200;214;233m▀[0m[38;2;56;109;118m[48;2;105;115;127m▀[0m[38;2;2;3;2m[48;2;67;115;142m▀[0m    [38;2;78;141;152m[48;2;53;101;120m▀[0m[38;2;77;139;151m[48;2;64;119;135m▀[0m[38;2;68;123;138m[48;2;56;103;122m▀[0m[38;2;97;160;170m▄[0m[38;2;90;151;161m▄[0m[38;2;80;144;156m▄[0m[38;2;8;11;13m▄[0m[38;2;235;122;123m▄[0m[38;2;241;145;147m[48;2;166;94;94m▀[0m[38;2;169;94;97m[48;2;167;94;97m▀[0m[38;2;197;100;100m[48;2;180;97;97m▀[0m[38;2;210;107;104m[48;2;200;104;101m▀[0m[38;2;231;111;110m[48;2;232;112;111m▀[0m[38;2;232;111;111m[48;2;232;112;111m▀[0m[38;2;232;111;110m▀[0m            
      [38;2;157;163;191m▀[0m[38;2;133;137;157m[48;2;10;18;24m▀[0m[38;2;63;107;134m[48;2;48;87;118m▀[0m[38;2;47;86;118m[48;2;48;88;118m▀[0m[38;2;42;76;112m▄[0m [38;2;84;145;157m▄[0m[38;2;82;139;151m[48;2;94;152;164m▀[0m[38;2;94;151;163m[48;2;95;155;165m▀[0m[38;2;95;155;166m[48;2;93;151;163m▀[0m[38;2;95;155;165m[48;2;81;142;154m▀[0m[38;2;92;153;163m[48;2;77;140;151m▀[0m[38;2;78;140;152m[48;2;77;140;152m▀[0m[38;2;43;82;89m[48;2;141;77;78m▀[0m[38;2;177;99;99m[48;2;66;123;137m▀[0m[38;2;177;100;101m[48;2;173;98;99m▀[0m[38;2;168;94;97m[48;2;179;97;97m▀[0m[38;2;182;98;97m[48;2;193;100;99m▀[0m[38;2;233;111;110m▀[0m[38;2;240;116;115m▀[0m              
         [38;2;40;75;107m▀[0m[38;2;40;72;108m[48;2;42;75;110m▀[0m[38;2;77;141;152m[48;2;60;109;118m▀[0m[38;2;90;152;162m[48;2;78;141;152m▀[0m[38;2;93;154;164m[48;2;78;141;152m▀[0m[38;2;81;142;154m[48;2;249;213;151m▀[0m[38;2;76;138;151m[48;2;78;141;152m▀[0m[38;2;78;141;152m[48;2;78;141;152m▀[0m[38;2;78;140;152m[48;2;78;140;152m▀[0m[38;2;79;144;155m[48;2;77;140;151m▀[0m[38;2;78;141;152m[48;2;46;91;111m▀[0m[38;2;44;87;110m[48;2;44;88;110m▀[0m[38;2;47;92;115m[48;2;55;104;123m▀[0m[38;2;40;77;93m[48;2;55;105;123m▀[0m        [38;2;64;61;62m▄[0m[38;2;236;241;247m▄[0m[38;2;238;243;249m▄[0m[38;2;232;234;244m▄[0m[38;2;236;240;246m▄[0m[38;2;236;241;248m▄[0m[38;2;13;13;14m▄[0m  
          [38;2;6;11;13m▀[0m[38;2;255;255;255m[48;2;255;255;255m▀[0m[38;2;77;140;151m[48;2;78;142;154m▀[0m[38;2;78;141;152m[48;2;80;142;154m▀[0m[38;2;246;198;116m[48;2;213;171;109m▀[0m[38;2;76;139;152m[48;2;76;138;150m▀[0m[38;2;75;138;151m[48;2;55;94;104m▀[0m[38;2;71;130;143m[48;2;28;45;50m▀[0m[38;2;55;105;123m[48;2;191;203;216m▀[0m[38;2;44;86;108m[48;2;47;92;115m▀[0m[38;2;43;85;109m[48;2;44;89;110m▀[0m[38;2;57;106;124m[48;2;56;105;122m▀[0m[38;2;58;108;126m▀[0m  [38;2;0;0;0m▄[0m[38;2;78;142;153m▄[0m[38;2;76;138;150m▄[0m[38;2;78;140;152m▄[0m[38;2;79;144;156m[48;2;78;140;152m▀[0m[38;2;80;143;155m[48;2;37;68;74m▀[0m[38;2;232;236;244m[48;2;176;176;180m▀[0m[38;2;231;234;243m[48;2;236;241;247m▀[0m[38;2;236;240;246m[48;2;236;241;246m▀[0m[38;2;39;40;42m[48;2;232;234;243m▀[0m[38;2;239;244;251m[48;2;175;180;189m▀[0m[38;2;202;210;221m[48;2;172;179;187m▀[0m[38;2;110;115;122m[48;2;182;189;197m▀[0m  
           [38;2;78;141;152m▀[0m[38;2;84;41;41m[48;2;72;131;146m▀[0m[38;2;92;153;163m[48;2;78;140;152m▀[0m[38;2;76;138;151m[48;2;75;137;151m▀[0m[38;2;76;138;151m[48;2;64;118;135m▀[0m[38;2;27;43;47m[48;2;66;123;138m▀[0m[38;2;230;236;243m[48;2;76;138;151m▀[0m[38;2;255;255;255m[48;2;44;87;109m▀[0m[38;2;47;93;116m[48;2;44;87;110m▀[0m[38;2;44;88;110m[48;2;32;58;62m▀[0m[38;2;45;88;109m[48;2;76;139;151m▀[0m[38;2;0;0;0m[48;2;88;149;160m▀[0m[38;2;78;141;152m[48;2;78;141;152m▀[0m[38;2;77;140;151m[48;2;77;141;152m▀[0m[38;2;81;143;155m[48;2;78;140;152m▀[0m[38;2;78;140;152m[48;2;70;128;142m▀[0m[38;2;75;137;151m[48;2;43;85;107m▀[0m[38;2;78;141;152m[48;2;35;69;86m▀[0m[38;2;78;140;152m[48;2;3;1;1m▀[0m[38;2;78;141;152m▀[0m[38;2;229;235;245m▀[0m[38;2;224;233;244m▀[0m[38;2;193;201;214m▀[0m[38;2;168;175;186m[48;2;34;36;38m▀[0m[38;2;178;186;197m[48;2;176;183;193m▀[0m[38;2;15;16;17m[48;2;187;195;208m▀[0m[38;2;171;178;186m[48;2;210;223;241m▀[0m  
             [38;2;46;89;113m▀[0m[38;2;101;55;78m[48;2;49;69;81m▀[0m[38;2;26;57;71m[48;2;45;91;114m▀[0m[38;2;43;86;109m[48;2;56;106;124m▀[0m[38;2;44;88;110m[48;2;76;138;150m▀[0m[38;2;48;79;83m[48;2;78;141;152m▀[0m[38;2;78;141;152m[48;2;21;37;41m▀[0m[38;2;78;141;152m▀[0m[38;2;76;138;151m▀[0m[38;2;66;122;137m▀[0m[38;2;23;46;59m▀[0m            [38;2;220;231;243m[48;2;1;2;2m▀[0m   
              [38;2;93;151;163m▄[0m[38;2;255;211;124m[48;2;239;193;114m▀[0m[38;2;95;155;166m[48;2;94;155;165m▀[0m[38;2;79;142;153m[48;2;78;141;152m▀[0m[38;2;43;70;82m[48;2;78;141;152m▀[0m                     
             [38;2;23;37;41m[48;2;91;150;163m▀[0m[38;2;94;151;164m[48;2;93;151;165m▀[0m[38;2;59;51;36m[48;2;82;143;155m▀[0m[38;2;80;143;154m[48;2;78;141;152m▀[0m[38;2;78;141;152m[48;2;78;141;152m▀[0m[38;2;78;141;152m[48;2;66;122;136m▀[0m                     
             [38;2;84;142;156m[48;2;75;137;151m▀[0m[38;2;80;140;154m[48;2;75;137;151m▀[0m[38;2;76;138;151m[48;2;78;141;152m▀[0m[38;2;76;137;151m[48;2;76;138;151m▀[0m[38;2;76;138;151m[48;2;50;96;117m▀[0m[38;2;44;85;109m[48;2;41;79;107m▀[0m[38;2;4;7;10m[48;2;40;80;109m▀[0m[38;2;132;80;100m▄[0m[38;2;0;0;0m[48;2;139;82;99m▀[0m[38;2;5;3;4m[48;2;163;88;101m▀[0m[38;2;192;101;118m▄[0m[38;2;203;126;146m▄[0m[38;2;245;165;171m▄[0m              
    [38;2;60;62;64m▄[0m[38;2;50;52;56m▄[0m      [38;2;80;147;161m▄[0m[38;2;71;131;143m[48;2;44;87;110m▀[0m[38;2;74;136;149m[48;2;48;93;114m▀[0m[38;2;66;121;137m[48;2;50;95;116m▀[0m[38;2;57;106;124m[48;2;43;83;109m▀[0m[38;2;45;85;111m[48;2;41;81;109m▀[0m[38;2;40;78;107m[48;2;40;78;107m▀[0m[38;2;40;78;107m[48;2;40;78;107m▀[0m[38;2;137;83;103m▀[0m[38;2;147;83;99m▀[0m[38;2;187;92;109m▀[0m[38;2;194;101;118m▀[0m[38;2;200;123;144m▀[0m[38;2;136;90;97m▀[0m              
   [38;2;232;243;254m▄[0m[38;2;180;183;192m[48;2;212;226;241m▀[0m[38;2;182;190;202m[48;2;188;197;209m▀[0m[38;2;210;224;239m[48;2;173;181;190m▀[0m[38;2;33;54;59m▄[0m[38;2;25;41;43m▄[0m[38;2;57;107;125m▄[0m[38;2;81;149;160m[48;2;50;98;117m▀[0m[38;2;76;137;151m[48;2;55;104;122m▀[0m[38;2;53;101;120m▀[0m[38;2;50;97;116m▀[0m[38;2;45;86;111m▀[0m[38;2;45;86;114m▀[0m[38;2;42;81;110m[48;2;129;77;98m▀[0m[38;2;41;79;108m[48;2;133;80;100m▀[0m[38;2;39;76;108m[48;2;42;76;113m▀[0m[38;2;39;74;108m[48;2;40;74;109m▀[0m[38;2;5;20;32m[48;2;40;74;108m▀[0m[38;2;132;80;100m[48;2;132;80;100m▀[0m[38;2;6;5;4m[48;2;155;85;99m▀[0m[38;2;195;96;111m▄[0m                
   [38;2;191;200;210m▀[0m[38;2;173;181;190m▀[0m[38;2;36;55;66m[48;2;40;62;75m▀[0m[38;2;48;75;90m[48;2;48;74;88m▀[0m[38;2;48;75;90m[48;2;49;76;89m▀[0m[38;2;87;141;150m[48;2;57;89;101m▀[0m[38;2;95;155;165m[48;2;74;131;143m▀[0m[38;2;51;100;122m[48;2;85;151;162m▀[0m     [38;2;135;81;103m[48;2;49;30;38m▀[0m[38;2;128;77;99m[48;2;145;82;100m▀[0m[38;2;0;0;0m[48;2;176;91;106m▀[0m[38;2;8;16;23m▀[0m[38;2;40;74;109m[48;2;41;74;108m▀[0m[38;2;43;78;115m[48;2;43;82;115m▀[0m[38;2;195;96;110m[48;2;32;15;18m▀[0m[38;2;195;95;110m[48;2;189;93;109m▀[0m[38;2;194;95;110m[48;2;195;105;123m▀[0m[38;2;57;34;41m[48;2;203;118;136m▀[0m[38;2;170;107;117m▄[0m             
       [38;2;47;74;87m▀[0m[38;2;59;96;107m▀[0m[38;2;59;93;105m[48;2;47;75;84m▀[0m[38;2;78;140;151m[48;2;4;8;9m▀[0m      [38;2;155;84;98m[48;2;169;87;104m▀[0m[38;2;189;93;109m[48;2;191;93;109m▀[0m[38;2;208;102;119m[48;2;195;96;111m▀[0m [38;2;44;82;114m[48;2;20;37;51m▀[0m[38;2;50;89;120m[48;2;52;93;122m▀[0m[38;2;40;77;109m▄[0m [38;2;209;128;147m▀[0m[38;2;220;162;176m▀[0m[38;2;51;37;41m▀[0m            
                 [38;2;25;14;16m▀[0m[38;2;195;95;111m[48;2;201;113;132m▀[0m[38;2;201;113;131m[48;2;213;129;148m▀[0m[38;2;27;17;20m[48;2;224;138;151m▀[0m[38;2;5;8;12m▀[0m[38;2;41;75;108m[48;2;41;74;109m▀[0m[38;2;45;84;116m[48;2;67;117;142m▀[0m[38;2;40;74;108m[48;2;68;117;142m▀[0m[38;2;68;117;142m▄[0m              
                   [38;2;224;138;150m▀[0m[38;2;223;145;158m[48;2;225;169;181m▀[0m [38;2;47;85;117m▀[0m[38;2;68;118;142m[48;2;102;105;122m▀[0m[38;2;68;117;143m[48;2;16;16;16m▀[0m[38;2;27;47;57m[48;2;145;151;174m▀[0m              
                     [38;2;41;30;32m▀[0m [38;2;92;95;112m▀[0m[38;2;160;165;187m[48;2;233;238;248m▀[0m [38;2;32;32;36m▀[0m             
                                        
