                                        
                               [38;2;137;154;143m▄[0m[38;2;24;25;24m▄[0m[38;2;211;234;216m▀[0m      
                             [38;2;171;204;188m▄[0m[38;2;173;206;189m[48;2;231;237;225m▀[0m[38;2;188;194;183m[48;2;228;235;223m▀[0m[38;2;231;236;224m▀[0m       
                           [38;2;9;11;10m▄[0m[38;2;170;203;186m[48;2;54;56;53m▀[0m[38;2;233;240;228m[48;2;229;236;223m▀[0m[38;2;227;234;222m[48;2;229;236;223m▀[0m[38;2;227;234;222m[48;2;238;245;231m▀[0m        
                          [38;2;151;174;159m▄[0m[38;2;158;185;170m[48;2;197;198;188m▀[0m[38;2;231;237;225m[48;2;229;237;224m▀[0m[38;2;233;241;227m[48;2;228;235;223m▀[0m[38;2;234;240;228m[48;2;229;235;223m▀[0m[38;2;17;18;17m▀[0m        
                         [38;2;157;180;165m▄[0m[38;2;146;167;154m[48;2;186;186;180m▀[0m[38;2;195;197;187m[48;2;187;188;181m▀[0m[38;2;226;233;220m[48;2;212;217;206m▀[0m[38;2;232;239;226m[48;2;232;239;227m▀[0m[38;2;232;240;227m[48;2;232;239;227m▀[0m         
          [38;2;231;237;219m[48;2;143;163;151m▀[0m[38;2;12;14;12m▄[0m   [38;2;0;0;0m▄[0m[38;2;185;211;194m▄[0m[38;2;224;229;212m▄[0m[38;2;228;234;216m[48;2;235;234;216m▀[0m[38;2;207;220;204m[48;2;209;223;207m▀[0m[38;2;193;214;197m[48;2;195;216;199m▀[0m[38;2;177;207;190m[48;2;186;212;194m▀[0m[38;2;102;121;111m[48;2;175;208;190m▀[0m[38;2;175;208;190m▄[0m[38;2;144;171;155m▄[0m[38;2;144;165;152m[48;2;36;36;35m▀[0m[38;2;184;185;178m[48;2;165;165;157m▀[0m[38;2;186;187;179m[48;2;189;190;182m▀[0m[38;2;212;216;205m[48;2;191;192;183m▀[0m[38;2;43;45;41m[48;2;235;244;231m▀[0m[38;2;28;30;27m▀[0m         
         [38;2;179;208;191m[48;2;151;174;161m▀[0m[38;2;145;166;153m[48;2;151;174;160m▀[0m[38;2;145;168;154m[48;2;152;176;162m▀[0m[38;2;131;155;142m▄[0m[38;2;175;209;191m▄[0m[38;2;174;207;190m[48;2;175;209;191m▀[0m[38;2;174;208;190m[48;2;154;183;167m▀[0m[38;2;195;217;199m[48;2;176;209;191m▀[0m[38;2;195;217;200m[48;2;180;212;194m▀[0m[38;2;192;216;198m[48;2;178;213;196m▀[0m[38;2;190;216;198m[48;2;177;212;193m▀[0m[38;2;185;213;195m[48;2;177;211;193m▀[0m[38;2;177;209;192m[48;2;177;210;192m▀[0m[38;2;177;211;195m[48;2;21;29;27m▀[0m[38;2;176;211;193m[48;2;98;145;140m▀[0m[38;2;191;228;208m[48;2;94;137;128m▀[0m[38;2;45;67;63m[48;2;97;143;140m▀[0m[38;2;82;83;78m[48;2;91;131;116m▀[0m[38;2;200;201;192m▀[0m[38;2;188;188;180m▀[0m[38;2;3;3;3m▀[0m          
        [38;2;99;118;108m▄[0m[38;2;153;178;164m[48;2;157;184;170m▀[0m[38;2;155;180;166m[48;2;157;183;168m▀[0m[38;2;156;182;167m[48;2;157;183;168m▀[0m[38;2;184;221;202m[48;2;157;183;169m▀[0m[38;2;176;212;194m[48;2;176;209;191m▀[0m[38;2;177;212;196m[48;2;174;207;190m▀[0m[38;2;176;212;196m[48;2;174;207;189m▀[0m[38;2;177;211;193m[48;2;174;207;189m▀[0m[38;2;28;34;31m[48;2;172;205;188m▀[0m[38;2;176;210;192m[48;2;146;173;159m▀[0m[38;2;177;210;192m[48;2;171;204;187m▀[0m[38;2;175;208;190m[48;2;106;156;150m▀[0m[38;2;96;142;138m[48;2;65;98;93m▀[0m[38;2;97;143;138m[48;2;179;214;196m▀[0m[38;2;93;135;127m[48;2;170;203;187m▀[0m[38;2;92;132;117m[48;2;170;203;187m▀[0m[38;2;31;44;41m[48;2;170;203;186m▀[0m[38;2;179;214;196m[48;2;171;204;187m▀[0m[38;2;44;53;47m[48;2;167;198;182m▀[0m            
      [38;2;6;7;6m▄[0m[38;2;182;217;198m[48;2;185;212;195m▀[0m[38;2;168;199;182m[48;2;181;210;194m▀[0m[38;2;156;182;167m[48;2;175;207;190m▀[0m[38;2;157;183;168m[48;2;172;204;187m▀[0m[38;2;160;188;172m[48;2;172;205;188m▀[0m[38;2;166;198;181m[48;2;172;205;188m▀[0m[38;2;173;206;188m[48;2;172;204;188m▀[0m[38;2;172;205;188m[48;2;172;205;188m▀[0m[38;2;172;205;188m[48;2;172;205;188m▀[0m[38;2;172;204;188m[48;2;172;205;188m▀[0m[38;2;172;204;188m[48;2;173;206;188m▀[0m[38;2;172;204;188m[48;2;172;205;188m▀[0m[38;2;172;204;188m[48;2;171;204;187m▀[0m[38;2;172;205;187m[48;2;173;205;189m▀[0m[38;2;172;204;187m[48;2;175;207;190m▀[0m[38;2;172;205;188m[48;2;174;207;189m▀[0m[38;2;172;205;188m[48;2;187;222;203m▀[0m[38;2;172;205;188m[48;2;91;127;122m▀[0m[38;2;149;176;161m[48;2;98;144;138m▀[0m[38;2;99;147;142m[48;2;88;123;114m▀[0m[38;2;84;115;109m[48;2;86;117;112m▀[0m            
     [38;2;69;85;77m▄[0m[38;2;193;215;198m[48;2;192;214;197m▀[0m[38;2;192;215;198m[48;2;190;212;195m▀[0m[38;2;183;210;192m[48;2;177;206;190m▀[0m[38;2;172;205;188m[48;2;172;205;188m▀[0m[38;2;172;204;188m[48;2;174;206;189m▀[0m[38;2;172;205;188m[48;2;175;207;190m▀[0m[38;2;186;221;202m[48;2;254;249;244m▀[0m[38;2;245;242;238m[48;2;251;247;242m▀[0m[38;2;235;235;234m[48;2;250;246;243m▀[0m[38;2;174;207;189m[48;2;85;102;93m▀[0m[38;2;175;208;190m[48;2;175;207;190m▀[0m[38;2;175;207;190m[48;2;175;208;190m▀[0m[38;2;174;206;189m[48;2;175;208;190m▀[0m[38;2;174;208;190m[48;2;175;208;190m▀[0m[38;2;176;209;191m[48;2;175;208;190m▀[0m[38;2;175;209;191m[48;2;175;208;190m▀[0m[38;2;102;151;146m[48;2;177;209;191m▀[0m[38;2;97;144;139m[48;2;174;207;190m▀[0m[38;2;98;145;140m[48;2;162;191;176m▀[0m[38;2;93;132;127m[48;2;150;173;160m▀[0m[38;2;125;144;132m[48;2;144;166;152m▀[0m[38;2;146;168;153m[48;2;145;166;152m▀[0m            
     [38;2;183;217;199m[48;2;94;110;100m▀[0m[38;2;184;209;192m[48;2;177;209;192m▀[0m[38;2;178;209;192m[48;2;178;211;193m▀[0m[38;2;173;206;189m[48;2;176;209;191m▀[0m[38;2;175;208;190m[48;2;177;212;195m▀[0m[38;2;175;209;190m[48;2;176;212;196m▀[0m[38;2;254;254;254m[48;2;254;249;243m▀[0m[38;2;255;251;246m[48;2;252;247;244m▀[0m[38;2;245;245;245m[48;2;36;41;70m▀[0m[38;2;250;245;242m[48;2;254;251;245m▀[0m[38;2;168;167;166m[48;2;55;63;57m▀[0m[38;2;112;132;120m[48;2;176;209;191m▀[0m[38;2;174;207;190m[48;2;176;210;192m▀[0m[38;2;174;207;189m[48;2;177;209;192m▀[0m[38;2;174;207;189m[48;2;176;208;191m▀[0m[38;2;176;208;191m[48;2;165;194;179m▀[0m[38;2;174;207;189m[48;2;156;181;167m▀[0m[38;2;164;194;180m[48;2;154;179;165m▀[0m[38;2;154;179;165m[48;2;149;172;158m▀[0m[38;2;152;178;164m[48;2;24;27;25m▀[0m[38;2;146;167;153m[48;2;125;143;139m▀[0m[38;2;70;80;72m[48;2;113;131;131m▀[0m[38;2;120;139;139m▀[0m  [38;2;188;188;180m▄[0m[38;2;185;186;178m▄[0m[38;2;186;186;179m▄[0m       
      [38;2;172;206;190m▀[0m[38;2;177;212;196m[48;2;149;171;157m▀[0m[38;2;181;217;199m[48;2;146;169;155m▀[0m[38;2;184;219;201m[48;2;152;175;161m▀[0m[38;2;176;210;191m[48;2;158;185;171m▀[0m[38;2;255;255;255m[48;2;154;180;165m▀[0m[38;2;255;250;246m[48;2;214;209;206m▀[0m[38;2;254;248;244m[48;2;214;209;206m▀[0m[38;2;255;250;246m[48;2;149;172;158m▀[0m[38;2;177;211;193m[48;2;146;168;154m▀[0m[38;2;177;210;192m[48;2;146;168;154m▀[0m[38;2;174;206;189m[48;2;189;190;182m▀[0m[38;2;166;193;177m[48;2;189;191;184m▀[0m[38;2;147;170;155m[48;2;189;191;182m▀[0m[38;2;125;143;131m[48;2;190;191;182m▀[0m[38;2;56;63;58m[48;2;216;220;209m▀[0m[38;2;146;168;154m[48;2;223;228;216m▀[0m[38;2;141;162;150m[48;2;121;138;135m▀[0m[38;2;119;138;135m[48;2;119;136;134m▀[0m[38;2;112;130;129m[48;2;142;148;156m▀[0m[38;2;0;1;0m[48;2;136;142;149m▀[0m[38;2;135;141;149m▄[0m[38;2;146;152;161m[48;2;150;155;159m▀[0m[38;2;175;177;171m[48;2;188;188;180m▀[0m[38;2;185;186;178m[48;2;189;190;182m▀[0m[38;2;188;187;179m[48;2;195;198;188m▀[0m[38;2;196;199;190m[48;2;212;217;207m▀[0m       
         [38;2;144;166;153m▀[0m[38;2;144;165;151m▀[0m[38;2;145;167;153m[48;2;52;59;54m▀[0m[38;2;145;167;153m[48;2;153;178;164m▀[0m[38;2;146;168;154m[48;2;154;179;164m▀[0m[38;2;147;168;155m[48;2;154;179;164m▀[0m[38;2;147;169;155m[48;2;153;177;163m▀[0m[38;2;147;169;155m[48;2;153;176;163m▀[0m[38;2;145;167;152m[48;2;152;175;162m▀[0m[38;2;35;35;33m[48;2;154;179;165m▀[0m[38;2;189;190;181m[48;2;152;178;164m▀[0m[38;2;189;190;181m[48;2;14;14;13m▀[0m[38;2;188;188;180m[48;2;190;191;182m▀[0m[38;2;220;224;213m[48;2;216;219;209m▀[0m[38;2;43;45;42m[48;2;202;206;195m▀[0m[38;2;135;142;149m▀[0m[38;2;143;149;157m[48;2;138;145;153m▀[0m[38;2;137;143;151m[48;2;139;148;154m▀[0m[38;2;155;161;163m[48;2;170;174;170m▀[0m[38;2;187;189;182m[48;2;187;188;180m▀[0m[38;2;189;191;183m[48;2;192;194;185m▀[0m[38;2;195;197;187m[48;2;192;193;185m▀[0m[38;2;199;203;193m[48;2;227;232;221m▀[0m[38;2;230;235;223m[48;2;230;236;224m▀[0m[38;2;7;6;6m▄[0m      
               [38;2;187;188;180m▀[0m[38;2;92;93;88m[48;2;183;184;176m▀[0m[38;2;184;185;177m[48;2;188;188;181m▀[0m[38;2;183;184;177m[48;2;11;11;10m▀[0m[38;2;186;186;177m▄[0m     [38;2;56;58;57m▀[0m[38;2;166;169;167m[48;2;184;185;178m▀[0m[38;2;187;187;179m[48;2;187;189;180m▀[0m[38;2;190;191;183m[48;2;203;204;196m▀[0m[38;2;195;197;188m[48;2;213;217;205m▀[0m[38;2;214;218;208m[48;2;230;236;223m▀[0m[38;2;229;235;222m[48;2;230;237;223m▀[0m[38;2;228;235;222m[48;2;232;238;224m▀[0m[38;2;235;240;228m[48;2;238;245;233m▀[0m      
                [38;2;125;126;121m▀[0m[38;2;184;185;178m[48;2;208;213;204m▀[0m[38;2;191;193;184m[48;2;232;238;224m▀[0m[38;2;222;227;217m[48;2;229;235;223m▀[0m      [38;2;170;173;164m▀[0m[38;2;191;191;183m[48;2;195;198;189m▀[0m[38;2;221;225;213m[48;2;227;234;221m▀[0m[38;2;227;235;222m[48;2;228;235;223m▀[0m[38;2;226;233;221m[48;2;230;236;224m▀[0m[38;2;229;235;223m[48;2;232;238;225m▀[0m[38;2;227;234;222m[48;2;232;240;227m▀[0m       
                           [38;2;224;230;218m▀[0m[38;2;232;239;225m[48;2;238;247;236m▀[0m[38;2;204;210;199m[48;2;238;246;235m▀[0m[38;2;235;244;230m[48;2;243;246;242m▀[0m[38;2;238;246;232m[48;2;238;246;236m▀[0m[38;2;60;62;58m[48;2;88;92;87m▀[0m       
                            [38;2;224;224;224m▀[0m[38;2;238;246;233m[48;2;244;251;240m▀[0m[38;2;235;244;230m[48;2;235;245;231m▀[0m[38;2;241;245;238m[48;2;235;244;231m▀[0m[38;2;237;247;233m[48;2;112;116;110m▀[0m       
                              [38;2;58;60;58m▀[0m[38;2;237;246;233m▀[0m[38;2;234;241;229m[48;2;229;236;225m▀[0m[38;2;236;243;230m[48;2;233;240;228m▀[0m[38;2;232;233;230m▄[0m     
                                        
