                                        
                                        
                [38;2;203;198;105m▄[0m[38;2;17;15;5m▄[0m[38;2;0;0;0m[48;2;13;12;10m▀[0m[38;2;189;183;68m▄[0m  [38;2;0;0;0m▄[0m[38;2;225;222;169m▄[0m[38;2;225;222;169m▄[0m[38;2;219;215;148m▄[0m              
               [38;2;6;5;4m▄[0m[38;2;21;17;7m[48;2;127;121;43m▀[0m[38;2;26;24;22m[48;2;159;153;54m▀[0m[38;2;7;4;3m[48;2;158;152;53m▀[0m[38;2;161;155;55m[48;2;159;153;54m▀[0m[38;2;193;187;93m[48;2;160;154;55m▀[0m[38;2;198;192;90m[48;2;188;182;69m▀[0m[38;2;198;192;89m[48;2;164;158;56m▀[0m[38;2;30;20;17m[48;2;198;192;89m▀[0m[38;2;99;97;52m[48;2;198;192;89m▀[0m[38;2;113;109;40m[48;2;198;192;89m▀[0m[38;2;197;191;88m[48;2;198;192;89m▀[0m[38;2;197;192;87m[48;2;165;160;57m▀[0m[38;2;207;203;132m[48;2;159;153;54m▀[0m[38;2;168;163;80m▄[0m          
               [38;2;0;0;0m▀[0m[38;2;159;153;54m[48;2;159;153;54m▀[0m[38;2;159;153;54m[48;2;160;154;54m▀[0m[38;2;160;154;54m[48;2;144;139;49m▀[0m[38;2;159;153;54m[48;2;157;151;53m▀[0m[38;2;159;153;54m[48;2;159;153;54m▀[0m[38;2;159;153;54m[48;2;159;153;54m▀[0m[38;2;160;153;54m[48;2;159;153;54m▀[0m[38;2;169;163;58m[48;2;160;154;54m▀[0m[38;2;189;183;66m[48;2;160;154;55m▀[0m[38;2;181;175;62m[48;2;163;157;55m▀[0m[38;2;159;153;54m[48;2;160;154;55m▀[0m[38;2;160;154;54m[48;2;159;153;54m▀[0m[38;2;160;154;55m[48;2;160;154;54m▀[0m[38;2;162;156;55m[48;2;160;154;54m▀[0m[38;2;22;18;8m[48;2;159;153;54m▀[0m         
               [38;2;8;8;3m[48;2;141;130;71m▀[0m[38;2;159;153;54m[48;2;164;158;56m▀[0m[38;2;159;153;54m[48;2;161;155;55m▀[0m[38;2;142;137;49m[48;2;148;143;51m▀[0m[38;2;148;143;51m[48;2;151;146;52m▀[0m[38;2;160;154;55m[48;2;160;154;55m▀[0m[38;2;162;156;55m[48;2;160;154;55m▀[0m[38;2;160;154;55m[48;2;160;154;55m▀[0m[38;2;160;154;54m[48;2;160;154;55m▀[0m[38;2;160;154;54m[48;2;160;154;55m▀[0m[38;2;159;153;54m[48;2;160;154;55m▀[0m[38;2;166;160;56m[48;2;147;140;50m▀[0m[38;2;199;193;92m[48;2;187;180;64m▀[0m[38;2;198;192;91m[48;2;198;192;91m▀[0m[38;2;189;183;73m[48;2;177;171;61m▀[0m[38;2;160;154;55m[48;2;148;143;51m▀[0m[38;2;33;33;11m[48;2;163;157;55m▀[0m        
              [38;2;0;2;0m[48;2;10;10;10m▀[0m[38;2;198;192;90m[48;2;198;192;90m▀[0m[38;2;117;112;48m[48;2;198;192;90m▀[0m[38;2;159;153;54m[48;2;160;154;55m▀[0m[38;2;153;147;52m[48;2;160;154;55m▀[0m[38;2;153;147;52m[48;2;159;153;54m▀[0m[38;2;159;153;54m[48;2;160;154;55m▀[0m[38;2;160;154;55m[48;2;162;156;55m▀[0m[38;2;160;154;55m[48;2;162;156;55m▀[0m[38;2;170;164;58m[48;2;151;146;52m▀[0m[38;2;160;154;55m[48;2;162;156;55m▀[0m[38;2;140;135;48m[48;2;253;253;252m▀[0m[38;2;242;240;235m[48;2;247;244;241m▀[0m[38;2;242;240;236m[48;2;246;244;241m▀[0m[38;2;162;156;55m[48;2;211;211;211m▀[0m[38;2;163;157;56m[48;2;160;154;54m▀[0m[38;2;41;38;14m[48;2;16;9;6m▀[0m[38;2;160;154;55m[48;2;160;154;54m▀[0m        
              [38;2;2;1;1m▀[0m[38;2;198;192;91m[48;2;192;185;73m▀[0m[38;2;198;192;91m[48;2;197;191;88m▀[0m[38;2;192;185;72m[48;2;199;193;94m▀[0m[38;2;162;156;55m[48;2;163;157;55m▀[0m[38;2;162;156;55m[48;2;163;157;56m▀[0m[38;2;163;157;56m[48;2;163;157;56m▀[0m[38;2;163;157;56m[48;2;163;157;56m▀[0m[38;2;163;157;56m[48;2;163;157;56m▀[0m[38;2;161;155;55m[48;2;162;156;55m▀[0m[38;2;163;157;56m[48;2;160;154;55m▀[0m[38;2;245;242;238m[48;2;210;202;200m▀[0m[38;2;248;244;241m[48;2;213;209;207m▀[0m[38;2;242;239;237m[48;2;212;208;205m▀[0m[38;2;241;238;236m[48;2;189;184;180m▀[0m[38;2;158;152;54m[48;2;157;152;53m▀[0m[38;2;161;155;55m[48;2;159;153;54m▀[0m[38;2;157;151;54m[48;2;144;139;49m▀[0m        
               [38;2;164;159;56m[48;2;47;45;16m▀[0m[38;2;179;173;61m[48;2;160;154;54m▀[0m[38;2;191;185;72m[48;2;169;163;58m▀[0m[38;2;163;157;56m[48;2;160;154;54m▀[0m[38;2;162;156;55m[48;2;160;154;54m▀[0m[38;2;160;154;55m[48;2;160;154;54m▀[0m[38;2;160;154;55m[48;2;156;150;53m▀[0m[38;2;160;154;54m[48;2;156;150;53m▀[0m[38;2;160;154;54m[48;2;156;150;53m▀[0m[38;2;160;154;54m[48;2;158;152;53m▀[0m[38;2;160;154;55m[48;2;162;156;55m▀[0m[38;2;193;186;183m[48;2;158;152;54m▀[0m[38;2;79;78;77m[48;2;59;55;20m▀[0m[38;2;159;153;54m[48;2;153;147;52m▀[0m[38;2;157;151;54m[48;2;133;128;45m▀[0m[38;2;145;140;49m[48;2;135;130;46m▀[0m         
                [38;2;133;128;45m[48;2;139;133;47m▀[0m[38;2;154;149;53m[48;2;129;124;44m▀[0m[38;2;159;153;54m[48;2;133;129;46m▀[0m[38;2;159;153;54m[48;2;136;131;47m▀[0m[38;2;160;154;55m[48;2;138;133;47m▀[0m[38;2;159;153;54m[48;2;138;133;47m▀[0m[38;2;160;154;55m[48;2;138;133;47m▀[0m[38;2;160;154;55m[48;2;143;138;49m▀[0m[38;2;163;157;55m[48;2;142;137;49m▀[0m[38;2;159;153;54m[48;2;134;130;46m▀[0m[38;2;147;142;50m[48;2;133;129;46m▀[0m[38;2;133;129;46m[48;2;133;129;46m▀[0m[38;2;133;129;46m[48;2;131;127;45m▀[0m[38;2;133;129;46m▀[0m          
       [38;2;0;3;0m▄[0m[38;2;179;173;82m▄[0m        [38;2;133;129;46m[48;2;133;129;46m▀[0m[38;2;133;129;46m[48;2;133;129;46m▀[0m[38;2;139;134;48m[48;2;133;129;46m▀[0m[38;2;138;133;47m[48;2;133;129;46m▀[0m[38;2;136;131;47m[48;2;133;129;46m▀[0m[38;2;138;133;47m[48;2;133;129;46m▀[0m[38;2;142;137;49m[48;2;132;127;45m▀[0m[38;2;135;130;46m[48;2;132;127;45m▀[0m[38;2;133;129;46m[48;2;133;129;46m▀[0m[38;2;133;129;46m▀[0m[38;2;2;1;0m▀[0m            
     [38;2;226;223;170m▄[0m[38;2;198;192;91m[48;2;199;193;93m▀[0m[38;2;198;192;91m[48;2;1;1;1m▀[0m        [38;2;133;129;46m▄[0m[38;2;132;127;45m[48;2;133;129;46m▀[0m[38;2;133;129;46m[48;2;133;129;46m▀[0m[38;2;131;126;45m[48;2;133;129;46m▀[0m[38;2;133;129;46m[48;2;133;129;46m▀[0m[38;2;132;127;45m[48;2;133;129;46m▀[0m[38;2;133;128;45m[48;2;134;130;46m▀[0m[38;2;133;128;45m[48;2;134;130;46m▀[0m[38;2;133;129;46m[48;2;133;129;46m▀[0m[38;2;115;105;39m[48;2;0;0;0m▀[0m      [38;2;199;193;94m▄[0m       
  [38;2;176;172;106m▄[0m[38;2;225;222;168m▄[0m[38;2;199;193;94m[48;2;221;217;156m▀[0m[38;2;199;193;94m[48;2;182;176;62m▀[0m[38;2;191;184;68m[48;2;175;169;60m▀[0m       [38;2;140;135;48m▄[0m[38;2;142;137;48m[48;2;133;129;46m▀[0m[38;2;133;129;46m[48;2;133;129;46m▀[0m[38;2;133;129;46m[48;2;133;129;46m▀[0m[38;2;133;129;46m[48;2;133;129;46m▀[0m[38;2;133;129;46m[48;2;133;129;46m▀[0m[38;2;133;129;46m[48;2;133;129;46m▀[0m[38;2;133;129;46m[48;2;133;129;46m▀[0m[38;2;133;129;46m[48;2;133;128;45m▀[0m[38;2;133;128;45m[48;2;132;127;45m▀[0m[38;2;133;129;46m[48;2;94;91;32m▀[0m[38;2;80;74;27m[48;2;22;20;7m▀[0m[38;2;118;114;41m▄[0m[38;2;136;132;46m▄[0m[38;2;133;129;46m▄[0m[38;2;140;135;47m▄[0m[38;2;146;141;50m▄[0m [38;2;201;195;98m[48;2;198;192;88m▀[0m[38;2;199;193;93m[48;2;199;193;93m▀[0m      
  [38;2;226;223;171m[48;2;211;206;126m▀[0m[38;2;224;221;165m[48;2;215;211;139m▀[0m[38;2;218;214;149m[48;2;206;201;115m▀[0m[38;2;161;155;55m[48;2;159;153;54m▀[0m[38;2;157;151;54m[48;2;159;153;54m▀[0m    [38;2;162;156;55m▄[0m[38;2;1;2;1m[48;2;198;192;91m▀[0m[38;2;149;144;51m[48;2;192;186;75m▀[0m[38;2;149;143;51m[48;2;167;162;58m▀[0m[38;2;143;138;49m[48;2;158;152;54m▀[0m[38;2;135;130;46m[48;2;143;138;49m▀[0m[38;2;133;129;46m[48;2;133;129;46m▀[0m[38;2;133;129;46m[48;2;129;124;44m▀[0m[38;2;133;129;46m[48;2;129;124;44m▀[0m[38;2;132;127;45m[48;2;129;124;44m▀[0m[38;2;129;124;44m[48;2;129;124;44m▀[0m[38;2;129;124;44m[48;2;132;127;45m▀[0m[38;2;129;125;44m[48;2;142;137;49m▀[0m[38;2;133;129;46m[48;2;147;141;50m▀[0m[38;2;138;133;47m[48;2;154;148;52m▀[0m[38;2;133;129;46m[48;2;153;147;52m▀[0m[38;2;52;50;17m[48;2;138;133;47m▀[0m[38;2;133;129;46m[48;2;107;103;36m▀[0m[38;2;119;115;40m[48;2;112;108;39m▀[0m[38;2;133;129;46m[48;2;107;103;36m▀[0m[38;2;137;132;47m[48;2;169;162;57m▀[0m[38;2;226;223;170m[48;2;198;192;88m▀[0m[38;2;198;192;90m[48;2;198;192;89m▀[0m[38;2;0;0;0m[48;2;0;0;0m▀[0m     
   [38;2;160;154;55m[48;2;49;47;17m▀[0m[38;2;160;154;55m[48;2;100;94;34m▀[0m[38;2;163;157;55m[48;2;162;156;55m▀[0m[38;2;162;156;55m[48;2;161;154;55m▀[0m[38;2;0;0;0m[48;2;161;155;55m▀[0m[38;2;160;154;55m▄[0m[38;2;165;159;56m▄[0m[38;2;159;153;54m[48;2;185;178;63m▀[0m[38;2;199;193;92m[48;2;184;178;63m▀[0m[38;2;198;192;91m[48;2;175;169;60m▀[0m[38;2;193;187;78m[48;2;159;153;54m▀[0m[38;2;162;156;55m[48;2;159;153;54m▀[0m[38;2;160;154;55m[48;2;160;154;54m▀[0m[38;2;147;141;50m[48;2;159;153;54m▀[0m[38;2;129;124;44m[48;2;117;113;40m▀[0m[38;2;129;124;44m[48;2;131;126;45m▀[0m[38;2;129;124;44m[48;2;131;127;45m▀[0m[38;2;130;126;45m[48;2;130;126;45m▀[0m[38;2;133;129;46m[48;2;129;124;44m▀[0m[38;2;133;129;46m[48;2;138;133;47m▀[0m[38;2;151;145;51m[48;2;159;153;54m▀[0m[38;2;185;179;67m[48;2;171;166;59m▀[0m[38;2;194;188;78m[48;2;188;182;65m▀[0m[38;2;159;153;54m[48;2;159;153;54m▀[0m[38;2;159;153;54m[48;2;159;153;54m▀[0m[38;2;153;147;52m[48;2;15;14;5m▀[0m[38;2;90;87;31m[48;2;168;162;57m▀[0m[38;2;120;116;41m[48;2;198;192;89m▀[0m[38;2;197;191;87m[48;2;95;95;33m▀[0m[38;2;183;177;63m[48;2;222;219;159m▀[0m[38;2;165;159;56m[48;2;220;216;153m▀[0m[38;2;0;0;0m[48;2;102;98;34m▀[0m  [38;2;0;1;0m▄[0m  
   [38;2;225;222;170m[48;2;220;216;153m▀[0m[38;2;219;215;150m[48;2;218;214;147m▀[0m[38;2;102;100;50m[48;2;218;214;147m▀[0m[38;2;160;154;55m[48;2;160;154;55m▀[0m[38;2;160;154;55m[48;2;160;154;55m▀[0m[38;2;159;153;54m[48;2;159;153;54m▀[0m[38;2;160;154;55m[48;2;158;152;54m▀[0m[38;2;160;154;55m[48;2;156;150;53m▀[0m[38;2;159;153;54m[48;2;156;150;53m▀[0m[38;2;156;150;53m[48;2;158;152;53m▀[0m[38;2;156;150;53m[48;2;159;153;54m▀[0m[38;2;159;153;54m[48;2;158;152;54m▀[0m[38;2;160;154;55m[48;2;159;153;54m▀[0m[38;2;159;153;54m[48;2;159;153;54m▀[0m[38;2;130;125;44m[48;2;129;124;44m▀[0m[38;2;129;124;44m[48;2;129;125;44m▀[0m[38;2;131;126;45m[48;2;130;125;44m▀[0m[38;2;131;127;45m[48;2;130;125;44m▀[0m[38;2;129;124;44m[48;2;129;124;44m▀[0m[38;2;150;144;51m[48;2;146;141;50m▀[0m[38;2;160;153;54m[48;2;156;150;53m▀[0m[38;2;159;153;54m[48;2;156;150;53m▀[0m[38;2;160;154;54m[48;2;157;151;53m▀[0m[38;2;186;180;64m[48;2;158;152;54m▀[0m[38;2;191;184;69m[48;2;158;152;54m▀[0m[38;2;187;180;66m[48;2;160;154;54m▀[0m[38;2;171;165;59m[48;2;160;154;55m▀[0m[38;2;157;151;53m[48;2;160;154;55m▀[0m[38;2;218;214;148m[48;2;84;79;32m▀[0m[38;2;224;221;167m[48;2;203;198;104m▀[0m[38;2;218;214;149m[48;2;203;198;104m▀[0m[38;2;73;70;25m[48;2;95;91;32m▀[0m[38;2;95;91;32m[48;2;61;52;22m▀[0m[38;2;103;99;34m[48;2;96;92;32m▀[0m[38;2;101;97;34m[48;2;173;167;60m▀[0m  
    [38;2;199;193;92m▀[0m[38;2;93;89;36m▀[0m[38;2;164;159;57m[48;2;131;126;44m▀[0m[38;2;157;151;53m[48;2;138;133;47m▀[0m[38;2;156;150;53m[48;2;151;145;51m▀[0m[38;2;159;153;54m[48;2;155;149;53m▀[0m[38;2;160;154;54m[48;2;159;153;54m▀[0m[38;2;160;154;55m[48;2;159;153;54m▀[0m[38;2;159;153;54m[48;2;158;152;54m▀[0m[38;2;160;154;54m[48;2;143;138;49m▀[0m[38;2;159;153;54m[48;2;78;72;26m▀[0m[38;2;155;149;53m▀[0m[38;2;131;126;45m▀[0m[38;2;143;138;48m▀[0m[38;2;143;138;48m▀[0m[38;2;129;124;44m▀[0m[38;2;136;131;46m▀[0m[38;2;130;126;45m▀[0m[38;2;130;126;44m▀[0m[38;2;159;153;54m▀[0m[38;2;158;152;54m[48;2;161;155;55m▀[0m[38;2;158;152;54m[48;2;163;157;55m▀[0m[38;2;160;154;55m[48;2;164;158;56m▀[0m[38;2;161;155;55m[48;2;164;158;56m▀[0m[38;2;163;157;55m[48;2;221;217;156m▀[0m[38;2;119;115;41m[48;2;226;223;172m▀[0m[38;2;154;149;53m[48;2;221;217;156m▀[0m[38;2;163;157;55m[48;2;118;111;41m▀[0m[38;2;163;157;56m[48;2;1;3;0m▀[0m[38;2;95;91;32m[48;2;31;15;12m▀[0m[38;2;168;163;58m[48;2;1;2;0m▀[0m[38;2;167;162;58m▀[0m[38;2;125;121;43m▀[0m   
         [38;2;0;0;0m▀[0m[38;2;30;14;11m▀[0m[38;2;0;0;0m▀[0m             [38;2;60;58;20m▀[0m[38;2;138;133;47m▀[0m[38;2;136;131;47m▀[0m[38;2;204;198;105m▀[0m[38;2;208;203;119m▀[0m[38;2;205;200;109m▀[0m         
                                        
                                        
