                                        
              [38;2;124;122;96m▄[0m                         
            [38;2;13;8;6m▄[0m[38;2;226;222;173m▄[0m[38;2;230;226;185m[48;2;222;219;177m▀[0m [38;2;230;227;186m[48;2;228;226;190m▀[0m[38;2;0;0;0m[48;2;30;25;21m▀[0m[38;2;51;41;32m▄[0m                     
            [38;2;239;235;194m[48;2;223;220;178m▀[0m[38;2;226;223;183m[48;2;211;206;144m▀[0m[38;2;226;223;188m[48;2;204;199;133m▀[0m[38;2;156;150;120m[48;2;207;204;162m▀[0m[38;2;225;222;188m[48;2;225;222;187m▀[0m[38;2;231;228;190m▄[0m[38;2;226;223;179m[48;2;229;227;191m▀[0m                 [38;2;215;212;162m▄[0m   
            [38;2;208;198;76m[48;2;76;53;31m▀[0m[38;2;208;198;76m[48;2;206;197;74m▀[0m[38;2;206;197;74m[48;2;85;57;36m▀[0m[38;2;210;206;166m[48;2;196;187;73m▀[0m[38;2;215;211;162m[48;2;74;58;28m▀[0m[38;2;230;227;189m[48;2;214;212;177m▀[0m[38;2;229;226;187m[48;2;19;17;15m▀[0m[38;2;209;206;171m[48;2;199;197;174m▀[0m          [38;2;161;152;52m▄[0m[38;2;198;194;140m▄[0m[38;2;231;228;191m[48;2;55;47;14m▀[0m[38;2;228;226;191m▄[0m[38;2;205;202;157m[48;2;228;225;192m▀[0m[38;2;223;220;187m[48;2;227;225;190m▀[0m[38;2;222;219;185m▀[0m   
            [38;2;45;32;17m[48;2;123;87;51m▀[0m[38;2;206;197;75m[48;2;207;198;75m▀[0m[38;2;195;186;72m[48;2;195;186;72m▀[0m[38;2;195;186;73m[48;2;190;182;71m▀[0m[38;2;194;185;72m[48;2;184;176;72m▀[0m[38;2;187;178;69m[48;2;178;170;73m▀[0m[38;2;194;192;167m[48;2;187;185;164m▀[0m[38;2;193;191;166m[48;2;176;172;146m▀[0m[38;2;191;188;157m▄[0m       [38;2;206;197;74m▄[0m[38;2;207;198;73m[48;2;187;179;68m▀[0m[38;2;195;186;72m[48;2;194;186;74m▀[0m[38;2;195;186;71m[48;2;195;186;72m▀[0m[38;2;194;186;88m[48;2;194;186;74m▀[0m[38;2;221;217;180m[48;2;199;190;76m▀[0m[38;2;218;215;176m[48;2;223;220;188m▀[0m[38;2;242;239;200m[48;2;221;218;185m▀[0m[38;2;220;218;183m[48;2;220;217;175m▀[0m[38;2;224;220;182m▀[0m  
            [38;2;206;197;75m[48;2;198;189;72m▀[0m[38;2;203;194;75m[48;2;197;188;71m▀[0m[38;2;199;190;72m[48;2;191;182;71m▀[0m[38;2;182;174;71m[48;2;173;166;74m▀[0m[38;2;174;167;74m[48;2;175;168;74m▀[0m[38;2;177;171;72m[48;2;175;169;72m▀[0m[38;2;175;169;70m[48;2;175;168;73m▀[0m[38;2;36;31;29m[48;2;187;186;163m▀[0m[38;2;195;193;171m[48;2;116;105;95m▀[0m     [38;2;204;195;75m▄[0m[38;2;206;197;75m[48;2;198;188;73m▀[0m[38;2;194;185;73m[48;2;167;156;64m▀[0m[38;2;198;189;72m[48;2;198;188;74m▀[0m[38;2;129;118;45m[48;2;197;187;73m▀[0m[38;2;190;180;66m[48;2;196;187;74m▀[0m[38;2;197;188;73m[48;2;195;186;72m▀[0m[38;2;195;186;74m[48;2;38;34;11m▀[0m[38;2;204;201;156m[48;2;220;216;166m▀[0m[38;2;223;220;188m▄[0m[38;2;170;168;139m[48;2;223;221;183m▀[0m   
            [38;2;182;173;67m▀[0m[38;2;189;180;71m[48;2;188;180;71m▀[0m[38;2;188;179;71m[48;2;179;172;71m▀[0m[38;2;175;169;71m[48;2;174;167;74m▀[0m[38;2;176;169;72m[48;2;175;168;73m▀[0m[38;2;175;168;72m[48;2;175;168;72m▀[0m[38;2;174;167;73m[48;2;173;166;74m▀[0m[38;2;173;168;99m[48;2;174;166;75m▀[0m[38;2;195;193;170m▄[0m   [38;2;206;200;136m▄[0m[38;2;207;198;76m[48;2;184;176;69m▀[0m[38;2;192;184;73m[48;2;195;186;72m▀[0m[38;2;195;186;72m[48;2;195;186;72m▀[0m[38;2;197;188;74m[48;2;195;186;72m▀[0m[38;2;35;26;14m[48;2;195;186;73m▀[0m[38;2;204;195;75m[48;2;128;120;43m▀[0m[38;2;196;187;71m[48;2;197;188;73m▀[0m[38;2;198;189;72m[48;2;195;186;73m▀[0m[38;2;197;187;73m[48;2;197;188;78m▀[0m[38;2;212;208;164m▀[0m[38;2;237;234;191m[48;2;81;71;58m▀[0m    
             [38;2;175;169;72m[48;2;177;170;72m▀[0m[38;2;175;168;74m[48;2;175;168;74m▀[0m[38;2;175;168;72m[48;2;176;168;72m▀[0m[38;2;175;168;75m[48;2;173;166;74m▀[0m[38;2;171;165;76m[48;2;171;164;74m▀[0m[38;2;169;163;74m[48;2;165;158;76m▀[0m[38;2;176;170;78m[48;2;165;160;83m▀[0m[38;2;190;188;168m▀[0m   [38;2;190;181;75m[48;2;68;48;33m▀[0m[38;2;195;186;73m[48;2;195;186;72m▀[0m[38;2;195;186;73m[48;2;195;186;72m▀[0m[38;2;195;186;72m[48;2;195;186;72m▀[0m[38;2;38;25;17m[48;2;198;189;72m▀[0m[38;2;191;182;68m[48;2;208;198;74m▀[0m[38;2;196;187;75m[48;2;198;188;72m▀[0m[38;2;198;189;75m[48;2;197;188;74m▀[0m[38;2;200;191;76m[48;2;206;202;153m▀[0m[38;2;225;222;185m[48;2;230;227;191m▀[0m[38;2;225;223;189m[48;2;179;172;134m▀[0m[38;2;36;29;24m▀[0m    
             [38;2;188;179;73m[48;2;17;10;6m▀[0m[38;2;175;168;71m[48;2;169;163;73m▀[0m[38;2;172;165;72m[48;2;169;163;73m▀[0m[38;2;169;163;74m[48;2;168;162;73m▀[0m[38;2;168;162;74m[48;2;165;158;75m▀[0m[38;2;168;162;73m[48;2;168;162;74m▀[0m[38;2;168;160;75m[48;2;167;160;75m▀[0m[38;2;191;189;172m[48;2;33;29;26m▀[0m  [38;2;20;13;8m[48;2;203;194;75m▀[0m[38;2;189;181;74m[48;2;196;186;72m▀[0m[38;2;195;186;73m[48;2;198;189;72m▀[0m[38;2;195;186;72m[48;2;197;188;73m▀[0m[38;2;69;56;28m[48;2;195;186;72m▀[0m[38;2;197;189;76m[48;2;78;56;35m▀[0m[38;2;194;186;73m[48;2;198;188;73m▀[0m[38;2;197;188;73m[48;2;203;199;150m▀[0m[38;2;198;190;78m[48;2;227;224;183m▀[0m[38;2;224;220;172m▄[0m[38;2;59;53;35m▀[0m      
         [38;2;180;146;123m▄[0m[38;2;42;25;13m▄[0m    [38;2;165;159;75m[48;2;36;30;17m▀[0m[38;2;165;159;76m[48;2;168;162;74m▀[0m[38;2;172;166;76m[48;2;83;61;52m▀[0m[38;2;200;184;166m[48;2;189;175;158m▀[0m[38;2;177;171;82m[48;2;190;175;158m▀[0m[38;2;181;179;153m▀[0m[38;2;10;7;5m▄[0m[38;2;199;184;166m▄[0m[38;2;198;188;73m[48;2;123;110;49m▀[0m[38;2;197;187;74m[48;2;196;187;73m▀[0m[38;2;194;186;74m[48;2;197;187;74m▀[0m[38;2;196;187;74m[48;2;196;187;72m▀[0m[38;2;200;191;73m[48;2;184;176;78m▀[0m[38;2;197;187;73m[48;2;197;187;73m▀[0m[38;2;196;186;73m[48;2;216;211;161m▀[0m[38;2;199;191;85m[48;2;232;228;190m▀[0m[38;2;32;28;22m▀[0m        
         [38;2;242;181;134m[48;2;243;153;84m▀[0m[38;2;235;147;81m[48;2;234;147;81m▀[0m[38;2;245;152;81m▄[0m[38;2;55;28;21m▄[0m   [38;2;168;161;75m▀[0m[38;2;61;52;31m[48;2;178;164;146m▀[0m[38;2;170;155;136m[48;2;170;155;137m▀[0m[38;2;184;169;151m[48;2;170;155;137m▀[0m[38;2;170;155;137m[48;2;198;183;167m▀[0m[38;2;113;104;93m[48;2;71;66;61m▀[0m[38;2;208;198;76m[48;2;179;171;67m▀[0m[38;2;197;188;72m[48;2;196;187;73m▀[0m[38;2;195;186;72m[48;2;198;189;72m▀[0m[38;2;197;187;73m[48;2;205;195;74m▀[0m[38;2;199;190;71m[48;2;197;188;78m▀[0m[38;2;197;188;73m[48;2;196;191;129m▀[0m[38;2;217;213;172m[48;2;222;219;183m▀[0m[38;2;166;162;136m[48;2;221;217;179m▀[0m          
        [38;2;193;120;69m[48;2;235;147;80m▀[0m[38;2;242;151;81m[48;2;244;152;80m▀[0m[38;2;237;149;81m[48;2;235;148;81m▀[0m[38;2;237;149;79m[48;2;197;188;73m▀[0m[38;2;195;186;72m▄[0m[38;2;196;187;72m▄[0m[38;2;130;122;40m▄[0m[38;2;208;200;84m[48;2;13;9;5m▀[0m[38;2;196;188;74m▄[0m[38;2;171;155;137m[48;2;196;187;76m▀[0m[38;2;170;155;137m[48;2;197;188;73m▀[0m[38;2;171;155;138m[48;2;203;194;76m▀[0m[38;2;195;181;163m[48;2;201;192;74m▀[0m[38;2;190;181;71m[48;2;58;40;27m▀[0m[38;2;191;182;71m[48;2;195;186;72m▀[0m[38;2;197;188;74m[48;2;195;186;73m▀[0m[38;2;199;189;72m[48;2;200;192;82m▀[0m[38;2;131;115;45m[48;2;195;186;72m▀[0m[38;2;195;186;73m[48;2;216;214;178m▀[0m[38;2;225;222;185m▀[0m[38;2;172;164;139m▀[0m           
        [38;2;235;149;82m[48;2;206;176;129m▀[0m[38;2;207;118;52m[48;2;164;166;170m▀[0m[38;2;196;186;72m[48;2;197;187;75m▀[0m[38;2;195;186;72m[48;2;197;187;73m▀[0m[38;2;196;187;73m▀[0m    [38;2;198;189;74m[48;2;206;198;83m▀[0m[38;2;196;187;73m[48;2;206;197;84m▀[0m[38;2;198;189;75m[48;2;198;189;72m▀[0m[38;2;199;190;74m[48;2;197;188;75m▀[0m[38;2;200;191;73m[48;2;200;191;75m▀[0m[38;2;203;194;84m[48;2;134;122;44m▀[0m[38;2;198;189;72m[48;2;198;189;74m▀[0m[38;2;187;179;72m[48;2;197;188;72m▀[0m[38;2;226;222;179m[48;2;198;189;74m▀[0m              
     [38;2;241;211;140m▄[0m[38;2;76;61;45m▄[0m[38;2;255;212;118m[48;2;165;133;127m▀[0m[38;2;146;121;77m[48;2;245;197;85m▀[0m[38;2;185;177;70m▀[0m[38;2;187;178;70m▀[0m[38;2;1;1;0m▀[0m    [38;2;149;142;101m▄[0m[38;2;201;194;108m[48;2;201;194;105m▀[0m[38;2;198;192;118m[48;2;202;195;97m▀[0m[38;2;201;192;75m[48;2;200;191;73m▀[0m[38;2;198;189;74m[48;2;79;59;37m▀[0m[38;2;189;182;85m[48;2;164;155;71m▀[0m[38;2;201;192;73m[48;2;201;192;73m▀[0m[38;2;200;191;75m[48;2;201;192;73m▀[0m[38;2;198;189;72m[48;2;198;190;73m▀[0m[38;2;197;188;73m[48;2;187;178;70m▀[0m[38;2;160;150;55m[48;2;187;178;69m▀[0m[38;2;195;186;74m[48;2;188;180;73m▀[0m[38;2;206;196;74m[48;2;185;176;70m▀[0m[38;2;206;197;75m[48;2;62;48;25m▀[0m[38;2;206;197;74m[48;2;196;186;73m▀[0m[38;2;195;185;70m[48;2;195;186;72m▀[0m[38;2;198;189;73m▄[0m[38;2;195;186;72m▄[0m      
  [38;2;210;186;144m▄[0m[38;2;39;35;32m[48;2;239;188;69m▀[0m[38;2;255;213;114m▀[0m[38;2;252;199;74m▀[0m [38;2;244;190;68m▄[0m[38;2;123;98;39m▀[0m         [38;2;201;191;78m▀[0m[38;2;201;192;82m▀[0m[38;2;33;23;15m▀[0m[38;2;187;178;70m[48;2;111;98;44m▀[0m[38;2;188;179;68m[48;2;188;179;71m▀[0m[38;2;187;179;68m[48;2;189;181;72m▀[0m[38;2;188;179;70m[48;2;187;179;69m▀[0m[38;2;161;150;69m[48;2;195;187;72m▀[0m[38;2;185;176;69m▀[0m[38;2;166;158;63m▀[0m[38;2;185;176;71m▀[0m[38;2;198;189;78m[48;2;46;31;21m▀[0m[38;2;194;186;73m▀[0m[38;2;198;189;78m▀[0m        
  [38;2;80;64;26m▀[0m                   [38;2;216;165;48m[48;2;221;170;48m▀[0m[38;2;223;174;47m[48;2;231;176;48m▀[0m [38;2;1;0;1m▀[0m[38;2;222;172;50m▄[0m[38;2;216;168;55m[48;2;233;177;50m▀[0m            
                     [38;2;0;0;0m▄[0m[38;2;253;202;79m[48;2;224;181;80m▀[0m[38;2;255;198;69m[48;2;158;125;39m▀[0m [38;2;48;38;38m▄[0m[38;2;255;205;87m▀[0m[38;2;255;203;82m▀[0m[38;2;104;81;64m▄[0m           
                          [38;2;20;19;20m▀[0m[38;2;157;125;36m▀[0m            
                                        
