                                        
                   [38;2;130;194;217m[48;2;97;181;219m▀[0m                    
               [38;2;2;3;3m[48;2;84;132;161m▀[0m  [38;2;60;84;91m▄[0m[38;2;98;180;216m[48;2;6;8;8m▀[0m[38;2;101;187;225m▀[0m[38;2;97;179;213m▀[0m[38;2;104;192;231m▄[0m[38;2;96;173;203m▄[0m[38;2;106;193;226m▄[0m[38;2;113;191;222m▀[0m[38;2;116;185;210m▀[0m             
               [38;2;75;114;145m[48;2;76;113;143m▀[0m[38;2;30;45;57m▀[0m[38;2;81;122;153m▀[0m[38;2;98;178;213m[48;2;96;177;213m▀[0m[38;2;76;113;143m▄[0m[38;2;33;48;59m▄[0m[38;2;81;125;153m▀[0m[38;2;11;19;21m▀[0m[38;2;61;87;95m▄[0m  [38;2;21;30;31m[48;2;118;199;232m▀[0m[38;2;0;0;0m▀[0m [38;2;139;205;227m[48;2;97;181;217m▀[0m          
              [38;2;35;51;56m▄[0m[38;2;76;113;143m[48;2;132;194;217m▀[0m[38;2;96;174;202m▄[0m[38;2;101;181;212m[48;2;96;176;208m▀[0m[38;2;96;176;210m[48;2;97;177;209m▀[0m[38;2;96;175;204m▄[0m[38;2;104;186;221m▄[0m[38;2;101;181;215m▄[0m[38;2;137;199;220m[48;2;121;190;217m▀[0m[38;2;129;185;205m[48;2;134;197;219m▀[0m[38;2;136;197;218m▄[0m [38;2;97;179;215m[48;2;103;193;232m▀[0m  [38;2;80;145;173m[48;2;31;57;67m▀[0m          
             [38;2;143;207;230m[48;2;119;189;216m▀[0m[38;2;136;198;220m[48;2;102;181;212m▀[0m[38;2;125;193;217m[48;2;176;53;82m▀[0m[38;2;201;201;193m[48;2;243;248;237m▀[0m[38;2;96;178;214m[48;2;222;223;220m▀[0m[38;2;96;176;208m[48;2;105;169;193m▀[0m[38;2;150;216;243m[48;2;97;182;218m▀[0m[38;2;126;193;218m[48;2;98;182;217m▀[0m[38;2;97;179;216m[48;2;95;172;205m▀[0m[38;2;97;180;217m▀[0m    [38;2;99;184;223m[48;2;81;149;178m▀[0m[38;2;38;69;80m[48;2;96;178;214m▀[0m[38;2;5;9;11m[48;2;228;235;222m▀[0m[38;2;224;230;219m▄[0m         
      [38;2;50;68;74m▄[0m[38;2;116;192;222m▄[0m[38;2;147;202;221m▄[0m[38;2;122;190;213m▄[0m[38;2;97;181;216m▄[0m[38;2;18;27;32m[48;2;98;182;218m▀[0m[38;2;98;181;217m[48;2;98;182;218m▀[0m[38;2;97;178;211m[48;2;97;178;207m▀[0m[38;2;97;182;218m[48;2;99;184;224m▀[0m[38;2;97;179;213m[48;2;98;184;223m▀[0m[38;2;98;182;219m[48;2;99;183;220m▀[0m[38;2;99;183;220m[48;2;99;184;220m▀[0m[38;2;99;185;223m[48;2;99;184;220m▀[0m[38;2;101;186;222m[48;2;99;184;220m▀[0m[38;2;99;183;219m[48;2;89;145;171m▀[0m[38;2;91;151;177m[48;2;196;197;188m▀[0m[38;2;191;193;184m▄[0m[38;2;228;234;223m▄[0m[38;2;233;237;222m▄[0m[38;2;0;0;0m▄[0m [38;2;76;137;164m▄[0m[38;2;104;192;231m[48;2;199;205;191m▀[0m[38;2;226;233;221m[48;2;226;232;219m▀[0m[38;2;225;232;220m[48;2;211;215;204m▀[0m[38;2;56;59;55m[48;2;186;187;179m▀[0m        
    [38;2;20;36;43m[48;2;8;15;18m▀[0m[38;2;98;183;219m[48;2;26;45;52m▀[0m[38;2;97;178;211m[48;2;26;48;58m▀[0m[38;2;97;179;213m[48;2;105;196;235m▀[0m[38;2;97;178;210m[48;2;97;180;214m▀[0m[38;2;96;179;216m[48;2;97;179;209m▀[0m[38;2;98;185;223m[48;2;96;180;215m▀[0m[38;2;98;185;223m[48;2;90;151;179m▀[0m[38;2;97;181;217m[48;2;88;145;172m▀[0m[38;2;93;163;192m[48;2;88;142;164m▀[0m[38;2;89;149;176m[48;2;88;145;171m▀[0m[38;2;90;151;179m[48;2;89;145;171m▀[0m[38;2;94;165;196m[48;2;85;138;164m▀[0m[38;2;97;177;212m[48;2;94;154;183m▀[0m[38;2;96;173;208m[48;2;87;142;169m▀[0m[38;2;89;143;171m[48;2;87;143;170m▀[0m[38;2;55;64;67m[48;2;89;145;171m▀[0m[38;2;184;185;177m[48;2;89;145;171m▀[0m[38;2;102;104;98m▀[0m[38;2;228;235;222m[48;2;245;250;238m▀[0m[38;2;234;236;222m[48;2;239;242;227m▀[0m[38;2;235;237;223m[48;2;36;37;34m▀[0m [38;2;93;163;193m▀[0m[38;2;185;186;178m[48;2;3;5;6m▀[0m[38;2;193;194;185m[48;2;186;186;178m▀[0m[38;2;66;66;62m[48;2;179;180;173m▀[0m[38;2;183;185;176m[48;2;183;185;176m▀[0m[38;2;183;185;176m▄[0m       
         [38;2;49;91;109m▀[0m[38;2;89;147;174m▀[0m[38;2;88;144;171m▀[0m[38;2;89;145;172m▀[0m[38;2;67;109;128m▀[0m[38;2;89;144;172m▀[0m[38;2;88;145;171m[48;2;89;146;173m▀[0m[38;2;88;144;171m[48;2;88;145;171m▀[0m[38;2;88;145;172m[48;2;90;145;169m▀[0m[38;2;89;146;173m[48;2;89;147;173m▀[0m[38;2;90;147;172m[48;2;89;147;173m▀[0m[38;2;89;146;172m[48;2;89;147;173m▀[0m[38;2;90;147;173m[48;2;90;147;174m▀[0m[38;2;85;139;164m▄[0m     [38;2;88;144;172m[48;2;95;154;179m▀[0m[38;2;186;187;179m[48;2;185;186;178m▀[0m[38;2;186;187;179m[48;2;183;185;176m▀[0m[38;2;184;185;177m[48;2;185;186;177m▀[0m[38;2;184;185;177m[48;2;183;185;177m▀[0m[38;2;183;184;175m[48;2;185;186;178m▀[0m[38;2;77;128;152m▄[0m[38;2;89;146;172m▀[0m    
                  [38;2;2;5;5m▀[0m[38;2;88;145;172m▀[0m[38;2;88;145;171m[48;2;90;147;173m▀[0m[38;2;91;157;186m[48;2;90;152;181m▀[0m[38;2;91;159;189m[48;2;98;184;219m▀[0m[38;2;98;182;218m[48;2;97;182;217m▀[0m[38;2;98;182;217m▄[0m[38;2;97;182;218m▄[0m[38;2;97;176;206m▄[0m[38;2;3;6;7m▄[0m[38;2;94;154;183m[48;2;88;145;172m▀[0m[38;2;184;185;176m[48;2;211;213;204m▀[0m[38;2;185;187;178m[48;2;188;190;180m▀[0m[38;2;187;189;180m[48;2;144;145;139m▀[0m[38;2;186;187;178m[48;2;188;191;183m▀[0m[38;2;187;188;179m[48;2;66;69;67m▀[0m[38;2;89;148;174m▀[0m     
                    [38;2;99;184;220m[48;2;124;193;220m▀[0m[38;2;98;179;214m[48;2;135;197;219m▀[0m[38;2;99;184;221m[48;2;96;179;214m▀[0m[38;2;98;184;220m[48;2;97;180;215m▀[0m[38;2;97;180;216m[48;2;98;182;218m▀[0m[38;2;96;180;217m[48;2;96;180;213m▀[0m[38;2;97;176;207m[48;2;96;179;215m▀[0m[38;2;98;185;221m[48;2;98;183;219m▀[0m[38;2;94;165;196m[48;2;92;162;191m▀[0m[38;2;92;153;180m[48;2;89;146;173m▀[0m[38;2;202;204;193m[48;2;88;145;170m▀[0m[38;2;151;156;159m▀[0m[38;2;95;156;184m▀[0m[38;2;6;9;12m▀[0m      
                    [38;2;135;197;218m[48;2;151;220;244m▀[0m[38;2;246;192;111m[48;2;250;195;112m▀[0m[38;2;119;187;212m[48;2;211;171;100m▀[0m[38;2;97;182;217m[48;2;96;178;215m▀[0m[38;2;97;182;217m[48;2;96;179;214m▀[0m[38;2;97;177;208m[48;2;96;175;207m▀[0m[38;2;97;177;209m[48;2;94;171;203m▀[0m[38;2;102;189;228m[48;2;96;177;213m▀[0m[38;2;94;157;186m[48;2;90;150;178m▀[0m[38;2;88;144;170m[48;2;92;149;177m▀[0m[38;2;92;148;173m[48;2;89;142;166m▀[0m[38;2;87;141;166m[48;2;89;141;165m▀[0m[38;2;39;61;71m▄[0m       
                    [38;2;155;224;247m▀[0m[38;2;244;191;111m[48;2;245;191;111m▀[0m[38;2;245;191;110m[48;2;245;191;111m▀[0m[38;2;245;173;72m[48;2;243;172;72m▀[0m[38;2;96;179;215m[48;2;47;34;14m▀[0m[38;2;100;186;223m[48;2;96;178;213m▀[0m[38;2;96;179;214m[48;2;93;164;195m▀[0m[38;2;92;159;188m[48;2;91;154;183m▀[0m[38;2;89;147;173m[48;2;88;142;166m▀[0m[38;2;17;28;33m[48;2;88;145;171m▀[0m[38;2;88;143;170m[48;2;89;146;173m▀[0m[38;2;88;146;172m[48;2;27;42;48m▀[0m[38;2;89;145;170m[48;2;90;147;173m▀[0m       
                     [38;2;242;176;77m[48;2;0;0;0m▀[0m[38;2;73;58;31m[48;2;221;157;66m▀[0m[38;2;234;168;69m[48;2;214;153;64m▀[0m[38;2;242;171;72m[48;2;216;154;65m▀[0m[38;2;221;157;66m[48;2;201;143;62m▀[0m[38;2;88;145;172m[48;2;201;144;62m▀[0m[38;2;89;144;168m[48;2;89;148;173m▀[0m[38;2;88;142;169m[48;2;89;149;177m▀[0m[38;2;90;148;173m[48;2;89;147;173m▀[0m[38;2;88;145;170m[48;2;88;143;168m▀[0m[38;2;88;146;172m[48;2;88;144;170m▀[0m[38;2;89;149;175m[48;2;88;144;171m▀[0m[38;2;94;154;182m[48;2;88;145;172m▀[0m      
                       [38;2;211;151;65m▀[0m[38;2;110;79;34m▀[0m[38;2;202;144;62m[48;2;212;152;65m▀[0m[38;2;201;144;62m[48;2;201;143;62m▀[0m[38;2;200;144;62m[48;2;63;47;22m▀[0m[38;2;197;141;61m[48;2;201;144;61m▀[0m[38;2;91;146;171m[48;2;203;145;63m▀[0m[38;2;88;147;173m[48;2;212;151;65m▀[0m[38;2;89;146;172m[48;2;90;146;172m▀[0m[38;2;89;147;173m[48;2;74;120;141m▀[0m[38;2;13;21;24m[48;2;89;147;174m▀[0m[38;2;22;35;40m▄[0m     
                           [38;2;91;158;188m▄[0m[38;2;91;153;181m[48;2;90;148;177m▀[0m[38;2;89;147;173m[48;2;88;146;173m▀[0m[38;2;89;147;173m[48;2;88;145;171m▀[0m[38;2;27;46;56m[48;2;88;145;171m▀[0m[38;2;88;145;171m[48;2;46;73;85m▀[0m[38;2;88;145;172m[48;2;89;143;165m▀[0m[38;2;95;157;186m[48;2;88;145;172m▀[0m     
                           [38;2;92;156;185m[48;2;89;147;174m▀[0m[38;2;88;144;171m[48;2;88;145;172m▀[0m[38;2;88;144;171m[48;2;88;145;171m▀[0m[38;2;88;144;171m[48;2;88;143;170m▀[0m[38;2;89;145;172m[48;2;88;142;167m▀[0m[38;2;76;124;146m[48;2;48;77;91m▀[0m[38;2;88;145;172m[48;2;89;148;175m▀[0m[38;2;88;144;171m[48;2;88;146;172m▀[0m     
                           [38;2;88;145;171m[48;2;88;143;170m▀[0m[38;2;88;144;170m[48;2;88;142;169m▀[0m[38;2;88;144;171m[48;2;88;144;169m▀[0m[38;2;88;142;168m[48;2;88;143;169m▀[0m[38;2;88;142;166m[48;2;88;143;170m▀[0m[38;2;88;145;171m[48;2;89;143;165m▀[0m[38;2;88;143;170m[48;2;89;143;168m▀[0m[38;2;88;143;170m[48;2;11;18;22m▀[0m     
                            [38;2;89;141;164m▀[0m[38;2;89;147;173m[48;2;88;145;172m▀[0m[38;2;89;144;171m[48;2;89;146;172m▀[0m[38;2;88;145;171m[48;2;89;146;172m▀[0m[38;2;88;145;172m[48;2;90;149;175m▀[0m[38;2;88;145;172m▀[0m      
                                        
