                                        
      [38;2;122;117;85m▄[0m [38;2;84;77;45m[48;2;195;178;108m▀[0m            [38;2;242;226;173m▄[0m                  
       [38;2;247;226;147m[48;2;216;199;119m▀[0m [38;2;247;225;134m▀[0m[38;2;249;227;135m▀[0m[38;2;239;219;146m▄[0m[38;2;240;219;143m▄[0m   [38;2;238;215;128m▄[0m[38;2;245;222;134m▄[0m[38;2;236;213;129m▄[0m[38;2;206;189;114m▄[0m[38;2;252;236;143m▄[0m[38;2;236;214;129m▀[0m                  
       [38;2;240;217;130m[48;2;243;220;133m▀[0m   [38;2;31;28;17m▀[0m[38;2;204;184;111m[48;2;243;220;133m▀[0m   [38;2;236;215;134m[48;2;244;221;133m▀[0m    [38;2;241;219;139m[48;2;240;218;134m▀[0m[38;2;242;220;133m▀[0m[38;2;251;233;140m▀[0m                
      [38;2;160;149;100m▀[0m[38;2;243;219;133m▀[0m[38;2;222;201;121m[48;2;148;135;82m▀[0m[38;2;246;222;133m▄[0m[38;2;139;127;139m[48;2;65;50;65m▀[0m[38;2;3;3;3m[48;2;70;65;39m▀[0m[38;2;250;226;135m▀[0m   [38;2;183;167;101m[48;2;250;228;136m▀[0m[38;2;133;121;134m[48;2;71;56;73m▀[0m  [38;2;249;224;133m▄[0m[38;2;254;236;140m▀[0m                  
        [38;2;136;117;104m▄[0m[38;2;191;157;139m▄[0m[38;2;190;151;131m▄[0m[38;2;31;29;17m[48;2;180;143;123m▀[0m[38;2;10;8;5m[48;2;217;190;174m▀[0m[38;2;196;169;153m[48;2;209;179;160m▀[0m[38;2;210;192;116m▄[0m[38;2;196;175;110m[48;2;145;114;102m▀[0m[38;2;241;226;136m▀[0m[38;2;245;221;132m▀[0m[38;2;239;215;130m▀[0m[38;2;237;214;129m▀[0m[38;2;236;213;129m▀[0m[38;2;30;28;19m▀[0m                  
        [38;2;191;163;146m▀[0m[38;2;191;154;134m▀[0m[38;2;189;149;129m▀[0m[38;2;184;146;127m[48;2;182;145;125m▀[0m[38;2;199;166;148m[48;2;187;148;128m▀[0m[38;2;193;158;139m[48;2;190;150;130m▀[0m[38;2;185;146;126m[48;2;187;148;128m▀[0m[38;2;195;155;134m[48;2;163;131;113m▀[0m[38;2;184;146;126m▀[0m[38;2;198;163;144m[48;2;125;108;96m▀[0m[38;2;209;178;158m[48;2;118;102;91m▀[0m                     
          [38;2;98;79;69m▄[0m[38;2;211;214;213m[48;2;190;150;130m▀[0m[38;2;191;152;132m[48;2;62;43;28m▀[0m[38;2;189;149;129m[48;2;190;151;132m▀[0m[38;2;236;233;230m[48;2;190;150;130m▀[0m[38;2;187;147;127m[48;2;190;150;130m▀[0m                        
          [38;2;187;149;128m▀[0m[38;2;128;86;57m[48;2;104;69;47m▀[0m[38;2;119;83;60m[48;2;120;82;58m▀[0m[38;2;120;81;54m[48;2;112;75;51m▀[0m[38;2;190;149;130m[48;2;147;116;102m▀[0m[38;2;184;146;127m[48;2;144;113;99m▀[0m[38;2;149;118;102m▄[0m                       
            [38;2;87;59;38m▀[0m[38;2;93;62;41m[48;2;142;113;99m▀[0m[38;2;145;115;100m[48;2;140;111;97m▀[0m[38;2;144;114;100m[48;2;158;126;110m▀[0m[38;2;149;119;104m[48;2;184;145;127m▀[0m[38;2;185;146;127m▄[0m        [38;2;184;146;127m▄[0m[38;2;185;150;131m▄[0m[38;2;197;170;152m[48;2;208;178;159m▀[0m[38;2;211;180;162m[48;2;207;178;159m▀[0m[38;2;58;49;43m[48;2;208;178;159m▀[0m[38;2;190;150;130m▄[0m        
             [38;2;166;132;116m[48;2;185;146;127m▀[0m[38;2;167;133;115m[48;2;185;146;127m▀[0m[38;2;183;145;126m[48;2;185;146;127m▀[0m[38;2;185;146;127m[48;2;183;145;126m▀[0m[38;2;185;146;127m[48;2;182;144;126m▀[0m[38;2;184;146;126m[48;2;181;144;125m▀[0m[38;2;53;41;35m[48;2;190;155;137m▀[0m[38;2;192;158;139m▄[0m[38;2;154;126;119m▄[0m[38;2;186;148;129m▄[0m[38;2;30;24;21m[48;2;209;179;160m▀[0m[38;2;184;145;127m[48;2;196;157;138m▀[0m[38;2;184;145;125m[48;2;190;152;132m▀[0m[38;2;48;40;34m[48;2;191;151;132m▀[0m[38;2;190;150;130m[48;2;195;154;134m▀[0m[38;2;191;152;131m[48;2;188;150;130m▀[0m[38;2;192;153;132m[48;2;184;146;128m▀[0m[38;2;190;152;131m[48;2;185;147;128m▀[0m[38;2;190;150;129m[48;2;184;147;127m▀[0m[38;2;190;150;130m[48;2;187;149;128m▀[0m[38;2;24;19;16m▄[0m      
             [38;2;187;147;128m[48;2;245;234;209m▀[0m[38;2;185;147;127m[48;2;187;149;129m▀[0m[38;2;184;145;126m[48;2;187;149;129m▀[0m[38;2;185;146;127m[48;2;188;149;129m▀[0m[38;2;185;147;127m[48;2;186;148;128m▀[0m[38;2;185;147;127m[48;2;190;150;130m▀[0m[38;2;185;146;127m[48;2;191;152;132m▀[0m[38;2;188;149;129m[48;2;191;151;131m▀[0m[38;2;252;244;220m[48;2;175;149;138m▀[0m[38;2;191;151;132m[48;2;191;151;130m▀[0m[38;2;190;151;132m[48;2;189;149;129m▀[0m[38;2;190;150;129m[48;2;190;150;130m▀[0m[38;2;189;150;130m[48;2;189;149;129m▀[0m[38;2;189;149;130m[48;2;189;150;130m▀[0m[38;2;187;148;128m[48;2;188;149;129m▀[0m[38;2;165;131;113m[48;2;190;151;131m▀[0m[38;2;187;149;128m[48;2;190;151;130m▀[0m[38;2;189;150;130m[48;2;190;150;130m▀[0m[38;2;188;149;129m[48;2;187;149;129m▀[0m[38;2;189;149;129m[48;2;186;148;128m▀[0m[38;2;199;157;136m[48;2;151;120;104m▀[0m      
             [38;2;249;240;213m[48;2;1;1;1m▀[0m[38;2;187;149;129m[48;2;216;205;186m▀[0m[38;2;190;151;130m[48;2;208;177;158m▀[0m[38;2;191;151;130m[48;2;190;150;130m▀[0m[38;2;191;150;130m[48;2;190;150;130m▀[0m[38;2;191;151;130m[48;2;190;151;130m▀[0m[38;2;191;151;131m[48;2;201;160;140m▀[0m[38;2;190;150;130m[48;2;191;152;132m▀[0m[38;2;189;150;130m[48;2;189;150;129m▀[0m[38;2;190;151;131m[48;2;185;147;127m▀[0m[38;2;195;155;135m[48;2;209;178;159m▀[0m[38;2;191;153;134m[48;2;203;170;151m▀[0m[38;2;188;149;129m[48;2;191;155;136m▀[0m[38;2;188;149;129m[48;2;184;146;127m▀[0m[38;2;187;149;129m[48;2;185;146;127m▀[0m[38;2;187;149;129m[48;2;185;146;126m▀[0m[38;2;159;126;111m[48;2;142;112;98m▀[0m[38;2;170;134;117m[48;2;143;114;99m▀[0m[38;2;147;117;103m[48;2;143;114;99m▀[0m[38;2;144;114;99m[48;2;143;113;99m▀[0m[38;2;0;0;0m▀[0m      
              [38;2;185;174;159m▀[0m[38;2;205;172;154m[48;2;208;176;156m▀[0m[38;2;190;151;132m[48;2;185;147;127m▀[0m[38;2;191;152;133m[48;2;184;146;127m▀[0m[38;2;190;152;132m[48;2;185;146;128m▀[0m[38;2;154;123;107m[48;2;110;90;82m▀[0m[38;2;147;117;102m[48;2;116;95;85m▀[0m[38;2;142;112;99m[48;2;109;84;83m▀[0m[38;2;136;109;96m[48;2;113;88;89m▀[0m[38;2;205;176;158m[48;2;206;177;158m▀[0m[38;2;202;172;154m[48;2;201;168;151m▀[0m[38;2;193;157;138m[48;2;185;146;127m▀[0m[38;2;185;146;127m[48;2;182;144;126m▀[0m[38;2;186;148;128m[48;2;184;146;126m▀[0m[38;2;51;42;36m[48;2;102;85;79m▀[0m[38;2;140;111;98m[48;2;102;85;78m▀[0m[38;2;140;112;98m▀[0m[38;2;151;120;105m▀[0m        
               [38;2;205;176;159m▀[0m[38;2;183;145;126m[48;2;185;146;126m▀[0m[38;2;182;144;125m[48;2;184;147;127m▀[0m[38;2;26;24;21m[48;2;103;86;79m▀[0m    [38;2;214;183;163m▀[0m[38;2;198;166;149m[48;2;184;146;127m▀[0m[38;2;183;145;127m[48;2;183;145;126m▀[0m[38;2;181;144;125m[48;2;185;146;128m▀[0m[38;2;182;144;125m[48;2;189;150;129m▀[0m[38;2;102;85;78m[48;2;104;87;80m▀[0m[38;2;102;85;79m[48;2;105;87;80m▀[0m[38;2;56;47;43m[48;2;105;88;81m▀[0m         
                [38;2;185;146;127m[48;2;191;152;132m▀[0m[38;2;187;148;129m[48;2;190;152;132m▀[0m[38;2;104;88;81m[48;2;104;87;80m▀[0m     [38;2;8;6;5m▀[0m[38;2;188;149;129m[48;2;176;140;121m▀[0m[38;2;187;149;128m[48;2;190;150;130m▀[0m[38;2;188;149;129m[48;2;190;150;130m▀[0m[38;2;106;88;82m[48;2;0;1;0m▀[0m[38;2;114;94;86m[48;2;110;91;83m▀[0m[38;2;138;112;98m[48;2;145;115;100m▀[0m[38;2;1;1;0m[48;2;156;124;109m▀[0m        
                [38;2;185;147;127m[48;2;191;151;131m▀[0m[38;2;185;146;127m[48;2;64;54;49m▀[0m[38;2;103;86;79m[48;2;35;30;25m▀[0m      [38;2;136;108;94m▄[0m[38;2;189;150;130m[48;2;190;151;131m▀[0m[38;2;193;152;132m▀[0m  [38;2;146;116;101m[48;2;148;118;103m▀[0m[38;2;25;20;18m▀[0m        
               [38;2;110;88;76m[48;2;205;174;154m▀[0m[38;2;189;149;129m[48;2;189;149;130m▀[0m[38;2;106;89;83m[48;2;107;89;82m▀[0m[38;2;0;0;0m▄[0m     [38;2;183;146;126m▄[0m[38;2;188;148;129m[48;2;190;150;130m▀[0m[38;2;154;123;105m▀[0m  [38;2;153;121;106m[48;2;141;113;99m▀[0m[38;2;149;118;103m[48;2;54;44;38m▀[0m         
              [38;2;94;78;99m[48;2;3;3;1m▀[0m[38;2;23;19;24m▀[0m[38;2;187;148;129m▀[0m[38;2;127;104;95m▀[0m[38;2;3;3;1m▀[0m    [38;2;10;9;7m[48;2;82;65;86m▀[0m[38;2;185;146;127m[48;2;20;16;17m▀[0m[38;2;184;146;127m▀[0m  [38;2;155;123;108m[48;2;67;51;66m▀[0m[38;2;145;115;101m[48;2;18;15;14m▀[0m[38;2;23;19;16m▀[0m         
                                        
