                                        
                   [38;2;41;34;3m[48;2;244;234;201m▀[0m[38;2;10;8;0m[48;2;187;153;25m▀[0m                   
              [38;2;241;234;204m▄[0m[38;2;242;237;208m▄[0m[38;2;243;233;201m▄[0m[38;2;239;231;191m▄[0m[38;2;243;233;200m[48;2;239;227;183m▀[0m[38;2;239;229;189m[48;2;237;227;181m▀[0m[38;2;240;231;191m[48;2;238;227;182m▀[0m[38;2;220;194;92m▄[0m                  
            [38;2;0;0;0m[48;2;243;233;201m▀[0m[38;2;244;235;204m[48;2;244;235;203m▀[0m[38;2;244;236;206m[48;2;242;235;202m▀[0m[38;2;243;235;203m[48;2;243;233;201m▀[0m[38;2;242;235;202m[48;2;241;232;197m▀[0m[38;2;241;233;198m[48;2;240;229;187m▀[0m[38;2;236;227;180m[48;2;236;225;176m▀[0m[38;2;238;225;177m[48;2;236;225;176m▀[0m[38;2;238;225;178m[48;2;237;225;177m▀[0m[38;2;238;225;177m[48;2;237;227;179m▀[0m[38;2;218;194;92m[48;2;236;227;179m▀[0m[38;2;217;194;87m▄[0m     [38;2;255;156;142m▄[0m[38;2;255;146;132m▄[0m[38;2;255;128;113m▄[0m        
           [38;2;209;181;56m[48;2;65;58;19m▀[0m[38;2;240;231;193m[48;2;238;227;182m▀[0m[38;2;241;232;196m[48;2;239;227;182m▀[0m[38;2;243;235;202m[48;2;236;227;180m▀[0m[38;2;240;232;192m[48;2;236;227;180m▀[0m[38;2;239;229;187m[48;2;236;227;180m▀[0m[38;2;236;227;180m[48;2;236;227;180m▀[0m[38;2;236;227;180m[48;2;237;227;180m▀[0m[38;2;236;227;180m[48;2;236;227;180m▀[0m[38;2;237;227;179m[48;2;240;227;184m▀[0m[38;2;237;226;179m[48;2;237;227;181m▀[0m[38;2;236;227;180m[48;2;236;227;180m▀[0m[38;2;225;203;114m[48;2;225;203;113m▀[0m[38;2;218;194;91m[48;2;217;194;89m▀[0m     [38;2;255;146;131m[48;2;191;65;57m▀[0m[38;2;255;146;130m[48;2;255;118;101m▀[0m[38;2;255;99;84m[48;2;255;100;86m▀[0m[38;2;255;100;86m▄[0m[38;2;255;100;85m▄[0m     
         [38;2;141;115;0m▄[0m[38;2;125;103;0m[48;2;125;103;0m▀[0m[38;2;125;103;0m[48;2;25;11;3m▀[0m[38;2;236;225;176m[48;2;236;227;180m▀[0m[38;2;237;225;177m[48;2;37;32;24m▀[0m[38;2;238;225;177m[48;2;226;217;175m▀[0m[38;2;238;226;178m[48;2;109;86;0m▀[0m[38;2;238;227;182m[48;2;17;18;15m▀[0m[38;2;237;227;181m[48;2;134;120;61m▀[0m[38;2;236;227;180m[48;2;236;225;176m▀[0m[38;2;236;227;180m[48;2;239;227;182m▀[0m[38;2;236;227;180m[48;2;240;228;184m▀[0m[38;2;238;227;182m[48;2;229;214;142m▀[0m[38;2;235;220;162m[48;2;219;194;92m▀[0m[38;2;222;199;107m[48;2;219;193;93m▀[0m[38;2;217;194;91m[48;2;219;193;93m▀[0m     [38;2;255;102;87m[48;2;255;96;84m▀[0m[38;2;255;101;86m[48;2;255;96;84m▀[0m[38;2;255;99;83m[48;2;255;95;75m▀[0m[38;2;255;102;86m[48;2;255;95;75m▀[0m[38;2;255;96;84m[48;2;255;95;77m▀[0m     
         [38;2;161;129;0m▀[0m[38;2;130;103;0m▀[0m[38;2;164;130;0m[48;2;242;233;196m▀[0m[38;2;238;227;182m[48;2;240;227;184m▀[0m[38;2;237;227;181m[48;2;240;228;185m▀[0m[38;2;239;229;185m[48;2;242;233;200m▀[0m[38;2;43;35;1m[48;2;45;41;16m▀[0m[38;2;245;243;233m[48;2;247;245;238m▀[0m[38;2;245;243;233m[48;2;248;246;240m▀[0m[38;2;245;243;234m[48;2;248;246;240m▀[0m[38;2;4;3;1m[48;2;181;147;10m▀[0m[38;2;29;30;18m[48;2;132;105;0m▀[0m[38;2;224;202;110m[48;2;132;105;0m▀[0m[38;2;221;201;107m[48;2;132;105;0m▀[0m[38;2;130;106;7m[48;2;130;103;0m▀[0m[38;2;134;106;0m[48;2;130;103;0m▀[0m     [38;2;255;96;84m[48;2;255;138;124m▀[0m[38;2;255;96;84m[48;2;251;188;162m▀[0m[38;2;255;102;86m[48;2;237;225;176m▀[0m[38;2;255;95;75m[48;2;255;131;113m▀[0m[38;2;255;92;78m[48;2;255;119;101m▀[0m     
           [38;2;240;230;190m[48;2;244;234;207m▀[0m[38;2;243;235;202m[48;2;244;234;207m▀[0m[38;2;240;231;191m[48;2;243;233;200m▀[0m[38;2;240;230;189m[48;2;239;227;183m▀[0m[38;2;164;132;0m[48;2;209;197;153m▀[0m[38;2;247;245;239m[48;2;164;131;0m▀[0m[38;2;247;245;239m[48;2;162;130;0m▀[0m[38;2;214;204;162m[48;2;130;101;3m▀[0m[38;2;147;118;0m[48;2;217;194;89m▀[0m[38;2;139;113;0m[48;2;217;194;87m▀[0m[38;2;130;103;0m[48;2;125;103;0m▀[0m[38;2;132;106;0m[48;2;142;116;0m▀[0m[38;2;135;110;0m[48;2;161;130;1m▀[0m[38;2;135;110;0m[48;2;164;130;0m▀[0m[38;2;0;0;0m[48;2;62;50;0m▀[0m     [38;2;245;202;169m[48;2;220;195;96m▀[0m[38;2;237;225;176m[48;2;229;212;140m▀[0m[38;2;238;225;178m[48;2;226;208;124m▀[0m[38;2;239;227;181m▀[0m     
           [38;2;245;237;209m▀[0m[38;2;242;235;202m[48;2;239;229;189m▀[0m[38;2;240;230;190m[48;2;238;227;182m▀[0m[38;2;236;227;180m[48;2;237;227;181m▀[0m[38;2;237;227;181m[48;2;235;222;167m▀[0m[38;2;238;227;182m[48;2;227;205;120m▀[0m[38;2;232;215;148m[48;2;225;202;111m▀[0m[38;2;223;200;108m[48;2;217;194;91m▀[0m[38;2;217;194;87m[48;2;195;172;79m▀[0m[38;2;217;194;87m[48;2;97;77;0m▀[0m [38;2;164;132;0m▀[0m[38;2;173;141;4m▀[0m[38;2;188;153;11m[48;2;9;5;3m▀[0m    [38;2;240;227;184m[48;2;240;227;183m▀[0m[38;2;223;204;131m[48;2;239;229;186m▀[0m[38;2;217;194;89m[48;2;229;212;138m▀[0m[38;2;217;194;91m▀[0m       
     [38;2;242;232;196m▄[0m[38;2;244;235;205m▄[0m[38;2;245;239;213m▄[0m     [38;2;223;202;113m▀[0m[38;2;217;194;91m[48;2;195;128;128m▀[0m[38;2;217;194;91m[48;2;180;119;120m▀[0m[38;2;224;201;109m[48;2;184;122;123m▀[0m[38;2;90;62;0m[48;2;220;195;94m▀[0m[38;2;130;103;0m[48;2;39;8;2m▀[0m[38;2;130;103;0m[48;2;123;98;0m▀[0m[38;2;99;80;0m[48;2;194;158;19m▀[0m     [38;2;240;228;185m▄[0m[38;2;96;87;59m[48;2;240;228;184m▀[0m[38;2;220;194;94m[48;2;240;227;184m▀[0m[38;2;219;194;92m[48;2;237;228;182m▀[0m[38;2;238;227;182m[48;2;240;227;184m▀[0m[38;2;241;232;196m▀[0m        
     [38;2;239;232;192m[48;2;223;205;117m▀[0m[38;2;244;235;204m▀[0m[38;2;244;234;207m▀[0m[38;2;244;235;206m▀[0m[38;2;242;237;208m[48;2;242;232;198m▀[0m[38;2;239;232;193m▄[0m[38;2;241;229;190m▄[0m   [38;2;247;162;163m▀[0m[38;2;223;215;184m[48;2;224;204;121m▀[0m[38;2;239;229;187m[48;2;239;229;189m▀[0m[38;2;239;229;187m[48;2;240;231;193m▀[0m[38;2;239;229;187m[48;2;239;229;189m▀[0m[38;2;239;229;189m[48;2;239;229;189m▀[0m[38;2;246;241;216m[48;2;240;230;190m▀[0m[38;2;148;118;0m[48;2;169;138;3m▀[0m[38;2;229;218;177m[48;2;242;234;201m▀[0m[38;2;176;145;9m[48;2;172;137;3m▀[0m[38;2;240;229;186m[48;2;237;227;181m▀[0m[38;2;239;229;189m[48;2;233;218;154m▀[0m[38;2;196;166;35m[48;2;240;227;184m▀[0m[38;2;238;227;182m[48;2;240;229;187m▀[0m[38;2;240;227;184m▀[0m[38;2;221;197;100m[48;2;142;118;24m▀[0m[38;2;239;229;187m▀[0m        
     [38;2;220;195;96m▀[0m[38;2;223;200;109m[48;2;218;194;92m▀[0m[38;2;22;18;7m▄[0m   [38;2;237;227;181m▀[0m[38;2;239;229;187m▀[0m[38;2;241;232;196m[48;2;240;228;186m▀[0m[38;2;243;236;204m▄[0m[38;2;244;235;206m▄[0m[38;2;218;196;105m[48;2;208;194;133m▀[0m[38;2;239;229;188m[48;2;207;186;101m▀[0m[38;2;239;229;189m[48;2;243;236;205m▀[0m[38;2;239;229;187m[48;2;238;226;180m▀[0m[38;2;240;228;185m[48;2;237;227;181m▀[0m[38;2;241;231;193m[48;2;238;229;186m▀[0m[38;2;183;149;15m[48;2;116;96;13m▀[0m[38;2;216;203;140m▄[0m[38;2;243;235;202m▄[0m[38;2;243;233;200m▄[0m[38;2;239;229;189m[48;2;197;177;93m▀[0m[38;2;239;229;189m▀[0m            
       [38;2;218;194;91m▀[0m[38;2;56;45;6m[48;2;220;194;94m▀[0m[38;2;217;194;91m▄[0m[38;2;0;1;0m▄[0m    [38;2;214;200;141m▀[0m[38;2;243;236;208m[48;2;236;227;180m▀[0m[38;2;242;235;202m[48;2;236;227;180m▀[0m[38;2;242;235;202m[48;2;239;229;187m▀[0m[38;2;242;235;202m[48;2;245;239;213m▀[0m[38;2;242;235;202m[48;2;242;236;203m▀[0m[38;2;244;236;207m[48;2;237;228;181m▀[0m[38;2;244;236;208m[48;2;236;227;180m▀[0m[38;2;244;235;204m▀[0m[38;2;161;153;112m[48;2;199;170;45m▀[0m[38;2;194;162;29m[48;2;207;177;48m▀[0m[38;2;217;194;87m[48;2;125;103;0m▀[0m[38;2;217;194;89m[48;2;217;194;91m▀[0m[38;2;217;194;89m[48;2;217;194;88m▀[0m[38;2;217;194;87m▀[0m          
         [38;2;7;6;5m▀[0m[38;2;217;194;91m▀[0m[38;2;220;195;95m▀[0m[38;2;221;197;101m[48;2;195;165;38m▀[0m[38;2;0;0;0m[48;2;192;156;16m▀[0m[38;2;192;156;16m▄[0m[38;2;192;156;16m▄[0m[38;2;222;201;107m[48;2;218;193;88m▀[0m[38;2;237;224;173m[48;2;217;194;91m▀[0m[38;2;236;227;180m[48;2;225;202;111m▀[0m[38;2;238;227;182m[48;2;223;205;117m▀[0m[38;2;236;227;180m[48;2;225;204;119m▀[0m[38;2;238;227;182m[48;2;225;202;111m▀[0m[38;2;237;223;170m[48;2;217;194;87m▀[0m[38;2;64;51;0m[48;2;82;66;4m▀[0m  [38;2;223;199;103m[48;2;161;133;16m▀[0m[38;2;217;194;87m[48;2;217;194;91m▀[0m[38;2;176;144;18m[48;2;217;194;91m▀[0m           
                 [38;2;217;194;87m[48;2;218;193;86m▀[0m[38;2;219;192;86m[48;2;217;194;91m▀[0m[38;2;217;194;87m[48;2;221;201;107m▀[0m[38;2;217;194;87m[48;2;37;29;1m▀[0m[38;2;218;194;87m[48;2;217;194;91m▀[0m[38;2;217;194;87m[48;2;217;194;90m▀[0m     [38;2;117;95;8m▀[0m           
               [38;2;217;194;91m▄[0m[38;2;69;46;9m▄[0m[38;2;217;194;91m[48;2;218;194;91m▀[0m[38;2;217;194;91m▀[0m [38;2;3;4;1m[48;2;19;17;14m▀[0m[38;2;220;195;96m[48;2;220;195;96m▀[0m[38;2;43;35;0m▀[0m                 
              [38;2;220;197;99m[48;2;220;195;95m▀[0m[38;2;220;194;94m[48;2;219;194;93m▀[0m[38;2;132;105;0m[48;2;220;194;93m▀[0m[38;2;132;107;0m[48;2;161;141;57m▀[0m [38;2;220;195;96m[48;2;220;195;96m▀[0m[38;2;132;105;0m[48;2;220;195;96m▀[0m[38;2;132;105;0m[48;2;220;195;96m▀[0m                  
             [38;2;227;207;124m▄[0m[38;2;218;194;92m[48;2;234;220;161m▀[0m[38;2;225;202;112m[48;2;243;234;202m▀[0m[38;2;220;195;96m[48;2;237;226;177m▀[0m[38;2;220;197;98m[48;2;235;224;169m▀[0m[38;2;43;35;9m[48;2;236;224;169m▀[0m[38;2;227;207;126m[48;2;238;225;178m▀[0m[38;2;229;209;135m[48;2;236;225;176m▀[0m[38;2;217;194;91m[48;2;233;217;153m▀[0m                  
             [38;2;240;230;191m[48;2;7;7;5m▀[0m[38;2;239;229;188m[48;2;237;227;181m▀[0m[38;2;230;214;145m[48;2;237;227;180m▀[0m[38;2;238;227;182m[48;2;236;225;176m▀[0m[38;2;238;227;182m[48;2;83;73;36m▀[0m[38;2;233;217;152m[48;2;23;20;14m▀[0m[38;2;236;227;180m[48;2;245;239;216m▀[0m[38;2;236;226;176m[48;2;236;225;176m▀[0m[38;2;56;49;25m[48;2;154;131;30m▀[0m[38;2;237;224;175m[48;2;197;176;88m▀[0m                 
                                        
