                                        
        [38;2;201;193;184m▄[0m[38;2;215;207;197m[48;2;178;171;163m▀[0m[38;2;180;173;165m[48;2;178;171;163m▀[0m                             
        [38;2;181;174;166m▀[0m[38;2;180;173;165m[48;2;179;172;164m▀[0m[38;2;179;172;164m[48;2;181;174;166m▀[0m[38;2;179;172;164m[48;2;178;171;163m▀[0m[38;2;114;110;104m▄[0m  [38;2;123;118;113m[48;2;192;185;175m▀[0m[38;2;179;172;164m[48;2;182;175;167m▀[0m[38;2;0;0;0m[48;2;184;177;169m▀[0m                      
         [38;2;194;186;177m[48;2;199;191;182m▀[0m[38;2;180;173;165m[48;2;182;175;167m▀[0m[38;2;181;174;166m[48;2;181;174;166m▀[0m[38;2;182;174;166m[48;2;182;175;167m▀[0m[38;2;1;1;1m[48;2;186;179;170m▀[0m[38;2;197;188;180m[48;2;183;176;167m▀[0m[38;2;180;173;165m[48;2;181;174;166m▀[0m[38;2;183;176;168m[48;2;184;177;168m▀[0m[38;2;180;173;165m[48;2;189;182;173m▀[0m                      
     [38;2;215;208;198m▄[0m[38;2;181;174;166m▄[0m[38;2;180;174;165m▄[0m[38;2;216;208;198m▄[0m[38;2;158;152;145m[48;2;197;189;180m▀[0m[38;2;179;172;164m[48;2;182;175;167m▀[0m[38;2;182;175;167m[48;2;186;179;171m▀[0m[38;2;192;185;176m[48;2;189;182;173m▀[0m[38;2;192;184;175m[48;2;191;183;174m▀[0m[38;2;194;187;178m[48;2;193;185;176m▀[0m[38;2;194;185;177m[48;2;192;184;175m▀[0m[38;2;190;183;174m[48;2;191;184;175m▀[0m[38;2;189;182;173m[48;2;191;183;174m▀[0m[38;2;190;183;174m▄[0m                     
    [38;2;1;1;1m▀[0m[38;2;180;173;165m[48;2;195;187;179m▀[0m[38;2;178;171;163m[48;2;175;168;160m▀[0m[38;2;180;173;165m[48;2;177;170;162m▀[0m[38;2;177;170;162m[48;2;179;172;164m▀[0m[38;2;179;172;164m[48;2;183;176;168m▀[0m[38;2;183;176;168m[48;2;188;181;172m▀[0m[38;2;188;181;172m[48;2;194;186;177m▀[0m[38;2;192;184;175m[48;2;193;185;176m▀[0m[38;2;193;186;177m[48;2;194;186;177m▀[0m[38;2;192;184;175m[48;2;194;186;177m▀[0m[38;2;192;184;175m[48;2;193;185;176m▀[0m[38;2;192;184;175m[48;2;193;185;176m▀[0m[38;2;192;184;175m[48;2;193;185;175m▀[0m[38;2;192;185;175m[48;2;192;184;175m▀[0m[38;2;192;185;176m[48;2;193;185;176m▀[0m[38;2;194;186;177m▄[0m                   
     [38;2;188;181;172m▄[0m[38;2;191;183;174m[48;2;108;105;99m▀[0m[38;2;177;170;162m[48;2;183;176;168m▀[0m[38;2;183;176;168m[48;2;187;180;172m▀[0m[38;2;186;179;171m[48;2;190;183;174m▀[0m[38;2;190;183;174m[48;2;192;184;175m▀[0m[38;2;190;183;174m[48;2;190;183;174m▀[0m[38;2;190;183;174m[48;2;190;183;174m▀[0m[38;2;190;183;174m[48;2;194;187;178m▀[0m[38;2;191;184;175m[48;2;195;187;178m▀[0m[38;2;190;183;174m[48;2;194;187;178m▀[0m[38;2;193;185;176m[48;2;194;187;178m▀[0m[38;2;199;191;182m[48;2;193;185;176m▀[0m[38;2;199;191;182m[48;2;179;172;163m▀[0m[38;2;189;181;173m[48;2;193;185;176m▀[0m[38;2;195;187;178m[48;2;193;185;176m▀[0m[38;2;3;3;3m[48;2;196;188;179m▀[0m                  
     [38;2;202;195;186m[48;2;191;183;174m▀[0m[38;2;207;200;190m[48;2;82;79;75m▀[0m[38;2;198;190;181m[48;2;197;189;180m▀[0m[38;2;189;182;173m[48;2;199;191;182m▀[0m[38;2;192;184;175m[48;2;196;188;179m▀[0m[38;2;193;186;177m[48;2;195;187;178m▀[0m[38;2;194;186;177m[48;2;195;187;178m▀[0m[38;2;194;187;178m[48;2;195;187;178m▀[0m[38;2;194;187;178m[48;2;124;123;121m▀[0m[38;2;197;190;181m[48;2;197;189;180m▀[0m[38;2;193;185;176m[48;2;196;188;179m▀[0m[38;2;194;186;177m[48;2;196;188;179m▀[0m[38;2;195;187;178m[48;2;76;73;70m▀[0m[38;2;196;188;179m[48;2;198;190;181m▀[0m[38;2;195;187;178m[48;2;199;191;182m▀[0m[38;2;197;189;180m[48;2;199;191;182m▀[0m[38;2;198;191;182m[48;2;188;181;172m▀[0m[38;2;40;39;37m▄[0m                 
     [38;2;198;190;181m[48;2;212;204;194m▀[0m[38;2;166;141;85m[48;2;201;161;95m▀[0m[38;2;195;187;178m[48;2;162;158;156m▀[0m[38;2;198;190;181m[48;2;199;191;182m▀[0m[38;2;198;190;181m[48;2;199;191;182m▀[0m[38;2;199;191;182m[48;2;199;191;182m▀[0m[38;2;174;167;159m[48;2;5;5;5m▀[0m[38;2;165;141;84m[48;2;191;156;91m▀[0m[38;2;114;97;56m[48;2;170;146;86m▀[0m[38;2;253;252;251m[48;2;255;255;255m▀[0m[38;2;199;191;182m[48;2;200;192;183m▀[0m[38;2;200;192;183m[48;2;200;192;183m▀[0m[38;2;204;196;186m[48;2;200;192;183m▀[0m[38;2;200;192;183m[48;2;192;185;176m▀[0m[38;2;201;193;184m[48;2;176;169;161m▀[0m[38;2;188;181;172m[48;2;174;167;159m▀[0m[38;2;175;168;160m[48;2;166;160;152m▀[0m[38;2;27;26;25m▀[0m   [38;2;37;108;221m▄[0m[38;2;33;105;219m▄[0m[38;2;28;84;153m▄[0m           
     [38;2;170;163;155m▀[0m[38;2;27;26;26m[48;2;171;164;156m▀[0m[38;2;154;153;154m[48;2;168;162;154m▀[0m[38;2;209;202;192m[48;2;174;167;159m▀[0m[38;2;201;193;184m[48;2;183;176;167m▀[0m[38;2;198;190;182m[48;2;188;181;172m▀[0m[38;2;209;201;191m[48;2;188;181;172m▀[0m[38;2;223;171;95m[48;2;211;209;208m▀[0m[38;2;229;181;111m[48;2;71;58;37m▀[0m[38;2;243;239;234m[48;2;184;182;181m▀[0m[38;2;195;187;178m[48;2;163;157;149m▀[0m[38;2;182;175;167m[48;2;164;158;150m▀[0m[38;2;171;164;156m[48;2;167;161;153m▀[0m[38;2;164;158;150m[48;2;163;157;149m▀[0m[38;2;164;158;150m[48;2;163;157;149m▀[0m[38;2;164;158;150m[48;2;163;157;149m▀[0m[38;2;165;159;151m[48;2;162;156;149m▀[0m[38;2;164;158;150m[48;2;162;156;149m▀[0m[38;2;204;199;196m[48;2;181;175;172m▀[0m[38;2;221;218;214m[48;2;230;226;222m▀[0m[38;2;221;218;215m[48;2;224;220;216m▀[0m[38;2;34;106;219m[48;2;219;216;212m▀[0m[38;2;45;113;222m[48;2;34;106;221m▀[0m[38;2;71;130;226m[48;2;50;117;223m▀[0m[38;2;71;130;226m[48;2;61;125;225m▀[0m[38;2;4;7;12m[48;2;52;118;224m▀[0m[38;2;0;0;0m▄[0m        
       [38;2;167;161;153m▀[0m[38;2;166;160;152m[48;2;148;142;135m▀[0m[38;2;167;161;153m[48;2;64;61;59m▀[0m[38;2;165;159;151m[48;2;35;33;31m▀[0m[38;2;165;159;151m[48;2;164;158;150m▀[0m[38;2;165;159;151m[48;2;165;159;151m▀[0m[38;2;165;159;151m[48;2;165;159;151m▀[0m[38;2;165;159;151m[48;2;165;159;151m▀[0m[38;2;165;159;151m[48;2;166;159;151m▀[0m[38;2;165;159;151m[48;2;164;158;150m▀[0m[38;2;165;159;151m[48;2;165;159;151m▀[0m[38;2;165;158;151m[48;2;129;124;119m▀[0m[38;2;99;95;90m[48;2;82;79;76m▀[0m[38;2;163;157;149m[48;2;166;160;152m▀[0m[38;2;164;158;150m[48;2;166;160;152m▀[0m[38;2;166;160;152m[48;2;82;79;75m▀[0m[38;2;184;182;181m[48;2;189;182;179m▀[0m[38;2;209;204;199m[48;2;185;178;176m▀[0m[38;2;231;227;223m[48;2;214;209;207m▀[0m[38;2;232;228;225m[48;2;44;113;223m▀[0m[38;2;34;106;221m[48;2;38;110;222m▀[0m[38;2;36;108;221m[48;2;36;108;221m▀[0m[38;2;35;107;221m[48;2;33;105;220m▀[0m[38;2;33;105;220m[48;2;33;105;220m▀[0m[38;2;33;105;220m[48;2;33;105;220m▀[0m        
          [38;2;8;8;6m▀[0m[38;2;171;164;156m▀[0m[38;2;167;161;153m▀[0m[38;2;169;163;155m▀[0m[38;2;169;163;155m[48;2;143;137;131m▀[0m[38;2;139;134;127m[48;2;143;137;131m▀[0m[38;2;144;138;133m[48;2;0;0;0m▀[0m  [38;2;16;17;17m▄[0m[38;2;166;160;152m[48;2;30;45;59m▀[0m[38;2;166;160;152m[48;2;166;160;152m▀[0m[38;2;170;163;155m[48;2;166;160;152m▀[0m[38;2;190;185;183m[48;2;28;89;187m▀[0m[38;2;189;182;179m[48;2;28;88;185m▀[0m[38;2;20;62;126m[48;2;28;89;187m▀[0m[38;2;28;89;188m[48;2;28;89;187m▀[0m[38;2;32;100;210m[48;2;28;89;187m▀[0m[38;2;32;100;210m[48;2;30;94;197m▀[0m[38;2;31;99;208m[48;2;29;92;192m▀[0m[38;2;30;96;202m[48;2;29;92;193m▀[0m[38;2;28;89;187m[48;2;28;89;187m▀[0m[38;2;0;1;0m[48;2;1;3;1m▀[0m       
             [38;2;0;0;0m[48;2;145;139;133m▀[0m[38;2;143;137;131m[48;2;144;138;132m▀[0m[38;2;205;196;187m[48;2;199;191;182m▀[0m[38;2;121;116;111m▄[0m  [38;2;3;6;5m[48;2;1;1;1m▀[0m[38;2;23;78;144m[48;2;145;139;133m▀[0m[38;2;173;166;158m[48;2;202;194;184m▀[0m[38;2;168;162;154m[48;2;200;192;183m▀[0m[38;2;28;91;192m[48;2;53;50;48m▀[0m[38;2;28;91;183m[48;2;28;90;190m▀[0m[38;2;28;91;192m[48;2;1;2;1m▀[0m[38;2;29;92;192m[48;2;2;4;1m▀[0m[38;2;28;89;188m[48;2;28;89;187m▀[0m[38;2;28;89;187m[48;2;28;90;190m▀[0m[38;2;28;88;186m[48;2;28;89;187m▀[0m[38;2;28;89;187m[48;2;28;88;185m▀[0m[38;2;28;89;187m[48;2;19;19;18m▀[0m        
       [38;2;206;198;189m[48;2;199;191;182m▀[0m[38;2;200;192;183m[48;2;198;190;181m▀[0m  [38;2;2;2;1m▄[0m[38;2;170;163;155m▄[0m[38;2;155;149;142m[48;2;167;161;153m▀[0m[38;2;148;142;136m[48;2;1;1;1m▀[0m[38;2;201;193;184m[48;2;208;200;190m▀[0m[38;2;200;192;183m[48;2;200;192;183m▀[0m[38;2;2;2;2m[48;2;199;191;182m▀[0m[38;2;2;2;1m[48;2;200;192;183m▀[0m[38;2;146;140;134m[48;2;151;145;139m▀[0m[38;2;146;140;134m[48;2;84;84;83m▀[0m[38;2;189;182;173m[48;2;234;233;232m▀[0m[38;2;200;192;183m[48;2;200;192;182m▀[0m[38;2;200;192;183m▀[0m    [38;2;0;0;0m▀[0m[38;2;1;1;0m▀[0m[38;2;166;160;152m[48;2;158;152;145m▀[0m[38;2;167;161;152m[48;2;169;163;155m▀[0m[38;2;170;164;156m▄[0m[38;2;0;0;0m▄[0m      
  [38;2;207;199;190m▄[0m[38;2;196;188;179m▄[0m[38;2;143;138;131m▄[0m [38;2;0;0;0m▄[0m[38;2;201;193;184m[48;2;198;190;181m▀[0m[38;2;195;187;178m[48;2;199;191;182m▀[0m[38;2;199;191;182m▄[0m[38;2;213;211;211m[48;2;165;159;151m▀[0m[38;2;182;181;180m[48;2;181;180;179m▀[0m[38;2;174;167;159m[48;2;1;1;1m▀[0m[38;2;4;4;4m[48;2;130;126;120m▀[0m[38;2;201;193;184m[48;2;199;191;182m▀[0m[38;2;200;192;183m▀[0m[38;2;198;190;181m[48;2;148;143;137m▀[0m[38;2;107;103;97m[48;2;122;117;112m▀[0m[38;2;200;192;183m[48;2;197;189;180m▀[0m[38;2;200;192;183m[48;2;196;188;179m▀[0m[38;2;228;220;210m[48;2;147;141;134m▀[0m[38;2;229;226;221m▀[0m         [38;2;22;21;20m▀[0m[38;2;166;160;152m[48;2;165;159;151m▀[0m[38;2;167;161;153m[48;2;165;159;151m▀[0m[38;2;167;161;153m[48;2;164;158;150m▀[0m[38;2;0;0;0m▄[0m    
  [38;2;200;192;183m▀[0m[38;2;194;187;178m▀[0m[38;2;194;187;178m▀[0m[38;2;199;191;182m▀[0m[38;2;200;192;183m[48;2;200;192;183m▀[0m[38;2;198;190;181m[48;2;199;191;182m▀[0m[38;2;199;191;182m[48;2;197;188;179m▀[0m[38;2;199;191;182m[48;2;196;188;179m▀[0m[38;2;183;176;168m▀[0m    [38;2;144;138;132m▄[0m[38;2;143;137;131m[48;2;188;181;172m▀[0m[38;2;194;186;177m[48;2;194;186;177m▀[0m[38;2;193;186;177m[48;2;10;10;9m▀[0m[38;2;192;184;175m▀[0m            [38;2;0;0;0m▀[0m[38;2;162;156;149m[48;2;173;167;159m▀[0m[38;2;163;157;149m[48;2;183;176;168m▀[0m[38;2;0;0;0m[48;2;0;0;0m▀[0m    
      [38;2;203;195;185m[48;2;195;187;178m▀[0m[38;2;196;188;179m[48;2;195;187;178m▀[0m[38;2;195;187;178m[48;2;0;0;0m▀[0m[38;2;39;37;35m▀[0m [38;2;28;90;189m▄[0m[38;2;27;87;184m▄[0m[38;2;26;83;175m▄[0m[38;2;23;77;144m[48;2;24;77;159m▀[0m[38;2;21;44;67m[48;2;23;75;155m▀[0m[38;2;164;158;150m[48;2;23;79;136m▀[0m[38;2;130;125;119m[48;2;23;81;140m▀[0m[38;2;23;81;140m[48;2;23;81;140m▀[0m[38;2;0;0;0m[48;2;29;50;69m▀[0m           [38;2;23;30;44m▄[0m[38;2;33;105;220m▄[0m[38;2;190;183;174m[48;2;33;105;220m▀[0m[38;2;192;185;176m[48;2;33;105;220m▀[0m[38;2;4;3;4m[48;2;33;105;220m▀[0m[38;2;34;106;221m▄[0m   
      [38;2;194;186;177m[48;2;190;183;174m▀[0m[38;2;83;79;76m[48;2;181;174;166m▀[0m   [38;2;29;92;192m[48;2;29;92;192m▀[0m[38;2;29;92;192m[48;2;29;92;192m▀[0m[38;2;29;91;191m[48;2;29;92;192m▀[0m[38;2;26;83;174m[48;2;28;87;183m▀[0m[38;2;23;75;157m[48;2;24;78;163m▀[0m[38;2;23;81;140m[48;2;23;81;140m▀[0m[38;2;23;81;140m[48;2;23;80;138m▀[0m[38;2;23;81;140m▀[0m            [38;2;33;105;221m[48;2;30;96;201m▀[0m[38;2;84;140;229m[48;2;52;118;224m▀[0m[38;2;91;145;230m[48;2;72;131;227m▀[0m[38;2;79;136;228m[48;2;37;108;221m▀[0m[38;2;39;110;222m[48;2;34;106;221m▀[0m[38;2;39;110;222m[48;2;34;106;221m▀[0m[38;2;53;119;224m[48;2;29;92;193m▀[0m  
      [38;2;200;192;183m▀[0m    [38;2;27;30;33m▀[0m[38;2;27;85;178m▀[0m[38;2;27;85;178m▀[0m[38;2;26;83;175m▀[0m[38;2;27;85;179m▀[0m[38;2;1;3;1m▀[0m              [38;2;29;92;192m▀[0m[38;2;29;92;193m[48;2;53;70;94m▀[0m[38;2;30;94;196m[48;2;43;88;161m▀[0m[38;2;30;94;197m[48;2;35;89;175m▀[0m[38;2;29;92;192m[48;2;28;90;189m▀[0m[38;2;34;89;177m[48;2;41;89;165m▀[0m[38;2;29;92;192m▀[0m  
                                        
