                                        
            [38;2;241;248;232m▄[0m[38;2;195;197;186m▄[0m                          
      [38;2;123;157;184m▄[0m[38;2;7;8;9m[48;2;136;174;204m▀[0m[38;2;135;173;204m[48;2;136;175;204m▀[0m[38;2;93;143;193m[48;2;94;144;192m▀[0m[38;2;88;142;193m[48;2;88;142;192m▀[0m[38;2;88;142;192m[48;2;88;140;191m▀[0m[38;2;228;233;218m[48;2;82;117;157m▀[0m[38;2;199;199;188m[48;2;1;3;1m▀[0m    [38;2;244;246;242m[48;2;196;201;190m▀[0m[38;2;138;177;208m▄[0m[38;2;120;164;202m▄[0m[38;2;92;144;195m▄[0m[38;2;3;3;2m▄[0m                 
     [38;2;48;49;44m▄[0m[38;2;138;176;205m[48;2;95;146;194m▀[0m[38;2;138;175;204m[48;2;92;143;193m▀[0m[38;2;112;158;199m[48;2;88;142;193m▀[0m[38;2;88;142;192m[48;2;88;142;193m▀[0m[38;2;88;142;192m[48;2;86;131;176m▀[0m[38;2;87;130;174m[48;2;84;123;166m▀[0m[38;2;83;120;159m[48;2;82;119;159m▀[0m[38;2;22;31;37m▀[0m    [38;2;21;29;40m[48;2;24;33;41m▀[0m[38;2;95;144;192m[48;2;85;126;170m▀[0m[38;2;103;152;196m[48;2;85;127;170m▀[0m[38;2;88;139;190m[48;2;97;76;64m▀[0m[38;2;88;139;189m[48;2;81;115;151m▀[0m                 
   [38;2;9;9;9m▄[0m[38;2;235;242;228m[48;2;237;242;231m▀[0m[38;2;251;253;248m[48;2;240;247;233m▀[0m[38;2;88;141;194m[48;2;91;138;186m▀[0m[38;2;89;142;194m[48;2;83;120;159m▀[0m[38;2;87;136;185m[48;2;83;120;159m▀[0m[38;2;84;124;166m[48;2;82;118;157m▀[0m[38;2;192;189;190m[48;2;201;198;200m▀[0m[38;2;184;181;182m[48;2;221;222;223m▀[0m[38;2;85;123;163m▀[0m      [38;2;81;116;153m▀[0m[38;2;81;115;154m▀[0m[38;2;153;123;109m▀[0m[38;2;156;125;111m[48;2;153;123;109m▀[0m                 
       [38;2;193;194;184m[48;2;191;193;182m▀[0m[38;2;63;90;120m[48;2;180;181;172m▀[0m[38;2;31;43;55m▀[0m[38;2;202;202;204m[48;2;189;151;132m▀[0m[38;2;103;81;66m[48;2;189;151;132m▀[0m          [38;2;164;132;116m[48;2;167;134;119m▀[0m                 
       [38;2;2;3;2m▀[0m  [38;2;186;149;131m▀[0m[38;2;195;160;142m[48;2;192;154;134m▀[0m[38;2;201;168;148m▄[0m[38;2;151;129;115m▄[0m       [38;2;123;103;95m▄[0m[38;2;168;135;118m[48;2;148;121;110m▀[0m                 
            [38;2;188;150;130m▀[0m[38;2;194;157;137m▀[0m[38;2;203;169;151m[48;2;94;149;202m▀[0m[38;2;62;50;43m[48;2;136;175;207m▀[0m[38;2;91;121;149m[48;2;138;177;208m▀[0m[38;2;114;159;200m[48;2;138;176;209m▀[0m[38;2;106;156;202m[48;2;139;177;207m▀[0m[38;2;0;0;0m[48;2;91;145;196m▀[0m[38;2;76;66;60m[48;2;88;141;194m▀[0m[38;2;116;98;93m▀[0m                  
             [38;2;76;123;170m[48;2;88;140;191m▀[0m[38;2;94;149;197m[48;2;88;140;191m▀[0m[38;2;138;176;206m[48;2;98;146;192m▀[0m[38;2;138;176;206m[48;2;56;52;52m▀[0m[38;2;124;158;185m[48;2;193;156;138m▀[0m[38;2;108;156;200m[48;2;87;137;187m▀[0m[38;2;87;140;191m[48;2;87;137;187m▀[0m[38;2;88;139;190m[48;2;26;42;60m▀[0m[38;2;93;148;201m[48;2;187;151;131m▀[0m[38;2;187;149;131m▄[0m[38;2;195;156;136m▄[0m         [38;2;252;252;251m[48;2;239;242;234m▀[0m      
     [38;2;193;154;133m▄[0m[38;2;207;165;143m▄[0m[38;2;240;239;241m▄[0m[38;2;92;91;92m[48;2;228;226;227m▀[0m[38;2;195;155;134m▀[0m[38;2;159;127;112m[48;2;0;0;0m▀[0m[38;2;8;7;6m[48;2;154;124;110m▀[0m[38;2;30;24;16m▄[0m[38;2;85;127;171m[48;2;81;117;154m▀[0m[38;2;88;138;189m[48;2;81;117;154m▀[0m[38;2;26;39;54m[48;2;161;130;114m▀[0m[38;2;189;151;132m[48;2;164;132;116m▀[0m[38;2;190;152;132m[48;2;167;135;119m▀[0m[38;2;15;23;29m[48;2;161;129;114m▀[0m[38;2;87;137;186m[48;2;84;125;166m▀[0m[38;2;86;128;172m[48;2;84;121;161m▀[0m[38;2;184;147;129m[48;2;82;118;156m▀[0m[38;2;190;152;132m▀[0m[38;2;209;175;156m▀[0m[38;2;214;184;165m[48;2;213;169;148m▀[0m[38;2;195;155;134m[48;2;195;155;134m▀[0m[38;2;52;43;37m[48;2;196;158;138m▀[0m[38;2;191;152;132m▄[0m[38;2;1;1;1m▄[0m   [38;2;124;166;202m▄[0m[38;2;229;236;220m[48;2;105;153;195m▀[0m[38;2;229;236;220m[48;2;92;141;190m▀[0m[38;2;87;137;188m▄[0m    
    [38;2;191;152;132m[48;2;153;123;109m▀[0m[38;2;189;151;132m[48;2;163;132;116m▀[0m[38;2;190;152;131m[48;2;162;131;115m▀[0m[38;2;45;49;50m[48;2;158;127;112m▀[0m[38;2;159;128;113m[48;2;154;124;109m▀[0m   [38;2;150;120;104m▀[0m[38;2;82;117;156m[48;2;81;116;154m▀[0m[38;2;165;131;116m[48;2;157;126;111m▀[0m[38;2;158;126;112m[48;2;157;127;111m▀[0m[38;2;165;132;116m[48;2;157;126;112m▀[0m[38;2;164;132;116m[48;2;157;127;111m▀[0m[38;2;171;137;120m[48;2;159;128;113m▀[0m[38;2;84;123;165m[48;2;82;118;157m▀[0m[38;2;83;118;157m[48;2;83;118;157m▀[0m[38;2;83;119;158m[48;2;84;123;163m▀[0m    [38;2;194;154;134m▀[0m[38;2;193;153;133m▀[0m[38;2;38;39;40m[48;2;231;228;230m▀[0m[38;2;231;230;232m[48;2;251;250;250m▀[0m[38;2;1;3;0m[48;2;95;145;194m▀[0m[38;2;138;175;204m[48;2;137;173;202m▀[0m[38;2;137;174;203m[48;2;137;173;203m▀[0m[38;2;137;174;202m[48;2;120;160;195m▀[0m[38;2;30;51;69m[48;2;201;165;144m▀[0m[38;2;89;142;193m[48;2;194;154;134m▀[0m[38;2;88;140;191m[48;2;88;142;193m▀[0m[38;2;68;106;144m▄[0m  
   [38;2;197;159;138m▄[0m[38;2;38;31;27m[48;2;196;156;135m▀[0m[38;2;158;127;112m[48;2;178;142;123m▀[0m[38;2;157;126;111m[48;2;58;48;41m▀[0m[38;2;158;127;111m[48;2;71;58;51m▀[0m[38;2;165;132;117m[48;2;196;157;136m▀[0m[38;2;194;155;134m▄[0m[38;2;26;21;18m▄[0m[38;2;208;175;154m▄[0m[38;2;203;165;145m▄[0m[38;2;17;14;12m[48;2;195;155;134m▀[0m[38;2;156;126;111m[48;2;56;46;40m▀[0m[38;2;156;126;111m[48;2;159;127;112m▀[0m[38;2;156;126;111m[48;2;159;127;112m▀[0m[38;2;157;126;111m[48;2;159;127;112m▀[0m[38;2;163;131;116m[48;2;110;87;74m▀[0m[38;2;81;117;155m[48;2;70;102;134m▀[0m[38;2;81;117;156m[48;2;40;34;31m▀[0m[38;2;0;0;0m▄[0m       [38;2;59;59;58m▀[0m[38;2;93;143;193m[48;2;89;142;194m▀[0m[38;2;113;158;198m[48;2;90;144;195m▀[0m[38;2;117;163;203m[48;2;89;145;197m▀[0m[38;2;168;138;119m[48;2;77;59;47m▀[0m[38;2;196;157;135m[48;2;196;158;138m▀[0m[38;2;196;156;136m[48;2;196;157;136m▀[0m[38;2;107;86;73m[48;2;32;25;19m▀[0m[38;2;89;144;196m[48;2;85;131;179m▀[0m  
  [38;2;191;165;146m[48;2;209;176;156m▀[0m[38;2;196;158;138m[48;2;47;39;33m▀[0m[38;2;196;158;138m[48;2;196;158;137m▀[0m[38;2;196;157;137m[48;2;194;154;133m▀[0m[38;2;196;158;137m[48;2;192;153;132m▀[0m[38;2;196;155;134m[48;2;194;154;133m▀[0m[38;2;195;155;134m[48;2;170;135;118m▀[0m[38;2;159;134;119m[48;2;212;182;164m▀[0m[38;2;214;184;165m[48;2;214;184;164m▀[0m[38;2;215;185;165m[48;2;208;175;155m▀[0m[38;2;204;168;147m[48;2;196;158;138m▀[0m[38;2;196;156;134m[48;2;196;156;135m▀[0m[38;2;196;157;135m[48;2;196;157;136m▀[0m[38;2;181;145;127m[48;2;180;145;126m▀[0m[38;2;167;134;119m[48;2;161;128;113m▀[0m[38;2;171;138;122m[48;2;160;128;113m▀[0m[38;2;160;129;113m[48;2;160;128;112m▀[0m[38;2;162;130;114m[48;2;161;129;113m▀[0m[38;2;67;55;47m[48;2;158;127;112m▀[0m[38;2;131;109;99m[48;2;131;108;99m▀[0m[38;2;140;115;104m[48;2;129;107;97m▀[0m[38;2;136;112;101m▄[0m     [38;2;0;0;0m▀[0m[38;2;86;132;177m[48;2;82;118;156m▀[0m[38;2;88;141;191m[48;2;84;122;163m▀[0m[38;2;89;140;191m[48;2;85;126;168m▀[0m[38;2;88;140;191m[48;2;85;127;170m▀[0m[38;2;187;149;131m[48;2;85;125;168m▀[0m[38;2;183;146;127m[48;2;83;122;162m▀[0m[38;2;82;120;160m[48;2;81;117;156m▀[0m[38;2;82;118;156m[48;2;80;116;155m▀[0m  
  [38;2;203;168;148m[48;2;213;172;152m▀[0m[38;2;193;154;133m[48;2;191;152;132m▀[0m[38;2;194;154;133m[48;2;188;151;131m▀[0m[38;2;111;90;77m[48;2;190;152;132m▀[0m[38;2;190;152;132m[48;2;194;155;134m▀[0m[38;2;190;152;132m[48;2;195;155;135m▀[0m[38;2;195;155;134m[48;2;193;153;133m▀[0m[38;2;203;169;149m[48;2;194;154;134m▀[0m[38;2;210;177;157m[48;2;193;154;133m▀[0m[38;2;199;162;141m[48;2;181;146;126m▀[0m[38;2;196;157;136m[48;2;173;139;122m▀[0m[38;2;190;152;131m[48;2;172;138;120m▀[0m[38;2;171;137;120m[48;2;165;132;116m▀[0m[38;2;160;128;113m[48;2;160;127;113m▀[0m[38;2;160;129;113m[48;2;155;125;110m▀[0m[38;2;160;129;113m[48;2;153;123;109m▀[0m[38;2;155;125;110m[48;2;154;124;109m▀[0m[38;2;17;14;12m[48;2;154;124;109m▀[0m[38;2;154;125;109m[48;2;154;125;110m▀[0m[38;2;135;111;100m[48;2;158;129;115m▀[0m[38;2;128;106;97m[48;2;151;122;109m▀[0m[38;2;132;109;100m[48;2;141;117;104m▀[0m[38;2;39;32;29m[48;2;142;117;106m▀[0m     [38;2;81;117;155m[48;2;180;181;171m▀[0m[38;2;81;117;154m[48;2;20;27;36m▀[0m[38;2;81;116;153m[48;2;81;115;153m▀[0m[38;2;81;116;154m[48;2;81;115;153m▀[0m[38;2;81;116;154m[48;2;81;115;152m▀[0m[38;2;81;116;154m[48;2;81;117;153m▀[0m[38;2;82;117;154m[48;2;4;5;5m▀[0m   
   [38;2;174;139;122m▀[0m[38;2;194;155;134m[48;2;160;128;113m▀[0m[38;2;194;155;134m[48;2;157;127;112m▀[0m[38;2;196;157;135m[48;2;157;126;111m▀[0m[38;2;185;147;128m[48;2;156;126;111m▀[0m[38;2;175;140;122m[48;2;161;130;115m▀[0m[38;2;167;135;119m[48;2;156;126;111m▀[0m[38;2;164;132;116m[48;2;156;126;111m▀[0m[38;2;164;133;116m[48;2;154;125;111m▀[0m[38;2;162;131;115m[48;2;152;123;108m▀[0m[38;2;155;125;110m[48;2;153;123;109m▀[0m[38;2;153;123;109m[48;2;153;123;109m▀[0m[38;2;153;123;109m[48;2;46;38;33m▀[0m[38;2;153;123;109m[48;2;155;125;110m▀[0m[38;2;153;124;109m[48;2;154;125;110m▀[0m[38;2;154;124;110m[48;2;155;124;111m▀[0m[38;2;167;134;117m[48;2;152;123;109m▀[0m[38;2;156;125;111m[48;2;154;124;109m▀[0m[38;2;46;39;32m[48;2;37;30;27m▀[0m[38;2;153;123;109m[48;2;155;125;110m▀[0m[38;2;153;123;109m[48;2;157;126;111m▀[0m[38;2;162;131;115m[48;2;53;43;37m▀[0m     [38;2;180;182;172m[48;2;185;188;177m▀[0m[38;2;180;183;172m[48;2;187;190;179m▀[0m[38;2;46;65;85m▀[0m[38;2;81;117;155m▀[0m[38;2;81;117;157m[48;2;183;183;173m▀[0m[38;2;197;197;187m[48;2;184;185;175m▀[0m    
     [38;2;155;125;110m▀[0m[38;2;155;125;110m[48;2;32;26;22m▀[0m[38;2;155;125;111m[48;2;152;123;108m▀[0m[38;2;156;126;111m[48;2;151;122;108m▀[0m[38;2;155;125;110m[48;2;109;89;78m▀[0m[38;2;151;123;108m[48;2;154;124;110m▀[0m[38;2;151;122;108m[48;2;156;125;111m▀[0m[38;2;159;129;113m[48;2;47;45;44m▀[0m[38;2;27;27;25m[48;2;195;189;185m▀[0m[38;2;153;122;108m[48;2;55;46;38m▀[0m[38;2;154;124;110m[48;2;154;124;110m▀[0m[38;2;154;124;110m[48;2;154;124;109m▀[0m[38;2;161;129;114m[48;2;154;124;109m▀[0m[38;2;154;124;109m[48;2;16;14;13m▀[0m[38;2;150;120;106m[48;2;142;138;136m▀[0m[38;2;154;124;110m[48;2;178;176;177m▀[0m[38;2;77;63;54m[48;2;114;113;114m▀[0m[38;2;153;123;108m▀[0m[38;2;34;28;24m▀[0m      [38;2;202;205;193m▀[0m   [38;2;5;5;4m▀[0m[38;2;205;211;198m[48;2;181;185;173m▀[0m    
        [38;2;86;70;62m▀[0m[38;2;65;55;46m▀[0m[38;2;52;43;36m[48;2;0;1;0m▀[0m[38;2;155;124;110m[48;2;162;131;115m▀[0m[38;2;88;73;63m[48;2;142;115;102m▀[0m[38;2;36;33;31m[48;2;21;18;15m▀[0m[38;2;154;124;109m[48;2;150;121;107m▀[0m[38;2;160;129;113m[48;2;154;125;110m▀[0m[38;2;161;130;113m[48;2;153;124;109m▀[0m[38;2;160;128;113m[48;2;160;129;113m▀[0m[38;2;37;35;33m▀[0m[38;2;154;125;110m[48;2;154;125;110m▀[0m[38;2;61;60;60m[48;2;189;186;188m▀[0m[38;2;68;67;66m[48;2;158;128;112m▀[0m[38;2;163;132;117m▄[0m                 
           [38;2;132;109;98m[48;2;168;137;121m▀[0m[38;2;129;106;96m[48;2;151;123;109m▀[0m[38;2;128;107;98m[48;2;159;127;112m▀[0m[38;2;130;108;98m▀[0m   [38;2;161;130;114m[48;2;173;140;124m▀[0m[38;2;161;128;113m[48;2;160;129;115m▀[0m[38;2;160;130;116m[48;2;160;128;113m▀[0m[38;2;160;130;115m[48;2;159;127;112m▀[0m[38;2;161;130;115m[48;2;159;127;112m▀[0m                 
            [38;2;150;122;108m▀[0m     [38;2;82;66;58m▀[0m[38;2;172;138;121m▀[0m[38;2;160;128;113m[48;2;19;16;14m▀[0m[38;2;160;130;114m▀[0m                  
                                        
