                                        
                       [38;2;232;225;184m▄[0m[38;2;234;226;186m▄[0m[38;2;242;241;197m[48;2;233;227;185m▀[0m[38;2;235;228;185m[48;2;0;0;0m▀[0m             
           [38;2;235;227;186m▄[0m[38;2;233;226;184m▄[0m[38;2;232;225;184m▄[0m[38;2;55;52;36m▄[0m [38;2;230;222;165m[48;2;228;221;166m▀[0m[38;2;228;220;165m▄[0m [38;2;228;218;163m[48;2;222;214;160m▀[0m[38;2;0;0;0m▄[0m[38;2;100;97;71m[48;2;228;219;164m▀[0m[38;2;229;220;172m[48;2;228;220;170m▀[0m[38;2;234;227;186m[48;2;231;224;175m▀[0m[38;2;234;227;186m[48;2;232;225;175m▀[0m[38;2;237;233;190m▀[0m              
            [38;2;234;227;186m▀[0m[38;2;234;227;186m[48;2;233;226;185m▀[0m[38;2;232;224;176m[48;2;230;222;174m▀[0m[38;2;228;218;164m[48;2;227;219;163m▀[0m[38;2;48;45;32m[48;2;229;220;164m▀[0m[38;2;187;179;139m[48;2;232;225;168m▀[0m[38;2;193;185;143m▄[0m[38;2;193;185;144m[48;2;229;221;166m▀[0m[38;2;230;223;166m[48;2;228;219;164m▀[0m[38;2;230;222;167m[48;2;226;217;162m▀[0m[38;2;230;222;166m▀[0m[38;2;221;217;163m▀[0m                
              [38;2;74;71;52m▀[0m[38;2;229;221;165m▀[0m[38;2;226;218;163m[48;2;232;225;185m▀[0m[38;2;225;217;163m[48;2;232;225;184m▀[0m[38;2;225;216;162m[48;2;230;223;184m▀[0m[38;2;221;212;159m[48;2;228;221;182m▀[0m[38;2;7;7;5m[48;2;228;221;182m▀[0m[38;2;229;223;183m▄[0m[38;2;229;222;183m▄[0m[38;2;228;221;182m▄[0m[38;2;187;183;151m▄[0m               
             [38;2;229;223;184m▄[0m[38;2;190;187;151m[48;2;229;222;183m▀[0m[38;2;230;224;184m[48;2;230;223;184m▀[0m[38;2;230;224;184m[48;2;230;223;183m▀[0m[38;2;230;223;184m[48;2;230;224;184m▀[0m[38;2;230;223;183m[48;2;229;222;183m▀[0m[38;2;230;223;184m[48;2;229;222;183m▀[0m[38;2;229;222;183m[48;2;230;223;184m▀[0m[38;2;230;223;184m[48;2;229;222;183m▀[0m[38;2;229;222;183m[48;2;229;222;183m▀[0m[38;2;229;222;183m[48;2;55;53;42m▀[0m[38;2;230;222;184m[48;2;226;218;172m▀[0m[38;2;226;219;173m[48;2;224;217;166m▀[0m[38;2;231;222;171m[48;2;224;214;161m▀[0m[38;2;228;218;164m▄[0m            
           [38;2;226;217;172m▄[0m[38;2;228;221;182m[48;2;225;218;174m▀[0m[38;2;227;221;181m[48;2;195;190;156m▀[0m[38;2;233;227;187m[48;2;229;222;183m▀[0m[38;2;229;222;183m[48;2;227;220;176m▀[0m[38;2;229;222;183m[48;2;226;219;175m▀[0m[38;2;229;222;183m[48;2;226;218;175m▀[0m[38;2;228;221;182m[48;2;222;212;160m▀[0m[38;2;228;221;182m[48;2;224;216;162m▀[0m[38;2;228;222;182m[48;2;224;215;162m▀[0m[38;2;228;221;178m[48;2;222;214;160m▀[0m[38;2;226;218;172m[48;2;222;214;160m▀[0m[38;2;226;217;162m[48;2;222;214;160m▀[0m[38;2;48;46;32m[48;2;222;214;160m▀[0m[38;2;224;215;161m[48;2;222;213;159m▀[0m[38;2;224;215;161m[48;2;223;214;161m▀[0m[38;2;224;215;162m[48;2;224;216;162m▀[0m[38;2;224;215;162m[48;2;225;216;162m▀[0m[38;2;223;215;161m▄[0m          
          [38;2;45;43;30m[48;2;221;211;160m▀[0m[38;2;221;213;159m[48;2;221;213;159m▀[0m[38;2;221;213;159m[48;2;230;221;166m▀[0m[38;2;221;213;159m[48;2;226;218;163m▀[0m[38;2;222;213;159m[48;2;226;218;164m▀[0m[38;2;222;213;160m[48;2;225;216;162m▀[0m[38;2;224;215;162m[48;2;225;216;162m▀[0m[38;2;223;214;160m[48;2;223;215;161m▀[0m[38;2;231;222;167m[48;2;38;33;21m▀[0m[38;2;68;71;40m[48;2;205;146;156m▀[0m[38;2;223;215;161m[48;2;224;216;161m▀[0m[38;2;222;214;160m[48;2;232;228;170m▀[0m[38;2;223;215;161m[48;2;103;99;71m▀[0m[38;2;225;215;161m[48;2;76;73;55m▀[0m[38;2;225;216;162m[48;2;80;78;57m▀[0m[38;2;229;221;165m[48;2;70;69;51m▀[0m[38;2;226;217;162m[48;2;229;220;165m▀[0m[38;2;226;218;163m[48;2;177;174;130m▀[0m[38;2;226;218;163m[48;2;188;180;139m▀[0m[38;2;225;217;163m▀[0m[38;2;3;5;1m▀[0m         
         [38;2;65;62;45m[48;2;227;218;164m▀[0m[38;2;226;217;163m[48;2;227;217;163m▀[0m[38;2;227;217;164m[48;2;226;218;164m▀[0m[38;2;133;128;95m[48;2;47;45;32m▀[0m[38;2;225;216;162m[48;2;205;146;158m▀[0m[38;2;226;217;163m[48;2;255;255;255m▀[0m[38;2;187;182;133m[48;2;9;9;6m▀[0m[38;2;140;136;136m[48;2;254;249;243m▀[0m[38;2;204;145;156m[48;2;231;232;231m▀[0m[38;2;213;152;163m[48;2;238;172;189m▀[0m[38;2;223;158;171m[48;2;237;171;190m▀[0m[38;2;222;157;171m[48;2;237;171;185m▀[0m[38;2;23;14;15m[48;2;8;6;4m▀[0m[38;2;255;252;246m[48;2;12;12;10m▀[0m[38;2;7;6;4m[48;2;36;51;46m▀[0m[38;2;227;223;219m[48;2;255;250;245m▀[0m[38;2;227;224;219m[48;2;253;248;244m▀[0m[38;2;215;153;165m[48;2;236;169;183m▀[0m[38;2;187;179;139m[48;2;191;182;140m▀[0m[38;2;187;179;139m[48;2;183;175;137m▀[0m[38;2;33;31;23m[48;2;184;175;136m▀[0m          
         [38;2;136;131;98m▀[0m[38;2;235;226;169m[48;2;205;197;152m▀[0m[38;2;227;218;164m[48;2;199;191;147m▀[0m[38;2;103;103;69m[48;2;152;86;100m▀[0m[38;2;12;9;6m[48;2;10;11;9m▀[0m[38;2;3;2;2m[48;2;84;135;126m▀[0m[38;2;45;64;59m[48;2;88;139;130m▀[0m[38;2;255;255;253m[48;2;253;247;243m▀[0m[38;2;250;246;243m[48;2;116;114;112m▀[0m[38;2;235;168;182m[48;2;235;167;181m▀[0m[38;2;235;168;182m[48;2;186;137;144m▀[0m[38;2;236;170;183m[48;2;80;42;53m▀[0m[38;2;108;66;75m[48;2;233;165;181m▀[0m[38;2;81;130;122m[48;2;35;37;34m▀[0m[38;2;70;107;100m[48;2;242;239;235m▀[0m[38;2;242;238;235m[48;2;243;239;234m▀[0m[38;2;241;238;235m[48;2;230;163;179m▀[0m[38;2;233;167;182m[48;2;232;165;181m▀[0m[38;2;103;100;71m[48;2;127;121;91m▀[0m[38;2;181;173;135m[48;2;182;172;134m▀[0m[38;2;181;173;135m[48;2;183;174;135m▀[0m[38;2;200;190;146m▄[0m         
          [38;2;185;178;137m[48;2;188;180;140m▀[0m[38;2;186;179;138m[48;2;183;174;136m▀[0m[38;2;72;33;47m[48;2;192;183;142m▀[0m[38;2;236;169;185m[48;2;233;165;180m▀[0m[38;2;2;3;3m[48;2;233;165;181m▀[0m[38;2;242;239;236m[48;2;234;165;181m▀[0m[38;2;248;246;242m[48;2;234;165;181m▀[0m[38;2;234;167;182m[48;2;233;165;180m▀[0m[38;2;238;149;162m[48;2;238;150;162m▀[0m[38;2;172;105;123m[48;2;107;67;76m▀[0m[38;2;238;150;162m[48;2;244;151;164m▀[0m[38;2;85;55;54m[48;2;240;150;164m▀[0m[38;2;233;165;181m[48;2;225;160;173m▀[0m[38;2;233;166;182m[48;2;222;157;169m▀[0m[38;2;233;167;182m[48;2;204;145;157m▀[0m[38;2;221;156;169m[48;2;203;144;155m▀[0m[38;2;204;145;157m[48;2;205;145;158m▀[0m[38;2;188;180;140m[48;2;187;179;139m▀[0m[38;2;184;175;136m[48;2;187;179;139m▀[0m[38;2;184;177;138m[48;2;201;192;148m▀[0m[38;2;210;201;152m▀[0m         
          [38;2;195;187;143m[48;2;207;199;151m▀[0m[38;2;182;174;136m[48;2;183;175;136m▀[0m[38;2;182;173;135m[48;2;186;178;138m▀[0m[38;2;200;144;155m[48;2;188;180;139m▀[0m[38;2;220;157;169m[48;2;204;145;156m▀[0m[38;2;224;158;173m[48;2;204;145;156m▀[0m[38;2;224;159;173m[48;2;204;145;157m▀[0m[38;2;224;159;172m[48;2;203;144;155m▀[0m[38;2;245;154;166m[48;2;138;93;100m▀[0m[38;2;240;150;163m[48;2;193;124;134m▀[0m[38;2;238;148;162m[48;2;193;125;134m▀[0m[38;2;218;138;150m[48;2;125;85;91m▀[0m[38;2;204;145;157m[48;2;203;144;155m▀[0m[38;2;204;145;156m[48;2;203;144;156m▀[0m[38;2;204;145;156m[48;2;202;145;155m▀[0m[38;2;204;145;157m[48;2;59;57;40m▀[0m[38;2;138;134;99m[48;2;184;175;136m▀[0m[38;2;188;181;140m[48;2;184;176;136m▀[0m[38;2;186;179;138m▀[0m           
           [38;2;209;201;152m▀[0m[38;2;190;182;140m[48;2;3;5;1m▀[0m[38;2;187;179;139m[48;2;202;193;148m▀[0m[38;2;188;181;140m[48;2;55;51;42m▀[0m[38;2;210;150;162m[48;2;248;231;188m▀[0m[38;2;205;146;158m[48;2;196;180;150m▀[0m[38;2;204;145;157m[48;2;54;53;41m▀[0m[38;2;204;145;157m[48;2;201;137;150m▀[0m[38;2;204;145;157m[48;2;208;148;161m▀[0m[38;2;205;146;157m[48;2;206;144;157m▀[0m[38;2;204;145;157m[48;2;43;30;31m▀[0m[38;2;205;146;158m[48;2;195;179;151m▀[0m[38;2;204;144;156m[48;2;196;180;151m▀[0m[38;2;197;188;144m[48;2;225;209;173m▀[0m[38;2;186;177;138m[48;2;248;232;190m▀[0m[38;2;249;232;192m▄[0m[38;2;251;241;198m▄[0m            
            [38;2;180;170;139m[48;2;242;225;185m▀[0m[38;2;247;229;188m[48;2;245;227;186m▀[0m[38;2;246;228;187m[48;2;245;226;186m▀[0m[38;2;245;227;187m[48;2;221;211;175m▀[0m[38;2;246;228;187m[48;2;246;228;187m▀[0m[38;2;210;195;162m[48;2;246;228;187m▀[0m[38;2;196;180;151m[48;2;246;228;187m▀[0m[38;2;195;180;151m[48;2;248;230;188m▀[0m[38;2;200;184;154m[48;2;248;230;187m▀[0m[38;2;209;193;162m[48;2;248;230;188m▀[0m[38;2;221;206;171m[48;2;248;230;188m▀[0m[38;2;247;231;190m[48;2;247;229;187m▀[0m[38;2;248;231;188m[48;2;246;228;187m▀[0m[38;2;248;230;189m[48;2;248;230;189m▀[0m[38;2;248;230;188m[48;2;247;229;187m▀[0m[38;2;248;230;188m[48;2;217;201;168m▀[0m            
            [38;2;2;3;2m▀[0m[38;2;243;226;186m[48;2;172;159;133m▀[0m[38;2;246;228;188m[48;2;194;178;150m▀[0m[38;2;222;206;171m[48;2;195;180;151m▀[0m[38;2;244;226;186m[48;2;226;221;182m▀[0m[38;2;247;229;188m[48;2;243;226;186m▀[0m[38;2;246;229;187m[48;2;242;226;185m▀[0m[38;2;244;227;186m[48;2;243;225;184m▀[0m[38;2;244;227;186m[48;2;246;228;188m▀[0m[38;2;246;228;187m[48;2;248;232;190m▀[0m[38;2;248;230;188m[48;2;243;226;185m▀[0m[38;2;248;230;188m[48;2;239;223;183m▀[0m[38;2;244;226;185m[48;2;178;165;137m▀[0m[38;2;228;211;175m[48;2;200;143;153m▀[0m[38;2;190;175;148m[48;2;115;108;91m▀[0m[38;2;4;4;4m▀[0m            
              [38;2;194;179;150m[48;2;204;145;157m▀[0m[38;2;78;74;60m[48;2;204;146;156m▀[0m[38;2;235;168;182m[48;2;205;146;157m▀[0m[38;2;64;53;48m[48;2;225;160;173m▀[0m[38;2;241;224;184m[48;2;230;164;179m▀[0m[38;2;242;224;185m[48;2;50;47;39m▀[0m[38;2;238;220;183m[48;2;240;223;185m▀[0m[38;2;238;221;182m[48;2;230;214;178m▀[0m[38;2;238;221;183m[48;2;103;69;76m▀[0m[38;2;217;201;168m[48;2;202;145;155m▀[0m[38;2;201;142;153m[48;2;201;143;154m▀[0m[38;2;202;144;155m[48;2;201;142;153m▀[0m[38;2;0;0;0m▄[0m             
              [38;2;202;143;155m[48;2;188;133;145m▀[0m[38;2;202;145;155m[48;2;199;141;151m▀[0m[38;2;199;141;151m[48;2;198;140;151m▀[0m[38;2;199;142;152m[48;2;202;142;153m▀[0m[38;2;210;150;162m[48;2;199;142;152m▀[0m[38;2;214;154;166m[48;2;199;141;152m▀[0m[38;2;216;153;166m[48;2;200;143;153m▀[0m[38;2;211;151;163m[48;2;201;142;153m▀[0m[38;2;201;143;154m[48;2;201;142;153m▀[0m[38;2;201;142;153m[48;2;200;143;153m▀[0m[38;2;201;143;154m[48;2;201;142;153m▀[0m[38;2;202;144;155m[48;2;209;149;161m▀[0m              
             [38;2;187;172;146m▄[0m[38;2;189;175;149m[48;2;189;173;147m▀[0m[38;2;205;146;157m[48;2;189;174;147m▀[0m[38;2;201;142;154m[48;2;68;64;53m▀[0m[38;2;200;140;151m[48;2;201;145;155m▀[0m[38;2;202;143;153m[48;2;201;143;154m▀[0m[38;2;201;142;154m[48;2;199;142;153m▀[0m[38;2;201;142;154m[48;2;199;140;150m▀[0m[38;2;201;142;153m[48;2;199;142;152m▀[0m[38;2;201;142;153m[48;2;199;142;152m▀[0m[38;2;199;142;152m[48;2;207;147;157m▀[0m[38;2;199;142;152m[48;2;147;140;128m▀[0m               
             [38;2;215;199;166m[48;2;74;70;57m▀[0m[38;2;240;222;184m[48;2;239;222;183m▀[0m[38;2;229;212;177m[48;2;242;225;186m▀[0m[38;2;1;1;0m▀[0m     [38;2;80;77;70m▀[0m[38;2;183;175;153m[48;2;251;239;197m▀[0m[38;2;234;217;179m[48;2;243;226;185m▀[0m[38;2;242;224;185m[48;2;138;132;109m▀[0m              
                                        
