                                        
                                        
                                        
                                        
                [38;2;253;236;181m▄[0m[38;2;253;243;186m[48;2;210;184;109m▀[0m[38;2;250;231;169m[48;2;210;184;110m▀[0m   [38;2;252;235;177m▄[0m[38;2;253;236;180m[48;2;210;184;109m▀[0m[38;2;240;214;135m[48;2;210;184;109m▀[0m               
                [38;2;211;185;109m[48;2;212;184;110m▀[0m [38;2;194;170;101m[48;2;218;192;113m▀[0m  [38;2;88;77;45m[48;2;255;233;138m▀[0m[38;2;211;185;109m[48;2;210;184;108m▀[0m[38;2;104;91;56m▀[0m[38;2;210;184;108m[48;2;211;185;109m▀[0m               
                [38;2;215;188;111m[48;2;228;199;117m▀[0m[38;2;77;68;40m[48;2;210;184;108m▀[0m[38;2;212;186;110m[48;2;210;184;108m▀[0m  [38;2;252;224;132m[48;2;250;233;178m▀[0m[38;2;210;184;108m[48;2;210;184;109m▀[0m[38;2;235;207;123m[48;2;210;184;109m▀[0m[38;2;223;196;116m[48;2;88;75;46m▀[0m               
                [38;2;244;224;156m[48;2;250;234;178m▀[0m[38;2;208;183;107m[48;2;208;183;108m▀[0m[38;2;208;182;107m[48;2;209;184;108m▀[0m[38;2;0;0;0m[48;2;205;179;104m▀[0m[38;2;204;179;105m▄[0m[38;2;252;235;180m[48;2;249;232;177m▀[0m[38;2;205;179;105m[48;2;205;178;104m▀[0m[38;2;210;184;108m[48;2;205;178;104m▀[0m                
               [38;2;253;241;186m▄[0m[38;2;252;235;180m[48;2;242;240;195m▀[0m[38;2;210;184;108m[48;2;210;184;108m▀[0m[38;2;210;184;108m[48;2;217;190;112m▀[0m[38;2;208;182;107m[48;2;223;197;116m▀[0m[38;2;217;190;112m[48;2;232;205;121m▀[0m[38;2;253;236;180m[48;2;253;236;180m▀[0m[38;2;210;184;108m[48;2;210;184;108m▀[0m[38;2;149;130;77m[48;2;209;184;107m▀[0m[38;2;204;178;104m[48;2;210;184;108m▀[0m[38;2;243;217;127m▄[0m              
              [38;2;253;236;180m▄[0m[38;2;253;236;180m[48;2;253;237;184m▀[0m[38;2;135;128;99m[48;2;253;235;181m▀[0m[38;2;146;127;76m[48;2;240;214;128m▀[0m[38;2;226;199;118m[48;2;245;218;128m▀[0m[38;2;243;214;126m[48;2;252;224;133m▀[0m[38;2;251;223;133m[48;2;252;223;132m▀[0m[38;2;253;236;178m[48;2;253;235;180m▀[0m[38;2;200;176;104m[48;2;207;183;106m▀[0m[38;2;210;184;109m[48;2;223;196;117m▀[0m[38;2;216;189;110m[48;2;247;219;132m▀[0m[38;2;249;221;130m[48;2;244;216;127m▀[0m[38;2;193;170;100m▄[0m   [38;2;255;249;152m▄[0m[38;2;254;245;170m▄[0m[38;2;108;107;103m▄[0m[38;2;250;230;158m▄[0m[38;2;62;62;60m▄[0m     
      [38;2;26;24;15m▄[0m[38;2;253;232;160m▄[0m[38;2;84;85;85m▄[0m[38;2;78;79;75m▄[0m[38;2;244;217;127m▄[0m[38;2;193;168;103m▄[0m[38;2;187;162;99m▄[0m[38;2;194;169;101m▄[0m[38;2;253;236;180m[48;2;253;236;180m▀[0m[38;2;251;235;179m[48;2;253;236;180m▀[0m[38;2;253;236;181m[48;2;182;182;177m▀[0m[38;2;251;231;161m[48;2;252;233;171m▀[0m[38;2;251;224;132m[48;2;251;225;140m▀[0m[38;2;251;224;132m[48;2;251;223;133m▀[0m[38;2;252;224;134m[48;2;251;224;133m▀[0m[38;2;251;223;136m[48;2;252;224;133m▀[0m[38;2;250;223;132m[48;2;251;223;132m▀[0m[38;2;249;222;131m[48;2;251;223;132m▀[0m[38;2;252;224;133m[48;2;245;218;127m▀[0m[38;2;252;223;132m[48;2;245;218;128m▀[0m[38;2;245;218;127m[48;2;250;222;130m▀[0m[38;2;247;222;130m▄[0m[38;2;245;218;127m▄[0m[38;2;250;223;130m[48;2;230;203;119m▀[0m[38;2;251;223;132m[48;2;230;202;119m▀[0m[38;2;250;222;132m[48;2;231;204;122m▀[0m[38;2;64;64;59m[48;2;63;62;59m▀[0m[38;2;42;41;41m[48;2;37;36;30m▀[0m[38;2;249;234;138m[48;2;230;202;120m▀[0m[38;2;64;63;61m[48;2;63;63;60m▀[0m[38;2;251;223;134m[48;2;188;163;102m▀[0m[38;2;170;148;99m▄[0m  
    [38;2;252;230;158m▄[0m[38;2;102;101;99m[48;2;252;230;160m▀[0m[38;2;108;107;106m[48;2;252;223;132m▀[0m[38;2;64;63;61m[48;2;49;50;51m▀[0m[38;2;214;197;117m[48;2;63;63;60m▀[0m[38;2;26;25;27m[48;2;242;214;126m▀[0m[38;2;161;146;85m[48;2;44;40;24m▀[0m[38;2;188;163;99m▀[0m[38;2;189;165;100m▀[0m[38;2;204;179;107m▀[0m[38;2;252;236;180m[48;2;251;226;140m▀[0m[38;2;253;236;180m[48;2;253;236;180m▀[0m[38;2;131;125;99m[48;2;252;235;175m▀[0m[38;2;192;183;135m[48;2;253;233;155m▀[0m[38;2;252;225;136m[48;2;252;224;132m▀[0m[38;2;252;224;132m[48;2;253;225;133m▀[0m[38;2;252;224;133m[48;2;254;254;254m▀[0m[38;2;241;239;243m[48;2;117;106;64m▀[0m[38;2;252;223;132m[48;2;251;224;133m▀[0m[38;2;248;221;129m[48;2;245;217;129m▀[0m[38;2;245;218;127m[48;2;245;218;128m▀[0m[38;2;251;223;132m[48;2;248;221;129m▀[0m[38;2;245;217;129m[48;2;237;210;124m▀[0m[38;2;237;208;125m▀[0m  [38;2;215;187;110m▀[0m[38;2;43;40;31m▀[0m[38;2;62;61;60m[48;2;152;131;88m▀[0m[38;2;173;150;101m[48;2;32;29;36m▀[0m[38;2;50;47;62m[48;2;54;51;64m▀[0m[38;2;54;51;64m[48;2;178;156;105m▀[0m[38;2;173;150;101m[48;2;183;159;107m▀[0m[38;2;181;158;108m▀[0m  
  [38;2;153;154;152m▄[0m[38;2;251;231;160m[48;2;252;224;136m▀[0m[38;2;253;254;244m[48;2;107;94;51m▀[0m[38;2;228;232;230m[48;2;106;95;60m▀[0m[38;2;252;224;132m[48;2;251;223;132m▀[0m[38;2;252;223;132m[48;2;251;223;132m▀[0m[38;2;64;63;61m[48;2;65;65;62m▀[0m[38;2;56;49;29m▀[0m    [38;2;122;107;64m▀[0m[38;2;252;231;163m[48;2;213;187;112m▀[0m[38;2;252;229;153m[48;2;249;222;132m▀[0m[38;2;174;161;98m[48;2;68;69;71m▀[0m[38;2;229;214;130m[48;2;253;224;133m▀[0m[38;2;154;138;82m[48;2;252;224;132m▀[0m[38;2;255;247;146m[48;2;251;223;132m▀[0m[38;2;252;223;132m[48;2;251;224;132m▀[0m[38;2;251;223;133m[48;2;251;223;132m▀[0m[38;2;247;219;128m[48;2;251;224;133m▀[0m[38;2;245;218;127m[48;2;228;201;119m▀[0m[38;2;245;217;128m[48;2;27;26;25m▀[0m[38;2;1;1;1m▀[0m        [38;2;5;3;3m▀[0m[38;2;78;80;89m▀[0m   
  [38;2;210;213;211m▀[0m[38;2;255;231;136m[48;2;251;223;133m▀[0m[38;2;251;223;132m[48;2;251;223;132m▀[0m[38;2;251;224;133m[48;2;251;223;132m▀[0m[38;2;252;224;133m[48;2;220;223;220m▀[0m[38;2;248;219;130m[48;2;178;181;179m▀[0m       [38;2;49;44;34m▀[0m[38;2;193;168;103m[48;2;145;125;80m▀[0m[38;2;73;73;69m[48;2;65;64;60m▀[0m[38;2;88;88;85m[48;2;62;62;58m▀[0m[38;2;87;87;84m[48;2;55;54;51m▀[0m[38;2;250;221;131m[48;2;21;18;13m▀[0m[38;2;237;210;124m[48;2;83;72;45m▀[0m[38;2;220;194;115m[48;2;20;18;15m▀[0m[38;2;31;32;34m[48;2;252;230;160m▀[0m[38;2;62;62;58m[48;2;253;227;134m▀[0m[38;2;6;5;3m▀[0m              
    [38;2;52;45;27m▀[0m[38;2;250;240;142m▀[0m[38;2;220;222;213m▀[0m          [38;2;142;122;89m[48;2;143;122;90m▀[0m[38;2;164;140;91m[48;2;43;37;26m▀[0m[38;2;62;62;58m[48;2;133;114;83m▀[0m[38;2;71;69;65m▀[0m[38;2;49;49;47m[48;2;213;185;110m▀[0m[38;2;236;207;124m[48;2;212;185;109m▀[0m[38;2;246;219;130m[48;2;212;185;109m▀[0m[38;2;251;223;133m[48;2;214;187;111m▀[0m               
                  [38;2;170;148;95m▀[0m[38;2;174;153;95m▀[0m [38;2;217;190;112m[48;2;227;199;118m▀[0m[38;2;210;184;108m[48;2;211;184;108m▀[0m[38;2;210;184;108m[48;2;75;65;39m▀[0m                
                                        
                                        
                                        
                                        
