                                        
      [38;2;18;21;21m▄[0m[38;2;61;67;75m▄[0m[38;2;61;67;75m▄[0m[38;2;61;67;75m▄[0m[38;2;65;71;79m▄[0m [38;2;190;191;190m▄[0m    [38;2;22;22;22m▄[0m [38;2;58;64;71m▄[0m[38;2;87;92;96m[48;2;58;65;72m▀[0m                   
       [38;2;35;36;35m▀[0m[38;2;190;181;144m[48;2;33;32;24m▀[0m[38;2;199;190;149m[48;2;186;178;143m▀[0m[38;2;58;63;70m[48;2;142;141;125m▀[0m[38;2;62;67;75m[48;2;28;28;24m▀[0m[38;2;246;253;242m[48;2;61;68;75m▀[0m[38;2;238;247;233m[48;2;101;104;110m▀[0m[38;2;23;26;24m[48;2;101;105;112m▀[0m[38;2;74;79;83m[48;2;67;73;82m▀[0m[38;2;31;31;28m[48;2;149;123;122m▀[0m[38;2;194;201;188m[48;2;242;184;190m▀[0m[38;2;49;52;58m[48;2;52;55;61m▀[0m[38;2;49;52;58m[48;2;49;51;57m▀[0m[38;2;10;12;9m▀[0m                   
           [38;2;23;27;33m[48;2;58;63;71m▀[0m[38;2;59;65;73m[48;2;61;66;74m▀[0m[38;2;69;54;56m[48;2;242;180;188m▀[0m[38;2;171;173;170m[48;2;242;239;237m▀[0m[38;2;65;60;60m[48;2;202;217;225m▀[0m[38;2;247;186;194m[48;2;242;180;188m▀[0m[38;2;25;25;27m[48;2;249;186;195m▀[0m[38;2;19;22;23m[48;2;19;18;19m▀[0m[38;2;232;180;188m▄[0m                    
          [38;2;71;77;83m[48;2;59;66;73m▀[0m[38;2;59;65;73m[48;2;59;66;73m▀[0m[38;2;31;36;40m[48;2;205;152;159m▀[0m[38;2;252;187;196m[48;2;247;183;190m▀[0m[38;2;242;239;235m[48;2;173;132;138m▀[0m[38;2;14;27;39m[48;2;204;153;159m▀[0m[38;2;255;195;201m[48;2;243;181;188m▀[0m[38;2;247;183;191m[48;2;244;187;191m▀[0m[38;2;247;182;190m[48;2;246;188;193m▀[0m[38;2;72;70;69m[48;2;247;183;190m▀[0m[38;2;55;55;54m[48;2;244;183;190m▀[0m[38;2;249;187;193m▄[0m                  
     [38;2;90;95;100m▄[0m[38;2;100;104;109m[48;2;61;67;75m▀[0m[38;2;4;6;4m[48;2;61;67;75m▀[0m[38;2;248;184;192m▄[0m[38;2;74;56;58m▄[0m[38;2;61;68;75m[48;2;61;68;75m▀[0m[38;2;61;66;74m[48;2;61;67;75m▀[0m[38;2;253;188;197m[48;2;253;196;204m▀[0m[38;2;245;181;189m[48;2;249;187;193m▀[0m[38;2;249;183;192m[48;2;249;187;194m▀[0m[38;2;249;185;192m[48;2;249;187;194m▀[0m[38;2;248;183;192m[48;2;53;41;39m▀[0m[38;2;249;186;192m[48;2;35;27;23m▀[0m[38;2;249;186;193m[48;2;76;60;60m▀[0m[38;2;249;187;194m[48;2;103;75;70m▀[0m[38;2;249;188;195m[48;2;217;163;170m▀[0m[38;2;249;188;195m[48;2;196;148;155m▀[0m [38;2;227;171;180m▄[0m[38;2;69;72;76m[48;2;196;149;156m▀[0m[38;2;70;73;78m[48;2;51;54;60m▀[0m              
     [38;2;3;4;3m▀[0m[38;2;62;67;75m[48;2;249;189;199m▀[0m[38;2;61;67;75m[48;2;249;189;197m▀[0m[38;2;249;186;194m[48;2;249;188;196m▀[0m[38;2;249;187;194m[48;2;249;188;195m▀[0m[38;2;249;187;194m[48;2;249;188;195m▀[0m[38;2;64;71;78m[48;2;249;186;194m▀[0m[38;2;40;33;32m[48;2;65;72;80m▀[0m[38;2;249;189;196m[48;2;240;184;191m▀[0m[38;2;249;188;195m[48;2;244;181;189m▀[0m[38;2;249;187;195m[48;2;242;181;189m▀[0m[38;2;79;55;55m[48;2;246;183;192m▀[0m[38;2;177;118;119m[48;2;212;138;138m▀[0m[38;2;127;92;91m[48;2;207;135;135m▀[0m[38;2;127;92;89m[48;2;192;144;152m▀[0m[38;2;192;145;152m[48;2;184;138;146m▀[0m[38;2;80;60;63m[48;2;192;144;152m▀[0m[38;2;202;152;159m[48;2;192;145;152m▀[0m[38;2;191;144;151m[48;2;195;146;153m▀[0m[38;2;192;145;152m[48;2;195;147;153m▀[0m[38;2;192;145;152m[48;2;195;146;154m▀[0m              
       [38;2;249;186;194m[48;2;250;190;198m▀[0m[38;2;249;186;194m[48;2;245;182;189m▀[0m[38;2;249;186;193m[48;2;245;182;189m▀[0m[38;2;248;183;191m[48;2;244;181;189m▀[0m[38;2;245;182;189m[48;2;245;182;189m▀[0m[38;2;244;182;189m[48;2;245;182;189m▀[0m[38;2;60;66;74m[48;2;212;161;167m▀[0m[38;2;60;66;74m[48;2;61;67;76m▀[0m[38;2;252;195;202m[48;2;60;67;75m▀[0m[38;2;243;181;189m[48;2;59;66;73m▀[0m[38;2;220;165;174m[48;2;49;53;58m▀[0m[38;2;194;145;152m[48;2;50;53;59m▀[0m[38;2;20;22;22m[48;2;50;53;58m▀[0m[38;2;196;147;153m[48;2;51;54;60m▀[0m[38;2;195;147;154m[48;2;197;148;156m▀[0m[38;2;198;149;155m[48;2;198;149;155m▀[0m[38;2;198;148;155m[48;2;198;148;154m▀[0m[38;2;198;148;155m[48;2;197;148;154m▀[0m[38;2;66;50;52m▀[0m              
        [38;2;244;181;189m▀[0m[38;2;249;185;192m[48;2;249;188;195m▀[0m[38;2;249;186;193m[48;2;249;189;198m▀[0m[38;2;249;186;193m[48;2;249;187;194m▀[0m[38;2;249;186;193m[48;2;245;182;189m▀[0m[38;2;248;184;190m[48;2;248;185;191m▀[0m[38;2;249;186;193m[48;2;249;187;194m▀[0m[38;2;50;56;62m[48;2;249;187;194m▀[0m[38;2;61;67;75m[48;2;249;189;196m▀[0m[38;2;60;67;75m[48;2;254;200;205m▀[0m[38;2;61;67;75m[48;2;28;25;24m▀[0m[38;2;57;63;70m[48;2;49;56;62m▀[0m[38;2;61;66;74m[48;2;73;60;61m▀[0m[38;2;248;183;190m[48;2;249;189;197m▀[0m[38;2;246;189;197m[48;2;252;193;201m▀[0m[38;2;198;148;155m[48;2;253;190;198m▀[0m[38;2;249;187;194m▄[0m               
         [38;2;242;184;191m[48;2;196;157;161m▀[0m[38;2;241;178;187m[48;2;249;186;193m▀[0m[38;2;197;149;155m[48;2;246;182;189m▀[0m[38;2;198;149;155m[48;2;218;163;171m▀[0m[38;2;210;158;166m[48;2;249;186;194m▀[0m[38;2;249;188;195m[48;2;249;187;194m▀[0m[38;2;249;189;195m[48;2;251;202;202m▀[0m[38;2;252;211;206m[48;2;252;212;208m▀[0m[38;2;252;212;207m[48;2;252;211;206m▀[0m[38;2;252;212;210m[48;2;253;216;212m▀[0m[38;2;253;215;209m[48;2;248;237;196m▀[0m[38;2;242;234;176m[48;2;180;180;148m▀[0m[38;2;185;181;136m[48;2;246;205;201m▀[0m[38;2;240;231;177m[48;2;220;214;164m▀[0m[38;2;242;235;179m[48;2;235;228;175m▀[0m[38;2;239;230;176m[48;2;240;232;177m▀[0m[38;2;236;227;175m[48;2;242;235;180m▀[0m[38;2;90;70;70m[48;2;241;236;180m▀[0m[38;2;254;192;200m[48;2;249;189;197m▀[0m[38;2;252;210;206m[48;2;249;186;193m▀[0m           
         [38;2;79;62;62m▀[0m[38;2;249;187;193m[48;2;249;188;195m▀[0m[38;2;249;187;193m[48;2;249;187;194m▀[0m[38;2;249;187;194m[48;2;249;185;192m▀[0m[38;2;249;187;194m[48;2;249;186;192m▀[0m[38;2;250;192;196m[48;2;252;207;204m▀[0m[38;2;252;209;204m[48;2;252;211;207m▀[0m[38;2;252;210;206m[48;2;246;204;200m▀[0m[38;2;252;212;208m[48;2;227;188;186m▀[0m[38;2;241;230;191m[48;2;236;228;181m▀[0m[38;2;239;229;191m[48;2;238;229;184m▀[0m[38;2;178;176;135m[48;2;241;233;176m▀[0m[38;2;245;182;189m[48;2;249;187;194m▀[0m[38;2;40;37;30m[48;2;238;231;177m▀[0m[38;2;242;236;180m[48;2;235;227;175m▀[0m[38;2;242;236;180m[48;2;235;226;174m▀[0m[38;2;240;232;177m[48;2;235;227;174m▀[0m[38;2;240;232;177m[48;2;235;226;174m▀[0m[38;2;248;183;191m[48;2;234;225;173m▀[0m[38;2;237;232;177m[48;2;234;226;173m▀[0m[38;2;164;122;128m▄[0m[38;2;245;183;192m▄[0m         
          [38;2;154;118;120m[48;2;239;180;187m▀[0m[38;2;249;185;192m[48;2;248;184;191m▀[0m[38;2;247;183;191m[48;2;241;179;187m▀[0m[38;2;245;182;189m[48;2;240;199;197m▀[0m[38;2;242;202;198m[48;2;243;193;194m▀[0m[38;2;243;202;199m[48;2;246;182;190m▀[0m[38;2;243;202;199m[48;2;147;113;118m▀[0m[38;2;247;238;191m[48;2;236;228;175m▀[0m[38;2;242;233;182m[48;2;236;228;175m▀[0m[38;2;235;226;174m[48;2;236;228;175m▀[0m[38;2;235;226;174m[48;2;236;227;175m▀[0m[38;2;235;227;174m[48;2;236;228;175m▀[0m[38;2;235;227;175m[48;2;235;226;174m▀[0m[38;2;236;227;175m[48;2;243;192;194m▀[0m[38;2;235;227;174m[48;2;242;197;196m▀[0m[38;2;235;226;174m[48;2;234;226;174m▀[0m[38;2;235;226;174m[48;2;234;226;174m▀[0m[38;2;236;227;175m[48;2;236;227;174m▀[0m[38;2;235;228;175m[48;2;236;229;175m▀[0m[38;2;236;228;175m[48;2;248;184;191m▀[0m[38;2;253;197;200m[48;2;249;207;202m▀[0m[38;2;55;42;43m[48;2;159;122;126m▀[0m[38;2;249;188;195m▄[0m[38;2;129;135;140m▄[0m      
          [38;2;172;131;136m[48;2;15;12;12m▀[0m[38;2;244;182;191m[48;2;254;193;203m▀[0m[38;2;243;201;199m[48;2;245;188;193m▀[0m[38;2;244;197;197m[48;2;249;187;192m▀[0m[38;2;242;189;193m[48;2;244;182;189m▀[0m[38;2;244;182;189m[48;2;242;180;189m▀[0m[38;2;244;181;189m[48;2;241;179;188m▀[0m[38;2;244;182;189m[48;2;241;179;187m▀[0m[38;2;235;228;175m[48;2;243;182;191m▀[0m[38;2;233;225;174m[48;2;235;227;174m▀[0m[38;2;232;224;173m[48;2;235;226;174m▀[0m[38;2;233;225;174m[48;2;233;225;174m▀[0m[38;2;234;225;174m[48;2;242;234;179m▀[0m[38;2;242;181;189m[48;2;248;186;193m▀[0m[38;2;243;180;189m[48;2;84;83;63m▀[0m[38;2;236;228;175m[48;2;242;236;180m▀[0m[38;2;239;231;176m[48;2;242;236;180m▀[0m[38;2;241;233;178m[48;2;242;236;180m▀[0m[38;2;243;233;179m[48;2;241;235;179m▀[0m[38;2;249;189;196m[48;2;239;230;177m▀[0m[38;2;238;193;201m[48;2;41;36;31m▀[0m[38;2;249;189;196m[48;2;248;183;190m▀[0m[38;2;54;43;43m[48;2;61;67;75m▀[0m[38;2;68;74;81m[48;2;61;66;74m▀[0m[38;2;77;82;88m[48;2;61;67;75m▀[0m     
           [38;2;247;183;190m[48;2;245;182;189m▀[0m[38;2;244;181;189m[48;2;245;181;189m▀[0m[38;2;245;182;189m[48;2;248;183;191m▀[0m[38;2;107;111;117m[48;2;64;71;78m▀[0m[38;2;39;42;43m[48;2;61;67;75m▀[0m[38;2;82;87;92m[48;2;61;67;75m▀[0m[38;2;245;182;189m[48;2;246;183;190m▀[0m[38;2;248;184;191m[48;2;249;187;194m▀[0m[38;2;241;232;179m[48;2;209;158;167m▀[0m[38;2;237;230;176m[48;2;238;232;180m▀[0m[38;2;242;236;182m[48;2;242;233;178m▀[0m[38;2;242;236;182m[48;2;241;233;178m▀[0m[38;2;242;237;182m[48;2;240;233;177m▀[0m[38;2;243;236;180m[48;2;240;232;178m▀[0m[38;2;242;233;178m[48;2;241;232;177m▀[0m[38;2;242;233;178m[48;2;237;229;175m▀[0m[38;2;240;232;177m[48;2;241;233;178m▀[0m[38;2;237;229;176m[48;2;237;230;176m▀[0m[38;2;238;230;176m[48;2;220;211;164m▀[0m[38;2;122;90;96m[48;2;204;154;160m▀[0m[38;2;247;183;191m[48;2;198;149;155m▀[0m[38;2;63;68;76m[48;2;79;60;62m▀[0m[38;2;62;67;75m[48;2;53;57;63m▀[0m[38;2;62;67;75m▀[0m     
           [38;2;252;189;198m[48;2;7;4;5m▀[0m[38;2;249;186;193m[48;2;196;148;155m▀[0m[38;2;249;186;193m[48;2;202;151;159m▀[0m[38;2;61;67;75m[48;2;200;150;157m▀[0m[38;2;61;67;75m[48;2;55;59;66m▀[0m[38;2;62;68;75m[48;2;51;54;61m▀[0m[38;2;231;174;184m[48;2;197;148;154m▀[0m[38;2;210;157;164m[48;2;197;148;154m▀[0m[38;2;197;148;155m[48;2;197;149;155m▀[0m[38;2;192;183;145m[48;2;194;184;145m▀[0m[38;2;193;185;145m[48;2;193;185;147m▀[0m[38;2;210;202;159m[48;2;193;184;146m▀[0m[38;2;221;214;166m[48;2;191;181;144m▀[0m[38;2;223;215;165m[48;2;199;190;150m▀[0m[38;2;228;220;169m[48;2;201;192;151m▀[0m[38;2;220;212;163m[48;2;191;182;145m▀[0m[38;2;204;194;152m[48;2;190;182;144m▀[0m[38;2;191;182;144m[48;2;190;181;144m▀[0m[38;2;191;182;145m[48;2;43;41;32m▀[0m[38;2;196;147;154m[48;2;194;146;153m▀[0m[38;2;194;146;153m[48;2;126;96;100m▀[0m[38;2;41;31;32m▀[0m       
     [38;2;102;108;113m▄[0m[38;2;85;91;96m▄[0m[38;2;3;5;3m[48;2;70;77;83m▀[0m[38;2;60;66;74m▄[0m   [38;2;194;146;153m[48;2;206;155;161m▀[0m[38;2;197;148;154m[48;2;198;150;158m▀[0m[38;2;197;148;154m[48;2;198;149;158m▀[0m[38;2;197;148;154m[48;2;198;150;158m▀[0m[38;2;198;149;155m[48;2;198;150;158m▀[0m[38;2;198;150;158m[48;2;198;150;157m▀[0m[38;2;198;150;158m[48;2;194;146;153m▀[0m[38;2;198;150;158m[48;2;192;145;152m▀[0m[38;2;194;184;144m[48;2;189;180;143m▀[0m[38;2;189;181;143m[48;2;188;179;142m▀[0m[38;2;191;182;144m[48;2;188;179;142m▀[0m[38;2;190;181;143m[48;2;187;179;141m▀[0m[38;2;189;180;143m[48;2;186;178;141m▀[0m[38;2;188;180;142m[48;2;187;178;142m▀[0m[38;2;188;180;142m[48;2;189;181;144m▀[0m[38;2;189;180;143m[48;2;190;181;144m▀[0m[38;2;189;180;143m▀[0m[38;2;194;146;153m▀[0m          
     [38;2;60;66;74m▀[0m[38;2;65;71;78m[48;2;62;68;75m▀[0m[38;2;60;66;74m[48;2;249;243;186m▀[0m[38;2;60;66;74m[48;2;85;93;98m▀[0m    [38;2;198;149;155m▀[0m[38;2;197;149;154m[48;2;191;144;152m▀[0m[38;2;195;146;153m[48;2;192;144;152m▀[0m[38;2;194;146;153m[48;2;192;144;151m▀[0m[38;2;192;144;151m[48;2;191;144;151m▀[0m[38;2;193;145;152m[48;2;191;144;151m▀[0m[38;2;53;42;42m[48;2;193;145;152m▀[0m[38;2;191;143;151m[48;2;194;145;152m▀[0m[38;2;190;182;144m[48;2;193;145;152m▀[0m[38;2;187;179;141m[48;2;193;146;153m▀[0m[38;2;189;180;143m[48;2;203;152;159m▀[0m[38;2;189;180;143m▀[0m[38;2;190;181;143m▀[0m[38;2;4;4;2m▀[0m             
       [38;2;27;27;20m▀[0m[38;2;48;46;36m[48;2;223;216;166m▀[0m[38;2;216;208;161m▄[0m      [38;2;0;0;0m▀[0m [38;2;84;84;74m▄[0m[38;2;140;140;122m[48;2;140;140;123m▀[0m[38;2;139;139;122m[48;2;1;1;1m▀[0m                   
         [38;2;49;47;36m▀[0m[38;2;197;190;151m▀[0m[38;2;0;0;0m[48;2;20;20;16m▀[0m[38;2;192;182;144m▄[0m[38;2;192;183;145m▄[0m[38;2;183;177;142m▄[0m[38;2;142;143;125m▄[0m[38;2;142;141;124m▄[0m[38;2;143;143;126m[48;2;128;128;113m▀[0m[38;2;142;143;125m▀[0m[38;2;14;14;13m▀[0m                    
                                        
