                                        
                [38;2;46;49;40m[48;2;186;217;119m▀[0m[38;2;187;217;121m[48;2;154;197;69m▀[0m                      
               [38;2;0;0;0m[48;2;219;236;179m▀[0m[38;2;160;202;77m[48;2;155;198;69m▀[0m[38;2;155;198;70m[48;2;154;197;69m▀[0m                      
               [38;2;206;228;154m[48;2;194;222;132m▀[0m[38;2;156;199;71m[48;2;162;203;80m▀[0m[38;2;158;199;74m[48;2;154;197;69m▀[0m                      
              [38;2;2;3;2m▄[0m[38;2;170;207;93m[48;2;164;204;83m▀[0m[38;2;167;205;87m[48;2;169;208;93m▀[0m[38;2;151;196;65m[48;2;150;196;64m▀[0m[38;2;48;65;21m[48;2;156;193;80m▀[0m                     
              [38;2;174;198;124m[48;2;190;219;125m▀[0m[38;2;161;203;80m[48;2;162;203;81m▀[0m[38;2;169;208;93m[48;2;150;195;64m▀[0m[38;2;150;195;63m[48;2;150;195;63m▀[0m[38;2;149;195;63m[48;2;151;196;65m▀[0m[38;2;162;203;81m▄[0m[38;2;212;232;165m▄[0m                   
            [38;2;193;222;131m▄[0m[38;2;190;219;125m[48;2;201;225;143m▀[0m[38;2;190;219;125m[48;2;198;223;138m▀[0m[38;2;158;201;76m[48;2;165;204;85m▀[0m[38;2;154;198;69m[48;2;153;197;67m▀[0m[38;2;151;196;65m[48;2;154;197;69m▀[0m[38;2;151;196;65m[48;2;154;197;69m▀[0m[38;2;154;198;69m[48;2;156;199;71m▀[0m[38;2;171;208;96m[48;2;175;210;101m▀[0m[38;2;191;219;126m[48;2;170;209;94m▀[0m[38;2;201;226;146m▄[0m                 
           [38;2;155;184;96m[48;2;208;230;158m▀[0m[38;2;208;229;158m[48;2;211;231;162m▀[0m[38;2;208;229;158m[48;2;211;231;162m▀[0m[38;2;194;222;134m[48;2;194;222;132m▀[0m[38;2;167;205;87m[48;2;176;212;102m▀[0m[38;2;155;198;69m[48;2;158;199;73m▀[0m[38;2;154;197;69m[48;2;158;199;74m▀[0m[38;2;155;198;69m[48;2;157;199;72m▀[0m[38;2;155;198;70m[48;2;156;199;71m▀[0m[38;2;157;199;71m[48;2;156;199;71m▀[0m[38;2;161;203;79m[48;2;155;198;70m▀[0m[38;2;160;201;78m[48;2;155;198;70m▀[0m[38;2;81;103;40m▄[0m                
          [38;2;22;30;10m[48;2;204;228;149m▀[0m[38;2;213;232;167m[48;2;212;231;164m▀[0m[38;2;213;232;167m[48;2;203;227;150m▀[0m[38;2;205;229;154m[48;2;195;222;134m▀[0m[38;2;195;223;135m[48;2;193;222;131m▀[0m[38;2;168;206;88m[48;2;164;204;83m▀[0m[38;2;158;200;74m[48;2;152;197;65m▀[0m[38;2;156;199;70m[48;2;36;24;22m▀[0m[38;2;17;21;10m[48;2;152;197;66m▀[0m[38;2;153;197;67m[48;2;151;197;65m▀[0m[38;2;152;197;65m[48;2;152;197;65m▀[0m[38;2;151;196;65m[48;2;152;197;65m▀[0m[38;2;151;196;65m[48;2;151;197;65m▀[0m[38;2;150;195;64m[48;2;151;196;65m▀[0m                
          [38;2;203;227;148m[48;2;192;219;127m▀[0m[38;2;211;231;163m[48;2;192;219;128m▀[0m[38;2;197;223;137m[48;2;190;219;125m▀[0m[38;2;192;219;128m[48;2;190;219;125m▀[0m[38;2;156;194;82m[48;2;150;196;64m▀[0m[38;2;154;198;68m[48;2;192;186;184m▀[0m[38;2;131;51;47m[48;2;243;240;237m▀[0m[38;2;133;52;48m[48;2;185;179;178m▀[0m[38;2;151;197;65m[48;2;154;197;69m▀[0m[38;2;152;197;66m[48;2;152;197;66m▀[0m[38;2;155;198;70m[48;2;151;196;65m▀[0m[38;2;152;197;66m[48;2;155;198;70m▀[0m[38;2;154;197;69m[48;2;155;198;70m▀[0m[38;2;155;198;70m[48;2;155;198;69m▀[0m[38;2;164;205;85m▄[0m               
          [38;2;192;221;130m[48;2;197;224;138m▀[0m[38;2;192;221;130m[48;2;192;221;130m▀[0m[38;2;192;221;130m[48;2;156;199;71m▀[0m[38;2;155;198;70m[48;2;155;198;70m▀[0m[38;2;155;198;69m[48;2;158;199;74m▀[0m[38;2;155;198;69m[48;2;158;199;73m▀[0m[38;2;112;135;65m[48;2;158;200;74m▀[0m[38;2;168;206;90m[48;2;154;197;69m▀[0m[38;2;155;198;70m[48;2;155;198;70m▀[0m[38;2;154;197;69m[48;2;157;199;71m▀[0m[38;2;154;197;69m[48;2;154;198;69m▀[0m[38;2;154;197;69m[48;2;158;199;73m▀[0m[38;2;154;197;69m[48;2;155;198;70m▀[0m[38;2;154;197;69m[48;2;155;198;70m▀[0m[38;2;154;197;69m[48;2;155;198;69m▀[0m               
          [38;2;168;205;89m▄[0m[38;2;142;188;58m[48;2;135;181;54m▀[0m[38;2;165;206;86m[48;2;138;183;55m▀[0m[38;2;159;200;75m[48;2;178;212;104m▀[0m[38;2;155;198;69m[48;2;154;198;69m▀[0m[38;2;155;198;69m[48;2;155;198;69m▀[0m[38;2;155;198;70m[48;2;152;197;66m▀[0m[38;2;155;198;70m[48;2;155;198;69m▀[0m[38;2;157;199;72m[48;2;155;198;69m▀[0m[38;2;155;198;70m[48;2;154;197;69m▀[0m[38;2;154;198;69m[48;2;158;199;73m▀[0m[38;2;157;199;72m[48;2;158;199;74m▀[0m[38;2;158;199;73m[48;2;157;199;72m▀[0m[38;2;158;199;73m[48;2;157;199;72m▀[0m[38;2;158;199;74m[48;2;156;199;71m▀[0m[38;2;0;0;0m[48;2;161;203;79m▀[0m[38;2;5;5;4m▄[0m             
         [38;2;0;0;0m▀[0m[38;2;161;202;79m▀[0m[38;2;137;182;55m▀[0m[38;2;146;192;60m[48;2;4;5;3m▀[0m[38;2;192;219;128m[48;2;195;222;134m▀[0m[38;2;162;203;81m[48;2;165;204;85m▀[0m[38;2;155;198;69m[48;2;155;198;69m▀[0m[38;2;157;199;72m[48;2;155;198;69m▀[0m[38;2;155;198;69m[48;2;155;198;70m▀[0m[38;2;155;198;70m[48;2;154;197;69m▀[0m[38;2;156;199;71m[48;2;155;198;70m▀[0m[38;2;155;198;70m[48;2;156;199;70m▀[0m[38;2;155;198;69m[48;2;158;199;73m▀[0m[38;2;157;199;71m[48;2;131;172;60m▀[0m[38;2;157;199;72m[48;2;19;28;7m▀[0m[38;2;158;200;75m[48;2;150;196;64m▀[0m[38;2;176;212;102m[48;2;157;200;73m▀[0m[38;2;179;213;106m[48;2;178;212;105m▀[0m[38;2;189;218;124m▄[0m[38;2;167;205;87m▄[0m           
            [38;2;193;222;131m[48;2;132;62;116m▀[0m[38;2;203;143;191m[48;2;190;115;175m▀[0m[38;2;173;87;155m[48;2;172;84;152m▀[0m[38;2;155;198;69m[48;2;17;23;8m▀[0m[38;2;154;197;69m[48;2;154;197;69m▀[0m[38;2;154;197;69m[48;2;152;197;66m▀[0m[38;2;152;197;66m[48;2;107;143;44m▀[0m[38;2;63;79;35m[48;2;40;39;36m▀[0m[38;2;151;196;65m[48;2;107;146;40m▀[0m[38;2;151;196;65m[48;2;151;196;64m▀[0m[38;2;151;196;65m[48;2;152;197;66m▀[0m[38;2;151;196;65m[48;2;156;199;73m▀[0m[38;2;153;197;66m[48;2;150;195;64m▀[0m[38;2;157;199;72m[48;2;151;196;65m▀[0m[38;2;26;35;14m[48;2;76;108;27m▀[0m[38;2;58;70;40m[48;2;101;140;39m▀[0m[38;2;151;197;65m▀[0m[38;2;31;42;13m▀[0m          
          [38;2;39;46;23m▄[0m[38;2;201;222;152m[48;2;177;206;114m▀[0m[38;2;193;124;178m[48;2;202;140;190m▀[0m[38;2;182;100;165m[48;2;179;96;161m▀[0m[38;2;169;82;149m[48;2;172;86;153m▀[0m[38;2;171;83;151m[48;2;167;81;148m▀[0m[38;2;150;195;64m[48;2;169;82;149m▀[0m[38;2;149;194;63m[48;2;150;195;63m▀[0m[38;2;109;150;41m[48;2;19;21;16m▀[0m[38;2;33;33;31m[48;2;36;35;31m▀[0m[38;2;45;42;41m[48;2;35;34;25m▀[0m[38;2;119;161;46m[48;2;151;196;65m▀[0m[38;2;154;198;70m[48;2;152;197;66m▀[0m[38;2;152;197;66m[48;2;152;197;66m▀[0m[38;2;151;196;65m[48;2;150;195;64m▀[0m[38;2;152;197;66m[48;2;149;194;63m▀[0m[38;2;155;198;70m[48;2;151;196;65m▀[0m[38;2;101;140;39m[48;2;100;139;38m▀[0m[38;2;101;140;39m[48;2;101;140;38m▀[0m[38;2;158;199;74m[48;2;120;161;46m▀[0m          
          [38;2;191;219;127m[48;2;207;229;157m▀[0m[38;2;192;221;130m[48;2;190;219;125m▀[0m[38;2;203;140;189m[48;2;144;75;130m▀[0m[38;2;183;100;166m[48;2;204;145;192m▀[0m[38;2;172;86;153m[48;2;167;81;148m▀[0m[38;2;167;81;148m[48;2;170;83;150m▀[0m[38;2;168;81;148m[48;2;170;83;150m▀[0m[38;2;157;200;74m[48;2;152;197;65m▀[0m[38;2;154;198;69m[48;2;152;197;66m▀[0m[38;2;150;187;78m[48;2;152;197;65m▀[0m[38;2;17;18;14m[48;2;150;195;64m▀[0m[38;2;151;196;65m[48;2;151;196;64m▀[0m[38;2;151;196;65m[48;2;152;197;65m▀[0m[38;2;150;195;63m[48;2;152;197;66m▀[0m[38;2;151;196;65m[48;2;154;197;69m▀[0m[38;2;151;196;64m[48;2;151;196;65m▀[0m[38;2;151;196;65m[48;2;153;197;67m▀[0m[38;2;100;139;38m[48;2;106;144;40m▀[0m[38;2;100;139;38m▀[0m[38;2;102;141;39m▀[0m          
           [38;2;145;190;59m[48;2;2;3;1m▀[0m[38;2;148;194;61m[48;2;101;140;39m▀[0m[38;2;198;131;184m[48;2;101;140;39m▀[0m[38;2;170;83;150m[48;2;34;49;13m▀[0m[38;2;170;83;150m[48;2;170;83;150m▀[0m[38;2;129;62;113m[48;2;154;198;68m▀[0m[38;2;152;197;66m[48;2;155;198;69m▀[0m[38;2;152;197;66m[48;2;155;198;70m▀[0m[38;2;152;197;66m[48;2;154;197;69m▀[0m[38;2;155;198;70m[48;2;154;198;69m▀[0m[38;2;156;199;72m[48;2;114;151;49m▀[0m[38;2;152;197;66m[48;2;154;197;69m▀[0m[38;2;152;197;66m[48;2;158;200;75m▀[0m[38;2;155;198;69m[48;2;157;199;72m▀[0m[38;2;158;199;74m[48;2;150;195;63m▀[0m[38;2;158;199;74m[48;2;121;164;47m▀[0m[38;2;105;143;40m[48;2;110;150;43m▀[0m[38;2;104;143;40m▀[0m           
           [38;2;224;234;228m▀[0m[38;2;179;188;189m▀[0m[38;2;101;140;39m▀[0m[38;2;103;140;40m▀[0m  [38;2;94;128;37m▀[0m[38;2;158;200;73m▀[0m[38;2;152;197;67m▀[0m[38;2;121;164;47m▀[0m[38;2;65;80;46m▀[0m [38;2;101;140;39m▀[0m[38;2;116;159;46m[48;2;103;142;40m▀[0m[38;2;116;158;46m[48;2;127;169;50m▀[0m[38;2;0;0;0m[48;2;111;150;47m▀[0m             
                        [38;2;158;199;74m[48;2;78;81;79m▀[0m[38;2;164;203;83m[48;2;220;231;225m▀[0m[38;2;151;196;65m[48;2;221;232;226m▀[0m             
                                        
