                                        
                                        
                                        
                             [38;2;183;192;212m▄[0m[38;2;243;244;251m▄[0m[38;2;242;240;248m[48;2;159;159;166m▀[0m[38;2;240;239;247m[48;2;237;236;247m▀[0m[38;2;178;187;211m▄[0m      
                            [38;2;208;211;227m[48;2;131;139;155m▀[0m[38;2;249;248;251m[48;2;242;241;249m▀[0m[38;2;242;241;248m[48;2;242;241;248m▀[0m[38;2;241;241;249m[48;2;241;239;248m▀[0m[38;2;241;240;246m[48;2;242;240;248m▀[0m[38;2;181;188;210m[48;2;171;179;201m▀[0m[38;2;172;181;203m▄[0m     
            [38;2;78;99;158m▄[0m [38;2;51;51;49m▄[0m             [38;2;236;237;248m▄[0m[38;2;168;178;201m[48;2;236;236;247m▀[0m[38;2;233;235;246m[48;2;177;187;212m▀[0m[38;2;230;231;245m[48;2;175;184;207m▀[0m[38;2;176;184;206m[48;2;166;176;200m▀[0m[38;2;165;176;200m[48;2;165;176;200m▀[0m[38;2;168;180;204m[48;2;132;140;158m▀[0m[38;2;74;78;87m▄[0m    
         [38;2;65;66;68m▄[0m[38;2;30;39;58m▄[0m[38;2;101;118;167m[48;2;72;90;153m▀[0m[38;2;71;88;149m[48;2;242;239;248m▀[0m[38;2;235;235;246m[48;2;252;251;253m▀[0m              [38;2;242;241;249m[48;2;242;241;249m▀[0m[38;2;241;241;249m[48;2;236;236;246m▀[0m[38;2;234;234;246m[48;2;235;236;246m▀[0m[38;2;211;215;230m[48;2;168;178;201m▀[0m[38;2;171;181;206m[48;2;167;178;201m▀[0m[38;2;167;177;201m[48;2;169;179;201m▀[0m[38;2;169;178;201m[48;2;172;181;203m▀[0m[38;2;168;178;201m[48;2;172;180;202m▀[0m    
         [38;2;244;242;250m▀[0m[38;2;114;94;117m[48;2;35;28;33m▀[0m[38;2;148;157;172m[48;2;110;79;83m▀[0m[38;2;51;46;53m[48;2;157;100;101m▀[0m[38;2;242;239;248m[48;2;242;239;248m▀[0m[38;2;244;244;246m[48;2;242;241;248m▀[0m[38;2;242;240;248m▄[0m       [38;2;73;93;152m▄[0m[38;2;19;25;41m▄[0m [38;2;156;156;158m▄[0m[38;2;40;40;41m[48;2;241;239;248m▀[0m[38;2;239;238;247m[48;2;241;239;248m▀[0m[38;2;114;120;134m[48;2;217;217;217m▀[0m[38;2;199;203;221m[48;2;243;242;250m▀[0m[38;2;172;181;203m[48;2;167;177;201m▀[0m[38;2;172;181;203m[48;2;167;177;201m▀[0m[38;2;178;187;211m[48;2;167;178;201m▀[0m[38;2;171;179;201m[48;2;168;178;201m▀[0m[38;2;175;183;205m[48;2;178;187;207m▀[0m    
           [38;2;249;179;181m▀[0m[38;2;237;236;246m▀[0m [38;2;238;238;249m▀[0m[38;2;239;238;247m▀[0m[38;2;239;238;247m[48;2;250;249;253m▀[0m[38;2;239;239;248m[48;2;239;238;247m▀[0m[38;2;239;238;247m▄[0m[38;2;238;238;247m▄[0m  [38;2;240;240;249m▄[0m[38;2;61;76;122m[48;2;236;236;246m▀[0m[38;2;237;237;248m[48;2;235;236;246m▀[0m[38;2;237;237;247m[48;2;235;236;246m▀[0m[38;2;236;236;246m[48;2;237;236;247m▀[0m[38;2;235;235;246m[48;2;235;235;246m▀[0m[38;2;246;246;246m[48;2;241;241;249m▀[0m[38;2;237;237;247m[48;2;243;241;248m▀[0m[38;2;235;235;246m[48;2;241;239;247m▀[0m[38;2;175;185;207m[48;2;178;186;206m▀[0m[38;2;173;182;206m[48;2;172;181;202m▀[0m[38;2;170;179;201m[48;2;172;181;202m▀[0m[38;2;169;179;201m[48;2;171;180;202m▀[0m     
       [38;2;233;233;245m▄[0m         [38;2;249;248;253m▀[0m[38;2;237;237;247m[48;2;225;227;240m▀[0m[38;2;237;237;247m[48;2;242;239;248m▀[0m[38;2;236;235;246m[48;2;241;239;248m▀[0m[38;2;236;236;247m[48;2;240;238;247m▀[0m[38;2;242;240;248m[48;2;240;238;247m▀[0m[38;2;242;240;248m[48;2;125;128;138m▀[0m[38;2;242;240;248m[48;2;57;64;108m▀[0m[38;2;243;241;249m▀[0m[38;2;235;235;245m▀[0m[38;2;228;229;241m[48;2;42;53;84m▀[0m[38;2;234;234;244m[48;2;73;93;152m▀[0m[38;2;237;237;247m▀[0m[38;2;110;110;115m▀[0m[38;2;171;180;204m▀[0m[38;2;168;178;202m▀[0m[38;2;169;179;202m▀[0m      
  [38;2;119;121;120m[48;2;230;231;242m▀[0m[38;2;237;237;247m[48;2;238;237;247m▀[0m[38;2;249;248;253m▄[0m [38;2;242;239;248m[48;2;222;222;224m▀[0m[38;2;242;239;248m[48;2;234;234;246m▀[0m[38;2;237;236;248m▄[0m       [38;2;239;238;249m▄[0m[38;2;251;251;252m[48;2;232;233;245m▀[0m[38;2;180;190;214m[48;2;234;234;246m▀[0m[38;2;229;230;242m[48;2;234;236;247m▀[0m[38;2;242;240;248m[48;2;139;168;218m▀[0m[38;2;240;238;247m[48;2;240;241;252m▀[0m[38;2;233;234;246m[48;2;230;232;244m▀[0m[38;2;237;237;247m[48;2;231;232;245m▀[0m[38;2;238;237;247m[48;2;233;233;245m▀[0m[38;2;28;29;48m[48;2;233;233;245m▀[0m[38;2;54;57;101m▀[0m[38;2;61;71;123m▀[0m[38;2;72;92;151m▀[0m           
  [38;2;245;244;250m▄[0m[38;2;242;240;248m▀[0m[38;2;242;241;248m[48;2;65;67;76m▀[0m[38;2;242;241;248m[48;2;236;236;246m▀[0m[38;2;201;199;204m[48;2;235;235;246m▀[0m[38;2;241;239;248m[48;2;235;236;246m▀[0m[38;2;179;187;209m[48;2;235;236;246m▀[0m[38;2;200;199;208m[48;2;235;235;246m▀[0m[38;2;238;237;247m[48;2;236;236;246m▀[0m[38;2;236;236;247m[48;2;235;236;246m▀[0m[38;2;237;237;247m[48;2;237;237;247m▀[0m[38;2;236;236;247m[48;2;237;237;247m▀[0m[38;2;236;236;246m[48;2;236;236;246m▀[0m[38;2;232;234;246m[48;2;235;234;246m▀[0m[38;2;232;233;245m▀[0m[38;2;184;193;214m▀[0m[38;2;172;179;196m▀[0m[38;2;84;98;122m[48;2;159;183;224m▀[0m[38;2;137;166;214m[48;2;139;168;216m▀[0m[38;2;137;166;214m[48;2;137;167;215m▀[0m[38;2;139;168;219m[48;2;136;165;214m▀[0m[38;2;234;234;246m[48;2;137;166;214m▀[0m[38;2;235;236;248m[48;2;243;242;250m▀[0m[38;2;231;233;245m[48;2;246;244;251m▀[0m[38;2;234;236;249m[48;2;237;237;247m▀[0m[38;2;57;61;107m[48;2;237;237;247m▀[0m[38;2;57;62;107m[48;2;57;60;108m▀[0m[38;2;59;66;119m[48;2;54;57;103m▀[0m          
  [38;2;242;240;248m[48;2;242;241;249m▀[0m[38;2;238;237;247m[48;2;242;241;248m▀[0m[38;2;236;236;246m[48;2;242;240;248m▀[0m[38;2;237;236;246m[48;2;243;242;249m▀[0m[38;2;239;237;247m[48;2;242;240;248m▀[0m[38;2;239;238;247m[48;2;242;241;248m▀[0m[38;2;240;238;247m[48;2;242;240;248m▀[0m[38;2;240;239;248m[48;2;242;240;248m▀[0m[38;2;241;239;248m[48;2;238;237;247m▀[0m[38;2;242;241;248m[48;2;238;237;247m▀[0m[38;2;242;241;248m[48;2;204;209;224m▀[0m[38;2;243;240;248m▀[0m[38;2;238;237;247m▀[0m    [38;2;159;183;223m[48;2;158;182;222m▀[0m[38;2;160;184;224m[48;2;159;183;224m▀[0m[38;2;149;176;220m[48;2;148;176;220m▀[0m[38;2;139;169;216m[48;2;138;167;215m▀[0m[38;2;140;169;216m[48;2;137;166;215m▀[0m[38;2;242;240;248m[48;2;236;236;246m▀[0m[38;2;252;252;254m[48;2;242;241;250m▀[0m[38;2;246;245;251m[48;2;238;237;247m▀[0m[38;2;241;238;248m[48;2;170;179;201m▀[0m[38;2;161;170;191m[48;2;170;179;202m▀[0m[38;2;57;63;108m▄[0m          
   [38;2;204;206;219m▀[0m[38;2;237;237;246m[48;2;231;232;245m▀[0m[38;2;238;237;247m[48;2;234;235;246m▀[0m[38;2;231;232;243m[48;2;240;238;247m▀[0m[38;2;235;236;247m[48;2;238;238;247m▀[0m[38;2;237;237;248m[48;2;239;240;250m▀[0m[38;2;238;237;247m[48;2;230;230;243m▀[0m[38;2;238;237;247m▀[0m[38;2;64;68;76m▀[0m       [38;2;250;249;250m[48;2;240;240;248m▀[0m[38;2;159;183;224m[48;2;140;170;224m▀[0m[38;2;148;175;219m[48;2;136;164;213m▀[0m[38;2;138;167;215m[48;2;115;144;202m▀[0m[38;2;137;165;214m[48;2;105;134;191m▀[0m[38;2;68;83;111m[48;2;102;129;186m▀[0m[38;2;177;187;207m[48;2;168;179;202m▀[0m[38;2;175;184;207m[48;2;159;168;190m▀[0m[38;2;166;177;200m[48;2;143;151;171m▀[0m[38;2;166;176;201m[48;2;145;152;170m▀[0m[38;2;53;56;103m▀[0m[38;2;55;59;103m▀[0m         
      [38;2;234;235;246m▀[0m[38;2;231;232;245m▀[0m[38;2;167;169;177m▀[0m          [38;2;230;229;240m[48;2;187;198;225m▀[0m[38;2;185;192;211m[48;2;166;176;200m▀[0m[38;2;180;189;213m[48;2;155;164;186m▀[0m[38;2;105;132;189m[48;2;152;160;182m▀[0m[38;2;105;131;187m[48;2;151;158;179m▀[0m[38;2;103;131;187m▀[0m[38;2;112;142;197m[48;2;159;168;190m▀[0m[38;2;100;106;118m[48;2;142;149;169m▀[0m[38;2;144;152;171m[48;2;142;149;169m▀[0m[38;2;144;152;171m[48;2;152;160;182m▀[0m[38;2;100;106;118m[48;2;142;150;170m▀[0m[38;2;142;150;169m▄[0m[38;2;25;27;29m▄[0m    [38;2;38;44;74m[48;2;58;64;112m▀[0m   
                     [38;2;29;31;34m▀[0m[38;2;40;42;47m▀[0m[38;2;142;150;169m[48;2;143;151;170m▀[0m[38;2;36;38;42m[48;2;143;151;170m▀[0m  [38;2;142;150;169m▀[0m[38;2;153;162;184m▀[0m[38;2;143;150;169m[48;2;154;162;181m▀[0m[38;2;135;142;161m[48;2;168;177;199m▀[0m[38;2;156;164;185m[48;2;170;179;201m▀[0m[38;2;144;152;170m[48;2;164;173;194m▀[0m[38;2;152;159;177m[48;2;143;151;171m▀[0m[38;2;93;99;111m[48;2;144;152;171m▀[0m[38;2;57;63;109m[48;2;102;106;119m▀[0m[38;2;140;146;163m▀[0m   
                       [38;2;112;118;131m[48;2;201;207;223m▀[0m[38;2;152;158;179m[48;2;181;189;208m▀[0m[38;2;166;178;201m[48;2;192;198;217m▀[0m   [38;2;206;211;231m▀[0m[38;2;196;204;222m▀[0m[38;2;204;210;228m▀[0m        
                                        
                                        
                                        
