                                        
                                        
                        [38;2;207;225;184m▄[0m               
         [38;2;9;12;14m▄[0m[38;2;114;186;216m▄[0m            [38;2;0;1;0m[48;2;198;234;170m▀[0m[38;2;64;74;55m[48;2;33;38;26m▀[0m[38;2;70;83;58m▄[0m              
       [38;2;171;184;167m▄[0m[38;2;128;195;221m[48;2;166;210;214m▀[0m[38;2;122;183;206m▀[0m            [38;2;169;212;138m▄[0m[38;2;154;193;125m[48;2;170;212;138m▀[0m[38;2;52;66;42m[48;2;169;212;138m▀[0m[38;2;91;113;72m[48;2;170;213;138m▀[0m              
      [38;2;233;239;209m▄[0m[38;2;228;235;205m[48;2;229;238;206m▀[0m           [38;2;84;180;226m▄[0m[38;2;66;157;203m▄[0m[38;2;36;42;27m[48;2;142;178;115m▀[0m[38;2;135;182;197m[48;2;174;214;143m▀[0m[38;2;170;212;138m[48;2;28;34;21m▀[0m[38;2;169;212;137m[48;2;169;213;138m▀[0m[38;2;170;212;138m[48;2;170;212;138m▀[0m[38;2;12;15;9m▄[0m             
     [38;2;0;0;0m▄[0m[38;2;228;235;204m[48;2;229;238;206m▀[0m      [38;2;75;77;69m▄[0m[38;2;233;239;209m▄[0m[38;2;233;240;209m▄[0m[38;2;43;45;39m▄[0m[38;2;0;1;1m[48;2;229;240;208m▀[0m[38;2;156;204;220m[48;2;28;29;26m▀[0m[38;2;120;196;226m[48;2;221;236;200m▀[0m[38;2;218;234;197m[48;2;221;236;202m▀[0m[38;2;219;235;198m[48;2;221;237;203m▀[0m[38;2;171;213;140m[48;2;221;237;201m▀[0m[38;2;178;216;148m[48;2;172;214;142m▀[0m[38;2;138;171;111m[48;2;222;240;200m▀[0m[38;2;170;213;138m[48;2;188;221;161m▀[0m[38;2;129;161;104m[48;2;198;225;174m▀[0m             
     [38;2;28;30;26m[48;2;128;138;116m▀[0m[38;2;227;239;205m[48;2;220;236;199m▀[0m  [38;2;150;159;136m▄[0m[38;2;234;242;212m▄[0m[38;2;236;244;213m[48;2;234;242;213m▀[0m[38;2;233;242;210m[48;2;234;243;213m▀[0m[38;2;233;242;210m[48;2;234;243;213m▀[0m[38;2;234;241;210m[48;2;234;242;211m▀[0m[38;2;141;145;130m[48;2;230;240;208m▀[0m[38;2;233;242;213m[48;2;28;29;26m▀[0m[38;2;159;163;147m[48;2;226;239;206m▀[0m[38;2;233;242;212m[48;2;222;237;203m▀[0m[38;2;224;238;204m[48;2;220;236;201m▀[0m[38;2;221;236;201m[48;2;215;234;197m▀[0m[38;2;223;238;202m[48;2;216;234;197m▀[0m[38;2;221;237;201m[48;2;216;234;196m▀[0m[38;2;220;236;200m[48;2;140;151;127m▀[0m[38;2;188;220;161m[48;2;215;234;197m▀[0m[38;2;215;234;196m[48;2;201;216;182m▀[0m[38;2;207;229;185m[48;2;212;234;192m▀[0m             
     [38;2;0;0;0m▀[0m[38;2;221;237;203m[48;2;221;237;200m▀[0m[38;2;105;113;95m▄[0m[38;2;229;243;208m[48;2;225;238;204m▀[0m[38;2;234;243;213m[48;2;234;242;210m▀[0m[38;2;234;242;213m[48;2;233;242;211m▀[0m[38;2;234;241;210m[48;2;233;239;209m▀[0m[38;2;234;241;210m[48;2;233;240;209m▀[0m[38;2;234;241;210m[48;2;232;237;207m▀[0m[38;2;227;233;205m[48;2;219;236;200m▀[0m[38;2;240;246;218m[48;2;232;238;207m▀[0m[38;2;232;237;207m[48;2;230;238;207m▀[0m[38;2;220;236;201m[48;2;220;236;201m▀[0m[38;2;218;235;199m[48;2;219;235;199m▀[0m[38;2;217;235;198m[48;2;216;234;197m▀[0m[38;2;215;234;197m[48;2;216;234;197m▀[0m[38;2;215;234;197m[48;2;215;234;196m▀[0m[38;2;218;237;199m[48;2;215;234;196m▀[0m[38;2;214;233;196m[48;2;215;234;196m▀[0m[38;2;214;234;196m[48;2;216;234;197m▀[0m[38;2;80;86;73m[48;2;220;236;199m▀[0m[38;2;205;223;186m[48;2;56;60;51m▀[0m             
      [38;2;218;235;198m[48;2;230;247;210m▀[0m[38;2;220;236;200m[48;2;53;58;53m▀[0m[38;2;222;237;203m[48;2;220;237;202m▀[0m[38;2;232;238;208m[48;2;232;237;207m▀[0m[38;2;232;238;208m[48;2;231;238;207m▀[0m[38;2;232;237;208m[48;2;228;238;207m▀[0m[38;2;232;238;208m[48;2;226;238;205m▀[0m[38;2;46;47;40m[48;2;209;228;192m▀[0m[38;2;154;158;139m[48;2;229;238;207m▀[0m[38;2;231;237;207m[48;2;225;239;206m▀[0m[38;2;225;238;204m[48;2;223;237;203m▀[0m[38;2;220;236;201m[48;2;219;236;199m▀[0m[38;2;215;234;197m[48;2;218;235;198m▀[0m[38;2;216;234;197m[48;2;218;235;197m▀[0m[38;2;217;234;197m[48;2;219;235;198m▀[0m[38;2;219;236;198m[48;2;219;235;198m▀[0m[38;2;219;235;199m[48;2;219;236;199m▀[0m[38;2;218;235;198m[48;2;219;235;199m▀[0m[38;2;229;244;208m[48;2;219;235;199m▀[0m[38;2;220;236;199m[48;2;220;236;200m▀[0m   [38;2;128;145;134m▄[0m[38;2;206;224;213m▄[0m[38;2;224;241;234m▄[0m[38;2;223;242;230m▄[0m       
   [38;2;228;242;208m[48;2;218;235;199m▀[0m[38;2;218;236;199m▄[0m[38;2;1;2;0m▄[0m[38;2;86;84;83m[48;2;64;63;62m▀[0m[38;2;43;47;41m[48;2;218;235;198m▀[0m[38;2;221;238;201m[48;2;221;238;200m▀[0m[38;2;221;237;203m[48;2;220;236;199m▀[0m[38;2;227;239;205m[48;2;221;236;201m▀[0m[38;2;225;238;205m[48;2;221;236;202m▀[0m[38;2;224;238;205m[48;2;223;238;203m▀[0m[38;2;103;111;102m[48;2;183;198;169m▀[0m[38;2;222;237;202m[48;2;219;235;199m▀[0m[38;2;217;234;198m[48;2;219;236;199m▀[0m[38;2;217;235;197m[48;2;219;236;199m▀[0m[38;2;219;235;199m[48;2;218;235;198m▀[0m[38;2;219;235;198m[48;2;218;235;198m▀[0m[38;2;218;235;198m[48;2;218;235;198m▀[0m[38;2;218;236;198m[48;2;220;236;198m▀[0m[38;2;218;235;199m[48;2;219;235;199m▀[0m[38;2;218;235;199m[48;2;218;235;198m▀[0m[38;2;221;237;201m[48;2;218;235;198m▀[0m[38;2;219;235;198m[48;2;217;235;198m▀[0m[38;2;218;235;198m[48;2;106;115;96m▀[0m[38;2;221;239;231m▄[0m[38;2;229;245;237m[48;2;223;239;234m▀[0m[38;2;224;241;235m[48;2;229;244;239m▀[0m[38;2;227;243;237m[48;2;225;241;232m▀[0m[38;2;224;241;235m[48;2;222;240;228m▀[0m[38;2;221;238;234m[48;2;220;237;228m▀[0m[38;2;220;238;233m▀[0m       
  [38;2;150;155;135m▀[0m[38;2;221;236;201m▀[0m[38;2;220;236;199m[48;2;221;236;199m▀[0m[38;2;48;46;46m[48;2;0;0;0m▀[0m[38;2;210;211;212m[48;2;254;255;255m▀[0m[38;2;223;238;202m[48;2;202;218;187m▀[0m[38;2;219;236;199m[48;2;221;237;203m▀[0m[38;2;221;237;202m[48;2;221;236;202m▀[0m[38;2;220;237;202m[48;2;221;236;200m▀[0m[38;2;221;236;201m[48;2;221;236;199m▀[0m[38;2;219;236;199m[48;2;221;236;200m▀[0m[38;2;220;236;199m[48;2;220;236;200m▀[0m[38;2;221;236;200m[48;2;80;79;77m▀[0m[38;2;214;229;195m[48;2;80;79;78m▀[0m[38;2;70;69;68m[48;2;23;22;21m▀[0m[38;2;56;56;56m[48;2;255;252;248m▀[0m[38;2;56;55;56m[48;2;6;6;5m▀[0m[38;2;12;12;12m[48;2;56;56;55m▀[0m[38;2;220;236;200m[48;2;221;236;201m▀[0m[38;2;220;236;200m[48;2;221;237;201m▀[0m[38;2;220;236;199m[48;2;221;236;203m▀[0m[38;2;221;236;200m[48;2;221;237;201m▀[0m[38;2;221;236;200m[48;2;228;241;207m▀[0m[38;2;227;242;234m[48;2;229;243;237m▀[0m[38;2;225;241;231m[48;2;223;240;234m▀[0m[38;2;226;242;236m[48;2;226;242;236m▀[0m[38;2;224;241;235m[48;2;226;242;234m▀[0m[38;2;227;243;237m[48;2;132;148;137m▀[0m[38;2;233;248;243m▀[0m         
     [38;2;204;223;200m▀[0m[38;2;67;158;204m[48;2;108;181;213m▀[0m[38;2;79;85;72m[48;2;59;63;54m▀[0m[38;2;219;236;199m[48;2;218;235;198m▀[0m[38;2;219;236;199m[48;2;219;236;199m▀[0m[38;2;219;236;198m[48;2;217;235;198m▀[0m[38;2;219;236;199m[48;2;217;235;198m▀[0m[38;2;218;236;197m[48;2;219;235;199m▀[0m[38;2;47;45;46m[48;2;56;55;55m▀[0m[38;2;75;73;72m[48;2;18;33;45m▀[0m[38;2;232;245;251m[48;2;255;255;255m▀[0m[38;2;66;156;201m[48;2;66;156;201m▀[0m[38;2;255;253;249m[48;2;255;255;254m▀[0m[38;2;203;203;203m[48;2;23;25;22m▀[0m[38;2;56;55;56m[48;2;60;59;59m▀[0m[38;2;220;236;201m[48;2;221;236;200m▀[0m[38;2;221;236;200m[48;2;221;236;200m▀[0m[38;2;221;236;201m[48;2;221;236;200m▀[0m[38;2;221;236;200m[48;2;38;42;40m▀[0m[38;2;226;242;237m[48;2;220;237;229m▀[0m[38;2;223;240;233m▀[0m[38;2;228;243;237m▀[0m[38;2;139;155;144m▀[0m            
      [38;2;42;41;41m▀[0m[38;2;70;77;65m[48;2;202;219;188m▀[0m[38;2;216;234;196m[48;2;221;236;199m▀[0m[38;2;219;236;199m[48;2;219;235;199m▀[0m[38;2;219;235;198m[48;2;219;235;199m▀[0m[38;2;220;236;199m[48;2;220;236;199m▀[0m[38;2;16;18;15m[48;2;54;53;53m▀[0m[38;2;56;55;55m[48;2;56;55;55m▀[0m[38;2;64;129;178m[48;2;65;141;186m▀[0m[38;2;65;139;185m[48;2;66;154;199m▀[0m[38;2;74;160;203m[48;2;126;192;221m▀[0m[38;2;254;249;245m[48;2;255;252;247m▀[0m[38;2;58;57;57m[48;2;56;55;55m▀[0m[38;2;84;90;77m[48;2;218;235;198m▀[0m[38;2;221;237;201m[48;2;195;210;183m▀[0m[38;2;218;235;198m[48;2;177;193;177m▀[0m[38;2;112;120;108m[48;2;170;186;171m▀[0m[38;2;212;232;194m▄[0m[38;2;218;235;198m▄[0m[38;2;221;236;200m▄[0m[38;2;221;236;200m▄[0m[38;2;218;235;198m▄[0m[38;2;216;234;197m▄[0m[38;2;217;235;197m▄[0m[38;2;220;236;200m▄[0m[38;2;224;238;203m▄[0m[38;2;230;236;205m▄[0m[38;2;229;236;205m▄[0m[38;2;228;236;205m▄[0m[38;2;224;231;201m▄[0m[38;2;1;1;1m▄[0m[38;2;109;113;99m▄[0m  
        [38;2;177;194;177m▀[0m[38;2;191;208;182m[48;2;170;187;171m▀[0m[38;2;218;235;197m[48;2;171;188;172m▀[0m[38;2;218;235;198m[48;2;172;188;172m▀[0m[38;2;10;10;9m[48;2;173;188;172m▀[0m[38;2;56;55;55m[48;2;133;145;131m▀[0m[38;2;11;15;18m[48;2;49;46;49m▀[0m[38;2;124;189;218m[48;2;52;49;52m▀[0m[38;2;247;244;241m[48;2;20;19;21m▀[0m[38;2;46;43;45m[48;2;174;189;175m▀[0m[38;2;74;80;70m[48;2;171;186;171m▀[0m[38;2;172;189;172m[48;2;3;3;1m▀[0m[38;2;157;170;156m[48;2;138;173;115m▀[0m[38;2;170;186;171m[48;2;47;59;38m▀[0m[38;2;173;188;174m[48;2;170;186;171m▀[0m[38;2;221;237;201m[48;2;216;234;196m▀[0m[38;2;215;234;197m[48;2;215;234;196m▀[0m[38;2;216;234;196m[48;2;216;234;197m▀[0m[38;2;216;234;196m[48;2;217;235;197m▀[0m[38;2;215;234;196m[48;2;216;234;197m▀[0m[38;2;216;234;196m[48;2;216;234;197m▀[0m[38;2;220;236;200m[48;2;218;235;198m▀[0m[38;2;226;238;203m[48;2;221;237;201m▀[0m[38;2;227;235;205m[48;2;229;236;204m▀[0m[38;2;229;236;204m[48;2;229;235;203m▀[0m[38;2;229;236;204m[48;2;227;234;203m▀[0m[38;2;229;236;204m[48;2;225;234;203m▀[0m[38;2;227;236;205m[48;2;228;235;204m▀[0m[38;2;229;236;205m[48;2;17;19;16m▀[0m   
           [38;2;180;196;177m▀[0m[38;2;181;198;178m▀[0m[38;2;179;196;175m▀[0m[38;2;178;194;176m▀[0m[38;2;179;195;175m[48;2;171;185;171m▀[0m[38;2;180;196;176m[48;2;170;185;171m▀[0m[38;2;43;47;43m[48;2;171;186;172m▀[0m[38;2;171;186;172m[48;2;170;186;171m▀[0m[38;2;137;172;115m[48;2;137;173;115m▀[0m[38;2;137;172;115m[48;2;138;173;116m▀[0m[38;2;138;173;116m[48;2;141;176;118m▀[0m[38;2;122;153;102m[48;2;79;97;69m▀[0m[38;2;111;136;98m[48;2;106;129;93m▀[0m[38;2;91;99;83m[48;2;105;129;92m▀[0m[38;2;226;246;207m▀[0m[38;2;152;164;138m▀[0m[38;2;5;6;5m▀[0m            
                [38;2;41;43;40m▀[0m[38;2;171;187;173m▀[0m[38;2;175;191;175m▀[0m[38;2;133;166;111m▀[0m  [38;2;105;129;92m[48;2;127;156;108m▀[0m[38;2;117;144;100m[48;2;135;168;113m▀[0m[38;2;105;129;92m[48;2;136;170;113m▀[0m               
                      [38;2;149;189;122m▀[0m[38;2;149;188;122m[48;2;173;218;140m▀[0m[38;2;148;187;121m▀[0m               
                                        
                                        
