                                        
                                        
                        [38;2;237;169;225m▄[0m               
         [38;2;8;8;7m▄[0m[38;2;130;211;135m▄[0m            [38;2;0;0;0m[48;2;235;157;224m▀[0m[38;2;93;26;84m[48;2;25;25;25m▀[0m[38;2;96;44;79m▄[0m              
       [38;2;194;169;189m▄[0m[38;2;145;216;149m[48;2;173;226;176m▀[0m[38;2;136;202;140m▀[0m            [38;2;0;0;0m[48;2;236;137;214m▀[0m[38;2;222;119;200m[48;2;236;139;215m▀[0m[38;2;84;31;70m[48;2;236;140;215m▀[0m[38;2;153;44;130m[48;2;237;140;215m▀[0m              
      [38;2;242;223;238m▄[0m[38;2;240;219;236m[48;2;241;223;238m▀[0m           [38;2;117;206;122m▄[0m[38;2;84;195;90m▄[0m[38;2;30;29;28m[48;2;221;95;193m▀[0m[38;2;131;211;135m[48;2;237;143;217m▀[0m[38;2;236;139;215m[48;2;26;19;24m▀[0m[38;2;236;137;214m[48;2;236;138;215m▀[0m[38;2;236;138;215m[48;2;236;139;215m▀[0m[38;2;9;9;9m▄[0m             
     [38;2;0;0;0m▄[0m[38;2;240;219;236m[48;2;241;222;237m▀[0m      [38;2;129;70;118m▄[0m[38;2;242;224;238m▄[0m[38;2;242;224;239m▄[0m[38;2;75;40;69m▄[0m[38;2;1;1;1m[48;2;241;224;238m▀[0m[38;2;162;221;169m[48;2;37;24;35m▀[0m[38;2;143;216;147m[48;2;238;217;234m▀[0m[38;2;238;215;234m[48;2;238;217;234m▀[0m[38;2;238;217;234m[48;2;239;218;235m▀[0m[38;2;236;139;215m[48;2;239;218;235m▀[0m[38;2;234;140;217m[48;2;237;143;216m▀[0m[38;2;171;124;157m[48;2;244;207;236m▀[0m[38;2;236;140;215m[48;2;232;139;218m▀[0m[38;2;191;90;169m[48;2;232;184;222m▀[0m             
     [38;2;22;22;22m[48;2;172;122;162m▀[0m[38;2;241;222;237m[48;2;238;217;234m▀[0m  [38;2;168;145;164m▄[0m[38;2;243;227;240m▄[0m[38;2;244;229;241m[48;2;243;228;240m▀[0m[38;2;243;226;240m[48;2;243;228;240m▀[0m[38;2;243;227;240m[48;2;243;228;240m▀[0m[38;2;242;225;239m[48;2;243;227;240m▀[0m[38;2;146;137;138m[48;2;241;223;238m▀[0m[38;2;243;228;240m[48;2;47;26;43m▀[0m[38;2;179;150;173m[48;2;241;222;237m▀[0m[38;2;243;228;240m[48;2;240;218;236m▀[0m[38;2;240;220;237m[48;2;238;217;234m▀[0m[38;2;238;217;234m[48;2;238;215;234m▀[0m[38;2;240;220;237m[48;2;238;215;234m▀[0m[38;2;239;218;235m[48;2;238;215;234m▀[0m[38;2;238;217;234m[48;2;169;138;163m▀[0m[38;2;235;146;219m[48;2;238;215;234m▀[0m[38;2;238;215;234m[48;2;231;199;225m▀[0m[38;2;235;197;228m[48;2;233;216;226m▀[0m             
     [38;2;0;0;0m▀[0m[38;2;239;218;235m[48;2;239;218;235m▀[0m[38;2;146;101;137m▄[0m[38;2;243;226;240m[48;2;240;221;237m▀[0m[38;2;243;228;240m[48;2;243;226;240m▀[0m[38;2;243;228;240m[48;2;243;228;240m▀[0m[38;2;242;225;239m[48;2;241;224;238m▀[0m[38;2;242;225;239m[48;2;242;225;239m▀[0m[38;2;242;225;239m[48;2;241;222;237m▀[0m[38;2;239;218;235m[48;2;238;217;234m▀[0m[38;2;245;231;243m[48;2;241;222;237m▀[0m[38;2;241;222;238m[48;2;241;223;238m▀[0m[38;2;238;217;234m[48;2;238;217;234m▀[0m[38;2;238;217;234m[48;2;238;217;234m▀[0m[38;2;238;217;234m[48;2;238;215;234m▀[0m[38;2;238;215;234m[48;2;238;215;234m▀[0m[38;2;238;215;234m[48;2;238;214;234m▀[0m[38;2;239;218;235m[48;2;238;215;234m▀[0m[38;2;237;214;233m[48;2;238;215;234m▀[0m[38;2;238;215;234m[48;2;238;215;234m▀[0m[38;2;86;75;84m[48;2;238;217;234m▀[0m[38;2;230;205;225m[48;2;90;50;82m▀[0m             
      [38;2;238;216;234m[48;2;241;231;238m▀[0m[38;2;239;218;235m[48;2;86;51;79m▀[0m[38;2;240;219;236m[48;2;239;218;235m▀[0m[38;2;241;223;238m[48;2;241;222;237m▀[0m[38;2;241;223;238m[48;2;241;223;238m▀[0m[38;2;241;222;237m[48;2;241;222;237m▀[0m[38;2;241;224;238m[48;2;241;222;237m▀[0m[38;2;48;40;46m[48;2;236;210;231m▀[0m[38;2;172;147;168m[48;2;241;222;237m▀[0m[38;2;241;222;237m[48;2;241;221;237m▀[0m[38;2;240;221;237m[48;2;240;219;236m▀[0m[38;2;238;217;234m[48;2;238;217;234m▀[0m[38;2;238;215;234m[48;2;238;217;234m▀[0m[38;2;238;215;234m[48;2;238;217;234m▀[0m[38;2;238;215;234m[48;2;238;217;234m▀[0m[38;2;238;217;234m[48;2;238;217;234m▀[0m[38;2;238;217;234m[48;2;238;217;234m▀[0m[38;2;238;217;234m[48;2;238;217;234m▀[0m[38;2;243;227;240m[48;2;238;217;234m▀[0m[38;2;238;217;234m[48;2;238;217;234m▀[0m   [38;2;128;145;134m▄[0m[38;2;206;224;213m▄[0m[38;2;224;241;234m▄[0m[38;2;223;242;230m▄[0m       
   [38;2;242;224;239m[48;2;238;217;234m▀[0m[38;2;238;217;234m▄[0m[38;2;0;0;0m▄[0m[38;2;86;84;83m[48;2;63;62;62m▀[0m[38;2;81;43;74m[48;2;238;217;234m▀[0m[38;2;240;220;236m[48;2;240;219;236m▀[0m[38;2;239;218;235m[48;2;238;217;234m▀[0m[38;2;241;222;237m[48;2;238;217;234m▀[0m[38;2;240;221;237m[48;2;239;217;235m▀[0m[38;2;240;221;237m[48;2;240;220;237m▀[0m[38;2;145;99;136m[48;2;200;180;197m▀[0m[38;2;240;219;236m[48;2;238;217;234m▀[0m[38;2;238;215;234m[48;2;238;217;234m▀[0m[38;2;238;216;234m[48;2;238;217;234m▀[0m[38;2;238;217;234m[48;2;238;217;234m▀[0m[38;2;238;217;234m[48;2;238;217;234m▀[0m[38;2;238;217;234m[48;2;238;217;234m▀[0m[38;2;238;217;234m[48;2;238;217;234m▀[0m[38;2;238;217;234m[48;2;238;217;234m▀[0m[38;2;238;217;234m[48;2;238;217;234m▀[0m[38;2;239;218;235m[48;2;238;217;234m▀[0m[38;2;238;216;234m[48;2;238;217;234m▀[0m[38;2;238;217;234m[48;2;145;101;137m▀[0m[38;2;221;239;231m▄[0m[38;2;229;245;237m[48;2;223;239;234m▀[0m[38;2;224;241;235m[48;2;229;244;239m▀[0m[38;2;227;243;237m[48;2;225;241;232m▀[0m[38;2;224;241;235m[48;2;222;240;228m▀[0m[38;2;221;238;234m[48;2;220;237;228m▀[0m[38;2;220;238;233m▀[0m       
  [38;2;188;143;180m▀[0m[38;2;238;217;234m▀[0m[38;2;238;217;234m[48;2;238;217;234m▀[0m[38;2;37;37;37m[48;2;0;0;0m▀[0m[38;2;188;232;190m[48;2;252;254;252m▀[0m[38;2;240;220;236m[48;2;228;200;221m▀[0m[38;2;238;217;234m[48;2;239;218;235m▀[0m[38;2;239;218;235m[48;2;238;217;234m▀[0m[38;2;239;217;235m[48;2;238;217;234m▀[0m[38;2;238;217;234m[48;2;238;217;234m▀[0m[38;2;238;217;234m[48;2;238;217;234m▀[0m[38;2;238;217;234m[48;2;238;217;234m▀[0m[38;2;238;217;234m[48;2;78;76;75m▀[0m[38;2;236;212;232m[48;2;80;79;78m▀[0m[38;2;70;69;68m[48;2;23;22;20m▀[0m[38;2;56;56;56m[48;2;255;252;248m▀[0m[38;2;56;55;56m[48;2;5;5;5m▀[0m[38;2;11;9;10m[48;2;56;56;55m▀[0m[38;2;238;217;234m[48;2;238;217;234m▀[0m[38;2;238;217;234m[48;2;239;217;234m▀[0m[38;2;238;217;234m[48;2;238;217;234m▀[0m[38;2;238;217;234m[48;2;239;218;235m▀[0m[38;2;238;217;234m[48;2;242;224;239m▀[0m[38;2;227;242;234m[48;2;229;243;237m▀[0m[38;2;225;241;231m[48;2;223;240;234m▀[0m[38;2;226;242;236m[48;2;226;242;236m▀[0m[38;2;224;241;235m[48;2;226;242;234m▀[0m[38;2;227;243;237m[48;2;132;148;137m▀[0m[38;2;233;248;243m▀[0m         
     [38;2;234;205;228m▀[0m[38;2;84;196;90m[48;2;123;209;128m▀[0m[38;2;114;74;107m[48;2;105;56;96m▀[0m[38;2;238;217;234m[48;2;238;217;234m▀[0m[38;2;238;217;234m[48;2;238;217;234m▀[0m[38;2;238;217;234m[48;2;238;216;234m▀[0m[38;2;238;217;234m[48;2;238;216;234m▀[0m[38;2;238;217;234m[48;2;238;217;234m▀[0m[38;2;46;45;46m[48;2;56;55;55m▀[0m[38;2;75;73;72m[48;2;19;35;20m▀[0m[38;2;235;248;235m[48;2;253;254;253m▀[0m[38;2;82;194;88m[48;2;83;195;89m▀[0m[38;2;255;253;249m[48;2;255;255;254m▀[0m[38;2;200;201;200m[48;2;18;19;18m▀[0m[38;2;56;55;56m[48;2;60;59;59m▀[0m[38;2;238;217;234m[48;2;238;217;234m▀[0m[38;2;238;217;234m[48;2;238;217;234m▀[0m[38;2;238;217;234m[48;2;238;217;234m▀[0m[38;2;238;217;234m[48;2;36;38;37m▀[0m[38;2;226;242;237m[48;2;220;237;229m▀[0m[38;2;223;240;233m▀[0m[38;2;228;243;237m▀[0m[38;2;139;155;144m▀[0m            
      [38;2;40;39;39m▀[0m[38;2;111;66;102m[48;2;232;201;227m▀[0m[38;2;238;215;234m[48;2;238;217;234m▀[0m[38;2;238;217;234m[48;2;238;217;234m▀[0m[38;2;238;217;234m[48;2;238;217;234m▀[0m[38;2;238;217;234m[48;2;238;217;234m▀[0m[38;2;18;14;17m[48;2;54;53;53m▀[0m[38;2;56;55;55m[48;2;56;55;55m▀[0m[38;2;60;173;66m[48;2;66;187;72m▀[0m[38;2;64;186;71m[48;2;81;194;87m▀[0m[38;2;89;197;95m[48;2;141;215;145m▀[0m[38;2;254;249;245m[48;2;255;252;247m▀[0m[38;2;58;57;57m[48;2;56;55;55m▀[0m[38;2;89;72;85m[48;2;238;217;234m▀[0m[38;2;239;218;235m[48;2;228;193;222m▀[0m[38;2;238;217;234m[48;2;222;176;213m▀[0m[38;2;174;109;162m[48;2;218;168;209m▀[0m[38;2;237;212;233m▄[0m[38;2;238;216;234m▄[0m[38;2;238;217;234m▄[0m[38;2;238;217;234m▄[0m[38;2;238;217;234m▄[0m[38;2;238;215;234m▄[0m[38;2;238;216;234m▄[0m[38;2;238;217;234m▄[0m[38;2;240;220;237m▄[0m[38;2;240;219;236m▄[0m[38;2;240;219;236m▄[0m[38;2;240;219;236m▄[0m[38;2;236;216;232m▄[0m[38;2;1;1;1m▄[0m[38;2;181;102;165m▄[0m  
        [38;2;222;177;213m▀[0m[38;2;227;190;220m[48;2;219;168;209m▀[0m[38;2;238;216;234m[48;2;219;170;210m▀[0m[38;2;238;217;234m[48;2;219;170;210m▀[0m[38;2;8;8;8m[48;2;219;169;210m▀[0m[38;2;56;55;55m[48;2;176;129;167m▀[0m[38;2;10;15;11m[48;2;49;46;49m▀[0m[38;2;136;214;141m[48;2;52;49;52m▀[0m[38;2;247;244;241m[48;2;17;17;17m▀[0m[38;2;45;43;45m[48;2;220;171;210m▀[0m[38;2;73;65;71m[48;2;218;167;208m▀[0m[38;2;219;170;210m[48;2;2;2;2m▀[0m[38;2;210;153;199m[48;2;226;81;195m▀[0m[38;2;218;169;209m[48;2;53;30;48m▀[0m[38;2;219;170;210m[48;2;218;169;209m▀[0m[38;2;239;218;235m[48;2;238;215;234m▀[0m[38;2;238;215;234m[48;2;238;215;234m▀[0m[38;2;238;215;234m[48;2;238;215;234m▀[0m[38;2;238;215;234m[48;2;238;217;234m▀[0m[38;2;238;215;234m[48;2;238;215;234m▀[0m[38;2;238;215;234m[48;2;238;215;234m▀[0m[38;2;238;217;234m[48;2;238;217;234m▀[0m[38;2;240;221;237m[48;2;239;218;235m▀[0m[38;2;240;219;236m[48;2;240;219;236m▀[0m[38;2;240;219;236m[48;2;240;219;236m▀[0m[38;2;240;219;236m[48;2;239;218;235m▀[0m[38;2;240;219;236m[48;2;239;217;235m▀[0m[38;2;240;219;236m[48;2;240;219;236m▀[0m[38;2;240;219;236m[48;2;17;15;17m▀[0m   
           [38;2;223;180;215m▀[0m[38;2;223;180;215m▀[0m[38;2;222;178;214m▀[0m[38;2;222;176;213m▀[0m[38;2;222;179;214m[48;2;218;168;209m▀[0m[38;2;222;179;214m[48;2;218;167;208m▀[0m[38;2;57;39;53m[48;2;218;169;209m▀[0m[38;2;218;168;209m[48;2;218;169;209m▀[0m[38;2;226;80;195m[48;2;226;81;195m▀[0m[38;2;226;81;195m[48;2;226;81;195m▀[0m[38;2;226;81;195m[48;2;227;85;197m▀[0m[38;2;207;63;176m[48;2;145;25;119m▀[0m[38;2;208;33;170m[48;2;197;32;162m▀[0m[38;2;94;84;92m[48;2;197;31;161m▀[0m[38;2;243;226;240m▀[0m[38;2;201;149;190m▀[0m[38;2;4;4;4m▀[0m            
                [38;2;59;36;54m▀[0m[38;2;219;169;210m▀[0m[38;2;220;173;211m▀[0m[38;2;224;69;190m▀[0m  [38;2;197;31;162m[48;2;223;55;186m▀[0m[38;2;219;38;180m[48;2;225;73;192m▀[0m[38;2;197;31;161m[48;2;226;75;193m▀[0m               
                      [38;2;230;103;202m▀[0m[38;2;230;102;202m[48;2;238;149;218m▀[0m[38;2;229;100;201m▀[0m               
                                        
                                        
