                                        
          [38;2;202;225;133m▄[0m[38;2;202;225;132m▄[0m[38;2;80;94;43m▄[0m [38;2;220;234;174m▄[0m[38;2;202;225;132m[48;2;202;225;132m▀[0m[38;2;142;160;94m[48;2;202;225;132m▀[0m[38;2;206;230;135m▄[0m                      
         [38;2;95;106;64m▄[0m[38;2;202;225;132m[48;2;203;225;132m▀[0m[38;2;202;225;132m[48;2;202;225;132m▀[0m[38;2;148;197;68m[48;2;148;198;67m▀[0m[38;2;38;51;22m[48;2;196;220;125m▀[0m[38;2;208;229;146m[48;2;202;225;132m▀[0m[38;2;202;225;132m[48;2;202;225;132m▀[0m[38;2;202;225;132m[48;2;202;225;132m▀[0m[38;2;202;225;132m[48;2;203;225;132m▀[0m[38;2;0;0;0m[48;2;203;226;132m▀[0m                     
         [38;2;203;227;133m[48;2;176;199;114m▀[0m[38;2;203;225;132m[48;2;202;225;132m▀[0m[38;2;202;225;132m[48;2;202;225;132m▀[0m[38;2;187;219;97m[48;2;202;225;132m▀[0m[38;2;204;227;133m[48;2;203;226;132m▀[0m[38;2;202;225;132m[48;2;202;225;132m▀[0m[38;2;202;225;132m[48;2;202;225;132m▀[0m[38;2;202;225;132m[48;2;169;212;76m▀[0m[38;2;202;225;132m[48;2;7;6;4m▀[0m[38;2;202;225;132m[48;2;252;224;131m▀[0m[38;2;38;44;26m[48;2;120;162;57m▀[0m                    
         [38;2;19;21;13m[48;2;255;243;173m▀[0m[38;2;202;225;132m[48;2;202;225;132m▀[0m[38;2;202;225;132m[48;2;202;225;132m▀[0m[38;2;202;225;132m[48;2;202;225;132m▀[0m[38;2;203;226;133m[48;2;204;228;133m▀[0m[38;2;202;225;132m[48;2;202;225;132m▀[0m[38;2;179;216;86m[48;2;188;170;95m▀[0m[38;2;252;228;146m[48;2;253;230;153m▀[0m[38;2;202;185;116m[48;2;254;247;232m▀[0m[38;2;252;228;146m[48;2;203;187;119m▀[0m[38;2;252;215;79m[48;2;248;209;78m▀[0m[38;2;49;56;33m▄[0m                   
         [38;2;255;239;186m[48;2;3;1;0m▀[0m[38;2;202;225;132m[48;2;172;194;114m▀[0m[38;2;202;225;132m[48;2;202;225;132m▀[0m[38;2;202;225;132m[48;2;202;225;132m▀[0m[38;2;202;225;132m[48;2;202;225;132m▀[0m[38;2;203;225;132m[48;2;202;225;132m▀[0m[38;2;22;21;13m[48;2;202;225;132m▀[0m[38;2;253;229;149m[48;2;248;209;78m▀[0m[38;2;252;228;146m[48;2;248;210;78m▀[0m[38;2;24;21;14m[48;2;248;209;78m▀[0m[38;2;247;209;78m[48;2;251;214;80m▀[0m[38;2;165;212;74m[48;2;146;197;66m▀[0m                   
    [38;2;220;234;173m▄[0m[38;2;203;226;132m▄[0m    [38;2;201;224;131m[48;2;202;225;132m▀[0m[38;2;202;225;132m[48;2;202;225;132m▀[0m[38;2;202;225;132m[48;2;202;225;132m▀[0m[38;2;202;225;132m[48;2;203;225;132m▀[0m[38;2;203;225;132m[48;2;202;225;132m▀[0m[38;2;202;225;132m[48;2;202;225;132m▀[0m[38;2;204;227;134m[48;2;202;225;132m▀[0m[38;2;248;209;78m[48;2;202;225;132m▀[0m[38;2;248;211;82m[48;2;149;200;68m▀[0m[38;2;163;217;72m[48;2;146;197;67m▀[0m[38;2;145;196;66m[48;2;160;217;72m▀[0m       [38;2;43;48;30m[48;2;194;223;113m▀[0m[38;2;208;228;147m[48;2;200;224;124m▀[0m          
   [38;2;9;11;7m[48;2;202;225;132m▀[0m[38;2;202;225;132m▄[0m[38;2;205;229;134m[48;2;37;44;25m▀[0m[38;2;206;230;134m[48;2;202;225;132m▀[0m[38;2;183;218;93m[48;2;183;218;93m▀[0m  [38;2;202;225;132m[48;2;25;28;17m▀[0m[38;2;203;226;136m[48;2;202;225;132m▀[0m[38;2;202;225;132m[48;2;202;225;132m▀[0m[38;2;202;225;132m[48;2;203;225;132m▀[0m[38;2;202;225;132m[48;2;194;222;112m▀[0m[38;2;179;217;83m[48;2;142;192;67m▀[0m[38;2;180;217;86m[48;2;211;98;120m▀[0m[38;2;146;197;66m[48;2;211;98;120m▀[0m[38;2;204;95;116m[48;2;39;27;24m▀[0m[38;2;145;197;66m[48;2;145;197;66m▀[0m      [38;2;58;67;39m[48;2;203;226;132m▀[0m[38;2;203;225;134m[48;2;48;63;27m▀[0m[38;2;141;184;66m[48;2;141;184;66m▀[0m[38;2;141;184;66m▄[0m[38;2;182;221;82m[48;2;17;21;10m▀[0m[38;2;205;228;133m[48;2;202;225;132m▀[0m        
    [38;2;121;136;79m▀[0m[38;2;202;225;132m[48;2;202;225;132m▀[0m[38;2;202;225;132m[48;2;202;225;133m▀[0m[38;2;203;225;133m[48;2;202;226;133m▀[0m[38;2;202;225;132m▄[0m[38;2;202;225;132m▄[0m[38;2;202;225;133m▄[0m[38;2;191;220;107m[48;2;191;221;107m▀[0m[38;2;200;224;127m[48;2;141;185;68m▀[0m[38;2;170;213;76m[48;2;57;73;31m▀[0m[38;2;146;197;66m[48;2;115;149;57m▀[0m[38;2;211;98;120m[48;2;40;50;23m▀[0m[38;2;211;97;120m[48;2;211;98;120m▀[0m[38;2;211;98;120m[48;2;217;101;123m▀[0m[38;2;146;197;67m[48;2;179;216;85m▀[0m[38;2;202;225;132m▄[0m[38;2;203;225;132m▄[0m[38;2;209;234;137m[48;2;205;227;140m▀[0m[38;2;204;226;135m[48;2;202;225;132m▀[0m[38;2;202;225;132m[48;2;202;225;132m▀[0m[38;2;202;225;132m[48;2;202;225;132m▀[0m[38;2;202;225;132m[48;2;194;222;114m▀[0m[38;2;209;232;136m[48;2;166;212;80m▀[0m[38;2;141;184;66m[48;2;173;216;82m▀[0m[38;2;141;184;66m[48;2;128;154;60m▀[0m[38;2;141;184;65m▀[0m          
      [38;2;10;11;6m▀[0m[38;2;170;189;111m▀[0m[38;2;209;233;136m▀[0m[38;2;202;225;132m▀[0m[38;2;202;225;133m▀[0m[38;2;201;225;129m▀[0m[38;2;184;218;99m▀[0m[38;2;141;184;66m▀[0m[38;2;141;184;66m[48;2;17;20;12m▀[0m[38;2;209;136;140m[48;2;237;154;157m▀[0m[38;2;236;153;157m[48;2;237;154;157m▀[0m[38;2;237;154;157m[48;2;237;154;157m▀[0m[38;2;206;229;135m[48;2;240;154;158m▀[0m[38;2;202;225;132m[48;2;177;215;80m▀[0m[38;2;204;227;133m▀[0m[38;2;8;10;6m▀[0m                  
              [38;2;244;170;175m[48;2;237;154;157m▀[0m[38;2;237;153;158m[48;2;237;154;158m▀[0m[38;2;236;154;157m[48;2;237;154;157m▀[0m[38;2;237;154;157m[48;2;237;154;157m▀[0m[38;2;237;154;157m[48;2;237;154;157m▀[0m[38;2;201;224;132m[48;2;16;32;14m▀[0m[38;2;207;230;135m[48;2;202;225;132m▀[0m                   
             [38;2;0;0;0m▄[0m[38;2;239;168;169m[48;2;243;192;193m▀[0m[38;2;237;153;158m[48;2;237;154;157m▀[0m[38;2;237;154;158m[48;2;237;154;158m▀[0m[38;2;237;154;157m[48;2;237;154;158m▀[0m[38;2;237;151;155m[48;2;230;129;134m▀[0m[38;2;250;142;147m[48;2;250;140;145m▀[0m[38;2;203;225;132m[48;2;194;222;115m▀[0m[38;2;85;109;44m▄[0m                  
             [38;2;0;0;0m▀[0m[38;2;237;154;157m[48;2;231;129;134m▀[0m[38;2;237;153;157m[48;2;231;129;134m▀[0m[38;2;237;154;158m[48;2;231;129;134m▀[0m[38;2;235;145;149m[48;2;231;129;134m▀[0m[38;2;230;129;134m[48;2;235;132;137m▀[0m[38;2;117;64;70m[48;2;202;239;103m▀[0m[38;2;175;213;89m[48;2;141;184;66m▀[0m[38;2;67;86;34m▀[0m                  
              [38;2;216;99;122m[48;2;26;30;15m▀[0m[38;2;230;129;134m[48;2;206;111;132m▀[0m[38;2;231;129;134m[48;2;217;118;139m▀[0m[38;2;230;128;133m[48;2;211;98;120m▀[0m[38;2;212;98;120m[48;2;141;184;66m▀[0m[38;2;141;184;66m[48;2;141;184;66m▀[0m[38;2;141;184;66m[48;2;115;161;103m▀[0m[38;2;130;176;114m[48;2;136;182;122m▀[0m[38;2;153;191;140m[48;2;152;191;139m▀[0m[38;2;152;190;139m[48;2;152;189;139m▀[0m[38;2;164;206;150m[48;2;151;191;139m▀[0m[38;2;17;21;16m[48;2;156;190;145m▀[0m[38;2;170;203;160m▄[0m[38;2;168;198;157m▄[0m[38;2;80;99;74m▄[0m           
              [38;2;41;51;22m[48;2;189;223;97m▀[0m[38;2;141;184;66m[48;2;174;215;78m▀[0m[38;2;8;10;6m[48;2;84;104;76m▀[0m[38;2;10;12;6m[48;2;90;126;77m▀[0m[38;2;141;184;66m[48;2;141;184;66m▀[0m[38;2;141;184;66m[48;2;163;208;73m▀[0m[38;2;78;109;68m[48;2;141;170;75m▀[0m[38;2;152;188;137m[48;2;124;174;109m▀[0m[38;2;156;196;143m[48;2;153;192;140m▀[0m[38;2;151;190;138m[48;2;151;188;138m▀[0m[38;2;154;191;140m[48;2;154;193;141m▀[0m[38;2;154;191;140m[48;2;151;190;138m▀[0m[38;2;163;197;152m[48;2;152;190;139m▀[0m[38;2;177;206;168m[48;2;154;193;141m▀[0m[38;2;176;203;166m[48;2;165;199;155m▀[0m[38;2;163;197;149m[48;2;172;203;164m▀[0m[38;2;0;0;0m[48;2;167;198;157m▀[0m[38;2;155;193;141m▄[0m [38;2;154;190;139m▄[0m[38;2;160;196;145m[48;2;180;204;171m▀[0m[38;2;0;0;0m[48;2;156;196;143m▀[0m[38;2;36;44;34m▄[0m   
              [38;2;202;225;133m[48;2;202;225;132m▀[0m[38;2;201;225;129m[48;2;210;234;137m▀[0m [38;2;92;130;79m[48;2;112;141;101m▀[0m[38;2;17;25;16m[48;2;92;129;79m▀[0m[38;2;202;225;133m[48;2;202;225;132m▀[0m[38;2;202;225;132m[48;2;202;225;132m▀[0m[38;2;98;150;85m[48;2;92;128;79m▀[0m[38;2;131;180;118m[48;2;93;141;80m▀[0m[38;2;153;193;140m[48;2;119;164;102m▀[0m[38;2;151;189;138m[48;2;153;192;139m▀[0m[38;2;153;187;138m[48;2;152;191;139m▀[0m[38;2;153;190;139m[48;2;152;190;139m▀[0m[38;2;152;189;137m[48;2;152;190;139m▀[0m[38;2;153;192;140m[48;2;156;195;142m▀[0m[38;2;153;189;139m[48;2;153;192;139m▀[0m[38;2;151;192;139m[48;2;153;189;139m▀[0m[38;2;154;194;141m[48;2;153;194;141m▀[0m[38;2;153;189;139m[48;2;153;192;140m▀[0m[38;2;151;188;138m[48;2;153;192;140m▀[0m[38;2;154;192;140m[48;2;153;191;139m▀[0m[38;2;148;184;134m[48;2;124;166;112m▀[0m[38;2;138;179;127m[48;2;121;165;110m▀[0m   
        [38;2;221;235;178m▄[0m[38;2;204;228;133m▄[0m[38;2;27;31;18m▄[0m[38;2;217;233;168m▄[0m[38;2;52;58;40m[48;2;217;233;167m▀[0m[38;2;202;225;132m[48;2;202;226;133m▀[0m[38;2;202;225;132m[48;2;202;225;132m▀[0m[38;2;202;225;132m[48;2;202;225;133m▀[0m  [38;2;94;130;82m▀[0m[38;2;203;225;132m[48;2;202;225;132m▀[0m[38;2;203;225;132m[48;2;202;225;132m▀[0m[38;2;28;32;19m[48;2;217;233;169m▀[0m[38;2;89;130;79m[48;2;92;129;79m▀[0m[38;2;94;144;81m[48;2;92;130;79m▀[0m[38;2;98;146;82m[48;2;98;148;84m▀[0m[38;2;149;190;135m[48;2;98;145;84m▀[0m[38;2;153;188;138m[48;2;109;153;92m▀[0m[38;2;155;194;141m[48;2;145;187;132m▀[0m[38;2;152;188;138m[48;2;154;192;141m▀[0m[38;2;153;191;140m[48;2;152;187;138m▀[0m[38;2;153;195;142m[48;2;154;195;142m▀[0m[38;2;153;190;139m[48;2;153;190;139m▀[0m[38;2;152;190;139m[48;2;151;189;138m▀[0m[38;2;152;189;139m[48;2;152;187;138m▀[0m[38;2;156;197;143m[48;2;154;193;141m▀[0m[38;2;127;169;116m[48;2;153;194;141m▀[0m[38;2;125;170;113m[48;2;17;22;15m▀[0m   
        [38;2;155;206;80m▀[0m[38;2;187;219;98m[48;2;11;14;7m▀[0m[38;2;202;225;131m[48;2;155;206;81m▀[0m[38;2;224;250;145m[48;2;164;218;85m▀[0m[38;2;202;225;131m[48;2;172;215;88m▀[0m[38;2;188;210;123m[48;2;158;210;82m▀[0m[38;2;202;225;132m[48;2;155;206;81m▀[0m[38;2;189;220;105m▀[0m [38;2;220;244;149m▄[0m[38;2;67;74;48m▄[0m[38;2;217;233;167m[48;2;216;232;166m▀[0m[38;2;207;228;143m[48;2;55;59;42m▀[0m[38;2;217;233;168m[48;2;218;234;168m▀[0m[38;2;13;14;10m[48;2;151;167;106m▀[0m[38;2;89;128;77m[48;2;207;227;144m▀[0m[38;2;92;129;79m[48;2;93;127;81m▀[0m[38;2;17;24;15m[48;2;80;114;71m▀[0m[38;2;95;141;80m[48;2;0;0;0m▀[0m[38;2;95;145;83m▀[0m[38;2;101;140;84m[48;2;101;150;85m▀[0m[38;2;127;171;115m[48;2;95;142;80m▀[0m[38;2;147;186;133m[48;2;92;139;79m▀[0m[38;2;153;191;139m[48;2;94;138;79m▀[0m[38;2;155;196;141m[48;2;96;146;84m▀[0m[38;2;151;186;136m[48;2;92;137;80m▀[0m[38;2;144;183;131m▀[0m[38;2;94;129;83m▀[0m    
            [38;2;8;10;5m▀[0m    [38;2;202;225;132m[48;2;144;190;77m▀[0m[38;2;202;225;132m[48;2;167;223;87m▀[0m[38;2;71;81;47m▀[0m[38;2;216;233;167m[48;2;155;206;81m▀[0m[38;2;202;225;132m[48;2;163;217;83m▀[0m[38;2;192;221;108m[48;2;1;1;1m▀[0m[38;2;200;224;126m[48;2;131;173;70m▀[0m[38;2;67;88;38m▀[0m               
                                        
