                                        
          [38;2;138;227;213m▄[0m[38;2;138;227;213m▄[0m[38;2;40;82;73m▄[0m [38;2;148;235;221m▄[0m[38;2;138;227;213m[48;2;138;227;213m▀[0m[38;2;90;160;146m[48;2;138;227;213m▀[0m[38;2;142;229;215m▄[0m                      
         [38;2;55;96;89m▄[0m[38;2;138;227;213m[48;2;138;227;213m▀[0m[38;2;138;227;213m[48;2;138;227;213m▀[0m[38;2;111;197;182m[48;2;111;198;183m▀[0m[38;2;42;62;53m[48;2;133;219;205m▀[0m[38;2;142;231;217m[48;2;138;227;213m▀[0m[38;2;138;227;213m[48;2;138;227;213m▀[0m[38;2;138;227;213m[48;2;138;227;213m▀[0m[38;2;138;227;213m[48;2;138;227;213m▀[0m[38;2;0;0;0m[48;2;139;228;213m▀[0m                     
         [38;2;139;228;213m[48;2;119;205;189m▀[0m[38;2;138;227;213m[48;2;138;227;213m▀[0m[38;2;138;227;213m[48;2;138;227;213m▀[0m[38;2;132;221;206m[48;2;138;227;213m▀[0m[38;2;139;228;214m[48;2;139;228;214m▀[0m[38;2;138;227;213m[48;2;138;227;213m▀[0m[38;2;138;227;213m[48;2;138;227;213m▀[0m[38;2;138;227;213m[48;2;123;212;197m▀[0m[38;2;138;227;213m[48;2;7;6;4m▀[0m[38;2;138;227;213m[48;2;252;224;131m▀[0m[38;2;16;34;30m[48;2;84;156;142m▀[0m                    
         [38;2;8;17;15m[48;2;255;243;173m▀[0m[38;2;138;227;213m[48;2;138;227;213m▀[0m[38;2;138;227;213m[48;2;138;227;213m▀[0m[38;2;138;227;213m[48;2;138;227;213m▀[0m[38;2;139;228;214m[48;2;140;229;214m▀[0m[38;2;138;227;213m[48;2;138;227;213m▀[0m[38;2;128;217;202m[48;2;188;170;95m▀[0m[38;2;252;228;146m[48;2;253;230;153m▀[0m[38;2;202;185;116m[48;2;254;247;232m▀[0m[38;2;252;228;146m[48;2;203;187;119m▀[0m[38;2;252;215;79m[48;2;248;209;78m▀[0m[38;2;21;45;40m▄[0m                   
         [38;2;255;239;186m[48;2;3;1;0m▀[0m[38;2;138;227;213m[48;2;117;201;186m▀[0m[38;2;138;227;213m[48;2;138;227;213m▀[0m[38;2;138;227;213m[48;2;138;227;213m▀[0m[38;2;138;227;213m[48;2;138;227;213m▀[0m[38;2;138;227;213m[48;2;138;227;213m▀[0m[38;2;25;27;22m[48;2;138;227;213m▀[0m[38;2;253;229;149m[48;2;248;209;78m▀[0m[38;2;252;228;146m[48;2;248;210;78m▀[0m[38;2;24;21;14m[48;2;248;209;78m▀[0m[38;2;247;209;78m[48;2;251;214;80m▀[0m[38;2;122;212;196m[48;2;111;197;182m▀[0m                   
    [38;2;147;234;221m▄[0m[38;2;138;228;213m▄[0m    [38;2;137;227;212m[48;2;138;227;213m▀[0m[38;2;138;227;213m[48;2;138;227;213m▀[0m[38;2;138;227;213m[48;2;138;227;213m▀[0m[38;2;138;227;213m[48;2;138;227;213m▀[0m[38;2;138;227;213m[48;2;138;227;213m▀[0m[38;2;138;227;213m[48;2;138;227;213m▀[0m[38;2;140;229;214m[48;2;138;227;213m▀[0m[38;2;248;209;78m[48;2;138;227;213m▀[0m[38;2;248;211;82m[48;2;113;200;184m▀[0m[38;2;125;214;199m[48;2;111;198;181m▀[0m[38;2;111;197;180m[48;2;125;214;199m▀[0m       [38;2;16;35;31m[48;2;135;224;209m▀[0m[38;2;142;230;216m[48;2;137;227;212m▀[0m          
   [38;2;15;17;15m[48;2;138;227;213m▀[0m[38;2;138;227;213m▄[0m[38;2;141;229;215m[48;2;11;27;24m▀[0m[38;2;141;229;214m[48;2;138;227;213m▀[0m[38;2;129;217;202m[48;2;129;217;202m▀[0m  [38;2;138;227;213m[48;2;19;31;27m▀[0m[38;2;139;228;214m[48;2;138;227;213m▀[0m[38;2;138;227;213m[48;2;138;227;213m▀[0m[38;2;138;227;213m[48;2;138;227;213m▀[0m[38;2;138;227;213m[48;2;135;224;209m▀[0m[38;2;128;217;202m[48;2;107;191;175m▀[0m[38;2;129;218;203m[48;2;209;191;143m▀[0m[38;2;111;197;182m[48;2;209;191;143m▀[0m[38;2;199;184;140m[48;2;51;54;46m▀[0m[38;2;111;197;181m[48;2;110;196;180m▀[0m      [38;2;27;55;49m[48;2;138;228;213m▀[0m[38;2;138;227;213m[48;2;40;68;61m▀[0m[38;2;102;187;170m[48;2;102;187;170m▀[0m[38;2;102;187;170m▄[0m[38;2;131;219;204m[48;2;14;23;21m▀[0m[38;2;140;227;213m[48;2;138;227;213m▀[0m        
    [38;2;75;137;125m▀[0m[38;2;138;227;213m[48;2;138;227;213m▀[0m[38;2;138;227;213m[48;2;138;227;213m▀[0m[38;2;138;227;213m[48;2;138;228;213m▀[0m[38;2;138;227;213m▄[0m[38;2;138;227;213m▄[0m[38;2;138;227;213m▄[0m[38;2;133;223;208m[48;2;134;223;208m▀[0m[38;2;137;226;212m[48;2;102;187;171m▀[0m[38;2;123;212;196m[48;2;52;81;71m▀[0m[38;2;111;197;182m[48;2;76;147;133m▀[0m[38;2;209;191;143m[48;2;31;54;48m▀[0m[38;2;209;190;141m[48;2;209;191;143m▀[0m[38;2;209;191;143m[48;2;212;195;148m▀[0m[38;2;111;197;182m[48;2;127;216;201m▀[0m[38;2;138;227;213m▄[0m[38;2;0;0;0m[48;2;138;227;213m▀[0m[38;2;144;232;219m[48;2;141;230;215m▀[0m[38;2;140;228;213m[48;2;138;227;213m▀[0m[38;2;138;227;213m[48;2;138;227;213m▀[0m[38;2;138;227;213m[48;2;138;227;213m▀[0m[38;2;138;227;213m[48;2;135;224;209m▀[0m[38;2;143;231;217m[48;2;123;212;196m▀[0m[38;2;102;187;170m[48;2;127;216;201m▀[0m[38;2;102;187;170m[48;2;86;152;140m▀[0m[38;2;101;186;169m▀[0m          
      [38;2;19;20;15m▀[0m[38;2;114;191;177m▀[0m[38;2;143;231;217m▀[0m[38;2;138;227;213m▀[0m[38;2;138;227;213m▀[0m[38;2;138;227;213m▀[0m[38;2;131;220;205m▀[0m[38;2;102;187;170m▀[0m[38;2;102;187;170m[48;2;17;23;19m▀[0m[38;2;208;189;180m[48;2;236;229;206m▀[0m[38;2;236;229;206m[48;2;236;229;207m▀[0m[38;2;236;229;207m[48;2;236;229;207m▀[0m[38;2;141;230;216m[48;2;236;229;206m▀[0m[38;2;138;227;213m[48;2;126;214;199m▀[0m[38;2;140;229;215m▀[0m[38;2;7;10;8m▀[0m                  
              [38;2;241;235;219m[48;2;236;229;207m▀[0m[38;2;236;228;205m[48;2;236;229;207m▀[0m[38;2;236;229;206m[48;2;236;229;207m▀[0m[38;2;236;229;207m[48;2;236;229;207m▀[0m[38;2;236;229;207m[48;2;236;229;207m▀[0m[38;2;138;227;213m[48;2;7;29;19m▀[0m[38;2;142;231;216m[48;2;138;227;213m▀[0m                   
             [38;2;0;0;0m▄[0m[38;2;241;235;217m[48;2;247;244;234m▀[0m[38;2;236;229;206m[48;2;236;229;207m▀[0m[38;2;236;229;207m[48;2;236;229;207m▀[0m[38;2;236;229;207m[48;2;236;229;207m▀[0m[38;2;235;227;203m[48;2;226;214;181m▀[0m[38;2;232;223;199m[48;2;233;223;197m▀[0m[38;2;138;227;213m[48;2;135;224;209m▀[0m[38;2;0;0;0m[48;2;49;99;89m▀[0m                  
             [38;2;0;0;0m▀[0m[38;2;236;229;207m[48;2;226;214;182m▀[0m[38;2;236;229;206m[48;2;226;214;182m▀[0m[38;2;236;229;207m[48;2;226;214;182m▀[0m[38;2;233;224;198m[48;2;226;214;182m▀[0m[38;2;226;214;181m[48;2;227;216;184m▀[0m[38;2;141;127;90m[48;2;145;233;219m▀[0m[38;2;125;215;199m[48;2;102;187;170m▀[0m[38;2;36;71;64m▀[0m                  
              [38;2;211;194;147m[48;2;6;17;15m▀[0m[38;2;226;214;181m[48;2;210;196;158m▀[0m[38;2;226;214;182m[48;2;221;206;167m▀[0m[38;2;225;214;180m[48;2;209;191;143m▀[0m[38;2;210;192;144m[48;2;102;187;170m▀[0m[38;2;102;187;170m[48;2;102;187;170m▀[0m[38;2;102;187;170m[48;2;201;68;68m▀[0m[38;2;214;81;81m[48;2;217;90;90m▀[0m[38;2;221;108;108m[48;2;221;107;107m▀[0m[38;2;220;106;106m[48;2;220;105;105m▀[0m[38;2;226;128;128m[48;2;221;106;106m▀[0m[38;2;29;6;6m[48;2;221;108;108m▀[0m[38;2;226;127;127m▄[0m[38;2;224;121;121m▄[0m[38;2;132;35;35m▄[0m           
              [38;2;17;38;34m[48;2;134;223;208m▀[0m[38;2;102;187;170m[48;2;126;215;200m▀[0m[38;2;16;17;13m[48;2;144;33;33m▀[0m[38;2;10;13;12m[48;2;170;39;39m▀[0m[38;2;102;187;170m[48;2;102;187;170m▀[0m[38;2;102;187;170m[48;2;119;208;192m▀[0m[38;2;147;33;33m[48;2;86;167;152m▀[0m[38;2;220;103;103m[48;2;214;75;75m▀[0m[38;2;222;114;114m[48;2;222;109;109m▀[0m[38;2;220;105;105m[48;2;220;102;102m▀[0m[38;2;221;106;106m[48;2;221;110;110m▀[0m[38;2;221;107;107m[48;2;221;105;105m▀[0m[38;2;224;117;117m[48;2;221;105;105m▀[0m[38;2;227;133;133m[48;2;222;111;111m▀[0m[38;2;226;131;131m[48;2;224;123;123m▀[0m[38;2;223;116;116m[48;2;226;129;129m▀[0m[38;2;0;0;0m[48;2;224;122;122m▀[0m[38;2;222;109;109m▄[0m [38;2;221;107;107m▄[0m[38;2;223;114;114m[48;2;227;133;133m▀[0m[38;2;0;0;0m[48;2;222;114;114m▀[0m[38;2;58;16;16m▄[0m   
              [38;2;138;227;213m[48;2;138;227;213m▀[0m[38;2;138;227;213m[48;2;144;232;218m▀[0m [38;2;174;40;40m[48;2;197;44;44m▀[0m[38;2;44;22;22m[48;2;174;40;40m▀[0m[38;2;138;227;213m[48;2;138;227;213m▀[0m[38;2;138;227;213m[48;2;138;227;213m▀[0m[38;2;197;47;47m[48;2;171;39;39m▀[0m[38;2;216;86;86m[48;2;187;42;42m▀[0m[38;2;222;109;109m[48;2;211;63;63m▀[0m[38;2;220;104;104m[48;2;221;108;108m▀[0m[38;2;220;102;102m[48;2;221;108;108m▀[0m[38;2;221;107;107m[48;2;221;106;106m▀[0m[38;2;220;103;103m[48;2;220;107;107m▀[0m[38;2;221;109;109m[48;2;222;113;113m▀[0m[38;2;220;106;106m[48;2;221;109;109m▀[0m[38;2;221;106;106m[48;2;221;105;105m▀[0m[38;2;222;111;111m[48;2;222;111;111m▀[0m[38;2;221;105;105m[48;2;221;108;108m▀[0m[38;2;220;102;102m[48;2;221;109;109m▀[0m[38;2;221;109;109m[48;2;221;108;108m▀[0m[38;2;219;96;96m[48;2;212;68;68m▀[0m[38;2;217;88;88m[48;2;211;65;65m▀[0m   
        [38;2;148;235;221m▄[0m[38;2;140;229;215m▄[0m[38;2;11;25;23m▄[0m[38;2;147;234;221m▄[0m[38;2;31;61;54m[48;2;147;234;221m▀[0m[38;2;138;227;213m[48;2;138;227;213m▀[0m[38;2;138;227;213m[48;2;138;227;213m▀[0m[38;2;138;227;213m[48;2;138;227;213m▀[0m  [38;2;175;40;40m▀[0m[38;2;138;227;213m[48;2;138;227;213m▀[0m[38;2;138;227;213m[48;2;138;227;213m▀[0m[38;2;17;30;25m[48;2;147;234;221m▀[0m[38;2;174;39;39m[48;2;173;39;39m▀[0m[38;2;190;43;43m[48;2;174;40;40m▀[0m[38;2;195;44;44m[48;2;194;47;47m▀[0m[38;2;221;104;104m[48;2;194;44;44m▀[0m[38;2;220;103;103m[48;2;205;48;48m▀[0m[38;2;222;111;111m[48;2;219;99;99m▀[0m[38;2;220;103;103m[48;2;221;110;110m▀[0m[38;2;221;108;108m[48;2;220;103;103m▀[0m[38;2;222;112;112m[48;2;222;112;112m▀[0m[38;2;221;107;107m[48;2;221;106;106m▀[0m[38;2;221;106;106m[48;2;220;103;103m▀[0m[38;2;220;104;104m[48;2;220;102;102m▀[0m[38;2;223;114;114m[48;2;222;110;110m▀[0m[38;2;213;72;72m[48;2;222;110;110m▀[0m[38;2;213;72;72m[48;2;29;6;6m▀[0m   
        [38;2;117;206;190m▀[0m[38;2;132;221;206m[48;2;3;9;7m▀[0m[38;2;138;227;213m[48;2;117;205;189m▀[0m[38;2;155;239;225m[48;2;126;214;199m▀[0m[38;2;139;228;213m[48;2;125;214;199m▀[0m[38;2;126;207;194m[48;2;120;209;194m▀[0m[38;2;138;227;213m[48;2;117;205;189m▀[0m[38;2;132;222;207m▀[0m [38;2;151;236;223m▄[0m[38;2;32;66;59m▄[0m[38;2;147;234;221m[48;2;145;233;219m▀[0m[38;2;142;230;216m[48;2;23;48;42m▀[0m[38;2;147;234;221m[48;2;147;235;221m▀[0m[38;2;6;12;10m[48;2;98;168;156m▀[0m[38;2;171;39;39m[48;2;140;229;215m▀[0m[38;2;174;39;39m[48;2;171;38;38m▀[0m[38;2;30;7;7m[48;2;154;35;35m▀[0m[38;2;187;42;42m[48;2;0;0;0m▀[0m[38;2;191;44;44m▀[0m[38;2;190;42;42m[48;2;200;46;46m▀[0m[38;2;213;75;75m[48;2;189;43;43m▀[0m[38;2;219;99;99m[48;2;185;42;42m▀[0m[38;2;221;107;107m[48;2;185;41;41m▀[0m[38;2;222;113;113m[48;2;194;44;44m▀[0m[38;2;219;100;100m[48;2;184;42;42m▀[0m[38;2;218;94;94m▀[0m[38;2;174;42;42m▀[0m    
            [38;2;8;13;11m▀[0m    [38;2;138;227;213m[48;2;107;192;176m▀[0m[38;2;138;227;213m[48;2;128;217;202m▀[0m[38;2;34;67;61m[48;2;0;0;0m▀[0m[38;2;145;234;220m[48;2;117;205;189m▀[0m[38;2;138;227;213m[48;2;125;213;198m▀[0m[38;2;134;223;208m[48;2;2;3;2m▀[0m[38;2;138;227;213m[48;2;94;173;158m▀[0m[38;2;48;90;82m▀[0m               
                                        
