                                        
                          [38;2;243;172;117m▄[0m[38;2;0;0;0m▄[0m            
                     [38;2;244;165;122m▄[0m  [38;2;37;24;17m[48;2;237;133;93m▀[0m[38;2;239;141;95m[48;2;237;140;91m▀[0m[38;2;241;152;105m[48;2;238;142;91m▀[0m             
                     [38;2;243;170;116m[48;2;237;136;92m▀[0m[38;2;244;148;93m[48;2;238;139;91m▀[0m[38;2;237;145;90m[48;2;236;229;179m▀[0m[38;2;237;146;90m[48;2;237;147;90m▀[0m[38;2;238;138;92m[48;2;237;144;90m▀[0m[38;2;1;1;1m[48;2;238;137;91m▀[0m[38;2;237;133;93m▄[0m[38;2;70;39;27m[48;2;238;136;92m▀[0m[38;2;222;137;87m[48;2;221;121;80m▀[0m[38;2;202;128;86m▀[0m         
    [38;2;0;0;0m▄[0m[38;2;79;70;47m▄[0m[38;2;254;236;187m[48;2;240;213;139m▀[0m[38;2;254;236;190m▄[0m[38;2;254;239;192m▄[0m           [38;2;254;236;189m▄[0m[38;2;254;236;189m▄[0m[38;2;185;171;114m[48;2;247;222;147m▀[0m[38;2;232;208;135m[48;2;245;219;145m▀[0m[38;2;251;228;151m[48;2;10;9;6m▀[0m[38;2;237;143;90m▀[0m[38;2;238;136;92m▀[0m[38;2;232;134;87m▀[0m            
  [38;2;62;60;59m▀[0m[38;2;103;101;98m▀[0m[38;2;242;239;232m▀[0m[38;2;242;239;232m[48;2;2;2;2m▀[0m[38;2;243;240;233m[48;2;199;197;190m▀[0m[38;2;183;182;178m[48;2;140;139;135m▀[0m[38;2;253;236;190m[48;2;236;228;185m▀[0m[38;2;254;236;189m[48;2;254;236;190m▀[0m[38;2;9;7;6m[48;2;254;236;189m▀[0m[38;2;254;234;175m▄[0m      [38;2;254;238;190m▄[0m[38;2;254;246;227m[48;2;253;236;188m▀[0m[38;2;254;236;190m[48;2;254;236;190m▀[0m[38;2;254;236;190m[48;2;254;236;188m▀[0m[38;2;248;223;148m[48;2;251;227;150m▀[0m[38;2;245;220;145m[48;2;245;220;145m▀[0m[38;2;245;220;146m[48;2;245;220;145m▀[0m[38;2;14;12;10m▄[0m              
    [38;2;19;18;18m▀[0m[38;2;27;27;26m▀[0m[38;2;151;150;148m▀[0m[38;2;221;217;211m[48;2;232;206;132m▀[0m[38;2;228;223;218m[48;2;254;236;185m▀[0m[38;2;253;236;190m[48;2;253;236;191m▀[0m[38;2;254;236;190m[48;2;254;236;190m▀[0m[38;2;253;236;189m[48;2;254;236;189m▀[0m[38;2;253;232;162m[48;2;253;236;190m▀[0m[38;2;253;232;159m[48;2;253;231;160m▀[0m[38;2;253;231;160m▄[0m[38;2;174;164;115m▄[0m  [38;2;255;247;198m[48;2;132;121;83m▀[0m[38;2;253;236;188m[48;2;247;221;147m▀[0m[38;2;253;235;185m[48;2;246;220;145m▀[0m[38;2;250;227;152m[48;2;212;189;124m▀[0m[38;2;225;144;112m[48;2;181;115;90m▀[0m[38;2;245;219;145m[48;2;245;219;145m▀[0m[38;2;245;219;145m[48;2;245;219;145m▀[0m[38;2;205;187;124m[48;2;0;0;0m▀[0m              
       [38;2;75;73;71m▄[0m[38;2;230;205;131m[48;2;249;247;243m▀[0m[38;2;36;33;31m▄[0m[38;2;64;58;41m▀[0m[38;2;253;232;165m▀[0m[38;2;253;236;190m▀[0m[38;2;253;236;190m[48;2;253;232;161m▀[0m[38;2;253;232;160m[48;2;253;232;161m▀[0m[38;2;253;231;159m[48;2;253;232;160m▀[0m[38;2;253;232;160m[48;2;252;231;159m▀[0m[38;2;253;232;160m▄[0m[38;2;219;145;118m[48;2;40;36;25m▀[0m[38;2;237;157;130m[48;2;252;230;162m▀[0m[38;2;230;146;114m[48;2;245;219;146m▀[0m[38;2;245;219;145m[48;2;245;220;145m▀[0m[38;2;160;119;109m[48;2;245;220;145m▀[0m[38;2;245;220;145m[48;2;245;219;145m▀[0m[38;2;245;220;145m[48;2;245;220;145m▀[0m               
        [38;2;85;81;78m▀[0m[38;2;122;112;102m[48;2;161;149;136m▀[0m [38;2;237;236;230m[48;2;157;155;151m▀[0m[38;2;56;54;52m▄[0m  [38;2;254;233;160m▀[0m[38;2;253;232;160m▀[0m[38;2;253;231;160m[48;2;32;29;20m▀[0m[38;2;253;231;160m[48;2;254;234;161m▀[0m[38;2;253;231;160m[48;2;253;231;159m▀[0m[38;2;248;223;149m[48;2;251;227;154m▀[0m[38;2;245;219;145m[48;2;245;219;145m▀[0m[38;2;245;220;145m[48;2;245;220;145m▀[0m[38;2;245;220;145m[48;2;245;220;145m▀[0m[38;2;223;209;138m▀[0m               
     [38;2;250;247;240m▀[0m[38;2;211;207;202m▀[0m[38;2;159;147;135m[48;2;191;183;177m▀[0m[38;2;148;139;129m▄[0m[38;2;190;179;168m[48;2;197;191;184m▀[0m[38;2;160;148;137m[48;2;145;136;127m▀[0m[38;2;196;188;181m[48;2;196;189;182m▀[0m[38;2;147;138;128m[48;2;149;141;131m▀[0m[38;2;243;171;120m▄[0m[38;2;243;173;120m▄[0m[38;2;117;109;77m[48;2;245;242;169m▀[0m[38;2;244;218;143m[48;2;252;229;156m▀[0m[38;2;253;231;160m▄[0m[38;2;253;231;159m[48;2;253;232;159m▀[0m[38;2;253;232;160m[48;2;252;251;174m▀[0m[38;2;250;225;151m[48;2;251;226;152m▀[0m[38;2;245;220;145m[48;2;245;219;146m▀[0m[38;2;245;219;145m[48;2;245;220;146m▀[0m[38;2;245;220;145m[48;2;247;222;147m▀[0m[38;2;241;214;140m▄[0m[38;2;253;228;149m▄[0m              
        [38;2;146;137;127m[48;2;42;39;37m▀[0m[38;2;137;128;120m[48;2;146;136;127m▀[0m[38;2;145;137;128m[48;2;145;137;128m▀[0m[38;2;172;160;147m[48;2;146;137;128m▀[0m[38;2;66;45;29m[48;2;40;38;37m▀[0m[38;2;243;170;121m[48;2;178;169;160m▀[0m[38;2;243;169;120m[48;2;240;162;105m▀[0m[38;2;243;169;121m[48;2;244;162;122m▀[0m[38;2;255;241;166m[48;2;229;119;84m▀[0m[38;2;253;231;160m[48;2;253;231;159m▀[0m[38;2;252;230;157m[48;2;243;217;143m▀[0m[38;2;66;65;45m[48;2;51;25;14m▀[0m[38;2;237;137;91m[48;2;237;140;91m▀[0m[38;2;237;145;90m[48;2;250;234;165m▀[0m[38;2;245;220;145m[48;2;245;219;145m▀[0m[38;2;176;158;105m▀[0m[38;2;248;224;146m▀[0m[38;2;241;215;140m▀[0m[38;2;246;219;146m[48;2;241;215;140m▀[0m[38;2;241;215;141m[48;2;251;227;153m▀[0m[38;2;251;251;196m[48;2;253;232;160m▀[0m[38;2;253;232;160m▄[0m[38;2;254;235;185m▄[0m[38;2;0;0;0m▄[0m        
        [38;2;39;24;21m[48;2;21;14;10m▀[0m[38;2;146;137;128m[48;2;155;144;135m▀[0m[38;2;145;136;128m[48;2;145;136;127m▀[0m[38;2;146;136;127m[48;2;146;136;127m▀[0m[38;2;148;139;129m[48;2;128;121;113m▀[0m[38;2;146;136;127m[48;2;148;138;129m▀[0m[38;2;130;80;51m[48;2;206;123;74m▀[0m[38;2;240;161;105m[48;2;228;133;82m▀[0m[38;2;228;129;83m[48;2;228;133;83m▀[0m[38;2;97;93;70m[48;2;233;126;84m▀[0m[38;2;77;47;27m[48;2;238;137;92m▀[0m[38;2;18;12;9m[48;2;237;139;91m▀[0m[38;2;194;117;74m[48;2;237;145;91m▀[0m[38;2;247;223;148m[48;2;254;241;185m▀[0m[38;2;244;219;144m[48;2;243;217;143m▀[0m[38;2;248;221;144m▄[0m   [38;2;241;214;140m▀[0m[38;2;253;231;159m[48;2;233;210;138m▀[0m[38;2;253;231;159m[48;2;253;232;159m▀[0m[38;2;253;231;159m[48;2;253;232;160m▀[0m[38;2;253;231;160m[48;2;253;232;160m▀[0m[38;2;253;236;187m[48;2;253;232;160m▀[0m[38;2;189;176;142m[48;2;253;232;160m▀[0m[38;2;253;232;160m▄[0m     
         [38;2;229;125;84m[48;2;216;134;92m▀[0m[38;2;166;154;142m[48;2;198;116;72m▀[0m[38;2;146;136;127m[48;2;149;139;130m▀[0m[38;2;152;141;132m[48;2;165;152;141m▀[0m[38;2;158;148;138m[48;2;226;138;82m▀[0m[38;2;229;123;83m[48;2;227;134;83m▀[0m[38;2;228;132;82m[48;2;229;122;83m▀[0m[38;2;228;133;83m[48;2;229;125;83m▀[0m[38;2;227;133;82m[48;2;227;139;82m▀[0m[38;2;230;132;84m[48;2;227;135;82m▀[0m[38;2;229;119;84m[48;2;228;134;82m▀[0m[38;2;227;126;82m[48;2;246;137;89m▀[0m[38;2;242;215;141m[48;2;230;127;82m▀[0m[38;2;241;214;140m[48;2;241;215;140m▀[0m[38;2;241;215;140m[48;2;241;214;140m▀[0m[38;2;246;224;146m[48;2;76;67;44m▀[0m[38;2;6;5;3m▀[0m    [38;2;253;232;160m▀[0m[38;2;253;231;160m[48;2;205;199;138m▀[0m[38;2;253;232;160m[48;2;253;231;160m▀[0m[38;2;253;231;160m[48;2;253;232;160m▀[0m[38;2;253;232;160m[48;2;253;231;159m▀[0m[38;2;0;0;0m[48;2;228;226;218m▀[0m    
          [38;2;209;201;193m[48;2;244;241;234m▀[0m[38;2;161;149;135m▀[0m[38;2;235;131;85m▀[0m[38;2;228;128;83m[48;2;188;131;106m▀[0m[38;2;228;132;83m[48;2;180;125;102m▀[0m[38;2;229;135;83m[48;2;182;125;102m▀[0m[38;2;227;135;82m[48;2;189;131;106m▀[0m[38;2;228;129;83m[48;2;22;13;9m▀[0m[38;2;227;136;82m[48;2;203;121;76m▀[0m[38;2;227;137;82m[48;2;226;137;82m▀[0m[38;2;239;130;86m[48;2;226;137;82m▀[0m[38;2;229;120;84m[48;2;232;138;86m▀[0m[38;2;131;81;49m[48;2;244;161;122m▀[0m[38;2;240;215;140m[48;2;243;172;121m▀[0m[38;2;15;10;8m▄[0m        [38;2;245;232;160m▀[0m[38;2;253;232;160m[48;2;91;82;58m▀[0m[38;2;246;244;238m[48;2;219;217;211m▀[0m[38;2;232;228;222m[48;2;254;253;245m▀[0m[38;2;242;238;232m▄[0m  
            [38;2;190;127;101m[48;2;25;17;14m▀[0m[38;2;180;124;101m▀[0m[38;2;179;125;101m▀[0m[38;2;83;59;48m▀[0m [38;2;228;131;83m[48;2;228;126;83m▀[0m[38;2;228;133;82m[48;2;228;130;83m▀[0m[38;2;228;132;83m[48;2;228;130;84m▀[0m[38;2;228;131;83m[48;2;228;128;84m▀[0m[38;2;230;132;85m[48;2;227;137;83m▀[0m[38;2;243;169;121m[48;2;243;167;120m▀[0m[38;2;243;172;120m[48;2;243;170;121m▀[0m[38;2;32;21;14m▀[0m           [38;2;1;1;1m▀[0m   
             [38;2;90;89;86m▀[0m[38;2;51;48;45m▀[0m[38;2;153;144;133m[48;2;185;177;170m▀[0m[38;2;188;182;176m▄[0m[38;2;71;68;65m[48;2;146;136;127m▀[0m[38;2;228;127;83m[48;2;101;95;88m▀[0m[38;2;227;135;83m[48;2;228;124;83m▀[0m[38;2;226;139;82m[48;2;228;134;82m▀[0m[38;2;227;133;83m[48;2;229;126;85m▀[0m[38;2;243;164;118m[48;2;58;36;22m▀[0m[38;2;251;178;125m▀[0m                
              [38;2;27;26;25m[48;2;201;193;185m▀[0m[38;2;188;182;175m[48;2;161;149;137m▀[0m[38;2;78;73;69m[48;2;146;136;127m▀[0m[38;2;149;139;130m▄[0m                      
             [38;2;180;163;145m[48;2;115;114;111m▀[0m[38;2;218;208;200m[48;2;49;49;47m▀[0m[38;2;164;151;139m▀[0m[38;2;154;143;133m[48;2;167;154;141m▀[0m[38;2;152;143;133m[48;2;209;198;186m▀[0m[38;2;183;175;168m[48;2;206;197;188m▀[0m[38;2;143;137;133m[48;2;102;101;99m▀[0m[38;2;225;222;216m▄[0m                   
             [38;2;61;60;59m▀[0m    [38;2;118;117;115m▀[0m[38;2;242;239;232m▀[0m                    
                                        
