                                        
                   [38;2;253;243;216m▄[0m[38;2;32;30;27m[48;2;253;243;216m▀[0m[38;2;42;41;36m[48;2;67;64;57m▀[0m[38;2;253;243;217m▄[0m[38;2;1;1;1m▄[0m [38;2;116;92;88m▄[0m              
                [38;2;253;244;216m▄[0m[38;2;213;210;189m[48;2;253;243;216m▀[0m[38;2;253;243;216m[48;2;246;236;207m▀[0m[38;2;253;243;216m[48;2;240;226;199m▀[0m[38;2;29;28;25m[48;2;240;226;198m▀[0m[38;2;249;240;211m[48;2;218;112;95m▀[0m[38;2;142;77;68m[48;2;73;58;52m▀[0m[38;2;240;226;198m[48;2;240;226;199m▀[0m[38;2;9;9;8m▄[0m               
             [38;2;195;192;173m▄[0m[38;2;251;241;213m▄[0m[38;2;253;243;216m[48;2;240;226;198m▀[0m[38;2;244;232;203m[48;2;240;226;199m▀[0m[38;2;240;226;198m[48;2;240;226;198m▀[0m[38;2;240;226;199m[48;2;240;226;198m▀[0m[38;2;240;227;199m[48;2;240;226;199m▀[0m[38;2;247;151;135m[48;2;240;226;198m▀[0m[38;2;228;145;131m[48;2;165;79;63m▀[0m[38;2;93;171;206m[48;2;228;145;131m▀[0m[38;2;225;100;81m[48;2;234;166;154m▀[0m[38;2;215;94;76m[48;2;78;35;29m▀[0m               
           [38;2;250;240;212m▄[0m[38;2;253;243;216m[48;2;240;226;199m▀[0m[38;2;240;226;198m[48;2;221;206;180m▀[0m[38;2;240;226;198m[48;2;222;209;183m▀[0m[38;2;237;224;197m[48;2;240;226;198m▀[0m[38;2;240;226;198m[48;2;232;147;131m▀[0m[38;2;207;196;172m[48;2;223;141;126m▀[0m[38;2;240;226;199m[48;2;197;89;71m▀[0m[38;2;240;226;198m[48;2;242;227;199m▀[0m[38;2;220;205;179m[48;2;219;205;178m▀[0m[38;2;223;140;124m[48;2;107;54;41m▀[0m[38;2;142;71;54m[48;2;211;93;73m▀[0m[38;2;236;173;163m▀[0m                
        [38;2;63;61;53m▄[0m[38;2;240;226;199m▄[0m[38;2;240;226;199m[48;2;179;173;152m▀[0m[38;2;242;228;200m[48;2;221;206;180m▀[0m[38;2;90;83;73m[48;2;191;89;70m▀[0m[38;2;23;10;8m[48;2;187;87;69m▀[0m[38;2;216;114;97m[48;2;187;86;69m▀[0m[38;2;203;88;69m[48;2;13;15;13m▀[0m[38;2;188;87;69m[48;2;219;203;176m▀[0m[38;2;187;86;69m[48;2;221;206;179m▀[0m[38;2;187;87;68m[48;2;187;86;69m▀[0m[38;2;201;92;73m[48;2;227;222;195m▀[0m[38;2;219;205;178m[48;2;219;205;178m▀[0m[38;2;176;163;142m[48;2;219;205;178m▀[0m[38;2;164;81;61m[48;2;232;217;190m▀[0m                 
       [38;2;10;10;9m[48;2;241;227;198m▀[0m[38;2;240;226;198m[48;2;157;153;136m▀[0m[38;2;25;24;21m[48;2;221;206;179m▀[0m[38;2;221;206;179m[48;2;25;24;22m▀[0m[38;2;248;156;139m[48;2;168;152;139m▀[0m[38;2;219;118;99m[48;2;34;33;30m▀[0m[38;2;217;202;174m[48;2;217;202;175m▀[0m[38;2;119;110;97m[48;2;215;200;173m▀[0m[38;2;215;200;174m▀[0m[38;2;233;228;202m▀[0m[38;2;221;206;179m[48;2;247;236;208m▀[0m[38;2;220;206;179m[48;2;253;243;216m▀[0m[38;2;253;243;216m[48;2;253;243;216m▀[0m[38;2;220;206;180m[48;2;253;243;216m▀[0m[38;2;217;187;119m[48;2;251;224;127m▀[0m[38;2;240;226;199m[48;2;221;190;121m▀[0m[38;2;243;229;201m[48;2;221;206;179m▀[0m                
       [38;2;43;41;36m[48;2;224;209;182m▀[0m[38;2;220;206;179m[48;2;199;193;186m▀[0m[38;2;219;205;178m[48;2;191;180;173m▀[0m[38;2;77;73;69m[48;2;169;154;141m▀[0m[38;2;167;150;137m[48;2;5;5;4m▀[0m[38;2;214;199;174m▀[0m[38;2;96;90;78m▀[0m  [38;2;232;230;208m▀[0m[38;2;232;221;194m▀[0m[38;2;255;248;221m[48;2;190;179;159m▀[0m[38;2;253;243;216m[48;2;184;172;154m▀[0m[38;2;41;40;35m[48;2;80;32;26m▀[0m[38;2;213;94;74m[48;2;209;92;73m▀[0m[38;2;246;219;129m[48;2;209;92;73m▀[0m[38;2;195;91;71m▄[0m  [38;2;116;57;45m▄[0m[38;2;188;86;68m▄[0m[38;2;187;87;68m▄[0m[38;2;187;86;69m▄[0m[38;2;185;86;68m[48;2;187;87;68m▀[0m[38;2;189;87;69m[48;2;187;86;69m▀[0m[38;2;192;89;71m▄[0m       
       [38;2;177;163;151m[48;2;123;116;113m▀[0m[38;2;162;150;138m▀[0m[38;2;169;153;140m[48;2;179;167;156m▀[0m[38;2;168;152;138m[48;2;0;0;0m▀[0m[38;2;157;143;132m[48;2;157;143;133m▀[0m   [38;2;68;31;25m▄[0m [38;2;18;9;7m▄[0m[38;2;184;173;153m[48;2;102;50;41m▀[0m[38;2;184;173;153m[48;2;91;58;52m▀[0m[38;2;219;105;87m[48;2;226;143;127m▀[0m[38;2;209;92;73m[48;2;209;96;77m▀[0m[38;2;198;89;71m[48;2;187;86;69m▀[0m[38;2;187;86;69m[48;2;188;87;69m▀[0m[38;2;188;87;68m[48;2;190;87;70m▀[0m[38;2;186;86;68m[48;2;187;86;69m▀[0m[38;2;187;86;69m[48;2;188;87;69m▀[0m[38;2;187;86;69m[48;2;189;87;69m▀[0m[38;2;187;87;69m[48;2;187;85;67m▀[0m[38;2;188;86;68m[48;2;227;144;127m▀[0m[38;2;200;95;75m[48;2;209;101;82m▀[0m[38;2;187;87;68m[48;2;187;86;69m▀[0m[38;2;187;86;69m[48;2;188;87;69m▀[0m       
        [38;2;41;39;37m▀[0m[38;2;121;111;101m▀[0m [38;2;1;1;1m▀[0m    [38;2;174;83;64m▀[0m[38;2;188;87;69m[48;2;21;11;9m▀[0m[38;2;191;89;69m[48;2;225;142;127m▀[0m[38;2;226;144;127m[48;2;226;144;128m▀[0m[38;2;225;142;127m[48;2;226;143;128m▀[0m[38;2;209;92;73m[48;2;187;87;68m▀[0m[38;2;189;88;70m[48;2;187;86;69m▀[0m[38;2;186;86;68m[48;2;187;87;68m▀[0m[38;2;185;86;68m[48;2;188;86;69m▀[0m[38;2;210;94;73m[48;2;98;47;37m▀[0m[38;2;187;87;68m[48;2;192;90;71m▀[0m[38;2;90;47;39m[48;2;224;143;126m▀[0m[38;2;224;142;127m[48;2;245;159;141m▀[0m[38;2;224;142;127m[48;2;225;142;126m▀[0m[38;2;222;134;118m[48;2;206;91;72m▀[0m[38;2;187;86;69m[48;2;218;187;119m▀[0m[38;2;186;86;69m[48;2;187;86;69m▀[0m[38;2;0;0;0m▀[0m      
                 [38;2;130;84;74m[48;2;227;144;128m▀[0m[38;2;225;142;127m[48;2;227;145;128m▀[0m[38;2;224;142;126m[48;2;224;142;127m▀[0m[38;2;221;119;101m[48;2;199;89;71m▀[0m[38;2;189;88;69m[48;2;186;87;68m▀[0m[38;2;189;88;70m[48;2;186;87;68m▀[0m[38;2;190;87;68m▀[0m[38;2;54;24;19m[48;2;195;89;70m▀[0m[38;2;117;105;56m▄[0m[38;2;255;232;133m[48;2;251;223;128m▀[0m[38;2;251;244;140m[48;2;251;222;125m▀[0m[38;2;223;205;115m[48;2;251;222;126m▀[0m[38;2;232;218;128m[48;2;221;191;122m▀[0m[38;2;221;190;121m[48;2;218;188;120m▀[0m[38;2;218;187;120m[48;2;216;186;120m▀[0m[38;2;174;81;65m▀[0m       
               [38;2;1;1;1m▄[0m[38;2;224;142;126m[48;2;225;143;126m▀[0m[38;2;227;145;128m[48;2;224;142;127m▀[0m[38;2;227;144;128m[48;2;223;141;126m▀[0m[38;2;212;100;81m[48;2;189;87;69m▀[0m[38;2;187;86;69m[48;2;190;87;69m▀[0m[38;2;186;86;68m[48;2;72;34;27m▀[0m[38;2;107;109;113m▀[0m[38;2;253;228;142m▄[0m[38;2;60;60;62m[48;2;251;223;126m▀[0m[38;2;251;223;127m[48;2;251;224;127m▀[0m[38;2;251;224;128m[48;2;240;207;125m▀[0m[38;2;251;224;126m[48;2;244;211;126m▀[0m[38;2;232;200;125m[48;2;218;188;120m▀[0m[38;2;219;188;120m[48;2;219;188;121m▀[0m[38;2;220;189;120m[48;2;218;188;119m▀[0m[38;2;11;11;6m▀[0m        
              [38;2;224;143;127m▄[0m[38;2;224;142;126m[48;2;225;142;126m▀[0m[38;2;224;142;126m[48;2;224;142;126m▀[0m[38;2;223;142;126m[48;2;224;140;123m▀[0m[38;2;212;93;73m[48;2;187;86;69m▀[0m[38;2;187;87;68m[48;2;187;86;69m▀[0m[38;2;186;86;68m▀[0m [38;2;254;233;144m▄[0m[38;2;251;223;126m[48;2;248;227;129m▀[0m[38;2;251;224;128m[48;2;220;191;121m▀[0m[38;2;219;189;120m[48;2;221;191;121m▀[0m[38;2;225;193;123m[48;2;218;187;119m▀[0m[38;2;219;187;120m[48;2;218;188;120m▀[0m[38;2;217;186;119m[48;2;218;188;120m▀[0m[38;2;219;188;121m▀[0m          
             [38;2;225;143;128m▄[0m[38;2;224;142;126m[48;2;251;224;127m▀[0m[38;2;224;142;126m[48;2;236;149;133m▀[0m[38;2;224;142;126m[48;2;235;202;125m▀[0m[38;2;219;192;135m[48;2;184;160;101m▀[0m[38;2;187;87;69m[48;2;187;86;69m▀[0m[38;2;188;88;70m▀[0m   [38;2;185;160;102m▀[0m[38;2;222;191;121m[48;2;252;224;127m▀[0m[38;2;239;205;125m[48;2;219;187;120m▀[0m[38;2;217;186;119m[48;2;223;192;123m▀[0m[38;2;226;194;122m[48;2;236;202;125m▀[0m[38;2;220;189;121m[48;2;253;218;138m▀[0m[38;2;0;0;0m▄[0m          
            [38;2;172;152;87m[48;2;251;223;126m▀[0m[38;2;251;223;126m[48;2;251;223;126m▀[0m[38;2;251;223;127m[48;2;250;222;124m▀[0m[38;2;250;221;126m[48;2;232;200;125m▀[0m[38;2;220;190;122m[48;2;218;188;120m▀[0m[38;2;160;74;60m[48;2;170;150;96m▀[0m[38;2;201;93;73m▀[0m     [38;2;47;41;27m▀[0m [38;2;174;178;186m▀[0m[38;2;241;208;124m▀[0m            
          [38;2;7;5;3m▄[0m[38;2;250;221;125m[48;2;251;221;125m▀[0m[38;2;251;224;128m[48;2;251;223;126m▀[0m[38;2;251;223;126m[48;2;251;221;126m▀[0m[38;2;251;222;126m[48;2;251;222;127m▀[0m[38;2;231;199;122m[48;2;220;190;121m▀[0m[38;2;219;189;120m[48;2;218;187;120m▀[0m[38;2;206;177;112m▀[0m                      
         [38;2;254;228;129m[48;2;251;224;128m▀[0m[38;2;251;223;126m[48;2;251;224;127m▀[0m[38;2;251;224;128m[48;2;251;223;127m▀[0m[38;2;251;223;127m[48;2;249;219;126m▀[0m[38;2;243;210;123m[48;2;218;187;120m▀[0m[38;2;218;187;120m[48;2;219;188;121m▀[0m[38;2;218;187;120m[48;2;219;188;120m▀[0m[38;2;19;16;9m▀[0m                       
        [38;2;245;234;142m▀[0m[38;2;251;223;126m[48;2;251;224;128m▀[0m[38;2;251;223;126m[48;2;225;192;121m▀[0m[38;2;241;206;123m[48;2;233;200;122m▀[0m[38;2;220;189;121m[48;2;236;202;122m▀[0m[38;2;218;188;120m[48;2;221;190;121m▀[0m[38;2;218;187;120m[48;2;218;187;120m▀[0m[38;2;234;201;129m▀[0m                        
        [38;2;1;1;1m▄[0m[38;2;218;187;120m▀[0m[38;2;1;1;1m▀[0m [38;2;248;220;126m[48;2;231;198;121m▀[0m[38;2;221;190;121m▀[0m[38;2;219;187;120m▀[0m                         
                                        
