                                        
             [38;2;199;227;243m▄[0m[38;2;180;223;248m[48;2;90;180;222m▀[0m[38;2;159;206;233m[48;2;86;178;222m▀[0m[38;2;146;201;231m[48;2;86;178;221m▀[0m[38;2;89;179;221m▄[0m                      
            [38;2;196;224;241m[48;2;119;189;226m▀[0m[38;2;71;137;168m[48;2;30;52;63m▀[0m[38;2;86;179;222m[48;2;85;178;222m▀[0m[38;2;89;180;222m[48;2;93;180;222m▀[0m[38;2;93;184;228m[48;2;96;189;233m▀[0m[38;2;87;179;222m[48;2;92;180;223m▀[0m[38;2;90;180;222m[48;2;85;178;222m▀[0m                     
           [38;2;94;117;130m[48;2;175;219;243m▀[0m[38;2;92;181;223m[48;2;87;178;221m▀[0m[38;2;90;189;234m[48;2;85;178;222m▀[0m[38;2;87;178;221m[48;2;92;180;222m▀[0m[38;2;92;180;222m[48;2;92;180;222m▀[0m[38;2;98;190;234m[48;2;87;170;209m▀[0m[38;2;93;180;222m[48;2;88;178;221m▀[0m[38;2;85;178;222m[48;2;85;178;222m▀[0m                     
           [38;2;168;210;234m[48;2;168;210;234m▀[0m[38;2;85;178;222m[48;2;85;179;222m▀[0m[38;2;85;178;222m[48;2;86;179;222m▀[0m[38;2;93;180;222m[48;2;92;180;222m▀[0m[38;2;93;180;222m[48;2;92;180;222m▀[0m[38;2;64;121;149m[48;2;41;75;91m▀[0m[38;2;89;179;222m[48;2;85;178;222m▀[0m[38;2;85;179;222m[48;2;85;178;222m▀[0m                     
           [38;2;168;214;238m[48;2;136;176;196m▀[0m[38;2;86;179;222m[48;2;86;178;222m▀[0m[38;2;86;178;222m[48;2;86;179;222m▀[0m[38;2;93;180;222m[48;2;85;179;223m▀[0m[38;2;92;180;222m[48;2;91;180;222m▀[0m[38;2;23;43;54m[48;2;20;39;48m▀[0m[38;2;86;178;222m[48;2;85;178;222m▀[0m[38;2;86;178;222m[48;2;86;178;222m▀[0m                     
           [38;2;0;0;0m▀[0m[38;2;85;178;222m[48;2;92;180;222m▀[0m[38;2;85;178;222m[48;2;85;178;222m▀[0m[38;2;88;176;219m[48;2;34;60;73m▀[0m[38;2;86;179;222m[48;2;85;179;222m▀[0m[38;2;31;53;64m[48;2;35;64;77m▀[0m[38;2;86;179;222m[48;2;86;179;222m▀[0m[38;2;85;179;222m[48;2;93;186;231m▀[0m                     
           [38;2;51;77;91m▄[0m[38;2;108;185;225m[48;2;121;190;226m▀[0m[38;2;86;178;222m[48;2;85;179;222m▀[0m[38;2;56;106;131m[48;2;89;185;231m▀[0m[38;2;85;178;222m[48;2;86;179;222m▀[0m[38;2;50;98;120m[48;2;81;170;212m▀[0m[38;2;85;179;222m[48;2;85;178;222m▀[0m[38;2;5;6;6m[48;2;85;178;222m▀[0m[38;2;93;189;234m▄[0m                    
         [38;2;167;212;235m▄[0m[38;2;124;192;227m[48;2;165;211;235m▀[0m[38;2;123;191;226m[48;2;123;192;227m▀[0m[38;2;128;200;238m[48;2;49;74;88m▀[0m[38;2;85;178;222m[48;2;89;180;222m▀[0m[38;2;86;178;222m[48;2;85;178;222m▀[0m[38;2;85;178;222m[48;2;85;178;222m▀[0m[38;2;85;179;222m[48;2;85;178;222m▀[0m[38;2;85;178;222m[48;2;86;178;222m▀[0m[38;2;86;179;222m[48;2;85;178;222m▀[0m[38;2;85;178;222m[48;2;86;178;222m▀[0m[38;2;85;179;222m[48;2;86;179;222m▀[0m[38;2;0;0;0m[48;2;89;179;222m▀[0m[38;2;0;0;0m▄[0m                 
       [38;2;108;184;224m▄[0m[38;2;124;192;227m[48;2;124;192;227m▀[0m[38;2;168;212;236m[48;2;123;192;227m▀[0m[38;2;125;194;228m[48;2;124;192;227m▀[0m[38;2;124;192;227m[48;2;123;191;227m▀[0m[38;2;124;192;227m[48;2;123;192;227m▀[0m[38;2;103;184;225m[48;2;123;192;227m▀[0m[38;2;85;179;222m[48;2;98;183;224m▀[0m[38;2;85;178;222m[48;2;85;179;222m▀[0m[38;2;85;178;222m[48;2;86;179;222m▀[0m[38;2;86;178;222m[48;2;85;178;222m▀[0m[38;2;86;178;222m[48;2;86;179;222m▀[0m[38;2;85;178;222m[48;2;85;178;222m▀[0m[38;2;86;178;222m[48;2;85;178;221m▀[0m[38;2;87;179;222m[48;2;100;183;223m▀[0m[38;2;96;182;223m[48;2;101;182;223m▀[0m[38;2;106;195;239m▄[0m         [38;2;250;250;250m▄[0m[38;2;222;229;243m▄[0m[38;2;223;229;242m▄[0m[38;2;223;229;242m▄[0m   
      [38;2;0;0;0m[48;2;87;182;226m▀[0m[38;2;100;183;224m[48;2;85;178;222m▀[0m[38;2;123;192;227m[48;2;114;188;226m▀[0m[38;2;123;192;227m[48;2;123;191;227m▀[0m[38;2;124;192;227m[48;2;183;181;185m▀[0m[38;2;123;192;227m[48;2;123;191;226m▀[0m[38;2;123;192;227m[48;2;123;191;227m▀[0m[38;2;123;192;227m[48;2;123;192;227m▀[0m[38;2;117;188;226m[48;2;123;192;227m▀[0m[38;2;114;188;226m[48;2;123;192;227m▀[0m[38;2;91;180;222m[48;2;86;179;222m▀[0m[38;2;86;178;222m[48;2;86;179;222m▀[0m[38;2;85;178;222m[48;2;86;179;222m▀[0m[38;2;85;178;222m[48;2;85;178;222m▀[0m[38;2;86;178;221m[48;2;86;179;222m▀[0m[38;2;90;180;222m[48;2;53;105;130m▀[0m[38;2;101;182;223m[48;2;233;155;67m▀[0m[38;2;106;185;225m[48;2;235;156;66m▀[0m[38;2;11;18;23m▄[0m     [38;2;224;229;242m▄[0m[38;2;164;163;164m[48;2;224;229;242m▀[0m[38;2;224;230;243m[48;2;224;230;242m▀[0m[38;2;223;229;242m[48;2;223;229;242m▀[0m[38;2;224;229;242m[48;2;223;229;242m▀[0m[38;2;223;229;242m[48;2;224;229;242m▀[0m[38;2;223;229;242m[48;2;223;229;242m▀[0m   
   [38;2;246;173;95m[48;2;122;82;40m▀[0m[38;2;237;159;64m▄[0m[38;2;239;155;64m▄[0m[38;2;239;162;73m[48;2;236;169;100m▀[0m[38;2;86;178;222m[48;2;155;103;44m▀[0m[38;2;89;179;222m[48;2;86;179;222m▀[0m[38;2;106;188;230m[48;2;89;186;231m▀[0m[38;2;11;11;11m[48;2;88;76;66m▀[0m[38;2;130;202;239m[48;2;96;181;223m▀[0m[38;2;123;192;227m[48;2;97;182;224m▀[0m[38;2;124;192;227m[48;2;95;182;223m▀[0m[38;2;123;191;227m[48;2;89;180;222m▀[0m[38;2;95;156;187m[48;2;1;1;1m▀[0m[38;2;255;255;255m[48;2;3;3;3m▀[0m[38;2;85;178;222m[48;2;85;179;222m▀[0m[38;2;85;178;222m[48;2;86;179;222m▀[0m[38;2;85;178;222m[48;2;40;82;105m▀[0m[38;2;107;70;32m[48;2;241;177;102m▀[0m[38;2;241;176;101m[48;2;233;172;114m▀[0m[38;2;238;175;110m[48;2;239;177;111m▀[0m[38;2;236;166;95m[48;2;240;171;97m▀[0m[38;2;238;161;72m[48;2;244;165;73m▀[0m  [38;2;184;136;87m▄[0m[38;2;224;229;242m▄[0m[38;2;223;229;242m[48;2;224;229;242m▀[0m[38;2;224;229;242m[48;2;224;230;242m▀[0m[38;2;224;229;242m[48;2;224;230;242m▀[0m[38;2;223;229;242m[48;2;55;57;60m▀[0m[38;2;223;229;242m[48;2;224;230;242m▀[0m[38;2;125;128;134m[48;2;223;230;243m▀[0m[38;2;224;229;242m[48;2;224;229;242m▀[0m[38;2;228;234;247m[48;2;3;3;3m▀[0m   
    [38;2;237;158;65m[48;2;238;159;64m▀[0m[38;2;237;159;65m[48;2;234;156;67m▀[0m[38;2;241;173;96m[48;2;236;167;96m▀[0m[38;2;235;157;66m[48;2;234;155;68m▀[0m[38;2;86;178;222m[48;2;29;27;22m▀[0m[38;2;85;178;222m[48;2;87;178;221m▀[0m[38;2;88;185;230m[48;2;85;179;222m▀[0m[38;2;86;179;222m[48;2;83;175;218m▀[0m[38;2;85;179;222m[48;2;85;178;222m▀[0m[38;2;85;178;222m[48;2;89;179;221m▀[0m[38;2;91;179;222m[48;2;86;179;222m▀[0m[38;2;97;196;243m[48;2;85;179;222m▀[0m[38;2;114;102;92m[48;2;85;178;222m▀[0m[38;2;86;179;222m[48;2;86;178;222m▀[0m[38;2;85;178;222m[48;2;137;92;41m▀[0m[38;2;242;171;94m[48;2;239;165;85m▀[0m[38;2;241;173;97m[48;2;240;170;93m▀[0m[38;2;235;172;109m[48;2;240;170;94m▀[0m[38;2;240;170;95m[48;2;237;158;64m▀[0m[38;2;239;159;65m[48;2;238;159;64m▀[0m[38;2;233;154;67m[48;2;231;154;68m▀[0m[38;2;234;156;66m[48;2;235;157;67m▀[0m[38;2;239;161;72m[48;2;219;139;65m▀[0m[38;2;3;2;1m[48;2;224;229;242m▀[0m[38;2;224;229;242m[48;2;224;229;242m▀[0m[38;2;223;229;242m[48;2;227;231;235m▀[0m[38;2;223;229;242m[48;2;224;229;242m▀[0m[38;2;224;230;243m[48;2;224;229;242m▀[0m[38;2;224;230;242m[48;2;223;229;242m▀[0m[38;2;224;229;243m[48;2;223;229;242m▀[0m[38;2;223;230;243m[48;2;224;229;242m▀[0m[38;2;223;229;242m[48;2;0;0;0m▀[0m    
   [38;2;240;191;147m▄[0m[38;2;233;155;69m[48;2;232;155;68m▀[0m[38;2;231;154;68m[48;2;235;157;66m▀[0m[38;2;235;158;64m[48;2;235;157;70m▀[0m[38;2;236;157;66m[48;2;236;158;67m▀[0m[38;2;238;159;64m[48;2;237;158;65m▀[0m[38;2;86;179;223m[48;2;223;229;242m▀[0m[38;2;87;180;224m[48;2;224;230;242m▀[0m[38;2;85;179;223m[48;2;223;229;242m▀[0m[38;2;86;178;222m[48;2;223;229;242m▀[0m[38;2;88;178;222m[48;2;224;229;243m▀[0m[38;2;85;179;222m[48;2;232;239;253m▀[0m[38;2;85;178;222m[48;2;5;5;6m▀[0m[38;2;85;178;222m[48;2;88;185;230m▀[0m[38;2;85;178;222m[48;2;92;182;224m▀[0m[38;2;233;157;76m[48;2;237;158;65m▀[0m[38;2;235;157;71m[48;2;236;158;66m▀[0m[38;2;232;155;70m[48;2;237;158;64m▀[0m[38;2;237;160;65m[48;2;235;158;74m▀[0m[38;2;231;156;76m[48;2;231;154;71m▀[0m[38;2;237;159;66m[48;2;232;154;68m▀[0m[38;2;237;159;64m[48;2;231;153;69m▀[0m[38;2;237;158;64m[48;2;237;159;64m▀[0m[38;2;230;236;249m[48;2;227;151;69m▀[0m[38;2;223;229;242m[48;2;218;227;245m▀[0m[38;2;154;158;165m[48;2;224;229;242m▀[0m[38;2;224;230;242m[48;2;224;229;242m▀[0m[38;2;223;229;242m[48;2;223;229;242m▀[0m[38;2;224;229;242m[48;2;223;229;242m▀[0m[38;2;223;230;243m[48;2;223;229;242m▀[0m[38;2;224;230;243m[48;2;223;229;242m▀[0m[38;2;223;229;242m▀[0m     
      [38;2;238;159;66m[48;2;236;159;70m▀[0m[38;2;217;138;64m[48;2;8;6;4m▀[0m[38;2;213;136;67m▀[0m[38;2;116;122;132m[48;2;125;82;44m▀[0m[38;2;223;229;242m[48;2;203;211;231m▀[0m[38;2;223;229;242m[48;2;215;222;237m▀[0m[38;2;223;229;242m[48;2;224;229;242m▀[0m[38;2;224;230;242m[48;2;224;229;242m▀[0m[38;2;224;230;242m[48;2;224;230;242m▀[0m[38;2;224;230;243m[48;2;224;229;243m▀[0m[38;2;224;229;242m[48;2;223;229;243m▀[0m[38;2;225;231;245m[48;2;224;230;243m▀[0m[38;2;237;159;64m[48;2;236;158;72m▀[0m[38;2;237;159;65m[48;2;238;163;79m▀[0m[38;2;237;159;65m[48;2;213;135;67m▀[0m[38;2;234;156;67m[48;2;119;77;42m▀[0m[38;2;236;157;65m[48;2;234;157;66m▀[0m[38;2;238;160;64m[48;2;234;156;68m▀[0m[38;2;237;159;65m[48;2;70;141;180m▀[0m[38;2;235;156;67m[48;2;73;160;207m▀[0m[38;2;238;163;79m[48;2;57;104;127m▀[0m[38;2;186;200;230m[48;2;186;199;228m▀[0m[38;2;189;202;229m[48;2;185;199;228m▀[0m[38;2;208;217;233m[48;2;185;199;228m▀[0m[38;2;223;229;242m[48;2;187;200;229m▀[0m[38;2;224;230;243m[48;2;202;211;231m▀[0m[38;2;224;229;242m[48;2;233;240;249m▀[0m[38;2;76;77;81m▀[0m      
           [38;2;148;154;167m[48;2;101;193;239m▀[0m[38;2;203;211;231m[48;2;74;165;208m▀[0m[38;2;203;211;231m[48;2;66;70;79m▀[0m[38;2;203;212;231m[48;2;186;199;228m▀[0m[38;2;203;212;231m[48;2;186;199;228m▀[0m[38;2;203;211;231m[48;2;186;199;228m▀[0m[38;2;203;212;232m[48;2;186;199;228m▀[0m[38;2;147;97;56m[48;2;77;165;208m▀[0m[38;2;78;52;29m[48;2;75;165;208m▀[0m[38;2;74;164;209m[48;2;74;164;208m▀[0m[38;2;77;164;208m[48;2;74;165;208m▀[0m[38;2;48;96;119m[48;2;74;165;208m▀[0m[38;2;241;169;92m[48;2;70;153;193m▀[0m[38;2;67;151;196m[48;2;68;151;195m▀[0m[38;2;67;151;195m[48;2;67;151;195m▀[0m[38;2;69;152;197m[48;2;69;152;196m▀[0m[38;2;186;199;228m[48;2;38;40;45m▀[0m[38;2;187;200;228m[48;2;28;29;33m▀[0m[38;2;187;199;228m[48;2;173;185;213m▀[0m[38;2;186;199;228m[48;2;187;200;229m▀[0m[38;2;194;208;238m▀[0m        
            [38;2;92;179;222m[48;2;123;192;227m▀[0m[38;2;74;165;208m[48;2;119;189;227m▀[0m[38;2;171;183;210m[48;2;81;167;210m▀[0m[38;2;186;199;228m[48;2;73;158;200m▀[0m[38;2;186;199;228m[48;2;194;208;237m▀[0m[38;2;186;199;228m[48;2;187;200;228m▀[0m[38;2;120;126;143m[48;2;189;201;230m▀[0m[38;2;74;164;208m[48;2;79;166;209m▀[0m[38;2;74;164;207m[48;2;95;179;221m▀[0m[38;2;74;164;208m[48;2;120;190;227m▀[0m[38;2;74;164;208m[48;2;93;176;218m▀[0m[38;2;75;164;208m[48;2;62;134;168m▀[0m[38;2;67;152;196m[48;2;71;158;204m▀[0m[38;2;67;151;196m[48;2;67;151;196m▀[0m[38;2;72;155;200m[48;2;59;119;148m▀[0m[38;2;186;199;228m[48;2;185;199;228m▀[0m[38;2;186;199;228m[48;2;0;0;1m▀[0m[38;2;194;208;237m▀[0m          
            [38;2;124;192;227m[48;2;124;192;227m▀[0m[38;2;123;191;227m[48;2;123;191;226m▀[0m[38;2;124;192;227m[48;2;124;192;227m▀[0m[38;2;86;168;209m▀[0m   [38;2;124;192;227m[48;2;123;191;227m▀[0m[38;2;123;191;226m[48;2;124;192;227m▀[0m[38;2;124;192;227m[48;2;124;192;227m▀[0m[38;2;105;184;224m[48;2;79;165;209m▀[0m[38;2;39;80;102m[48;2;68;154;200m▀[0m[38;2;67;151;195m[48;2;67;151;195m▀[0m[38;2;67;151;195m[48;2;71;151;190m▀[0m              
            [38;2;2;2;2m▀[0m[38;2;14;25;30m▀[0m    [38;2;10;16;19m[48;2;0;0;0m▀[0m[38;2;115;178;211m[48;2;124;191;227m▀[0m[38;2;124;191;227m[48;2;124;192;229m▀[0m[38;2;121;190;227m▀[0m                  
                                        
