                                        
                                        
     [38;2;107;74;44m▄[0m             [38;2;107;73;43m▄[0m[38;2;27;15;13m▄[0m                   
     [38;2;217;186;110m[48;2;161;138;82m▀[0m[38;2;101;69;42m[48;2;105;71;43m▀[0m        [38;2;64;43;26m▄[0m[38;2;106;73;44m▄[0m[38;2;106;72;43m[48;2;32;25;16m▀[0m[38;2;95;66;41m[48;2;208;179;106m▀[0m[38;2;209;179;106m▀[0m                    
   [38;2;113;99;58m▀[0m[38;2;100;88;51m▀[0m[38;2;246;216;125m[48;2;248;219;125m▀[0m[38;2;56;41;28m[48;2;226;195;112m▀[0m[38;2;103;70;42m[48;2;78;55;39m▀[0m [38;2;46;36;22m▄[0m[38;2;239;204;146m▄[0m[38;2;241;197;117m▄[0m[38;2;240;187;97m▄[0m[38;2;238;184;93m▄[0m[38;2;80;56;40m▄[0m[38;2;104;72;43m[48;2;78;55;38m▀[0m[38;2;23;16;11m[48;2;208;179;106m▀[0m[38;2;208;179;106m[48;2;247;218;125m▀[0m[38;2;248;219;125m[48;2;248;219;126m▀[0m[38;2;98;83;49m▀[0m                    
      [38;2;237;207;119m[48;2;216;186;110m▀[0m[38;2;78;55;39m[48;2;241;193;111m▀[0m[38;2;246;223;178m[48;2;16;16;18m▀[0m[38;2;245;217;162m[48;2;241;200;122m▀[0m[38;2;242;205;134m[48;2;239;185;91m▀[0m[38;2;235;192;118m[48;2;237;182;91m▀[0m[38;2;239;185;93m[48;2;234;179;92m▀[0m[38;2;63;48;27m[48;2;88;69;55m▀[0m[38;2;239;185;93m[48;2;236;181;90m▀[0m[38;2;82;59;41m[48;2;234;179;89m▀[0m[38;2;208;179;106m▀[0m[38;2;250;230;131m▀[0m                      
      [38;2;212;187;107m▄[0m[38;2;236;181;90m[48;2;248;219;126m▀[0m[38;2;233;178;91m[48;2;238;183;92m▀[0m[38;2;239;185;93m[48;2;233;178;90m▀[0m[38;2;240;185;93m[48;2;239;185;93m▀[0m[38;2;239;185;93m[48;2;239;185;93m▀[0m[38;2;184;140;71m[48;2;239;185;93m▀[0m[38;2;250;194;97m[48;2;172;130;65m▀[0m[38;2;248;219;125m[48;2;248;219;126m▀[0m[38;2;184;141;71m[48;2;240;206;119m▀[0m[38;2;109;83;46m▄[0m                       
      [38;2;176;151;87m▀[0m[38;2;249;220;126m[48;2;224;172;86m▀[0m[38;2;236;181;90m[48;2;220;169;84m▀[0m[38;2;239;185;93m[48;2;227;175;87m▀[0m[38;2;239;185;93m[48;2;233;180;90m▀[0m[38;2;239;185;93m[48;2;223;172;86m▀[0m[38;2;239;185;93m[48;2;215;166;85m▀[0m[38;2;239;184;92m[48;2;208;160;85m▀[0m[38;2;248;218;126m[48;2;203;156;85m▀[0m[38;2;166;128;70m[48;2;196;150;82m▀[0m[38;2;177;136;76m[48;2;200;155;86m▀[0m                       
  [38;2;140;111;79m▄[0m[38;2;110;77;45m▄[0m[38;2;143;105;57m▄[0m[38;2;239;185;93m▄[0m[38;2;233;179;89m▄[0m[38;2;220;169;84m[48;2;232;177;90m▀[0m[38;2;215;165;85m[48;2;233;218;194m▀[0m[38;2;210;164;89m[48;2;230;217;193m▀[0m[38;2;213;175;115m[48;2;231;217;194m▀[0m[38;2;207;162;89m[48;2;231;217;194m▀[0m[38;2;206;159;85m[48;2;230;217;195m▀[0m[38;2;196;149;82m[48;2;193;147;80m▀[0m[38;2;200;154;84m[48;2;191;145;81m▀[0m[38;2;191;145;80m[48;2;194;149;82m▀[0m[38;2;231;177;89m[48;2;212;160;83m▀[0m[38;2;196;152;77m[48;2;125;89;50m▀[0m[38;2;109;76;45m▄[0m[38;2;137;107;74m▄[0m[38;2;30;22;13m▄[0m    [38;2;190;161;96m▄[0m[38;2;143;120;73m▄[0m             
  [38;2;104;72;44m▀[0m[38;2;112;79;46m▀[0m[38;2;234;182;91m[48;2;156;117;68m▀[0m[38;2;239;185;93m[48;2;203;159;88m▀[0m[38;2;239;185;93m[48;2;205;161;90m▀[0m[38;2;250;237;211m[48;2;251;242;221m▀[0m[38;2;250;238;214m[48;2;251;242;221m▀[0m[38;2;233;219;197m[48;2;251;242;218m▀[0m[38;2;231;217;194m[48;2;250;239;216m▀[0m[38;2;229;216;194m[48;2;238;224;201m▀[0m[38;2;230;216;194m[48;2;229;216;193m▀[0m[38;2;228;214;191m[48;2;230;216;194m▀[0m[38;2;192;147;80m[48;2;196;154;88m▀[0m[38;2;196;152;84m[48;2;196;152;84m▀[0m[38;2;196;151;84m[48;2;215;165;92m▀[0m[38;2;148;109;64m▀[0m[38;2;92;63;40m▀[0m[38;2;91;63;40m▀[0m[38;2;92;63;41m▀[0m     [38;2;193;164;98m▀[0m[38;2;193;164;98m[48;2;194;166;97m▀[0m[38;2;193;164;98m[48;2;199;170;99m▀[0m[38;2;202;173;100m▄[0m[38;2;209;180;103m▄[0m         
      [38;2;151;142;124m[48;2;251;243;223m▀[0m[38;2;251;243;223m[48;2;251;243;223m▀[0m[38;2;251;243;222m[48;2;251;243;223m▀[0m[38;2;251;243;222m[48;2;251;243;223m▀[0m[38;2;251;242;219m[48;2;251;242;219m▀[0m[38;2;251;241;216m[48;2;251;241;217m▀[0m[38;2;250;240;215m[48;2;251;240;216m▀[0m[38;2;250;240;215m[48;2;251;240;216m▀[0m[38;2;242;198;122m[48;2;239;201;131m▀[0m[38;2;163;128;63m[48;2;244;217;171m▀[0m[38;2;247;228;192m[48;2;246;220;173m▀[0m[38;2;137;110;80m[48;2;209;188;148m▀[0m[38;2;96;77;64m[48;2;210;190;150m▀[0m[38;2;66;50;43m▀[0m[38;2;162;135;88m▀[0m[38;2;186;154;93m▀[0m[38;2;185;154;92m▀[0m[38;2;189;161;96m[48;2;29;23;14m▀[0m[38;2;193;164;97m[48;2;193;164;97m▀[0m[38;2;188;158;94m[48;2;194;163;95m▀[0m[38;2;196;165;97m[48;2;196;166;96m▀[0m[38;2;195;164;97m[48;2;202;173;100m▀[0m[38;2;196;165;97m[48;2;203;171;100m▀[0m[38;2;209;179;102m[48;2;208;176;100m▀[0m[38;2;212;182;104m[48;2;212;182;104m▀[0m[38;2;244;213;117m[48;2;236;203;112m▀[0m[38;2;246;216;119m[48;2;246;216;119m▀[0m[38;2;246;216;119m▄[0m[38;2;8;5;3m▄[0m     
      [38;2;251;243;223m[48;2;251;243;223m▀[0m[38;2;251;243;223m[48;2;252;243;223m▀[0m[38;2;251;243;223m[48;2;251;243;223m▀[0m[38;2;251;243;223m[48;2;251;243;222m▀[0m[38;2;251;242;219m[48;2;251;241;219m▀[0m[38;2;251;241;216m[48;2;251;241;217m▀[0m[38;2;251;240;216m[48;2;251;240;217m▀[0m[38;2;251;240;216m[48;2;251;239;214m▀[0m[38;2;242;204;132m[48;2;210;162;85m▀[0m[38;2;49;42;30m[48;2;239;185;93m▀[0m[38;2;245;218;171m[48;2;249;224;177m▀[0m[38;2;242;213;168m[48;2;245;220;173m▀[0m[38;2;245;220;173m[48;2;240;211;166m▀[0m      [38;2;72;59;35m▀[0m[38;2;198;166;98m▀[0m[38;2;209;180;103m[48;2;208;177;100m▀[0m[38;2;213;183;104m[48;2;214;184;103m▀[0m[38;2;86;72;41m[48;2;233;199;112m▀[0m[38;2;238;208;117m▀[0m[38;2;246;217;119m▀[0m[38;2;246;216;119m▀[0m[38;2;247;217;119m[48;2;67;57;32m▀[0m[38;2;246;216;119m[48;2;246;216;119m▀[0m[38;2;244;216;119m[48;2;246;216;119m▀[0m[38;2;252;223;122m▄[0m   
      [38;2;251;243;220m[48;2;232;210;174m▀[0m[38;2;251;243;221m[48;2;245;232;209m▀[0m[38;2;251;242;221m[48;2;251;241;217m▀[0m[38;2;251;242;219m[48;2;251;241;216m▀[0m[38;2;251;241;216m[48;2;251;240;216m▀[0m[38;2;251;240;216m[48;2;251;240;216m▀[0m[38;2;251;240;216m[48;2;251;240;217m▀[0m[38;2;251;240;217m[48;2;243;208;146m▀[0m[38;2;198;153;85m[48;2;196;154;89m▀[0m[38;2;196;152;84m[48;2;196;153;86m▀[0m[38;2;199;154;85m[48;2;191;145;81m▀[0m[38;2;246;220;173m[48;2;206;182;149m▀[0m[38;2;241;186;97m[48;2;222;173;89m▀[0m[38;2;147;127;104m▄[0m        [38;2;213;181;102m▀[0m[38;2;219;187;105m[48;2;243;209;116m▀[0m[38;2;7;5;3m▄[0m     [38;2;192;178;98m▀[0m[38;2;252;233;128m▀[0m  
      [38;2;49;45;44m▄[0m[38;2;225;206;177m[48;2;191;146;81m▀[0m[38;2;230;216;194m[48;2;196;152;84m▀[0m[38;2;230;216;194m[48;2;200;160;97m▀[0m[38;2;230;216;194m[48;2;198;156;90m▀[0m[38;2;229;216;193m[48;2;196;151;84m▀[0m[38;2;209;182;141m[48;2;200;152;85m▀[0m[38;2;196;153;88m▀[0m[38;2;192;147;81m[48;2;9;8;8m▀[0m[38;2;199;153;85m▀[0m[38;2;194;150;82m▀[0m[38;2;48;34;23m▀[0m[38;2;100;85;71m[48;2;221;196;157m▀[0m[38;2;168;145;118m▀[0m          [38;2;245;214;119m▀[0m         
     [38;2;90;85;84m[48;2;66;60;60m▀[0m  [38;2;107;82;46m▀[0m[38;2;192;147;81m▀[0m[38;2;196;151;84m[48;2;191;145;81m▀[0m[38;2;195;151;83m[48;2;200;155;86m▀[0m  [38;2;11;9;9m▀[0m                         
     [38;2;14;12;12m[48;2;90;85;84m▀[0m    [38;2;191;145;80m[48;2;192;145;80m▀[0m[38;2;191;145;81m[48;2;191;145;81m▀[0m[38;2;15;14;14m▄[0m[38;2;54;50;49m▀[0m                          
     [38;2;56;53;52m▀[0m [38;2;89;84;83m▄[0m[38;2;86;81;80m▄[0m[38;2;37;28;15m[48;2;188;143;75m▀[0m[38;2;235;182;90m[48;2;113;79;46m▀[0m[38;2;234;179;91m[48;2;101;70;42m▀[0m                            
        [38;2;126;95;63m[48;2;4;2;1m▀[0m[38;2;112;79;46m[48;2;94;65;40m▀[0m[38;2;112;79;46m[48;2;93;65;41m▀[0m[38;2;0;0;0m▀[0m                            
                                        
                                        
