                                        
                                        
       [38;2;206;208;208m[48;2;115;115;115m▀[0m[38;2;204;205;206m▄[0m[38;2;0;0;0m▄[0m   [38;2;204;207;206m▄[0m[38;2;207;208;208m▄[0m                         
      [38;2;0;0;0m[48;2;0;0;0m▀[0m[38;2;23;24;24m[48;2;10;11;11m▀[0m[38;2;205;208;207m[48;2;111;112;112m▀[0m[38;2;183;184;184m[48;2;183;184;184m▀[0m[38;2;183;184;184m▄[0m  [38;2;184;185;184m[48;2;39;40;40m▀[0m[38;2;79;79;79m[48;2;27;29;29m▀[0m[38;2;196;197;197m[48;2;186;187;187m▀[0m                        
       [38;2;32;33;33m[48;2;58;60;61m▀[0m[38;2;75;77;77m[48;2;214;215;215m▀[0m[38;2;183;184;184m[48;2;22;22;22m▀[0m[38;2;183;184;184m[48;2;206;208;208m▀[0m[38;2;13;13;13m[48;2;194;194;194m▀[0m[38;2;46;46;46m▄[0m[38;2;19;19;19m[48;2;17;18;18m▀[0m[38;2;12;13;13m[48;2;40;41;41m▀[0m[38;2;197;198;198m[48;2;202;204;204m▀[0m[38;2;162;163;163m[48;2;183;183;184m▀[0m                       
      [38;2;0;0;0m[48;2;114;116;117m▀[0m[38;2;127;129;131m[48;2;114;116;118m▀[0m[38;2;121;124;125m[48;2;99;102;102m▀[0m[38;2;207;208;209m[48;2;183;184;184m▀[0m[38;2;197;198;197m[48;2;182;184;184m▀[0m[38;2;183;184;184m[48;2;183;184;184m▀[0m[38;2;141;141;141m[48;2;197;197;197m▀[0m[38;2;48;49;50m[48;2;205;206;207m▀[0m[38;2;67;68;69m[48;2;197;198;198m▀[0m[38;2;183;184;184m[48;2;183;183;184m▀[0m[38;2;182;183;185m[48;2;183;184;184m▀[0m[38;2;0;0;0m[48;2;188;188;189m▀[0m                      
  [38;2;40;41;41m▄[0m[38;2;141;143;143m▄[0m[38;2;101;104;105m▄[0m[38;2;97;99;99m[48;2;97;99;99m▀[0m[38;2;97;99;100m[48;2;94;95;97m▀[0m[38;2;96;98;99m[48;2;84;86;87m▀[0m[38;2;26;26;25m[48;2;8;8;8m▀[0m[38;2;73;76;76m[48;2;225;225;225m▀[0m[38;2;81;82;83m[48;2;211;75;102m▀[0m[38;2;81;83;83m[48;2;251;212;119m▀[0m[38;2;81;83;83m[48;2;43;45;48m▀[0m[38;2;83;85;86m[48;2;82;84;84m▀[0m[38;2;84;86;87m[48;2;88;89;90m▀[0m[38;2;21;21;21m[48;2;183;184;184m▀[0m[38;2;182;183;184m[48;2;183;184;184m▀[0m[38;2;183;184;184m[48;2;183;183;184m▀[0m     [38;2;219;221;221m▄[0m   [38;2;132;133;132m▄[0m            
  [38;2;213;129;135m[48;2;188;72;89m▀[0m[38;2;186;83;91m[48;2;185;72;90m▀[0m[38;2;83;85;86m[48;2;81;83;83m▀[0m[38;2;81;82;83m[48;2;81;82;83m▀[0m[38;2;81;83;84m[48;2;81;83;83m▀[0m[38;2;81;83;83m[48;2;81;82;83m▀[0m[38;2;29;30;29m[48;2;82;83;83m▀[0m[38;2;189;57;87m[48;2;92;78;43m▀[0m[38;2;27;21;13m[48;2;252;218;127m▀[0m[38;2;253;217;128m[48;2;167;154;88m▀[0m[38;2;85;86;87m[48;2;82;84;84m▀[0m[38;2;81;83;83m[48;2;2;2;2m▀[0m[38;2;183;184;185m[48;2;182;183;184m▀[0m[38;2;182;183;184m[48;2;183;184;185m▀[0m[38;2;183;184;184m[48;2;183;184;184m▀[0m[38;2;183;184;184m[48;2;183;184;184m▀[0m[38;2;131;131;131m[48;2;183;183;184m▀[0m [38;2;0;0;0m▄[0m[38;2;0;0;0m▄[0m[38;2;219;219;220m[48;2;206;207;208m▀[0m[38;2;204;204;203m[48;2;168;170;170m▀[0m[38;2;0;0;0m[48;2;208;209;209m▀[0m[38;2;229;229;229m[48;2;206;208;208m▀[0m[38;2;211;212;212m[48;2;81;81;81m▀[0m [38;2;0;0;0m▄[0m[38;2;0;0;0m▄[0m          
  [38;2;52;53;53m▀[0m[38;2;83;85;86m[48;2;6;6;6m▀[0m[38;2;83;85;85m[48;2;13;14;14m▀[0m[38;2;83;85;84m[48;2;83;84;85m▀[0m[38;2;78;80;80m[48;2;81;83;83m▀[0m[38;2;81;83;83m[48;2;25;20;18m▀[0m[38;2;81;83;83m[48;2;212;221;239m▀[0m[38;2;52;53;54m[48;2;255;255;255m▀[0m[38;2;81;82;83m[48;2;6;5;5m▀[0m[38;2;81;82;83m[48;2;83;85;86m▀[0m[38;2;81;83;83m[48;2;82;84;85m▀[0m[38;2;84;86;87m[48;2;82;84;85m▀[0m[38;2;83;85;86m[48;2;83;85;86m▀[0m[38;2;82;84;84m[48;2;83;85;86m▀[0m[38;2;113;114;113m[48;2;82;83;84m▀[0m[38;2;183;183;184m[48;2;66;67;68m▀[0m[38;2;183;183;184m[48;2;182;183;184m▀[0m[38;2;196;197;197m[48;2;188;189;190m▀[0m[38;2;216;216;216m[48;2;198;199;199m▀[0m[38;2;211;212;212m[48;2;198;199;199m▀[0m[38;2;206;208;208m[48;2;206;207;207m▀[0m[38;2;207;208;209m[48;2;206;208;208m▀[0m[38;2;207;208;208m[48;2;207;208;208m▀[0m[38;2;207;208;208m[48;2;207;208;209m▀[0m[38;2;207;208;209m[48;2;207;208;208m▀[0m[38;2;206;208;208m[48;2;207;208;209m▀[0m[38;2;206;208;208m[48;2;211;213;213m▀[0m[38;2;229;229;229m[48;2;0;0;0m▀[0m[38;2;219;220;220m▀[0m[38;2;0;0;0m▀[0m        
     [38;2;83;85;86m▀[0m[38;2;81;83;83m[48;2;84;85;86m▀[0m[38;2;81;83;83m[48;2;81;82;83m▀[0m[38;2;84;86;86m[48;2;81;82;83m▀[0m[38;2;224;231;245m[48;2;81;82;83m▀[0m[38;2;11;6;6m[48;2;82;83;84m▀[0m[38;2;81;83;83m[48;2;81;82;83m▀[0m[38;2;81;82;83m[48;2;81;82;83m▀[0m[38;2;81;83;83m[48;2;75;77;77m▀[0m[38;2;81;83;83m[48;2;183;184;185m▀[0m[38;2;22;23;23m[48;2;182;184;184m▀[0m[38;2;182;184;184m[48;2;183;184;184m▀[0m[38;2;183;184;184m[48;2;183;184;184m▀[0m[38;2;182;183;184m[48;2;184;185;185m▀[0m[38;2;183;184;185m[48;2;195;197;197m▀[0m[38;2;198;199;200m[48;2;198;198;199m▀[0m[38;2;198;199;199m[48;2;198;198;199m▀[0m[38;2;198;199;199m[48;2;198;199;199m▀[0m[38;2;207;209;209m[48;2;199;199;200m▀[0m[38;2;204;206;206m[48;2;203;203;204m▀[0m[38;2;207;208;208m[48;2;198;199;199m▀[0m[38;2;199;199;200m[48;2;198;199;199m▀[0m[38;2;207;208;208m[48;2;198;199;199m▀[0m[38;2;195;195;195m[48;2;199;199;199m▀[0m[38;2;207;208;208m[48;2;218;219;219m▀[0m          
       [38;2;104;107;108m▀[0m[38;2;83;85;85m▀[0m[38;2;81;83;83m▀[0m[38;2;81;82;83m[48;2;87;89;90m▀[0m[38;2;81;83;84m[48;2;84;83;85m▀[0m[38;2;81;83;83m[48;2;86;87;89m▀[0m[38;2;83;86;86m[48;2;97;99;99m▀[0m[38;2;92;95;96m[48;2;170;171;171m▀[0m[38;2;191;191;192m[48;2;183;184;184m▀[0m[38;2;183;184;184m[48;2;183;184;185m▀[0m[38;2;182;184;184m[48;2;183;184;184m▀[0m[38;2;195;196;195m[48;2;198;198;200m▀[0m[38;2;199;199;200m[48;2;197;199;199m▀[0m[38;2;196;198;198m[48;2;198;198;199m▀[0m[38;2;198;198;199m[48;2;198;199;199m▀[0m[38;2;200;200;201m[48;2;198;199;199m▀[0m[38;2;214;214;214m[48;2;34;34;34m▀[0m[38;2;199;201;200m[48;2;217;218;218m▀[0m[38;2;198;198;199m[48;2;64;63;62m▀[0m[38;2;198;199;199m[48;2;25;25;25m▀[0m[38;2;198;198;199m[48;2;198;199;199m▀[0m[38;2;199;199;199m[48;2;190;189;190m▀[0m[38;2;189;189;190m[48;2;193;193;193m▀[0m[38;2;183;184;184m▄[0m         
          [38;2;97;99;100m[48;2;113;115;116m▀[0m[38;2;97;99;99m[48;2;96;99;100m▀[0m[38;2;97;99;100m[48;2;97;99;100m▀[0m[38;2;200;201;201m[48;2;96;99;99m▀[0m[38;2;198;199;199m[48;2;198;199;199m▀[0m[38;2;195;195;195m[48;2;198;199;199m▀[0m[38;2;191;191;192m[48;2;199;199;200m▀[0m[38;2;183;184;185m[48;2;198;199;199m▀[0m[38;2;195;194;195m[48;2;199;199;199m▀[0m[38;2;198;198;199m[48;2;198;199;199m▀[0m[38;2;198;198;199m[48;2;198;199;199m▀[0m[38;2;198;199;199m[48;2;198;199;199m▀[0m[38;2;198;199;199m[48;2;198;199;199m▀[0m[38;2;198;199;199m[48;2;198;199;199m▀[0m[38;2;198;199;199m[48;2;198;199;199m▀[0m[38;2;180;180;181m[48;2;198;199;199m▀[0m[38;2;195;195;195m[48;2;198;199;199m▀[0m[38;2;10;10;10m[48;2;183;184;184m▀[0m[38;2;108;109;108m[48;2;182;183;184m▀[0m[38;2;182;184;184m[48;2;183;184;184m▀[0m[38;2;183;183;184m[48;2;183;184;184m▀[0m[38;2;21;21;21m[48;2;183;184;184m▀[0m        
         [38;2;15;15;15m[48;2;182;183;184m▀[0m[38;2;113;114;113m[48;2;182;184;184m▀[0m[38;2;100;103;104m[48;2;131;133;135m▀[0m[38;2;97;99;99m[48;2;99;101;102m▀[0m[38;2;96;99;99m[48;2;213;215;215m▀[0m[38;2;87;90;90m[48;2;53;53;53m▀[0m[38;2;197;199;199m[48;2;157;157;157m▀[0m[38;2;198;198;199m[48;2;198;198;199m▀[0m[38;2;198;199;199m[48;2;198;199;199m▀[0m[38;2;199;199;200m[48;2;198;199;199m▀[0m[38;2;199;199;199m[48;2;198;199;199m▀[0m[38;2;198;199;199m[48;2;198;199;199m▀[0m[38;2;198;199;199m[48;2;198;199;200m▀[0m[38;2;198;199;199m[48;2;189;190;190m▀[0m[38;2;198;198;199m[48;2;186;187;187m▀[0m[38;2;198;198;199m[48;2;105;105;105m▀[0m[38;2;198;199;199m[48;2;198;198;199m▀[0m[38;2;198;199;199m[48;2;198;199;199m▀[0m[38;2;183;184;184m[48;2;187;188;188m▀[0m[38;2;182;183;184m[48;2;183;184;184m▀[0m[38;2;51;52;51m[48;2;182;183;184m▀[0m[38;2;183;184;184m[48;2;120;121;121m▀[0m[38;2;183;184;184m[48;2;183;184;184m▀[0m[38;2;183;184;184m[48;2;182;184;184m▀[0m[38;2;183;184;185m▄[0m      
        [38;2;0;0;0m▄[0m[38;2;183;183;184m[48;2;200;201;203m▀[0m[38;2;182;184;183m[48;2;183;183;185m▀[0m[38;2;183;183;184m[48;2;182;183;184m▀[0m[38;2;15;16;16m[48;2;191;192;192m▀[0m[38;2;201;201;202m[48;2;199;200;200m▀[0m[38;2;198;198;199m[48;2;198;199;199m▀[0m[38;2;199;201;201m[48;2;198;199;199m▀[0m[38;2;198;199;199m[48;2;198;198;199m▀[0m[38;2;198;198;199m[48;2;198;199;199m▀[0m[38;2;198;199;199m[48;2;198;199;199m▀[0m[38;2;198;199;199m[48;2;198;198;199m▀[0m[38;2;198;199;199m[48;2;198;198;199m▀[0m[38;2;202;202;203m[48;2;138;138;138m▀[0m[38;2;18;19;19m[48;2;81;83;84m▀[0m[38;2;184;185;186m[48;2;200;201;201m▀[0m[38;2;81;82;83m[48;2;81;82;83m▀[0m[38;2;189;189;190m[48;2;16;18;18m▀[0m[38;2;197;198;199m[48;2;59;60;59m▀[0m[38;2;197;197;198m[48;2;182;183;184m▀[0m[38;2;183;184;184m[48;2;183;184;185m▀[0m[38;2;183;183;184m[48;2;183;183;184m▀[0m[38;2;183;184;184m[48;2;183;184;184m▀[0m[38;2;174;175;175m[48;2;59;60;60m▀[0m[38;2;183;184;184m[48;2;183;184;184m▀[0m[38;2;193;194;194m[48;2;183;184;184m▀[0m[38;2;194;196;195m[48;2;198;198;199m▀[0m[38;2;0;0;0m[48;2;228;227;228m▀[0m[38;2;4;4;4m▄[0m   
       [38;2;18;19;18m▄[0m[38;2;207;208;209m[48;2;39;40;40m▀[0m[38;2;206;208;208m[48;2;97;99;100m▀[0m[38;2;198;199;199m[48;2;206;208;209m▀[0m[38;2;182;183;184m[48;2;182;183;184m▀[0m[38;2;182;183;184m[48;2;4;4;4m▀[0m [38;2;185;187;186m▀[0m[38;2;186;187;186m▀[0m[38;2;39;39;39m[48;2;125;126;127m▀[0m[38;2;198;199;199m[48;2;193;192;191m▀[0m[38;2;198;199;199m[48;2;198;199;199m▀[0m[38;2;198;199;199m[48;2;198;199;199m▀[0m[38;2;198;199;200m[48;2;198;199;199m▀[0m[38;2;198;198;199m[48;2;195;195;196m▀[0m[38;2;81;83;83m[48;2;0;0;0m▀[0m[38;2;81;82;83m▀[0m    [38;2;28;31;31m[48;2;96;99;99m▀[0m[38;2;28;28;27m[48;2;97;99;99m▀[0m[38;2;98;101;101m[48;2;96;99;100m▀[0m[38;2;59;60;61m[48;2;37;38;38m▀[0m[38;2;183;184;184m▀[0m[38;2;183;184;184m▀[0m[38;2;187;187;189m▀[0m[38;2;209;210;211m▀[0m[38;2;99;99;99m▀[0m   
    [38;2;95;98;99m▄[0m[38;2;34;35;35m[48;2;53;56;56m▀[0m[38;2;96;99;100m[48;2;97;99;99m▀[0m[38;2;97;99;100m[48;2;97;99;100m▀[0m[38;2;96;99;100m[48;2;97;99;100m▀[0m[38;2;97;99;100m[48;2;93;95;95m▀[0m[38;2;36;36;36m[48;2;0;0;0m▀[0m[38;2;183;184;184m▀[0m      [38;2;173;173;172m[48;2;122;122;122m▀[0m[38;2;198;199;199m[48;2;97;100;100m▀[0m[38;2;184;185;185m[48;2;194;195;195m▀[0m[38;2;183;184;185m[48;2;150;151;151m▀[0m[38;2;183;184;184m[48;2;173;173;173m▀[0m   [38;2;4;5;5m▄[0m[38;2;124;127;128m[48;2;14;16;16m▀[0m[38;2;98;101;102m[48;2;109;111;112m▀[0m[38;2;97;99;100m[48;2;97;99;100m▀[0m[38;2;97;99;100m[48;2;96;99;100m▀[0m[38;2;0;0;0m▀[0m        
    [38;2;82;84;84m▀[0m[38;2;83;85;85m▀[0m[38;2;87;89;89m[48;2;41;44;44m▀[0m[38;2;96;98;99m[48;2;45;47;47m▀[0m[38;2;82;84;85m▀[0m       [38;2;97;97;98m▄[0m[38;2;136;138;138m▄[0m[38;2;98;100;101m[48;2;98;101;102m▀[0m[38;2;96;98;100m[48;2;96;99;99m▀[0m[38;2;98;101;102m[48;2;97;99;100m▀[0m[38;2;100;102;103m[48;2;12;12;12m▀[0m    [38;2;0;0;0m▀[0m[38;2;1;1;1m▀[0m[38;2;81;82;83m▀[0m[38;2;81;84;85m▀[0m[38;2;79;80;81m▀[0m         
                [38;2;83;84;85m▀[0m[38;2;121;123;125m[48;2;81;83;83m▀[0m[38;2;121;124;125m[48;2;84;86;87m▀[0m[38;2;98;101;101m[48;2;81;82;83m▀[0m[38;2;97;99;100m[48;2;69;71;72m▀[0m                   
                                        
                                        
