                                        
                                        
                                        
                                        
                                        
                                        
                                    [38;2;243;236;232m▄[0m   
          [38;2;181;174;170m▄[0m[38;2;242;231;226m▄[0m[38;2;231;225;221m▄[0m[38;2;187;168;155m▄[0m[38;2;37;35;35m[48;2;180;162;148m▀[0m[38;2;209;206;202m[48;2;177;153;137m▀[0m[38;2;244;233;228m[48;2;169;150;134m▀[0m[38;2;230;222;217m[48;2;169;150;134m▀[0m[38;2;245;238;233m[48;2;169;151;134m▀[0m[38;2;247;235;229m[48;2;169;151;134m▀[0m[38;2;231;222;216m[48;2;174;152;134m▀[0m[38;2;235;228;223m[48;2;170;151;134m▀[0m[38;2;120;116;112m[48;2;177;152;135m▀[0m[38;2;162;141;122m▄[0m[38;2;168;142;123m▄[0m[38;2;146;121;105m▄[0m[38;2;246;239;233m▄[0m[38;2;241;233;227m▄[0m[38;2;145;137;134m▄[0m[38;2;68;64;63m▄[0m[38;2;161;151;147m▄[0m[38;2;232;224;218m▄[0m[38;2;231;223;217m▄[0m[38;2;240;228;223m▄[0m[38;2;242;231;226m[48;2;242;228;223m▀[0m[38;2;235;229;225m[48;2;132;127;125m▀[0m[38;2;252;242;238m▄[0m[38;2;200;195;191m▀[0m  
     [38;2;229;216;209m▄[0m[38;2;221;213;207m▄[0m[38;2;82;77;73m▄[0m[38;2;244;233;228m[48;2;91;85;81m▀[0m[38;2;231;224;221m[48;2;105;101;99m▀[0m[38;2;198;180;166m[48;2;237;229;225m▀[0m[38;2;189;176;163m[48;2;232;228;224m▀[0m[38;2;189;170;156m[48;2;229;222;217m▀[0m[38;2;149;130;118m[48;2;232;223;218m▀[0m[38;2;143;135;131m[48;2;239;227;221m▀[0m[38;2;248;238;231m[48;2;230;222;217m▀[0m[38;2;229;223;218m[48;2;229;221;215m▀[0m[38;2;231;222;217m[48;2;233;218;211m▀[0m[38;2;239;226;219m[48;2;226;213;205m▀[0m[38;2;233;225;219m[48;2;220;210;203m▀[0m[38;2;231;222;217m[48;2;222;215;208m▀[0m[38;2;230;223;217m[48;2;105;100;97m▀[0m[38;2;232;224;218m[48;2;119;99;85m▀[0m[38;2;230;222;217m[48;2;171;145;126m▀[0m[38;2;230;223;217m[48;2;167;145;125m▀[0m[38;2;231;223;218m[48;2;134;114;98m▀[0m[38;2;231;222;217m[48;2;107;98;90m▀[0m[38;2;231;222;217m[48;2;184;176;171m▀[0m[38;2;217;210;206m[48;2;209;202;198m▀[0m[38;2;215;208;203m[48;2;228;214;208m▀[0m[38;2;221;214;209m[48;2;203;193;190m▀[0m[38;2;220;211;206m[48;2;114;105;100m▀[0m[38;2;241;226;219m[48;2;160;138;119m▀[0m[38;2;233;223;218m[48;2;163;141;122m▀[0m[38;2;233;225;219m[48;2;165;142;123m▀[0m[38;2;173;145;127m[48;2;166;142;124m▀[0m    
    [38;2;169;148;131m▄[0m[38;2;173;154;138m[48;2;168;145;128m▀[0m[38;2;180;160;145m[48;2;233;226;223m▀[0m[38;2;241;231;227m[48;2;249;247;241m▀[0m[38;2;228;214;207m[48;2;152;129;112m▀[0m[38;2;234;220;213m[48;2;162;141;123m▀[0m[38;2;230;222;217m[48;2;169;149;131m▀[0m[38;2;219;208;202m[48;2;170;146;126m▀[0m[38;2;162;143;131m[48;2;175;155;138m▀[0m[38;2;177;153;136m[48;2;189;169;157m▀[0m[38;2;241;226;218m[48;2;167;141;123m▀[0m[38;2;216;201;194m[48;2;70;69;68m▀[0m[38;2;211;197;189m[48;2;201;192;185m▀[0m[38;2;207;195;189m[48;2;201;192;186m▀[0m[38;2;207;195;188m[48;2;200;192;186m▀[0m[38;2;207;196;188m[48;2;200;192;186m▀[0m[38;2;202;194;188m[48;2;201;192;187m▀[0m[38;2;199;191;185m[48;2;199;192;186m▀[0m[38;2;49;47;45m[48;2;206;194;188m▀[0m[38;2;131;111;96m[48;2;199;193;187m▀[0m[38;2;171;145;126m[48;2;215;199;192m▀[0m[38;2;168;143;124m[48;2;219;209;202m▀[0m[38;2;162;141;122m[48;2;222;209;202m▀[0m[38;2;162;141;122m[48;2;221;210;203m▀[0m[38;2;164;143;123m▀[0m[38;2;157;135;118m[48;2;132;110;96m▀[0m[38;2;143;123;105m[48;2;159;134;116m▀[0m[38;2;148;124;107m[48;2;162;137;119m▀[0m[38;2;163;141;123m[48;2;17;14;14m▀[0m[38;2;160;139;120m▀[0m[38;2;7;6;5m▀[0m     
  [38;2;178;171;168m▄[0m[38;2;105;91;77m[48;2;234;226;222m▀[0m[38;2;235;229;226m[48;2;226;216;211m▀[0m[38;2;73;59;48m[48;2;86;115;129m▀[0m[38;2;102;178;210m[48;2;228;217;212m▀[0m[38;2;169;143;124m[48;2;222;213;207m▀[0m[38;2;162;141;122m[48;2;226;214;208m▀[0m[38;2;166;144;125m[48;2;231;215;208m▀[0m[38;2;186;171;157m[48;2;220;212;206m▀[0m[38;2;185;168;154m[48;2;229;215;209m▀[0m[38;2;168;150;135m[48;2;232;216;208m▀[0m[38;2;168;141;123m[48;2;101;95;91m▀[0m[38;2;210;197;190m[48;2;207;197;190m▀[0m[38;2;211;198;191m[48;2;212;198;191m▀[0m[38;2;206;194;189m[48;2;208;195;188m▀[0m[38;2;199;192;186m[48;2;200;192;186m▀[0m[38;2;209;195;187m[48;2;200;192;186m▀[0m[38;2;205;194;187m[48;2;200;192;186m▀[0m[38;2;199;192;186m[48;2;200;192;185m▀[0m[38;2;201;193;187m[48;2;204;196;189m▀[0m[38;2;213;198;191m[48;2;214;201;194m▀[0m[38;2;213;203;196m[48;2;218;206;199m▀[0m[38;2;221;210;203m[48;2;216;208;202m▀[0m[38;2;217;208;202m[48;2;206;192;186m▀[0m[38;2;227;211;204m[48;2;207;192;186m▀[0m[38;2;199;190;185m[48;2;203;192;185m▀[0m[38;2;188;182;177m[48;2;198;189;184m▀[0m[38;2;198;191;185m▄[0m          
  [38;2;205;211;225m▄[0m[38;2;87;87;90m[48;2;198;203;216m▀[0m[38;2;127;118;113m▀[0m[38;2;183;172;165m▀[0m[38;2;213;199;191m▀[0m[38;2;205;195;187m▀[0m[38;2;221;211;204m▀[0m[38;2;223;215;209m[48;2;124;122;120m▀[0m[38;2;232;223;217m[48;2;239;229;224m▀[0m[38;2;240;226;219m[48;2;223;209;200m▀[0m[38;2;230;222;217m[48;2;225;209;201m▀[0m[38;2;232;223;218m[48;2;208;194;187m▀[0m[38;2;205;196;190m[48;2;205;192;186m▀[0m[38;2;202;195;189m[48;2;57;55;54m▀[0m[38;2;197;190;185m▀[0m[38;2;205;192;186m▀[0m[38;2;213;199;192m▀[0m[38;2;60;55;54m▀[0m   [38;2;198;189;184m▀[0m[38;2;208;194;186m▀[0m[38;2;201;193;185m▀[0m[38;2;198;190;185m▀[0m[38;2;17;17;15m▀[0m [38;2;206;192;186m▀[0m[38;2;211;198;192m[48;2;78;76;75m▀[0m[38;2;200;206;220m▄[0m        
  [38;2;59;61;64m▀[0m   [38;2;255;255;255m▄[0m[38;2;76;73;71m[48;2;157;158;158m▀[0m[38;2;243;231;226m[48;2;216;208;200m▀[0m[38;2;235;228;224m[48;2;152;141;134m▀[0m[38;2;218;208;200m▀[0m[38;2;211;197;188m▀[0m[38;2;69;65;61m▀[0m                           
      [38;2;114;114;114m▀[0m                                 
                                        
                                        
                                        
                                        
                                        
                                        
