                                        
                                        
                                        
                                        
                                        
                                        
                                    [38;2;243;236;232m▄[0m   
          [38;2;180;173;170m▄[0m[38;2;242;231;226m▄[0m[38;2;231;225;221m▄[0m[38;2;224;154;63m▄[0m[38;2;30;30;30m[48;2;224;151;54m▀[0m[38;2;209;206;202m[48;2;222;145;42m▀[0m[38;2;244;233;228m[48;2;221;141;37m▀[0m[38;2;230;222;217m[48;2;221;141;36m▀[0m[38;2;245;238;233m[48;2;221;141;36m▀[0m[38;2;247;235;229m[48;2;221;141;36m▀[0m[38;2;231;222;216m[48;2;222;142;38m▀[0m[38;2;235;228;223m[48;2;221;142;37m▀[0m[38;2;115;112;109m[48;2;222;143;39m▀[0m[38;2;209;133;32m▄[0m[38;2;214;135;32m▄[0m[38;2;179;115;31m▄[0m[38;2;246;239;233m▄[0m[38;2;241;233;227m▄[0m[38;2;136;130;127m▄[0m[38;2;60;56;55m▄[0m[38;2;154;147;143m▄[0m[38;2;232;224;218m▄[0m[38;2;231;223;217m▄[0m[38;2;240;228;223m▄[0m[38;2;242;231;226m[48;2;242;228;223m▀[0m[38;2;235;229;225m[48;2;129;125;123m▀[0m[38;2;252;242;238m▄[0m[38;2;200;195;191m▀[0m  
     [38;2;229;216;209m▄[0m[38;2;221;213;207m▄[0m[38;2;90;68;39m▄[0m[38;2;244;233;228m[48;2;106;78;43m▀[0m[38;2;231;224;221m[48;2;102;99;97m▀[0m[38;2;228;164;80m[48;2;237;229;225m▀[0m[38;2;227;160;71m[48;2;232;228;224m▀[0m[38;2;226;157;66m[48;2;229;222;217m▀[0m[38;2;161;117;60m[48;2;232;223;218m▀[0m[38;2;143;132;125m[48;2;239;227;221m▀[0m[38;2;248;238;231m[48;2;230;222;217m▀[0m[38;2;229;223;218m[48;2;229;221;215m▀[0m[38;2;231;222;217m[48;2;233;218;211m▀[0m[38;2;239;226;219m[48;2;226;213;205m▀[0m[38;2;233;225;219m[48;2;220;210;203m▀[0m[38;2;231;222;217m[48;2;222;215;208m▀[0m[38;2;230;223;217m[48;2;100;97;96m▀[0m[38;2;232;224;218m[48;2;147;93;22m▀[0m[38;2;230;222;217m[48;2;219;138;32m▀[0m[38;2;230;223;217m[48;2;217;137;32m▀[0m[38;2;231;223;218m[48;2;170;108;26m▀[0m[38;2;231;222;217m[48;2;119;96;67m▀[0m[38;2;231;222;217m[48;2;183;175;170m▀[0m[38;2;217;210;206m[48;2;209;202;198m▀[0m[38;2;215;208;203m[48;2;228;214;208m▀[0m[38;2;221;214;209m[48;2;205;193;185m▀[0m[38;2;220;211;206m[48;2;108;102;100m▀[0m[38;2;241;226;219m[48;2;207;131;31m▀[0m[38;2;233;223;218m[48;2;209;133;32m▀[0m[38;2;233;225;219m[48;2;211;134;32m▀[0m[38;2;217;138;34m[48;2;212;134;32m▀[0m    
    [38;2;220;139;33m▄[0m[38;2;222;144;40m[48;2;216;137;34m▀[0m[38;2;224;149;51m[48;2;233;226;223m▀[0m[38;2;241;231;227m[48;2;249;247;241m▀[0m[38;2;228;214;207m[48;2;194;123;29m▀[0m[38;2;234;220;213m[48;2;209;133;32m▀[0m[38;2;230;222;217m[48;2;221;140;34m▀[0m[38;2;219;208;202m[48;2;216;137;33m▀[0m[38;2;207;134;39m[48;2;222;145;43m▀[0m[38;2;222;144;41m[48;2;226;156;65m▀[0m[38;2;241;226;218m[48;2;212;134;32m▀[0m[38;2;216;201;194m[48;2;68;66;65m▀[0m[38;2;211;197;189m[48;2;201;192;185m▀[0m[38;2;207;195;189m[48;2;201;192;186m▀[0m[38;2;207;195;188m[48;2;200;192;186m▀[0m[38;2;207;196;188m[48;2;200;192;186m▀[0m[38;2;202;194;188m[48;2;201;192;187m▀[0m[38;2;199;191;185m[48;2;199;192;186m▀[0m[38;2;44;43;42m[48;2;206;194;188m▀[0m[38;2;165;105;27m[48;2;199;193;187m▀[0m[38;2;215;137;35m[48;2;215;199;192m▀[0m[38;2;215;136;32m[48;2;219;209;202m▀[0m[38;2;209;133;32m[48;2;222;209;202m▀[0m[38;2;209;133;32m[48;2;221;210;203m▀[0m[38;2;213;135;32m[48;2;0;0;0m▀[0m[38;2;203;128;30m[48;2;164;104;25m▀[0m[38;2;183;116;28m[48;2;202;128;30m▀[0m[38;2;185;117;28m[48;2;205;130;31m▀[0m[38;2;210;133;32m[48;2;11;11;10m▀[0m[38;2;206;130;31m▀[0m[38;2;4;4;4m▀[0m     
  [38;2;178;171;168m▄[0m[38;2;134;85;21m[48;2;234;226;222m▀[0m[38;2;235;229;226m[48;2;226;216;211m▀[0m[38;2;84;55;16m[48;2;144;128;45m▀[0m[38;2;217;193;68m[48;2;228;217;212m▀[0m[38;2;214;136;32m[48;2;222;213;207m▀[0m[38;2;210;133;32m[48;2;226;214;208m▀[0m[38;2;216;136;32m[48;2;231;215;208m▀[0m[38;2;226;157;66m[48;2;220;212;206m▀[0m[38;2;225;155;63m[48;2;229;215;209m▀[0m[38;2;221;141;36m[48;2;232;216;208m▀[0m[38;2;212;134;32m[48;2;97;92;88m▀[0m[38;2;210;197;190m[48;2;207;197;190m▀[0m[38;2;211;198;191m[48;2;212;198;191m▀[0m[38;2;206;194;189m[48;2;208;195;188m▀[0m[38;2;199;192;186m[48;2;200;192;186m▀[0m[38;2;209;195;187m[48;2;200;192;186m▀[0m[38;2;205;194;187m[48;2;200;192;186m▀[0m[38;2;199;192;186m[48;2;200;192;185m▀[0m[38;2;201;193;187m[48;2;204;196;189m▀[0m[38;2;213;198;191m[48;2;214;201;194m▀[0m[38;2;213;203;196m[48;2;218;206;199m▀[0m[38;2;221;210;203m[48;2;216;208;202m▀[0m[38;2;217;208;202m[48;2;206;192;186m▀[0m[38;2;227;211;204m[48;2;207;192;186m▀[0m[38;2;199;190;185m[48;2;203;192;185m▀[0m[38;2;188;182;177m[48;2;198;189;184m▀[0m[38;2;198;191;185m▄[0m          
  [38;2;205;211;225m▄[0m[38;2;87;87;90m[48;2;198;203;216m▀[0m[38;2;127;118;113m▀[0m[38;2;183;172;165m▀[0m[38;2;213;199;191m▀[0m[38;2;205;195;187m▀[0m[38;2;221;211;204m▀[0m[38;2;223;215;209m[48;2;123;121;120m▀[0m[38;2;232;223;217m[48;2;239;229;224m▀[0m[38;2;240;226;219m[48;2;223;209;200m▀[0m[38;2;230;222;217m[48;2;225;209;201m▀[0m[38;2;232;223;218m[48;2;208;194;187m▀[0m[38;2;205;196;190m[48;2;205;192;186m▀[0m[38;2;202;195;189m[48;2;51;49;48m▀[0m[38;2;197;190;185m▀[0m[38;2;205;192;186m▀[0m[38;2;213;199;192m▀[0m[38;2;48;45;43m▀[0m   [38;2;198;189;184m▀[0m[38;2;208;194;186m▀[0m[38;2;201;193;185m▀[0m[38;2;198;190;185m▀[0m[38;2;10;10;10m▀[0m [38;2;206;192;186m▀[0m[38;2;211;198;192m[48;2;74;71;69m▀[0m[38;2;200;206;220m▄[0m        
  [38;2;54;55;58m▀[0m   [38;2;255;255;255m▄[0m[38;2;66;63;61m[48;2;155;155;155m▀[0m[38;2;243;231;226m[48;2;216;208;200m▀[0m[38;2;235;228;224m[48;2;148;138;132m▀[0m[38;2;218;208;200m▀[0m[38;2;211;197;188m▀[0m[38;2;60;57;54m▀[0m                           
      [38;2;112;112;112m▀[0m                                 
                                        
                                        
                                        
                                        
                                        
                                        
