                                        
                                        
                    [38;2;0;0;0m[48;2;133;134;136m▀[0m                   
                    [38;2;246;249;255m[48;2;245;249;255m▀[0m                   
   [38;2;0;0;0m▄[0m               [38;2;4;4;4m▄[0m[38;2;236;239;249m[48;2;235;238;246m▀[0m                   
    [38;2;0;0;0m▀[0m[38;2;0;0;0m▄[0m             [38;2;246;246;246m[48;2;246;246;247m▀[0m[38;2;229;231;241m[48;2;224;231;241m▀[0m         [38;2;0;0;0m▄[0m[38;2;0;0;0m▀[0m        
     [38;2;213;213;213m▀[0m[38;2;0;0;0m[48;2;247;248;248m▀[0m[38;2;0;0;0m▄[0m   [38;2;0;0;0m▄[0m[38;2;245;245;246m▄[0m[38;2;248;247;248m▄[0m[38;2;3;3;3m[48;2;247;247;248m▀[0m[38;2;248;249;249m[48;2;248;248;249m▀[0m[38;2;247;247;248m[48;2;248;248;249m▀[0m[38;2;248;248;249m[48;2;247;248;249m▀[0m[38;2;38;37;38m[48;2;248;248;249m▀[0m[38;2;247;248;249m[48;2;244;244;245m▀[0m[38;2;243;244;246m[48;2;247;246;247m▀[0m[38;2;230;233;240m[48;2;248;248;248m▀[0m[38;2;223;230;242m[48;2;238;240;244m▀[0m[38;2;0;0;0m[48;2;222;228;241m▀[0m[38;2;223;229;242m▄[0m[38;2;223;228;241m▄[0m  [38;2;0;0;0m▄[0m[38;2;0;0;0m[48;2;3;3;3m▀[0m          
      [38;2;144;146;151m▀[0m[38;2;247;247;248m[48;2;244;244;245m▀[0m[38;2;92;92;92m[48;2;246;246;247m▀[0m[38;2;0;0;0m[48;2;248;248;249m▀[0m[38;2;245;245;246m[48;2;249;249;250m▀[0m[38;2;247;248;249m[48;2;247;247;248m▀[0m[38;2;248;248;248m[48;2;248;247;248m▀[0m[38;2;247;248;249m[48;2;247;247;248m▀[0m[38;2;247;247;248m[48;2;248;248;248m▀[0m[38;2;248;248;249m[48;2;246;246;247m▀[0m[38;2;247;248;248m[48;2;247;247;248m▀[0m[38;2;247;248;248m[48;2;247;247;248m▀[0m[38;2;243;243;245m[48;2;248;248;248m▀[0m[38;2;248;248;249m[48;2;247;247;248m▀[0m[38;2;248;247;248m[48;2;245;245;246m▀[0m[38;2;247;247;248m[48;2;244;244;245m▀[0m[38;2;244;245;246m[48;2;244;245;246m▀[0m[38;2;72;73;77m[48;2;233;234;242m▀[0m[38;2;228;234;246m[48;2;222;229;241m▀[0m[38;2;222;229;241m[48;2;227;233;247m▀[0m[38;2;221;227;240m[48;2;234;236;241m▀[0m[38;2;127;128;130m[48;2;228;233;241m▀[0m[38;2;253;253;253m[48;2;224;229;241m▀[0m           
      [38;2;17;17;17m▄[0m[38;2;200;205;214m[48;2;196;195;198m▀[0m[38;2;244;243;244m[48;2;245;246;247m▀[0m[38;2;246;246;247m[48;2;246;246;247m▀[0m[38;2;248;248;249m[48;2;247;247;248m▀[0m[38;2;247;248;248m[48;2;246;246;248m▀[0m[38;2;246;245;247m[48;2;248;248;248m▀[0m[38;2;247;247;248m[48;2;87;87;88m▀[0m[38;2;245;246;248m[48;2;247;247;247m▀[0m[38;2;248;248;249m[48;2;244;245;246m▀[0m[38;2;247;248;249m[48;2;248;248;248m▀[0m[38;2;248;248;248m[48;2;247;247;248m▀[0m[38;2;248;248;249m[48;2;221;221;221m▀[0m[38;2;248;248;249m[48;2;247;247;248m▀[0m[38;2;247;247;248m[48;2;246;246;247m▀[0m[38;2;246;246;247m[48;2;246;246;248m▀[0m[38;2;244;245;245m[48;2;247;246;247m▀[0m[38;2;226;231;241m[48;2;236;238;242m▀[0m[38;2;223;229;241m[48;2;221;227;240m▀[0m[38;2;223;229;241m[48;2;224;229;241m▀[0m[38;2;224;229;242m[48;2;222;229;241m▀[0m[38;2;202;205;212m[48;2;217;224;236m▀[0m[38;2;212;217;230m[48;2;222;229;241m▀[0m[38;2;222;228;241m[48;2;77;78;81m▀[0m[38;2;223;228;241m▄[0m         
     [38;2;221;228;235m▄[0m[38;2;234;236;240m[48;2;245;245;246m▀[0m[38;2;248;248;248m[48;2;244;243;245m▀[0m[38;2;247;246;247m[48;2;248;247;248m▀[0m[38;2;248;247;249m[48;2;248;248;247m▀[0m[38;2;247;248;248m[48;2;248;247;249m▀[0m[38;2;248;248;249m[48;2;254;254;254m▀[0m[38;2;252;252;253m[48;2;247;246;248m▀[0m[38;2;247;247;248m[48;2;248;248;249m▀[0m[38;2;244;244;245m[48;2;247;247;248m▀[0m[38;2;248;248;249m[48;2;247;247;248m▀[0m[38;2;247;248;249m[48;2;248;248;249m▀[0m[38;2;247;248;248m[48;2;248;248;249m▀[0m[38;2;248;248;249m[48;2;247;247;248m▀[0m[38;2;251;251;251m[48;2;245;246;245m▀[0m[38;2;247;247;247m[48;2;161;161;164m▀[0m[38;2;246;246;247m[48;2;225;229;240m▀[0m[38;2;227;232;242m[48;2;247;246;247m▀[0m[38;2;223;229;241m[48;2;220;227;240m▀[0m[38;2;221;228;241m[48;2;222;229;241m▀[0m[38;2;221;227;240m[48;2;223;228;241m▀[0m[38;2;221;229;241m[48;2;222;228;241m▀[0m[38;2;222;229;241m[48;2;221;228;240m▀[0m[38;2;222;229;241m[48;2;219;226;239m▀[0m[38;2;221;228;241m[48;2;221;229;241m▀[0m[38;2;31;32;33m[48;2;222;229;241m▀[0m[38;2;32;33;34m[48;2;229;233;242m▀[0m        
     [38;2;225;230;242m[48;2;216;221;229m▀[0m[38;2;247;247;249m[48;2;244;244;246m▀[0m[38;2;247;247;248m[48;2;245;246;246m▀[0m[38;2;246;246;248m[48;2;246;246;247m▀[0m[38;2;247;247;248m[48;2;176;177;177m▀[0m[38;2;253;253;254m[48;2;248;248;248m▀[0m[38;2;248;248;248m[48;2;245;246;246m▀[0m[38;2;248;248;248m[48;2;253;253;253m▀[0m[38;2;247;248;249m[48;2;245;245;246m▀[0m[38;2;248;248;249m[48;2;253;253;253m▀[0m[38;2;246;246;247m[48;2;244;244;244m▀[0m[38;2;245;245;246m[48;2;242;243;245m▀[0m[38;2;246;246;248m[48;2;235;239;247m▀[0m[38;2;240;241;244m[48;2;228;233;241m▀[0m[38;2;239;240;244m[48;2;221;228;240m▀[0m[38;2;218;226;238m[48;2;222;229;241m▀[0m[38;2;223;230;241m[48;2;130;133;141m▀[0m[38;2;223;229;242m[48;2;222;229;241m▀[0m[38;2;221;227;241m[48;2;217;224;237m▀[0m[38;2;217;225;238m[48;2;222;228;241m▀[0m[38;2;223;229;241m[48;2;223;229;242m▀[0m[38;2;222;229;241m[48;2;222;228;241m▀[0m[38;2;219;226;239m[48;2;222;229;242m▀[0m[38;2;220;227;239m[48;2;222;228;242m▀[0m[38;2;220;226;238m[48;2;222;229;241m▀[0m[38;2;222;229;241m[48;2;219;226;239m▀[0m[38;2;130;131;138m[48;2;85;87;91m▀[0m        
     [38;2;225;231;244m[48;2;224;230;243m▀[0m[38;2;243;244;246m[48;2;244;244;246m▀[0m[38;2;242;243;245m[48;2;224;230;241m▀[0m[38;2;248;248;248m[48;2;201;205;212m▀[0m[38;2;246;246;247m[48;2;239;241;244m▀[0m[38;2;246;246;247m[48;2;241;242;244m▀[0m[38;2;247;248;249m[48;2;239;240;244m▀[0m[38;2;131;131;132m[48;2;43;44;44m▀[0m[38;2;153;160;173m[48;2;205;99;111m▀[0m[38;2;204;100;112m[48;2;0;0;0m▀[0m[38;2;17;17;18m[48;2;208;104;115m▀[0m[38;2;240;241;244m[48;2;41;42;47m▀[0m[38;2;211;219;236m[48;2;218;226;243m▀[0m[38;2;222;228;241m[48;2;221;228;241m▀[0m[38;2;222;229;241m[48;2;221;228;241m▀[0m[38;2;218;224;238m[48;2;223;229;242m▀[0m[38;2;221;227;240m[48;2;222;228;241m▀[0m[38;2;221;228;240m[48;2;223;228;242m▀[0m[38;2;200;204;213m[48;2;222;228;241m▀[0m[38;2;222;229;241m[48;2;230;237;248m▀[0m[38;2;222;228;241m[48;2;221;228;240m▀[0m[38;2;223;228;242m[48;2;222;229;241m▀[0m[38;2;222;229;241m[48;2;222;228;241m▀[0m[38;2;222;229;241m[48;2;224;230;241m▀[0m[38;2;234;236;241m[48;2;243;243;246m▀[0m[38;2;225;230;242m[48;2;242;244;246m▀[0m[38;2;247;247;249m▄[0m        
      [38;2;236;238;243m[48;2;95;97;102m▀[0m[38;2;223;229;242m[48;2;222;229;241m▀[0m[38;2;222;229;241m[48;2;222;229;241m▀[0m[38;2;223;229;241m[48;2;217;223;236m▀[0m[38;2;222;228;242m[48;2;222;229;241m▀[0m[38;2;222;229;241m[48;2;217;223;237m▀[0m[38;2;158;164;178m[48;2;222;228;241m▀[0m[38;2;237;153;157m[48;2;188;201;226m▀[0m[38;2;213;105;117m[48;2;197;108;113m▀[0m[38;2;230;124;130m[48;2;199;211;241m▀[0m[38;2;190;203;230m[48;2;196;207;236m▀[0m[38;2;222;228;241m[48;2;219;226;239m▀[0m[38;2;222;229;241m[48;2;219;226;239m▀[0m[38;2;223;228;241m[48;2;220;226;239m▀[0m[38;2;219;226;239m[48;2;222;229;241m▀[0m[38;2;223;228;241m[48;2;222;228;241m▀[0m[38;2;221;228;241m[48;2;223;229;241m▀[0m[38;2;221;227;240m[48;2;223;228;242m▀[0m[38;2;221;226;234m[48;2;223;229;242m▀[0m[38;2;222;228;241m[48;2;219;225;238m▀[0m[38;2;222;229;241m[48;2;220;227;240m▀[0m[38;2;223;229;241m[48;2;222;229;241m▀[0m[38;2;219;226;239m[48;2;222;228;242m▀[0m[38;2;222;228;241m[48;2;74;75;77m▀[0m[38;2;0;0;0m▀[0m [38;2;40;40;40m▀[0m[38;2;252;252;252m▀[0m[38;2;214;213;213m▀[0m  [38;2;0;0;0m▄[0m  
     [38;2;189;198;216m▄[0m[38;2;191;199;216m▀[0m[38;2;116;120;127m▀[0m[38;2;37;37;39m▀[0m[38;2;221;228;241m[48;2;233;239;249m▀[0m[38;2;222;229;241m[48;2;219;227;239m▀[0m[38;2;222;229;242m[48;2;223;229;242m▀[0m[38;2;223;229;242m[48;2;223;229;241m▀[0m[38;2;217;225;239m[48;2;224;229;241m▀[0m[38;2;171;182;207m[48;2;223;228;242m▀[0m[38;2;133;141;160m[48;2;222;229;240m▀[0m[38;2;224;229;241m[48;2;223;228;241m▀[0m[38;2;218;225;238m[48;2;222;228;241m▀[0m[38;2;223;228;241m[48;2;222;229;241m▀[0m[38;2;223;228;241m[48;2;222;229;241m▀[0m[38;2;219;226;239m[48;2;243;251;253m▀[0m[38;2;224;232;244m[48;2;220;226;239m▀[0m[38;2;223;229;242m[48;2;223;230;241m▀[0m[38;2;219;227;239m[48;2;222;228;241m▀[0m[38;2;222;228;241m[48;2;222;229;241m▀[0m[38;2;220;227;240m[48;2;221;228;241m▀[0m[38;2;217;223;236m[48;2;223;229;243m▀[0m[38;2;221;228;240m▀[0m[38;2;14;14;14m▀[0m           
   [38;2;0;0;0m▄[0m[38;2;238;244;248m▀[0m     [38;2;0;0;0m▀[0m[38;2;226;231;240m▀[0m[38;2;223;228;240m▀[0m[38;2;233;236;241m[48;2;241;243;246m▀[0m[38;2;223;228;241m[48;2;244;244;244m▀[0m[38;2;222;229;241m[48;2;225;226;228m▀[0m[38;2;223;229;243m[48;2;221;228;241m▀[0m[38;2;222;229;241m[48;2;218;224;237m▀[0m[38;2;222;228;241m[48;2;181;187;196m▀[0m[38;2;221;227;240m[48;2;223;228;242m▀[0m[38;2;218;226;239m[48;2;242;247;252m▀[0m[38;2;221;228;241m[48;2;21;21;22m▀[0m[38;2;222;228;241m[48;2;230;237;248m▀[0m[38;2;243;243;246m[48;2;232;235;242m▀[0m[38;2;45;45;47m[48;2;0;0;0m▀[0m               
  [38;2;0;0;0m▀[0m          [38;2;126;126;127m[48;2;19;19;19m▀[0m[38;2;247;248;248m[48;2;237;237;237m▀[0m        [38;2;155;159;167m▀[0m[38;2;247;247;248m[48;2;94;93;94m▀[0m[38;2;66;66;66m▄[0m              
             [38;2;0;0;0m[48;2;0;0;0m▀[0m           [38;2;140;139;139m▀[0m[38;2;27;27;27m▄[0m             
                           [38;2;0;0;0m▀[0m            
                                        
                                        
