                                        
                                        
                    [38;2;0;0;0m[48;2;219;160;36m▀[0m                   
                    [38;2;255;244;214m[48;2;255;243;210m▀[0m                   
   [38;2;0;0;0m▄[0m               [38;2;16;10;1m▄[0m[38;2;255;239;199m[48;2;255;237;200m▀[0m                   
    [38;2;4;3;1m▀[0m[38;2;3;1;0m▄[0m             [38;2;253;241;217m[48;2;254;241;214m▀[0m[38;2;253;233;192m[48;2;255;232;182m▀[0m         [38;2;0;0;0m▄[0m[38;2;0;0;0m▀[0m        
     [38;2;226;204;160m▀[0m[38;2;1;0;0m[48;2;254;243;217m▀[0m[38;2;8;4;0m▄[0m   [38;2;0;0;0m▄[0m[38;2;255;240;211m▄[0m[38;2;254;243;216m▄[0m[38;2;24;18;5m[48;2;254;243;216m▀[0m[38;2;253;243;221m[48;2;254;243;217m▀[0m[38;2;254;243;216m[48;2;254;243;217m▀[0m[38;2;254;242;218m[48;2;254;242;218m▀[0m[38;2;80;61;23m[48;2;254;243;218m▀[0m[38;2;254;243;218m[48;2;254;239;210m▀[0m[38;2;255;239;209m[48;2;254;241;214m▀[0m[38;2;255;233;187m[48;2;254;242;218m▀[0m[38;2;251;227;170m[48;2;255;238;200m▀[0m[38;2;2;1;0m[48;2;254;230;180m▀[0m[38;2;254;230;180m▄[0m[38;2;248;224;169m▄[0m  [38;2;0;0;1m▄[0m[38;2;1;1;0m[48;2;17;12;2m▀[0m          
      [38;2;185;153;86m▀[0m[38;2;254;243;216m[48;2;255;240;210m▀[0m[38;2;127;105;55m[48;2;254;241;214m▀[0m[38;2;0;0;0m[48;2;254;242;218m▀[0m[38;2;255;240;212m[48;2;254;243;221m▀[0m[38;2;254;242;218m[48;2;254;242;215m▀[0m[38;2;254;242;218m[48;2;254;243;216m▀[0m[38;2;254;243;218m[48;2;254;243;216m▀[0m[38;2;254;242;215m[48;2;254;242;217m▀[0m[38;2;254;243;217m[48;2;254;241;214m▀[0m[38;2;254;242;217m[48;2;254;242;216m▀[0m[38;2;254;242;217m[48;2;254;242;216m▀[0m[38;2;254;239;210m[48;2;254;242;219m▀[0m[38;2;254;243;217m[48;2;254;243;216m▀[0m[38;2;254;242;215m[48;2;255;241;212m▀[0m[38;2;254;243;216m[48;2;255;239;210m▀[0m[38;2;254;240;211m[48;2;255;240;211m▀[0m[38;2;131;99;29m[48;2;255;234;191m▀[0m[38;2;254;235;193m[48;2;254;230;179m▀[0m[38;2;254;230;179m[48;2;252;228;179m▀[0m[38;2;255;228;174m[48;2;255;236;197m▀[0m[38;2;170;137;68m[48;2;255;234;188m▀[0m[38;2;254;246;229m[48;2;254;230;181m▀[0m           
      [38;2;47;34;7m▄[0m[38;2;242;207;130m[48;2;229;196;123m▀[0m[38;2;253;239;209m[48;2;254;241;213m▀[0m[38;2;254;241;214m[48;2;254;242;215m▀[0m[38;2;254;242;218m[48;2;254;242;215m▀[0m[38;2;254;243;218m[48;2;254;241;214m▀[0m[38;2;254;242;214m[48;2;254;242;218m▀[0m[38;2;254;242;216m[48;2;128;104;52m▀[0m[38;2;254;241;214m[48;2;254;242;215m▀[0m[38;2;254;243;217m[48;2;255;240;211m▀[0m[38;2;254;243;217m[48;2;254;243;217m▀[0m[38;2;254;243;218m[48;2;254;243;216m▀[0m[38;2;254;242;218m[48;2;241;216;160m▀[0m[38;2;254;243;218m[48;2;254;242;215m▀[0m[38;2;254;243;217m[48;2;254;241;214m▀[0m[38;2;254;241;214m[48;2;254;242;214m▀[0m[38;2;255;240;211m[48;2;254;242;214m▀[0m[38;2;255;231;184m[48;2;255;236;196m▀[0m[38;2;254;230;180m[48;2;255;229;175m▀[0m[38;2;254;231;180m[48;2;254;230;180m▀[0m[38;2;254;230;180m[48;2;254;230;180m▀[0m[38;2;232;201;135m[48;2;255;228;170m▀[0m[38;2;240;212;151m[48;2;254;230;180m▀[0m[38;2;254;230;179m[48;2;119;94;40m▀[0m[38;2;254;230;180m▄[0m         
     [38;2;246;221;166m▄[0m[38;2;255;235;194m[48;2;254;240;212m▀[0m[38;2;254;243;217m[48;2;254;239;209m▀[0m[38;2;254;242;215m[48;2;254;242;215m▀[0m[38;2;254;243;217m[48;2;254;243;218m▀[0m[38;2;254;243;217m[48;2;254;243;216m▀[0m[38;2;254;242;218m[48;2;252;246;233m▀[0m[38;2;254;244;223m[48;2;254;241;214m▀[0m[38;2;254;243;216m[48;2;254;242;219m▀[0m[38;2;255;239;209m[48;2;254;243;216m▀[0m[38;2;254;242;218m[48;2;254;242;215m▀[0m[38;2;254;242;218m[48;2;254;242;219m▀[0m[38;2;254;243;217m[48;2;254;242;218m▀[0m[38;2;254;242;218m[48;2;254;243;216m▀[0m[38;2;253;242;218m[48;2;255;241;213m▀[0m[38;2;254;242;214m[48;2;218;172;72m▀[0m[38;2;254;241;214m[48;2;254;231;183m▀[0m[38;2;254;232;186m[48;2;255;241;214m▀[0m[38;2;254;230;180m[48;2;255;229;175m▀[0m[38;2;254;230;178m[48;2;254;230;179m▀[0m[38;2;255;229;175m[48;2;254;230;180m▀[0m[38;2;254;230;178m[48;2;254;230;179m▀[0m[38;2;254;230;179m[48;2;254;230;178m▀[0m[38;2;255;230;179m[48;2;255;228;173m▀[0m[38;2;254;230;178m[48;2;255;230;178m▀[0m[38;2;63;48;17m[48;2;254;230;180m▀[0m[38;2;69;50;11m[48;2;254;233;190m▀[0m        
     [38;2;255;231;182m[48;2;240;213;153m▀[0m[38;2;255;242;217m[48;2;255;239;210m▀[0m[38;2;254;243;216m[48;2;254;241;214m▀[0m[38;2;254;241;214m[48;2;254;241;214m▀[0m[38;2;255;242;215m[48;2;209;178;111m▀[0m[38;2;254;246;226m[48;2;254;242;218m▀[0m[38;2;254;243;217m[48;2;254;241;214m▀[0m[38;2;254;243;217m[48;2;255;247;228m▀[0m[38;2;254;242;219m[48;2;255;240;211m▀[0m[38;2;254;242;219m[48;2;253;241;216m▀[0m[38;2;254;241;214m[48;2;254;239;210m▀[0m[38;2;254;241;214m[48;2;254;239;209m▀[0m[38;2;254;241;214m[48;2;255;237;198m▀[0m[38;2;255;238;204m[48;2;255;233;187m▀[0m[38;2;255;237;200m[48;2;254;230;178m▀[0m[38;2;255;227;173m[48;2;254;230;180m▀[0m[38;2;255;231;181m[48;2;192;148;52m▀[0m[38;2;254;230;181m[48;2;255;230;179m▀[0m[38;2;255;229;177m[48;2;255;228;171m▀[0m[38;2;255;228;171m[48;2;254;230;180m▀[0m[38;2;254;230;180m[48;2;254;230;180m▀[0m[38;2;254;230;180m[48;2;254;230;180m▀[0m[38;2;255;227;173m[48;2;254;230;180m▀[0m[38;2;255;229;175m[48;2;254;230;180m▀[0m[38;2;255;227;173m[48;2;254;230;179m▀[0m[38;2;254;230;180m[48;2;255;228;173m▀[0m[38;2;170;141;83m[48;2;126;100;43m▀[0m        
     [38;2;254;232;185m[48;2;254;231;183m▀[0m[38;2;255;239;209m[48;2;255;239;209m▀[0m[38;2;253;239;209m[48;2;255;231;183m▀[0m[38;2;251;236;206m[48;2;240;206;132m▀[0m[38;2;254;241;214m[48;2;255;238;202m▀[0m[38;2;254;241;214m[48;2;254;239;207m▀[0m[38;2;254;243;217m[48;2;255;238;201m▀[0m[38;2;213;155;33m[48;2;76;60;26m▀[0m[38;2;211;168;77m[48;2;18;175;219m▀[0m[38;2;18;175;221m[48;2;0;0;0m▀[0m[38;2;44;33;10m[48;2;19;180;226m▀[0m[38;2;255;239;204m[48;2;78;78;79m▀[0m[38;2;254;225;164m[48;2;255;225;162m▀[0m[38;2;254;230;180m[48;2;255;230;177m▀[0m[38;2;254;230;179m[48;2;254;230;178m▀[0m[38;2;255;228;171m[48;2;254;230;180m▀[0m[38;2;255;228;173m[48;2;254;230;179m▀[0m[38;2;255;229;176m[48;2;254;230;180m▀[0m[38;2;230;199;137m[48;2;254;230;180m▀[0m[38;2;254;230;179m[48;2;254;232;184m▀[0m[38;2;255;230;180m[48;2;255;230;175m▀[0m[38;2;254;230;180m[48;2;254;230;179m▀[0m[38;2;254;230;179m[48;2;254;230;179m▀[0m[38;2;254;230;179m[48;2;255;230;181m▀[0m[38;2;255;235;193m[48;2;254;239;207m▀[0m[38;2;250;224;169m[48;2;254;240;210m▀[0m[38;2;254;243;218m▄[0m[38;2;0;0;0m▄[0m       
      [38;2;255;237;197m[48;2;133;108;56m▀[0m[38;2;254;230;180m[48;2;254;230;180m▀[0m[38;2;254;230;180m[48;2;254;230;180m▀[0m[38;2;254;230;180m[48;2;255;228;169m▀[0m[38;2;254;230;180m[48;2;254;230;180m▀[0m[38;2;255;230;180m[48;2;255;228;171m▀[0m[38;2;234;184;77m[48;2;254;230;180m▀[0m[38;2;81;204;240m[48;2;222;228;233m▀[0m[38;2;20;179;225m[48;2;48;156;187m▀[0m[38;2;44;194;237m[48;2;239;244;248m▀[0m[38;2;236;243;248m[48;2;238;244;248m▀[0m[38;2;254;230;178m[48;2;255;228;173m▀[0m[38;2;254;230;180m[48;2;255;228;172m▀[0m[38;2;254;230;180m[48;2;255;227;173m▀[0m[38;2;255;228;171m[48;2;254;230;180m▀[0m[38;2;254;230;179m[48;2;254;225;164m▀[0m[38;2;255;230;177m[48;2;254;230;180m▀[0m[38;2;255;228;174m[48;2;254;230;180m▀[0m[38;2;244;219;165m[48;2;254;230;180m▀[0m[38;2;255;230;178m[48;2;255;228;171m▀[0m[38;2;254;230;179m[48;2;255;228;173m▀[0m[38;2;254;230;180m[48;2;254;230;179m▀[0m[38;2;255;228;172m[48;2;254;230;179m▀[0m[38;2;254;230;179m[48;2;116;91;37m▀[0m[38;2;0;0;0m▀[0m [38;2;80;59;13m▀[0m[38;2;254;244;219m▀[0m[38;2;239;211;148m▀[0m  [38;2;0;0;0m▄[0m  
     [38;2;255;212;120m▄[0m[38;2;255;213;122m▀[0m[38;2;162;131;65m▀[0m[38;2;78;58;14m▀[0m[38;2;255;230;177m[48;2;254;233;184m▀[0m[38;2;254;230;179m[48;2;255;228;174m▀[0m[38;2;254;230;180m[48;2;255;230;180m▀[0m[38;2;254;230;180m[48;2;255;230;180m▀[0m[38;2;255;228;174m[48;2;254;230;180m▀[0m[38;2;203;207;210m[48;2;254;230;180m▀[0m[38;2;174;179;185m[48;2;254;230;179m▀[0m[38;2;254;230;180m[48;2;254;230;180m▀[0m[38;2;255;228;172m[48;2;254;230;179m▀[0m[38;2;254;230;180m[48;2;254;230;180m▀[0m[38;2;254;230;180m[48;2;254;230;180m▀[0m[38;2;255;227;173m[48;2;254;240;199m▀[0m[38;2;254;231;184m[48;2;255;228;173m▀[0m[38;2;254;230;180m[48;2;255;230;180m▀[0m[38;2;255;229;174m[48;2;254;230;179m▀[0m[38;2;254;230;179m[48;2;254;230;178m▀[0m[38;2;255;229;175m[48;2;254;230;178m▀[0m[38;2;255;228;171m[48;2;255;230;182m▀[0m[38;2;255;229;176m▀[0m[38;2;45;31;2m▀[0m           
   [38;2;0;0;0m▄[0m[38;2;248;227;176m▀[0m     [38;2;1;0;0m▀[0m[38;2;254;232;187m▀[0m[38;2;254;230;180m▀[0m[38;2;255;235;193m[48;2;253;237;205m▀[0m[38;2;254;230;180m[48;2;255;240;210m▀[0m[38;2;254;230;180m[48;2;237;215;168m▀[0m[38;2;254;232;186m[48;2;255;230;177m▀[0m[38;2;254;230;180m[48;2;255;228;171m▀[0m[38;2;254;230;180m[48;2;226;190;110m▀[0m[38;2;255;229;174m[48;2;254;230;179m▀[0m[38;2;255;227;173m[48;2;255;240;203m▀[0m[38;2;254;230;178m[48;2;50;34;0m▀[0m[38;2;254;230;180m[48;2;252;230;180m▀[0m[38;2;255;239;207m[48;2;254;234;192m▀[0m[38;2;94;68;14m[48;2;2;1;0m▀[0m               
  [38;2;0;0;0m▀[0m          [38;2;192;146;47m[48;2;42;34;15m▀[0m[38;2;254;243;217m[48;2;244;226;184m▀[0m        [38;2;188;161;103m▀[0m[38;2;254;242;214m[48;2;136;108;53m▀[0m[38;2;110;84;29m▄[0m              
             [38;2;22;12;0m[48;2;2;1;0m▀[0m           [38;2;175;147;88m▀[0m[38;2;58;45;14m▄[0m             
             [38;2;0;0;1m[48;2;0;0;0m▀[0m             [38;2;3;3;0m▀[0m            
                                        
                                        
