                                        
                                        
     [38;2;107;74;44m▄[0m             [38;2;107;73;43m▄[0m[38;2;26;16;13m▄[0m                   
     [38;2;190;167;127m[48;2;138;121;95m▀[0m[38;2;101;69;42m[48;2;105;71;43m▀[0m        [38;2;64;43;26m▄[0m[38;2;106;73;44m▄[0m[38;2;106;72;43m[48;2;30;25;19m▀[0m[38;2;95;66;41m[48;2;179;157;121m▀[0m[38;2;179;157;122m▀[0m                    
   [38;2;98;87;67m▀[0m[38;2;93;85;63m▀[0m[38;2;216;191;143m[48;2;218;193;143m▀[0m[38;2;51;42;34m[48;2;196;171;130m▀[0m[38;2;103;70;42m[48;2;78;55;39m▀[0m [38;2;46;36;22m▄[0m[38;2;255;181;133m▄[0m[38;2;255;173;118m▄[0m[38;2;255;163;102m▄[0m[38;2;255;159;95m▄[0m[38;2;80;56;40m▄[0m[38;2;104;72;43m[48;2;78;55;38m▀[0m[38;2;22;16;13m[48;2;179;157;121m▀[0m[38;2;179;157;121m[48;2;217;192;143m▀[0m[38;2;218;193;143m[48;2;218;193;144m▀[0m[38;2;83;73;57m▀[0m                    
      [38;2;207;182;137m[48;2;187;164;126m▀[0m[38;2;78;55;39m[48;2;255;169;112m▀[0m[38;2;255;201;166m[48;2;16;16;18m▀[0m[38;2;255;195;155m[48;2;255;176;122m▀[0m[38;2;255;181;132m[48;2;255;160;97m▀[0m[38;2;255;168;109m[48;2;255;157;92m▀[0m[38;2;255;160;98m[48;2;255;154;87m▀[0m[38;2;63;48;27m[48;2;88;69;55m▀[0m[38;2;255;160;98m[48;2;255;156;89m▀[0m[38;2;82;59;41m[48;2;255;154;86m▀[0m[38;2;179;157;121m▀[0m[38;2;225;204;150m▀[0m                      
      [38;2;190;169;125m▄[0m[38;2;255;156;89m[48;2;218;193;144m▀[0m[38;2;255;152;86m[48;2;255;158;94m▀[0m[38;2;255;160;98m[48;2;255;153;85m▀[0m[38;2;255;159;97m[48;2;255;160;98m▀[0m[38;2;255;160;98m[48;2;255;160;98m▀[0m[38;2;208;119;62m[48;2;255;160;98m▀[0m[38;2;255;171;116m[48;2;182;114;67m▀[0m[38;2;218;193;143m[48;2;218;193;144m▀[0m[38;2;188;127;81m[48;2;209;182;137m▀[0m[38;2;120;72;39m▄[0m                       
      [38;2;154;134;102m▀[0m[38;2;219;194;144m[48;2;255;145;74m▀[0m[38;2;255;156;90m[48;2;255;141;67m▀[0m[38;2;255;160;98m[48;2;255;148;77m▀[0m[38;2;255;160;98m[48;2;255;154;88m▀[0m[38;2;255;160;98m[48;2;255;144;72m▀[0m[38;2;255;160;98m[48;2;248;140;69m▀[0m[38;2;255;159;96m[48;2;237;136;69m▀[0m[38;2;219;192;143m[48;2;230;133;69m▀[0m[38;2;179;116;65m[48;2;221;128;67m▀[0m[38;2;193;122;66m[48;2;227;132;70m▀[0m                       
  [38;2;140;111;79m▄[0m[38;2;110;77;45m▄[0m[38;2;150;95;53m▄[0m[38;2;255;160;98m▄[0m[38;2;255;153;86m▄[0m[38;2;255;141;68m[48;2;255;152;84m▀[0m[38;2;248;139;68m[48;2;233;218;194m▀[0m[38;2;240;139;73m[48;2;230;217;193m▀[0m[38;2;235;153;98m[48;2;231;217;194m▀[0m[38;2;236;138;73m[48;2;231;217;194m▀[0m[38;2;235;135;69m[48;2;230;217;195m▀[0m[38;2;221;128;67m[48;2;217;126;66m▀[0m[38;2;226;131;69m[48;2;214;125;66m▀[0m[38;2;214;124;65m[48;2;219;128;67m▀[0m[38;2;255;151;83m[48;2;243;135;65m▀[0m[38;2;196;142;88m[48;2;125;89;50m▀[0m[38;2;109;76;45m▄[0m[38;2;137;107;74m▄[0m[38;2;30;22;13m▄[0m    [38;2;162;141;110m▄[0m[38;2;120;105;85m▄[0m             
  [38;2;104;72;44m▀[0m[38;2;112;79;46m▀[0m[38;2;255;156;89m[48;2;165;104;61m▀[0m[38;2;255;160;98m[48;2;230;136;73m▀[0m[38;2;255;160;97m[48;2;232;137;75m▀[0m[38;2;250;237;211m[48;2;251;242;221m▀[0m[38;2;250;238;214m[48;2;251;242;221m▀[0m[38;2;233;219;197m[48;2;251;242;218m▀[0m[38;2;231;217;194m[48;2;250;239;216m▀[0m[38;2;229;216;194m[48;2;238;224;201m▀[0m[38;2;230;216;194m[48;2;229;216;193m▀[0m[38;2;228;214;191m[48;2;230;216;194m▀[0m[38;2;216;125;66m[48;2;221;132;74m▀[0m[38;2;222;130;69m[48;2;222;129;70m▀[0m[38;2;222;130;69m[48;2;244;142;74m▀[0m[38;2;155;100;59m▀[0m[38;2;92;63;40m▀[0m[38;2;91;63;40m▀[0m[38;2;92;63;41m▀[0m     [38;2;164;143;112m▀[0m[38;2;165;143;112m[48;2;166;145;112m▀[0m[38;2;165;143;112m[48;2;170;149;115m▀[0m[38;2;173;151;116m▄[0m[38;2;180;157;120m▄[0m         
      [38;2;151;142;124m[48;2;251;243;223m▀[0m[38;2;251;243;223m[48;2;251;243;223m▀[0m[38;2;251;243;222m[48;2;251;243;223m▀[0m[38;2;251;243;222m[48;2;251;243;223m▀[0m[38;2;251;242;219m[48;2;251;242;219m▀[0m[38;2;251;241;216m[48;2;251;241;217m▀[0m[38;2;250;240;215m[48;2;251;240;216m▀[0m[38;2;250;240;215m[48;2;251;240;216m▀[0m[38;2;252;182;123m[48;2;255;177;125m▀[0m[38;2;178;115;59m[48;2;244;217;171m▀[0m[38;2;247;228;192m[48;2;246;220;173m▀[0m[38;2;137;110;80m[48;2;209;188;148m▀[0m[38;2;86;69;61m[48;2;209;190;149m▀[0m[38;2;58;45;41m▀[0m[38;2;134;118;100m▀[0m[38;2;158;135;107m▀[0m[38;2;157;135;106m▀[0m[38;2;161;140;110m[48;2;23;20;16m▀[0m[38;2;165;143;112m[48;2;165;143;112m▀[0m[38;2;160;139;109m[48;2;165;143;110m▀[0m[38;2;167;145;112m[48;2;168;145;113m▀[0m[38;2;167;144;112m[48;2;173;151;116m▀[0m[38;2;167;145;112m[48;2;173;150;115m▀[0m[38;2;179;157;119m[48;2;178;154;117m▀[0m[38;2;182;159;121m[48;2;182;159;121m▀[0m[38;2;213;187;138m[48;2;204;178;131m▀[0m[38;2;216;190;139m[48;2;216;190;139m▀[0m[38;2;216;190;139m▄[0m[38;2;8;5;4m▄[0m     
      [38;2;251;243;223m[48;2;251;243;223m▀[0m[38;2;251;243;223m[48;2;252;243;223m▀[0m[38;2;251;243;223m[48;2;251;243;223m▀[0m[38;2;251;243;223m[48;2;251;243;222m▀[0m[38;2;251;242;219m[48;2;251;241;219m▀[0m[38;2;251;241;216m[48;2;251;241;217m▀[0m[38;2;251;240;216m[48;2;251;240;217m▀[0m[38;2;251;240;216m[48;2;251;239;214m▀[0m[38;2;255;181;131m[48;2;242;136;69m▀[0m[38;2;49;42;30m[48;2;255;160;98m▀[0m[38;2;245;218;171m[48;2;249;224;177m▀[0m[38;2;242;213;168m[48;2;245;220;173m▀[0m[38;2;245;220;173m[48;2;240;211;166m▀[0m      [38;2;60;52;40m▀[0m[38;2;168;146;113m▀[0m[38;2;180;157;120m[48;2;178;155;118m▀[0m[38;2;183;160;121m[48;2;184;160;121m▀[0m[38;2;75;65;49m[48;2;201;174;131m▀[0m[38;2;207;182;135m▀[0m[38;2;216;190;139m▀[0m[38;2;216;190;139m▀[0m[38;2;217;190;139m[48;2;56;50;39m▀[0m[38;2;216;190;139m[48;2;215;190;139m▀[0m[38;2;216;190;139m[48;2;216;190;139m▀[0m[38;2;222;196;143m▄[0m   
      [38;2;251;243;220m[48;2;232;210;174m▀[0m[38;2;251;243;221m[48;2;245;232;209m▀[0m[38;2;251;242;221m[48;2;251;241;217m▀[0m[38;2;251;242;219m[48;2;251;241;216m▀[0m[38;2;251;241;216m[48;2;251;240;216m▀[0m[38;2;251;240;216m[48;2;251;240;216m▀[0m[38;2;251;240;216m[48;2;251;240;217m▀[0m[38;2;251;240;217m[48;2;248;201;145m▀[0m[38;2;224;131;70m[48;2;220;133;75m▀[0m[38;2;222;129;70m[48;2;222;131;72m▀[0m[38;2;225;132;71m[48;2;214;125;66m▀[0m[38;2;246;220;173m[48;2;206;182;149m▀[0m[38;2;255;163;102m[48;2;255;146;73m▀[0m[38;2;147;127;104m▄[0m        [38;2;182;159;119m▀[0m[38;2;188;164;123m[48;2;211;183;135m▀[0m[38;2;7;5;5m▄[0m     [38;2;170;156;116m▀[0m[38;2;225;206;149m▀[0m  
      [38;2;49;45;44m▄[0m[38;2;225;206;177m[48;2;215;125;67m▀[0m[38;2;230;216;194m[48;2;222;130;70m▀[0m[38;2;230;216;194m[48;2;223;139;82m▀[0m[38;2;230;216;194m[48;2;223;134;76m▀[0m[38;2;229;216;193m[48;2;221;130;69m▀[0m[38;2;212;178;138m[48;2;225;131;69m▀[0m[38;2;221;131;73m▀[0m[38;2;217;126;67m[48;2;9;8;8m▀[0m[38;2;224;131;70m▀[0m[38;2;220;128;68m▀[0m[38;2;48;34;23m▀[0m[38;2;100;85;71m[48;2;221;196;157m▀[0m[38;2;168;145;118m▀[0m          [38;2;214;188;138m▀[0m         
     [38;2;90;85;84m[48;2;66;60;60m▀[0m  [38;2;114;73;43m▀[0m[38;2;216;126;67m▀[0m[38;2;222;130;69m[48;2;214;125;66m▀[0m[38;2;221;130;69m[48;2;227;132;70m▀[0m  [38;2;11;9;9m▀[0m                         
     [38;2;14;12;12m[48;2;90;85;84m▀[0m    [38;2;214;124;65m[48;2;215;125;65m▀[0m[38;2;214;125;66m[48;2;214;125;66m▀[0m[38;2;15;14;14m▄[0m[38;2;54;50;49m▀[0m                          
     [38;2;56;53;52m▀[0m [38;2;89;84;83m▄[0m[38;2;86;81;80m▄[0m[38;2;37;28;15m[48;2;212;122;63m▀[0m[38;2;255;156;90m[48;2;113;79;46m▀[0m[38;2;255;154;86m[48;2;101;70;42m▀[0m                            
        [38;2;126;95;63m[48;2;4;2;1m▀[0m[38;2;112;79;46m[48;2;94;65;40m▀[0m[38;2;112;79;46m[48;2;93;65;41m▀[0m[38;2;0;0;0m▀[0m                            
                                        
                                        
