                                        
                                        
                                        
       [38;2;110;116;135m▄[0m[38;2;109;115;134m▄[0m[38;2;87;91;106m[48;2;20;14;15m▀[0m[38;2;111;117;137m[48;2;235;147;150m▀[0m[38;2;33;21;23m[48;2;235;147;149m▀[0m[38;2;113;120;139m[48;2;108;114;133m▀[0m[38;2;0;0;0m[48;2;96;100;124m▀[0m[38;2;87;93;120m▄[0m[38;2;88;93;121m▄[0m                        
     [38;2;222;225;229m▄[0m[38;2;37;39;47m[48;2;219;116;134m▀[0m[38;2;222;120;136m[48;2;219;115;134m▀[0m[38;2;231;137;144m[48;2;219;115;134m▀[0m[38;2;234;142;148m[48;2;219;115;134m▀[0m[38;2;234;141;147m[48;2;219;115;134m▀[0m[38;2;121;72;76m[48;2;219;115;134m▀[0m[38;2;90;94;121m[48;2;222;132;149m▀[0m[38;2;86;92;119m[48;2;85;91;118m▀[0m[38;2;88;93;120m[48;2;79;86;114m▀[0m[38;2;87;92;120m[48;2;68;75;107m▀[0m[38;2;66;73;104m[48;2;58;64;97m▀[0m[38;2;0;0;0m[48;2;56;63;96m▀[0m[38;2;0;0;0m▄[0m                     
    [38;2;0;0;0m▄[0m[38;2;131;130;130m[48;2;56;57;57m▀[0m[38;2;219;116;134m[48;2;35;35;35m▀[0m[38;2;219;115;134m[48;2;206;112;127m▀[0m[38;2;219;115;134m[48;2;219;115;134m▀[0m[38;2;219;116;134m[48;2;217;115;133m▀[0m[38;2;219;115;134m[48;2;195;107;121m▀[0m[38;2;219;116;134m[48;2;225;229;242m▀[0m[38;2;219;115;134m[48;2;2;2;2m▀[0m[38;2;165;90;103m[48;2;14;14;14m▀[0m[38;2;59;65;97m[48;2;59;65;97m▀[0m[38;2;59;66;97m[48;2;57;65;97m▀[0m[38;2;58;65;97m[48;2;57;64;96m▀[0m[38;2;57;64;96m[48;2;58;65;98m▀[0m[38;2;61;66;99m[48;2;56;63;96m▀[0m[38;2;0;0;0m▄[0m                    
   [38;2;23;20;15m▄[0m[38;2;0;0;0m[48;2;204;178;132m▀[0m[38;2;68;68;68m[48;2;70;62;47m▀[0m[38;2;227;219;157m[48;2;244;216;147m▀[0m[38;2;253;240;162m[48;2;245;216;147m▀[0m[38;2;184;109;116m[48;2;245;216;147m▀[0m[38;2;228;233;242m[48;2;111;111;114m▀[0m[38;2;255;255;255m[48;2;251;251;252m▀[0m[38;2;1;1;1m[48;2;39;39;39m▀[0m[38;2;12;12;13m[48;2;14;15;15m▀[0m[38;2;12;12;12m[48;2;26;26;26m▀[0m[38;2;55;61;96m[48;2;58;64;98m▀[0m[38;2;59;66;98m[48;2;56;64;97m▀[0m[38;2;58;65;97m[48;2;57;64;96m▀[0m[38;2;59;66;97m[48;2;60;66;98m▀[0m[38;2;58;65;97m[48;2;57;63;96m▀[0m[38;2;23;25;34m[48;2;12;12;16m▀[0m        [38;2;93;97;125m▄[0m[38;2;87;91;119m▄[0m[38;2;109;112;135m▀[0m      [38;2;1;2;2m▄[0m  
   [38;2;81;86;110m▄[0m[38;2;141;81;89m[48;2;214;114;131m▀[0m[38;2;179;107;113m[48;2;184;109;116m▀[0m[38;2;201;176;132m[48;2;184;109;116m▀[0m[38;2;202;177;132m[48;2;184;109;116m▀[0m[38;2;178;155;116m[48;2;194;115;122m▀[0m[38;2;203;179;132m[48;2;160;95;101m▀[0m[38;2;244;216;147m[48;2;25;16;17m▀[0m[38;2;35;35;35m[48;2;111;99;73m▀[0m[38;2;89;89;90m[48;2;227;197;147m▀[0m[38;2;101;101;102m[48;2;48;55;89m▀[0m[38;2;58;64;97m[48;2;49;57;89m▀[0m[38;2;59;65;97m[48;2;14;16;24m▀[0m[38;2;60;66;98m[48;2;84;90;117m▀[0m[38;2;59;64;97m[48;2;90;94;124m▀[0m[38;2;58;65;97m[48;2;5;6;9m▀[0m[38;2;0;0;0m▀[0m     [38;2;0;0;0m▄[0m[38;2;66;70;102m▄[0m[38;2;84;89;117m[48;2;58;63;96m▀[0m[38;2;72;77;107m▀[0m      [38;2;88;91;119m▄[0m[38;2;90;94;122m[48;2;87;91;120m▀[0m[38;2;0;0;0m▀[0m  
  [38;2;85;91;121m▄[0m[38;2;13;6;7m[48;2;48;51;52m▀[0m[38;2;219;115;134m[48;2;221;117;135m▀[0m[38;2;200;112;124m[48;2;219;116;134m▀[0m[38;2;184;109;116m[48;2;200;112;124m▀[0m[38;2;184;109;116m[48;2;184;109;116m▀[0m[38;2;184;109;116m[48;2;184;109;116m▀[0m[38;2;184;109;116m[48;2;184;109;116m▀[0m[38;2;184;109;116m[48;2;184;109;116m▀[0m[38;2;184;109;116m[48;2;185;110;117m▀[0m[38;2;184;109;116m[48;2;184;109;116m▀[0m[38;2;48;55;89m[48;2;37;42;60m▀[0m[38;2;86;91;118m[48;2;100;104;127m▀[0m[38;2;98;102;127m[48;2;99;103;127m▀[0m[38;2;100;104;127m[48;2;98;102;127m▀[0m[38;2;96;102;126m[48;2;88;93;120m▀[0m[38;2;89;93;120m[48;2;89;93;120m▀[0m[38;2;89;93;121m[48;2;87;93;120m▀[0m[38;2;84;91;118m▄[0m  [38;2;27;29;43m▄[0m[38;2;16;17;25m[48;2;56;62;95m▀[0m[38;2;56;61;94m[48;2;57;62;97m▀[0m[38;2;56;62;95m▀[0m      [38;2;72;78;111m▄[0m[38;2;86;91;118m[48;2;64;69;101m▀[0m[38;2;72;77;108m[48;2;3;3;5m▀[0m    
  [38;2;63;69;101m[48;2;61;67;99m▀[0m[38;2;249;250;250m[48;2;245;246;247m▀[0m[38;2;234;139;147m[48;2;230;137;146m▀[0m[38;2;219;116;133m[48;2;226;127;141m▀[0m[38;2;219;115;134m[48;2;223;123;137m▀[0m[38;2;210;114;129m[48;2;219;116;134m▀[0m[38;2;197;111;122m[48;2;219;115;134m▀[0m[38;2;184;109;116m[48;2;218;116;134m▀[0m[38;2;184;109;116m[48;2;215;115;132m▀[0m[38;2;184;110;117m[48;2;216;116;133m▀[0m[38;2;183;109;116m[48;2;219;115;134m▀[0m[38;2;53;60;93m[48;2;56;63;93m▀[0m[38;2;100;104;127m[48;2;88;91;119m▀[0m[38;2;98;102;126m[48;2;96;101;127m▀[0m[38;2;99;104;128m[48;2;99;103;129m▀[0m[38;2;87;92;120m[48;2;91;95;123m▀[0m[38;2;88;94;122m[48;2;85;90;118m▀[0m[38;2;87;92;119m[48;2;89;94;121m▀[0m[38;2;88;93;121m[48;2;88;93;121m▀[0m[38;2;87;92;120m[48;2;87;92;120m▀[0m[38;2;1;1;1m[48;2;88;93;120m▀[0m[38;2;51;56;84m[48;2;42;44;63m▀[0m[38;2;55;61;94m[48;2;42;44;63m▀[0m      [38;2;0;0;0m▄[0m[38;2;35;39;57m[48;2;56;61;94m▀[0m[38;2;56;61;94m[48;2;56;62;95m▀[0m[38;2;56;62;95m▀[0m     
  [38;2;63;67;99m[48;2;25;28;38m▀[0m[38;2;245;246;247m[48;2;255;255;255m▀[0m[38;2;179;97;109m[48;2;245;245;247m▀[0m[38;2;228;130;141m[48;2;209;113;127m▀[0m[38;2;225;123;138m[48;2;216;114;132m▀[0m[38;2;219;116;134m[48;2;218;116;133m▀[0m[38;2;219;116;134m[48;2;219;116;134m▀[0m[38;2;219;116;134m[48;2;218;116;134m▀[0m[38;2;219;116;134m[48;2;217;115;132m▀[0m[38;2;219;115;134m[48;2;245;246;247m▀[0m[38;2;250;250;250m[48;2;245;246;247m▀[0m[38;2;50;55;82m[48;2;46;49;69m▀[0m[38;2;63;69;102m[48;2;58;65;97m▀[0m[38;2;88;93;120m[48;2;83;88;117m▀[0m[38;2;89;94;122m[48;2;88;93;120m▀[0m[38;2;96;99;126m[48;2;88;93;120m▀[0m[38;2;86;91;119m[48;2;87;91;118m▀[0m[38;2;85;91;118m[48;2;87;92;121m▀[0m[38;2;86;93;120m[48;2;86;91;118m▀[0m[38;2;88;92;120m[48;2;87;92;120m▀[0m[38;2;91;94;121m[48;2;86;90;119m▀[0m[38;2;44;46;58m[48;2;87;93;121m▀[0m[38;2;43;46;66m[48;2;13;13;17m▀[0m [38;2;0;0;0m▄[0m[38;2;43;46;63m▄[0m[38;2;42;44;63m▄[0m[38;2;59;65;100m[48;2;42;44;63m▀[0m[38;2;56;61;94m[48;2;43;46;65m▀[0m[38;2;56;61;94m[48;2;53;58;89m▀[0m[38;2;56;62;95m[48;2;0;0;0m▀[0m       
   [38;2;58;64;98m[48;2;0;0;0m▀[0m[38;2;245;246;247m[48;2;245;246;247m▀[0m[38;2;25;20;20m[48;2;245;246;247m▀[0m[38;2;193;111;121m[48;2;125;77;81m▀[0m[38;2;196;111;122m[48;2;125;73;78m▀[0m[38;2;198;111;123m[48;2;245;246;247m▀[0m[38;2;243;244;244m[48;2;245;246;247m▀[0m[38;2;245;246;247m[48;2;245;246;247m▀[0m[38;2;245;246;247m[48;2;251;252;252m▀[0m[38;2;249;249;250m[48;2;251;251;251m▀[0m[38;2;69;69;70m[48;2;245;245;247m▀[0m[38;2;58;65;98m[48;2;45;49;69m▀[0m[38;2;56;63;97m[48;2;56;63;96m▀[0m[38;2;84;89;118m[48;2;60;65;97m▀[0m[38;2;88;93;120m[48;2;84;90;117m▀[0m[38;2;86;91;119m[48;2;86;90;118m▀[0m[38;2;87;92;119m[48;2;87;92;120m▀[0m[38;2;88;94;120m[48;2;86;91;118m▀[0m[38;2;86;89;118m[48;2;88;93;120m▀[0m[38;2;87;91;119m[48;2;88;92;121m▀[0m[38;2;88;93;120m[48;2;89;93;121m▀[0m[38;2;89;94;122m[48;2;88;92;120m▀[0m[38;2;42;44;63m[48;2;34;35;49m▀[0m[38;2;42;44;63m[48;2;42;44;63m▀[0m[38;2;42;44;63m[48;2;42;44;63m▀[0m[38;2;42;44;63m[48;2;42;44;63m▀[0m[38;2;42;44;63m[48;2;42;44;63m▀[0m[38;2;42;44;63m[48;2;24;26;36m▀[0m[38;2;5;5;7m▀[0m        
     [38;2;245;246;247m[48;2;0;0;0m▀[0m[38;2;251;251;251m[48;2;245;246;247m▀[0m[38;2;249;249;250m[48;2;251;251;252m▀[0m[38;2;250;250;250m[48;2;248;248;249m▀[0m[38;2;254;254;255m[48;2;252;251;251m▀[0m[38;2;252;252;253m[48;2;250;250;251m▀[0m[38;2;253;251;252m[48;2;245;246;247m▀[0m[38;2;252;252;252m[48;2;245;246;247m▀[0m[38;2;245;246;247m[48;2;245;246;247m▀[0m[38;2;17;17;17m[48;2;245;246;247m▀[0m[38;2;58;65;97m[48;2;48;53;75m▀[0m[38;2;58;64;97m[48;2;58;64;97m▀[0m[38;2;57;64;97m[48;2;57;63;96m▀[0m[38;2;78;84;113m[48;2;59;64;98m▀[0m[38;2;86;92;119m[48;2;62;68;100m▀[0m[38;2;87;92;119m[48;2;86;92;118m▀[0m[38;2;90;93;121m[48;2;87;92;119m▀[0m[38;2;85;91;118m[48;2;86;91;119m▀[0m[38;2;89;93;121m[48;2;88;93;120m▀[0m[38;2;78;85;113m[48;2;72;78;109m▀[0m[38;2;83;87;116m[48;2;62;69;101m▀[0m[38;2;42;44;63m[48;2;32;34;48m▀[0m[38;2;42;44;63m[48;2;42;44;63m▀[0m[38;2;42;44;63m[48;2;38;39;55m▀[0m[38;2;28;29;40m▀[0m          
      [38;2;67;68;69m▀[0m[38;2;245;246;247m[48;2;0;0;0m▀[0m[38;2;244;245;247m[48;2;231;234;241m▀[0m[38;2;245;246;247m[48;2;228;232;240m▀[0m[38;2;244;245;247m[48;2;244;245;247m▀[0m[38;2;245;246;247m[48;2;227;229;238m▀[0m[38;2;244;244;246m[48;2;230;233;240m▀[0m[38;2;245;246;247m[48;2;241;242;244m▀[0m[38;2;229;231;239m[48;2;240;242;244m▀[0m[38;2;230;233;241m[48;2;211;215;223m▀[0m[38;2;45;49;69m[48;2;211;214;223m▀[0m[38;2;57;65;97m[48;2;24;26;37m▀[0m[38;2;61;66;99m[48;2;59;65;97m▀[0m[38;2;58;64;97m[48;2;58;64;97m▀[0m[38;2;57;63;96m[48;2;60;67;99m▀[0m[38;2;61;68;101m[48;2;59;66;98m▀[0m[38;2;84;88;116m[48;2;61;67;98m▀[0m[38;2;89;94;121m[48;2;59;65;97m▀[0m[38;2;77;83;113m[48;2;76;82;111m▀[0m[38;2;61;67;100m[48;2;59;65;99m▀[0m[38;2;58;64;98m[48;2;62;67;99m▀[0m[38;2;35;36;50m▀[0m            
         [38;2;214;217;227m▀[0m[38;2;212;214;223m▀[0m[38;2;212;216;226m[48;2;19;19;20m▀[0m[38;2;212;214;224m[48;2;212;216;226m▀[0m[38;2;211;214;223m[48;2;212;214;224m▀[0m[38;2;212;214;223m[48;2;212;214;224m▀[0m[38;2;212;214;223m[48;2;212;214;223m▀[0m[38;2;212;214;224m[48;2;212;214;223m▀[0m[38;2;211;214;223m[48;2;212;214;223m▀[0m[38;2;219;221;231m[48;2;211;214;223m▀[0m[38;2;49;54;79m[48;2;211;214;223m▀[0m[38;2;57;65;97m[48;2;171;173;181m▀[0m[38;2;61;67;99m[48;2;58;65;99m▀[0m[38;2;57;64;97m[48;2;55;62;96m▀[0m[38;2;57;63;96m[48;2;59;65;98m▀[0m[38;2;56;64;97m[48;2;59;66;99m▀[0m[38;2;57;64;96m[48;2;57;63;96m▀[0m[38;2;58;64;97m[48;2;58;65;98m▀[0m[38;2;0;0;0m[48;2;57;64;97m▀[0m[38;2;58;64;96m▄[0m[38;2;60;66;99m▄[0m[38;2;58;65;98m▄[0m[38;2;44;46;57m▄[0m        
         [38;2;0;0;0m[48;2;9;8;6m▀[0m[38;2;28;29;36m[48;2;249;233;191m▀[0m[38;2;27;28;37m▀[0m[38;2;228;204;160m[48;2;0;0;0m▀[0m[38;2;0;0;0m▀[0m[38;2;32;29;23m▄[0m[38;2;42;45;62m▄[0m[38;2;7;7;7m[48;2;56;50;41m▀[0m[38;2;22;22;23m[48;2;15;16;22m▀[0m[38;2;0;0;0m[48;2;42;46;63m▀[0m[38;2;36;38;52m▀[0m[38;2;106;96;81m▀[0m  [38;2;3;4;5m▀[0m[38;2;60;66;99m▀[0m[38;2;60;66;98m▀[0m[38;2;60;66;98m▀[0m[38;2;56;63;97m[48;2;0;0;0m▀[0m[38;2;56;63;96m[48;2;38;40;53m▀[0m[38;2;67;74;105m[48;2;102;106;130m▀[0m[38;2;95;100;126m[48;2;111;115;139m▀[0m[38;2;109;113;136m[48;2;107;111;136m▀[0m[38;2;108;113;136m[48;2;107;113;136m▀[0m[38;2;108;113;136m[48;2;108;113;136m▀[0m[38;2;109;113;135m[48;2;109;114;137m▀[0m[38;2;53;55;67m[48;2;110;115;138m▀[0m[38;2;60;63;75m▄[0m   
              [38;2;216;191;145m▀[0m[38;2;13;12;9m[48;2;0;0;0m▀[0m[38;2;217;191;145m▀[0m[38;2;251;233;189m[48;2;0;0;0m▀[0m                      
                                        
                                        
                                        
