                                        
                        [38;2;168;211;232m▄[0m[38;2;173;210;227m▄[0m[38;2;170;214;237m[48;2;159;202;223m▀[0m[38;2;157;201;222m[48;2;159;201;221m▀[0m[38;2;158;201;221m[48;2;159;199;221m▀[0m[38;2;24;31;29m[48;2;155;197;221m▀[0m[38;2;150;190;218m▄[0m[38;2;56;69;77m▄[0m        
                      [38;2;0;0;0m▄[0m[38;2;159;201;222m[48;2;159;199;221m▀[0m[38;2;174;210;226m[48;2;90;117;119m▀[0m[38;2;177;214;229m[48;2;159;197;221m▀[0m[38;2;162;198;220m[48;2;196;225;234m▀[0m[38;2;159;193;219m[48;2;189;219;231m▀[0m[38;2;93;115;130m[48;2;152;193;219m▀[0m[38;2;153;192;220m[48;2;152;194;220m▀[0m[38;2;151;192;217m[48;2;148;177;212m▀[0m[38;2;149;193;219m[48;2;150;192;218m▀[0m[38;2;143;184;204m[48;2;77;99;107m▀[0m       
                      [38;2;161;204;226m[48;2;150;192;218m▀[0m[38;2;159;199;222m[48;2;151;184;215m▀[0m[38;2;161;200;225m[48;2;41;49;55m▀[0m[38;2;253;253;254m[48;2;255;255;255m▀[0m[38;2;240;238;245m[48;2;255;255;255m▀[0m[38;2;122;164;196m[48;2;0;0;0m▀[0m[38;2;150;190;217m[48;2;107;153;179m▀[0m[38;2;149;191;218m[48;2;110;160;189m▀[0m[38;2;99;126;141m[48;2;114;161;190m▀[0m[38;2;150;191;218m[48;2;131;173;203m▀[0m[38;2;151;193;221m[48;2;110;160;187m▀[0m[38;2;141;175;209m[48;2;118;170;199m▀[0m      
                      [38;2;151;187;218m[48;2;7;10;7m▀[0m[38;2;150;191;218m[48;2;151;191;217m▀[0m[38;2;127;174;206m[48;2;126;160;197m▀[0m[38;2;95;136;147m[48;2;95;132;150m▀[0m[38;2;255;255;255m[48;2;101;130;143m▀[0m[38;2;253;157;80m[48;2;246;245;246m▀[0m[38;2;255;255;255m[48;2;246;245;246m▀[0m[38;2;111;157;187m[48;2;29;45;25m▀[0m[38;2;117;170;199m[48;2;93;136;153m▀[0m[38;2;111;158;187m[48;2;64;92;87m▀[0m[38;2;114;165;194m[48;2;18;26;20m▀[0m[38;2;0;0;0m▀[0m      
                       [38;2;134;174;206m▀[0m[38;2;150;190;218m[48;2;128;169;201m▀[0m[38;2;95;146;171m[48;2;127;165;199m▀[0m[38;2;102;143;151m[48;2;98;150;176m▀[0m[38;2;97;133;142m[48;2;212;206;219m▀[0m[38;2;10;10;10m[48;2;229;226;236m▀[0m[38;2;101;161;188m[48;2;24;32;29m▀[0m[38;2;103;166;193m[48;2;23;29;27m▀[0m[38;2;133;176;211m▄[0m[38;2;4;6;5m▄[0m       
                         [38;2;174;207;226m▄[0m[38;2;73;98;90m[48;2;18;23;26m▀[0m[38;2;75;126;149m[48;2;151;191;217m▀[0m[38;2;228;225;236m[48;2;251;250;252m▀[0m[38;2;234;231;238m[48;2;255;132;68m▀[0m[38;2;103;165;191m[48;2;255;139;76m▀[0m[38;2;255;155;93m▄[0m        
                       [38;2;154;187;222m▄[0m[38;2;156;192;223m▀[0m  [38;2;150;188;216m[48;2;255;130;66m▀[0m[38;2;117;153;170m[48;2;112;160;188m▀[0m[38;2;247;166;100m[48;2;26;32;38m▀[0m[38;2;255;132;69m[48;2;255;156;84m▀[0m[38;2;255;135;68m[48;2;7;12;7m▀[0m        
                    [38;2;157;196;227m▄[0m[38;2;150;190;217m▄[0m[38;2;151;191;217m▀[0m     [38;2;244;132;67m▀[0m[38;2;230;225;239m[48;2;241;239;243m▀[0m[38;2;245;242;248m▄[0m[38;2;91;126;147m▀[0m[38;2;112;161;189m▄[0m       
               [38;2;3;6;5m▄[0m[38;2;172;209;226m▄[0m[38;2;170;198;221m▄[0m[38;2;175;210;228m[48;2;149;192;219m▀[0m[38;2;150;191;218m[48;2;0;0;0m▀[0m[38;2;141;185;215m▀[0m       [38;2;254;255;255m▄[0m[38;2;253;253;253m[48;2;255;254;254m▀[0m[38;2;73;70;73m[48;2;250;250;251m▀[0m[38;2;236;234;241m▄[0m[38;2;110;148;180m▀[0m[38;2;129;173;205m[48;2;151;190;217m▀[0m[38;2;156;197;227m▄[0m     
             [38;2;64;86;100m▀[0m[38;2;150;191;218m▀[0m[38;2;149;190;219m▀[0m[38;2;152;193;221m▀[0m[38;2;122;175;206m▀[0m         [38;2;254;254;255m▄[0m[38;2;255;255;255m[48;2;253;254;254m▀[0m[38;2;252;252;252m[48;2;253;252;253m▀[0m[38;2;251;251;251m[48;2;251;251;251m▀[0m[38;2;119;118;122m[48;2;251;251;251m▀[0m[38;2;15;14;15m[48;2;238;236;241m▀[0m[38;2;108;150;179m▀[0m[38;2;151;189;217m[48;2;149;186;215m▀[0m[38;2;137;169;194m[48;2;150;190;218m▀[0m    
                         [38;2;192;192;192m▄[0m[38;2;244;245;245m[48;2;254;254;254m▀[0m[38;2;255;255;255m[48;2;254;254;254m▀[0m[38;2;252;252;253m[48;2;253;253;253m▀[0m[38;2;251;252;252m[48;2;251;251;251m▀[0m[38;2;251;251;251m[48;2;250;250;251m▀[0m[38;2;249;249;250m[48;2;251;251;251m▀[0m[38;2;172;170;174m[48;2;48;66;68m▀[0m[38;2;189;187;191m[48;2;239;238;243m▀[0m [38;2;150;192;218m▀[0m[38;2;151;191;217m[48;2;8;11;11m▀[0m[38;2;65;85;93m▄[0m  
                      [38;2;97;97;97m▄[0m[38;2;248;247;249m▄[0m[38;2;252;252;252m[48;2;246;244;246m▀[0m[38;2;247;245;247m[48;2;250;249;250m▀[0m[38;2;255;255;255m[48;2;251;250;251m▀[0m[38;2;252;252;253m[48;2;246;246;248m▀[0m[38;2;254;254;254m[48;2;249;248;249m▀[0m[38;2;249;250;251m[48;2;249;249;250m▀[0m[38;2;250;250;251m[48;2;251;251;251m▀[0m[38;2;249;248;250m[48;2;249;249;250m▀[0m[38;2;45;47;46m[48;2;43;43;43m▀[0m[38;2;251;251;253m[48;2;97;135;145m▀[0m[38;2;158;158;159m▄[0m     
           [38;2;3;3;3m▄[0m[38;2;182;182;182m▄[0m[38;2;255;255;255m▄[0m[38;2;253;253;253m▄[0m[38;2;255;255;255m▄[0m[38;2;252;252;253m▄[0m[38;2;254;254;254m▄[0m[38;2;253;253;253m▄[0m[38;2;253;252;253m[48;2;251;251;252m▀[0m[38;2;247;246;247m[48;2;245;244;246m▀[0m[38;2;246;245;246m[48;2;245;244;246m▀[0m[38;2;245;244;246m[48;2;162;162;163m▀[0m[38;2;245;243;245m[48;2;252;250;252m▀[0m[38;2;249;247;249m[48;2;245;244;246m▀[0m[38;2;245;244;245m[48;2;245;244;246m▀[0m[38;2;252;252;253m[48;2;245;243;245m▀[0m[38;2;245;244;245m[48;2;245;244;245m▀[0m[38;2;156;155;156m[48;2;245;244;246m▀[0m[38;2;247;246;248m[48;2;251;251;251m▀[0m[38;2;249;249;250m[48;2;247;247;248m▀[0m[38;2;243;242;245m[48;2;242;242;245m▀[0m[38;2;39;51;47m[48;2;99;156;181m▀[0m[38;2;97;145;170m[48;2;95;151;176m▀[0m[38;2;244;243;246m[48;2;242;240;244m▀[0m     
      [38;2;255;255;255m▄[0m[38;2;255;255;255m▄[0m[38;2;58;57;58m[48;2;255;255;255m▀[0m[38;2;252;252;253m[48;2;255;255;255m▀[0m[38;2;253;253;254m[48;2;254;254;254m▀[0m[38;2;254;254;254m[48;2;246;243;246m▀[0m[38;2;255;255;255m[48;2;245;243;245m▀[0m[38;2;255;255;255m[48;2;204;204;204m▀[0m[38;2;255;255;255m[48;2;253;253;255m▀[0m[38;2;255;255;255m[48;2;255;255;255m▀[0m[38;2;24;24;24m[48;2;253;253;254m▀[0m[38;2;243;243;243m[48;2;255;255;255m▀[0m[38;2;252;252;253m[48;2;255;255;255m▀[0m[38;2;252;252;253m[48;2;255;255;255m▀[0m[38;2;255;254;254m[48;2;255;254;254m▀[0m[38;2;254;254;253m[48;2;253;253;254m▀[0m[38;2;250;249;250m[48;2;253;252;253m▀[0m[38;2;248;247;249m[48;2;250;249;250m▀[0m[38;2;245;244;246m[48;2;250;249;250m▀[0m[38;2;245;245;246m[48;2;248;247;249m▀[0m[38;2;245;244;245m[48;2;255;255;255m▀[0m[38;2;248;247;249m[48;2;249;250;250m▀[0m[38;2;251;251;251m[48;2;245;244;247m▀[0m[38;2;248;248;249m[48;2;241;240;244m▀[0m[38;2;243;242;244m[48;2;240;240;243m▀[0m[38;2;242;242;244m[48;2;228;226;234m▀[0m[38;2;96;153;176m[48;2;97;145;171m▀[0m[38;2;96;151;176m[48;2;97;153;177m▀[0m[38;2;242;240;244m[48;2;251;249;252m▀[0m     
   [38;2;255;255;255m▄[0m[38;2;229;230;229m[48;2;249;247;249m▀[0m[38;2;255;255;255m[48;2;245;244;246m▀[0m[38;2;255;255;255m[48;2;249;248;249m▀[0m[38;2;244;243;245m[48;2;17;17;17m▀[0m[38;2;245;244;245m▀[0m[38;2;245;243;245m▀[0m[38;2;245;244;246m▀[0m[38;2;243;242;244m▀[0m[38;2;204;202;210m▀[0m[38;2;68;67;71m▀[0m[38;2;229;226;236m▀[0m[38;2;255;255;255m[48;2;123;122;126m▀[0m[38;2;255;255;255m[48;2;252;251;252m▀[0m[38;2;254;254;254m[48;2;250;250;251m▀[0m[38;2;253;253;253m[48;2;251;251;251m▀[0m[38;2;252;251;252m[48;2;250;250;251m▀[0m[38;2;249;250;251m[48;2;251;251;251m▀[0m[38;2;249;249;250m[48;2;251;251;251m▀[0m[38;2;250;250;251m[48;2;249;249;250m▀[0m[38;2;249;250;250m[48;2;169;169;169m▀[0m[38;2;250;250;251m[48;2;250;250;251m▀[0m[38;2;251;250;251m[48;2;246;245;247m▀[0m[38;2;249;249;249m[48;2;243;241;244m▀[0m[38;2;244;243;245m[48;2;243;241;244m▀[0m[38;2;242;241;244m[48;2;242;242;245m▀[0m[38;2;242;242;245m[48;2;242;242;245m▀[0m[38;2;242;242;245m[48;2;91;143;164m▀[0m[38;2;96;148;174m[48;2;106;157;183m▀[0m[38;2;98;153;178m[48;2;128;168;200m▀[0m[38;2;41;43;41m[48;2;240;239;243m▀[0m[38;2;0;0;0m▀[0m     
  [38;2;255;255;255m▀[0m[38;2;65;65;66m▀[0m            [38;2;218;215;222m▀[0m[38;2;249;250;250m[48;2;244;242;244m▀[0m[38;2;251;251;251m[48;2;249;250;251m▀[0m[38;2;251;251;251m[48;2;251;251;251m▀[0m[38;2;251;251;251m[48;2;38;38;38m▀[0m[38;2;252;251;252m[48;2;246;246;248m▀[0m[38;2;244;244;244m[48;2;244;243;245m▀[0m[38;2;248;248;248m[48;2;242;242;245m▀[0m[38;2;244;242;245m[48;2;242;241;244m▀[0m[38;2;242;241;244m[48;2;241;241;244m▀[0m[38;2;243;241;244m[48;2;243;241;244m▀[0m[38;2;242;242;245m[48;2;241;241;243m▀[0m[38;2;241;240;244m[48;2;239;239;241m▀[0m[38;2;170;164;174m[48;2;124;159;193m▀[0m[38;2;117;163;192m[48;2;129;168;201m▀[0m[38;2;127;160;196m[48;2;130;171;202m▀[0m[38;2;85;112;124m[48;2;232;228;238m▀[0m[38;2;245;244;245m▀[0m      
                  [38;2;241;238;247m▀[0m[38;2;4;4;5m▀[0m[38;2;244;243;245m▀[0m[38;2;243;242;244m[48;2;243;242;244m▀[0m[38;2;242;240;244m[48;2;243;242;244m▀[0m[38;2;243;242;244m[48;2;242;241;244m▀[0m[38;2;243;242;244m[48;2;243;242;244m▀[0m[38;2;243;242;244m[48;2;242;241;244m▀[0m[38;2;243;242;244m[48;2;108;153;172m▀[0m[38;2;22;20;24m[48;2;127;168;199m▀[0m[38;2;127;162;196m[48;2;128;164;198m▀[0m[38;2;130;170;202m[48;2;129;170;201m▀[0m[38;2;130;170;202m[48;2;230;227;236m▀[0m[38;2;229;226;236m▀[0m        
                      [38;2;242;242;245m[48;2;238;235;245m▀[0m[38;2;243;242;244m▀[0m[38;2;137;136;139m▀[0m  [38;2;12;16;15m▀[0m[38;2;104;100;106m▀[0m[38;2;238;235;244m▀[0m          
                                        
