                                        
                                        
                                        
                  [38;2;242;226;207m▄[0m[38;2;0;0;0m▄[0m[38;2;0;0;0m▄[0m[38;2;245;231;213m[48;2;229;212;190m▀[0m[38;2;231;216;199m[48;2;226;208;185m▀[0m[38;2;66;61;55m▄[0m[38;2;1;1;3m▄[0m[38;2;134;125;115m▄[0m              
                  [38;2;228;210;188m[48;2;231;214;192m▀[0m[38;2;224;206;184m[48;2;228;211;188m▀[0m[38;2;117;108;97m[48;2;228;211;189m▀[0m[38;2;228;212;190m[48;2;223;207;182m▀[0m[38;2;223;206;183m[48;2;223;206;182m▀[0m[38;2;110;102;91m[48;2;225;208;185m▀[0m[38;2;228;210;188m[48;2;222;205;182m▀[0m[38;2;207;191;171m[48;2;52;48;43m▀[0m              
               [38;2;240;224;206m▄[0m[38;2;237;222;206m▄[0m[38;2;245;227;204m[48;2;234;216;199m▀[0m[38;2;233;217;197m[48;2;235;218;201m▀[0m[38;2;227;211;190m[48;2;232;216;198m▀[0m[38;2;226;210;188m[48;2;232;215;199m▀[0m[38;2;225;209;186m[48;2;231;215;196m▀[0m[38;2;228;212;188m[48;2;228;211;188m▀[0m[38;2;231;214;194m[48;2;228;212;189m▀[0m[38;2;226;210;188m[48;2;223;208;189m▀[0m[38;2;190;176;157m[48;2;210;195;176m▀[0m[38;2;0;0;0m▄[0m             
           [38;2;91;85;78m▄[0m[38;2;235;219;204m▄[0m[38;2;243;226;208m[48;2;34;32;30m▀[0m[38;2;197;216;204m[48;2;188;210;196m▀[0m[38;2;190;211;197m[48;2;243;230;220m▀[0m[38;2;241;230;219m[48;2;241;229;218m▀[0m[38;2;239;226;213m[48;2;236;220;205m▀[0m[38;2;234;217;199m[48;2;234;218;200m▀[0m[38;2;236;220;203m[48;2;236;219;202m▀[0m[38;2;233;217;199m[48;2;234;217;200m▀[0m[38;2;230;214;196m[48;2;236;220;203m▀[0m[38;2;227;211;189m[48;2;231;214;194m▀[0m[38;2;229;212;190m[48;2;226;207;185m▀[0m[38;2;231;214;193m[48;2;227;210;187m▀[0m[38;2;223;207;185m[48;2;223;207;183m▀[0m[38;2;205;189;168m[48;2;220;204;181m▀[0m[38;2;218;199;177m[48;2;204;187;167m▀[0m[38;2;38;33;30m▄[0m           
         [38;2;239;222;199m▄[0m[38;2;244;227;209m[48;2;231;214;196m▀[0m[38;2;229;211;193m[48;2;231;214;197m▀[0m[38;2;237;225;212m[48;2;234;217;201m▀[0m[38;2;240;228;217m[48;2;236;220;204m▀[0m[38;2;239;226;215m[48;2;234;217;200m▀[0m[38;2;238;225;213m[48;2;229;211;193m▀[0m[38;2;233;217;201m[48;2;235;218;201m▀[0m[38;2;237;220;205m[48;2;235;219;203m▀[0m[38;2;236;219;203m[48;2;235;220;203m▀[0m[38;2;234;220;203m[48;2;234;219;202m▀[0m[38;2;235;220;202m[48;2;233;218;201m▀[0m[38;2;235;219;203m[48;2;232;216;196m▀[0m[38;2;228;212;190m[48;2;229;213;191m▀[0m[38;2;230;214;193m[48;2;227;211;188m▀[0m[38;2;225;209;185m[48;2;229;212;190m▀[0m[38;2;228;212;189m[48;2;229;212;190m▀[0m[38;2;228;210;189m[48;2;227;210;187m▀[0m[38;2;220;202;178m[48;2;224;207;183m▀[0m[38;2;125;150;132m[48;2;21;25;22m▀[0m[38;2;127;152;137m[48;2;131;158;141m▀[0m[38;2;0;0;0m[48;2;129;155;138m▀[0m[38;2;0;0;0m▄[0m        
        [38;2;104;96;86m[48;2;225;208;185m▀[0m[38;2;231;215;197m[48;2;232;217;200m▀[0m[38;2;233;215;199m[48;2;235;218;201m▀[0m[38;2;231;214;197m[48;2;232;216;199m▀[0m[38;2;218;201;178m[48;2;235;218;201m▀[0m[38;2;230;213;194m[48;2;235;219;203m▀[0m[38;2;76;70;66m[48;2;24;23;21m▀[0m[38;2;227;211;191m[48;2;228;211;193m▀[0m[38;2;232;216;198m[48;2;233;216;198m▀[0m[38;2;233;217;199m[48;2;235;218;201m▀[0m[38;2;233;217;199m[48;2;234;218;202m▀[0m[38;2;167;155;143m[48;2;188;177;163m▀[0m[38;2;221;205;183m[48;2;226;209;186m▀[0m[38;2;222;203;177m[48;2;223;207;182m▀[0m[38;2;83;75;66m[48;2;223;207;183m▀[0m[38;2;226;209;185m[48;2;226;209;187m▀[0m[38;2;225;209;185m[48;2;225;209;185m▀[0m[38;2;228;211;189m[48;2;228;212;190m▀[0m[38;2;229;212;191m[48;2;223;206;181m▀[0m[38;2;224;206;182m[48;2;221;203;178m▀[0m[38;2;224;205;179m[48;2;224;206;180m▀[0m[38;2;218;202;178m[48;2;226;209;184m▀[0m[38;2;208;191;170m[48;2;212;196;175m▀[0m[38;2;206;190;169m[48;2;206;191;169m▀[0m[38;2;106;98;87m▄[0m       
       [38;2;2;3;3m[48;2;155;192;171m▀[0m[38;2;154;191;169m[48;2;150;187;164m▀[0m[38;2;93;87;80m[48;2;112;139;123m▀[0m[38;2;231;213;195m[48;2;237;220;205m▀[0m[38;2;234;218;201m[48;2;234;218;201m▀[0m[38;2;234;219;200m[48;2;235;221;204m▀[0m[38;2;236;220;204m[48;2;233;217;200m▀[0m[38;2;235;219;202m[48;2;65;60;57m▀[0m[38;2;235;219;202m[48;2;230;216;198m▀[0m[38;2;233;216;198m[48;2;234;219;202m▀[0m[38;2;8;7;7m[48;2;229;212;192m▀[0m[38;2;234;218;201m[48;2;227;210;187m▀[0m[38;2;229;213;191m[48;2;228;212;191m▀[0m[38;2;227;210;187m[48;2;228;211;189m▀[0m[38;2;225;209;186m[48;2;224;207;183m▀[0m[38;2;226;210;187m[48;2;225;208;185m▀[0m[38;2;226;210;186m[48;2;229;212;191m▀[0m[38;2;229;212;190m[48;2;152;190;168m▀[0m[38;2;70;82;74m[48;2;154;193;171m▀[0m[38;2;151;189;166m[48;2;150;189;166m▀[0m[38;2;7;8;7m[48;2;150;188;165m▀[0m[38;2;226;209;184m[48;2;69;81;75m▀[0m[38;2;225;207;182m[48;2;226;207;183m▀[0m[38;2;225;206;181m[48;2;223;205;179m▀[0m[38;2;206;190;169m[48;2;205;189;168m▀[0m[38;2;205;189;167m[48;2;207;193;172m▀[0m       
      [38;2;0;0;0m▄[0m[38;2;149;187;165m[48;2;150;186;164m▀[0m[38;2;149;186;163m[48;2;148;187;164m▀[0m[38;2;109;134;119m[48;2;7;7;7m▀[0m[38;2;234;219;202m[48;2;226;210;188m▀[0m[38;2;235;220;203m[48;2;227;211;190m▀[0m[38;2;235;219;203m[48;2;228;213;191m▀[0m[38;2;58;54;51m[48;2;230;213;192m▀[0m[38;2;232;216;198m[48;2;228;211;189m▀[0m[38;2;230;214;195m[48;2;229;212;190m▀[0m[38;2;226;208;185m[48;2;226;210;187m▀[0m[38;2;228;211;190m[48;2;225;208;185m▀[0m[38;2;228;212;190m[48;2;225;209;186m▀[0m[38;2;227;211;187m[48;2;228;211;188m▀[0m[38;2;138;129;116m[48;2;227;210;188m▀[0m[38;2;228;211;188m[48;2;226;208;185m▀[0m[38;2;228;212;189m[48;2;225;207;184m▀[0m[38;2;232;215;193m[48;2;238;219;194m▀[0m[38;2;153;191;169m[48;2;150;189;166m▀[0m[38;2;150;189;168m[48;2;148;186;163m▀[0m[38;2;147;184;162m[48;2;151;190;167m▀[0m[38;2;149;189;166m[48;2;148;186;164m▀[0m[38;2;151;190;167m[48;2;153;191;170m▀[0m[38;2;224;206;182m[48;2;236;217;192m▀[0m[38;2;223;205;179m[48;2;228;210;187m▀[0m[38;2;210;194;173m[48;2;208;193;173m▀[0m[38;2;208;192;171m[48;2;203;186;164m▀[0m[38;2;0;0;0m▄[0m      
      [38;2;0;0;0m[48;2;225;206;182m▀[0m[38;2;150;189;166m[48;2;223;206;183m▀[0m[38;2;153;191;169m[48;2;227;209;188m▀[0m[38;2;224;207;184m[48;2;226;208;185m▀[0m[38;2;225;209;185m[48;2;227;211;188m▀[0m[38;2;227;210;188m[48;2;230;213;192m▀[0m[38;2;228;212;189m[48;2;227;211;189m▀[0m[38;2;228;211;189m[48;2;228;211;189m▀[0m[38;2;228;212;189m[48;2;228;211;188m▀[0m[38;2;225;208;185m[48;2;223;206;182m▀[0m[38;2;222;205;181m[48;2;225;209;185m▀[0m[38;2;225;208;185m[48;2;228;210;188m▀[0m[38;2;226;209;186m[48;2;226;208;185m▀[0m[38;2;223;207;183m[48;2;223;205;179m▀[0m[38;2;223;205;181m[48;2;224;206;182m▀[0m[38;2;221;203;177m[48;2;225;207;182m▀[0m[38;2;225;207;181m[48;2;228;210;187m▀[0m[38;2;226;208;184m[48;2;224;206;181m▀[0m[38;2;147;186;161m[48;2;130;119;104m▀[0m[38;2;151;190;167m[48;2;151;189;167m▀[0m[38;2;153;191;169m[48;2;153;191;170m▀[0m[38;2;150;189;166m[48;2;148;186;162m▀[0m[38;2;152;191;169m[48;2;36;41;38m▀[0m[38;2;226;208;183m[48;2;226;208;183m▀[0m[38;2;227;209;185m[48;2;227;210;185m▀[0m[38;2;209;194;173m[48;2;212;197;176m▀[0m[38;2;204;187;166m[48;2;206;190;168m▀[0m[38;2;205;188;166m[48;2;205;189;168m▀[0m[38;2;206;190;168m[48;2;99;92;83m▀[0m[38;2;205;188;167m[48;2;204;188;167m▀[0m[38;2;76;71;63m[48;2;198;182;163m▀[0m[38;2;86;79;72m▄[0m  
   [38;2;233;218;201m▄[0m[38;2;228;212;193m[48;2;234;218;201m▀[0m[38;2;228;211;188m[48;2;229;211;190m▀[0m[38;2;226;208;183m[48;2;227;209;185m▀[0m[38;2;222;205;179m[48;2;224;205;180m▀[0m[38;2;228;210;187m[48;2;225;205;181m▀[0m[38;2;224;207;182m[48;2;229;210;189m▀[0m[38;2;228;211;189m[48;2;228;210;187m▀[0m[38;2;228;211;189m[48;2;222;202;176m▀[0m[38;2;224;206;182m[48;2;222;203;178m▀[0m[38;2;226;210;187m[48;2;223;205;180m▀[0m[38;2;226;208;184m[48;2;222;204;179m▀[0m[38;2;222;203;178m[48;2;222;203;177m▀[0m[38;2;223;205;179m[48;2;221;201;175m▀[0m[38;2;224;207;182m[48;2;223;206;180m▀[0m[38;2;224;205;179m[48;2;224;205;180m▀[0m[38;2;224;206;180m[48;2;225;207;181m▀[0m[38;2;224;206;181m[48;2;219;199;171m▀[0m[38;2;225;207;182m[48;2;224;205;180m▀[0m[38;2;223;205;179m[48;2;222;203;177m▀[0m[38;2;221;202;175m[48;2;224;206;181m▀[0m[38;2;222;205;178m[48;2;224;207;182m▀[0m[38;2;223;205;179m[48;2;225;206;181m▀[0m[38;2;239;220;195m[48;2;225;207;182m▀[0m[38;2;227;209;185m[48;2;220;201;174m▀[0m[38;2;227;209;185m[48;2;222;204;178m▀[0m[38;2;225;207;182m[48;2;220;202;178m▀[0m[38;2;225;207;182m[48;2;206;190;170m▀[0m[38;2;216;200;178m[48;2;211;196;176m▀[0m[38;2;209;193;173m[48;2;209;194;174m▀[0m[38;2;209;195;178m[48;2;208;193;172m▀[0m[38;2;212;199;181m[48;2;215;203;188m▀[0m[38;2;213;201;186m[48;2;216;204;190m▀[0m[38;2;0;0;0m[48;2;216;204;189m▀[0m[38;2;53;49;44m▄[0m  
  [38;2;232;215;193m[48;2;217;199;175m▀[0m[38;2;233;216;199m[48;2;193;179;160m▀[0m[38;2;234;219;201m[48;2;146;135;123m▀[0m[38;2;230;215;198m▀[0m[38;2;213;199;183m▀[0m[38;2;42;40;36m[48;2;0;0;0m▀[0m[38;2;232;216;198m[48;2;232;217;199m▀[0m[38;2;228;210;186m[48;2;236;220;203m▀[0m[38;2;225;206;182m[48;2;223;205;179m▀[0m[38;2;222;203;177m[48;2;226;208;183m▀[0m[38;2;223;204;179m[48;2;226;209;185m▀[0m[38;2;224;205;180m[48;2;197;181;163m▀[0m[38;2;200;185;165m[48;2;105;129;114m▀[0m[38;2;224;205;180m[48;2;224;205;181m▀[0m[38;2;222;203;176m[48;2;223;205;179m▀[0m[38;2;223;204;179m[48;2;230;213;196m▀[0m[38;2;223;205;180m[48;2;225;206;181m▀[0m[38;2;223;204;178m[48;2;226;209;187m▀[0m[38;2;222;203;178m[48;2;224;205;180m▀[0m[38;2;222;204;178m[48;2;224;206;182m▀[0m[38;2;224;207;181m[48;2;228;211;188m▀[0m[38;2;226;208;184m[48;2;228;211;187m▀[0m[38;2;224;205;180m[48;2;228;210;186m▀[0m[38;2;223;205;180m[48;2;226;208;184m▀[0m[38;2;222;203;177m[48;2;224;207;181m▀[0m[38;2;222;202;175m[48;2;232;215;196m▀[0m[38;2;229;213;192m[48;2;233;216;198m▀[0m[38;2;1;1;1m[48;2;233;218;200m▀[0m[38;2;193;178;161m[48;2;110;139;123m▀[0m[38;2;213;200;184m▀[0m[38;2;214;203;187m▀[0m[38;2;212;200;185m[48;2;0;0;0m▀[0m[38;2;214;202;187m[48;2;70;64;58m▀[0m[38;2;217;203;186m[48;2;80;74;66m▀[0m[38;2;208;194;174m[48;2;0;0;0m▀[0m[38;2;207;188;166m▀[0m  
       [38;2;235;220;202m[48;2;169;155;137m▀[0m[38;2;231;216;198m[48;2;223;205;181m▀[0m[38;2;232;217;199m[48;2;230;216;196m▀[0m[38;2;235;220;202m[48;2;214;199;181m▀[0m[38;2;232;218;201m[48;2;0;0;0m▀[0m[38;2;15;13;13m[48;2;110;139;123m▀[0m[38;2;110;139;123m[48;2;110;139;123m▀[0m[38;2;110;139;122m[48;2;111;140;123m▀[0m[38;2;235;221;202m[48;2;239;224;206m▀[0m[38;2;226;207;184m[48;2;232;217;199m▀[0m[38;2;230;214;195m[48;2;233;218;200m▀[0m[38;2;233;216;198m[48;2;234;218;201m▀[0m[38;2;232;216;199m[48;2;233;219;201m▀[0m[38;2;231;215;193m[48;2;234;219;200m▀[0m[38;2;214;199;180m[48;2;34;41;36m▀[0m[38;2;111;139;123m[48;2;160;198;176m▀[0m[38;2;247;233;214m[48;2;156;195;173m▀[0m[38;2;235;220;202m[48;2;1;1;1m▀[0m[38;2;235;219;200m[48;2;235;220;202m▀[0m[38;2;233;216;198m[48;2;236;219;202m▀[0m[38;2;233;216;198m[48;2;234;218;200m▀[0m[38;2;234;218;201m[48;2;234;218;200m▀[0m[38;2;235;219;202m[48;2;233;217;198m▀[0m[38;2;0;0;0m[48;2;1;1;1m▀[0m         
             [38;2;13;16;14m▀[0m[38;2;121;157;138m[48;2;110;125;116m▀[0m[38;2;126;162;143m[48;2;19;22;20m▀[0m[38;2;233;218;200m[48;2;107;138;122m▀[0m[38;2;232;217;198m[48;2;194;178;160m▀[0m[38;2;234;219;202m[48;2;191;175;157m▀[0m[38;2;234;218;199m[48;2;63;57;52m▀[0m[38;2;204;188;172m[48;2;121;156;138m▀[0m[38;2;128;172;148m[48;2;128;172;149m▀[0m[38;2;145;188;165m[48;2;124;168;145m▀[0m[38;2;140;186;162m[48;2;125;168;146m▀[0m[38;2;128;181;154m[48;2;125;167;146m▀[0m[38;2;125;167;145m[48;2;124;167;146m▀[0m[38;2;2;2;2m[48;2;125;168;146m▀[0m[38;2;181;167;149m[48;2;59;76;67m▀[0m[38;2;196;180;162m▀[0m[38;2;9;9;9m▀[0m          
               [38;2;109;124;115m▀[0m[38;2;110;124;115m[48;2;123;159;139m▀[0m[38;2;110;124;115m[48;2;118;157;138m▀[0m[38;2;112;127;119m[48;2;118;154;136m▀[0m[38;2;112;127;118m[48;2;0;0;0m▀[0m[38;2;66;81;72m▀[0m [38;2;125;167;146m▀[0m[38;2;125;167;145m[48;2;41;52;46m▀[0m[38;2;125;167;145m[48;2;90;120;105m▀[0m[38;2;125;167;145m[48;2;0;0;0m▀[0m[38;2;126;171;147m▀[0m             
                                        
                                        
                                        
