                                        
                                        
                                        
                                        
                                        
     [38;2;48;46;43m▄[0m[38;2;231;220;208m▄[0m[38;2;0;0;0m[48;2;231;221;208m▀[0m[38;2;250;239;226m[48;2;231;221;208m▀[0m[38;2;231;221;208m[48;2;231;220;208m▀[0m[38;2;244;233;219m[48;2;231;220;208m▀[0m[38;2;135;129;122m[48;2;231;220;208m▀[0m[38;2;231;220;208m▄[0m[38;2;237;225;212m▄[0m                          
   [38;2;232;221;209m▄[0m[38;2;232;221;209m[48;2;231;220;208m▀[0m[38;2;231;221;208m[48;2;231;221;208m▀[0m[38;2;231;220;208m[48;2;231;221;208m▀[0m[38;2;231;221;208m[48;2;231;220;208m▀[0m[38;2;231;221;208m[48;2;231;221;208m▀[0m[38;2;231;220;208m[48;2;231;221;208m▀[0m[38;2;231;221;208m[48;2;231;220;208m▀[0m[38;2;231;221;208m[48;2;230;220;208m▀[0m[38;2;231;220;208m[48;2;231;221;208m▀[0m[38;2;218;208;194m[48;2;226;216;202m▀[0m[38;2;218;207;193m[48;2;218;207;193m▀[0m[38;2;154;146;137m▄[0m       [38;2;0;0;0m▄[0m[38;2;239;229;216m▄[0m               
  [38;2;216;205;191m▄[0m[38;2;231;221;208m[48;2;231;221;208m▀[0m[38;2;231;221;208m[48;2;231;221;208m▀[0m[38;2;231;221;208m[48;2;231;220;208m▀[0m[38;2;231;221;208m[48;2;230;220;207m▀[0m[38;2;231;221;208m[48;2;231;221;208m▀[0m[38;2;231;221;208m▀[0m[38;2;22;21;20m▀[0m [38;2;251;240;226m▀[0m[38;2;220;210;197m[48;2;160;151;141m▀[0m[38;2;231;220;208m[48;2;218;207;193m▀[0m[38;2;218;207;193m[48;2;218;207;193m▀[0m[38;2;217;207;193m[48;2;218;206;193m▀[0m  [38;2;0;0;0m▄[0m[38;2;232;221;206m▄[0m[38;2;223;210;193m[48;2;204;193;176m▀[0m [38;2;221;210;198m▄[0m[38;2;221;210;198m[48;2;230;220;207m▀[0m[38;2;206;194;178m[48;2;231;221;208m▀[0m[38;2;120;93;75m▄[0m[38;2;237;228;215m▄[0m[38;2;230;220;208m▄[0m[38;2;33;32;29m▄[0m           
  [38;2;206;194;179m[48;2;206;194;178m▀[0m[38;2;220;207;193m[48;2;206;194;178m▀[0m[38;2;231;221;208m[48;2;206;194;179m▀[0m[38;2;230;219;207m[48;2;206;194;178m▀[0m[38;2;231;221;208m[48;2;206;195;179m▀[0m[38;2;3;3;3m[48;2;26;24;22m▀[0m   [38;2;9;7;7m[48;2;231;220;208m▀[0m[38;2;231;221;208m[48;2;231;220;208m▀[0m[38;2;255;255;255m[48;2;59;58;60m▀[0m[38;2;255;255;255m[48;2;255;255;255m▀[0m[38;2;255;255;255m[48;2;255;255;255m▀[0m[38;2;25;23;22m▀[0m[38;2;80;67;58m▄[0m[38;2;65;62;58m[48;2;139;115;99m▀[0m[38;2;94;90;85m[48;2;130;102;82m▀[0m[38;2;219;209;195m[48;2;119;92;75m▀[0m[38;2;218;207;193m[48;2;119;93;74m▀[0m[38;2;218;207;194m[48;2;113;93;79m▀[0m[38;2;220;210;196m[48;2;210;199;186m▀[0m[38;2;163;155;145m[48;2;217;207;193m▀[0m[38;2;51;42;35m[48;2;224;214;201m▀[0m[38;2;120;93;75m[48;2;234;223;210m▀[0m[38;2;120;95;77m[48;2;114;90;75m▀[0m[38;2;231;220;208m[48;2;110;89;73m▀[0m[38;2;194;181;164m[48;2;199;186;169m▀[0m[38;2;193;181;163m▄[0m         
  [38;2;206;195;179m[48;2;225;212;193m▀[0m[38;2;206;195;179m[48;2;206;195;179m▀[0m[38;2;206;195;179m[48;2;206;195;179m▀[0m[38;2;206;194;178m[48;2;206;194;178m▀[0m[38;2;206;195;179m[48;2;206;195;179m▀[0m[38;2;206;195;179m[48;2;206;195;179m▀[0m[38;2;68;64;59m▄[0m [38;2;231;221;208m▄[0m[38;2;6;6;5m[48;2;242;238;232m▀[0m[38;2;231;220;208m[48;2;242;237;230m▀[0m[38;2;167;160;151m[48;2;245;234;221m▀[0m[38;2;240;241;245m[48;2;214;215;215m▀[0m[38;2;223;225;229m[48;2;231;221;208m▀[0m[38;2;218;207;193m[48;2;223;213;199m▀[0m[38;2;228;216;201m[48;2;220;209;195m▀[0m[38;2;217;206;193m[48;2;16;15;14m▀[0m[38;2;218;207;193m[48;2;217;207;192m▀[0m[38;2;152;145;135m[48;2;218;207;193m▀[0m[38;2;120;93;77m[48;2;218;207;193m▀[0m[38;2;110;88;74m[48;2;217;207;193m▀[0m[38;2;112;89;74m[48;2;126;98;79m▀[0m[38;2;120;95;77m[48;2;120;93;74m▀[0m[38;2;218;207;193m[48;2;120;93;74m▀[0m[38;2;228;218;205m[48;2;219;208;194m▀[0m[38;2;231;220;208m[48;2;231;220;208m▀[0m[38;2;112;89;74m[48;2;229;218;205m▀[0m[38;2;20;19;18m[48;2;193;179;163m▀[0m[38;2;193;180;163m[48;2;193;179;163m▀[0m[38;2;196;183;165m[48;2;193;180;163m▀[0m        
   [38;2;206;195;178m[48;2;206;195;179m▀[0m[38;2;206;195;179m[48;2;206;194;178m▀[0m[38;2;206;194;178m[48;2;206;195;179m▀[0m[38;2;206;195;179m[48;2;206;195;179m▀[0m[38;2;206;195;179m[48;2;50;48;46m▀[0m[38;2;232;222;209m[48;2;150;124;108m▀[0m[38;2;254;243;229m[48;2;141;121;108m▀[0m[38;2;239;233;224m[48;2;159;129;109m▀[0m[38;2;238;231;222m[48;2;231;220;208m▀[0m[38;2;231;220;208m[48;2;231;220;208m▀[0m[38;2;231;221;208m[48;2;231;221;208m▀[0m[38;2;231;221;208m[48;2;231;221;208m▀[0m[38;2;231;221;208m[48;2;121;105;93m▀[0m[38;2;231;221;208m[48;2;15;14;14m▀[0m[38;2;231;221;208m[48;2;231;221;208m▀[0m[38;2;205;195;183m[48;2;231;220;208m▀[0m[38;2;218;207;193m[48;2;178;169;158m▀[0m[38;2;217;207;192m[48;2;217;206;192m▀[0m[38;2;218;207;192m[48;2;217;207;193m▀[0m[38;2;217;206;193m[48;2;218;207;193m▀[0m[38;2;218;207;193m[48;2;217;207;193m▀[0m[38;2;227;215;201m[48;2;218;207;193m▀[0m[38;2;110;89;74m[48;2;218;207;193m▀[0m[38;2;7;7;7m[48;2;218;207;193m▀[0m[38;2;224;214;201m[48;2;217;206;192m▀[0m[38;2;216;204;190m[48;2;193;180;163m▀[0m[38;2;193;180;163m[48;2;193;179;163m▀[0m[38;2;193;180;163m[48;2;193;180;163m▀[0m[38;2;193;180;163m[48;2;193;179;163m▀[0m[38;2;199;186;169m[48;2;193;180;163m▀[0m[38;2;218;207;193m[48;2;193;180;163m▀[0m[38;2;231;220;208m[48;2;193;181;163m▀[0m[38;2;0;0;0m[48;2;121;113;102m▀[0m[38;2;228;229;233m▄[0m[38;2;223;224;228m▄[0m  
    [38;2;206;195;179m▀[0m[38;2;206;195;179m[48;2;206;194;178m▀[0m[38;2;64;61;58m[48;2;249;237;223m▀[0m[38;2;149;125;108m[48;2;149;124;108m▀[0m[38;2;226;176;173m[48;2;220;171;167m▀[0m[38;2;222;173;170m[48;2;84;83;83m▀[0m[38;2;27;20;19m[48;2;244;244;246m▀[0m[38;2;210;200;189m[48;2;253;242;228m▀[0m[38;2;231;221;208m[48;2;231;221;208m▀[0m[38;2;236;225;213m[48;2;41;34;30m▀[0m[38;2;159;130;109m[48;2;127;129;130m▀[0m[38;2;166;135;114m[48;2;225;177;174m▀[0m[38;2;159;129;109m[48;2;224;177;174m▀[0m[38;2;157;127;109m[48;2;159;129;109m▀[0m[38;2;231;221;208m[48;2;240;230;217m▀[0m[38;2;218;207;193m[48;2;206;195;179m▀[0m[38;2;218;207;193m[48;2;232;221;209m▀[0m[38;2;218;207;193m[48;2;231;220;208m▀[0m[38;2;218;207;193m[48;2;229;219;206m▀[0m[38;2;218;207;193m[48;2;37;35;33m▀[0m[38;2;217;207;193m[48;2;218;207;192m▀[0m[38;2;218;207;193m[48;2;208;196;181m▀[0m[38;2;218;208;194m[48;2;206;195;179m▀[0m[38;2;202;190;174m[48;2;206;194;179m▀[0m[38;2;204;192;176m[48;2;203;192;175m▀[0m[38;2;193;180;163m[48;2;205;191;173m▀[0m[38;2;193;180;163m[48;2;0;0;0m▀[0m[38;2;193;180;163m▀[0m[38;2;193;179;163m▀[0m[38;2;193;180;163m▀[0m[38;2;193;180;163m▀[0m[38;2;9;9;10m▀[0m[38;2;233;234;237m▀[0m   
      [38;2;234;223;211m▀[0m[38;2;158;128;109m[48;2;231;221;208m▀[0m[38;2;168;169;169m[48;2;215;206;194m▀[0m[38;2;255;255;255m[48;2;176;170;160m▀[0m[38;2;222;173;169m[48;2;222;172;169m▀[0m[38;2;222;173;170m[48;2;222;172;169m▀[0m[38;2;222;173;170m[48;2;222;172;169m▀[0m[38;2;31;21;22m[48;2;193;144;144m▀[0m[38;2;255;255;255m[48;2;125;96;76m▀[0m[38;2;182;181;181m[48;2;22;19;17m▀[0m[38;2;95;96;97m[48;2;112;89;71m▀[0m[38;2;122;93;75m[48;2;111;89;73m▀[0m[38;2;213;201;184m[48;2;206;194;178m▀[0m[38;2;206;195;179m[48;2;206;195;179m▀[0m[38;2;211;199;184m[48;2;206;194;178m▀[0m[38;2;231;220;208m[48;2;206;195;179m▀[0m[38;2;231;220;208m[48;2;217;206;193m▀[0m[38;2;231;221;208m[48;2;231;221;208m▀[0m[38;2;231;221;208m[48;2;231;221;208m▀[0m[38;2;244;234;220m[48;2;231;221;208m▀[0m[38;2;61;57;53m[48;2;231;221;208m▀[0m[38;2;0;0;0m[48;2;231;220;208m▀[0m[38;2;231;220;208m▄[0m[38;2;248;239;225m▄[0m[38;2;39;37;35m▄[0m         
       [38;2;211;199;183m▀[0m[38;2;208;197;181m[48;2;13;13;12m▀[0m[38;2;214;203;189m[48;2;206;195;179m▀[0m[38;2;38;37;34m[48;2;217;205;188m▀[0m[38;2;191;142;142m[48;2;26;24;22m▀[0m[38;2;192;142;142m[48;2;206;195;179m▀[0m[38;2;194;142;141m[48;2;206;194;178m▀[0m[38;2;206;195;179m[48;2;206;195;179m▀[0m[38;2;171;163;151m[48;2;206;195;179m▀[0m[38;2;173;163;150m[48;2;206;195;179m▀[0m[38;2;206;195;179m[48;2;206;195;179m▀[0m[38;2;206;195;179m[48;2;168;159;146m▀[0m[38;2;51;49;45m[48;2;206;195;179m▀[0m[38;2;206;195;179m[48;2;206;194;178m▀[0m[38;2;206;194;178m[48;2;206;194;178m▀[0m[38;2;206;194;178m[48;2;206;195;179m▀[0m[38;2;206;195;179m[48;2;206;195;179m▀[0m[38;2;218;207;193m[48;2;206;195;179m▀[0m[38;2;229;218;206m[48;2;206;195;179m▀[0m[38;2;231;221;208m[48;2;206;194;178m▀[0m[38;2;231;221;208m[48;2;213;202;188m▀[0m[38;2;231;220;208m[48;2;217;206;192m▀[0m[38;2;231;221;208m[48;2;218;207;193m▀[0m[38;2;231;221;208m[48;2;220;209;196m▀[0m[38;2;231;221;208m[48;2;217;206;193m▀[0m[38;2;231;220;208m[48;2;82;82;83m▀[0m[38;2;231;220;207m[48;2;143;144;146m▀[0m[38;2;3;3;3m[48;2;255;255;255m▀[0m[38;2;0;0;0m▄[0m    
          [38;2;4;4;4m▀[0m[38;2;204;192;176m▀[0m[38;2;206;194;178m▀[0m[38;2;206;195;179m▀[0m[38;2;206;195;179m▀[0m[38;2;206;195;179m▀[0m[38;2;206;194;178m▀[0m[38;2;0;0;0m▀[0m      [38;2;1;1;1m▀[0m[38;2;13;12;11m▀[0m[38;2;89;85;78m▀[0m[38;2;203;192;176m▀[0m[38;2;219;207;190m▀[0m[38;2;206;194;178m▀[0m[38;2;206;194;178m▀[0m[38;2;211;200;183m▀[0m[38;2;254;254;254m▀[0m[38;2;255;255;255m▀[0m[38;2;248;249;251m[48;2;191;192;195m▀[0m[38;2;224;225;229m[48;2;0;0;0m▀[0m    
                                        
                                        
                                        
                                        
                                        
