                                        
                      [38;2;96;95;95m▄[0m [38;2;101;100;100m[48;2;130;130;130m▀[0m[38;2;96;96;96m▄[0m              
                      [38;2;98;97;97m▀[0m[38;2;95;94;94m[48;2;136;135;135m▀[0m[38;2;178;178;179m[48;2;61;60;61m▀[0m[38;2;93;93;93m[48;2;21;21;21m▀[0m[38;2;211;211;211m[48;2;230;230;230m▀[0m             
                       [38;2;244;244;245m[48;2;86;86;86m▀[0m[38;2;89;63;62m[48;2;181;110;107m▀[0m[38;2;75;42;41m[48;2;185;110;108m▀[0m[38;2;241;242;242m[48;2;80;86;86m▀[0m[38;2;113;113;114m▄[0m            
                       [38;2;150;150;150m[48;2;243;244;244m▀[0m[38;2;120;64;66m[48;2;242;242;242m▀[0m[38;2;229;117;123m[48;2;242;242;242m▀[0m[38;2;242;242;242m[48;2;242;242;242m▀[0m[38;2;240;239;240m[48;2;229;229;229m▀[0m            
                       [38;2;242;242;242m[48;2;242;242;242m▀[0m[38;2;242;242;242m[48;2;241;242;242m▀[0m[38;2;242;242;242m[48;2;242;242;243m▀[0m[38;2;241;242;242m[48;2;242;242;242m▀[0m[38;2;227;227;227m[48;2;231;231;231m▀[0m            
           [38;2;254;130;137m▄[0m          [38;2;241;242;242m▄[0m[38;2;241;242;243m[48;2;242;242;242m▀[0m[38;2;242;242;243m[48;2;242;242;242m▀[0m[38;2;242;242;243m[48;2;242;242;242m▀[0m[38;2;242;242;242m[48;2;242;242;242m▀[0m[38;2;194;194;194m▀[0m            
          [38;2;230;117;123m▄[0m[38;2;163;81;84m[48;2;231;119;124m▀[0m[38;2;19;20;20m▄[0m[38;2;31;31;31m[48;2;242;242;242m▀[0m[38;2;242;242;242m▄[0m[38;2;239;239;239m▄[0m    [38;2;241;242;242m▄[0m[38;2;242;243;243m[48;2;242;242;242m▀[0m[38;2;242;242;243m[48;2;242;242;242m▀[0m[38;2;242;242;243m[48;2;242;242;242m▀[0m[38;2;242;242;242m[48;2;238;239;239m▀[0m[38;2;239;240;241m[48;2;228;228;228m▀[0m[38;2;227;227;227m▀[0m             
         [38;2;244;192;194m[48;2;230;116;122m▀[0m[38;2;230;116;122m[48;2;230;117;123m▀[0m[38;2;207;113;115m[48;2;175;109;104m▀[0m[38;2;68;40;39m[48;2;138;144;152m▀[0m[38;2;242;242;242m[48;2;146;124;108m▀[0m[38;2;242;242;242m[48;2;242;242;242m▀[0m[38;2;242;243;242m[48;2;242;242;242m▀[0m[38;2;0;0;0m[48;2;227;227;227m▀[0m[38;2;23;23;23m▄[0m[38;2;254;254;254m▄[0m[38;2;246;246;247m[48;2;250;251;251m▀[0m[38;2;245;245;245m[48;2;242;242;242m▀[0m[38;2;243;243;243m[48;2;242;242;242m▀[0m[38;2;242;242;242m[48;2;242;242;242m▀[0m[38;2;240;240;241m[48;2;228;227;228m▀[0m[38;2;229;229;229m[48;2;227;227;227m▀[0m[38;2;20;20;20m▀[0m              
        [38;2;157;133;115m▄[0m[38;2;189;111;109m[48;2;152;91;87m▀[0m[38;2;175;109;104m[48;2;57;32;28m▀[0m[38;2;175;109;104m[48;2;27;21;15m▀[0m[38;2;234;237;243m[48;2;255;255;255m▀[0m[38;2;77;66;58m[48;2;147;124;108m▀[0m[38;2;157;157;158m[48;2;244;245;245m▀[0m[38;2;242;242;242m[48;2;242;242;242m▀[0m[38;2;242;242;242m[48;2;241;242;242m▀[0m[38;2;115;115;115m[48;2;241;242;242m▀[0m[38;2;253;254;253m[48;2;243;242;242m▀[0m[38;2;242;242;242m[48;2;242;242;242m▀[0m[38;2;242;242;242m[48;2;241;242;242m▀[0m[38;2;242;242;242m[48;2;242;242;243m▀[0m[38;2;227;227;227m[48;2;228;227;228m▀[0m[38;2;228;228;228m▀[0m                
        [38;2;65;64;63m▀[0m[38;2;216;114;118m[48;2;162;162;162m▀[0m[38;2;177;109;105m▀[0m[38;2;152;154;155m[48;2;152;92;120m▀[0m[38;2;108;90;77m[48;2;96;56;75m▀[0m[38;2;249;249;249m[48;2;118;119;121m▀[0m[38;2;113;115;116m[48;2;183;154;168m▀[0m[38;2;242;242;242m[48;2;139;117;105m▀[0m[38;2;242;242;243m[48;2;242;242;242m▀[0m[38;2;233;233;233m[48;2;241;242;242m▀[0m[38;2;241;242;242m[48;2;31;31;31m▀[0m[38;2;242;242;243m[48;2;242;242;242m▀[0m[38;2;242;242;242m[48;2;242;242;242m▀[0m[38;2;229;230;230m[48;2;228;228;229m▀[0m[38;2;104;103;103m▀[0m                 
          [38;2;242;242;243m▄[0m[38;2;157;96;125m[48;2;171;104;136m▀[0m[38;2;191;165;178m[48;2;224;180;200m▀[0m[38;2;182;152;165m[48;2;225;177;198m▀[0m[38;2;181;149;164m[48;2;205;163;182m▀[0m[38;2;130;110;97m[48;2;136;116;104m▀[0m[38;2;241;242;242m[48;2;242;242;243m▀[0m[38;2;64;64;64m[48;2;241;242;242m▀[0m[38;2;237;238;238m[48;2;128;128;129m▀[0m[38;2;242;242;242m[48;2;241;242;242m▀[0m[38;2;242;242;242m[48;2;235;235;236m▀[0m[38;2;232;232;233m[48;2;228;228;228m▀[0m[38;2;154;154;154m[48;2;228;227;228m▀[0m                 
         [38;2;58;58;58m▄[0m[38;2;245;246;246m[48;2;243;243;244m▀[0m[38;2;225;214;204m[48;2;130;109;98m▀[0m[38;2;183;167;157m[48;2;132;111;98m▀[0m[38;2;87;87;85m[48;2;130;110;97m▀[0m[38;2;173;158;149m[48;2;179;180;180m▀[0m[38;2;179;180;181m[48;2;230;230;231m▀[0m[38;2;241;242;242m[48;2;242;242;242m▀[0m[38;2;242;242;242m[48;2;242;242;243m▀[0m[38;2;242;242;242m[48;2;242;242;242m▀[0m[38;2;242;243;242m[48;2;242;242;243m▀[0m[38;2;237;238;238m[48;2;228;227;228m▀[0m[38;2;236;236;237m[48;2;228;228;229m▀[0m[38;2;235;234;235m[48;2;231;231;231m▀[0m[38;2;134;121;112m[48;2;228;227;228m▀[0m       [38;2;239;239;240m▄[0m        
         [38;2;254;254;254m[48;2;247;248;248m▀[0m[38;2;250;251;251m[48;2;244;243;243m▀[0m[38;2;242;242;242m[48;2;241;242;242m▀[0m[38;2;97;97;97m[48;2;243;243;243m▀[0m[38;2;242;242;243m[48;2;241;242;242m▀[0m[38;2;242;242;243m[48;2;242;242;242m▀[0m[38;2;242;242;242m[48;2;242;242;242m▀[0m[38;2;242;242;243m[48;2;242;242;242m▀[0m[38;2;242;242;242m[48;2;242;242;242m▀[0m[38;2;243;243;243m[48;2;228;228;229m▀[0m[38;2;228;227;228m[48;2;228;227;228m▀[0m[38;2;228;227;228m[48;2;228;227;228m▀[0m[38;2;228;227;228m[48;2;228;227;228m▀[0m[38;2;228;227;228m[48;2;228;227;228m▀[0m[38;2;228;227;228m[48;2;228;227;228m▀[0m[38;2;154;138;126m[48;2;145;123;108m▀[0m   [38;2;153;152;153m▄[0m[38;2;240;239;240m▄[0m[38;2;252;252;252m[48;2;239;239;239m▀[0m         
         [38;2;250;251;251m[48;2;58;58;58m▀[0m[38;2;242;242;242m[48;2;242;242;243m▀[0m[38;2;243;243;243m[48;2;242;242;242m▀[0m[38;2;233;233;233m[48;2;228;227;227m▀[0m[38;2;192;192;192m[48;2;228;227;228m▀[0m[38;2;230;229;229m▀[0m[38;2;232;233;234m[48;2;51;51;51m▀[0m[38;2;239;240;240m[48;2;228;227;228m▀[0m[38;2;236;235;236m[48;2;228;228;229m▀[0m[38;2;228;227;228m[48;2;228;228;229m▀[0m[38;2;228;227;228m[48;2;228;227;228m▀[0m[38;2;228;227;228m[48;2;228;227;228m▀[0m[38;2;228;227;228m[48;2;228;227;228m▀[0m[38;2;227;227;228m[48;2;228;227;228m▀[0m[38;2;227;227;227m[48;2;227;227;228m▀[0m[38;2;228;227;227m[48;2;235;234;235m▀[0m[38;2;188;188;188m[48;2;242;242;242m▀[0m[38;2;211;211;212m[48;2;245;245;245m▀[0m[38;2;211;211;212m[48;2;212;212;213m▀[0m[38;2;211;211;212m[48;2;211;211;212m▀[0m[38;2;211;211;212m[48;2;212;212;213m▀[0m[38;2;1;1;1m[48;2;126;126;126m▀[0m         
          [38;2;242;242;242m[48;2;242;242;243m▀[0m[38;2;241;242;242m[48;2;242;242;242m▀[0m[38;2;232;232;233m[48;2;242;242;242m▀[0m[38;2;228;227;228m[48;2;227;227;227m▀[0m [38;2;21;21;21m[48;2;243;243;243m▀[0m[38;2;243;243;243m[48;2;242;242;243m▀[0m[38;2;88;88;89m[48;2;241;242;242m▀[0m[38;2;228;227;228m[48;2;242;242;242m▀[0m[38;2;228;227;227m[48;2;242;242;242m▀[0m[38;2;228;227;228m[48;2;242;242;243m▀[0m[38;2;227;227;227m[48;2;242;242;242m▀[0m[38;2;228;227;228m[48;2;242;242;242m▀[0m[38;2;228;227;228m[48;2;242;242;242m▀[0m[38;2;242;242;243m[48;2;242;242;243m▀[0m[38;2;241;242;242m[48;2;243;243;243m▀[0m[38;2;243;243;243m[48;2;243;243;243m▀[0m[38;2;242;243;243m[48;2;242;242;242m▀[0m[38;2;212;212;213m▀[0m[38;2;97;97;97m▀[0m          
          [38;2;243;243;244m▀[0m[38;2;241;242;242m[48;2;241;242;242m▀[0m[38;2;242;242;242m[48;2;241;242;242m▀[0m[38;2;227;227;227m[48;2;241;242;242m▀[0m[38;2;246;246;246m[48;2;228;227;228m▀[0m[38;2;241;242;243m[48;2;242;242;242m▀[0m[38;2;242;242;242m[48;2;242;242;243m▀[0m[38;2;242;242;243m[48;2;243;244;244m▀[0m[38;2;242;242;243m[48;2;210;210;210m▀[0m[38;2;242;242;242m▀[0m[38;2;242;242;242m▀[0m[38;2;243;243;243m▀[0m[38;2;241;242;242m▀[0m[38;2;242;242;242m▀[0m[38;2;243;243;243m[48;2;203;204;204m▀[0m[38;2;243;243;243m[48;2;133;133;133m▀[0m[38;2;242;242;243m[48;2;150;150;150m▀[0m[38;2;204;204;205m▀[0m            
           [38;2;251;251;252m▀[0m[38;2;242;242;243m[48;2;242;242;243m▀[0m[38;2;242;242;243m[48;2;242;242;242m▀[0m[38;2;228;228;228m[48;2;242;242;242m▀[0m[38;2;64;64;64m[48;2;227;227;227m▀[0m[38;2;93;92;92m[48;2;94;94;94m▀[0m[38;2;199;198;198m[48;2;121;120;121m▀[0m[38;2;107;107;107m[48;2;0;0;0m▀[0m     [38;2;203;204;204m▀[0m[38;2;188;188;187m▀[0m[38;2;194;195;194m[48;2;95;94;95m▀[0m[38;2;231;231;231m[48;2;38;38;37m▀[0m[38;2;100;98;99m▄[0m           
             [38;2;241;242;242m▀[0m[38;2;229;229;230m[48;2;236;236;236m▀[0m[38;2;239;239;239m[48;2;228;228;229m▀[0m[38;2;227;227;227m[48;2;227;227;227m▀[0m[38;2;94;94;94m▀[0m         [38;2;10;10;10m▀[0m [38;2;71;70;71m▀[0m          
                                        
