                                        
                                        
                                        
                                        
                                        
                [38;2;237;242;223m▄[0m                       
               [38;2;198;202;179m[48;2;223;243;189m▀[0m[38;2;237;243;223m[48;2;187;205;156m▀[0m[38;2;25;25;26m▄[0m[38;2;250;251;252m▄[0m[38;2;253;253;253m▄[0m[38;2;255;255;255m▄[0m[38;2;180;180;180m▄[0m[38;2;0;0;0m[48;2;254;254;254m▀[0m[38;2;254;254;254m▄[0m[38;2;252;252;252m▄[0m[38;2;247;248;249m▄[0m              
          [38;2;62;63;63m▄[0m[38;2;102;103;103m[48;2;249;249;250m▀[0m[38;2;253;254;254m[48;2;254;254;254m▀[0m[38;2;254;254;254m[48;2;251;251;251m▀[0m[38;2;251;252;251m[48;2;247;248;249m▀[0m[38;2;247;248;249m[48;2;247;248;249m▀[0m[38;2;247;248;249m[48;2;247;248;250m▀[0m[38;2;181;181;182m[48;2;247;248;250m▀[0m[38;2;247;248;249m[48;2;133;133;133m▀[0m[38;2;247;248;249m[48;2;247;248;250m▀[0m[38;2;249;249;250m[48;2;247;248;250m▀[0m[38;2;249;249;250m[48;2;247;248;250m▀[0m[38;2;248;249;250m[48;2;247;248;250m▀[0m[38;2;242;242;242m[48;2;247;248;250m▀[0m[38;2;247;248;249m[48;2;81;86;72m▀[0m[38;2;247;248;249m[48;2;239;243;226m▀[0m[38;2;247;248;249m[48;2;238;243;226m▀[0m[38;2;0;0;0m[48;2;237;242;223m▀[0m[38;2;60;65;51m[48;2;169;171;164m▀[0m[38;2;0;1;0m▀[0m          
          [38;2;247;248;249m[48;2;247;248;249m▀[0m[38;2;247;248;250m[48;2;247;248;249m▀[0m[38;2;247;248;250m[48;2;108;109;111m▀[0m[38;2;248;248;250m[48;2;247;248;249m▀[0m[38;2;250;251;251m[48;2;247;248;250m▀[0m[38;2;126;127;130m[48;2;247;248;250m▀[0m[38;2;251;251;252m[48;2;20;20;20m▀[0m[38;2;6;6;6m[48;2;29;35;25m▀[0m[38;2;248;248;250m[48;2;229;233;243m▀[0m[38;2;252;252;254m[48;2;220;225;236m▀[0m[38;2;247;248;250m[48;2;239;240;246m▀[0m[38;2;243;244;247m[48;2;247;248;249m▀[0m[38;2;168;182;144m[48;2;214;230;182m▀[0m[38;2;211;230;179m[48;2;210;230;178m▀[0m[38;2;141;153;119m[48;2;211;230;178m▀[0m[38;2;224;242;191m[48;2;210;229;177m▀[0m[38;2;235;242;219m[48;2;213;233;180m▀[0m[38;2;237;242;223m[48;2;219;229;199m▀[0m[38;2;237;242;223m[48;2;83;83;84m▀[0m[38;2;253;254;254m▄[0m          
     [38;2;207;202;199m▄[0m[38;2;192;183;175m▄[0m[38;2;1;1;1m[48;2;164;152;143m▀[0m[38;2;163;153;144m▄[0m[38;2;163;153;144m▄[0m[38;2;247;248;249m[48;2;174;177;184m▀[0m[38;2;247;248;249m[48;2;247;248;249m▀[0m[38;2;247;248;249m[48;2;247;248;249m▀[0m[38;2;247;248;249m[48;2;247;248;249m▀[0m[38;2;247;248;249m[48;2;203;203;203m▀[0m[38;2;247;248;249m[48;2;246;247;249m▀[0m[38;2;24;23;23m[48;2;138;141;148m▀[0m[38;2;122;147;103m[48;2;5;5;5m▀[0m[38;2;210;215;225m[48;2;210;215;224m▀[0m[38;2;229;234;245m[48;2;22;23;24m▀[0m[38;2;210;214;224m[48;2;209;213;223m▀[0m[38;2;210;215;224m[48;2;214;209;205m▀[0m[38;2;210;215;225m[48;2;180;167;159m▀[0m[38;2;115;127;96m[48;2;210;215;224m▀[0m[38;2;210;230;177m[48;2;209;215;224m▀[0m[38;2;210;230;177m[48;2;237;241;250m▀[0m[38;2;212;231;179m[48;2;210;215;224m▀[0m[38;2;190;195;205m[48;2;209;215;225m▀[0m[38;2;210;214;224m[48;2;210;215;225m▀[0m[38;2;249;249;250m[48;2;211;216;226m▀[0m[38;2;249;249;249m▄[0m         
   [38;2;0;0;0m[48;2;205;200;194m▀[0m[38;2;202;197;192m[48;2;163;153;144m▀[0m[38;2;163;154;144m[48;2;164;153;144m▀[0m[38;2;163;153;144m[48;2;163;152;144m▀[0m[38;2;163;152;144m[48;2;65;60;56m▀[0m[38;2;142;133;125m[48;2;233;236;244m▀[0m[38;2;234;237;244m[48;2;32;33;34m▀[0m[38;2;18;18;19m▀[0m[38;2;247;248;249m[48;2;247;248;249m▀[0m[38;2;247;248;250m[48;2;247;248;249m▀[0m[38;2;247;248;249m[48;2;104;105;110m▀[0m[38;2;247;248;249m[48;2;229;234;243m▀[0m[38;2;210;215;225m[48;2;211;216;226m▀[0m[38;2;210;214;224m[48;2;130;133;139m▀[0m[38;2;210;215;224m[48;2;201;205;214m▀[0m[38;2;209;214;224m[48;2;210;215;225m▀[0m[38;2;210;215;225m[48;2;205;210;219m▀[0m[38;2;201;194;188m[48;2;199;192;187m▀[0m[38;2;209;202;198m[48;2;189;177;169m▀[0m[38;2;169;158;150m[48;2;169;159;150m▀[0m[38;2;211;216;225m[48;2;28;28;30m▀[0m[38;2;209;215;225m[48;2;146;149;156m▀[0m[38;2;210;215;224m[48;2;210;215;224m▀[0m[38;2;209;215;225m[48;2;57;58;61m▀[0m[38;2;210;214;225m[48;2;240;241;246m▀[0m[38;2;232;238;249m[48;2;198;202;211m▀[0m[38;2;248;249;250m[48;2;126;128;133m▀[0m[38;2;18;19;19m[48;2;247;248;249m▀[0m[38;2;246;246;248m▄[0m        
  [38;2;209;204;201m[48;2;185;176;166m▀[0m[38;2;176;164;153m[48;2;163;152;144m▀[0m[38;2;163;152;144m[48;2;163;153;144m▀[0m[38;2;163;152;144m[48;2;163;152;143m▀[0m[38;2;170;159;150m[48;2;247;248;250m▀[0m[38;2;244;246;247m[48;2;213;218;228m▀[0m[38;2;75;77;81m▀[0m   [38;2;193;197;206m▀[0m[38;2;241;242;242m[48;2;247;248;249m▀[0m[38;2;171;173;179m▀[0m[38;2;134;135;141m▀[0m[38;2;210;214;224m▀[0m[38;2;210;215;225m[48;2;230;234;243m▀[0m[38;2;210;214;224m[48;2;210;214;225m▀[0m[38;2;203;195;190m[48;2;200;193;188m▀[0m[38;2;198;192;186m[48;2;199;192;187m▀[0m[38;2;187;176;167m[48;2;180;167;158m▀[0m[38;2;166;156;147m[48;2;163;153;144m▀[0m[38;2;11;11;12m[48;2;167;170;178m▀[0m[38;2;138;141;148m[48;2;27;28;29m▀[0m[38;2;194;198;207m[48;2;210;215;224m▀[0m[38;2;142;144;151m[48;2;210;215;224m▀[0m[38;2;213;218;228m[48;2;218;224;233m▀[0m[38;2;210;215;225m[48;2;210;215;225m▀[0m[38;2;210;215;225m[48;2;210;215;224m▀[0m[38;2;66;67;70m[48;2;210;214;224m▀[0m[38;2;245;246;248m[48;2;110;113;118m▀[0m[38;2;236;239;244m[48;2;240;242;246m▀[0m[38;2;0;0;0m[48;2;227;232;241m▀[0m[38;2;0;0;0m▄[0m     
  [38;2;41;39;37m▀[0m[38;2;176;164;156m▀[0m [38;2;249;249;249m▄[0m[38;2;210;215;225m▀[0m      [38;2;247;248;249m[48;2;236;238;245m▀[0m     [38;2;182;169;161m[48;2;172;161;151m▀[0m[38;2;196;189;182m[48;2;183;172;162m▀[0m[38;2;173;163;154m[48;2;163;153;144m▀[0m[38;2;163;153;144m[48;2;167;156;147m▀[0m[38;2;218;223;233m▀[0m[38;2;214;219;229m▀[0m[38;2;147;150;157m▀[0m[38;2;56;57;60m▀[0m[38;2;5;6;6m▀[0m[38;2;1;1;1m▀[0m[38;2;7;7;7m▀[0m  [38;2;185;190;197m▀[0m[38;2;239;241;245m[48;2;216;221;231m▀[0m[38;2;210;215;225m[48;2;231;234;242m▀[0m[38;2;0;0;0m[48;2;210;214;224m▀[0m    
     [38;2;0;0;0m▀[0m       [38;2;244;248;253m[48;2;15;15;16m▀[0m     [38;2;167;156;147m[48;2;3;2;2m▀[0m[38;2;164;153;144m[48;2;163;153;144m▀[0m[38;2;163;152;144m[48;2;10;10;9m▀[0m            [38;2;210;215;224m▀[0m[38;2;210;215;224m[48;2;210;215;224m▀[0m[38;2;210;214;224m[48;2;210;215;224m▀[0m[38;2;105;108;113m▄[0m  
                                  [38;2;227;230;237m▀[0m[38;2;20;20;20m▀[0m[38;2;210;215;225m▀[0m[38;2;208;213;223m▀[0m  
                                        
                                        
                                        
                                        
                                        
