                                        
                                        
                                        
  [38;2;97;97;97m▄[0m[38;2;238;238;241m▄[0m                                    
  [38;2;246;246;247m[48;2;70;24;28m▀[0m[38;2;246;245;246m[48;2;238;238;243m▀[0m[38;2;244;244;247m[48;2;239;238;244m▀[0m[38;2;244;243;245m▄[0m                          [38;2;211;211;211m▄[0m[38;2;246;245;246m▄[0m[38;2;239;238;243m▄[0m[38;2;251;252;252m[48;2;244;244;245m▀[0m[38;2;244;244;246m[48;2;246;246;247m▀[0m[38;2;247;246;247m[48;2;255;255;255m▀[0m  
  [38;2;199;73;83m[48;2;200;73;84m▀[0m[38;2;200;73;86m[48;2;194;71;83m▀[0m[38;2;244;243;245m[48;2;238;238;243m▀[0m[38;2;244;243;245m[48;2;244;244;246m▀[0m[38;2;244;242;245m[48;2;247;246;248m▀[0m[38;2;247;246;248m▄[0m                    [38;2;245;245;246m▄[0m[38;2;247;246;247m▄[0m[38;2;246;245;247m[48;2;247;247;248m▀[0m[38;2;239;238;243m[48;2;247;247;248m▀[0m[38;2;239;238;243m[48;2;246;247;247m▀[0m[38;2;247;247;248m[48;2;224;224;224m▀[0m[38;2;247;247;248m[48;2;206;76;88m▀[0m[38;2;70;70;73m[48;2;200;73;84m▀[0m[38;2;198;72;83m[48;2;195;71;84m▀[0m[38;2;86;43;45m▀[0m  
  [38;2;151;54;62m[48;2;210;90;100m▀[0m[38;2;241;240;244m[48;2;253;253;253m▀[0m[38;2;240;239;244m[48;2;244;244;246m▀[0m[38;2;241;241;243m[48;2;239;238;244m▀[0m[38;2;187;187;188m[48;2;247;246;248m▀[0m[38;2;247;246;248m[48;2;250;249;250m▀[0m[38;2;247;246;248m[48;2;246;245;247m▀[0m[38;2;68;68;68m▄[0m               [38;2;246;246;247m▄[0m[38;2;251;250;251m[48;2;246;245;246m▀[0m[38;2;243;242;244m[48;2;246;246;247m▀[0m[38;2;239;238;242m[48;2;60;60;60m▀[0m[38;2;239;238;243m[48;2;246;246;247m▀[0m[38;2;113;113;113m[48;2;245;244;246m▀[0m[38;2;239;238;243m[48;2;247;247;248m▀[0m[38;2;247;246;248m[48;2;247;247;248m▀[0m[38;2;244;243;245m[48;2;245;244;246m▀[0m[38;2;245;245;246m[48;2;246;245;247m▀[0m[38;2;253;253;253m[48;2;247;247;248m▀[0m[38;2;205;78;88m[48;2;146;145;147m▀[0m   
  [38;2;171;80;87m▀[0m[38;2;201;73;85m[48;2;205;208;208m▀[0m[38;2;149;149;152m[48;2;247;246;248m▀[0m[38;2;238;238;244m[48;2;246;246;247m▀[0m[38;2;246;246;248m[48;2;250;250;251m▀[0m[38;2;110;109;111m[48;2;100;99;102m▀[0m[38;2;247;247;248m[48;2;239;237;243m▀[0m[38;2;239;238;243m[48;2;241;240;244m▀[0m             [38;2;0;0;0m[48;2;246;245;247m▀[0m[38;2;240;240;242m[48;2;239;239;242m▀[0m[38;2;246;246;247m[48;2;243;242;244m▀[0m[38;2;240;239;243m[48;2;180;180;181m▀[0m[38;2;247;247;248m[48;2;246;246;247m▀[0m[38;2;246;246;247m[48;2;238;238;245m▀[0m[38;2;245;245;246m[48;2;241;240;243m▀[0m[38;2;238;238;243m[48;2;181;181;181m▀[0m[38;2;247;247;248m[48;2;246;246;248m▀[0m[38;2;240;239;243m[48;2;248;248;248m▀[0m[38;2;230;230;230m[48;2;199;73;84m▀[0m[38;2;205;74;86m[48;2;195;71;84m▀[0m[38;2;195;71;85m[48;2;233;108;115m▀[0m    
   [38;2;193;69;80m[48;2;200;79;91m▀[0m[38;2;239;237;242m[48;2;75;40;43m▀[0m[38;2;240;238;242m[48;2;224;222;226m▀[0m[38;2;240;239;243m[48;2;232;230;237m▀[0m[38;2;243;242;246m[48;2;231;230;240m▀[0m[38;2;232;231;238m[48;2;208;207;211m▀[0m[38;2;224;195;129m[48;2;206;179;123m▀[0m[38;2;124;123;126m[48;2;250;249;252m▀[0m[38;2;175;156;95m▄[0m[38;2;247;212;131m▄[0m[38;2;245;212;131m▄[0m[38;2;226;205;124m▄[0m [38;2;234;200;126m▄[0m     [38;2;243;243;246m[48;2;243;242;245m▀[0m[38;2;247;247;249m[48;2;240;238;242m▀[0m[38;2;241;242;244m[48;2;239;237;243m▀[0m[38;2;243;244;245m[48;2;75;74;77m▀[0m[38;2;239;238;243m[48;2;238;237;244m▀[0m[38;2;248;248;249m[48;2;246;246;247m▀[0m[38;2;240;240;241m[48;2;244;244;245m▀[0m[38;2;239;238;242m[48;2;247;247;248m▀[0m[38;2;245;244;246m[48;2;243;242;245m▀[0m[38;2;243;241;245m[48;2;242;241;243m▀[0m[38;2;241;240;243m[48;2;240;239;243m▀[0m[38;2;241;240;243m[48;2;202;203;204m▀[0m[38;2;201;72;84m[48;2;218;99;106m▀[0m     
    [38;2;230;229;240m▀[0m[38;2;233;231;238m[48;2;20;20;22m▀[0m[38;2;239;237;242m[48;2;231;229;236m▀[0m[38;2;133;133;135m[48;2;136;137;147m▀[0m[38;2;255;249;217m[48;2;214;208;182m▀[0m[38;2;206;179;123m[48;2;206;179;123m▀[0m[38;2;222;193;125m[48;2;227;197;135m▀[0m[38;2;254;246;228m[48;2;233;199;125m▀[0m[38;2;254;250;245m[48;2;253;226;137m▀[0m[38;2;252;226;137m[48;2;253;227;137m▀[0m[38;2;253;226;136m[48;2;253;226;137m▀[0m[38;2;208;199;119m[48;2;253;230;154m▀[0m[38;2;221;191;125m[48;2;221;191;125m▀[0m[38;2;225;195;128m▄[0m[38;2;1;1;1m▄[0m  [38;2;234;233;240m[48;2;230;229;240m▀[0m[38;2;240;238;243m[48;2;235;234;240m▀[0m[38;2;235;233;238m[48;2;231;230;239m▀[0m[38;2;238;235;241m[48;2;124;123;130m▀[0m[38;2;241;238;243m[48;2;231;230;237m▀[0m[38;2;242;240;244m[48;2;188;187;192m▀[0m[38;2;240;238;242m[48;2;253;253;254m▀[0m[38;2;244;244;246m[48;2;235;234;238m▀[0m[38;2;244;243;246m[48;2;232;229;238m▀[0m[38;2;0;0;0m[48;2;232;231;241m▀[0m[38;2;201;73;84m[48;2;47;52;52m▀[0m[38;2;201;73;84m[48;2;200;72;83m▀[0m[38;2;201;74;85m▀[0m      
    [38;2;0;0;0m[48;2;158;155;163m▀[0m[38;2;183;182;185m[48;2;230;227;237m▀[0m[38;2;97;96;100m[48;2;158;70;75m▀[0m[38;2;254;229;146m[48;2;254;229;138m▀[0m[38;2;208;187;113m[48;2;255;234;141m▀[0m[38;2;20;20;21m[48;2;33;32;32m▀[0m[38;2;61;60;61m[48;2;58;58;58m▀[0m[38;2;32;32;32m[48;2;33;32;32m▀[0m[38;2;1;1;3m[48;2;9;7;4m▀[0m[38;2;252;226;137m[48;2;185;168;101m▀[0m[38;2;253;226;136m[48;2;222;191;125m▀[0m[38;2;222;191;126m[48;2;240;205;128m▀[0m[38;2;240;206;128m[48;2;239;205;128m▀[0m[38;2;241;220;132m[48;2;240;206;128m▀[0m[38;2;50;44;25m[48;2;222;192;125m▀[0m[38;2;139;122;74m[48;2;221;191;126m▀[0m[38;2;0;0;0m[48;2;125;124;125m▀[0m[38;2;238;236;241m[48;2;241;241;244m▀[0m[38;2;238;236;241m[48;2;237;235;241m▀[0m[38;2;20;20;21m[48;2;238;237;241m▀[0m[38;2;238;236;240m[48;2;237;235;240m▀[0m[38;2;240;238;242m[48;2;231;230;240m▀[0m[38;2;239;237;242m[48;2;238;236;241m▀[0m[38;2;238;236;241m[48;2;141;140;141m▀[0m[38;2;239;237;241m▀[0m[38;2;240;238;243m▀[0m[38;2;255;254;255m▀[0m         
     [38;2;248;248;254m▀[0m[38;2;163;38;60m[48;2;159;29;55m▀[0m[38;2;164;50;63m[48;2;153;45;59m▀[0m[38;2;237;205;132m[48;2;70;70;69m▀[0m[38;2;165;144;100m[48;2;69;68;68m▀[0m[38;2;37;36;36m[48;2;33;32;32m▀[0m[38;2;34;33;33m[48;2;33;32;32m▀[0m[38;2;150;128;79m[48;2;33;32;32m▀[0m[38;2;222;191;125m[48;2;33;32;32m▀[0m[38;2;221;191;125m[48;2;180;59;73m▀[0m[38;2;209;85;95m[48;2;253;251;251m▀[0m[38;2;90;39;43m[48;2;205;76;86m▀[0m[38;2;245;211;130m[48;2;51;51;50m▀[0m[38;2;228;197;129m[48;2;13;11;7m▀[0m[38;2;227;195;126m[48;2;113;100;58m▀[0m[38;2;247;245;249m[48;2;109;108;108m▀[0m[38;2;72;71;75m[48;2;218;213;230m▀[0m[38;2;38;37;40m[48;2;221;218;231m▀[0m[38;2;137;133;145m[48;2;229;225;235m▀[0m[38;2;179;173;190m[48;2;226;223;233m▀[0m[38;2;222;219;228m[48;2;229;225;235m▀[0m[38;2;229;227;237m[48;2;227;223;234m▀[0m[38;2;225;222;232m[48;2;222;219;231m▀[0m[38;2;161;160;164m[48;2;226;223;233m▀[0m[38;2;0;0;0m[48;2;221;218;231m▀[0m[38;2;228;225;235m▄[0m[38;2;229;228;239m▄[0m        
       [38;2;77;67;46m▀[0m[38;2;254;227;137m[48;2;180;180;180m▀[0m[38;2;184;176;127m[48;2;73;64;36m▀[0m[38;2;15;14;15m[48;2;253;226;137m▀[0m[38;2;34;33;33m[48;2;3;3;3m▀[0m[38;2;34;33;33m[48;2;139;120;78m▀[0m[38;2;34;33;33m[48;2;72;63;41m▀[0m[38;2;205;75;87m[48;2;15;15;15m▀[0m[38;2;160;28;53m[48;2;29;26;27m▀[0m[38;2;223;102;109m[48;2;51;51;51m▀[0m[38;2;51;51;50m[48;2;51;51;51m▀[0m[38;2;51;50;50m[48;2;51;51;51m▀[0m[38;2;51;50;50m[48;2;51;51;51m▀[0m[38;2;50;51;51m[48;2;51;51;51m▀[0m[38;2;233;230;242m[48;2;45;45;46m▀[0m[38;2;229;225;235m[48;2;222;219;231m▀[0m[38;2;229;225;235m[48;2;228;224;235m▀[0m[38;2;52;51;54m[48;2;201;199;203m▀[0m[38;2;229;225;235m[48;2;229;225;235m▀[0m[38;2;228;225;235m[48;2;221;218;234m▀[0m[38;2;231;228;240m[48;2;221;218;229m▀[0m[38;2;80;79;82m[48;2;229;225;235m▀[0m[38;2;220;217;223m[48;2;223;220;230m▀[0m[38;2;221;218;232m[48;2;38;37;39m▀[0m[38;2;0;0;0m▀[0m        
    [38;2;4;4;4m[48;2;189;190;189m▀[0m[38;2;17;17;17m[48;2;183;183;182m▀[0m[38;2;138;137;137m▀[0m[38;2;56;56;56m▀[0m [38;2;139;138;138m▀[0m[38;2;253;227;137m[48;2;0;0;0m▀[0m[38;2;235;203;132m[48;2;235;202;128m▀[0m[38;2;140;139;140m[48;2;44;37;23m▀[0m[38;2;143;142;142m[48;2;49;49;49m▀[0m[38;2;134;133;133m[48;2;51;51;51m▀[0m[38;2;49;48;49m[48;2;52;51;51m▀[0m[38;2;135;134;133m[48;2;51;51;51m▀[0m[38;2;50;50;50m[48;2;2;2;2m▀[0m[38;2;51;51;51m[48;2;158;157;158m▀[0m[38;2;51;51;51m[48;2;92;92;91m▀[0m[38;2;52;51;50m[48;2;54;54;53m▀[0m[38;2;101;100;100m[48;2;88;87;87m▀[0m[38;2;227;223;233m▀[0m[38;2;221;218;233m[48;2;225;222;235m▀[0m[38;2;228;225;235m[48;2;221;217;232m▀[0m[38;2;27;27;29m[48;2;226;223;234m▀[0m[38;2;221;218;232m[48;2;226;226;238m▀[0m[38;2;223;220;231m[48;2;243;241;246m▀[0m[38;2;229;225;235m▀[0m[38;2;44;43;45m▀[0m          
    [38;2;227;226;226m[48;2;0;0;0m▀[0m[38;2;182;182;182m[48;2;182;182;182m▀[0m[38;2;112;111;110m[48;2;134;133;134m▀[0m     [38;2;86;85;86m[48;2;118;109;118m▀[0m[38;2;56;56;56m[48;2;69;66;68m▀[0m[38;2;51;51;51m[48;2;44;43;44m▀[0m[38;2;51;51;51m[48;2;49;48;48m▀[0m[38;2;51;51;51m[48;2;0;0;0m▀[0m[38;2;51;51;50m[48;2;182;182;182m▀[0m[38;2;182;182;182m[48;2;182;182;182m▀[0m[38;2;182;182;182m[48;2;157;155;155m▀[0m[38;2;0;0;0m[48;2;32;30;32m▀[0m[38;2;70;65;70m▀[0m                  
     [38;2;190;190;189m▀[0m[38;2;134;133;134m[48;2;2;2;2m▀[0m[38;2;135;134;134m[48;2;139;138;138m▀[0m     [38;2;37;34;37m▀[0m[38;2;4;4;4m[48;2;206;189;112m▀[0m[38;2;167;134;95m[48;2;183;183;182m▀[0m[38;2;182;182;182m[48;2;194;196;195m▀[0m[38;2;204;204;205m[48;2;138;137;137m▀[0m[38;2;156;155;155m[48;2;5;4;5m▀[0m[38;2;8;7;8m[48;2;78;72;78m▀[0m[38;2;156;124;89m▀[0m                   
              [38;2;106;105;106m▀[0m[38;2;134;133;133m▀[0m[38;2;95;94;94m▀[0m                       
                                        
                                        
                                        
