                                        
                                        
                                        
                 [38;2;1;1;1m▄[0m[38;2;119;117;117m▄[0m[38;2;114;114;114m[48;2;118;116;116m▀[0m[38;2;119;118;117m[48;2;119;117;117m▀[0m[38;2;121;120;120m[48;2;121;120;121m▀[0m[38;2;111;110;110m[48;2;111;110;110m▀[0m[38;2;68;68;68m[48;2;110;109;109m▀[0m[38;2;108;107;107m▄[0m               
                [38;2;121;120;121m▄[0m[38;2;121;120;121m[48;2;119;118;119m▀[0m[38;2;121;120;121m[48;2;119;118;118m▀[0m[38;2;120;119;119m[48;2;121;120;121m▀[0m[38;2;117;116;116m[48;2;121;121;120m▀[0m[38;2;121;121;121m[48;2;119;118;118m▀[0m[38;2;111;110;110m[48;2;110;109;109m▀[0m[38;2;108;107;107m[48;2;108;107;107m▀[0m[38;2;110;109;109m[48;2;67;67;67m▀[0m[38;2;68;68;67m[48;2;33;33;33m▀[0m[38;2;0;0;0m[48;2;67;66;66m▀[0m             
               [38;2;76;76;76m▄[0m[38;2;117;116;116m[48;2;255;241;182m▀[0m[38;2;254;236;192m[48;2;254;231;158m▀[0m[38;2;254;237;193m[48;2;254;231;157m▀[0m[38;2;113;113;116m[48;2;254;231;158m▀[0m[38;2;110;110;109m[48;2;107;106;106m▀[0m[38;2;107;106;107m[48;2;110;109;109m▀[0m[38;2;106;105;106m[48;2;107;106;106m▀[0m[38;2;91;90;90m[48;2;84;85;85m▀[0m[38;2;67;67;67m[48;2;61;60;60m▀[0m[38;2;69;68;68m[48;2;70;68;68m▀[0m[38;2;27;26;26m[48;2;251;222;153m▀[0m[38;2;73;72;72m[48;2;240;210;149m▀[0m[38;2;81;81;81m[48;2;175;153;105m▀[0m[38;2;93;93;94m[48;2;68;67;67m▀[0m[38;2;87;87;87m▄[0m[38;2;70;70;70m▄[0m[38;2;64;63;63m▄[0m       
               [38;2;103;103;105m[48;2;254;231;157m▀[0m[38;2;254;231;157m[48;2;254;231;157m▀[0m[38;2;254;231;158m[48;2;254;231;157m▀[0m[38;2;254;231;157m[48;2;254;231;157m▀[0m[38;2;254;231;157m[48;2;254;231;157m▀[0m[38;2;107;106;106m[48;2;106;105;105m▀[0m[38;2;107;106;106m[48;2;108;107;107m▀[0m[38;2;108;108;108m[48;2;106;106;106m▀[0m[38;2;69;68;68m[48;2;68;67;67m▀[0m[38;2;64;63;63m[48;2;68;67;67m▀[0m[38;2;61;61;62m[48;2;37;37;37m▀[0m[38;2;254;231;157m[48;2;254;231;157m▀[0m[38;2;238;208;148m[48;2;238;208;148m▀[0m[38;2;238;208;147m[48;2;238;208;148m▀[0m[38;2;237;208;148m[48;2;238;208;147m▀[0m[38;2;116;103;75m[48;2;238;208;148m▀[0m[38;2;189;174;119m▄[0m[38;2;64;64;63m▀[0m[38;2;89;88;88m[48;2;72;73;72m▀[0m[38;2;96;96;96m[48;2;107;105;106m▀[0m[38;2;114;113;113m▄[0m    
              [38;2;43;43;43m[48;2;70;71;77m▀[0m[38;2;254;231;158m[48;2;254;231;158m▀[0m[38;2;254;231;157m[48;2;254;231;158m▀[0m[38;2;254;231;157m[48;2;254;231;157m▀[0m[38;2;254;231;158m[48;2;254;231;158m▀[0m[38;2;254;231;157m[48;2;47;48;55m▀[0m[38;2;106;105;106m[48;2;110;109;109m▀[0m[38;2;108;107;107m[48;2;110;109;109m▀[0m[38;2;106;105;105m[48;2;106;105;105m▀[0m[38;2;67;66;66m[48;2;67;66;66m▀[0m[38;2;67;67;67m[48;2;67;67;67m▀[0m[38;2;213;204;138m[48;2;254;230;156m▀[0m[38;2;251;226;155m[48;2;248;221;152m▀[0m[38;2;238;208;148m[48;2;238;208;148m▀[0m[38;2;238;208;148m[48;2;238;208;148m▀[0m[38;2;238;208;148m[48;2;238;208;148m▀[0m[38;2;238;208;148m[48;2;238;208;148m▀[0m[38;2;19;12;14m[48;2;231;235;236m▀[0m  [38;2;108;107;107m[48;2;9;9;9m▀[0m[38;2;91;90;90m[48;2;68;67;67m▀[0m[38;2;68;67;68m[48;2;68;67;67m▀[0m[38;2;70;70;70m▄[0m  
             [38;2;110;109;109m▄[0m[38;2;59;53;41m[48;2;55;56;61m▀[0m[38;2;254;231;158m[48;2;255;234;178m▀[0m[38;2;254;233;162m[48;2;254;234;179m▀[0m[38;2;254;233;168m[48;2;254;234;179m▀[0m[38;2;255;234;175m[48;2;110;109;109m▀[0m[38;2;110;109;109m[48;2;111;110;110m▀[0m[38;2;110;109;109m[48;2;110;109;109m▀[0m[38;2;110;109;109m[48;2;103;102;102m▀[0m[38;2;92;92;92m[48;2;41;42;47m▀[0m[38;2;43;45;50m[48;2;199;210;231m▀[0m[38;2;68;67;67m[48;2;65;65;64m▀[0m[38;2;254;231;158m▀[0m[38;2;239;209;148m[48;2;238;208;148m▀[0m[38;2;238;208;148m[48;2;238;208;148m▀[0m[38;2;238;208;148m[48;2;238;209;148m▀[0m[38;2;238;208;148m[48;2;238;208;148m▀[0m[38;2;238;208;148m[48;2;240;209;148m▀[0m[38;2;197;178;120m▀[0m   [38;2;77;78;77m▀[0m[38;2;64;64;64m[48;2;64;63;63m▀[0m[38;2;65;65;64m▀[0m  
            [38;2;106;105;105m▄[0m[38;2;106;105;107m[48;2;110;109;109m▀[0m[38;2;109;108;108m[48;2;109;108;108m▀[0m[38;2;255;235;180m[48;2;110;109;109m▀[0m[38;2;251;244;186m[48;2;106;105;105m▀[0m[38;2;110;109;109m[48;2;109;109;109m▀[0m[38;2;110;109;109m[48;2;110;109;109m▀[0m[38;2;110;109;109m[48;2;110;109;109m▀[0m[38;2;110;109;109m[48;2;93;92;93m▀[0m[38;2;68;67;67m[48;2;127;89;101m▀[0m[38;2;154;108;122m[48;2;96;66;76m▀[0m[38;2;82;83;85m[48;2;65;64;65m▀[0m  [38;2;255;234;159m▄[0m[38;2;238;208;148m[48;2;253;227;155m▀[0m[38;2;39;35;24m[48;2;16;14;9m▀[0m           
           [38;2;69;68;68m[48;2;110;109;109m▀[0m[38;2;107;106;106m[48;2;108;107;107m▀[0m[38;2;110;109;109m[48;2;107;106;106m▀[0m[38;2;107;106;106m[48;2;111;110;110m▀[0m[38;2;107;105;106m[48;2;109;108;109m▀[0m[38;2;110;109;109m[48;2;108;107;107m▀[0m[38;2;110;109;109m[48;2;110;109;109m▀[0m[38;2;110;109;109m[48;2;110;109;109m▀[0m[38;2;110;109;109m[48;2;70;70;69m▀[0m[38;2;251;251;251m[48;2;246;246;246m▀[0m[38;2;154;108;123m[48;2;235;238;247m▀[0m[38;2;68;67;67m[48;2;67;66;66m▀[0m[38;2;10;10;10m[48;2;114;113;113m▀[0m[38;2;216;192;141m▄[0m[38;2;254;231;157m[48;2;215;191;140m▀[0m[38;2;221;206;140m[48;2;254;231;157m▀[0m[38;2;254;231;158m[48;2;254;231;157m▀[0m[38;2;254;231;158m[48;2;53;46;34m▀[0m[38;2;255;235;161m[48;2;254;231;157m▀[0m[38;2;254;231;157m▄[0m[38;2;72;72;73m▄[0m        
         [38;2;110;109;109m▄[0m[38;2;108;107;107m[48;2;110;109;109m▀[0m[38;2;110;109;109m[48;2;110;109;109m▀[0m[38;2;110;109;109m[48;2;110;109;109m▀[0m[38;2;110;109;110m[48;2;108;107;107m▀[0m[38;2;107;106;106m[48;2;110;109;109m▀[0m[38;2;110;109;109m[48;2;106;105;106m▀[0m[38;2;109;108;108m[48;2;107;107;107m▀[0m[38;2;110;109;109m[48;2;79;79;79m▀[0m[38;2;69;69;69m[48;2;161;113;127m▀[0m[38;2;154;108;122m[48;2;169;119;134m▀[0m[38;2;202;202;203m[48;2;62;63;63m▀[0m[38;2;35;34;33m[48;2;65;64;64m▀[0m[38;2;26;26;25m[48;2;64;63;63m▀[0m[38;2;68;67;67m[48;2;67;67;67m▀[0m[38;2;67;66;67m[48;2;255;237;172m▀[0m[38;2;226;220;167m[48;2;254;234;179m▀[0m[38;2;255;234;179m[48;2;254;231;158m▀[0m[38;2;254;231;158m[48;2;254;231;158m▀[0m[38;2;255;231;158m[48;2;254;231;157m▀[0m[38;2;189;168;123m[48;2;215;191;140m▀[0m[38;2;110;109;109m[48;2;215;191;140m▀[0m[38;2;111;110;110m[48;2;90;89;90m▀[0m[38;2;110;109;109m[48;2;107;106;106m▀[0m[38;2;20;20;20m[48;2;107;106;107m▀[0m[38;2;108;107;107m▄[0m[38;2;66;65;65m▄[0m    
      [38;2;13;13;13m▄[0m[38;2;106;105;106m▄[0m[38;2;110;109;109m[48;2;107;106;106m▀[0m[38;2;110;109;109m[48;2;110;109;109m▀[0m[38;2;109;109;109m[48;2;107;106;106m▀[0m[38;2;110;109;109m[48;2;109;108;109m▀[0m[38;2;110;109;109m[48;2;110;109;109m▀[0m[38;2;109;108;108m[48;2;98;97;97m▀[0m[38;2;109;108;108m[48;2;64;63;63m▀[0m[38;2;67;67;67m[48;2;153;108;122m▀[0m[38;2;164;116;131m[48;2;154;108;123m▀[0m[38;2;247;248;249m[48;2;109;74;84m▀[0m[38;2;160;112;127m[48;2;106;105;105m▀[0m[38;2;92;91;91m[48;2;64;63;63m▀[0m[38;2;67;68;67m[48;2;0;0;0m▀[0m  [38;2;228;219;150m[48;2;211;204;140m▀[0m[38;2;254;231;158m[48;2;254;231;158m▀[0m[38;2;255;245;167m[48;2;253;231;158m▀[0m[38;2;255;241;164m[48;2;254;231;157m▀[0m[38;2;254;231;157m[48;2;254;231;158m▀[0m[38;2;254;231;157m[48;2;214;197;132m▀[0m[38;2;219;193;141m[48;2;242;212;149m▀[0m[38;2;213;189;138m[48;2;215;191;140m▀[0m[38;2;158;140;103m[48;2;215;191;141m▀[0m[38;2;12;12;12m▀[0m[38;2;99;98;98m[48;2;66;66;65m▀[0m[38;2;71;71;70m▀[0m     
   [38;2;10;10;10m▄[0m[38;2;121;121;121m▄[0m[38;2;109;108;109m[48;2;118;117;117m▀[0m[38;2;107;106;106m[48;2;108;107;107m▀[0m[38;2;110;109;109m[48;2;106;105;105m▀[0m[38;2;107;106;106m[48;2;109;108;109m▀[0m[38;2;109;108;108m[48;2;107;106;107m▀[0m[38;2;109;108;108m[48;2;107;106;106m▀[0m[38;2;110;109;109m[48;2;74;73;73m▀[0m[38;2;88;88;88m[48;2;154;108;122m▀[0m[38;2;61;62;61m[48;2;154;108;123m▀[0m[38;2;153;107;122m[48;2;167;118;133m▀[0m[38;2;137;139;141m[48;2;217;224;240m▀[0m[38;2;154;109;123m[48;2;47;48;47m▀[0m[38;2;114;114;114m[48;2;68;67;67m▀[0m[38;2;67;67;67m[48;2;66;66;65m▀[0m[38;2;17;16;16m▀[0m [38;2;90;84;54m▄[0m[38;2;254;231;158m[48;2;76;69;46m▀[0m[38;2;254;232;158m[48;2;216;192;141m▀[0m[38;2;215;210;145m[48;2;223;198;146m▀[0m[38;2;216;192;140m[48;2;215;191;140m▀[0m[38;2;254;231;157m[48;2;254;231;157m▀[0m[38;2;254;231;157m[48;2;254;231;157m▀[0m[38;2;164;151;103m[48;2;255;236;161m▀[0m[38;2;239;209;148m[48;2;239;209;148m▀[0m[38;2;215;191;141m[48;2;215;191;140m▀[0m[38;2;215;191;140m[48;2;162;143;106m▀[0m[38;2;225;198;143m▄[0m       
  [38;2;118;117;117m▄[0m[38;2;121;121;121m[48;2;117;117;117m▀[0m[38;2;121;121;121m[48;2;109;108;108m▀[0m[38;2;119;118;118m[48;2;105;104;104m▀[0m[38;2;110;109;109m[48;2;67;67;67m▀[0m[38;2;110;109;109m[48;2;40;28;32m▀[0m[38;2;71;71;71m[48;2;154;108;123m▀[0m[38;2;88;88;87m[48;2;154;109;123m▀[0m[38;2;100;100;99m[48;2;249;249;250m▀[0m[38;2;226;231;242m[48;2;55;32;37m▀[0m[38;2;154;108;123m[48;2;154;109;123m▀[0m[38;2;154;109;123m[48;2;84;85;85m▀[0m[38;2;82;55;62m[48;2;67;66;66m▀[0m[38;2;244;245;248m[48;2;64;63;63m▀[0m[38;2;67;68;67m[48;2;22;21;21m▀[0m[38;2;71;70;70m▀[0m     [38;2;30;31;31m▀[0m[38;2;239;212;157m▀[0m[38;2;224;199;146m▀[0m[38;2;254;231;157m▀[0m[38;2;254;231;158m▀[0m[38;2;238;209;147m[48;2;45;44;44m▀[0m[38;2;215;191;140m[48;2;65;65;63m▀[0m[38;2;215;191;140m[48;2;73;73;72m▀[0m[38;2;186;164;120m▀[0m[38;2;228;202;149m▀[0m       
  [38;2;107;106;106m▀[0m[38;2;65;64;64m▀[0m[38;2;63;63;62m[48;2;18;13;14m▀[0m[38;2;134;94;107m[48;2;196;109;137m▀[0m[38;2;174;109;128m[48;2;197;109;137m▀[0m[38;2;173;109;129m[48;2;197;109;137m▀[0m[38;2;175;109;129m[48;2;197;109;137m▀[0m[38;2;174;109;129m[48;2;75;43;53m▀[0m[38;2;154;108;122m[48;2;110;109;109m▀[0m[38;2;156;110;124m[48;2;77;77;77m▀[0m[38;2;98;97;97m[48;2;68;67;67m▀[0m[38;2;68;67;67m▀[0m[38;2;68;67;67m▀[0m                         
   [38;2;21;21;21m▀[0m[38;2;159;108;124m[48;2;83;84;83m▀[0m[38;2;196;109;137m[48;2;90;89;89m▀[0m[38;2;202;111;140m[48;2;64;63;63m▀[0m[38;2;108;107;108m[48;2;67;67;67m▀[0m[38;2;81;80;80m[48;2;56;56;54m▀[0m[38;2;67;66;65m▀[0m[38;2;64;63;63m▀[0m[38;2;3;3;3m▀[0m                            
                                        
                                        
                                        
