                                        
                     [38;2;0;1;1m▄[0m[38;2;124;153;222m[48;2;130;162;223m▀[0m[38;2;132;164;224m[48;2;131;163;224m▀[0m[38;2;89;141;215m▄[0m               
                     [38;2;133;166;225m[48;2;95;137;205m▀[0m[38;2;131;162;223m[48;2;97;140;211m▀[0m[38;2;124;153;221m[48;2;93;136;208m▀[0m[38;2;38;53;82m▀[0m               
                    [38;2;136;170;226m▄[0m[38;2;124;154;222m▄[0m[38;2;93;137;207m[48;2;97;139;210m▀[0m[38;2;7;15;25m▄[0m[38;2;0;0;0m▄[0m               
                  [38;2;165;187;231m▄[0m[38;2;168;189;231m[48;2;154;180;229m▀[0m[38;2;132;163;223m[48;2;131;163;223m▀[0m[38;2;123;155;209m[48;2;135;168;225m▀[0m[38;2;247;232;202m[48;2;29;46;56m▀[0m[38;2;16;34;54m[48;2;233;197;120m▀[0m[38;2;233;197;120m[48;2;234;197;120m▀[0m[38;2;125;90;28m▄[0m              
                [38;2;152;178;228m▄[0m[38;2;56;73;101m[48;2;121;158;221m▀[0m[38;2;149;178;228m[48;2;133;165;225m▀[0m[38;2;131;161;223m[48;2;136;174;223m▀[0m[38;2;131;162;223m[48;2;131;162;223m▀[0m[38;2;131;162;223m[48;2;128;159;222m▀[0m[38;2;234;196;118m[48;2;132;162;223m▀[0m[38;2;105;88;40m[48;2;95;136;208m▀[0m[38;2;232;197;124m[48;2;26;59;97m▀[0m[38;2;233;197;120m[48;2;50;33;3m▀[0m[38;2;240;211;153m[48;2;233;197;120m▀[0m[38;2;234;197;119m▄[0m            
               [38;2;143;168;226m▀[0m[38;2;99;139;214m▀[0m[38;2;76;59;26m[48;2;38;34;24m▀[0m[38;2;131;162;223m[48;2;61;60;59m▀[0m[38;2;116;169;251m[48;2;129;161;223m▀[0m[38;2;134;165;224m[48;2;191;161;88m▀[0m[38;2;243;225;154m[48;2;100;140;213m▀[0m[38;2;97;138;212m[48;2;94;138;210m▀[0m[38;2;94;137;210m[48;2;243;236;222m▀[0m[38;2;132;164;224m[48;2;105;72;5m▀[0m[38;2;97;138;212m[48;2;100;141;215m▀[0m[38;2;95;141;215m▄[0m[38;2;233;197;120m▀[0m[38;2;246;227;190m[48;2;241;217;168m▀[0m           
            [38;2;17;18;17m▄[0m[38;2;0;0;0m▄[0m    [38;2;253;248;238m[48;2;40;38;34m▀[0m[38;2;245;226;188m[48;2;245;226;188m▀[0m[38;2;245;226;188m[48;2;244;225;187m▀[0m[38;2;240;224;193m[48;2;245;226;188m▀[0m[38;2;209;206;200m[48;2;243;222;177m▀[0m[38;2;249;245;238m[48;2;234;196;118m▀[0m[38;2;233;193;116m▀[0m [38;2;104;87;51m▄[0m[38;2;238;207;142m▀[0m            
          [38;2;246;233;203m▀[0m[38;2;248;235;208m[48;2;239;210;150m▀[0m[38;2;244;225;187m[48;2;0;0;0m▀[0m[38;2;245;226;188m[48;2;245;226;187m▀[0m[38;2;95;94;93m[48;2;245;226;188m▀[0m[38;2;41;30;9m▄[0m    [38;2;57;62;85m▀[0m[38;2;24;26;37m[48;2;226;174;70m▀[0m[38;2;118;80;12m[48;2;133;94;21m▀[0m[38;2;13;13;13m▄[0m[38;2;134;99;31m▀[0m               
              [38;2;16;16;16m▀[0m[38;2;245;226;188m▀[0m[38;2;245;226;188m▄[0m[38;2;252;249;239m▄[0m[38;2;82;82;82m▄[0m[38;2;15;14;11m▀[0m[38;2;173;111;7m▀[0m[38;2;233;192;107m[48;2;245;226;188m▀[0m                  
                  [38;2;255;217;118m▄[0m[38;2;61;56;50m▄[0m[38;2;244;228;193m[48;2;246;227;189m▀[0m[38;2;245;226;188m[48;2;245;226;188m▀[0m[38;2;240;214;160m▄[0m                 
                 [38;2;119;148;197m▄[0m[38;2;255;212;116m[48;2;255;212;116m▀[0m[38;2;246;231;200m[48;2;245;226;188m▀[0m[38;2;245;226;188m[48;2;245;226;188m▀[0m[38;2;246;227;191m[48;2;250;240;220m▀[0m[38;2;227;174;79m[48;2;255;212;116m▀[0m[38;2;255;232;183m[48;2;102;129;178m▀[0m[38;2;255;212;116m[48;2;131;163;223m▀[0m[38;2;243;190;110m[48;2;131;162;223m▀[0m[38;2;131;161;223m▄[0m[38;2;111;141;188m▄[0m            
               [38;2;133;166;225m▄[0m[38;2;131;162;223m[48;2;162;186;231m▀[0m[38;2;132;162;223m[48;2;132;164;224m▀[0m[38;2;255;220;143m[48;2;176;148;78m▀[0m[38;2;235;198;124m[48;2;251;209;121m▀[0m[38;2;245;226;188m[48;2;237;205;139m▀[0m[38;2;255;212;116m[48;2;68;96;134m▀[0m[38;2;137;169;225m[48;2;148;175;227m▀[0m[38;2;146;174;227m[48;2;150;177;228m▀[0m[38;2;130;162;223m[48;2;132;164;224m▀[0m[38;2;131;162;223m[48;2;131;163;223m▀[0m[38;2;129;160;223m[48;2;131;163;223m▀[0m[38;2;131;162;223m[48;2;131;162;223m▀[0m[38;2;108;153;220m[48;2;130;163;223m▀[0m           
              [38;2;164;187;231m▄[0m[38;2;165;188;231m[48;2;165;189;231m▀[0m[38;2;129;159;223m[48;2;131;163;223m▀[0m[38;2;131;163;223m[48;2;133;165;224m▀[0m[38;2;132;164;224m[48;2;131;162;223m▀[0m[38;2;238;189;111m[48;2;132;161;223m▀[0m[38;2;32;21;7m[48;2;118;149;214m▀[0m[38;2;149;178;228m[48;2;150;175;227m▀[0m[38;2;150;178;228m[48;2;146;174;227m▀[0m[38;2;131;163;224m[48;2;130;162;223m▀[0m[38;2;131;163;223m[48;2;131;162;223m▀[0m[38;2;131;162;223m[48;2;130;162;223m▀[0m[38;2;131;162;223m[48;2;131;162;223m▀[0m[38;2;132;164;224m[48;2;130;162;223m▀[0m[38;2;132;163;223m[48;2;99;141;211m▀[0m[38;2;100;144;216m[48;2;96;139;213m▀[0m          
             [38;2;154;185;228m▄[0m[38;2;166;189;231m[48;2;243;236;172m▀[0m[38;2;159;184;230m[48;2;132;164;224m▀[0m[38;2;131;162;223m[48;2;131;163;223m▀[0m[38;2;131;163;223m[48;2;132;162;223m▀[0m[38;2;130;162;223m[48;2;132;164;224m▀[0m[38;2;131;163;223m[48;2;133;165;224m▀[0m[38;2;57;72;104m[48;2;131;161;224m▀[0m[38;2;132;164;224m[48;2;132;162;223m▀[0m[38;2;131;162;223m[48;2;130;162;223m▀[0m[38;2;130;162;223m[48;2;131;163;223m▀[0m[38;2;130;162;223m[48;2;132;163;224m▀[0m[38;2;255;212;115m[48;2;255;212;116m▀[0m[38;2;255;212;116m[48;2;255;212;116m▀[0m[38;2;255;212;116m[48;2;221;177;108m▀[0m[38;2;96;137;207m[48;2;94;137;210m▀[0m[38;2;99;142;216m[48;2;13;10;2m▀[0m          
             [38;2;219;184;108m[48;2;156;136;92m▀[0m[38;2;255;215;123m[48;2;255;212;116m▀[0m[38;2;131;162;223m[48;2;90;126;164m▀[0m[38;2;131;163;223m[48;2;132;163;224m▀[0m[38;2;131;163;223m[48;2;130;162;223m▀[0m[38;2;132;164;224m[48;2;132;163;224m▀[0m[38;2;131;162;223m[48;2;128;161;223m▀[0m[38;2;130;163;223m[48;2;95;136;210m▀[0m[38;2;119;157;222m[48;2;95;137;209m▀[0m[38;2;131;163;223m[48;2;94;138;209m▀[0m[38;2;131;162;223m[48;2;96;137;207m▀[0m[38;2;130;162;223m[48;2;96;138;211m▀[0m[38;2;251;202;111m[48;2;95;138;209m▀[0m[38;2;221;177;108m[48;2;90;134;203m▀[0m[38;2;221;177;108m[48;2;95;137;208m▀[0m[38;2;95;138;208m▀[0m           
              [38;2;225;178;109m[48;2;112;93;70m▀[0m[38;2;86;130;178m[48;2;94;137;210m▀[0m[38;2;115;153;221m[48;2;94;137;210m▀[0m[38;2;99;139;212m[48;2;95;137;210m▀[0m[38;2;96;137;208m[48;2;94;137;210m▀[0m[38;2;96;139;210m[48;2;95;138;210m▀[0m[38;2;94;137;210m[48;2;95;140;213m▀[0m[38;2;95;137;211m[48;2;94;138;209m▀[0m[38;2;94;138;210m[48;2;97;141;215m▀[0m[38;2;227;177;73m[48;2;94;58;0m▀[0m[38;2;27;38;58m▀[0m[38;2;105;111;126m▀[0m              
               [38;2;33;47;70m▀[0m[38;2;95;138;209m▀[0m[38;2;95;138;209m[48;2;38;54;81m▀[0m[38;2;94;137;211m[48;2;94;138;210m▀[0m[38;2;96;139;210m[48;2;91;133;202m▀[0m[38;2;96;139;210m[48;2;35;33;30m▀[0m[38;2;96;139;210m▀[0m                  
                    [38;2;231;188;97m[48;2;242;219;169m▀[0m                   
                                        
