                                        
                  [38;2;205;155;195m▄[0m[38;2;215;170;206m[48;2;202;150;192m▀[0m                    
              [38;2;0;0;0m▄[0m[38;2;4;5;5m[48;2;177;133;168m▀[0m[38;2;200;146;189m▄[0m[38;2;201;151;191m[48;2;199;147;188m▀[0m[38;2;197;144;187m[48;2;200;147;189m▀[0m[38;2;190;136;179m[48;2;185;127;173m▀[0m[38;2;30;35;43m▄[0m            [38;2;61;61;66m▄[0m      
              [38;2;10;14;15m[48;2;23;30;33m▀[0m[38;2;200;148;189m[48;2;200;147;190m▀[0m[38;2;200;148;189m[48;2;200;148;189m▀[0m[38;2;200;148;189m[48;2;200;148;189m▀[0m[38;2;199;147;189m[48;2;198;145;187m▀[0m[38;2;188;128;176m[48;2;187;128;176m▀[0m[38;2;187;126;175m[48;2;187;128;176m▀[0m[38;2;5;7;9m▄[0m    [38;2;0;0;0m[48;2;210;185;206m▀[0m [38;2;69;60;67m▄[0m[38;2;230;202;224m▄[0m[38;2;138;122;136m[48;2;219;181;212m▀[0m[38;2;228;199;222m[48;2;206;158;197m▀[0m[38;2;214;170;205m[48;2;207;158;197m▀[0m       
             [38;2;93;78;94m▄[0m[38;2;1;1;1m▄[0m[38;2;200;148;190m[48;2;197;144;187m▀[0m[38;2;200;146;189m[48;2;198;143;187m▀[0m[38;2;199;146;188m[48;2;188;127;176m▀[0m[38;2;190;133;178m[48;2;187;125;175m▀[0m[38;2;187;128;176m[48;2;188;128;176m▀[0m[38;2;188;128;176m[48;2;187;128;175m▀[0m[38;2;7;9;10m▀[0m   [38;2;245;215;239m[48;2;228;199;222m▀[0m[38;2;210;160;200m▄[0m[38;2;227;199;221m[48;2;207;158;197m▀[0m[38;2;225;193;218m[48;2;47;105;31m▀[0m[38;2;11;15;15m[48;2;47;105;31m▀[0m[38;2;47;104;31m[48;2;47;105;31m▀[0m[38;2;47;105;31m[48;2;47;105;31m▀[0m[38;2;135;105;130m[48;2;47;105;31m▀[0m[38;2;206;158;197m[48;2;207;158;198m▀[0m[38;2;217;174;209m▄[0m[38;2;230;204;225m▄[0m    
              [38;2;198;145;188m[48;2;0;0;0m▀[0m[38;2;199;144;188m[48;2;189;128;177m▀[0m[38;2;196;143;186m[48;2;190;130;178m▀[0m[38;2;186;125;174m[48;2;187;125;174m▀[0m[38;2;186;125;174m[48;2;254;223;247m▀[0m[38;2;186;126;174m[48;2;233;210;228m▀[0m[38;2;196;133;184m[48;2;231;207;227m▀[0m[38;2;227;199;221m▄[0m[38;2;231;202;225m▄[0m[38;2;227;199;222m▄[0m[38;2;1;1;1m[48;2;206;158;197m▀[0m[38;2;226;196;220m[48;2;205;157;196m▀[0m[38;2;212;163;202m[48;2;46;105;30m▀[0m[38;2;47;105;31m[48;2;16;40;9m▀[0m[38;2;46;105;30m[48;2;79;149;60m▀[0m[38;2;47;104;31m[48;2;79;149;60m▀[0m[38;2;46;105;30m[48;2;47;105;31m▀[0m[38;2;47;104;30m[48;2;53;108;37m▀[0m[38;2;47;104;31m[48;2;52;109;36m▀[0m[38;2;210;161;200m[48;2;191;146;182m▀[0m[38;2;0;0;0m▀[0m     
               [38;2;195;132;182m▀[0m[38;2;187;126;175m[48;2;195;131;183m▀[0m[38;2;156;118;157m[48;2;230;202;225m▀[0m[38;2;233;210;229m[48;2;230;200;224m▀[0m[38;2;234;213;230m[48;2;229;200;223m▀[0m[38;2;230;202;225m[48;2;231;203;225m▀[0m[38;2;228;199;222m[48;2;230;203;225m▀[0m[38;2;227;199;221m[48;2;228;199;222m▀[0m[38;2;227;199;221m[48;2;226;196;220m▀[0m[38;2;207;158;197m[48;2;129;107;128m▀[0m[38;2;47;105;31m[48;2;108;175;89m▀[0m[38;2;79;150;59m[48;2;108;175;89m▀[0m[38;2;82;153;63m[48;2;91;161;72m▀[0m[38;2;82;151;62m[48;2;81;152;62m▀[0m[38;2;80;150;60m[48;2;88;161;67m▀[0m[38;2;47;84;62m[48;2;88;162;68m▀[0m[38;2;106;148;94m[48;2;121;159;111m▀[0m[38;2;121;159;111m[48;2;121;159;109m▀[0m[38;2;183;140;175m[48;2;207;159;197m▀[0m      
                [38;2;217;173;208m[48;2;217;173;208m▀[0m[38;2;227;199;221m[48;2;228;199;222m▀[0m[38;2;231;203;225m[48;2;227;199;222m▀[0m[38;2;227;199;222m[48;2;230;202;225m▀[0m[38;2;228;200;222m[48;2;228;200;222m▀[0m[38;2;228;200;222m[48;2;228;200;222m▀[0m[38;2;227;198;221m[48;2;215;170;206m▀[0m[38;2;207;158;197m[48;2;207;158;197m▀[0m[38;2;212;162;202m[48;2;207;158;197m▀[0m[38;2;112;177;94m[48;2;207;159;197m▀[0m[38;2;114;181;95m[48;2;119;186;100m▀[0m[38;2;119;189;100m[48;2;116;183;98m▀[0m[38;2;114;183;95m[48;2;109;176;90m▀[0m[38;2;94;167;74m[48;2;10;25;7m▀[0m[38;2;5;9;11m[48;2;46;105;30m▀[0m[38;2;54;109;38m[48;2;88;80;93m▀[0m[38;2;50;111;33m[48;2;39;31;39m▀[0m[38;2;193;154;190m▀[0m      
         [38;2;0;0;0m[48;2;237;218;233m▀[0m[38;2;228;199;222m▄[0m    [38;2;0;0;0m[48;2;149;150;149m▀[0m[38;2;217;173;208m[48;2;131;112;132m▀[0m[38;2;228;199;222m[48;2;226;197;220m▀[0m[38;2;228;199;222m[48;2;227;199;221m▀[0m[38;2;227;199;221m[48;2;220;184;213m▀[0m[38;2;229;200;223m[48;2;206;158;197m▀[0m[38;2;214;167;204m[48;2;217;173;208m▀[0m[38;2;216;170;207m[48;2;207;158;197m▀[0m[38;2;207;158;198m[48;2;150;66;54m▀[0m[38;2;207;158;198m[48;2;234;225;232m▀[0m[38;2;208;159;198m[48;2;207;158;197m▀[0m[38;2;209;160;199m[48;2;207;158;197m▀[0m[38;2;111;177;95m[48;2;208;159;198m▀[0m[38;2;9;21;5m[48;2;14;14;16m▀[0m[38;2;222;170;212m▀[0m[38;2;84;65;81m▀[0m         
         [38;2;230;202;225m▀[0m[38;2;236;217;232m[48;2;228;200;222m▀[0m[38;2;230;202;225m[48;2;227;199;221m▀[0m[38;2;6;7;8m[48;2;230;203;225m▀[0m[38;2;221;176;212m▄[0m[38;2;231;202;225m▄[0m[38;2;56;48;55m[48;2;231;208;227m▀[0m[38;2;211;161;202m[48;2;4;4;4m▀[0m[38;2;214;169;205m[48;2;210;161;200m▀[0m[38;2;221;186;214m[48;2;211;164;201m▀[0m[38;2;209;159;199m[48;2;210;160;200m▀[0m[38;2;206;158;197m[48;2;210;160;200m▀[0m[38;2;206;158;197m[48;2;213;216;229m▀[0m[38;2;156;69;57m[48;2;240;121;96m▀[0m[38;2;193;68;54m[48;2;70;29;20m▀[0m[38;2;240;236;239m[48;2;216;165;206m▀[0m[38;2;207;158;197m[48;2;210;160;200m▀[0m[38;2;209;160;199m[48;2;210;160;200m▀[0m[38;2;206;158;196m[48;2;206;158;196m▀[0m            
        [38;2;185;139;176m▄[0m[38;2;189;135;179m▄[0m[38;2;228;200;223m[48;2;31;26;31m▀[0m[38;2;228;200;222m[48;2;219;179;211m▀[0m[38;2;228;200;222m[48;2;230;201;224m▀[0m[38;2;218;173;208m[48;2;219;175;210m▀[0m[38;2;221;177;212m[48;2;219;181;212m▀[0m[38;2;232;209;227m[48;2;236;207;230m▀[0m[38;2;224;193;217m[48;2;227;199;221m▀[0m[38;2;208;159;198m[48;2;225;194;219m▀[0m[38;2;208;159;198m[48;2;211;160;201m▀[0m[38;2;209;161;199m[48;2;207;157;197m▀[0m[38;2;209;160;199m[48;2;206;159;197m▀[0m[38;2;210;160;200m[48;2;210;160;200m▀[0m[38;2;221;176;212m[48;2;210;161;200m▀[0m[38;2;218;173;209m[48;2;207;158;197m▀[0m[38;2;210;161;200m[48;2;208;159;198m▀[0m[38;2;208;158;198m[48;2;207;158;197m▀[0m[38;2;207;158;197m[48;2;206;158;196m▀[0m[38;2;212;162;202m▀[0m            
    [38;2;214;171;206m▄[0m[38;2;114;83;110m▄[0m   [38;2;190;135;179m[48;2;231;197;224m▀[0m[38;2;226;197;221m[48;2;227;199;222m▀[0m[38;2;224;178;215m[48;2;227;199;221m▀[0m[38;2;218;174;209m[48;2;228;200;222m▀[0m[38;2;218;174;209m[48;2;227;199;222m▀[0m[38;2;229;201;223m[48;2;228;200;222m▀[0m[38;2;227;199;222m[48;2;229;201;224m▀[0m[38;2;195;171;191m[48;2;229;200;223m▀[0m[38;2;230;202;224m[48;2;205;157;196m▀[0m[38;2;190;139;180m[48;2;206;149;195m▀[0m[38;2;210;161;200m[48;2;187;131;176m▀[0m[38;2;206;158;196m[48;2;121;92;119m▀[0m[38;2;206;158;196m[48;2;4;5;6m▀[0m[38;2;207;153;196m[48;2;187;130;175m▀[0m[38;2;52;39;53m[48;2;188;132;177m▀[0m[38;2;220;219;225m[48;2;198;145;188m▀[0m[38;2;199;146;188m[48;2;197;144;187m▀[0m[38;2;201;147;190m[48;2;40;43;50m▀[0m[38;2;197;144;187m[48;2;197;144;187m▀[0m[38;2;5;5;6m[48;2;190;139;180m▀[0m           
    [38;2;205;156;195m[48;2;197;141;186m▀[0m[38;2;194;140;184m[48;2;191;137;180m▀[0m[38;2;189;134;178m[48;2;190;135;179m▀[0m[38;2;17;22;24m[48;2;192;136;180m▀[0m[38;2;219;188;213m▄[0m[38;2;228;200;222m[48;2;228;200;222m▀[0m[38;2;142;76;129m[48;2;199;157;190m▀[0m[38;2;224;195;218m[48;2;227;199;221m▀[0m[38;2;228;199;222m[48;2;227;199;221m▀[0m[38;2;228;200;222m[48;2;228;200;222m▀[0m[38;2;244;216;238m[48;2;187;169;187m▀[0m[38;2;227;200;222m[48;2;228;200;222m▀[0m[38;2;227;199;221m[48;2;228;199;222m▀[0m[38;2;207;158;197m[48;2;206;158;196m▀[0m[38;2;206;158;196m[48;2;207;158;197m▀[0m[38;2;197;144;187m[48;2;207;158;198m▀[0m[38;2;30;38;41m[48;2;210;184;205m▀[0m[38;2;42;56;62m[48;2;212;185;206m▀[0m[38;2;103;86;107m[48;2;212;185;206m▀[0m[38;2;198;146;187m[48;2;210;182;205m▀[0m[38;2;197;144;187m[48;2;198;145;187m▀[0m[38;2;20;16;21m[48;2;199;145;188m▀[0m[38;2;197;145;187m[48;2;200;147;189m▀[0m[38;2;198;145;188m[48;2;200;147;189m▀[0m[38;2;197;144;187m[48;2;199;145;188m▀[0m[38;2;3;5;7m[48;2;196;144;186m▀[0m          
     [38;2;190;136;179m[48;2;190;133;178m▀[0m[38;2;190;135;179m[48;2;190;135;179m▀[0m[38;2;191;136;180m[48;2;192;136;181m▀[0m[38;2;205;180;200m[48;2;231;202;225m▀[0m[38;2;228;200;222m[48;2;230;202;224m▀[0m[38;2;228;200;222m[48;2;228;200;222m▀[0m[38;2;228;199;222m[48;2;228;199;222m▀[0m[38;2;228;199;222m[48;2;233;204;227m▀[0m[38;2;230;201;224m[48;2;230;202;225m▀[0m[38;2;232;203;226m[48;2;139;123;136m▀[0m[38;2;220;185;214m[48;2;125;101;123m▀[0m[38;2;205;157;196m[48;2;227;199;222m▀[0m[38;2;208;159;199m[48;2;208;159;198m▀[0m[38;2;202;153;192m[48;2;207;158;198m▀[0m[38;2;210;161;200m[48;2;207;157;197m▀[0m[38;2;212;185;206m[48;2;220;199;215m▀[0m[38;2;212;185;207m[48;2;210;184;205m▀[0m[38;2;210;184;205m[48;2;211;184;206m▀[0m[38;2;212;185;206m[48;2;210;184;205m▀[0m[38;2;204;162;196m[48;2;212;188;207m▀[0m [38;2;197;144;187m[48;2;198;145;188m▀[0m[38;2;197;145;187m[48;2;201;150;191m▀[0m[38;2;201;150;191m[48;2;213;169;205m▀[0m[38;2;201;152;191m[48;2;206;157;196m▀[0m          
      [38;2;189;134;178m[48;2;125;89;118m▀[0m[38;2;100;82;96m[48;2;232;198;225m▀[0m[38;2;195;154;187m[48;2;144;77;131m▀[0m[38;2;150;87;138m[48;2;143;76;130m▀[0m[38;2;228;200;222m[48;2;229;200;223m▀[0m[38;2;228;200;222m[48;2;227;199;222m▀[0m[38;2;228;200;222m[48;2;227;199;221m▀[0m[38;2;215;167;206m[48;2;223;173;213m▀[0m[38;2;215;186;208m[48;2;221;201;217m▀[0m[38;2;105;83;102m[48;2;231;210;227m▀[0m[38;2;230;201;224m[48;2;206;157;197m▀[0m[38;2;224;186;216m[48;2;224;191;218m▀[0m[38;2;210;161;200m[48;2;207;157;197m▀[0m[38;2;210;161;200m[48;2;210;161;200m▀[0m[38;2;242;219;238m[48;2;226;174;215m▀[0m[38;2;213;188;209m[48;2;223;202;219m▀[0m[38;2;210;184;205m[48;2;221;201;217m▀[0m[38;2;214;192;209m[48;2;221;200;217m▀[0m[38;2;13;15;15m[48;2;170;121;160m▀[0m [38;2;209;158;199m[48;2;217;174;208m▀[0m[38;2;216;173;207m[48;2;217;173;208m▀[0m[38;2;218;174;209m[48;2;217;173;208m▀[0m[38;2;215;171;207m[48;2;218;174;209m▀[0m          
       [38;2;211;166;202m[48;2;206;158;196m▀[0m[38;2;143;76;130m[48;2;142;76;129m▀[0m[38;2;188;142;179m[48;2;231;203;225m▀[0m[38;2;231;203;225m[48;2;231;201;225m▀[0m[38;2;228;200;222m[48;2;227;196;221m▀[0m[38;2;230;201;224m[48;2;215;169;206m▀[0m[38;2;206;157;197m[48;2;208;159;198m▀[0m[38;2;220;199;216m[48;2;215;192;210m▀[0m[38;2;218;195;213m[48;2;212;188;207m▀[0m[38;2;217;165;206m[48;2;210;185;205m▀[0m[38;2;214;168;205m[48;2;207;158;197m▀[0m[38;2;209;160;200m[48;2;206;159;197m▀[0m[38;2;207;158;197m[48;2;209;159;199m▀[0m[38;2;207;159;197m[48;2;208;159;198m▀[0m[38;2;222;202;218m[48;2;192;148;183m▀[0m[38;2;222;202;218m[48;2;231;210;227m▀[0m[38;2;32;32;34m[48;2;179;113;165m▀[0m[38;2;193;135;182m[48;2;181;111;167m▀[0m [38;2;228;228;234m▀[0m[38;2;217;174;209m[48;2;229;229;235m▀[0m[38;2;217;174;209m[48;2;1;1;3m▀[0m[38;2;230;183;220m[48;2;18;18;20m▀[0m          
       [38;2;205;156;196m[48;2;174;134;169m▀[0m[38;2;205;156;196m[48;2;202;150;192m▀[0m[38;2;210;162;201m[48;2;200;150;190m▀[0m[38;2;140;69;126m[48;2;138;67;124m▀[0m[38;2;206;156;196m[48;2;200;149;190m▀[0m[38;2;203;154;193m[48;2;200;147;189m▀[0m[38;2;200;149;190m[48;2;211;154;200m▀[0m[38;2;211;184;205m[48;2;210;184;205m▀[0m[38;2;210;184;205m[48;2;210;184;205m▀[0m[38;2;210;184;205m[48;2;210;184;205m▀[0m[38;2;210;184;205m[48;2;210;184;205m▀[0m[38;2;206;158;197m[48;2;144;124;141m▀[0m[38;2;206;158;197m[48;2;207;157;197m▀[0m[38;2;207;159;198m[48;2;207;158;197m▀[0m[38;2;207;158;197m[48;2;209;158;199m▀[0m[38;2;96;93;95m[48;2;82;46;76m▀[0m[38;2;173;103;159m[48;2;170;100;155m▀[0m[38;2;58;31;53m▀[0m  [38;2;202;203;203m▀[0m            
        [38;2;197;144;186m[48;2;197;144;187m▀[0m[38;2;198;145;188m[48;2;197;144;187m▀[0m[38;2;198;145;187m[48;2;198;146;187m▀[0m[38;2;199;145;188m[48;2;198;145;188m▀[0m[38;2;198;144;187m[48;2;200;147;189m▀[0m      [38;2;0;0;0m▀[0m[38;2;3;4;5m▀[0m[38;2;211;215;219m▀[0m[38;2;213;217;221m[48;2;105;112;119m▀[0m[38;2;7;13;16m▀[0m                
        [38;2;209;208;214m▀[0m[38;2;202;147;190m▀[0m[38;2;209;208;215m[48;2;223;223;226m▀[0m[38;2;214;212;219m[48;2;210;208;214m▀[0m[38;2;193;190;194m▀[0m                           
                                        
