                                        
               [38;2;246;242;222m[48;2;242;234;190m▀[0m                        
              [38;2;143;137;110m[48;2;244;237;200m▀[0m[38;2;236;222;158m[48;2;237;223;159m▀[0m[38;2;206;197;146m[48;2;201;193;142m▀[0m                       
             [38;2;230;217;155m▄[0m[38;2;238;226;172m[48;2;219;206;147m▀[0m[38;2;238;224;160m[48;2;227;214;153m▀[0m[38;2;213;202;147m[48;2;217;206;149m▀[0m[38;2;2;2;2m[48;2;143;138;102m▀[0m                      
            [38;2;55;52;39m[48;2;236;223;159m▀[0m[38;2;230;218;156m[48;2;235;222;158m▀[0m[38;2;220;208;148m[48;2;230;217;154m▀[0m[38;2;226;213;152m[48;2;234;221;157m▀[0m[38;2;204;195;145m[48;2;168;159;116m▀[0m[38;2;247;240;210m[48;2;235;222;159m▀[0m[38;2;61;58;45m[48;2;204;196;145m▀[0m                     
           [38;2;48;45;34m[48;2;238;224;159m▀[0m[38;2;241;227;162m[48;2;237;224;159m▀[0m[38;2;237;224;159m[48;2;237;224;159m▀[0m[38;2;238;225;159m[48;2;238;225;162m▀[0m[38;2;238;224;159m[48;2;244;235;168m▀[0m[38;2;237;224;159m[48;2;238;224;160m▀[0m[38;2;204;195;145m[48;2;204;196;145m▀[0m[38;2;204;195;145m[48;2;204;195;145m▀[0m[38;2;0;0;0m▄[0m                    
          [38;2;137;130;94m[48;2;237;224;159m▀[0m[38;2;238;224;159m[48;2;246;239;206m▀[0m[38;2;238;224;159m[48;2;238;224;160m▀[0m[38;2;238;225;161m[48;2;237;224;160m▀[0m[38;2;246;231;164m[48;2;237;224;159m▀[0m[38;2;237;224;159m[48;2;238;224;159m▀[0m[38;2;225;213;154m[48;2;203;194;144m▀[0m[38;2;204;195;144m[48;2;204;195;144m▀[0m[38;2;211;202;148m[48;2;215;206;149m▀[0m[38;2;207;198;146m[48;2;215;205;148m▀[0m        [38;2;106;142;154m▄[0m           
         [38;2;135;129;94m▀[0m[38;2;243;237;201m[48;2;244;237;202m▀[0m[38;2;245;238;206m[48;2;60;104;130m▀[0m[38;2;243;237;203m[48;2;233;180;174m▀[0m[38;2;243;237;202m[48;2;197;198;198m▀[0m[38;2;200;191;141m[48;2;93;152;182m▀[0m[38;2;190;182;135m[48;2;197;187;138m▀[0m[38;2;203;195;144m[48;2;206;196;142m▀[0m[38;2;204;195;144m[48;2;213;203;147m▀[0m[38;2;215;204;149m[48;2;214;202;146m▀[0m[38;2;216;205;148m[48;2;150;142;104m▀[0m[38;2;237;225;163m▄[0m       [38;2;134;178;200m[48;2;138;179;199m▀[0m[38;2;14;18;20m▄[0m          
       [38;2;231;218;157m▄[0m[38;2;217;206;152m[48;2;122;161;181m▀[0m[38;2;201;192;142m[48;2;125;178;199m▀[0m[38;2;137;177;198m[48;2;123;170;192m▀[0m[38;2;137;177;196m[48;2;119;168;192m▀[0m[38;2;137;177;197m[48;2;87;148;179m▀[0m[38;2;125;172;197m[48;2;188;179;133m▀[0m[38;2;87;147;177m[48;2;216;207;150m▀[0m[38;2;214;204;148m[48;2;40;63;75m▀[0m[38;2;216;206;149m[48;2;194;186;140m▀[0m[38;2;208;198;143m[48;2;192;184;139m▀[0m[38;2;197;187;136m[48;2;180;173;129m▀[0m[38;2;2;2;2m[48;2;187;179;134m▀[0m[38;2;216;206;150m▀[0m  [38;2;232;220;156m▄[0m    [38;2;130;169;189m[48;2;0;0;0m▀[0m[38;2;134;179;203m[48;2;121;174;201m▀[0m[38;2;0;0;0m▄[0m         
       [38;2;69;111;131m▀[0m[38;2;46;73;86m▀[0m[38;2;85;149;181m▀[0m[38;2;89;146;175m▀[0m[38;2;50;80;94m[48;2;20;27;32m▀[0m[38;2;43;69;82m[48;2;23;46;59m▀[0m[38;2;60;116;147m[48;2;28;51;65m▀[0m[38;2;194;186;139m[48;2;199;188;142m▀[0m[38;2;193;185;139m[48;2;190;182;136m▀[0m[38;2;195;186;140m[48;2;190;182;137m▀[0m[38;2;194;186;140m[48;2;194;185;139m▀[0m[38;2;192;184;139m[48;2;0;0;0m▀[0m   [38;2;132;124;96m▄[0m[38;2;184;177;134m[48;2;185;176;133m▀[0m  [38;2;242;232;185m▄[0m[38;2;52;50;37m[48;2;2;2;1m▀[0m [38;2;135;177;197m[48;2;133;178;196m▀[0m[38;2;86;153;185m[48;2;86;148;179m▀[0m         
           [38;2;228;216;154m[48;2;255;243;172m▀[0m[38;2;188;180;135m[48;2;239;225;159m▀[0m[38;2;192;183;138m[48;2;63;114;140m▀[0m[38;2;195;186;140m[48;2;193;185;139m▀[0m[38;2;193;186;139m[48;2;193;185;139m▀[0m[38;2;189;182;137m[48;2;191;183;138m▀[0m[38;2;193;184;139m[48;2;190;181;137m▀[0m[38;2;183;175;133m[48;2;47;68;77m▀[0m[38;2;90;147;176m▄[0m[38;2;207;198;150m▄[0m [38;2;184;177;134m[48;2;148;141;107m▀[0m[38;2;186;178;134m[48;2;81;77;60m▀[0m[38;2;91;87;66m▄[0m[38;2;235;221;158m▄[0m[38;2;237;224;158m[48;2;223;211;150m▀[0m[38;2;1;1;0m▀[0m [38;2;135;178;199m[48;2;136;177;197m▀[0m[38;2;90;145;175m[48;2;87;147;176m▀[0m[38;2;83;150;182m[48;2;81;151;183m▀[0m        
          [38;2;48;66;75m▄[0m[38;2;42;35;20m[48;2;136;177;198m▀[0m[38;2;136;178;200m[48;2;136;177;198m▀[0m[38;2;131;181;207m[48;2;134;179;202m▀[0m[38;2;32;42;47m[48;2;136;178;198m▀[0m[38;2;218;207;149m[48;2;133;179;204m▀[0m[38;2;54;51;38m[48;2;129;181;198m▀[0m[38;2;89;149;179m[48;2;133;179;203m▀[0m[38;2;88;145;175m[48;2;136;178;197m▀[0m[38;2;80;150;177m[48;2;132;180;204m▀[0m[38;2;117;167;193m[48;2;130;183;207m▀[0m[38;2;136;176;197m[48;2;129;182;204m▀[0m[38;2;159;150;107m[48;2;242;229;163m▀[0m[38;2;231;218;155m[48;2;238;224;160m▀[0m[38;2;55;53;40m[48;2;208;198;145m▀[0m[38;2;232;219;156m[48;2;235;221;157m▀[0m[38;2;225;212;151m[48;2;234;221;157m▀[0m[38;2;111;150;167m[48;2;85;157;190m▀[0m[38;2;104;163;193m[48;2;64;110;137m▀[0m[38;2;87;152;183m[48;2;236;226;176m▀[0m[38;2;247;243;225m[48;2;77;132;160m▀[0m[38;2;87;147;178m[48;2;89;146;175m▀[0m[38;2;89;152;184m▀[0m       
          [38;2;118;167;190m▀[0m[38;2;113;164;191m[48;2;6;8;10m▀[0m[38;2;134;179;201m[48;2;135;177;199m▀[0m[38;2;130;181;199m[48;2;136;177;197m▀[0m[38;2;137;177;197m[48;2;136;177;198m▀[0m[38;2;134;178;202m[48;2;131;181;206m▀[0m[38;2;137;177;197m[48;2;136;178;198m▀[0m[38;2;132;178;196m[48;2;135;177;198m▀[0m[38;2;134;178;202m[48;2;136;178;199m▀[0m[38;2;131;181;206m[48;2;134;178;200m▀[0m[38;2;136;177;198m[48;2;137;177;197m▀[0m[38;2;129;183;208m[48;2;119;156;177m▀[0m[38;2;234;221;157m[48;2;218;206;147m▀[0m[38;2;238;224;160m[48;2;230;217;154m▀[0m[38;2;242;228;162m[48;2;238;225;160m▀[0m[38;2;237;224;160m[48;2;238;224;159m▀[0m[38;2;237;224;159m[48;2;238;225;161m▀[0m[38;2;101;95;71m[48;2;236;222;159m▀[0m[38;2;234;220;157m[48;2;235;221;157m▀[0m[38;2;237;224;160m[48;2;66;109;132m▀[0m[38;2;80;151;180m▀[0m         
           [38;2;88;152;184m▀[0m[38;2;87;144;174m▀[0m[38;2;132;181;204m[48;2;87;146;176m▀[0m[38;2;132;180;205m[48;2;133;180;204m▀[0m[38;2;136;178;197m[48;2;136;178;197m▀[0m[38;2;136;177;198m[48;2;133;179;203m▀[0m[38;2;137;177;198m[48;2;130;182;205m▀[0m[38;2;135;177;199m[48;2;135;177;198m▀[0m[38;2;135;177;198m[48;2;135;177;200m▀[0m[38;2;137;177;197m[48;2;111;168;195m▀[0m[38;2;237;223;159m[48;2;208;199;145m▀[0m[38;2;225;218;181m[48;2;230;217;156m▀[0m[38;2;229;217;154m[48;2;237;224;159m▀[0m[38;2;237;224;159m[48;2;238;224;160m▀[0m[38;2;238;224;160m[48;2;238;224;160m▀[0m[38;2;238;224;160m[48;2;239;224;160m▀[0m[38;2;238;224;160m[48;2;212;202;148m▀[0m[38;2;228;216;155m[48;2;208;198;145m▀[0m[38;2;123;117;87m▄[0m[38;2;192;182;129m▀[0m         
             [38;2;86;147;180m[48;2;83;151;181m▀[0m[38;2;87;146;177m[48;2;85;148;180m▀[0m[38;2;20;30;35m[48;2;88;146;175m▀[0m[38;2;137;177;196m[48;2;135;177;199m▀[0m[38;2;134;177;199m[48;2;136;177;198m▀[0m[38;2;134;178;201m[48;2;131;182;207m▀[0m[38;2;128;171;193m▀[0m[38;2;173;165;130m[48;2;173;166;130m▀[0m[38;2;216;205;149m[48;2;174;167;131m▀[0m[38;2;209;198;145m[48;2;207;197;145m▀[0m[38;2;210;199;146m[48;2;208;197;144m▀[0m[38;2;231;218;157m[48;2;208;197;144m▀[0m[38;2;233;221;158m[48;2;210;200;145m▀[0m[38;2;216;205;148m[48;2;207;196;143m▀[0m[38;2;206;196;143m[48;2;214;204;148m▀[0m            
             [38;2;60;96;114m[48;2;12;16;18m▀[0m[38;2;87;147;177m[48;2;125;174;199m▀[0m[38;2;88;146;175m[48;2;83;150;183m▀[0m[38;2;137;177;197m[48;2;144;188;210m▀[0m[38;2;136;178;197m[48;2;132;180;204m▀[0m[38;2;136;177;197m[48;2;123;172;195m▀[0m  [38;2;174;166;131m[48;2;88;116;130m▀[0m[38;2;67;68;57m[48;2;86;148;179m▀[0m[38;2;208;197;145m▀[0m[38;2;207;196;143m▀[0m[38;2;207;196;144m▀[0m[38;2;113;106;78m[48;2;89;146;175m▀[0m[38;2;89;146;175m[48;2;86;147;178m▀[0m[38;2;80;150;180m[48;2;89;146;175m▀[0m           
             [38;2;1;1;1m[48;2;31;44;47m▀[0m[38;2;136;177;198m[48;2;136;178;197m▀[0m[38;2;141;188;213m[48;2;145;188;209m▀[0m[38;2;114;147;162m[48;2;105;151;172m▀[0m[38;2;137;177;197m[48;2;137;177;197m▀[0m[38;2;35;52;59m[48;2;0;1;1m▀[0m [38;2;29;38;43m▄[0m[38;2;110;161;185m[48;2;87;147;177m▀[0m[38;2;85;155;184m▀[0m  [38;2;91;136;157m[48;2;135;178;199m▀[0m[38;2;88;146;176m[48;2;135;177;198m▀[0m[38;2;87;146;177m[48;2;90;149;177m▀[0m[38;2;7;9;12m▀[0m           
             [38;2;230;218;157m[48;2;140;132;96m▀[0m[38;2;180;172;123m[48;2;216;205;149m▀[0m[38;2;197;188;136m[48;2;220;210;152m▀[0m[38;2;118;111;79m[48;2;238;224;161m▀[0m[38;2;135;177;198m[48;2;194;185;140m▀[0m[38;2;48;71;83m[48;2;195;186;140m▀[0m[38;2;186;178;134m[48;2;199;208;228m▀[0m[38;2;89;146;176m▀[0m[38;2;83;151;183m▀[0m  [38;2;135;178;199m▄[0m[38;2;137;177;196m[48;2;133;180;204m▀[0m[38;2;136;177;197m[48;2;133;176;197m▀[0m             
            [38;2;38;37;38m▀[0m[38;2;33;34;36m▀[0m[38;2;84;150;184m[48;2;54;57;62m▀[0m[38;2;135;178;200m[48;2;206;215;236m▀[0m[38;2;139;181;203m[48;2;210;218;234m▀[0m[38;2;189;181;136m[48;2;89;148;178m▀[0m[38;2;191;183;138m[48;2;196;188;142m▀[0m[38;2;203;194;146m[48;2;55;52;41m▀[0m  [38;2;79;79;82m▀[0m[38;2;221;225;234m▀[0m[38;2;104;101;99m▀[0m[38;2;91;152;182m▀[0m              
                                        
