                                        
             [38;2;209;78;84m▄[0m[38;2;75;27;30m[48;2;220;83;88m▀[0m[38;2;219;86;92m[48;2;211;55;62m▀[0m          [38;2;0;0;0m▄[0m[38;2;211;80;85m▄[0m[38;2;197;24;30m▄[0m[38;2;188;70;74m[48;2;197;24;29m▀[0m[38;2;209;53;60m[48;2;199;24;29m▀[0m[38;2;212;50;57m[48;2;198;24;30m▀[0m        
           [38;2;207;77;83m▄[0m[38;2;218;82;88m[48;2;218;81;88m▀[0m[38;2;207;77;83m[48;2;216;82;89m▀[0m[38;2;216;82;88m[48;2;207;53;61m▀[0m[38;2;166;17;26m[48;2;0;0;0m▀[0m       [38;2;0;0;0m▄[0m[38;2;212;59;65m▄[0m[38;2;217;83;89m[48;2;197;23;30m▀[0m[38;2;197;24;30m[48;2;193;23;28m▀[0m[38;2;195;23;29m[48;2;197;24;29m▀[0m[38;2;197;24;30m[48;2;196;24;30m▀[0m[38;2;196;24;29m[48;2;198;24;29m▀[0m[38;2;195;23;29m[48;2;196;24;29m▀[0m[38;2;197;24;30m[48;2;125;19;23m▀[0m        
         [38;2;205;76;82m▄[0m[38;2;217;82;88m[48;2;207;77;82m▀[0m[38;2;218;83;88m[48;2;220;83;88m▀[0m[38;2;216;82;88m[48;2;216;82;88m▀[0m[38;2;216;82;88m[48;2;203;37;43m▀[0m[38;2;188;21;27m[48;2;0;0;0m▀[0m      [38;2;1;0;0m▄[0m[38;2;30;4;5m[48;2;196;24;30m▀[0m[38;2;198;26;33m[48;2;197;24;29m▀[0m[38;2;197;24;29m[48;2;186;22;27m▀[0m[38;2;196;23;29m[48;2;188;22;27m▀[0m[38;2;197;24;29m[48;2;186;22;27m▀[0m[38;2;199;24;29m[48;2;197;24;30m▀[0m[38;2;197;24;29m[48;2;196;24;30m▀[0m[38;2;196;24;30m[48;2;186;22;27m▀[0m[38;2;196;23;29m[48;2;6;0;0m▀[0m         
        [38;2;0;0;0m[48;2;209;77;82m▀[0m[38;2;210;78;84m[48;2;216;83;88m▀[0m[38;2;213;79;85m[48;2;216;82;88m▀[0m[38;2;216;82;88m[48;2;199;28;34m▀[0m[38;2;204;44;51m[48;2;185;20;26m▀[0m[38;2;160;13;23m▀[0m      [38;2;204;40;47m▄[0m[38;2;198;27;33m[48;2;197;24;29m▀[0m[38;2;196;23;29m[48;2;196;24;29m▀[0m[38;2;196;24;29m[48;2;197;24;29m▀[0m[38;2;197;24;30m[48;2;196;23;29m▀[0m[38;2;192;23;28m[48;2;194;23;28m▀[0m[38;2;186;22;27m[48;2;199;24;29m▀[0m[38;2;197;24;30m[48;2;197;24;30m▀[0m[38;2;196;23;29m[48;2;193;23;28m▀[0m[38;2;184;21;26m▀[0m          
        [38;2;197;25;31m[48;2;197;24;29m▀[0m[38;2;199;28;34m[48;2;197;24;30m▀[0m[38;2;197;24;29m[48;2;197;24;29m▀[0m[38;2;197;23;30m[48;2;197;24;29m▀[0m[38;2;170;14;24m[48;2;161;13;23m▀[0m      [38;2;244;60;69m[48;2;197;24;29m▀[0m[38;2;192;23;28m[48;2;255;254;186m▀[0m[38;2;196;24;29m[48;2;252;231;156m▀[0m[38;2;186;22;27m[48;2;2;0;0m▀[0m[38;2;195;24;29m[48;2;186;22;27m▀[0m[38;2;188;22;27m[48;2;187;22;27m▀[0m[38;2;186;22;27m[48;2;195;24;28m▀[0m[38;2;197;24;29m[48;2;195;23;29m▀[0m[38;2;197;24;29m▀[0m            
        [38;2;196;24;29m[48;2;197;24;29m▀[0m[38;2;186;22;27m[48;2;195;24;29m▀[0m[38;2;195;23;29m[48;2;28;3;3m▀[0m[38;2;186;22;27m[48;2;125;116;66m▀[0m[38;2;162;13;23m[48;2;153;11;20m▀[0m      [38;2;251;234;175m[48;2;251;233;154m▀[0m[38;2;251;237;186m[48;2;252;232;153m▀[0m[38;2;252;233;153m[48;2;251;232;153m▀[0m[38;2;251;232;151m[48;2;245;226;140m▀[0m[38;2;186;22;27m[48;2;171;15;24m▀[0m[38;2;197;24;29m[48;2;185;16;28m▀[0m[38;2;178;18;26m▀[0m              
        [38;2;143;17;21m▀[0m[38;2;184;23;30m[48;2;41;40;24m▀[0m[38;2;251;237;186m[48;2;251;236;186m▀[0m[38;2;251;232;153m[48;2;251;232;153m▀[0m[38;2;221;205;124m[48;2;23;21;12m▀[0m[38;2;253;232;152m▄[0m[38;2;253;233;153m▄[0m[38;2;153;152;104m[48;2;253;233;153m▀[0m[38;2;251;232;152m[48;2;252;233;152m▀[0m[38;2;253;234;153m[48;2;253;233;153m▀[0m[38;2;252;232;154m[48;2;253;234;154m▀[0m[38;2;253;231;151m[48;2;252;234;151m▀[0m[38;2;251;232;153m[48;2;251;232;153m▀[0m[38;2;240;224;137m[48;2;177;174;106m▀[0m[38;2;102;9;15m▀[0m                 
         [38;2;7;0;0m▀[0m[38;2;247;228;141m[48;2;1;1;0m▀[0m[38;2;251;234;159m[48;2;251;237;186m▀[0m[38;2;251;236;185m[48;2;251;236;185m▀[0m[38;2;251;237;185m[48;2;252;232;153m▀[0m[38;2;252;233;153m[48;2;252;233;153m▀[0m[38;2;251;232;151m[48;2;253;233;153m▀[0m[38;2;253;233;153m[48;2;252;232;153m▀[0m[38;2;252;232;153m[48;2;255;255;255m▀[0m[38;2;253;233;153m[48;2;252;232;153m▀[0m[38;2;251;232;153m[48;2;251;232;153m▀[0m[38;2;252;232;153m[48;2;253;232;153m▀[0m[38;2;228;209;127m[48;2;228;209;127m▀[0m[38;2;242;229;141m[48;2;228;210;127m▀[0m[38;2;2;1;0m▄[0m                
         [38;2;82;78;51m▄[0m[38;2;252;232;153m[48;2;255;255;255m▀[0m[38;2;251;237;184m[48;2;190;187;118m▀[0m[38;2;252;233;153m[48;2;253;234;153m▀[0m[38;2;253;234;153m[48;2;253;234;153m▀[0m[38;2;253;232;153m[48;2;252;232;153m▀[0m[38;2;252;233;153m[48;2;252;232;152m▀[0m[38;2;0;0;0m[48;2;0;0;0m▀[0m[38;2;255;254;254m[48;2;0;0;0m▀[0m[38;2;3;3;1m[48;2;193;184;118m▀[0m[38;2;251;232;153m[48;2;252;232;153m▀[0m[38;2;251;232;153m[48;2;1;1;0m▀[0m[38;2;228;209;127m[48;2;228;209;127m▀[0m[38;2;228;209;127m[48;2;228;209;127m▀[0m[38;2;245;226;140m[48;2;244;225;140m▀[0m                
         [38;2;253;233;153m[48;2;252;233;153m▀[0m[38;2;0;0;0m[48;2;0;0;0m▀[0m[38;2;255;240;159m[48;2;251;232;153m▀[0m[38;2;251;236;185m[48;2;253;232;153m▀[0m[38;2;252;232;153m[48;2;255;250;169m▀[0m[38;2;252;233;153m[48;2;122;34;62m▀[0m[38;2;252;233;153m[48;2;5;0;1m▀[0m[38;2;252;233;153m[48;2;252;233;153m▀[0m[38;2;234;228;150m[48;2;252;233;153m▀[0m[38;2;254;233;153m[48;2;158;54;59m▀[0m[38;2;216;83;89m[48;2;251;232;151m▀[0m[38;2;255;238;146m[48;2;228;209;127m▀[0m[38;2;166;15;25m[48;2;2;2;0m▀[0m[38;2;228;209;127m[48;2;235;217;132m▀[0m[38;2;238;218;134m[48;2;228;210;127m▀[0m                
         [38;2;218;83;88m[48;2;15;14;8m▀[0m[38;2;253;234;152m[48;2;233;94;99m▀[0m[38;2;252;232;153m[48;2;252;232;153m▀[0m[38;2;255;244;162m[48;2;253;232;153m▀[0m[38;2;113;31;57m[48;2;150;49;91m▀[0m[38;2;113;31;57m[48;2;85;22;47m▀[0m[38;2;130;37;67m[48;2;171;87;126m▀[0m[38;2;253;232;153m[48;2;251;232;153m▀[0m[38;2;251;232;153m[48;2;252;232;153m▀[0m[38;2;83;27;29m[48;2;230;210;128m▀[0m[38;2;170;17;23m[48;2;161;13;23m▀[0m[38;2;228;209;127m[48;2;76;71;42m▀[0m[38;2;56;53;30m[48;2;203;25;31m▀[0m[38;2;237;218;133m[48;2;228;209;127m▀[0m[38;2;200;188;114m▀[0m                
          [38;2;229;60;65m▀[0m[38;2;252;233;153m[48;2;2;1;0m▀[0m[38;2;252;233;153m[48;2;228;208;126m▀[0m[38;2;252;233;153m[48;2;228;208;127m▀[0m[38;2;197;125;155m[48;2;228;210;127m▀[0m[38;2;223;149;182m[48;2;228;209;127m▀[0m[38;2;240;221;135m[48;2;228;210;127m▀[0m[38;2;228;209;127m[48;2;228;209;127m▀[0m[38;2;228;209;127m[48;2;228;209;127m▀[0m[38;2;228;209;127m[48;2;228;209;127m▀[0m[38;2;236;216;133m[48;2;243;240;170m▀[0m[38;2;227;209;126m[48;2;216;82;87m▀[0m[38;2;178;68;73m[48;2;216;82;88m▀[0m[38;2;218;82;88m[48;2;204;45;52m▀[0m[38;2;199;31;38m[48;2;202;31;37m▀[0m               
         [38;2;12;2;2m▀[0m[38;2;216;82;88m[48;2;192;35;43m▀[0m[38;2;212;81;86m[48;2;205;54;59m▀[0m[38;2;20;19;11m[48;2;253;232;153m▀[0m[38;2;236;231;150m[48;2;253;234;153m▀[0m[38;2;121;109;63m[48;2;253;247;168m▀[0m[38;2;228;210;127m[48;2;251;235;173m▀[0m[38;2;228;209;127m[48;2;251;234;168m▀[0m[38;2;228;210;127m[48;2;251;232;149m▀[0m[38;2;228;209;127m[48;2;251;232;153m▀[0m[38;2;245;227;140m[48;2;252;233;153m▀[0m[38;2;252;232;153m[48;2;251;232;153m▀[0m[38;2;218;83;88m[48;2;228;209;127m▀[0m[38;2;199;28;34m[48;2;192;28;33m▀[0m[38;2;200;30;37m[48;2;4;0;0m▀[0m[38;2;0;0;0m▀[0m               
           [38;2;209;23;38m▀[0m[38;2;229;210;127m▀[0m[38;2;251;231;149m▀[0m[38;2;251;237;185m[48;2;251;237;185m▀[0m[38;2;251;237;186m[48;2;251;237;185m▀[0m[38;2;251;237;186m[48;2;251;236;186m▀[0m[38;2;251;237;185m[48;2;229;223;167m▀[0m[38;2;252;229;151m[48;2;246;229;143m▀[0m[38;2;251;232;153m[48;2;0;0;0m▀[0m[38;2;240;219;132m[48;2;253;232;154m▀[0m[38;2;246;226;141m[48;2;228;209;127m▀[0m [38;2;4;0;0m▄[0m[38;2;207;64;72m▄[0m               
              [38;2;251;237;185m[48;2;251;237;184m▀[0m[38;2;251;235;185m[48;2;251;236;185m▀[0m[38;2;251;237;186m[48;2;251;237;186m▀[0m[38;2;231;214;132m[48;2;60;56;33m▀[0m[38;2;190;171;103m[48;2;190;171;103m▀[0m[38;2;245;226;139m[48;2;191;171;104m▀[0m[38;2;62;55;29m[48;2;248;247;157m▀[0m[38;2;228;209;127m[48;2;228;210;127m▀[0m [38;2;188;36;43m[48;2;156;19;29m▀[0m[38;2;168;22;34m[48;2;166;23;35m▀[0m[38;2;176;28;41m▀[0m              
              [38;2;252;233;154m[48;2;252;232;153m▀[0m[38;2;252;232;154m[48;2;252;234;154m▀[0m[38;2;251;235;167m[48;2;252;232;153m▀[0m[38;2;252;232;153m[48;2;251;232;153m▀[0m[38;2;197;178;109m[48;2;245;226;139m▀[0m[38;2;189;169;103m[48;2;228;209;127m▀[0m[38;2;228;208;127m[48;2;228;209;127m▀[0m[38;2;228;209;127m[48;2;4;4;1m▀[0m[38;2;203;185;113m[48;2;203;185;113m▀[0m[38;2;6;0;0m[48;2;10;6;3m▀[0m[38;2;166;23;34m[48;2;166;21;33m▀[0m[38;2;166;21;32m▄[0m[38;2;168;20;30m▄[0m             
              [38;2;248;237;163m▀[0m[38;2;253;232;153m[48;2;251;232;153m▀[0m[38;2;252;233;153m[48;2;253;233;153m▀[0m[38;2;252;233;153m[48;2;252;232;153m▀[0m[38;2;228;209;127m[48;2;228;209;127m▀[0m[38;2;228;209;127m▀[0m[38;2;6;5;3m▀[0m[38;2;0;0;0m[48;2;0;0;0m▀[0m[38;2;1;0;0m[48;2;161;20;31m▀[0m[38;2;166;21;33m[48;2;165;21;33m▀[0m[38;2;166;21;33m▀[0m[38;2;164;20;32m[48;2;0;0;0m▀[0m[38;2;0;0;0m▀[0m             
               [38;2;0;0;0m▀[0m[38;2;251;232;153m▀[0m[38;2;252;232;153m[48;2;235;215;132m▀[0m[38;2;231;211;129m[48;2;2;2;1m▀[0m  [38;2;202;49;58m[48;2;0;0;0m▀[0m[38;2;167;21;33m[48;2;191;25;38m▀[0m[38;2;183;24;36m▀[0m                
                                        
