                                        
         [38;2;28;38;38m[48;2;181;244;204m▀[0m[38;2;184;245;207m[48;2;184;246;207m▀[0m[38;2;183;245;207m▄[0m                            
        [38;2;184;245;208m[48;2;185;245;208m▀[0m[38;2;185;245;208m[48;2;185;246;208m▀[0m[38;2;185;245;209m[48;2;184;246;207m▀[0m[38;2;184;246;207m[48;2;185;246;208m▀[0m[38;2;147;188;163m▄[0m                           
       [38;2;87;117;99m[48;2;186;248;210m▀[0m[38;2;184;245;207m[48;2;184;246;207m▀[0m[38;2;185;245;208m[48;2;184;246;207m▀[0m[38;2;181;243;204m[48;2;185;246;209m▀[0m[38;2;184;245;207m[48;2;179;242;203m▀[0m[38;2;181;243;206m[48;2;168;246;197m▀[0m                           
       [38;2;185;245;208m[48;2;182;245;206m▀[0m[38;2;184;246;207m[48;2;171;248;199m▀[0m[38;2;177;247;203m[48;2;173;246;200m▀[0m[38;2;181;244;205m[48;2;157;245;190m▀[0m[38;2;161;244;190m[48;2;144;245;180m▀[0m[38;2;144;245;180m[48;2;143;245;179m▀[0m                           
       [38;2;156;247;189m[48;2;145;245;180m▀[0m[38;2;155;244;187m[48;2;142;245;179m▀[0m[38;2;162;244;192m[48;2;144;245;180m▀[0m[38;2;143;245;179m[48;2;144;245;180m▀[0m[38;2;143;245;179m[48;2;138;242;174m▀[0m[38;2;144;246;181m[48;2;139;243;175m▀[0m            [38;2;145;186;161m▄[0m[38;2;179;246;204m▄[0m[38;2;147;245;182m▄[0m[38;2;0;0;0m[48;2;139;244;175m▀[0m[38;2;64;95;92m[48;2;143;245;179m▀[0m[38;2;176;254;204m[48;2;139;243;175m▀[0m[38;2;181;254;202m[48;2;143;245;180m▀[0m[38;2;100;141;123m[48;2;143;245;180m▀[0m[38;2;143;253;183m▄[0m      
       [38;2;147;245;182m[48;2;153;250;188m▀[0m[38;2;144;245;179m[48;2;144;246;180m▀[0m[38;2;143;246;180m[48;2;143;245;178m▀[0m[38;2;144;245;180m[48;2;144;245;180m▀[0m[38;2;143;245;179m[48;2;144;245;180m▀[0m[38;2;143;245;179m[48;2;144;246;180m▀[0m[38;2;5;11;13m[48;2;5;8;12m▀[0m        [38;2;163;246;194m▄[0m[38;2;35;45;51m[48;2;149;242;183m▀[0m[38;2;178;243;202m[48;2;143;245;180m▀[0m[38;2;150;245;185m[48;2;144;245;180m▀[0m[38;2;145;245;180m[48;2;143;245;180m▀[0m[38;2;144;245;180m[48;2;143;246;179m▀[0m[38;2;143;245;179m[48;2;143;245;178m▀[0m[38;2;144;246;180m[48;2;138;243;175m▀[0m[38;2;143;246;179m[48;2;144;246;180m▀[0m[38;2;144;245;180m[48;2;144;245;180m▀[0m[38;2;144;245;180m[48;2;142;245;179m▀[0m[38;2;80;131;98m▀[0m      
       [38;2;63;99;77m▀[0m[38;2;139;242;175m[48;2;141;245;178m▀[0m[38;2;144;246;179m[48;2;147;249;182m▀[0m[38;2;142;245;179m[48;2;254;243;196m▀[0m[38;2;138;243;175m[48;2;254;242;196m▀[0m[38;2;138;243;175m[48;2;68;128;108m▀[0m       [38;2;171;250;198m▄[0m[38;2;162;246;192m[48;2;140;242;176m▀[0m[38;2;142;242;177m[48;2;140;243;176m▀[0m[38;2;141;244;178m[48;2;144;245;180m▀[0m[38;2;144;245;180m[48;2;144;245;180m▀[0m[38;2;142;245;178m[48;2;143;245;180m▀[0m[38;2;138;242;175m[48;2;143;246;180m▀[0m[38;2;139;243;175m[48;2;144;245;180m▀[0m[38;2;144;245;180m[48;2;144;245;180m▀[0m[38;2;139;243;175m[48;2;144;245;180m▀[0m[38;2;139;243;176m[48;2;141;245;179m▀[0m[38;2;141;245;179m▀[0m        
        [38;2;128;240;167m▀[0m[38;2;254;245;216m[48;2;241;236;187m▀[0m[38;2;254;243;199m[48;2;254;243;196m▀[0m[38;2;253;242;196m[48;2;254;243;196m▀[0m[38;2;246;235;185m[48;2;179;176;148m▀[0m[38;2;254;244;200m▄[0m[38;2;254;243;196m▄[0m[38;2;254;242;196m▄[0m[38;2;254;243;197m▄[0m[38;2;251;247;202m▄[0m [38;2;255;255;212m▄[0m[38;2;255;250;224m[48;2;253;245;215m▀[0m[38;2;255;249;205m[48;2;253;242;196m▀[0m[38;2;143;246;180m[48;2;255;250;205m▀[0m[38;2;144;245;180m[48;2;139;243;176m▀[0m[38;2;144;246;180m[48;2;139;243;176m▀[0m[38;2;144;245;180m[48;2;143;245;179m▀[0m[38;2;143;245;180m[48;2;139;242;175m▀[0m[38;2;143;245;180m[48;2;143;245;179m▀[0m[38;2;144;245;180m[48;2;0;0;1m▀[0m[38;2;131;241;170m▀[0m          
         [38;2;151;148;122m▄[0m[38;2;199;194;160m[48;2;253;245;216m▀[0m[38;2;253;245;215m[48;2;253;245;216m▀[0m[38;2;253;245;216m[48;2;253;245;216m▀[0m[38;2;253;245;215m[48;2;254;242;196m▀[0m[38;2;254;242;196m[48;2;254;243;197m▀[0m[38;2;254;243;198m[48;2;254;242;196m▀[0m[38;2;254;243;196m[48;2;254;243;196m▀[0m[38;2;254;242;196m[48;2;254;242;196m▀[0m[38;2;254;243;196m[48;2;254;243;196m▀[0m[38;2;78;74;60m[48;2;254;243;196m▀[0m[38;2;254;242;196m[48;2;254;242;195m▀[0m[38;2;253;242;196m[48;2;254;243;196m▀[0m[38;2;254;242;196m[48;2;82;146;109m▀[0m[38;2;139;243;176m[48;2;128;249;170m▀[0m[38;2;140;243;176m▀[0m[38;2;141;245;178m▀[0m[38;2;0;0;1m▀[0m             
        [38;2;187;185;153m▄[0m[38;2;253;242;196m[48;2;254;242;196m▀[0m[38;2;254;242;196m[48;2;253;253;254m▀[0m[38;2;254;242;196m[48;2;254;242;196m▀[0m[38;2;253;243;196m[48;2;254;242;196m▀[0m[38;2;254;242;196m[48;2;254;243;197m▀[0m[38;2;254;242;196m[48;2;254;242;196m▀[0m[38;2;254;242;196m[48;2;254;242;196m▀[0m[38;2;254;243;196m[48;2;254;243;196m▀[0m[38;2;254;242;196m[48;2;253;242;196m▀[0m[38;2;254;242;196m[48;2;254;242;196m▀[0m[38;2;254;242;196m[48;2;254;242;196m▀[0m[38;2;253;243;196m[48;2;253;242;192m▀[0m[38;2;252;240;188m▄[0m                  
        [38;2;253;242;196m[48;2;186;248;210m▀[0m[38;2;254;245;199m[48;2;255;249;203m▀[0m[38;2;0;0;0m[48;2;28;39;53m▀[0m[38;2;255;255;208m[48;2;253;242;197m▀[0m[38;2;254;242;198m[48;2;253;243;196m▀[0m[38;2;254;243;196m[48;2;254;243;196m▀[0m[38;2;254;242;196m[48;2;254;243;196m▀[0m[38;2;254;243;196m[48;2;254;243;196m▀[0m[38;2;254;242;196m[48;2;145;141;113m▀[0m[38;2;255;255;255m[48;2;0;0;0m▀[0m[38;2;255;251;203m[48;2;248;239;193m▀[0m[38;2;254;242;196m[48;2;253;242;196m▀[0m[38;2;241;230;181m[48;2;240;229;180m▀[0m[38;2;240;229;180m[48;2;240;229;180m▀[0m                  
        [38;2;0;0;0m▀[0m[38;2;195;254;216m[48;2;154;243;186m▀[0m[38;2;254;243;197m[48;2;253;242;196m▀[0m[38;2;254;243;196m[48;2;254;242;196m▀[0m[38;2;254;243;196m[48;2;119;115;95m▀[0m[38;2;151;149;122m[48;2;255;247;201m▀[0m[38;2;254;243;196m[48;2;255;243;197m▀[0m[38;2;254;243;196m[48;2;117;114;91m▀[0m[38;2;255;245;198m[48;2;254;243;196m▀[0m[38;2;32;54;81m[48;2;251;240;190m▀[0m[38;2;253;242;195m[48;2;163;247;194m▀[0m[38;2;162;245;191m[48;2;125;238;164m▀[0m[38;2;123;238;163m[48;2;127;238;166m▀[0m[38;2;240;229;180m[48;2;248;238;186m▀[0m                  
       [38;2;166;247;195m[48;2;0;0;0m▀[0m[38;2;185;245;209m[48;2;143;246;179m▀[0m[38;2;143;246;179m[48;2;144;245;180m▀[0m[38;2;240;230;181m[48;2;255;252;206m▀[0m[38;2;241;230;180m[48;2;106;97;95m▀[0m[38;2;252;242;193m[48;2;240;229;180m▀[0m[38;2;253;242;195m[48;2;241;229;180m▀[0m[38;2;252;241;192m[48;2;240;230;180m▀[0m[38;2;249;238;187m[48;2;240;230;180m▀[0m[38;2;240;229;180m[48;2;240;230;180m▀[0m[38;2;244;233;183m[48;2;241;230;180m▀[0m[38;2;176;169;130m[48;2;123;238;163m▀[0m[38;2;242;231;182m[48;2;147;251;185m▀[0m[38;2;59;57;43m▀[0m                   
        [38;2;58;104;81m▀[0m[38;2;75;70;55m▀[0m[38;2;254;242;196m[48;2;240;229;180m▀[0m[38;2;254;243;196m[48;2;254;242;196m▀[0m[38;2;254;242;196m[48;2;254;243;196m▀[0m[38;2;250;238;188m[48;2;254;243;196m▀[0m[38;2;240;229;180m[48;2;254;243;196m▀[0m[38;2;240;230;180m[48;2;254;243;195m▀[0m[38;2;240;229;180m[48;2;254;243;196m▀[0m[38;2;250;240;188m[48;2;254;243;196m▀[0m[38;2;39;58;55m[48;2;255;246;201m▀[0m[38;2;166;247;196m[48;2;141;246;179m▀[0m[38;2;125;183;147m[48;2;127;245;169m▀[0m                   
      [38;2;98;131;116m[48;2;136;198;167m▀[0m[38;2;125;236;163m[48;2;124;236;165m▀[0m[38;2;102;190;137m[48;2;122;233;161m▀[0m[38;2;251;248;206m[48;2;254;243;196m▀[0m[38;2;254;243;196m[48;2;241;240;201m▀[0m[38;2;254;245;214m[48;2;218;207;165m▀[0m[38;2;207;207;184m[48;2;234;223;176m▀[0m[38;2;254;242;196m[48;2;254;242;196m▀[0m[38;2;254;243;196m[48;2;254;243;196m▀[0m[38;2;254;242;196m[48;2;254;242;196m▀[0m[38;2;255;248;200m[48;2;252;242;192m▀[0m[38;2;240;229;180m▀[0m[38;2;110;102;78m▀[0m                     
       [38;2;124;236;164m[48;2;124;236;165m▀[0m[38;2;111;212;147m[48;2;124;238;164m▀[0m[38;2;254;242;196m[48;2;240;229;180m▀[0m[38;2;250;239;190m[48;2;236;225;177m▀[0m[38;2;218;207;164m[48;2;218;207;165m▀[0m[38;2;249;242;191m[48;2;253;242;196m▀[0m[38;2;253;242;196m[48;2;254;243;196m▀[0m[38;2;254;243;196m[48;2;252;241;194m▀[0m[38;2;254;242;196m[48;2;240;229;180m▀[0m[38;2;245;234;184m[48;2;131;126;99m▀[0m                       
       [38;2;122;234;161m[48;2;59;89;71m▀[0m[38;2;117;228;158m[48;2;116;225;156m▀[0m[38;2;54;51;40m[48;2;116;226;157m▀[0m[38;2;240;229;180m▀[0m[38;2;240;229;180m▀[0m[38;2;240;229;180m[48;2;240;229;180m▀[0m[38;2;240;229;180m[48;2;240;229;180m▀[0m[38;2;240;229;180m[48;2;240;229;180m▀[0m[38;2;240;229;180m[48;2;248;237;185m▀[0m                        
        [38;2;116;226;157m▀[0m[38;2;116;225;156m▀[0m  [38;2;240;229;180m[48;2;249;248;205m▀[0m[38;2;241;230;181m[48;2;239;228;179m▀[0m[38;2;240;230;180m▀[0m                         
                                        
