                                        
               [38;2;248;202;94m▄[0m[38;2;29;25;23m▄[0m[38;2;254;222;145m▄[0m[38;2;12;12;12m▄[0m      [38;2;126;128;128m[48;2;95;95;96m▀[0m              
           [38;2;119;120;121m▄[0m  [38;2;249;209;118m[48;2;248;201;94m▀[0m   [38;2;247;198;84m[48;2;250;204;85m▀[0m     [38;2;127;129;128m[48;2;252;232;185m▀[0m               
           [38;2;97;97;98m▀[0m[38;2;115;116;116m[48;2;108;85;39m▀[0m[38;2;247;197;75m▄[0m[38;2;240;200;91m[48;2;108;92;54m▀[0m[38;2;103;104;104m▄[0m[38;2;87;87;86m▄[0m[38;2;251;226;166m[48;2;27;26;24m▀[0m      [38;2;250;213;126m[48;2;254;222;142m▀[0m[38;2;192;171;113m▄[0m[38;2;251;220;147m▄[0m[38;2;250;215;134m▄[0m[38;2;192;169;106m▄[0m           
              [38;2;248;201;96m[48;2;251;218;143m▀[0m       [38;2;252;225;152m▄[0m[38;2;250;220;141m[48;2;92;73;29m▀[0m[38;2;123;124;124m▀[0m[38;2;11;11;11m[48;2;93;94;94m▀[0m  [38;2;9;11;17m▀[0m[38;2;250;199;73m[48;2;247;196;74m▀[0m          
              [38;2;254;177;174m▄[0m[38;2;33;25;15m[48;2;250;213;128m▀[0m[38;2;237;160;157m▄[0m[38;2;137;93;91m[48;2;238;162;159m▀[0m[38;2;254;175;172m[48;2;237;161;157m▀[0m[38;2;239;160;157m[48;2;238;159;156m▀[0m[38;2;66;41;40m[48;2;237;159;156m▀[0m[38;2;28;24;15m[48;2;248;203;96m▀[0m[38;2;224;184;72m[48;2;237;157;154m▀[0m[38;2;237;151;147m▄[0m[38;2;102;41;39m▄[0m [38;2;245;194;66m▀[0m[38;2;248;203;94m▀[0m[38;2;245;193;62m▀[0m           
           [38;2;235;166;162m▄[0m[38;2;107;71;70m[48;2;239;155;151m▀[0m[38;2;238;159;156m[48;2;231;126;121m▀[0m[38;2;238;154;152m[48;2;204;209;219m▀[0m[38;2;231;129;125m[48;2;212;217;227m▀[0m[38;2;237;185;90m[48;2;204;210;221m▀[0m[38;2;210;216;226m[48;2;172;182;201m▀[0m[38;2;210;216;225m[48;2;168;179;198m▀[0m[38;2;210;216;226m[48;2;170;179;199m▀[0m[38;2;229;236;247m[48;2;7;8;9m▀[0m[38;2;252;200;89m[48;2;40;30;13m▀[0m[38;2;245;160;157m[48;2;202;208;219m▀[0m[38;2;238;159;156m[48;2;187;192;201m▀[0m[38;2;235;146;142m[48;2;238;159;156m▀[0m[38;2;229;115;111m[48;2;229;122;117m▀[0m[38;2;24;28;28m[48;2;229;115;110m▀[0m[38;2;8;5;5m▄[0m            
          [38;2;248;224;222m▄[0m[38;2;236;152;149m[48;2;230;122;117m▀[0m[38;2;227;110;106m[48;2;205;75;81m▀[0m[38;2;211;217;227m[48;2;211;217;227m▀[0m[38;2;255;255;255m[48;2;251;202;76m▀[0m[38;2;165;173;189m[48;2;171;182;202m▀[0m[38;2;168;177;197m[48;2;165;176;197m▀[0m[38;2;166;177;197m[48;2;166;176;197m▀[0m[38;2;165;176;196m[48;2;165;176;197m▀[0m[38;2;166;177;198m[48;2;165;175;197m▀[0m[38;2;167;177;197m[48;2;166;176;197m▀[0m[38;2;163;174;195m[48;2;164;175;196m▀[0m[38;2;164;175;196m[48;2;164;175;196m▀[0m[38;2;164;176;196m[48;2;165;175;196m▀[0m[38;2;78;84;93m[48;2;165;176;195m▀[0m[38;2;231;127;123m[48;2;231;128;125m▀[0m[38;2;229;122;117m[48;2;229;122;117m▀[0m[38;2;222;88;83m[48;2;229;113;109m▀[0m[38;2;222;84;78m▄[0m           
          [38;2;229;121;116m[48;2;229;117;113m▀[0m[38;2;220;88;84m[48;2;203;82;87m▀[0m[38;2;19;25;25m[48;2;39;14;15m▀[0m[38;2;211;217;227m[48;2;210;215;225m▀[0m[38;2;211;217;229m[48;2;162;172;191m▀[0m[38;2;165;176;196m[48;2;180;192;212m▀[0m[38;2;165;176;196m[48;2;166;176;197m▀[0m[38;2;165;176;197m[48;2;166;177;197m▀[0m[38;2;169;180;202m[48;2;235;238;243m▀[0m[38;2;237;240;247m[48;2;255;219;94m▀[0m[38;2;165;176;197m[48;2;236;178;68m▀[0m[38;2;164;175;196m[48;2;164;175;196m▀[0m[38;2;165;174;196m[48;2;163;174;196m▀[0m[38;2;165;175;196m[48;2;163;174;195m▀[0m[38;2;164;175;196m[48;2;168;180;201m▀[0m[38;2;232;122;117m[48;2;229;120;115m▀[0m[38;2;229;118;114m[48;2;229;119;115m▀[0m[38;2;227;105;100m[48;2;222;85;80m▀[0m[38;2;221;83;78m[48;2;221;84;79m▀[0m           
          [38;2;154;61;65m[48;2;130;131;132m▀[0m[38;2;200;79;86m[48;2;93;93;93m▀[0m[38;2;203;78;86m[48;2;65;66;66m▀[0m[38;2;207;214;224m[48;2;211;217;228m▀[0m[38;2;177;188;211m[48;2;165;176;197m▀[0m[38;2;164;176;196m[48;2;167;179;198m▀[0m[38;2;178;187;204m[48;2;206;82;88m▀[0m[38;2;210;216;227m[48;2;228;117;112m▀[0m[38;2;31;17;17m[48;2;234;144;140m▀[0m[38;2;166;97;93m[48;2;229;120;115m▀[0m[38;2;184;112;108m[48;2;229;125;119m▀[0m[38;2;215;118;113m[48;2;229;125;120m▀[0m[38;2;243;133;128m[48;2;229;123;117m▀[0m[38;2;229;123;118m[48;2;229;124;118m▀[0m[38;2;229;122;117m[48;2;226;102;96m▀[0m[38;2;230;121;117m[48;2;220;82;77m▀[0m[38;2;223;91;87m[48;2;222;83;77m▀[0m[38;2;220;82;76m[48;2;223;89;84m▀[0m[38;2;221;84;79m[48;2;223;85;80m▀[0m           
         [38;2;120;120;120m[48;2;73;74;74m▀[0m[38;2;73;74;74m[48;2;72;72;72m▀[0m[38;2;82;82;82m[48;2;180;189;205m▀[0m[38;2;193;202;221m[48;2;160;173;193m▀[0m[38;2;162;174;194m[48;2;161;172;193m▀[0m[38;2;41;44;49m[48;2;121;122;122m▀[0m[38;2;203;84;91m[48;2;46;42;42m▀[0m[38;2;199;70;76m[48;2;200;72;80m▀[0m[38;2;198;68;75m[48;2;197;67;75m▀[0m[38;2;198;68;74m[48;2;199;69;76m▀[0m[38;2;200;68;75m[48;2;197;69;78m▀[0m[38;2;198;66;74m[48;2;203;74;80m▀[0m[38;2;197;66;73m[48;2;222;93;87m▀[0m[38;2;201;69;76m[48;2;223;94;87m▀[0m[38;2;210;75;79m[48;2;223;94;87m▀[0m[38;2;222;86;81m[48;2;223;92;87m▀[0m[38;2;223;90;85m[48;2;223;92;87m▀[0m[38;2;223;92;87m[48;2;223;93;87m▀[0m[38;2;223;91;86m[48;2;223;86;80m▀[0m[38;2;221;83;78m▀[0m           
         [38;2;72;73;73m[48;2;251;220;149m▀[0m[38;2;212;218;226m[48;2;239;190;97m▀[0m[38;2;160;173;193m[48;2;48;53;63m▀[0m[38;2;161;172;194m[48;2;170;183;204m▀[0m[38;2;125;126;126m[48;2;119;120;120m▀[0m[38;2;83;84;84m[48;2;80;80;80m▀[0m[38;2;79;80;79m[48;2;71;71;71m▀[0m[38;2;87;87;87m[48;2;220;83;79m▀[0m[38;2;194;202;233m[48;2;82;82;82m▀[0m[38;2;136;151;189m[48;2;172;185;220m▀[0m[38;2;124;43;45m[48;2;161;175;215m▀[0m[38;2;204;74;83m[48;2;156;170;212m▀[0m[38;2;224;94;89m[48;2;159;173;214m▀[0m[38;2;223;94;89m[48;2;162;176;215m▀[0m[38;2;223;92;87m[48;2;158;172;213m▀[0m[38;2;224;92;87m[48;2;176;186;219m▀[0m[38;2;224;93;87m[48;2;34;35;41m▀[0m[38;2;226;91;86m[48;2;188;201;230m▀[0m[38;2;174;186;222m[48;2;174;186;220m▀[0m[38;2;131;142;176m[48;2;159;172;212m▀[0m[38;2;162;172;212m▄[0m          
        [38;2;67;57;40m[48;2;180;189;206m▀[0m[38;2;247;200;96m[48;2;238;190;97m▀[0m[38;2;239;188;93m[48;2;239;186;89m▀[0m[38;2;239;185;82m[48;2;238;184;83m▀[0m[38;2;238;182;81m[48;2;243;185;72m▀[0m[38;2;96;95;96m[48;2;149;106;104m▀[0m[38;2;71;71;71m[48;2;73;73;73m▀[0m[38;2;71;71;71m[48;2;74;74;73m▀[0m[38;2;236;91;86m[48;2;222;86;80m▀[0m[38;2;88;88;87m[48;2;85;85;84m▀[0m[38;2;178;191;224m[48;2;76;77;76m▀[0m[38;2;178;191;223m[48;2;173;186;220m▀[0m[38;2;176;189;222m[48;2;181;193;224m▀[0m[38;2;171;185;221m[48;2;173;186;221m▀[0m[38;2;167;181;218m[48;2;177;190;223m▀[0m[38;2;165;179;218m[48;2;175;189;222m▀[0m[38;2;182;190;221m[48;2;184;192;222m▀[0m[38;2;199;206;231m[48;2;192;201;229m▀[0m[38;2;53;56;65m[48;2;187;195;225m▀[0m[38;2;167;180;217m[48;2;150;161;191m▀[0m[38;2;156;169;211m[48;2;162;175;215m▀[0m[38;2;160;173;214m[48;2;172;184;220m▀[0m[38;2;187;196;225m[48;2;177;190;222m▀[0m[38;2;198;206;231m▄[0m        
       [38;2;30;30;30m▄[0m[38;2;173;184;201m[48;2;166;177;197m▀[0m[38;2;162;174;194m[48;2;162;174;194m▀[0m[38;2;120;129;146m[48;2;161;172;194m▀[0m[38;2;205;156;67m[48;2;160;172;194m▀[0m[38;2;248;196;63m[48;2;159;171;193m▀[0m[38;2;57;51;40m[48;2;119;119;120m▀[0m[38;2;117;57;53m[48;2;116;116;116m▀[0m[38;2;223;94;88m[48;2;90;93;92m▀[0m[38;2;81;82;81m[48;2;73;73;73m▀[0m[38;2;74;75;75m[48;2;71;71;71m▀[0m[38;2;73;74;73m[48;2;73;74;74m▀[0m[38;2;81;82;81m[48;2;73;73;73m▀[0m[38;2;166;180;217m[48;2;73;74;74m▀[0m[38;2;166;178;217m[48;2;165;178;217m▀[0m[38;2;174;186;221m[48;2;172;186;221m▀[0m[38;2;179;192;225m[48;2;195;204;231m▀[0m[38;2;184;192;222m[48;2;190;200;228m▀[0m[38;2;185;194;225m[48;2;185;194;225m▀[0m[38;2;191;200;228m[48;2;191;200;228m▀[0m[38;2;189;198;226m[48;2;184;193;223m▀[0m[38;2;180;188;216m▄[0m[38;2;37;35;31m▀[0m          
       [38;2;21;21;21m▀[0m[38;2;170;180;199m[48;2;174;185;202m▀[0m[38;2;163;174;195m[48;2;162;173;194m▀[0m[38;2;162;173;194m[48;2;162;173;193m▀[0m[38;2;160;172;193m[48;2;160;173;194m▀[0m[38;2;160;171;192m[48;2;160;171;192m▀[0m[38;2;113;113;113m[48;2;81;82;82m▀[0m[38;2;110;109;111m[48;2;88;86;88m▀[0m[38;2;93;91;92m[48;2;76;76;77m▀[0m[38;2;72;73;73m[48;2;73;74;73m▀[0m[38;2;71;71;71m[48;2;71;72;71m▀[0m[38;2;73;74;74m[48;2;73;74;74m▀[0m[38;2;73;74;74m[48;2;73;74;74m▀[0m[38;2;73;74;74m[48;2;72;73;73m▀[0m[38;2;72;73;73m[48;2;72;72;72m▀[0m[38;2;16;17;23m[48;2;75;76;76m▀[0m[38;2;182;189;221m▀[0m[38;2;194;205;232m▀[0m[38;2;192;202;229m[48;2;62;65;76m▀[0m[38;2;189;198;227m[48;2;207;217;248m▀[0m[38;2;183;192;222m[48;2;202;212;244m▀[0m[38;2;181;188;220m[48;2;57;61;74m▀[0m           
        [38;2;190;198;212m[48;2;214;212;197m▀[0m[38;2;162;172;194m[48;2;65;55;38m▀[0m[38;2;161;172;194m[48;2;71;78;91m▀[0m[38;2;159;172;193m[48;2;46;46;47m▀[0m[38;2;160;171;192m[48;2;243;188;82m▀[0m[38;2;79;80;79m[48;2;35;30;23m▀[0m[38;2;71;72;71m[48;2;71;72;72m▀[0m[38;2;73;73;73m[48;2;56;58;59m▀[0m[38;2;71;71;71m[48;2;71;71;71m▀[0m[38;2;71;71;71m[48;2;71;72;71m▀[0m[38;2;73;74;73m[48;2;71;71;71m▀[0m[38;2;72;72;72m[48;2;46;43;36m▀[0m[38;2;60;60;60m[48;2;252;233;144m▀[0m[38;2;200;191;143m[48;2;254;246;226m▀[0m[38;2;135;126;98m[48;2;254;245;219m▀[0m[38;2;253;234;146m▄[0m                
         [38;2;250;216;136m▀[0m[38;2;239;185;84m[48;2;248;205;103m▀[0m[38;2;239;186;86m[48;2;237;188;85m▀[0m[38;2;242;187;77m[48;2;165;177;199m▀[0m[38;2;235;123;118m[48;2;73;74;74m▀[0m[38;2;228;110;105m[48;2;72;73;72m▀[0m[38;2;223;97;91m[48;2;75;75;76m▀[0m[38;2;223;92;86m[48;2;223;91;86m▀[0m[38;2;72;72;72m[48;2;31;37;37m▀[0m[38;2;72;72;73m[48;2;72;72;72m▀[0m[38;2;253;236;169m[48;2;37;37;37m▀[0m[38;2;254;246;223m[48;2;253;233;143m▀[0m[38;2;255;253;251m[48;2;254;238;183m▀[0m[38;2;255;252;249m[48;2;254;236;170m▀[0m[38;2;254;237;168m[48;2;253;232;143m▀[0m                
           [38;2;166;176;196m▀[0m[38;2;117;117;118m[48;2;84;84;84m▀[0m[38;2;81;82;81m[48;2;80;81;80m▀[0m[38;2;76;76;76m[48;2;75;76;76m▀[0m[38;2;76;76;76m[48;2;75;76;75m▀[0m[38;2;223;89;85m[48;2;218;96;90m▀[0m[38;2;75;76;76m[48;2;74;75;75m▀[0m[38;2;72;72;72m[48;2;78;79;79m▀[0m[38;2;73;73;72m[48;2;71;72;71m▀[0m[38;2;41;42;42m[48;2;71;72;71m▀[0m                   
           [38;2;80;80;79m[48;2;107;107;107m▀[0m[38;2;81;81;81m[48;2;80;81;80m▀[0m[38;2;79;79;79m[48;2;76;77;77m▀[0m[38;2;75;76;76m▀[0m   [38;2;71;72;71m[48;2;63;64;63m▀[0m[38;2;71;71;71m[48;2;37;38;38m▀[0m[38;2;83;84;83m▀[0m                   
                                        
