                                        
               [38;2;248;202;94m▄[0m[38;2;21;19;15m▄[0m[38;2;254;222;145m▄[0m[38;2;6;6;6m▄[0m      [38;2;126;128;128m[48;2;95;95;96m▀[0m              
           [38;2;119;120;121m▄[0m  [38;2;249;209;118m[48;2;248;201;94m▀[0m   [38;2;247;198;84m[48;2;250;204;85m▀[0m     [38;2;127;129;128m[48;2;252;232;185m▀[0m               
           [38;2;97;97;98m▀[0m[38;2;115;116;116m[48;2;106;84;37m▀[0m[38;2;247;197;75m▄[0m[38;2;240;200;91m[48;2;108;92;54m▀[0m[38;2;103;104;104m▄[0m[38;2;87;87;86m▄[0m[38;2;251;226;166m[48;2;15;13;10m▀[0m      [38;2;250;213;126m[48;2;254;222;142m▀[0m[38;2;192;171;113m▄[0m[38;2;251;220;147m▄[0m[38;2;250;215;134m▄[0m[38;2;192;169;106m▄[0m           
              [38;2;248;201;96m[48;2;251;218;143m▀[0m       [38;2;252;225;152m▄[0m[38;2;250;220;141m[48;2;89;70;25m▀[0m[38;2;123;124;124m▀[0m[38;2;1;1;1m[48;2;93;94;94m▀[0m  [38;2;1;1;5m▀[0m[38;2;250;199;73m[48;2;247;196;74m▀[0m          
              [38;2;174;221;255m▄[0m[38;2;33;25;13m[48;2;250;213;128m▀[0m[38;2;142;205;253m▄[0m[38;2;108;107;121m[48;2;143;206;254m▀[0m[38;2;171;220;255m[48;2;141;204;253m▀[0m[38;2;144;207;253m[48;2;140;206;255m▀[0m[38;2;49;49;57m[48;2;140;205;255m▀[0m[38;2;28;23;14m[48;2;248;203;96m▀[0m[38;2;224;184;72m[48;2;137;205;254m▀[0m[38;2;130;203;255m▄[0m[38;2;43;71;99m▄[0m [38;2;245;194;66m▀[0m[38;2;248;203;94m▀[0m[38;2;245;193;62m▀[0m           
           [38;2;171;199;227m▄[0m[38;2;107;71;70m[48;2;135;203;255m▀[0m[38;2;140;205;255m[48;2;99;187;254m▀[0m[38;2;136;206;255m[48;2;217;197;225m▀[0m[38;2;109;189;248m[48;2;226;205;234m▀[0m[38;2;237;185;90m[48;2;221;196;228m▀[0m[38;2;224;202;233m[48;2;199;158;214m▀[0m[38;2;223;203;232m[48;2;198;153;212m▀[0m[38;2;224;202;233m[48;2;199;156;213m▀[0m[38;2;246;223;254m[48;2;9;7;9m▀[0m[38;2;252;200;89m[48;2;40;30;13m▀[0m[38;2;149;209;254m[48;2;218;193;227m▀[0m[38;2;140;206;255m[48;2;201;180;207m▀[0m[38;2;123;198;255m[48;2;140;205;255m▀[0m[38;2;87;183;254m[48;2;94;184;252m▀[0m[38;2;10;12;12m[48;2;86;182;253m▀[0m[38;2;4;2;2m▄[0m            
          [38;2;216;236;253m▄[0m[38;2;132;203;254m[48;2;95;185;253m▀[0m[38;2;81;180;252m[48;2;48;169;232m▀[0m[38;2;224;204;233m[48;2;225;204;234m▀[0m[38;2;255;255;255m[48;2;244;251;76m▀[0m[38;2;184;157;198m[48;2;201;157;215m▀[0m[38;2;198;154;210m[48;2;197;150;212m▀[0m[38;2;196;151;211m[48;2;197;151;211m▀[0m[38;2;195;150;211m[48;2;196;150;211m▀[0m[38;2;197;150;213m[48;2;198;150;211m▀[0m[38;2;198;153;211m[48;2;198;151;211m▀[0m[38;2;193;148;210m[48;2;196;149;211m▀[0m[38;2;196;149;211m[48;2;196;149;211m▀[0m[38;2;195;149;211m[48;2;197;150;210m▀[0m[38;2;89;75;98m[48;2;194;150;210m▀[0m[38;2;101;188;253m[48;2;103;189;253m▀[0m[38;2;94;184;252m[48;2;94;184;252m▀[0m[38;2;55;168;251m[48;2;84;182;254m▀[0m[38;2;49;166;252m▄[0m           
          [38;2;93;184;253m[48;2;90;185;253m▀[0m[38;2;57;169;248m[48;2;57;169;228m▀[0m[38;2;29;27;20m[48;2;10;33;46m▀[0m[38;2;225;203;234m[48;2;224;202;232m▀[0m[38;2;237;205;248m[48;2;183;138;207m▀[0m[38;2;196;150;211m[48;2;209;166;233m▀[0m[38;2;197;151;211m[48;2;197;151;211m▀[0m[38;2;196;150;211m[48;2;196;151;211m▀[0m[38;2;202;154;216m[48;2;235;238;243m▀[0m[38;2;237;240;247m[48;2;239;255;94m▀[0m[38;2;197;150;212m[48;2;236;231;68m▀[0m[38;2;196;149;211m[48;2;196;148;211m▀[0m[38;2;197;150;210m[48;2;196;148;211m▀[0m[38;2;196;150;210m[48;2;195;148;210m▀[0m[38;2;196;149;211m[48;2;201;153;216m▀[0m[38;2;99;186;251m[48;2;92;184;253m▀[0m[38;2;91;185;253m[48;2;91;185;253m▀[0m[38;2;73;177;253m[48;2;51;167;251m▀[0m[38;2;49;166;251m[48;2;50;166;251m▀[0m           
          [38;2;50;124;166m[48;2;130;131;132m▀[0m[38;2;53;169;225m[48;2;93;93;93m▀[0m[38;2;53;171;229m[48;2;65;66;66m▀[0m[38;2;222;199;232m[48;2;228;204;236m▀[0m[38;2;211;161;227m[48;2;197;150;211m▀[0m[38;2;195;149;211m[48;2;196;153;213m▀[0m[38;2;204;165;217m[48;2;57;173;231m▀[0m[38;2;226;202;234m[48;2;89;182;252m▀[0m[38;2;27;19;20m[48;2;122;197;254m▀[0m[38;2;146;108;114m[48;2;92;183;252m▀[0m[38;2;96;153;198m[48;2;97;184;253m▀[0m[38;2;94;174;235m[48;2;98;185;252m▀[0m[38;2;118;196;255m[48;2;94;182;252m▀[0m[38;2;96;184;253m[48;2;96;185;252m▀[0m[38;2;94;184;252m[48;2;70;175;253m▀[0m[38;2;94;185;253m[48;2;48;166;250m▀[0m[38;2;59;171;251m[48;2;47;165;252m▀[0m[38;2;47;164;250m[48;2;56;169;252m▀[0m[38;2;50;166;250m[48;2;51;168;253m▀[0m           
         [38;2;120;120;120m[48;2;73;74;74m▀[0m[38;2;73;74;74m[48;2;72;72;72m▀[0m[38;2;82;82;82m[48;2;202;167;217m▀[0m[38;2;222;180;234m[48;2;189;144;208m▀[0m[38;2;193;147;209m[48;2;193;146;208m▀[0m[38;2;43;42;50m[48;2;121;122;122m▀[0m[38;2;60;174;228m[48;2;46;42;42m▀[0m[38;2;44;164;226m[48;2;46;168;226m▀[0m[38;2;41;165;225m[48;2;41;164;225m▀[0m[38;2;41;163;225m[48;2;42;165;226m▀[0m[38;2;41;165;227m[48;2;42;168;224m▀[0m[38;2;39;165;226m[48;2;48;168;230m▀[0m[38;2;39;163;225m[48;2;59;167;250m▀[0m[38;2;42;167;228m[48;2;59;167;251m▀[0m[38;2;47;170;238m[48;2;59;167;251m▀[0m[38;2;52;167;252m[48;2;59;170;252m▀[0m[38;2;57;170;252m[48;2;59;170;251m▀[0m[38;2;58;170;252m[48;2;59;168;252m▀[0m[38;2;58;170;252m[48;2;51;167;253m▀[0m[38;2;49;166;251m▀[0m           
         [38;2;72;73;73m[48;2;251;220;149m▀[0m[38;2;224;206;232m[48;2;239;190;97m▀[0m[38;2;189;144;208m[48;2;61;42;69m▀[0m[38;2;194;146;209m[48;2;200;154;219m▀[0m[38;2;125;126;126m[48;2;119;120;120m▀[0m[38;2;83;84;84m[48;2;80;80;80m▀[0m[38;2;79;80;79m[48;2;71;71;71m▀[0m[38;2;87;87;87m[48;2;50;167;249m▀[0m[38;2;194;202;233m[48;2;82;82;82m▀[0m[38;2;136;151;189m[48;2;172;185;220m▀[0m[38;2;27;100;142m[48;2;161;175;215m▀[0m[38;2;47;173;231m[48;2;156;170;212m▀[0m[38;2;61;171;252m[48;2;159;173;214m▀[0m[38;2;62;171;251m[48;2;162;176;215m▀[0m[38;2;59;170;251m[48;2;158;172;213m▀[0m[38;2;59;170;252m[48;2;176;186;219m▀[0m[38;2;59;169;252m[48;2;34;35;41m▀[0m[38;2;59;171;254m[48;2;188;201;230m▀[0m[38;2;174;186;222m[48;2;174;186;220m▀[0m[38;2;131;142;176m[48;2;159;172;212m▀[0m[38;2;162;172;212m▄[0m          
        [38;2;67;57;40m[48;2;206;168;219m▀[0m[38;2;247;200;96m[48;2;238;190;97m▀[0m[38;2;239;188;93m[48;2;239;186;89m▀[0m[38;2;239;185;82m[48;2;238;184;83m▀[0m[38;2;238;182;81m[48;2;243;185;72m▀[0m[38;2;96;95;96m[48;2;106;126;147m▀[0m[38;2;71;71;71m[48;2;73;73;73m▀[0m[38;2;71;71;71m[48;2;74;74;73m▀[0m[38;2;68;176;254m[48;2;51;166;251m▀[0m[38;2;88;88;87m[48;2;85;85;84m▀[0m[38;2;178;191;224m[48;2;76;77;76m▀[0m[38;2;178;191;223m[48;2;173;186;220m▀[0m[38;2;176;189;222m[48;2;181;193;224m▀[0m[38;2;171;185;221m[48;2;173;186;221m▀[0m[38;2;167;181;218m[48;2;177;190;223m▀[0m[38;2;165;179;218m[48;2;175;189;222m▀[0m[38;2;182;190;221m[48;2;184;192;222m▀[0m[38;2;199;206;231m[48;2;192;201;229m▀[0m[38;2;53;56;65m[48;2;187;195;225m▀[0m[38;2;167;180;217m[48;2;150;161;191m▀[0m[38;2;156;169;211m[48;2;162;175;215m▀[0m[38;2;160;173;214m[48;2;172;184;220m▀[0m[38;2;187;196;225m[48;2;177;190;222m▀[0m[38;2;198;206;231m▄[0m        
       [38;2;13;13;13m▄[0m[38;2;199;160;214m[48;2;196;152;212m▀[0m[38;2;192;147;209m[48;2;192;147;209m▀[0m[38;2;142;110;157m[48;2;193;145;209m▀[0m[38;2;205;156;67m[48;2;193;144;210m▀[0m[38;2;248;196;63m[48;2;192;143;209m▀[0m[38;2;57;51;40m[48;2;119;119;120m▀[0m[38;2;54;85;116m[48;2;116;116;116m▀[0m[38;2;65;170;248m[48;2;90;93;92m▀[0m[38;2;81;82;81m[48;2;73;73;73m▀[0m[38;2;74;75;75m[48;2;71;71;71m▀[0m[38;2;73;74;73m[48;2;73;74;74m▀[0m[38;2;81;82;81m[48;2;73;73;73m▀[0m[38;2;166;180;217m[48;2;73;74;74m▀[0m[38;2;166;178;217m[48;2;165;178;217m▀[0m[38;2;174;186;221m[48;2;172;186;221m▀[0m[38;2;179;192;225m[48;2;195;204;231m▀[0m[38;2;184;192;222m[48;2;190;200;228m▀[0m[38;2;185;194;225m[48;2;185;194;225m▀[0m[38;2;191;200;228m[48;2;191;200;228m▀[0m[38;2;189;198;226m[48;2;184;193;223m▀[0m[38;2;180;188;216m▄[0m[38;2;13;11;9m▀[0m          
       [38;2;7;7;7m▀[0m[38;2;199;155;213m[48;2;200;161;215m▀[0m[38;2;195;147;210m[48;2;194;147;209m▀[0m[38;2;194;147;209m[48;2;192;147;208m▀[0m[38;2;191;144;208m[48;2;191;144;210m▀[0m[38;2;192;145;207m[48;2;192;145;208m▀[0m[38;2;113;113;113m[48;2;81;82;82m▀[0m[38;2;110;109;111m[48;2;88;86;88m▀[0m[38;2;93;91;92m[48;2;76;76;77m▀[0m[38;2;72;73;73m[48;2;73;74;73m▀[0m[38;2;71;71;71m[48;2;71;72;71m▀[0m[38;2;73;74;74m[48;2;73;74;74m▀[0m[38;2;73;74;74m[48;2;73;74;74m▀[0m[38;2;73;74;74m[48;2;72;73;73m▀[0m[38;2;72;73;73m[48;2;72;72;72m▀[0m[38;2;16;17;23m[48;2;75;76;76m▀[0m[38;2;182;189;221m▀[0m[38;2;194;205;232m▀[0m[38;2;192;202;229m[48;2;62;65;76m▀[0m[38;2;189;198;227m[48;2;207;217;248m▀[0m[38;2;183;192;222m[48;2;202;212;244m▀[0m[38;2;181;188;220m[48;2;57;61;74m▀[0m           
        [38;2;212;180;223m[48;2;214;212;197m▀[0m[38;2;196;147;209m[48;2;65;55;38m▀[0m[38;2;193;145;209m[48;2;85;67;97m▀[0m[38;2;191;143;209m[48;2;46;46;47m▀[0m[38;2;192;145;207m[48;2;243;188;82m▀[0m[38;2;79;80;79m[48;2;35;30;23m▀[0m[38;2;71;72;71m[48;2;71;72;72m▀[0m[38;2;73;73;73m[48;2;56;58;59m▀[0m[38;2;71;71;71m[48;2;71;71;71m▀[0m[38;2;71;71;71m[48;2;71;72;71m▀[0m[38;2;73;74;73m[48;2;71;71;71m▀[0m[38;2;72;72;72m[48;2;44;41;32m▀[0m[38;2;60;60;60m[48;2;249;209;73m▀[0m[38;2;197;180;99m[48;2;252;236;196m▀[0m[38;2;97;84;49m[48;2;253;233;183m▀[0m[38;2;250;211;75m▄[0m                
         [38;2;250;216;136m▀[0m[38;2;239;185;84m[48;2;248;205;103m▀[0m[38;2;239;186;86m[48;2;234;190;84m▀[0m[38;2;242;187;77m[48;2;199;148;215m▀[0m[38;2;99;188;255m[48;2;73;74;74m▀[0m[38;2;80;179;253m[48;2;72;73;72m▀[0m[38;2;64;170;251m[48;2;75;75;76m▀[0m[38;2;58;168;251m[48;2;57;169;252m▀[0m[38;2;72;72;72m[48;2;31;37;37m▀[0m[38;2;72;72;73m[48;2;72;72;72m▀[0m[38;2;251;216;102m[48;2;37;37;37m▀[0m[38;2;253;237;189m[48;2;251;209;72m▀[0m[38;2;254;251;247m[48;2;253;220;122m▀[0m[38;2;254;249;242m[48;2;253;216;103m▀[0m[38;2;253;217;100m[48;2;251;208;71m▀[0m                
           [38;2;196;151;210m▀[0m[38;2;117;117;118m[48;2;84;84;84m▀[0m[38;2;81;82;81m[48;2;80;81;80m▀[0m[38;2;76;76;76m[48;2;75;76;76m▀[0m[38;2;76;76;76m[48;2;75;76;75m▀[0m[38;2;57;171;252m[48;2;78;164;231m▀[0m[38;2;75;76;76m[48;2;74;75;75m▀[0m[38;2;72;72;72m[48;2;78;79;79m▀[0m[38;2;73;73;72m[48;2;71;72;71m▀[0m[38;2;41;42;42m[48;2;71;72;71m▀[0m                   
           [38;2;80;80;79m[48;2;107;107;107m▀[0m[38;2;81;81;81m[48;2;80;81;80m▀[0m[38;2;79;79;79m[48;2;76;77;77m▀[0m[38;2;75;76;76m▀[0m   [38;2;71;72;71m[48;2;63;64;63m▀[0m[38;2;71;71;71m[48;2;37;38;38m▀[0m[38;2;83;84;83m▀[0m                   
                                        
