                                        
                                        
                               [38;2;11;10;5m▄[0m[38;2;227;195;129m▄[0m[38;2;255;206;132m▄[0m[38;2;254;201;125m▄[0m[38;2;255;202;126m▄[0m[38;2;255;201;124m▄[0m[38;2;255;221;147m▄[0m  
                          [38;2;255;208;132m▄[0m[38;2;255;194;110m▄[0m[38;2;202;178;137m[48;2;254;202;130m▀[0m[38;2;249;212;161m[48;2;255;218;161m▀[0m[38;2;251;213;161m[48;2;253;216;163m▀[0m[38;2;254;217;163m[48;2;253;216;163m▀[0m[38;2;250;209;147m[48;2;251;213;161m▀[0m[38;2;250;213;161m[48;2;254;216;163m▀[0m[38;2;251;208;149m[48;2;254;216;162m▀[0m[38;2;250;208;149m[48;2;235;201;154m▀[0m[38;2;253;199;124m▀[0m   
                       [38;2;176;145;86m▄[0m[38;2;0;0;0m[48;2;255;198;113m▀[0m[38;2;255;197;111m[48;2;255;200;114m▀[0m[38;2;255;200;114m[48;2;255;200;115m▀[0m[38;2;255;200;115m[48;2;255;206;132m▀[0m[38;2;255;212;148m[48;2;255;200;115m▀[0m[38;2;249;211;157m[48;2;255;197;111m▀[0m[38;2;254;216;158m[48;2;255;201;115m▀[0m[38;2;255;218;159m[48;2;255;198;113m▀[0m[38;2;255;217;160m[48;2;186;150;87m▀[0m[38;2;255;216;157m▀[0m[38;2;0;0;0m▀[0m     
                     [38;2;30;25;14m▄[0m[38;2;208;169;102m[48;2;255;196;109m▀[0m[38;2;255;194;107m[48;2;255;200;114m▀[0m[38;2;255;194;108m[48;2;255;199;114m▀[0m[38;2;255;200;115m[48;2;255;196;109m▀[0m[38;2;255;199;114m[48;2;255;197;110m▀[0m[38;2;255;198;113m[48;2;255;194;107m▀[0m[38;2;255;200;115m[48;2;112;96;53m▀[0m[38;2;255;200;115m▀[0m[38;2;62;53;28m▀[0m         
                 [38;2;0;0;0m▄[0m[38;2;10;12;10m▄[0m[38;2;25;30;25m▄[0m[38;2;68;51;29m▄[0m[38;2;233;180;104m[48;2;239;178;110m▀[0m[38;2;255;193;108m[48;2;39;32;19m▀[0m[38;2;251;188;106m▀[0m[38;2;240;181;106m▀[0m[38;2;240;183;109m▀[0m              
           [38;2;172;197;215m▄[0m[38;2;172;197;215m▄[0m[38;2;152;176;192m[48;2;173;197;216m▀[0m[38;2;173;197;215m[48;2;168;195;213m▀[0m[38;2;173;197;215m[48;2;173;197;215m▀[0m[38;2;173;197;215m[48;2;173;197;215m▀[0m[38;2;173;197;215m[48;2;173;197;215m▀[0m[38;2;173;197;215m[48;2;173;197;215m▀[0m[38;2;173;197;215m[48;2;160;188;209m▀[0m[38;2;166;193;212m[48;2;160;188;209m▀[0m[38;2;160;188;210m[48;2;160;188;209m▀[0m[38;2;163;190;210m[48;2;160;188;209m▀[0m[38;2;179;202;218m[48;2;160;188;209m▀[0m[38;2;160;188;209m▄[0m[38;2;172;197;215m▄[0m              
        [38;2;170;196;214m▄[0m[38;2;143;161;165m[48;2;160;188;209m▀[0m[38;2;161;189;210m[48;2;160;188;209m▀[0m[38;2;170;196;214m[48;2;160;188;209m▀[0m[38;2;168;195;213m[48;2;160;188;209m▀[0m[38;2;173;197;215m[48;2;160;188;209m▀[0m[38;2;173;197;215m[48;2;160;188;209m▀[0m[38;2;173;197;215m[48;2;160;188;209m▀[0m[38;2;173;197;215m[48;2;160;188;209m▀[0m[38;2;168;194;213m[48;2;160;188;209m▀[0m[38;2;160;188;209m[48;2;160;188;209m▀[0m[38;2;160;188;209m[48;2;157;187;208m▀[0m[38;2;160;188;209m[48;2;160;188;209m▀[0m[38;2;160;188;209m[48;2;160;188;209m▀[0m[38;2;160;188;209m[48;2;160;188;210m▀[0m[38;2;160;188;209m[48;2;160;188;209m▀[0m[38;2;160;188;209m[48;2;160;188;209m▀[0m[38;2;160;188;209m[48;2;160;188;209m▀[0m[38;2;160;188;209m[48;2;160;188;209m▀[0m[38;2;96;112;116m[48;2;160;188;209m▀[0m[38;2;167;194;213m▄[0m           
      [38;2;182;204;220m▄[0m[38;2;162;190;211m[48;2;160;188;209m▀[0m[38;2;160;188;209m[48;2;160;188;209m▀[0m[38;2;160;188;209m[48;2;162;190;210m▀[0m[38;2;159;188;209m[48;2;160;188;209m▀[0m[38;2;172;197;215m[48;2;156;186;207m▀[0m[38;2;160;188;209m[48;2;156;186;207m▀[0m[38;2;9;16;20m[48;2;160;188;209m▀[0m[38;2;160;188;209m[48;2;160;188;209m▀[0m[38;2;160;188;209m[48;2;161;189;210m▀[0m[38;2;161;189;210m[48;2;156;186;207m▀[0m[38;2;160;188;209m[48;2;55;88;111m▀[0m[38;2;157;187;208m[48;2;160;188;209m▀[0m[38;2;160;188;209m[48;2;160;188;209m▀[0m[38;2;160;188;209m[48;2;160;188;209m▀[0m[38;2;160;188;209m[48;2;160;188;209m▀[0m[38;2;160;188;209m[48;2;160;188;209m▀[0m[38;2;160;188;209m[48;2;160;188;209m▀[0m[38;2;161;189;210m[48;2;161;189;210m▀[0m[38;2;160;188;209m[48;2;160;188;209m▀[0m[38;2;160;188;209m[48;2;160;188;209m▀[0m[38;2;160;188;209m[48;2;157;187;208m▀[0m[38;2;160;188;209m[48;2;156;186;207m▀[0m[38;2;160;188;209m[48;2;160;188;209m▀[0m[38;2;182;205;220m▄[0m         
     [38;2;0;0;0m[48;2;160;189;210m▀[0m[38;2;160;188;209m[48;2;160;188;209m▀[0m[38;2;160;188;209m[48;2;160;188;209m▀[0m[38;2;160;188;209m[48;2;160;188;209m▀[0m[38;2;161;189;210m[48;2;134;162;182m▀[0m[38;2;148;181;204m[48;2;163;190;211m▀[0m[38;2;154;185;206m[48;2;158;187;208m▀[0m[38;2;157;187;208m[48;2;160;188;210m▀[0m[38;2;160;188;209m[48;2;160;188;209m▀[0m[38;2;160;188;209m[48;2;160;188;209m▀[0m[38;2;157;187;208m[48;2;160;188;209m▀[0m[38;2;157;187;208m[48;2;157;187;208m▀[0m[38;2;160;188;209m[48;2;157;187;208m▀[0m[38;2;13;21;26m[48;2;160;188;209m▀[0m[38;2;160;188;209m[48;2;160;188;209m▀[0m[38;2;160;188;209m[48;2;160;188;209m▀[0m[38;2;160;188;209m[48;2;160;188;209m▀[0m[38;2;160;188;209m[48;2;160;188;209m▀[0m[38;2;160;188;209m[48;2;160;188;209m▀[0m[38;2;160;188;209m[48;2;156;186;207m▀[0m[38;2;160;188;209m[48;2;157;187;208m▀[0m[38;2;160;188;209m[48;2;160;188;209m▀[0m[38;2;157;187;208m[48;2;158;187;208m▀[0m[38;2;156;186;207m[48;2;157;187;208m▀[0m[38;2;157;187;208m[48;2;160;188;209m▀[0m[38;2;142;176;201m[48;2;131;169;196m▀[0m[38;2;0;0;0m[48;2;50;73;85m▀[0m        
    [38;2;0;0;0m[48;2;158;187;208m▀[0m[38;2;159;188;209m[48;2;160;188;209m▀[0m[38;2;160;188;209m[48;2;160;188;209m▀[0m[38;2;160;188;209m[48;2;160;188;209m▀[0m[38;2;160;188;209m[48;2;160;188;209m▀[0m[38;2;160;188;209m[48;2;160;188;209m▀[0m[38;2;160;188;210m[48;2;160;188;209m▀[0m[38;2;160;188;209m[48;2;160;188;209m▀[0m[38;2;160;188;209m[48;2;160;188;209m▀[0m[38;2;157;187;208m[48;2;160;188;209m▀[0m[38;2;160;188;209m[48;2;160;188;209m▀[0m[38;2;160;188;209m[48;2;160;188;209m▀[0m[38;2;160;188;209m[48;2;160;188;209m▀[0m[38;2;160;188;209m[48;2;160;188;209m▀[0m[38;2;157;187;208m[48;2;160;188;209m▀[0m[38;2;160;188;209m[48;2;161;189;210m▀[0m[38;2;160;188;209m[48;2;160;188;209m▀[0m[38;2;160;188;209m[48;2;160;188;209m▀[0m[38;2;160;188;209m[48;2;160;188;209m▀[0m[38;2;160;188;209m[48;2;160;188;209m▀[0m[38;2;157;187;208m[48;2;160;188;209m▀[0m[38;2;158;187;208m[48;2;160;188;209m▀[0m[38;2;160;188;209m[48;2;160;188;209m▀[0m[38;2;160;188;209m[48;2;160;188;209m▀[0m[38;2;160;188;209m[48;2;160;188;209m▀[0m[38;2;153;184;206m[48;2;131;168;195m▀[0m[38;2;123;163;191m[48;2;123;162;191m▀[0m[38;2;105;136;130m[48;2;92;120;118m▀[0m[38;2;21;21;21m[48;2;48;47;47m▀[0m       
    [38;2;160;188;209m[48;2;160;188;209m▀[0m[38;2;160;188;209m[48;2;160;188;209m▀[0m[38;2;160;188;209m[48;2;160;188;209m▀[0m[38;2;160;188;210m[48;2;160;188;209m▀[0m[38;2;157;187;208m[48;2;160;188;209m▀[0m[38;2;110;142;165m[48;2;160;188;209m▀[0m[38;2;136;172;198m[48;2;160;188;209m▀[0m[38;2;142;176;201m[48;2;137;173;198m▀[0m[38;2;123;162;191m[48;2;160;188;209m▀[0m[38;2;160;188;209m[48;2;160;188;209m▀[0m[38;2;160;188;209m[48;2;160;188;209m▀[0m[38;2;160;188;209m[48;2;160;188;209m▀[0m[38;2;160;188;209m[48;2;159;188;209m▀[0m[38;2;160;188;209m[48;2;161;189;210m▀[0m[38;2;160;188;209m[48;2;157;187;208m▀[0m[38;2;160;188;209m[48;2;126;152;171m▀[0m[38;2;160;188;209m[48;2;157;187;208m▀[0m[38;2;160;188;209m[48;2;159;188;209m▀[0m[38;2;160;188;209m[48;2;156;186;207m▀[0m[38;2;157;187;208m[48;2;158;187;208m▀[0m[38;2;160;188;209m[48;2;157;187;208m▀[0m[38;2;160;188;209m[48;2;157;187;208m▀[0m[38;2;160;188;209m[48;2;151;182;205m▀[0m[38;2;159;188;209m[48;2;128;166;194m▀[0m[38;2;134;171;197m[48;2;123;162;191m▀[0m[38;2;123;162;191m[48;2;123;162;191m▀[0m[38;2;123;162;191m[48;2;123;163;191m▀[0m[38;2;67;91;98m[48;2;124;163;192m▀[0m[38;2;15;15;14m[48;2;15;15;14m▀[0m       
  [38;2;172;197;215m▄[0m[38;2;164;192;211m[48;2;160;188;209m▀[0m[38;2;160;188;209m[48;2;142;177;201m▀[0m[38;2;160;188;209m[48;2;160;188;209m▀[0m[38;2;160;188;209m[48;2;160;188;209m▀[0m[38;2;160;188;209m[48;2;160;188;209m▀[0m[38;2;159;188;209m[48;2;160;188;209m▀[0m[38;2;160;188;209m[48;2;157;187;208m▀[0m[38;2;157;187;208m[48;2;160;188;209m▀[0m[38;2;160;188;209m[48;2;160;188;209m▀[0m[38;2;160;188;209m[48;2;160;188;209m▀[0m[38;2;160;188;209m[48;2;160;188;209m▀[0m[38;2;160;188;209m[48;2;160;188;209m▀[0m[38;2;160;188;209m[48;2;157;187;208m▀[0m[38;2;157;187;208m[48;2;158;187;208m▀[0m[38;2;156;186;207m[48;2;31;49;62m▀[0m[38;2;165;192;212m[48;2;169;195;213m▀[0m[38;2;157;187;208m[48;2;160;188;209m▀[0m[38;2;157;187;208m[48;2;160;188;209m▀[0m[38;2;157;187;208m[48;2;164;191;211m▀[0m[38;2;160;188;209m[48;2;160;188;209m▀[0m[38;2;160;188;209m[48;2;160;188;209m▀[0m[38;2;160;188;209m[48;2;160;188;209m▀[0m[38;2;144;178;202m[48;2;123;162;191m▀[0m[38;2;125;164;192m[48;2;123;162;191m▀[0m[38;2;125;164;192m[48;2;123;162;191m▀[0m[38;2;123;162;191m[48;2;125;164;192m▀[0m[38;2;123;162;191m[48;2;123;162;191m▀[0m[38;2;123;162;191m[48;2;123;162;191m▀[0m[38;2;123;162;191m[48;2;123;162;191m▀[0m[38;2;43;66;81m[48;2;125;164;192m▀[0m[38;2;0;0;0m▀[0m      
  [38;2;159;187;209m[48;2;0;0;0m▀[0m[38;2;130;168;195m[48;2;125;164;192m▀[0m[38;2;125;164;192m[48;2;139;174;199m▀[0m[38;2;129;167;194m[48;2;119;160;190m▀[0m[38;2;151;183;205m[48;2;120;161;190m▀[0m[38;2;159;188;209m[48;2;119;161;190m▀[0m[38;2;157;187;208m[48;2;127;166;193m▀[0m[38;2;157;187;208m[48;2;137;173;198m▀[0m[38;2;156;186;207m[48;2;144;178;202m▀[0m[38;2;157;187;208m[48;2;146;179;203m▀[0m[38;2;158;187;208m[48;2;147;180;203m▀[0m[38;2;160;188;209m[48;2;145;179;202m▀[0m[38;2;156;187;208m[48;2;145;178;202m▀[0m[38;2;158;187;208m[48;2;142;176;201m▀[0m[38;2;159;188;209m[48;2;126;165;193m▀[0m[38;2;44;65;79m[48;2;125;164;192m▀[0m[38;2;158;187;208m[48;2;134;171;197m▀[0m[38;2;161;189;210m[48;2;123;162;191m▀[0m[38;2;15;24;31m[48;2;72;117;149m▀[0m[38;2;173;197;215m[48;2;142;176;201m▀[0m[38;2;160;188;209m[48;2;150;182;205m▀[0m[38;2;160;188;209m[48;2;137;173;198m▀[0m[38;2;150;182;205m[48;2;138;174;199m▀[0m[38;2;123;162;191m[48;2;123;162;191m▀[0m[38;2;123;162;191m[48;2;123;162;191m▀[0m[38;2;125;164;192m[48;2;123;162;191m▀[0m[38;2;125;164;192m[48;2;120;161;190m▀[0m[38;2;123;162;191m[48;2;120;161;190m▀[0m[38;2;123;162;191m[48;2;122;162;191m▀[0m[38;2;123;162;191m[48;2;123;162;191m▀[0m[38;2;121;161;190m[48;2;131;168;195m▀[0m       
     [38;2;0;0;0m▀[0m[38;2;125;164;192m▀[0m[38;2;124;163;192m[48;2;135;171;197m▀[0m[38;2;123;162;191m[48;2;139;174;199m▀[0m[38;2;122;162;191m[48;2;127;165;193m▀[0m[38;2;123;162;191m[48;2;128;166;194m▀[0m[38;2;124;163;192m[48;2;123;162;191m▀[0m[38;2;122;162;191m[48;2;123;162;191m▀[0m[38;2;123;162;191m[48;2;123;162;191m▀[0m[38;2;123;162;191m[48;2;124;163;192m▀[0m[38;2;123;162;191m[48;2;123;162;191m▀[0m[38;2;123;162;191m[48;2;123;162;191m▀[0m[38;2;125;164;192m[48;2;123;162;191m▀[0m[38;2;123;162;191m[48;2;125;164;192m▀[0m[38;2;123;162;191m[48;2;123;162;191m▀[0m[38;2;122;162;191m[48;2;125;164;192m▀[0m[38;2;131;169;196m[48;2;124;163;192m▀[0m[38;2;125;164;192m[48;2;120;161;190m▀[0m[38;2;134;171;197m[48;2;123;162;191m▀[0m[38;2;123;162;191m[48;2;123;163;191m▀[0m[38;2;123;162;191m[48;2;123;162;191m▀[0m[38;2;123;162;191m[48;2;123;162;191m▀[0m[38;2;125;164;192m[48;2;123;162;191m▀[0m[38;2;123;162;191m[48;2;121;162;191m▀[0m[38;2;124;163;192m[48;2;123;162;191m▀[0m[38;2;124;163;192m[48;2;124;163;192m▀[0m[38;2;123;162;191m[48;2;123;162;191m▀[0m[38;2;129;167;194m[48;2;123;163;191m▀[0m[38;2;123;162;191m[48;2;123;162;191m▀[0m[38;2;18;22;18m[48;2;123;162;191m▀[0m[38;2;157;187;208m▄[0m    
        [38;2;152;183;206m▀[0m[38;2;144;177;201m▀[0m[38;2;145;178;202m[48;2;141;174;199m▀[0m[38;2;141;176;200m[48;2;142;177;201m▀[0m[38;2;126;165;193m[48;2;131;169;196m▀[0m[38;2;123;162;191m[48;2;123;163;192m▀[0m[38;2;124;163;192m[48;2;120;161;190m▀[0m[38;2;124;163;192m[48;2;124;164;192m▀[0m[38;2;123;163;191m[48;2;123;162;191m▀[0m[38;2;123;162;191m[48;2;123;162;191m▀[0m[38;2;123;162;191m[48;2;123;162;191m▀[0m[38;2;124;163;192m[48;2;123;162;191m▀[0m[38;2;123;162;191m[48;2;123;162;191m▀[0m[38;2;123;162;191m[48;2;123;162;191m▀[0m[38;2;123;163;192m[48;2;124;164;192m▀[0m[38;2;123;162;191m[48;2;125;164;192m▀[0m[38;2;123;162;191m[48;2;123;162;191m▀[0m[38;2;123;162;191m[48;2;123;163;191m▀[0m[38;2;124;163;192m[48;2;123;163;192m▀[0m[38;2;124;163;192m[48;2;123;162;191m▀[0m[38;2;123;162;191m[48;2;123;162;191m▀[0m[38;2;124;163;192m[48;2;124;163;192m▀[0m[38;2;124;163;192m[48;2;124;163;192m▀[0m[38;2;123;162;191m[48;2;123;162;191m▀[0m[38;2;123;163;191m[48;2;123;163;192m▀[0m[38;2;123;162;191m[48;2;123;159;185m▀[0m[38;2;123;162;191m[48;2;0;0;0m▀[0m[38;2;126;165;193m▀[0m[38;2;0;0;0m▀[0m   
             [38;2;6;8;5m▀[0m[38;2;129;163;186m▀[0m[38;2;124;163;192m▀[0m[38;2;123;162;191m▀[0m[38;2;124;163;192m▀[0m[38;2;123;162;191m▀[0m[38;2;123;162;191m▀[0m[38;2;123;162;191m▀[0m[38;2;123;162;191m▀[0m[38;2;124;163;192m▀[0m[38;2;126;165;193m▀[0m[38;2;129;167;194m▀[0m[38;2;115;148;167m▀[0m[38;2;43;58;42m▀[0m             
                                        
                                        
