                                        
                                        
                                        
                                        
                                        
     [38;2;171;202;228m▄[0m[38;2;47;129;175m▄[0m[38;2;130;156;177m[48;2;49;125;168m▀[0m[38;2;131;178;216m[48;2;49;137;185m▀[0m[38;2;131;185;224m[48;2;92;163;210m▀[0m[38;2;177;206;231m[48;2;92;170;218m▀[0m[38;2;104;174;220m[48;2;52;139;187m▀[0m[38;2;109;176;221m[48;2;45;127;171m▀[0m[38;2;120;187;233m[48;2;43;129;172m▀[0m[38;2;5;11;15m[48;2;50;124;168m▀[0m[38;2;51;155;208m▄[0m[38;2;123;190;238m▄[0m                       
   [38;2;93;166;214m▄[0m[38;2;63;157;209m[48;2;86;85;83m▀[0m[38;2;57;150;202m[48;2;245;239;234m▀[0m[38;2;45;130;175m[48;2;208;202;198m▀[0m[38;2;48;125;169m[48;2;197;192;188m▀[0m[38;2;52;122;164m[48;2;198;193;189m▀[0m[38;2;45;130;175m[48;2;94;92;90m▀[0m[38;2;53;124;168m[48;2;45;128;173m▀[0m[38;2;44;128;173m[48;2;41;130;174m▀[0m[38;2;43;129;174m[48;2;46;131;177m▀[0m[38;2;48;125;169m[48;2;45;127;172m▀[0m[38;2;45;127;172m[48;2;42;129;174m▀[0m[38;2;43;128;174m[48;2;42;130;174m▀[0m[38;2;46;126;170m[48;2;47;126;170m▀[0m[38;2;50;129;173m[48;2;42;130;174m▀[0m[38;2;93;148;184m[48;2;50;124;168m▀[0m[38;2;75;157;207m▄[0m                    
  [38;2;59;88;110m[48;2;249;247;245m▀[0m[38;2;241;236;231m[48;2;243;235;232m▀[0m[38;2;243;236;231m[48;2;242;236;231m▀[0m[38;2;242;235;230m[48;2;231;224;220m▀[0m[38;2;206;199;196m[48;2;201;196;192m▀[0m[38;2;198;193;189m[48;2;207;201;197m▀[0m[38;2;201;196;191m[48;2;198;194;189m▀[0m[38;2;200;194;190m[48;2;67;65;63m▀[0m[38;2;198;193;189m[48;2;201;195;191m▀[0m[38;2;206;200;196m[48;2;200;195;191m▀[0m[38;2;42;129;175m[48;2;201;196;192m▀[0m[38;2;49;124;167m[48;2;44;127;173m▀[0m[38;2;47;126;169m[48;2;49;125;168m▀[0m[38;2;50;124;167m[48;2;42;130;175m▀[0m[38;2;48;126;170m[48;2;48;125;169m▀[0m[38;2;47;126;170m[48;2;41;130;175m▀[0m[38;2;42;130;175m[48;2;50;123;166m▀[0m[38;2;48;125;168m[48;2;43;129;173m▀[0m[38;2;46;131;177m[48;2;50;124;168m▀[0m[38;2;25;40;50m[48;2;40;131;176m▀[0m[38;2;118;181;227m▄[0m                 
  [38;2;244;239;235m[48;2;245;238;233m▀[0m[38;2;243;236;231m[48;2;243;237;232m▀[0m[38;2;243;237;232m[48;2;234;227;223m▀[0m[38;2;212;205;202m[48;2;184;179;175m▀[0m[38;2;122;119;116m[48;2;200;195;191m▀[0m[38;2;200;195;190m[48;2;200;195;191m▀[0m[38;2;204;198;194m[48;2;200;195;190m▀[0m[38;2;198;193;188m[48;2;201;195;191m▀[0m[38;2;203;197;193m[48;2;201;196;191m▀[0m[38;2;199;195;190m[48;2;202;196;192m▀[0m[38;2;201;196;191m[48;2;201;195;191m▀[0m[38;2;201;195;191m[48;2;200;195;190m▀[0m[38;2;46;127;172m[48;2;198;192;188m▀[0m[38;2;43;129;174m[48;2;37;64;78m▀[0m[38;2;46;127;171m[48;2;49;124;168m▀[0m[38;2;48;125;168m[48;2;45;127;172m▀[0m[38;2;47;125;169m[48;2;52;122;166m▀[0m[38;2;50;124;168m[48;2;44;128;173m▀[0m[38;2;47;126;168m[48;2;44;128;173m▀[0m[38;2;45;128;172m[48;2;44;128;172m▀[0m[38;2;43;129;174m[48;2;47;126;169m▀[0m[38;2;70;161;212m[48;2;45;110;148m▀[0m[38;2;149;202;237m▄[0m[38;2;42;112;154m▄[0m[38;2;25;101;140m▄[0m[38;2;16;39;53m▄[0m            
  [38;2;245;242;238m[48;2;251;251;249m▀[0m[38;2;236;229;225m[48;2;198;194;188m▀[0m[38;2;206;199;195m[48;2;130;126;123m▀[0m[38;2;207;201;197m[48;2;200;194;190m▀[0m[38;2;200;195;190m[48;2;201;196;192m▀[0m[38;2;98;96;93m[48;2;201;195;191m▀[0m[38;2;201;195;191m[48;2;200;195;190m▀[0m[38;2;199;194;189m[48;2;198;193;189m▀[0m[38;2;201;195;191m[48;2;49;48;47m▀[0m[38;2;198;193;189m[48;2;196;191;186m▀[0m[38;2;178;173;168m[48;2;201;195;191m▀[0m[38;2;201;195;191m[48;2;59;58;56m▀[0m[38;2;198;193;189m[48;2;201;195;191m▀[0m[38;2;201;195;191m[48;2;201;195;191m▀[0m[38;2;204;199;195m[48;2;192;187;183m▀[0m[38;2;49;124;168m[48;2;201;195;191m▀[0m[38;2;49;125;168m[48;2;20;69;97m▀[0m[38;2;55;121;164m[48;2;43;130;175m▀[0m[38;2;43;129;173m[48;2;47;125;168m▀[0m[38;2;31;53;68m[48;2;36;102;142m▀[0m[38;2;35;98;136m[48;2;31;98;136m▀[0m[38;2;28;100;139m[48;2;26;105;146m▀[0m[38;2;37;94;132m[48;2;26;84;115m▀[0m[38;2;32;98;136m[48;2;25;53;69m▀[0m[38;2;12;28;38m[48;2;42;129;174m▀[0m[38;2;109;177;222m▄[0m            
  [38;2;132;132;130m▀[0m[38;2;210;206;201m[48;2;245;241;237m▀[0m[38;2;200;195;191m[48;2;194;190;186m▀[0m[38;2;199;194;189m[48;2;179;176;171m▀[0m[38;2;195;189;185m[48;2;201;196;191m▀[0m[38;2;199;195;190m[48;2;57;56;54m▀[0m[38;2;202;196;192m[48;2;201;195;191m▀[0m[38;2;201;195;191m[48;2;211;206;201m▀[0m[38;2;201;195;191m[48;2;199;194;190m▀[0m[38;2;15;15;15m[48;2;201;196;191m▀[0m[38;2;201;195;191m[48;2;43;42;40m▀[0m[38;2;201;195;191m[48;2;198;193;189m▀[0m[38;2;201;195;190m[48;2;201;195;190m▀[0m[38;2;198;193;189m[48;2;201;195;191m▀[0m[38;2;201;195;191m[48;2;205;198;195m▀[0m[38;2;201;195;191m[48;2;201;196;191m▀[0m[38;2;193;187;184m[48;2;197;192;187m▀[0m[38;2;202;195;191m[48;2;201;195;190m▀[0m[38;2;43;131;176m[48;2;194;189;185m▀[0m[38;2;44;130;173m[48;2;189;186;181m▀[0m[38;2;50;124;167m[48;2;43;131;176m▀[0m[38;2;49;124;167m[48;2;44;128;173m▀[0m[38;2;43;129;175m[48;2;45;127;171m▀[0m[38;2;43;128;175m[48;2;45;127;172m▀[0m[38;2;43;132;179m[48;2;28;100;138m▀[0m[38;2;26;39;51m[48;2;35;96;134m▀[0m[38;2;125;179;219m[48;2;27;101;139m▀[0m[38;2;45;132;182m[48;2;31;99;137m▀[0m[38;2;33;114;158m[48;2;21;59;79m▀[0m[38;2;29;116;162m[48;2;2;5;7m▀[0m[38;2;34;108;144m▄[0m[38;2;38;111;145m▄[0m[38;2;57;127;160m▄[0m[38;2;76;148;178m▄[0m[38;2;145;208;234m▄[0m   
    [38;2;87;84;83m▀[0m[38;2;201;195;191m[48;2;57;55;53m▀[0m[38;2;153;150;147m[48;2;197;192;188m▀[0m[38;2;193;188;183m[48;2;190;185;181m▀[0m[38;2;190;185;181m[48;2;197;192;188m▀[0m[38;2;201;195;191m[48;2;183;178;174m▀[0m[38;2;206;201;196m[48;2;201;195;191m▀[0m[38;2;193;188;184m[48;2;193;188;184m▀[0m[38;2;199;195;190m[48;2;201;195;191m▀[0m[38;2;200;195;190m[48;2;199;194;190m▀[0m[38;2;200;195;191m[48;2;201;196;192m▀[0m[38;2;200;194;190m[48;2;208;202;198m▀[0m[38;2;200;194;190m[48;2;201;196;191m▀[0m[38;2;201;195;191m[48;2;200;195;190m▀[0m[38;2;203;196;192m[48;2;197;191;187m▀[0m[38;2;200;195;191m[48;2;200;195;191m▀[0m[38;2;193;189;184m[48;2;189;185;180m▀[0m[38;2;187;183;179m[48;2;113;110;107m▀[0m[38;2;187;183;179m[48;2;187;183;179m▀[0m[38;2;187;183;179m[48;2;187;184;179m▀[0m[38;2;18;60;81m[48;2;188;185;180m▀[0m[38;2;45;127;172m[48;2;187;184;179m▀[0m[38;2;43;129;174m[48;2;190;186;181m▀[0m[38;2;44;129;173m[48;2;42;115;157m▀[0m[38;2;46;127;171m[48;2;45;127;171m▀[0m[38;2;47;126;170m[48;2;43;128;173m▀[0m[38;2;51;123;165m[48;2;48;125;167m▀[0m[38;2;36;106;144m[48;2;154;151;148m▀[0m[38;2;35;106;142m▀[0m[38;2;31;95;126m▀[0m[38;2;1;5;5m▀[0m     
      [38;2;249;249;249m▀[0m[38;2;201;195;192m▀[0m[38;2;199;194;189m[48;2;94;94;93m▀[0m[38;2;198;194;190m[48;2;220;216;213m▀[0m[38;2;65;63;62m[48;2;196;192;186m▀[0m[38;2;200;195;191m[48;2;193;189;184m▀[0m[38;2;194;189;186m[48;2;201;195;190m▀[0m[38;2;73;71;69m[48;2;201;195;191m▀[0m[38;2;199;194;190m[48;2;201;195;191m▀[0m[38;2;199;195;190m[48;2;52;50;49m▀[0m[38;2;200;194;190m[48;2;197;193;189m▀[0m[38;2;201;195;191m[48;2;194;189;185m▀[0m[38;2;179;175;170m[48;2;188;184;180m▀[0m[38;2;185;180;176m[48;2;185;182;177m▀[0m[38;2;186;182;178m[48;2;142;139;135m▀[0m[38;2;187;184;179m[48;2;187;183;179m▀[0m[38;2;188;184;179m[48;2;187;184;179m▀[0m[38;2;201;198;192m[48;2;187;184;179m▀[0m[38;2;188;184;179m[48;2;188;184;179m▀[0m[38;2;188;184;179m[48;2;188;184;179m▀[0m[38;2;187;184;179m[48;2;170;167;163m▀[0m[38;2;188;184;179m[48;2;154;151;148m▀[0m[38;2;186;181;177m[48;2;171;168;165m▀[0m[38;2;186;181;177m[48;2;163;158;155m▀[0m[38;2;170;166;163m[48;2;148;147;144m▀[0m[38;2;171;168;164m[48;2;163;160;157m▀[0m[38;2;219;215;210m▄[0m[38;2;208;203;200m▄[0m      
           [38;2;67;67;65m▀[0m[38;2;236;232;229m▀[0m[38;2;199;194;189m▀[0m[38;2;147;143;140m[48;2;0;0;0m▀[0m[38;2;196;191;187m[48;2;253;251;249m▀[0m[38;2;178;174;170m[48;2;169;166;162m▀[0m[38;2;168;164;161m[48;2;169;166;162m▀[0m[38;2;177;173;169m[48;2;149;146;143m▀[0m[38;2;168;166;163m[48;2;160;156;153m▀[0m[38;2;186;181;177m[48;2;158;155;152m▀[0m[38;2;167;163;160m[48;2;149;146;144m▀[0m[38;2;149;146;143m[48;2;149;145;144m▀[0m[38;2;172;168;165m[48;2;149;146;144m▀[0m[38;2;187;183;179m[48;2;149;146;144m▀[0m[38;2;185;181;176m[48;2;149;147;144m▀[0m[38;2;184;180;175m[48;2;149;146;144m▀[0m[38;2;150;147;144m[48;2;149;146;144m▀[0m[38;2;149;145;144m[48;2;150;145;144m▀[0m[38;2;149;145;144m[48;2;149;146;144m▀[0m[38;2;149;145;144m[48;2;149;145;144m▀[0m[38;2;149;146;144m▀[0m[38;2;107;104;103m▀[0m       
                  [38;2;17;17;17m▀[0m[38;2;245;242;239m▀[0m[38;2;158;156;152m▀[0m[38;2;149;147;143m▀[0m[38;2;148;146;143m▀[0m[38;2;149;146;143m[48;2;171;171;170m▀[0m[38;2;149;146;144m[48;2;181;176;175m▀[0m[38;2;149;146;144m[48;2;152;149;146m▀[0m[38;2;149;145;144m[48;2;149;147;144m▀[0m[38;2;149;146;144m[48;2;150;147;144m▀[0m[38;2;149;146;144m[48;2;181;179;174m▀[0m[38;2;149;146;144m▀[0m[38;2;86;84;83m▀[0m         
                                        
                                        
                                        
                                        
                                        
