                                        
                                        
                                        
                                        
                                        
     [38;2;220;198;236m▄[0m[38;2;165;114;200m▄[0m[38;2;169;152;182m[48;2;153;110;183m▀[0m[38;2;205;171;229m[48;2;176;121;213m▀[0m[38;2;213;176;239m[48;2;198;151;231m▀[0m[38;2;219;201;231m[48;2;207;157;242m▀[0m[38;2;209;162;241m[48;2;177;123;214m▀[0m[38;2;209;164;240m[48;2;163;112;197m▀[0m[38;2;220;176;251m[48;2;164;113;201m▀[0m[38;2;11;11;16m[48;2;158;111;191m▀[0m[38;2;198;136;242m▄[0m[38;2;222;178;252m▄[0m                       
   [38;2;202;154;236m▄[0m[38;2;199;140;239m[48;2;86;84;83m▀[0m[38;2;192;132;231m[48;2;246;245;243m▀[0m[38;2;162;114;197m[48;2;223;222;221m▀[0m[38;2;159;112;193m[48;2;217;216;214m▀[0m[38;2;151;109;180m[48;2;218;216;215m▀[0m[38;2;166;114;202m[48;2;125;123;131m▀[0m[38;2;157;111;189m[48;2;164;113;199m▀[0m[38;2;164;113;200m[48;2;166;112;203m▀[0m[38;2;165;112;201m[48;2;167;115;203m▀[0m[38;2;160;111;193m[48;2;163;112;198m▀[0m[38;2;163;112;198m[48;2;166;113;202m▀[0m[38;2;164;112;200m[48;2;165;112;202m▀[0m[38;2;161;111;195m[48;2;160;111;194m▀[0m[38;2;163;114;197m[48;2;165;112;202m▀[0m[38;2;174;139;199m[48;2;158;111;191m▀[0m[38;2;196;143;233m▄[0m                    
  [38;2;103;84;118m[48;2;251;250;249m▀[0m[38;2;244;243;241m[48;2;245;243;242m▀[0m[38;2;245;243;242m[48;2;244;243;241m▀[0m[38;2;245;243;241m[48;2;237;236;234m▀[0m[38;2;222;221;219m[48;2;219;218;217m▀[0m[38;2;218;217;215m[48;2;223;222;220m▀[0m[38;2;219;218;216m[48;2;217;217;215m▀[0m[38;2;218;217;215m[48;2;71;70;69m▀[0m[38;2;217;217;215m[48;2;219;218;216m▀[0m[38;2;223;221;220m[48;2;218;217;216m▀[0m[38;2;166;113;203m[48;2;219;218;217m▀[0m[38;2;158;111;190m[48;2;163;112;199m▀[0m[38;2;160;112;194m[48;2;158;111;191m▀[0m[38;2;150;110;177m[48;2;166;113;203m▀[0m[38;2;160;112;194m[48;2;160;111;193m▀[0m[38;2;156;111;187m[48;2;167;113;204m▀[0m[38;2;166;113;202m[48;2;156;110;189m▀[0m[38;2;159;110;192m[48;2;164;112;198m▀[0m[38;2;168;116;204m[48;2;158;111;190m▀[0m[38;2;41;41;52m[48;2;168;113;206m▀[0m[38;2;214;171;243m▄[0m                 
  [38;2;246;245;244m[48;2;246;245;243m▀[0m[38;2;245;243;241m[48;2;245;244;242m▀[0m[38;2;245;244;242m[48;2;240;238;236m▀[0m[38;2;226;224;223m[48;2;196;194;193m▀[0m[38;2;125;124;122m[48;2;219;218;216m▀[0m[38;2;218;217;216m[48;2;219;218;216m▀[0m[38;2;221;220;218m[48;2;219;217;216m▀[0m[38;2;217;216;215m[48;2;219;218;216m▀[0m[38;2;220;219;217m[48;2;219;218;216m▀[0m[38;2;218;218;216m[48;2;219;218;216m▀[0m[38;2;219;218;216m[48;2;219;218;216m▀[0m[38;2;219;218;216m[48;2;219;218;216m▀[0m[38;2;162;112;198m[48;2;217;216;215m▀[0m[38;2;165;113;201m[48;2;80;66;94m▀[0m[38;2;162;111;196m[48;2;158;111;191m▀[0m[38;2;159;111;192m[48;2;163;112;198m▀[0m[38;2;160;111;194m[48;2;155;109;187m▀[0m[38;2;158;111;190m[48;2;164;112;199m▀[0m[38;2;160;111;193m[48;2;164;112;199m▀[0m[38;2;163;111;198m[48;2;164;112;198m▀[0m[38;2;165;113;202m[48;2;161;111;194m▀[0m[38;2;201;144;240m[48;2;139;98;167m▀[0m[38;2;228;193;251m▄[0m[38;2;145;99;176m▄[0m[38;2;132;86;164m▄[0m[38;2;49;34;60m▄[0m            
  [38;2;248;247;246m[48;2;252;252;251m▀[0m[38;2;241;239;237m[48;2;217;216;215m▀[0m[38;2;222;221;219m[48;2;175;174;173m▀[0m[38;2;223;221;220m[48;2;218;217;215m▀[0m[38;2;219;217;216m[48;2;219;218;217m▀[0m[38;2;113;111;110m[48;2;219;218;216m▀[0m[38;2;219;218;216m[48;2;219;217;216m▀[0m[38;2;218;216;215m[48;2;217;216;215m▀[0m[38;2;219;218;216m[48;2;50;49;48m▀[0m[38;2;217;216;215m[48;2;216;215;213m▀[0m[38;2;191;190;188m[48;2;219;218;216m▀[0m[38;2;219;218;216m[48;2;69;68;67m▀[0m[38;2;217;217;215m[48;2;219;218;216m▀[0m[38;2;220;218;217m[48;2;219;218;216m▀[0m[38;2;221;220;219m[48;2;214;213;211m▀[0m[38;2;158;111;191m[48;2;219;218;216m▀[0m[38;2;158;111;191m[48;2;91;59;112m▀[0m[38;2;154;110;184m[48;2;166;113;203m▀[0m[38;2;165;113;201m[48;2;159;111;193m▀[0m[38;2;64;50;73m[48;2;133;90;162m▀[0m[38;2;127;86;155m[48;2;128;85;157m▀[0m[38;2;131;87;162m[48;2;128;89;154m▀[0m[38;2;122;85;149m[48;2;108;74;134m▀[0m[38;2;128;86;157m[48;2;51;53;73m▀[0m[38;2;36;26;43m[48;2;166;113;202m▀[0m[38;2;211;166;243m▄[0m            
  [38;2;130;130;129m▀[0m[38;2;225;224;223m[48;2;247;246;245m▀[0m[38;2;218;217;216m[48;2;215;215;213m▀[0m[38;2;218;217;215m[48;2;196;196;194m▀[0m[38;2;216;214;213m[48;2;219;218;216m▀[0m[38;2;218;217;216m[48;2;59;59;57m▀[0m[38;2;220;218;217m[48;2;219;218;217m▀[0m[38;2;219;218;216m[48;2;225;224;222m▀[0m[38;2;219;218;216m[48;2;218;217;216m▀[0m[38;2;21;21;21m[48;2;219;219;217m▀[0m[38;2;219;218;216m[48;2;44;44;42m▀[0m[38;2;219;218;216m[48;2;217;216;215m▀[0m[38;2;219;217;215m[48;2;219;218;216m▀[0m[38;2;217;217;215m[48;2;219;218;216m▀[0m[38;2;219;218;216m[48;2;217;215;214m▀[0m[38;2;219;218;216m[48;2;219;218;216m▀[0m[38;2;214;213;211m[48;2;216;216;214m▀[0m[38;2;219;218;216m[48;2;219;218;216m▀[0m[38;2;168;114;205m[48;2;215;214;212m▀[0m[38;2;165;114;201m[48;2;212;211;210m▀[0m[38;2;157;111;190m[48;2;167;114;204m▀[0m[38;2;159;110;191m[48;2;164;112;199m▀[0m[38;2;166;113;202m[48;2;163;112;197m▀[0m[38;2;159;112;192m[48;2;163;111;197m▀[0m[38;2;169;115;207m[48;2;130;87;161m▀[0m[38;2;48;37;54m[48;2;125;85;152m▀[0m[38;2;208;171;233m[48;2;132;87;163m▀[0m[38;2;171;116;209m[48;2;129;86;158m▀[0m[38;2;150;99;184m[48;2;74;51;90m▀[0m[38;2;153;100;190m[48;2;6;5;8m▀[0m[38;2;137;93;168m▄[0m[38;2;140;96;169m▄[0m[38;2;155;113;183m▄[0m[38;2;174;133;203m▄[0m[38;2;225;195;247m▄[0m   
    [38;2;87;85;84m▀[0m[38;2;219;218;216m[48;2;58;57;56m▀[0m[38;2;171;170;169m[48;2;217;216;214m▀[0m[38;2;214;213;211m[48;2;199;197;196m▀[0m[38;2;212;211;210m[48;2;217;216;214m▀[0m[38;2;219;218;216m[48;2;208;207;205m▀[0m[38;2;222;221;219m[48;2;219;218;216m▀[0m[38;2;214;213;212m[48;2;214;213;211m▀[0m[38;2;218;217;216m[48;2;219;218;216m▀[0m[38;2;218;218;216m[48;2;218;217;215m▀[0m[38;2;219;218;216m[48;2;219;218;217m▀[0m[38;2;219;218;216m[48;2;223;222;220m▀[0m[38;2;218;217;216m[48;2;219;218;216m▀[0m[38;2;219;218;216m[48;2;218;217;215m▀[0m[38;2;220;218;217m[48;2;216;215;213m▀[0m[38;2;219;218;216m[48;2;218;217;216m▀[0m[38;2;214;213;212m[48;2;212;211;209m▀[0m[38;2;210;210;208m[48;2;123;122;120m▀[0m[38;2;210;210;208m[48;2;210;210;208m▀[0m[38;2;210;210;208m[48;2;211;210;208m▀[0m[38;2;60;56;82m[48;2;212;211;209m▀[0m[38;2;163;112;198m[48;2;210;210;208m▀[0m[38;2;165;113;201m[48;2;212;212;210m▀[0m[38;2;165;113;200m[48;2;149;102;180m▀[0m[38;2;163;112;197m[48;2;163;112;198m▀[0m[38;2;161;111;195m[48;2;164;112;200m▀[0m[38;2;156;110;187m[48;2;158;111;192m▀[0m[38;2;136;93;166m[48;2;191;190;189m▀[0m[38;2;135;92;164m▀[0m[38;2;121;82;147m▀[0m[38;2;3;5;5m▀[0m     
      [38;2;252;252;252m▀[0m[38;2;219;218;217m▀[0m[38;2;218;217;215m[48;2;103;103;103m▀[0m[38;2;217;217;215m[48;2;232;230;229m▀[0m[38;2;79;78;78m[48;2;216;215;213m▀[0m[38;2;218;217;216m[48;2;214;213;211m▀[0m[38;2;215;214;213m[48;2;219;217;216m▀[0m[38;2;73;72;71m[48;2;219;218;216m▀[0m[38;2;218;217;215m[48;2;219;218;216m▀[0m[38;2;218;217;216m[48;2;55;54;54m▀[0m[38;2;218;217;216m[48;2;217;216;214m▀[0m[38;2;219;218;216m[48;2;215;214;212m▀[0m[38;2;186;184;183m[48;2;212;211;209m▀[0m[38;2;209;208;207m[48;2;210;209;207m▀[0m[38;2;210;209;208m[48;2;147;146;144m▀[0m[38;2;210;210;208m[48;2;210;210;208m▀[0m[38;2;211;210;208m[48;2;211;210;208m▀[0m[38;2;219;218;217m[48;2;210;210;208m▀[0m[38;2;211;210;208m[48;2;211;210;208m▀[0m[38;2;211;210;208m[48;2;211;210;208m▀[0m[38;2;210;210;208m[48;2;200;200;199m▀[0m[38;2;211;210;208m[48;2;191;190;189m▀[0m[38;2;210;209;207m[48;2;201;200;199m▀[0m[38;2;210;208;207m[48;2;196;195;193m▀[0m[38;2;200;199;198m[48;2;188;187;186m▀[0m[38;2;201;200;199m[48;2;196;196;194m▀[0m[38;2;230;230;228m▄[0m[38;2;224;222;221m▄[0m      
           [38;2;69;69;68m▀[0m[38;2;242;241;240m▀[0m[38;2;218;217;215m▀[0m[38;2;170;169;168m[48;2;0;0;0m▀[0m[38;2;216;215;214m[48;2;253;253;252m▀[0m[38;2;205;204;203m[48;2;200;199;198m▀[0m[38;2;199;199;197m[48;2;200;199;198m▀[0m[38;2;205;203;202m[48;2;187;187;185m▀[0m[38;2;199;199;198m[48;2;193;192;191m▀[0m[38;2;210;209;207m[48;2;193;192;191m▀[0m[38;2;198;198;197m[48;2;188;187;186m▀[0m[38;2;188;187;186m[48;2;188;187;186m▀[0m[38;2;201;200;199m[48;2;188;187;186m▀[0m[38;2;210;210;208m[48;2;188;187;186m▀[0m[38;2;209;208;207m[48;2;188;187;186m▀[0m[38;2;208;208;206m[48;2;188;187;186m▀[0m[38;2;188;187;186m[48;2;188;187;186m▀[0m[38;2;188;186;186m[48;2;188;186;186m▀[0m[38;2;188;186;186m[48;2;188;187;186m▀[0m[38;2;188;186;186m[48;2;188;187;186m▀[0m[38;2;188;187;186m▀[0m[38;2;125;124;123m▀[0m       
                  [38;2;17;17;17m▀[0m[38;2;247;246;245m▀[0m[38;2;193;193;191m▀[0m[38;2;187;187;185m▀[0m[38;2;187;187;185m▀[0m[38;2;187;187;185m[48;2;171;171;170m▀[0m[38;2;188;187;186m[48;2;208;206;206m▀[0m[38;2;188;187;186m[48;2;189;189;187m▀[0m[38;2;188;186;186m[48;2;188;187;186m▀[0m[38;2;188;187;186m[48;2;188;187;186m▀[0m[38;2;188;187;186m[48;2;207;207;205m▀[0m[38;2;188;187;186m▀[0m[38;2;99;98;98m▀[0m         
                                        
                                        
                                        
                                        
                                        
