                                        
                     [38;2;248;219;220m▄[0m[38;2;156;141;141m[48;2;255;255;255m▀[0m[38;2;248;216;217m[48;2;255;255;255m▀[0m[38;2;248;216;217m[48;2;246;200;203m▀[0m[38;2;248;216;217m[48;2;247;203;206m▀[0m[38;2;23;20;20m[48;2;248;215;216m▀[0m[38;2;249;215;217m▄[0m            
                    [38;2;248;217;219m[48;2;248;216;217m▀[0m[38;2;248;218;219m[48;2;247;203;206m▀[0m[38;2;255;255;255m[48;2;238;167;176m▀[0m[38;2;254;253;253m[48;2;243;191;197m▀[0m[38;2;237;163;173m[48;2;237;163;173m▀[0m[38;2;238;166;176m[48;2;237;163;172m▀[0m[38;2;247;184;189m[48;2;237;163;173m▀[0m[38;2;248;206;209m[48;2;247;185;190m▀[0m[38;2;198;175;177m[48;2;248;215;217m▀[0m           
                    [38;2;248;216;217m[48;2;248;216;217m▀[0m[38;2;247;186;191m[48;2;247;186;191m▀[0m[38;2;237;163;173m[48;2;237;163;172m▀[0m[38;2;237;163;172m[48;2;237;163;172m▀[0m[38;2;237;163;172m[48;2;237;163;173m▀[0m[38;2;237;163;173m[48;2;237;163;172m▀[0m[38;2;237;163;172m[48;2;237;163;172m▀[0m[38;2;240;171;178m[48;2;240;170;178m▀[0m[38;2;248;204;207m[48;2;247;203;205m▀[0m           
                  [38;2;18;17;18m▄[0m[38;2;200;200;200m[48;2;169;168;169m▀[0m[38;2;248;215;217m[48;2;116;115;115m▀[0m[38;2;246;196;199m[48;2;248;215;217m▀[0m[38;2;238;165;174m[48;2;247;186;191m▀[0m[38;2;237;163;172m[48;2;238;167;176m▀[0m[38;2;237;163;173m[48;2;237;162;172m▀[0m[38;2;237;163;173m[48;2;237;163;173m▀[0m[38;2;237;163;172m[48;2;244;181;186m▀[0m[38;2;246;184;189m[48;2;106;83;85m▀[0m[38;2;249;213;216m▀[0m           
                 [38;2;166;165;166m▄[0m[38;2;168;168;168m[48;2;168;168;168m▀[0m[38;2;169;169;169m[48;2;166;165;165m▀[0m[38;2;167;168;167m[48;2;169;169;169m▀[0m[38;2;108;108;108m[48;2;163;163;163m▀[0m[38;2;248;215;217m[48;2;167;166;166m▀[0m[38;2;246;198;201m[48;2;177;176;177m▀[0m[38;2;247;187;191m[48;2;146;146;147m▀[0m[38;2;247;188;193m[48;2;128;128;128m▀[0m[38;2;99;91;92m[48;2;169;169;169m▀[0m[38;2;197;197;198m[48;2;168;168;168m▀[0m[38;2;3;3;3m[48;2;180;180;180m▀[0m           
              [38;2;4;4;4m▄[0m[38;2;1;1;1m[48;2;175;174;174m▀[0m[38;2;163;163;163m[48;2;169;169;169m▀[0m[38;2;51;50;51m[48;2;46;29;35m▀[0m[38;2;169;168;168m[48;2;169;168;169m▀[0m[38;2;169;169;169m[48;2;168;168;168m▀[0m[38;2;169;168;168m[48;2;169;169;169m▀[0m[38;2;169;169;169m[48;2;166;166;166m▀[0m[38;2;168;168;168m[48;2;169;169;169m▀[0m[38;2;169;169;169m[48;2;166;167;167m▀[0m[38;2;169;169;169m[48;2;169;169;169m▀[0m[38;2;169;169;169m[48;2;169;169;169m▀[0m[38;2;167;167;167m[48;2;165;165;165m▀[0m[38;2;169;169;169m[48;2;168;168;168m▀[0m[38;2;167;168;168m[48;2;181;181;181m▀[0m           
             [38;2;166;165;166m▄[0m[38;2;78;69;69m[48;2;38;38;38m▀[0m[38;2;59;44;45m[48;2;176;176;176m▀[0m[38;2;186;186;186m[48;2;171;171;171m▀[0m[38;2;179;179;179m[48;2;182;182;182m▀[0m[38;2;185;186;186m[48;2;186;186;186m▀[0m[38;2;135;134;134m[48;2;185;186;186m▀[0m[38;2;169;168;168m[48;2;181;181;182m▀[0m[38;2;169;169;169m[48;2;181;181;181m▀[0m[38;2;0;0;0m[48;2;11;9;9m▀[0m[38;2;0;0;0m[48;2;11;11;11m▀[0m[38;2;164;164;164m[48;2;163;163;163m▀[0m[38;2;168;168;168m[48;2;169;169;169m▀[0m[38;2;167;167;168m[48;2;167;167;167m▀[0m[38;2;169;168;169m[48;2;168;168;168m▀[0m[38;2;168;168;168m[48;2;158;157;157m▀[0m           
         [38;2;66;66;66m▄[0m[38;2;178;178;179m▄[0m[38;2;81;81;81m[48;2;166;166;166m▀[0m[38;2;20;19;19m[48;2;166;166;166m▀[0m[38;2;167;167;168m[48;2;169;169;169m▀[0m[38;2;157;156;156m[48;2;31;31;31m▀[0m[38;2;169;169;169m[48;2;155;154;153m▀[0m[38;2;0;0;0m[48;2;169;169;169m▀[0m[38;2;183;184;184m[48;2;170;170;170m▀[0m[38;2;185;185;185m[48;2;181;181;181m▀[0m[38;2;0;0;0m[48;2;1;1;1m▀[0m[38;2;185;186;186m[48;2;165;164;165m▀[0m[38;2;167;167;167m[48;2;169;169;169m▀[0m[38;2;172;172;172m[48;2;140;139;139m▀[0m[38;2;129;115;115m[48;2;100;101;101m▀[0m[38;2;251;213;216m[48;2;247;186;191m▀[0m[38;2;108;109;109m[48;2;247;186;190m▀[0m[38;2;169;169;169m[48;2;89;78;78m▀[0m[38;2;167;167;167m[48;2;169;169;169m▀[0m[38;2;156;156;156m[48;2;152;150;150m▀[0m           
          [38;2;135;134;134m▀[0m[38;2;141;140;140m▀[0m[38;2;169;169;169m[48;2;169;169;169m▀[0m[38;2;166;166;166m[48;2;170;169;170m▀[0m[38;2;165;166;166m[48;2;168;168;168m▀[0m[38;2;134;133;134m[48;2;169;169;169m▀[0m[38;2;58;57;57m[48;2;139;139;138m▀[0m[38;2;131;130;130m[48;2;131;130;131m▀[0m[38;2;155;155;154m[48;2;149;148;148m▀[0m[38;2;169;169;169m[48;2;136;135;135m▀[0m[38;2;169;169;169m[48;2;144;143;143m▀[0m[38;2;166;166;166m[48;2;131;130;130m▀[0m[38;2;133;132;132m[48;2;62;61;61m▀[0m[38;2;165;165;165m[48;2;170;170;170m▀[0m[38;2;169;169;169m[48;2;163;163;163m▀[0m[38;2;27;27;27m[48;2;167;167;167m▀[0m[38;2;108;109;109m[48;2;169;169;169m▀[0m[38;2;168;168;168m[48;2;169;169;169m▀[0m[38;2;148;146;147m[48;2;136;135;135m▀[0m           
            [38;2;170;169;169m[48;2;164;163;164m▀[0m[38;2;169;169;169m[48;2;169;169;169m▀[0m[38;2;168;168;168m[48;2;168;169;169m▀[0m[38;2;169;169;169m[48;2;169;169;169m▀[0m[38;2;163;163;163m[48;2;163;162;163m▀[0m[38;2;165;165;165m[48;2;165;164;165m▀[0m[38;2;152;152;151m[48;2;166;166;166m▀[0m[38;2;133;132;133m[48;2;168;169;168m▀[0m[38;2;133;131;131m[48;2;164;164;164m▀[0m[38;2;135;134;135m[48;2;169;169;169m▀[0m[38;2;154;153;153m[48;2;169;168;168m▀[0m[38;2;168;168;168m[48;2;169;169;169m▀[0m[38;2;163;163;163m[48;2;164;164;164m▀[0m[38;2;170;170;169m[48;2;169;169;169m▀[0m[38;2;166;165;165m[48;2;169;169;169m▀[0m[38;2;169;169;169m[48;2;169;169;169m▀[0m[38;2;18;18;19m[48;2;166;166;166m▀[0m[38;2;139;139;139m▄[0m          
            [38;2;145;143;144m[48;2;111;107;116m▀[0m[38;2;166;166;165m[48;2;154;154;154m▀[0m[38;2;169;168;168m[48;2;169;169;169m▀[0m[38;2;166;166;166m[48;2;167;167;167m▀[0m[38;2;167;167;167m[48;2;169;169;169m▀[0m[38;2;163;163;163m[48;2;167;167;167m▀[0m[38;2;167;167;167m[48;2;167;166;166m▀[0m[38;2;169;169;169m[48;2;164;164;164m▀[0m[38;2;164;163;164m[48;2;162;162;162m▀[0m[38;2;169;169;169m[48;2;165;165;165m▀[0m[38;2;169;169;169m[48;2;169;169;169m▀[0m[38;2;169;169;169m[48;2;168;168;168m▀[0m[38;2;164;163;163m[48;2;169;169;169m▀[0m[38;2;166;166;166m[48;2;161;161;161m▀[0m[38;2;169;169;169m[48;2;121;117;126m▀[0m[38;2;169;169;169m[48;2;71;71;71m▀[0m[38;2;166;166;166m[48;2;131;130;130m▀[0m[38;2;167;167;167m[48;2;131;130;130m▀[0m[38;2;20;20;20m▄[0m         
             [38;2;121;118;126m[48;2;0;0;0m▀[0m[38;2;137;136;136m[48;2;120;116;125m▀[0m[38;2;166;166;167m[48;2;134;133;134m▀[0m[38;2;169;169;169m[48;2;134;133;134m▀[0m[38;2;163;164;164m[48;2;143;142;142m▀[0m[38;2;164;164;164m[48;2;152;152;152m▀[0m[38;2;167;166;167m[48;2;153;152;152m▀[0m[38;2;169;169;169m[48;2;148;147;147m▀[0m[38;2;169;169;169m[48;2;135;134;134m▀[0m[38;2;169;169;169m[48;2;126;124;129m▀[0m[38;2;164;163;164m[48;2;121;118;126m▀[0m[38;2;133;132;133m[48;2;118;115;123m▀[0m[38;2;120;117;124m[48;2;118;114;122m▀[0m[38;2;119;116;124m[48;2;119;116;124m▀[0m[38;2;124;120;129m▀[0m            
              [38;2;0;0;0m▀[0m[38;2;127;124;130m▀[0m[38;2;133;132;133m[48;2;121;117;126m▀[0m[38;2;131;130;130m[48;2;120;117;126m▀[0m[38;2;132;130;132m[48;2;123;119;128m▀[0m[38;2;121;118;126m[48;2;121;118;126m▀[0m[38;2;120;117;126m[48;2;121;118;126m▀[0m[38;2;119;116;124m[48;2;121;118;126m▀[0m[38;2;121;117;126m[48;2;121;117;126m▀[0m[38;2;119;116;124m[48;2;122;117;126m▀[0m[38;2;120;117;125m▀[0m[38;2;122;118;127m▀[0m              
               [38;2;121;118;126m[48;2;143;138;147m▀[0m[38;2;121;118;126m[48;2;154;149;158m▀[0m[38;2;120;117;126m▀[0m[38;2;121;117;126m▀[0m[38;2;122;119;127m▀[0m[38;2;124;120;129m▀[0m[38;2;124;120;129m[48;2;88;85;90m▀[0m[38;2;33;33;34m[48;2;128;124;132m▀[0m[38;2;121;117;126m[48;2;120;117;125m▀[0m                
               [38;2;32;31;35m[48;2;124;121;129m▀[0m[38;2;138;134;144m[48;2;117;114;122m▀[0m[38;2;149;146;153m▀[0m[38;2;151;148;155m[48;2;0;0;0m▀[0m[38;2;151;148;155m[48;2;5;5;6m▀[0m[38;2;151;148;155m▀[0m[38;2;147;143;153m[48;2;79;77;82m▀[0m[38;2;109;106;114m[48;2;121;118;126m▀[0m[38;2;120;116;125m[48;2;119;115;123m▀[0m[38;2;81;79;85m▄[0m               
               [38;2;143;138;147m[48;2;43;41;44m▀[0m[38;2;149;146;154m[48;2;143;139;147m▀[0m[38;2;150;147;155m▄[0m[38;2;152;148;156m▄[0m[38;2;147;143;151m▄[0m[38;2;149;146;153m▄[0m[38;2;149;145;153m▄[0m[38;2;136;133;141m[48;2;124;121;129m▀[0m[38;2;124;121;130m[48;2;121;118;126m▀[0m                
                     [38;2;0;0;0m▄[0m[38;2;5;4;5m[48;2;120;117;125m▀[0m[38;2;127;123;132m▀[0m                
                  [38;2;152;149;156m▄[0m[38;2;128;124;133m▄[0m[38;2;154;150;158m▀[0m[38;2;122;118;127m▀[0m                  
                                        
