                                        
                                        
                                        
                                        
                  [38;2;124;129;125m▄[0m[38;2;121;125;123m[48;2;132;136;134m▀[0m    [38;2;95;97;97m[48;2;122;127;124m▀[0m[38;2;63;66;64m[48;2;97;183;109m▀[0m[38;2;123;127;125m▄[0m    [38;2;134;138;137m▄[0m[38;2;129;140;132m▄[0m[38;2;110;114;111m▄[0m[38;2;130;134;133m▄[0m[38;2;12;12;12m▀[0m    
                [38;2;122;126;124m▄[0m[38;2;123;129;126m[48;2;68;173;88m▀[0m[38;2;68;174;88m[48;2;99;181;109m▀[0m[38;2;27;24;27m[48;2;66;125;73m▀[0m    [38;2;129;134;131m[48;2;40;40;41m▀[0m[38;2;95;186;109m[48;2;98;180;107m▀[0m[38;2;111;196;119m[48;2;98;186;109m▀[0m  [38;2;128;136;130m[48;2;138;149;141m▀[0m[38;2;23;62;30m[48;2;98;185;110m▀[0m[38;2;98;183;109m[48;2;99;184;109m▀[0m[38;2;104;191;113m[48;2;98;188;109m▀[0m[38;2;83;158;94m[48;2;122;126;124m▀[0m[38;2;0;0;0m▀[0m     
              [38;2;125;129;127m▄[0m[38;2;122;128;125m[48;2;61;148;75m▀[0m[38;2;69;173;88m[48;2;95;187;109m▀[0m[38;2;98;188;109m[48;2;97;188;110m▀[0m[38;2;96;190;110m[48;2;97;185;108m▀[0m[38;2;107;200;119m[48;2;98;185;109m▀[0m[38;2;5;5;5m[48;2;75;78;76m▀[0m   [38;2;127;131;129m▀[0m[38;2;63;164;81m[48;2;78;82;81m▀[0m[38;2;62;152;77m[48;2;65;160;80m▀[0m[38;2;169;168;124m▄[0m[38;2;0;0;0m[48;2;78;81;80m▀[0m[38;2;66;157;82m[48;2;63;150;77m▀[0m[38;2;63;154;78m[48;2;61;159;79m▀[0m[38;2;99;183;109m[48;2;21;36;24m▀[0m[38;2;126;130;128m[48;2;0;0;0m▀[0m       
             [38;2;124;127;126m[48;2;111;115;113m▀[0m[38;2;19;38;22m[48;2;97;184;108m▀[0m[38;2;100;181;110m[48;2;107;192;115m▀[0m[38;2;95;185;108m[48;2;99;184;110m▀[0m[38;2;98;183;110m[48;2;99;182;109m▀[0m[38;2;99;191;111m[48;2;99;182;109m▀[0m[38;2;100;182;109m[48;2;102;187;111m▀[0m[38;2;136;147;138m[48;2;126;133;129m▀[0m     [38;2;34;36;36m[48;2;209;209;145m▀[0m[38;2;232;231;161m[48;2;209;207;147m▀[0m[38;2;87;98;89m[48;2;0;0;0m▀[0m[38;2;19;20;20m[48;2;85;96;89m▀[0m[38;2;127;133;130m▄[0m[38;2;134;137;136m▄[0m[38;2;122;125;124m▄[0m[38;2;123;132;125m▄[0m[38;2;122;126;125m▄[0m[38;2;123;127;125m▄[0m[38;2;121;125;124m▄[0m[38;2;7;8;7m▄[0m  
             [38;2;9;10;9m[48;2;52;55;54m▀[0m[38;2;80;178;98m[48;2;49;141;68m▀[0m[38;2;90;177;103m[48;2;64;151;77m▀[0m[38;2;98;183;109m[48;2;68;156;83m▀[0m[38;2;99;181;109m[48;2;93;185;107m▀[0m[38;2;99;181;109m[48;2;98;185;109m▀[0m[38;2;99;188;110m[48;2;114;119;118m▀[0m[38;2;127;133;130m▀[0m  [38;2;122;126;124m▄[0m[38;2;122;126;124m[48;2;26;71;34m▀[0m[38;2;123;130;125m[48;2;97;183;109m▀[0m[38;2;125;129;127m[48;2;95;186;108m▀[0m[38;2;48;51;48m[48;2;94;187;108m▀[0m[38;2;59;159;79m[48;2;97;183;110m▀[0m[38;2;89;188;105m[48;2;97;184;109m▀[0m[38;2;92;187;108m[48;2;97;187;110m▀[0m[38;2;98;183;109m[48;2;98;183;109m▀[0m[38;2;101;183;109m[48;2;97;186;108m▀[0m[38;2;99;182;109m[48;2;99;181;109m▀[0m[38;2;98;183;109m[48;2;121;125;123m▀[0m[38;2;123;128;125m[48;2;34;36;35m▀[0m[38;2;27;28;28m[48;2;69;73;71m▀[0m[38;2;9;10;10m▀[0m  
             [38;2;61;64;62m▀[0m[38;2;40;38;41m[48;2;91;102;94m▀[0m[38;2;56;154;76m[48;2;62;151;76m▀[0m[38;2;58;158;77m[48;2;63;150;77m▀[0m[38;2;57;157;76m[48;2;78;82;81m▀[0m[38;2;79;82;81m▀[0m  [38;2;98;106;102m▄[0m[38;2;122;126;124m[48;2;71;172;90m▀[0m[38;2;69;169;88m[48;2;97;185;108m▀[0m[38;2;96;184;108m[48;2;99;184;109m▀[0m[38;2;100;182;109m[48;2;99;186;110m▀[0m[38;2;98;182;109m[48;2;104;188;113m▀[0m[38;2;97;184;109m[48;2;98;181;109m▀[0m[38;2;95;186;109m[48;2;100;182;109m▀[0m[38;2;98;182;109m[48;2;96;185;108m▀[0m[38;2;99;189;111m[48;2;99;181;110m▀[0m[38;2;99;181;109m[48;2;96;185;108m▀[0m[38;2;99;188;110m[48;2;123;132;124m▀[0m[38;2;122;126;124m[48;2;57;61;59m▀[0m[38;2;53;56;55m[48;2;62;65;64m▀[0m[38;2;65;67;67m▀[0m    
          [38;2;113;121;117m▄[0m[38;2;0;0;0m▄[0m  [38;2;79;82;81m[48;2;86;94;89m▀[0m[38;2;61;158;79m[48;2;78;82;81m▀[0m[38;2;78;82;81m▀[0m [38;2;49;50;35m▄[0m[38;2;79;83;82m▄[0m[38;2;79;82;81m[48;2;62;159;78m▀[0m[38;2;67;160;81m[48;2;58;154;76m▀[0m[38;2;60;154;77m[48;2;59;153;76m▀[0m[38;2;63;161;80m[48;2;61;155;76m▀[0m[38;2;71;169;91m[48;2;93;186;108m▀[0m[38;2;99;181;110m[48;2;109;193;116m▀[0m[38;2;98;183;109m[48;2;99;181;109m▀[0m[38;2;98;182;109m[48;2;98;183;109m▀[0m[38;2;104;190;114m[48;2;98;183;109m▀[0m[38;2;98;184;109m[48;2;98;187;108m▀[0m[38;2;99;185;109m[48;2;122;126;124m▀[0m[38;2;122;126;123m[48;2;54;57;56m▀[0m[38;2;54;57;56m[48;2;57;60;58m▀[0m[38;2;65;68;66m▀[0m      
       [38;2;22;22;22m[48;2;122;126;124m▀[0m[38;2;122;129;125m▄[0m[38;2;81;86;84m▄[0m[38;2;14;15;14m▀[0m[38;2;97;101;100m▀[0m[38;2;49;54;51m▄[0m[38;2;0;0;0m[48;2;43;46;50m▀[0m[38;2;242;244;246m[48;2;221;224;229m▀[0m[38;2;218;219;152m[48;2;232;231;160m▀[0m[38;2;228;228;157m[48;2;226;232;243m▀[0m[38;2;250;250;250m[48;2;215;224;240m▀[0m[38;2;81;86;83m[48;2;148;154;162m▀[0m[38;2;68;165;86m[48;2;56;59;59m▀[0m[38;2;48;139;67m[48;2;59;62;61m▀[0m[38;2;33;84;42m[48;2;57;60;59m▀[0m[38;2;31;68;38m[48;2;54;58;56m▀[0m[38;2;28;50;32m[48;2;55;58;57m▀[0m[38;2;46;59;50m[48;2;56;59;58m▀[0m[38;2;88;90;90m[48;2;54;58;56m▀[0m[38;2;123;130;125m[48;2;54;57;56m▀[0m[38;2;124;128;127m[48;2;54;58;56m▀[0m[38;2;121;126;124m[48;2;54;57;56m▀[0m[38;2;123;130;124m[48;2;54;57;56m▀[0m[38;2;54;57;56m[48;2;27;28;27m▀[0m[38;2;40;42;41m▀[0m        
      [38;2;12;13;13m[48;2;81;85;84m▀[0m[38;2;82;86;85m▄[0m[38;2;140;186;141m▄[0m[38;2;19;21;20m[48;2;178;178;123m▀[0m[38;2;234;233;175m[48;2;228;228;158m▀[0m[38;2;240;240;206m[48;2;228;228;157m▀[0m[38;2;228;227;157m[48;2;228;228;158m▀[0m[38;2;228;228;158m[48;2;228;228;158m▀[0m[38;2;231;230;159m[48;2;228;228;157m▀[0m[38;2;233;232;161m[48;2;214;211;148m▀[0m[38;2;169;167;111m[48;2;228;228;158m▀[0m[38;2;219;217;154m[48;2;228;228;157m▀[0m[38;2;228;228;158m[48;2;238;237;164m▀[0m[38;2;191;189;138m[48;2;190;189;138m▀[0m[38;2;192;191;140m[48;2;78;82;81m▀[0m[38;2;19;20;19m[48;2;192;192;140m▀[0m[38;2;118;123;121m▀[0m[38;2;5;5;5m▄[0m                
     [38;2;43;44;32m[48;2;32;33;33m▀[0m[38;2;244;243;168m▀[0m[38;2;228;228;158m▀[0m[38;2;215;213;149m[48;2;24;88;40m▀[0m[38;2;201;199;140m[48;2;218;216;150m▀[0m[38;2;234;234;162m[48;2;228;228;158m▀[0m[38;2;228;228;158m[48;2;9;9;6m▀[0m[38;2;231;231;159m[48;2;39;73;45m▀[0m[38;2;113;194;119m[48;2;255;255;255m▀[0m[38;2;37;146;61m[48;2;0;0;0m▀[0m[38;2;110;193;117m[48;2;92;183;106m▀[0m[38;2;219;216;152m[48;2;191;190;139m▀[0m[38;2;190;188;138m[48;2;81;93;85m▀[0m[38;2;99;99;73m[48;2;83;87;86m▀[0m[38;2;197;196;142m[48;2;51;54;55m▀[0m[38;2;105;105;77m[48;2;130;134;132m▀[0m  [38;2;123;128;126m▀[0m[38;2;83;87;86m▄[0m               
   [38;2;0;0;0m[48;2;10;11;10m▀[0m[38;2;103;107;106m▀[0m[38;2;43;46;43m▀[0m[38;2;47;49;49m▀[0m[38;2;80;92;85m▀[0m[38;2;231;230;159m▄[0m[38;2;228;227;157m[48;2;26;26;18m▀[0m[38;2;86;85;60m[48;2;196;194;142m▀[0m[38;2;201;198;142m[48;2;191;192;139m▀[0m[38;2;122;197;125m[48;2;48;47;36m▀[0m[38;2;3;8;4m[48;2;38;145;61m▀[0m[38;2;0;0;0m[48;2;99;187;110m▀[0m[38;2;118;195;121m▀[0m     [38;2;14;15;15m[48;2;120;128;123m▀[0m [38;2;114;123;116m▄[0m[38;2;14;16;14m[48;2;37;40;39m▀[0m[38;2;51;54;53m▄[0m[38;2;89;92;91m▄[0m[38;2;102;106;104m▄[0m            
      [38;2;216;216;178m▄[0m[38;2;240;239;166m▀[0m            [38;2;83;89;85m▄[0m[38;2;10;11;10m[48;2;94;98;97m▀[0m[38;2;80;84;82m▄[0m[38;2;105;109;108m▄[0m                
                        [38;2;1;1;1m▀[0m[38;2;114;117;116m▀[0m              
                                        
                                        
                                        
