                                        
                  [38;2;222;143;104m▄[0m[38;2;39;19;10m[48;2;113;60;42m▀[0m[38;2;153;50;15m▄[0m                   
                 [38;2;68;49;44m▄[0m[38;2;236;180;137m[48;2;44;24;14m▀[0m[38;2;122;57;33m[48;2;123;61;34m▀[0m[38;2;121;57;32m▄[0m                   
               [38;2;35;18;10m▄[0m[38;2;21;11;7m[48;2;223;150;126m▀[0m[38;2;233;182;143m[48;2;228;173;147m▀[0m[38;2;114;60;40m[48;2;119;57;33m▀[0m[38;2;118;59;41m[48;2;121;58;31m▀[0m[38;2;118;56;34m[48;2;119;56;33m▀[0m[38;2;0;0;0m[48;2;124;46;16m▀[0m                  
            [38;2;25;12;9m▄[0m[38;2;227;136;88m▄[0m[38;2;99;57;40m[48;2;217;133;99m▀[0m[38;2;217;137;106m[48;2;222;136;95m▀[0m[38;2;228;143;92m[48;2;229;172;147m▀[0m[38;2;85;43;27m[48;2;122;57;33m▀[0m[38;2;118;61;41m[48;2;122;57;33m▀[0m[38;2;120;56;33m[48;2;121;52;27m▀[0m[38;2;131;45;12m[48;2;124;43;13m▀[0m[38;2;132;48;19m[48;2;150;46;7m▀[0m[38;2;154;46;7m[48;2;145;51;14m▀[0m[38;2;156;46;7m▄[0m[38;2;25;11;7m▄[0m               
           [38;2;229;140;109m▀[0m[38;2;109;42;15m▀[0m[38;2;19;6;2m▀[0m[38;2;216;135;105m[48;2;225;135;91m▀[0m[38;2;225;137;90m[48;2;227;168;141m▀[0m[38;2;162;119;84m[48;2;119;57;32m▀[0m[38;2;118;56;33m[48;2;116;60;40m▀[0m[38;2;121;52;35m[48;2;118;59;41m▀[0m[38;2;132;39;5m[48;2;255;241;39m▀[0m[38;2;130;46;12m[48;2;48;29;0m▀[0m[38;2;150;47;6m[48;2;203;160;84m▀[0m[38;2;149;48;9m[48;2;195;162;76m▀[0m[38;2;158;48;7m[48;2;193;146;78m▀[0m[38;2;174;65;20m▀[0m[38;2;172;81;44m[48;2;185;98;55m▀[0m[38;2;178;97;66m▀[0m             
              [38;2;250;217;130m▀[0m[38;2;238;190;163m[48;2;133;66;40m▀[0m[38;2;117;58;40m[48;2;182;70;25m▀[0m[38;2;6;6;2m[48;2;235;183;74m▀[0m[38;2;195;157;72m[48;2;234;184;73m▀[0m[38;2;5;4;4m[48;2;231;181;72m▀[0m[38;2;0;0;0m[48;2;7;6;6m▀[0m[38;2;233;168;78m[48;2;194;159;77m▀[0m[38;2;194;143;82m[48;2;135;112;51m▀[0m                 
                [38;2;25;20;10m▀[0m[38;2;2;2;1m[48;2;9;9;2m▀[0m[38;2;2;2;2m[48;2;128;115;52m▀[0m[38;2;2;2;1m[48;2;194;157;78m▀[0m[38;2;194;162;77m[48;2;194;159;77m▀[0m                   
       [38;2;115;66;43m▄[0m[38;2;233;143;90m▄[0m[38;2;249;230;172m▄[0m[38;2;15;7;4m[48;2;249;230;170m▀[0m[38;2;205;107;73m[48;2;253;237;175m▀[0m[38;2;249;231;170m▄[0m[38;2;249;231;169m▄[0m[38;2;56;21;10m[48;2;236;217;156m▀[0m[38;2;250;231;171m▄[0m[38;2;87;72;29m▄[0m[38;2;250;226;155m[48;2;250;234;184m▀[0m[38;2;195;71;27m[48;2;254;235;196m▀[0m[38;2;199;156;84m[48;2;252;216;156m▀[0m[38;2;104;35;14m[48;2;249;212;129m▀[0m[38;2;197;70;22m[48;2;252;223;144m▀[0m[38;2;249;231;169m▄[0m[38;2;37;13;4m[48;2;227;126;74m▀[0m[38;2;250;224;147m▄[0m[38;2;0;0;0m[48;2;249;229;171m▀[0m[38;2;227;150;105m[48;2;252;227;177m▀[0m[38;2;7;3;1m[48;2;249;232;172m▀[0m[38;2;249;231;170m▄[0m[38;2;114;68;49m▄[0m[38;2;220;180;144m[48;2;195;77;39m▀[0m[38;2;214;109;68m▄[0m[38;2;0;0;0m▄[0m       
    [38;2;218;129;99m▄[0m[38;2;21;11;7m▄[0m[38;2;254;239;184m[48;2;250;221;172m▀[0m[38;2;251;232;173m[48;2;249;230;170m▀[0m[38;2;251;225;175m[48;2;250;223;173m▀[0m[38;2;249;230;171m[48;2;250;210;144m▀[0m[38;2;249;226;170m[48;2;228;184;86m▀[0m[38;2;248;212;124m[48;2;243;200;100m▀[0m[38;2;230;191;87m▀[0m[38;2;232;191;87m▀[0m[38;2;232;191;87m[48;2;0;0;0m▀[0m[38;2;231;188;87m[48;2;243;204;103m▀[0m[38;2;250;238;193m[48;2;239;226;185m▀[0m[38;2;136;127;97m[48;2;234;175;132m▀[0m[38;2;45;32;20m[48;2;235;181;160m▀[0m[38;2;251;223;175m[48;2;221;198;135m▀[0m[38;2;251;222;176m[48;2;249;221;171m▀[0m[38;2;249;227;171m[48;2;249;227;170m▀[0m[38;2;249;231;171m[48;2;235;188;87m▀[0m[38;2;249;230;170m[48;2;228;184;88m▀[0m[38;2;249;224;171m[48;2;225;173;98m▀[0m[38;2;251;223;175m[48;2;0;0;0m▀[0m[38;2;249;229;170m[48;2;245;205;107m▀[0m[38;2;253;225;178m[48;2;232;171;89m▀[0m[38;2;249;223;171m[48;2;248;218;160m▀[0m[38;2;250;233;170m[48;2;249;223;173m▀[0m[38;2;247;225;134m[48;2;249;221;172m▀[0m[38;2;243;212;128m[48;2;251;224;177m▀[0m[38;2;251;234;176m[48;2;249;230;170m▀[0m[38;2;225;136;90m[48;2;198;76;31m▀[0m[38;2;187;76;35m[48;2;49;18;2m▀[0m[38;2;228;188;87m▄[0m[38;2;249;208;101m▄[0m   
   [38;2;249;230;194m[48;2;250;236;193m▀[0m[38;2;252;224;177m[48;2;249;231;171m▀[0m[38;2;250;222;176m[48;2;249;231;171m▀[0m[38;2;250;222;173m[48;2;248;212;132m▀[0m[38;2;251;223;174m[48;2;228;187;87m▀[0m[38;2;238;195;92m[48;2;228;187;87m▀[0m[38;2;232;193;88m[48;2;180;146;66m▀[0m[38;2;236;202;105m▀[0m    [38;2;252;239;193m[48;2;252;231;197m▀[0m[38;2;250;236;193m[48;2;251;240;196m▀[0m[38;2;206;152;106m[48;2;250;237;193m▀[0m[38;2;251;236;197m[48;2;249;233;194m▀[0m[38;2;251;233;173m[48;2;249;231;171m▀[0m[38;2;249;231;168m[48;2;250;232;171m▀[0m[38;2;249;230;170m[48;2;250;232;173m▀[0m[38;2;228;189;84m[48;2;240;207;114m▀[0m    [38;2;0;0;0m▀[0m[38;2;227;165;93m▀[0m[38;2;227;178;87m[48;2;236;180;100m▀[0m[38;2;229;188;87m[48;2;228;187;87m▀[0m[38;2;237;194;103m[48;2;229;187;85m▀[0m[38;2;248;210;143m[48;2;228;185;90m▀[0m[38;2;250;229;158m[48;2;228;187;87m▀[0m[38;2;227;166;89m[48;2;229;185;86m▀[0m[38;2;227;171;91m[48;2;228;187;87m▀[0m[38;2;226;172;91m[48;2;230;191;87m▀[0m   
   [38;2;229;185;89m[48;2;248;213;129m▀[0m[38;2;233;185;90m[48;2;240;185;103m▀[0m[38;2;228;185;87m[48;2;241;197;91m▀[0m[38;2;228;185;88m[48;2;238;193;90m▀[0m[38;2;229;188;87m[48;2;152;121;56m▀[0m[38;2;183;154;67m▀[0m    [38;2;1;0;0m▄[0m[38;2;249;230;171m[48;2;249;222;173m▀[0m[38;2;250;237;193m[48;2;250;227;179m▀[0m[38;2;54;52;39m[48;2;232;175;130m▀[0m[38;2;232;176;133m[48;2;230;164;123m▀[0m[38;2;250;231;181m[48;2;225;135;89m▀[0m[38;2;252;224;177m[48;2;249;230;170m▀[0m[38;2;249;222;173m[48;2;249;230;171m▀[0m[38;2;249;231;169m[48;2;249;231;168m▀[0m[38;2;249;230;170m[48;2;249;230;170m▀[0m[38;2;144;87;57m▄[0m       [38;2;228;186;86m▀[0m[38;2;228;185;89m[48;2;73;64;24m▀[0m[38;2;229;187;88m[48;2;225;168;90m▀[0m[38;2;231;191;86m[48;2;228;168;93m▀[0m[38;2;243;191;110m[48;2;250;217;134m▀[0m[38;2;251;207;130m▀[0m   
    [38;2;0;0;0m▀[0m[38;2;248;207;104m▀[0m      [38;2;244;229;174m▄[0m[38;2;189;116;76m[48;2;250;231;170m▀[0m[38;2;248;225;172m[48;2;249;231;170m▀[0m[38;2;249;230;171m[48;2;249;227;171m▀[0m[38;2;76;45;27m[48;2;249;229;171m▀[0m[38;2;211;129;99m[48;2;249;231;170m▀[0m[38;2;249;228;170m[48;2;250;232;170m▀[0m[38;2;249;230;171m[48;2;248;230;170m▀[0m[38;2;249;230;171m[48;2;251;233;173m▀[0m[38;2;249;222;173m[48;2;250;232;170m▀[0m[38;2;252;225;178m[48;2;250;231;171m▀[0m[38;2;41;24;10m[48;2;243;207;153m▀[0m[38;2;238;199;135m▄[0m               
           [38;2;222;146;113m[48;2;204;122;77m▀[0m[38;2;252;238;181m[48;2;250;232;169m▀[0m[38;2;249;230;170m[48;2;249;231;170m▀[0m[38;2;249;226;171m[48;2;250;231;171m▀[0m[38;2;250;222;174m[48;2;254;237;161m▀[0m[38;2;218;133;100m[48;2;222;115;69m▀[0m[38;2;229;139;89m[48;2;226;137;90m▀[0m[38;2;250;222;174m[48;2;27;29;17m▀[0m[38;2;253;223;179m[48;2;250;231;171m▀[0m[38;2;249;230;170m[48;2;250;225;170m▀[0m[38;2;250;232;170m[48;2;249;230;170m▀[0m[38;2;249;230;170m[48;2;249;231;170m▀[0m[38;2;236;199;139m[48;2;234;201;129m▀[0m[38;2;164;89;53m[48;2;234;193;130m▀[0m[38;2;164;67;25m[48;2;178;83;43m▀[0m              
          [38;2;195;121;76m▄[0m[38;2;249;230;170m[48;2;255;245;197m▀[0m[38;2;250;230;170m[48;2;249;230;170m▀[0m[38;2;250;232;171m[48;2;249;230;170m▀[0m[38;2;249;231;171m[48;2;249;229;171m▀[0m[38;2;249;222;170m[48;2;249;231;171m▀[0m[38;2;252;226;178m[48;2;232;200;127m▀[0m[38;2;250;223;174m▀[0m[38;2;249;221;173m[48;2;249;231;168m▀[0m[38;2;249;231;171m[48;2;250;231;169m▀[0m[38;2;250;232;172m[48;2;250;232;169m▀[0m[38;2;251;234;174m[48;2;250;231;168m▀[0m[38;2;250;231;171m[48;2;249;230;170m▀[0m[38;2;231;199;126m[48;2;232;196;124m▀[0m[38;2;231;197;125m[48;2;232;196;125m▀[0m[38;2;235;192;111m[48;2;176;96;53m▀[0m[38;2;160;69;28m▄[0m             
          [38;2;3;0;0m[48;2;10;8;5m▀[0m[38;2;248;221;171m[48;2;250;224;170m▀[0m[38;2;249;229;170m[48;2;250;232;170m▀[0m[38;2;249;230;170m[48;2;249;231;170m▀[0m[38;2;249;222;170m[48;2;249;229;170m▀[0m[38;2;246;224;157m[48;2;232;200;126m▀[0m[38;2;232;196;126m[48;2;232;201;126m▀[0m  [38;2;250;233;173m[48;2;239;221;143m▀[0m[38;2;250;232;169m[48;2;249;237;169m▀[0m[38;2;249;230;170m[48;2;249;237;169m▀[0m[38;2;242;215;148m[48;2;233;209;125m▀[0m[38;2;232;196;125m[48;2;232;207;127m▀[0m[38;2;232;200;126m[48;2;231;210;124m▀[0m[38;2;204;174;112m[48;2;232;208;126m▀[0m[38;2;131;59;33m[48;2;231;206;124m▀[0m             
          [38;2;63;36;24m[48;2;186;99;63m▀[0m[38;2;248;229;170m[48;2;13;13;8m▀[0m[38;2;249;221;172m[48;2;249;228;172m▀[0m[38;2;249;222;172m[48;2;231;200;129m▀[0m[38;2;231;203;127m[48;2;231;199;126m▀[0m[38;2;231;206;123m[48;2;230;197;125m▀[0m[38;2;231;205;125m[48;2;231;203;125m▀[0m  [38;2;231;203;123m[48;2;244;216;140m▀[0m[38;2;246;221;162m[48;2;233;201;128m▀[0m[38;2;249;227;169m[48;2;232;206;125m▀[0m[38;2;230;202;125m[48;2;232;207;124m▀[0m[38;2;231;206;124m[48;2;231;205;124m▀[0m[38;2;231;210;124m[48;2;232;210;125m▀[0m[38;2;231;207;126m[48;2;232;210;126m▀[0m[38;2;235;214;128m[48;2;155;80;42m▀[0m[38;2;151;87;50m▄[0m            
          [38;2;41;21;11m▀[0m[38;2;233;209;125m[48;2;230;202;125m▀[0m[38;2;232;208;126m[48;2;229;199;125m▀[0m[38;2;231;205;125m[48;2;230;200;127m▀[0m[38;2;231;203;123m[48;2;230;199;125m▀[0m[38;2;229;199;125m[48;2;231;204;124m▀[0m[38;2;231;205;124m[48;2;233;210;124m▀[0m  [38;2;50;49;20m▀[0m[38;2;232;210;124m[48;2;231;210;124m▀[0m[38;2;230;199;126m[48;2;232;209;126m▀[0m[38;2;233;201;128m[48;2;232;206;124m▀[0m[38;2;230;197;127m[48;2;232;212;125m▀[0m[38;2;232;197;125m[48;2;231;209;125m▀[0m[38;2;232;205;123m[48;2;230;201;124m▀[0m[38;2;131;59;23m[48;2;231;205;125m▀[0m[38;2;137;59;21m[48;2;99;41;15m▀[0m            
            [38;2;65;66;27m▀[0m[38;2;240;214;135m▀[0m[38;2;236;209;126m▀[0m[38;2;0;0;0m▀[0m    [38;2;231;205;125m▀[0m[38;2;231;206;124m[48;2;237;213;132m▀[0m[38;2;231;210;124m[48;2;231;210;124m▀[0m[38;2;231;210;124m[48;2;232;208;126m▀[0m[38;2;231;201;123m[48;2;231;201;124m▀[0m[38;2;230;200;125m[48;2;230;200;127m▀[0m[38;2;230;200;125m[48;2;31;27;13m▀[0m[38;2;215;181;104m▀[0m            
                                        
