                                        
                                        
                                        
                                        
             [38;2;210;194;128m▄[0m[38;2;157;145;97m▄[0m                         
               [38;2;239;227;137m▀[0m[38;2;240;230;142m▄[0m        [38;2;49;45;26m▄[0m[38;2;27;27;15m▄[0m             
   [38;2;255;255;255m▄[0m[38;2;255;255;255m[48;2;255;255;255m▀[0m[38;2;255;255;255m[48;2;255;255;255m▀[0m[38;2;223;215;238m[48;2;255;255;255m▀[0m[38;2;157;148;162m▄[0m         [38;2;217;184;38m[48;2;185;159;32m▀[0m   [38;2;222;191;45m▄[0m[38;2;245;232;142m[48;2;107;92;20m▀[0m[38;2;240;227;135m▀[0m[38;2;243;231;143m▀[0m[38;2;30;28;16m▀[0m              
   [38;2;255;255;255m[48;2;255;255;255m▀[0m[38;2;255;255;255m[48;2;255;255;255m▀[0m[38;2;255;255;255m[48;2;255;255;255m▀[0m[38;2;255;255;255m[48;2;255;255;255m▀[0m[38;2;255;255;255m[48;2;255;255;255m▀[0m[38;2;206;199;216m[48;2;255;255;255m▀[0m[38;2;251;249;253m▄[0m        [38;2;16;13;4m[48;2;216;184;38m▀[0m[38;2;211;186;54m▄[0m[38;2;230;200;62m▀[0m                   
  [38;2;249;248;249m[48;2;242;241;247m▀[0m[38;2;255;255;255m[48;2;255;255;255m▀[0m[38;2;255;255;255m[48;2;255;255;255m▀[0m[38;2;255;255;255m[48;2;255;255;255m▀[0m[38;2;255;255;255m[48;2;255;255;255m▀[0m[38;2;255;255;255m[48;2;255;255;255m▀[0m[38;2;255;255;255m[48;2;255;255;255m▀[0m[38;2;255;255;255m[48;2;255;255;255m▀[0m[38;2;255;255;255m▄[0m[38;2;255;255;255m▄[0m  [38;2;241;229;140m▄[0m[38;2;238;229;154m▄[0m[38;2;38;36;24m[48;2;240;229;155m▀[0m[38;2;24;22;11m[48;2;242;230;142m▀[0m[38;2;221;190;42m[48;2;235;218;112m▀[0m[38;2;149;135;65m▄[0m         [38;2;255;255;255m▄[0m[38;2;185;173;200m[48;2;255;255;255m▀[0m[38;2;188;181;193m[48;2;255;255;255m▀[0m[38;2;255;255;255m▄[0m[38;2;255;255;255m▄[0m[38;2;196;185;215m[48;2;255;255;255m▀[0m[38;2;138;129;140m[48;2;255;255;255m▀[0m[38;2;255;255;255m▄[0m   
  [38;2;235;233;247m[48;2;234;230;247m▀[0m[38;2;255;255;255m[48;2;233;231;246m▀[0m[38;2;255;255;255m[48;2;234;228;247m▀[0m[38;2;255;255;255m[48;2;239;237;246m▀[0m[38;2;255;255;255m[48;2;255;255;255m▀[0m[38;2;255;255;255m[48;2;255;255;255m▀[0m[38;2;255;255;255m[48;2;255;255;255m▀[0m[38;2;255;255;255m[48;2;255;255;255m▀[0m[38;2;255;255;255m[48;2;255;255;255m▀[0m[38;2;255;255;255m[48;2;254;254;254m▀[0m[38;2;31;28;30m[48;2;236;218;113m▀[0m[38;2;238;219;114m[48;2;255;255;255m▀[0m[38;2;251;251;253m[48;2;248;248;250m▀[0m[38;2;124;123;127m[48;2;245;244;249m▀[0m[38;2;235;218;111m[48;2;243;224;118m▀[0m[38;2;233;215;107m[48;2;161;167;159m▀[0m[38;2;234;216;108m[48;2;236;219;113m▀[0m[38;2;234;216;106m[48;2;234;216;106m▀[0m[38;2;234;216;111m▄[0m  [38;2;171;162;182m▄[0m[38;2;255;255;255m▄[0m[38;2;255;255;255m▄[0m[38;2;255;255;255m▄[0m[38;2;255;255;255m▄[0m[38;2;254;253;253m[48;2;255;255;255m▀[0m[38;2;255;255;255m[48;2;255;255;255m▀[0m[38;2;255;255;255m[48;2;255;255;255m▀[0m[38;2;255;255;255m[48;2;255;255;255m▀[0m[38;2;255;255;255m[48;2;255;255;255m▀[0m[38;2;255;255;255m[48;2;255;255;255m▀[0m[38;2;255;255;255m[48;2;255;255;255m▀[0m[38;2;255;255;255m[48;2;255;255;255m▀[0m[38;2;255;255;255m[48;2;255;255;255m▀[0m[38;2;255;255;255m[48;2;255;255;255m▀[0m  
   [38;2;189;178;213m▀[0m[38;2;229;223;246m[48;2;234;231;247m▀[0m[38;2;235;232;247m[48;2;241;239;247m▀[0m[38;2;251;251;252m[48;2;239;237;247m▀[0m[38;2;255;255;255m[48;2;255;255;255m▀[0m[38;2;255;255;255m[48;2;255;255;255m▀[0m[38;2;248;247;249m[48;2;239;236;247m▀[0m[38;2;243;243;248m[48;2;236;233;247m▀[0m[38;2;233;214;104m[48;2;234;217;111m▀[0m[38;2;239;222;113m[48;2;234;217;111m▀[0m[38;2;248;248;250m[48;2;236;230;246m▀[0m[38;2;248;248;250m[48;2;235;230;248m▀[0m[38;2;231;225;243m[48;2;171;169;180m▀[0m[38;2;139;128;71m[48;2;236;219;114m▀[0m[38;2;150;139;71m[48;2;235;219;112m▀[0m[38;2;235;217;113m[48;2;236;219;113m▀[0m[38;2;236;219;114m[48;2;235;218;112m▀[0m[38;2;235;218;111m[48;2;235;217;110m▀[0m[38;2;219;197;97m▄[0m[38;2;227;222;238m▄[0m[38;2;255;255;255m[48;2;255;255;255m▀[0m[38;2;255;255;255m[48;2;255;255;255m▀[0m[38;2;255;255;255m[48;2;255;255;255m▀[0m[38;2;255;255;255m[48;2;255;255;255m▀[0m[38;2;255;255;255m[48;2;255;255;255m▀[0m[38;2;255;255;255m[48;2;255;255;255m▀[0m[38;2;255;255;255m[48;2;255;255;255m▀[0m[38;2;255;255;255m[48;2;255;255;255m▀[0m[38;2;255;255;255m[48;2;255;255;255m▀[0m[38;2;255;255;255m[48;2;244;243;249m▀[0m[38;2;255;255;255m[48;2;250;251;251m▀[0m[38;2;255;255;255m[48;2;235;234;246m▀[0m[38;2;255;255;255m[48;2;233;230;246m▀[0m[38;2;255;255;255m[48;2;232;229;246m▀[0m[38;2;245;245;248m[48;2;235;230;248m▀[0m  
    [38;2;235;232;246m▀[0m[38;2;237;236;246m[48;2;229;224;246m▀[0m[38;2;242;241;247m[48;2;228;223;246m▀[0m[38;2;237;236;245m[48;2;232;226;247m▀[0m[38;2;235;234;247m[48;2;227;221;246m▀[0m[38;2;230;226;246m[48;2;228;223;246m▀[0m[38;2;221;223;232m[48;2;226;220;245m▀[0m[38;2;231;210;90m[48;2;225;203;75m▀[0m[38;2;234;216;109m[48;2;227;205;79m▀[0m[38;2;235;218;113m[48;2;235;217;111m▀[0m[38;2;236;229;250m[48;2;236;219;113m▀[0m[38;2;230;206;75m[48;2;235;219;113m▀[0m[38;2;236;218;113m[48;2;235;217;111m▀[0m[38;2;236;218;112m[48;2;235;217;111m▀[0m[38;2;236;219;113m[48;2;231;212;96m▀[0m[38;2;235;217;111m[48;2;224;199;72m▀[0m[38;2;254;254;254m[48;2;255;255;255m▀[0m[38;2;255;255;255m[48;2;255;255;255m▀[0m[38;2;255;255;255m[48;2;255;255;255m▀[0m[38;2;255;255;255m[48;2;255;255;255m▀[0m[38;2;255;255;255m[48;2;255;255;255m▀[0m[38;2;255;255;255m[48;2;255;255;255m▀[0m[38;2;255;255;255m[48;2;255;255;255m▀[0m[38;2;255;255;255m[48;2;255;255;255m▀[0m[38;2;255;255;255m[48;2;255;255;255m▀[0m[38;2;255;255;255m[48;2;255;255;255m▀[0m[38;2;255;255;255m[48;2;255;255;255m▀[0m[38;2;255;255;255m[48;2;255;255;255m▀[0m[38;2;250;250;252m[48;2;254;254;255m▀[0m[38;2;234;232;246m[48;2;239;235;247m▀[0m[38;2;236;235;245m[48;2;233;230;246m▀[0m[38;2;230;226;246m[48;2;236;235;245m▀[0m[38;2;231;227;247m[48;2;187;176;206m▀[0m   
        [38;2;222;216;244m▀[0m[38;2;225;218;245m[48;2;219;212;241m▀[0m[38;2;231;227;246m[48;2;164;150;180m▀[0m[38;2;224;202;76m▀[0m[38;2;226;204;79m[48;2;226;202;77m▀[0m[38;2;232;212;98m[48;2;227;203;78m▀[0m[38;2;234;216;109m[48;2;233;214;102m▀[0m[38;2;228;205;82m[48;2;233;212;99m▀[0m[38;2;226;203;75m[48;2;226;203;76m▀[0m[38;2;226;202;74m[48;2;226;202;76m▀[0m[38;2;226;203;75m[48;2;225;200;72m▀[0m[38;2;226;201;74m[48;2;225;201;72m▀[0m[38;2;255;255;255m[48;2;227;202;73m▀[0m[38;2;255;255;255m[48;2;235;233;247m▀[0m[38;2;254;254;255m[48;2;236;235;246m▀[0m[38;2;255;255;255m[48;2;233;228;247m▀[0m[38;2;255;255;255m[48;2;225;218;245m▀[0m[38;2;255;255;255m[48;2;228;222;246m▀[0m[38;2;255;255;255m[48;2;233;229;246m▀[0m[38;2;255;255;255m[48;2;235;232;245m▀[0m[38;2;233;232;246m[48;2;242;241;247m▀[0m[38;2;240;239;246m[48;2;244;243;249m▀[0m[38;2;251;250;252m[48;2;233;230;246m▀[0m[38;2;255;254;255m[48;2;234;231;246m▀[0m[38;2;242;240;247m[48;2;233;229;246m▀[0m[38;2;242;240;247m[48;2;246;245;249m▀[0m[38;2;248;245;249m[48;2;246;246;249m▀[0m[38;2;242;242;247m[48;2;228;223;237m▀[0m    
             [38;2;227;204;75m[48;2;77;73;84m▀[0m[38;2;226;202;73m[48;2;211;204;231m▀[0m[38;2;224;199;70m[48;2;113;101;49m▀[0m[38;2;226;201;75m[48;2;236;211;77m▀[0m[38;2;226;202;76m[48;2;231;207;80m▀[0m[38;2;224;200;69m[48;2;142;125;65m▀[0m[38;2;226;202;73m▀[0m[38;2;228;204;75m[48;2;206;178;42m▀[0m[38;2;13;9;1m[48;2;204;175;41m▀[0m[38;2;164;155;174m▀[0m[38;2;223;216;244m▀[0m[38;2;228;223;246m▀[0m[38;2;235;234;247m[48;2;243;242;247m▀[0m[38;2;240;239;247m[48;2;242;241;247m▀[0m[38;2;242;240;247m[48;2;245;244;249m▀[0m[38;2;247;245;249m[48;2;243;242;247m▀[0m[38;2;247;247;250m[48;2;244;244;248m▀[0m[38;2;241;240;247m[48;2;238;237;246m▀[0m[38;2;231;227;247m[48;2;223;216;241m▀[0m[38;2;230;224;246m▀[0m       
              [38;2;10;10;10m▀[0m  [38;2;102;99;110m▀[0m[38;2;227;221;243m▀[0m [38;2;158;134;32m▀[0m[38;2;206;175;39m[48;2;174;156;63m▀[0m[38;2;182;155;37m[48;2;216;189;57m▀[0m   [38;2;156;145;162m▀[0m[38;2;222;216;237m▀[0m            
                                        
                                        
                                        
                                        
                                        
