                                        
               [38;2;56;56;56m[48;2;170;171;172m▀[0m                        
             [38;2;253;253;253m▄[0m[38;2;255;255;255m[48;2;254;255;255m▀[0m                         
             [38;2;250;252;254m[48;2;240;241;249m▀[0m[38;2;254;255;255m[48;2;241;242;250m▀[0m       [38;2;230;96;109m▄[0m[38;2;5;1;1m[48;2;228;94;107m▀[0m[38;2;89;42;50m▄[0m[38;2;6;1;3m▀[0m              
            [38;2;252;252;252m[48;2;254;255;255m▀[0m[38;2;240;241;249m[48;2;254;255;255m▀[0m[38;2;140;140;144m[48;2;254;255;255m▀[0m[38;2;219;219;220m[48;2;254;255;255m▀[0m[38;2;90;91;91m[48;2;254;255;255m▀[0m[38;2;254;255;255m▄[0m[38;2;94;96;96m▄[0m[38;2;229;95;108m▄[0m[38;2;238;97;112m[48;2;203;90;104m▀[0m[38;2;229;94;107m[48;2;186;89;105m▀[0m[38;2;206;91;105m[48;2;130;62;73m▀[0m[38;2;146;69;82m▀[0m                
           [38;2;255;255;255m▀[0m[38;2;254;255;255m[48;2;254;255;255m▀[0m[38;2;254;255;255m[48;2;254;255;255m▀[0m[38;2;254;255;255m[48;2;254;255;255m▀[0m[38;2;254;255;255m[48;2;254;255;255m▀[0m[38;2;254;255;255m[48;2;80;33;38m▀[0m[38;2;254;255;255m[48;2;228;230;244m▀[0m[38;2;240;241;250m[48;2;226;228;243m▀[0m[38;2;202;97;114m[48;2;186;88;104m▀[0m[38;2;186;88;104m[48;2;184;88;103m▀[0m[38;2;195;93;109m▀[0m                  
           [38;2;249;249;254m[48;2;254;255;255m▀[0m[38;2;221;137;168m[48;2;208;213;211m▀[0m[38;2;254;255;255m[48;2;254;255;255m▀[0m[38;2;205;207;222m[48;2;254;255;255m▀[0m[38;2;237;147;174m[48;2;250;251;253m▀[0m[38;2;240;157;178m[48;2;181;81;96m▀[0m[38;2;226;228;243m[48;2;181;85;101m▀[0m[38;2;186;89;104m[48;2;197;94;110m▀[0m[38;2;82;38;45m[48;2;226;228;229m▀[0m                    
           [38;2;246;247;252m▀[0m[38;2;120;122;129m[48;2;229;231;245m▀[0m[38;2;242;243;250m[48;2;226;229;243m▀[0m[38;2;233;235;246m[48;2;227;228;243m▀[0m[38;2;226;228;243m[48;2;227;229;243m▀[0m[38;2;212;216;227m[48;2;226;229;244m▀[0m[38;2;186;88;104m[48;2;226;228;243m▀[0m[38;2;227;228;243m[48;2;226;229;243m▀[0m[38;2;127;129;133m▀[0m                    
         [38;2;171;173;185m▄[0m[38;2;226;228;243m▄[0m[38;2;254;255;255m[48;2;241;244;248m▀[0m[38;2;241;240;248m[48;2;253;255;255m▀[0m[38;2;227;229;243m[48;2;234;236;247m▀[0m[38;2;226;228;243m[48;2;227;229;243m▀[0m[38;2;227;229;243m[48;2;107;44;53m▀[0m[38;2;226;229;243m[48;2;226;229;243m▀[0m[38;2;227;229;243m[48;2;254;255;255m▀[0m[38;2;243;243;251m[48;2;254;255;255m▀[0m[38;2;184;184;184m[48;2;254;255;255m▀[0m[38;2;254;255;255m▄[0m       [38;2;255;255;255m▄[0m[38;2;253;255;255m▄[0m[38;2;255;255;255m[48;2;251;252;253m▀[0m[38;2;64;63;64m▀[0m [38;2;21;21;21m▄[0m[38;2;246;246;247m▄[0m[38;2;201;201;201m▀[0m    
         [38;2;152;151;152m▄[0m[38;2;226;228;244m[48;2;254;255;255m▀[0m[38;2;254;255;255m[48;2;232;95;110m▀[0m[38;2;254;255;255m[48;2;254;255;255m▀[0m[38;2;253;255;255m[48;2;248;249;249m▀[0m[38;2;95;39;45m[48;2;230;95;108m▀[0m[38;2;227;94;107m[48;2;236;97;111m▀[0m[38;2;254;255;255m[48;2;254;255;255m▀[0m[38;2;254;255;255m[48;2;251;251;251m▀[0m[38;2;254;255;255m[48;2;252;253;254m▀[0m[38;2;254;255;255m[48;2;254;254;255m▀[0m[38;2;254;255;255m[48;2;254;254;255m▀[0m[38;2;0;0;0m▀[0m [38;2;165;166;169m▄[0m[38;2;240;241;249m▄[0m[38;2;239;240;249m▄[0m[38;2;247;248;253m[48;2;240;241;249m▀[0m[38;2;246;248;253m[48;2;254;254;254m▀[0m[38;2;243;243;250m[48;2;254;254;255m▀[0m[38;2;240;240;248m[48;2;241;241;249m▀[0m[38;2;240;240;248m▄[0m[38;2;229;230;235m[48;2;250;251;251m▀[0m[38;2;252;254;255m[48;2;240;241;248m▀[0m[38;2;146;146;149m[48;2;239;240;248m▀[0m[38;2;240;240;248m▀[0m     
        [38;2;242;243;250m▄[0m[38;2;254;255;255m[48;2;234;236;247m▀[0m[38;2;147;158;168m[48;2;229;95;108m▀[0m[38;2;229;94;107m[48;2;250;103;118m▀[0m[38;2;254;255;255m[48;2;229;95;108m▀[0m[38;2;230;94;108m[48;2;137;48;56m▀[0m[38;2;197;204;204m[48;2;253;254;255m▀[0m[38;2;250;251;251m[48;2;254;255;255m▀[0m[38;2;254;255;255m[48;2;253;255;255m▀[0m[38;2;255;255;255m[48;2;252;253;254m▀[0m[38;2;250;252;253m[48;2;254;255;255m▀[0m[38;2;254;255;255m[48;2;254;255;255m▀[0m[38;2;240;240;249m[48;2;250;253;255m▀[0m[38;2;38;39;41m▄[0m[38;2;234;237;248m[48;2;206;208;221m▀[0m[38;2;240;240;248m[48;2;219;221;238m▀[0m[38;2;233;236;247m[48;2;240;240;248m▀[0m[38;2;20;20;21m[48;2;235;236;247m▀[0m[38;2;239;240;249m[48;2;240;240;249m▀[0m[38;2;240;241;249m[48;2;240;240;248m▀[0m[38;2;240;240;249m[48;2;249;249;251m▀[0m[38;2;240;240;248m[48;2;222;224;239m▀[0m[38;2;241;241;249m[48;2;227;228;243m▀[0m[38;2;240;241;249m[48;2;224;226;241m▀[0m[38;2;226;228;243m▀[0m       
       [38;2;98;39;45m[48;2;231;95;109m▀[0m[38;2;243;242;250m[48;2;158;162;166m▀[0m[38;2;225;228;235m[48;2;240;99;113m▀[0m[38;2;229;95;108m[48;2;229;94;107m▀[0m[38;2;164;168;168m[48;2;254;255;255m▀[0m[38;2;229;94;108m[48;2;255;255;255m▀[0m[38;2;254;255;255m[48;2;254;255;255m▀[0m[38;2;253;254;255m[48;2;255;255;255m▀[0m[38;2;255;255;255m[48;2;254;255;255m▀[0m[38;2;254;255;255m[48;2;254;255;255m▀[0m[38;2;254;255;255m[48;2;254;255;255m▀[0m[38;2;251;254;254m[48;2;240;242;242m▀[0m[38;2;254;255;255m[48;2;242;242;242m▀[0m[38;2;254;255;255m[48;2;254;255;255m▀[0m[38;2;240;241;248m[48;2;240;241;249m▀[0m[38;2;203;204;217m[48;2;103;101;108m▀[0m[38;2;208;209;222m[48;2;203;205;217m▀[0m[38;2;207;208;219m[48;2;210;210;223m▀[0m[38;2;235;235;246m[48;2;203;205;217m▀[0m[38;2;215;217;231m[48;2;198;199;212m▀[0m[38;2;226;228;243m[48;2;205;206;219m▀[0m[38;2;218;221;234m[48;2;219;221;235m▀[0m[38;2;227;229;243m▀[0m[38;2;74;75;80m▀[0m         
     [38;2;0;0;0m▄[0m[38;2;229;94;108m[48;2;229;94;108m▀[0m[38;2;229;94;108m[48;2;228;94;107m▀[0m[38;2;186;89;104m[48;2;186;88;104m▀[0m[38;2;229;94;108m[48;2;200;89;102m▀[0m[38;2;239;98;113m[48;2;52;50;52m▀[0m[38;2;255;255;255m[48;2;254;255;255m▀[0m[38;2;255;255;255m[48;2;248;249;250m▀[0m[38;2;255;255;255m[48;2;254;255;255m▀[0m[38;2;254;255;255m[48;2;254;255;255m▀[0m[38;2;254;255;255m[48;2;254;255;255m▀[0m[38;2;254;255;255m[48;2;254;255;255m▀[0m[38;2;254;255;255m[48;2;254;255;255m▀[0m[38;2;89;89;89m[48;2;254;255;255m▀[0m[38;2;229;91;105m[48;2;229;92;105m▀[0m[38;2;83;84;84m[48;2;229;92;105m▀[0m[38;2;207;90;103m[48;2;215;92;104m▀[0m[38;2;200;89;102m[48;2;200;89;102m▀[0m[38;2;204;205;218m[48;2;117;118;125m▀[0m[38;2;204;205;218m[48;2;204;205;218m▀[0m[38;2;203;205;217m[48;2;203;204;217m▀[0m[38;2;204;205;218m[48;2;203;205;217m▀[0m[38;2;206;208;221m▀[0m            
    [38;2;121;49;55m▄[0m[38;2;229;95;108m[48;2;102;105;104m▀[0m[38;2;186;88;103m[48;2;182;85;100m▀[0m[38;2;209;91;104m[48;2;170;77;88m▀[0m[38;2;178;83;98m[48;2;192;91;107m▀[0m[38;2;69;27;32m[48;2;229;231;246m▀[0m[38;2;252;253;254m[48;2;225;227;242m▀[0m[38;2;242;242;250m[48;2;242;242;248m▀[0m[38;2;254;255;255m[48;2;227;229;243m▀[0m[38;2;254;255;255m[48;2;253;255;255m▀[0m[38;2;250;251;252m[48;2;248;250;253m▀[0m[38;2;254;255;255m[48;2;250;253;254m▀[0m[38;2;253;255;255m[48;2;248;249;253m▀[0m[38;2;254;255;255m[48;2;243;244;250m▀[0m[38;2;254;255;255m[48;2;235;237;247m▀[0m[38;2;229;92;105m[48;2;227;93;106m▀[0m[38;2;228;91;105m[48;2;229;92;105m▀[0m[38;2;214;91;104m[48;2;147;61;72m▀[0m[38;2;200;89;102m[48;2;200;89;102m▀[0m[38;2;200;89;102m[48;2;200;89;102m▀[0m[38;2;203;204;217m[48;2;20;13;13m▀[0m[38;2;203;205;217m[48;2;203;205;217m▀[0m[38;2;204;206;218m[48;2;72;72;76m▀[0m             
     [38;2;95;93;94m[48;2;114;113;114m▀[0m[38;2;159;74;87m▀[0m[38;2;79;78;78m[48;2;79;79;78m▀[0m[38;2;234;237;251m[48;2;227;229;243m▀[0m[38;2;227;229;244m[48;2;227;229;243m▀[0m[38;2;226;228;243m[48;2;227;228;243m▀[0m[38;2;226;228;243m[48;2;226;228;243m▀[0m[38;2;226;229;243m[48;2;226;228;243m▀[0m[38;2;227;228;243m[48;2;226;229;243m▀[0m[38;2;226;228;243m[48;2;227;229;243m▀[0m[38;2;226;228;243m[48;2;226;228;243m▀[0m[38;2;226;229;243m[48;2;226;228;243m▀[0m[38;2;227;228;243m[48;2;226;229;243m▀[0m[38;2;226;228;243m[48;2;227;229;243m▀[0m[38;2;231;95;109m[48;2;6;2;3m▀[0m[38;2;34;15;17m[48;2;62;62;60m▀[0m[38;2;115;115;115m[48;2;106;106;106m▀[0m[38;2;203;90;104m[48;2;200;89;102m▀[0m[38;2;201;87;101m[48;2;79;78;79m▀[0m[38;2;229;91;105m[48;2;119;49;56m▀[0m[38;2;203;205;217m[48;2;207;209;222m▀[0m              
     [38;2;94;94;95m[48;2;108;109;109m▀[0m [38;2;136;136;137m▀[0m[38;2;254;255;255m[48;2;254;255;255m▀[0m[38;2;228;230;245m[48;2;254;255;255m▀[0m[38;2;226;228;243m[48;2;226;228;243m▀[0m[38;2;225;228;243m[48;2;226;229;243m▀[0m[38;2;226;229;243m[48;2;80;80;86m▀[0m[38;2;227;228;243m[48;2;226;228;243m▀[0m[38;2;227;228;243m[48;2;226;229;243m▀[0m[38;2;227;229;243m[48;2;227;229;243m▀[0m[38;2;225;227;243m[48;2;227;229;243m▀[0m[38;2;227;229;243m[48;2;226;229;243m▀[0m[38;2;227;229;243m[48;2;227;228;243m▀[0m[38;2;227;229;243m[48;2;227;228;243m▀[0m[38;2;142;142;143m[48;2;132;132;133m▀[0m[38;2;107;107;107m[48;2;217;219;228m▀[0m[38;2;200;202;214m[48;2;203;205;217m▀[0m[38;2;131;131;132m[48;2;130;130;131m▀[0m[38;2;215;217;229m▀[0m               
        [38;2;254;255;255m[48;2;254;255;255m▀[0m[38;2;254;255;255m[48;2;254;255;255m▀[0m[38;2;242;243;250m[48;2;254;255;255m▀[0m[38;2;226;228;243m[48;2;226;228;243m▀[0m[38;2;226;229;243m[48;2;3;3;3m▀[0m [38;2;209;211;221m▀[0m[38;2;226;229;243m▀[0m[38;2;226;228;243m[48;2;229;231;246m▀[0m[38;2;227;229;243m[48;2;227;228;243m▀[0m[38;2;226;228;243m[48;2;229;232;245m▀[0m[38;2;226;229;243m[48;2;227;228;243m▀[0m[38;2;137;138;138m[48;2;227;229;245m▀[0m[38;2;226;229;243m[48;2;226;228;243m▀[0m [38;2;82;82;83m▀[0m                
       [38;2;242;242;242m▄[0m[38;2;254;255;255m[48;2;254;255;255m▀[0m[38;2;254;255;255m[48;2;246;247;252m▀[0m[38;2;250;252;254m[48;2;227;229;244m▀[0m[38;2;226;229;243m▀[0m     [38;2;254;255;255m[48;2;255;255;255m▀[0m[38;2;254;255;255m[48;2;254;255;255m▀[0m[38;2;240;241;249m[48;2;254;255;255m▀[0m[38;2;239;240;249m[48;2;252;253;254m▀[0m[38;2;226;229;243m[48;2;250;250;255m▀[0m                  
       [38;2;167;169;180m▀[0m[38;2;228;230;245m▀[0m         [38;2;254;255;255m▀[0m[38;2;254;255;255m[48;2;254;255;255m▀[0m[38;2;251;252;254m▀[0m[38;2;226;227;234m[48;2;28;28;29m▀[0m                  
                                        
