                                        
               [38;2;56;56;56m[48;2;170;171;172m▀[0m                        
             [38;2;253;253;253m▄[0m[38;2;255;255;255m[48;2;254;255;255m▀[0m                         
             [38;2;250;252;254m[48;2;240;240;249m▀[0m[38;2;254;255;255m[48;2;241;241;250m▀[0m       [38;2;99;166;245m▄[0m[38;2;1;3;5m[48;2;97;164;242m▀[0m[38;2;43;70;94m▄[0m[38;2;1;4;6m▀[0m              
            [38;2;252;252;252m[48;2;254;255;255m▀[0m[38;2;240;240;249m[48;2;254;255;255m▀[0m[38;2;140;140;144m[48;2;254;255;255m▀[0m[38;2;219;219;220m[48;2;254;255;255m▀[0m[38;2;88;89;88m[48;2;254;255;255m▀[0m[38;2;254;255;255m▄[0m[38;2;89;98;100m▄[0m[38;2;98;164;243m▄[0m[38;2;103;171;250m[48;2;93;151;214m▀[0m[38;2;97;164;243m[48;2;91;146;197m▀[0m[38;2;94;153;218m[48;2;63;102;138m▀[0m[38;2;71;115;155m▀[0m                
           [38;2;255;255;255m▀[0m[38;2;254;255;255m[48;2;254;255;255m▀[0m[38;2;254;255;255m[48;2;254;255;255m▀[0m[38;2;254;255;255m[48;2;254;255;255m▀[0m[38;2;254;255;255m[48;2;254;255;255m▀[0m[38;2;254;255;255m[48;2;34;57;85m▀[0m[38;2;254;255;255m[48;2;228;228;244m▀[0m[38;2;240;240;250m[48;2;226;226;243m▀[0m[38;2;100;159;213m[48;2;90;146;196m▀[0m[38;2;90;146;196m[48;2;90;144;194m▀[0m[38;2;96;152;205m▀[0m                  
           [38;2;249;249;254m[48;2;254;255;255m▀[0m[38;2;139;160;227m[48;2;208;213;211m▀[0m[38;2;254;255;255m[48;2;254;255;255m▀[0m[38;2;205;206;222m[48;2;254;255;255m▀[0m[38;2;149;205;246m[48;2;250;251;253m▀[0m[38;2;159;224;249m[48;2;84;138;192m▀[0m[38;2;226;226;243m[48;2;87;141;191m▀[0m[38;2;91;145;196m[48;2;96;153;208m▀[0m[38;2;39;64;87m[48;2;226;227;229m▀[0m                    
           [38;2;246;247;252m▀[0m[38;2;120;122;129m[48;2;229;229;245m▀[0m[38;2;242;243;250m[48;2;226;227;243m▀[0m[38;2;233;233;246m[48;2;227;227;243m▀[0m[38;2;226;226;243m[48;2;227;227;243m▀[0m[38;2;212;214;227m[48;2;226;227;244m▀[0m[38;2;90;145;196m[48;2;226;227;243m▀[0m[38;2;227;227;243m[48;2;226;227;243m▀[0m[38;2;127;128;133m▀[0m                    
         [38;2;171;171;184m▄[0m[38;2;226;226;243m▄[0m[38;2;254;255;255m[48;2;241;243;248m▀[0m[38;2;241;240;248m[48;2;253;255;255m▀[0m[38;2;227;227;243m[48;2;234;234;247m▀[0m[38;2;226;226;243m[48;2;227;227;243m▀[0m[38;2;227;228;243m[48;2;45;79;113m▀[0m[38;2;226;227;243m[48;2;226;227;243m▀[0m[38;2;227;227;243m[48;2;254;255;255m▀[0m[38;2;243;243;251m[48;2;254;255;255m▀[0m[38;2;184;184;184m[48;2;254;255;255m▀[0m[38;2;254;255;255m▄[0m       [38;2;255;255;255m▄[0m[38;2;253;255;255m▄[0m[38;2;255;255;255m[48;2;251;252;253m▀[0m[38;2;64;63;64m▀[0m [38;2;19;19;19m▄[0m[38;2;246;246;247m▄[0m[38;2;201;201;201m▀[0m    
         [38;2;152;151;152m▄[0m[38;2;226;226;244m[48;2;254;255;255m▀[0m[38;2;254;255;255m[48;2;98;167;246m▀[0m[38;2;254;255;255m[48;2;254;255;255m▀[0m[38;2;253;255;255m[48;2;248;249;249m▀[0m[38;2;37;69;103m[48;2;98;165;244m▀[0m[38;2;97;163;241m[48;2;101;169;250m▀[0m[38;2;254;255;255m[48;2;254;255;255m▀[0m[38;2;254;255;255m[48;2;251;251;251m▀[0m[38;2;254;255;255m[48;2;252;253;254m▀[0m[38;2;254;255;255m[48;2;254;254;255m▀[0m[38;2;254;255;255m[48;2;254;254;255m▀[0m[38;2;0;0;0m▀[0m [38;2;165;165;169m▄[0m[38;2;240;240;249m▄[0m[38;2;239;239;249m▄[0m[38;2;247;247;253m[48;2;240;240;249m▀[0m[38;2;246;247;253m[48;2;254;254;254m▀[0m[38;2;243;243;250m[48;2;254;254;255m▀[0m[38;2;240;240;248m[48;2;241;240;249m▀[0m[38;2;240;240;248m▄[0m[38;2;229;229;235m[48;2;250;251;251m▀[0m[38;2;252;254;255m[48;2;240;240;248m▀[0m[38;2;146;146;149m[48;2;239;239;248m▀[0m[38;2;240;240;248m▀[0m     
        [38;2;242;243;250m▄[0m[38;2;254;255;255m[48;2;234;234;247m▀[0m[38;2;145;156;169m[48;2;98;164;243m▀[0m[38;2;97;164;243m[48;2;117;180;254m▀[0m[38;2;254;255;255m[48;2;98;164;243m▀[0m[38;2;97;165;244m[48;2;50;93;146m▀[0m[38;2;197;203;204m[48;2;253;254;255m▀[0m[38;2;250;251;251m[48;2;254;255;255m▀[0m[38;2;254;255;255m[48;2;253;255;255m▀[0m[38;2;255;255;255m[48;2;252;253;254m▀[0m[38;2;250;252;253m[48;2;254;255;255m▀[0m[38;2;254;255;255m[48;2;254;255;255m▀[0m[38;2;240;240;249m[48;2;250;252;255m▀[0m[38;2;38;39;41m▄[0m[38;2;234;235;248m[48;2;206;207;221m▀[0m[38;2;240;240;248m[48;2;219;219;238m▀[0m[38;2;233;234;247m[48;2;240;240;248m▀[0m[38;2;20;20;21m[48;2;235;235;247m▀[0m[38;2;239;239;249m[48;2;240;240;249m▀[0m[38;2;240;240;249m[48;2;240;240;248m▀[0m[38;2;240;240;249m[48;2;249;249;251m▀[0m[38;2;240;240;248m[48;2;222;222;239m▀[0m[38;2;241;241;249m[48;2;227;227;243m▀[0m[38;2;240;240;249m[48;2;224;224;241m▀[0m[38;2;226;226;243m▀[0m       
       [38;2;41;70;105m[48;2;98;166;245m▀[0m[38;2;243;242;250m[48;2;159;161;166m▀[0m[38;2;225;228;235m[48;2;105;172;251m▀[0m[38;2;98;164;243m[48;2;97;164;243m▀[0m[38;2;164;168;168m[48;2;254;255;255m▀[0m[38;2;97;165;243m[48;2;255;255;255m▀[0m[38;2;254;255;255m[48;2;254;255;255m▀[0m[38;2;253;254;255m[48;2;255;255;255m▀[0m[38;2;255;255;255m[48;2;254;255;255m▀[0m[38;2;254;255;255m[48;2;254;255;255m▀[0m[38;2;254;255;255m[48;2;254;255;255m▀[0m[38;2;251;254;254m[48;2;240;242;242m▀[0m[38;2;254;255;255m[48;2;242;242;242m▀[0m[38;2;254;255;255m[48;2;254;255;255m▀[0m[38;2;240;240;248m[48;2;240;240;249m▀[0m[38;2;203;204;217m[48;2;97;102;114m▀[0m[38;2;208;208;222m[48;2;203;203;217m▀[0m[38;2;207;207;219m[48;2;210;210;223m▀[0m[38;2;235;235;246m[48;2;203;203;217m▀[0m[38;2;215;215;231m[48;2;198;199;212m▀[0m[38;2;226;226;243m[48;2;205;206;219m▀[0m[38;2;218;219;234m[48;2;219;220;235m▀[0m[38;2;227;227;243m▀[0m[38;2;74;74;80m▀[0m         
     [38;2;0;0;0m▄[0m[38;2;97;164;243m[48;2;97;165;243m▀[0m[38;2;97;165;243m[48;2;97;163;242m▀[0m[38;2;91;145;196m[48;2;90;146;196m▀[0m[38;2;97;165;243m[48;2;92;149;212m▀[0m[38;2;106;172;250m[48;2;48;53;56m▀[0m[38;2;255;255;255m[48;2;254;255;255m▀[0m[38;2;255;255;255m[48;2;248;249;250m▀[0m[38;2;255;255;255m[48;2;254;255;255m▀[0m[38;2;254;255;255m[48;2;254;255;255m▀[0m[38;2;254;255;255m[48;2;254;255;255m▀[0m[38;2;254;255;255m[48;2;254;255;255m▀[0m[38;2;254;255;255m[48;2;254;255;255m▀[0m[38;2;89;89;89m[48;2;254;255;255m▀[0m[38;2;94;162;243m[48;2;95;162;243m▀[0m[38;2;82;84;84m[48;2;95;161;243m▀[0m[38;2;93;152;219m[48;2;95;156;228m▀[0m[38;2;92;149;212m[48;2;92;149;212m▀[0m[38;2;204;204;218m[48;2;114;119;129m▀[0m[38;2;204;205;218m[48;2;204;204;218m▀[0m[38;2;203;203;217m[48;2;203;203;217m▀[0m[38;2;204;205;218m[48;2;203;203;217m▀[0m[38;2;205;206;229m▀[0m            
    [38;2;51;86;129m▄[0m[38;2;98;164;243m[48;2;138;70;19m▀[0m[38;2;90;144;196m[48;2;88;140;191m▀[0m[38;2;94;154;222m[48;2;79;127;179m▀[0m[38;2;85;138;188m[48;2;93;150;203m▀[0m[38;2;28;48;73m[48;2;229;229;246m▀[0m[38;2;252;252;254m[48;2;225;225;242m▀[0m[38;2;242;242;250m[48;2;242;242;248m▀[0m[38;2;254;255;255m[48;2;227;227;243m▀[0m[38;2;254;255;255m[48;2;253;255;255m▀[0m[38;2;250;251;252m[48;2;248;250;253m▀[0m[38;2;254;255;255m[48;2;250;253;254m▀[0m[38;2;253;255;255m[48;2;248;248;253m▀[0m[38;2;254;255;255m[48;2;243;243;250m▀[0m[38;2;254;255;255m[48;2;235;235;247m▀[0m[38;2;95;162;243m[48;2;96;162;241m▀[0m[38;2;94;162;242m[48;2;95;162;243m▀[0m[38;2;94;156;228m[48;2;64;107;155m▀[0m[38;2;92;149;212m[48;2;92;148;212m▀[0m[38;2;92;149;212m[48;2;92;149;212m▀[0m[38;2;203;204;217m[48;2;10;17;25m▀[0m[38;2;203;204;217m[48;2;203;203;217m▀[0m[38;2;204;204;219m[48;2;72;72;81m▀[0m             
     [38;2;128;59;17m[48;2;159;71;21m▀[0m[38;2;76;120;167m▀[0m[38;2;105;53;15m[48;2;103;53;19m▀[0m[38;2;234;235;251m[48;2;227;228;243m▀[0m[38;2;227;227;244m[48;2;227;227;243m▀[0m[38;2;226;226;243m[48;2;227;227;243m▀[0m[38;2;226;226;243m[48;2;226;227;243m▀[0m[38;2;226;227;243m[48;2;226;226;243m▀[0m[38;2;227;228;243m[48;2;226;227;243m▀[0m[38;2;226;226;243m[48;2;227;227;243m▀[0m[38;2;226;226;243m[48;2;226;226;243m▀[0m[38;2;226;227;243m[48;2;226;226;243m▀[0m[38;2;227;228;243m[48;2;226;227;243m▀[0m[38;2;226;226;243m[48;2;227;227;243m▀[0m[38;2;98;165;245m[48;2;2;4;6m▀[0m[38;2;15;24;36m[48;2;72;52;26m▀[0m[38;2;157;74;20m[48;2;148;65;20m▀[0m[38;2;93;151;215m[48;2;92;148;212m▀[0m[38;2;90;149;213m[48;2;107;51;16m▀[0m[38;2;94;162;243m[48;2;50;84;126m▀[0m[38;2;203;204;217m[48;2;207;207;222m▀[0m              
     [38;2;131;57;25m[48;2;147;71;23m▀[0m [38;2;183;90;42m▀[0m[38;2;254;255;255m[48;2;254;255;255m▀[0m[38;2;228;228;245m[48;2;254;255;255m▀[0m[38;2;226;226;243m[48;2;226;227;243m▀[0m[38;2;225;226;243m[48;2;226;227;243m▀[0m[38;2;226;227;243m[48;2;80;80;86m▀[0m[38;2;227;228;243m[48;2;226;226;243m▀[0m[38;2;227;228;243m[48;2;226;227;243m▀[0m[38;2;227;227;243m[48;2;227;227;243m▀[0m[38;2;225;226;243m[48;2;227;227;243m▀[0m[38;2;227;228;243m[48;2;226;227;243m▀[0m[38;2;227;227;243m[48;2;227;227;243m▀[0m[38;2;227;228;243m[48;2;227;227;243m▀[0m[38;2;184;101;50m[48;2;175;91;46m▀[0m[38;2;136;79;38m[48;2;215;210;212m▀[0m[38;2;200;200;211m[48;2;203;204;217m▀[0m[38;2;182;81;25m[48;2;177;84;35m▀[0m[38;2;212;212;230m▀[0m               
        [38;2;254;255;255m[48;2;254;255;255m▀[0m[38;2;254;255;255m[48;2;254;255;255m▀[0m[38;2;242;242;250m[48;2;254;255;255m▀[0m[38;2;226;226;243m[48;2;226;226;243m▀[0m[38;2;226;227;243m[48;2;3;3;3m▀[0m [38;2;209;209;221m▀[0m[38;2;226;227;243m▀[0m[38;2;226;226;243m[48;2;229;230;246m▀[0m[38;2;227;227;243m[48;2;227;228;243m▀[0m[38;2;226;226;243m[48;2;229;230;245m▀[0m[38;2;226;227;243m[48;2;227;228;243m▀[0m[38;2;169;106;60m[48;2;227;227;245m▀[0m[38;2;226;227;243m[48;2;226;226;243m▀[0m [38;2;107;59;29m▀[0m                
       [38;2;242;242;242m▄[0m[38;2;254;255;255m[48;2;254;255;255m▀[0m[38;2;254;255;255m[48;2;246;246;252m▀[0m[38;2;250;252;254m[48;2;227;227;244m▀[0m[38;2;226;227;243m▀[0m     [38;2;254;255;255m[48;2;255;255;255m▀[0m[38;2;254;255;255m[48;2;254;255;255m▀[0m[38;2;240;240;249m[48;2;254;255;255m▀[0m[38;2;239;239;249m[48;2;252;253;254m▀[0m[38;2;226;227;243m[48;2;250;250;255m▀[0m                  
       [38;2;167;167;180m▀[0m[38;2;228;228;245m▀[0m         [38;2;254;255;255m▀[0m[38;2;254;255;255m[48;2;254;255;255m▀[0m[38;2;251;252;254m▀[0m[38;2;226;226;234m[48;2;28;28;29m▀[0m                  
                                        
