                                        
                       [38;2;255;236;172m▄[0m[38;2;241;232;169m[48;2;251;222;131m▀[0m               
                    [38;2;0;0;0m▄[0m[38;2;252;224;137m▄[0m[38;2;254;236;154m[48;2;253;233;135m▀[0m[38;2;252;223;131m[48;2;249;216;128m▀[0m[38;2;118;102;61m▀[0m               
                    [38;2;252;220;138m[48;2;253;225;135m▀[0m[38;2;248;204;130m[48;2;194;172;102m▀[0m[38;2;253;233;136m[48;2;240;209;125m▀[0m[38;2;247;205;127m[48;2;246;208;129m▀[0m                
          [38;2;255;237;171m[48;2;0;0;0m▀[0m[38;2;253;232;136m[48;2;254;237;172m▀[0m[38;2;125;108;70m[48;2;249;218;128m▀[0m[38;2;53;46;27m[48;2;255;236;137m▀[0m     [38;2;79;70;44m[48;2;254;233;170m▀[0m[38;2;247;217;128m[48;2;242;206;128m▀[0m[38;2;217;197;117m[48;2;225;194;124m▀[0m[38;2;231;195;121m[48;2;230;197;124m▀[0m[38;2;238;205;124m[48;2;229;190;124m▀[0m                
           [38;2;255;236;171m▀[0m[38;2;253;233;136m[48;2;255;231;173m▀[0m[38;2;249;209;128m[48;2;248;202;128m▀[0m[38;2;246;211;130m[48;2;236;204;122m▀[0m   [38;2;181;153;99m[48;2;212;179;118m▀[0m[38;2;251;213;169m[48;2;176;153;98m▀[0m[38;2;241;206;128m[48;2;237;199;127m▀[0m[38;2;240;206;130m[48;2;228;194;124m▀[0m[38;2;229;190;124m[48;2;7;5;3m▀[0m[38;2;239;197;132m▀[0m       [38;2;129;116;88m▄[0m        
            [38;2;255;247;179m[48;2;254;233;136m▀[0m[38;2;249;218;128m[48;2;240;205;125m▀[0m[38;2;229;199;120m[48;2;229;198;120m▀[0m[38;2;255;236;171m▄[0m[38;2;17;14;9m[48;2;239;205;124m▀[0m[38;2;226;112;104m▄[0m[38;2;17;14;8m[48;2;166;145;89m▀[0m[38;2;215;175;118m[48;2;191;104;92m▀[0m[38;2;225;192;123m[48;2;218;97;87m▀[0m[38;2;225;192;123m[48;2;210;64;57m▀[0m[38;2;210;67;57m▄[0m    [38;2;254;229;174m▄[0m[38;2;253;233;135m▄[0m[38;2;255;237;171m[48;2;201;175;107m▀[0m[38;2;254;223;134m[48;2;220;180;119m▀[0m[38;2;225;187;119m[48;2;0;0;0m▀[0m        
            [38;2;14;13;8m▄[0m[38;2;65;56;34m[48;2;56;46;33m▀[0m[38;2;224;105;104m[48;2;225;107;105m▀[0m[38;2;234;196;120m[48;2;223;105;109m▀[0m[38;2;192;97;99m[48;2;226;112;104m▀[0m[38;2;225;109;104m[48;2;226;112;104m▀[0m[38;2;225;111;104m[48;2;213;106;113m▀[0m[38;2;223;105;112m[48;2;231;108;108m▀[0m[38;2;158;87;85m[48;2;231;111;104m▀[0m[38;2;213;74;76m[48;2;216;83;76m▀[0m[38;2;210;64;57m[48;2;93;32;27m▀[0m[38;2;253;224;137m[48;2;237;205;123m▀[0m[38;2;245;237;180m[48;2;247;216;130m▀[0m[38;2;249;216;128m▄[0m[38;2;254;226;140m[48;2;64;55;33m▀[0m[38;2;242;201;124m[48;2;236;203;122m▀[0m[38;2;236;203;122m[48;2;225;193;119m▀[0m[38;2;225;189;119m[48;2;236;204;122m▀[0m[38;2;226;196;119m[48;2;0;0;0m▀[0m         
           [38;2;80;51;44m▄[0m[38;2;224;110;103m[48;2;49;33;28m▀[0m[38;2;226;111;103m[48;2;226;111;103m▀[0m[38;2;225;112;105m[48;2;228;112;104m▀[0m[38;2;253;228;172m[48;2;240;207;125m▀[0m[38;2;225;106;106m[48;2;226;112;104m▀[0m[38;2;226;111;104m[48;2;225;112;104m▀[0m[38;2;225;111;104m[48;2;200;108;110m▀[0m[38;2;226;112;104m[48;2;219;93;90m▀[0m[38;2;217;90;93m[48;2;209;65;64m▀[0m[38;2;211;65;58m[48;2;213;66;57m▀[0m[38;2;210;65;57m[48;2;207;59;59m▀[0m[38;2;179;66;64m[48;2;209;59;58m▀[0m[38;2;52;41;25m[48;2;210;63;57m▀[0m[38;2;233;202;121m[48;2;210;64;57m▀[0m[38;2;226;194;119m[48;2;0;0;0m▀[0m[38;2;0;0;0m▀[0m            
  [38;2;125;115;86m[48;2;49;38;24m▀[0m[38;2;255;244;177m[48;2;247;206;133m▀[0m[38;2;255;234;173m[48;2;240;207;126m▀[0m[38;2;154;139;91m[48;2;255;234;174m▀[0m[38;2;251;215;161m[48;2;253;230;171m▀[0m[38;2;254;229;170m[48;2;249;209;137m▀[0m[38;2;249;212;146m[48;2;116;100;66m▀[0m[38;2;246;209;135m[48;2;89;76;52m▀[0m[38;2;106;86;63m[48;2;167;143;93m▀[0m[38;2;156;89;78m[48;2;248;244;176m▀[0m[38;2;254;236;157m[48;2;254;233;139m▀[0m[38;2;0;0;0m[48;2;225;111;101m▀[0m[38;2;225;112;104m[48;2;12;9;8m▀[0m[38;2;225;108;105m[48;2;222;101;94m▀[0m[38;2;226;111;103m[48;2;219;95;88m▀[0m[38;2;223;101;98m[48;2;213;67;65m▀[0m[38;2;224;96;88m[48;2;62;32;22m▀[0m[38;2;220;70;61m[48;2;254;231;173m▀[0m[38;2;25;13;8m[48;2;255;237;172m▀[0m[38;2;210;66;57m[48;2;254;231;136m▀[0m[38;2;210;65;57m[48;2;0;0;0m▀[0m[38;2;210;65;57m[48;2;210;64;57m▀[0m[38;2;208;63;58m[48;2;210;61;58m▀[0m[38;2;209;65;57m[48;2;186;60;62m▀[0m[38;2;172;70;63m[48;2;169;69;63m▀[0m             
      [38;2;134;115;79m▀[0m[38;2;236;200;136m▀[0m[38;2;196;167;115m▀[0m[38;2;213;182;125m▀[0m[38;2;20;15;11m▀[0m[38;2;0;0;0m[48;2;255;232;162m▀[0m[38;2;0;0;0m[48;2;255;243;142m▀[0m[38;2;189;75;68m[48;2;209;65;57m▀[0m[38;2;253;227;134m[48;2;237;203;123m▀[0m[38;2;211;67;57m[48;2;211;64;57m▀[0m[38;2;210;63;58m[48;2;210;64;60m▀[0m[38;2;210;65;57m[48;2;211;66;57m▀[0m[38;2;254;236;157m[48;2;0;0;0m▀[0m[38;2;254;237;171m[48;2;1;2;4m▀[0m[38;2;255;237;170m[48;2;70;135;228m▀[0m[38;2;253;231;136m[48;2;3;3;2m▀[0m[38;2;34;30;19m[48;2;152;129;85m▀[0m[38;2;211;64;57m[48;2;189;66;59m▀[0m[38;2;200;64;56m[48;2;250;218;131m▀[0m[38;2;195;191;113m[48;2;124;103;66m▀[0m[38;2;169;70;63m[48;2;231;186;122m▀[0m[38;2;246;237;179m▄[0m[38;2;255;240;174m▄[0m[38;2;254;237;163m▄[0m[38;2;255;231;142m▄[0m         
           [38;2;148;59;51m[48;2;170;70;63m▀[0m[38;2;102;46;37m[48;2;174;70;64m▀[0m[38;2;210;64;57m[48;2;195;62;58m▀[0m[38;2;210;60;58m[48;2;255;237;148m▀[0m[38;2;211;68;59m[48;2;202;58;61m▀[0m[38;2;210;62;57m[48;2;209;59;58m▀[0m[38;2;209;63;57m[48;2;207;63;57m▀[0m[38;2;253;231;136m[48;2;0;0;0m▀[0m[38;2;253;224;138m[48;2;253;227;137m▀[0m[38;2;253;225;137m[48;2;253;230;137m▀[0m[38;2;253;234;141m[48;2;237;229;135m▀[0m[38;2;0;0;0m[48;2;168;68;63m▀[0m[38;2;169;68;63m[48;2;168;63;63m▀[0m[38;2;172;71;63m[48;2;169;68;64m▀[0m[38;2;255;237;173m[48;2;243;210;125m▀[0m[38;2;254;237;172m[48;2;33;28;18m▀[0m[38;2;221;217;140m[48;2;251;228;154m▀[0m[38;2;253;231;136m[48;2;254;234;172m▀[0m[38;2;253;230;137m[48;2;172;166;121m▀[0m[38;2;252;224;136m[48;2;173;144;95m▀[0m[38;2;251;222;137m[48;2;176;150;97m▀[0m[38;2;177;151;97m▄[0m[38;2;158;128;86m▄[0m[38;2;201;169;110m▄[0m[38;2;132;118;72m▄[0m    
         [38;2;16;14;8m▄[0m[38;2;253;209;140m▄[0m[38;2;215;183;123m▄[0m[38;2;169;69;63m[48;2;40;34;25m▀[0m[38;2;168;68;63m[48;2;175;64;62m▀[0m[38;2;164;74;66m[48;2;169;68;63m▀[0m[38;2;172;70;63m[48;2;168;69;63m▀[0m[38;2;173;66;64m[48;2;168;65;63m▀[0m[38;2;182;68;62m[48;2;168;69;63m▀[0m[38;2;168;69;63m[48;2;168;68;63m▀[0m[38;2;131;60;52m[48;2;0;0;0m▀[0m[38;2;164;64;57m[48;2;169;69;63m▀[0m[38;2;168;69;63m[48;2;168;69;63m▀[0m[38;2;171;70;63m[48;2;168;66;63m▀[0m[38;2;169;69;63m[48;2;168;68;63m▀[0m[38;2;168;69;63m[48;2;167;63;63m▀[0m[38;2;169;70;63m▀[0m  [38;2;220;187;119m▀[0m[38;2;214;185;118m▀[0m[38;2;153;132;84m▀[0m[38;2;237;201;129m▀[0m[38;2;243;214;148m▀[0m[38;2;252;228;168m▀[0m[38;2;253;225;155m▀[0m[38;2;248;208;137m▀[0m[38;2;252;215;138m[48;2;170;148;89m▀[0m[38;2;253;230;136m▀[0m  
       [38;2;204;176;106m▄[0m[38;2;231;199;121m[48;2;113;97;59m▀[0m[38;2;253;224;137m[48;2;117;100;64m▀[0m[38;2;251;217;136m[48;2;210;182;114m▀[0m[38;2;62;51;37m[48;2;200;168;116m▀[0m[38;2;198;166;116m[48;2;5;4;3m▀[0m[38;2;32;26;19m▀[0m[38;2;126;57;54m▀[0m[38;2;184;69;63m[48;2;110;56;44m▀[0m[38;2;137;55;48m[48;2;225;192;123m▀[0m[38;2;177;71;64m[48;2;70;61;39m▀[0m[38;2;168;69;63m[48;2;168;70;63m▀[0m[38;2;168;70;63m[48;2;169;69;63m▀[0m[38;2;255;244;143m[48;2;169;71;63m▀[0m[38;2;234;197;124m[48;2;74;37;30m▀[0m[38;2;207;179;114m[48;2;211;170;116m▀[0m[38;2;207;179;115m[48;2;207;179;116m▀[0m[38;2;207;171;116m[48;2;209;180;117m▀[0m[38;2;75;65;41m[48;2;207;170;117m▀[0m[38;2;95;79;53m▄[0m             
       [38;2;216;186;115m▀[0m[38;2;239;208;127m▀[0m       [38;2;225;192;123m[48;2;251;222;142m▀[0m[38;2;225;190;123m[48;2;225;189;124m▀[0m[38;2;207;179;116m[48;2;225;191;123m▀[0m[38;2;207;168;117m[48;2;207;179;115m▀[0m   [38;2;212;200;125m▀[0m[38;2;245;206;129m[48;2;253;231;136m▀[0m[38;2;210;181;115m[48;2;253;224;134m▀[0m[38;2;230;191;123m[48;2;235;198;122m▀[0m[38;2;43;38;27m[48;2;242;203;123m▀[0m            
               [38;2;205;199;147m[48;2;254;237;171m▀[0m[38;2;253;232;136m[48;2;253;231;136m▀[0m[38;2;233;201;122m[48;2;235;198;123m▀[0m[38;2;230;197;123m[48;2;236;203;122m▀[0m[38;2;230;193;125m[48;2;250;221;130m▀[0m     [38;2;255;232;138m▀[0m[38;2;218;189;115m▀[0m[38;2;253;233;136m[48;2;241;205;125m▀[0m[38;2;6;4;2m[48;2;255;253;149m▀[0m           
               [38;2;254;235;143m[48;2;254;231;137m▀[0m[38;2;253;232;135m[48;2;255;238;139m▀[0m[38;2;224;189;118m[48;2;159;137;85m▀[0m[38;2;234;202;121m[48;2;219;183;115m▀[0m                     
                [38;2;112;97;58m▀[0m[38;2;192;159;102m[48;2;219;189;117m▀[0m[38;2;215;187;115m[48;2;216;188;115m▀[0m                     
                 [38;2;216;188;115m[48;2;251;238;141m▀[0m[38;2;216;187;115m▀[0m                     
                                        
