                                        
                                        
                                        
         [38;2;201;175;116m▄[0m [38;2;69;58;39m▀[0m[38;2;254;229;152m▀[0m[38;2;241;214;143m▀[0m[38;2;237;218;145m▀[0m[38;2;0;0;0m▀[0m[38;2;20;17;13m▄[0m                       
      [38;2;0;0;0m▄[0m[38;2;252;218;145m▀[0m       [38;2;107;96;75m▄[0m [38;2;14;12;9m▀[0m                [38;2;251;217;145m▄[0m[38;2;0;0;0m▄[0m[38;2;0;0;0m▄[0m[38;2;249;216;143m▄[0m  
    [38;2;3;2;1m▄[0m                 [38;2;4;5;6m▄[0m[38;2;138;198;233m▄[0m[38;2;136;193;229m▄[0m[38;2;75;106;124m▄[0m     [38;2;1;1;0m▄[0m [38;2;9;6;3m▀[0m [38;2;215;186;131m[48;2;177;158;123m▀[0m [38;2;5;4;3m[48;2;194;174;135m▀[0m  
   [38;2;249;215;144m▀[0m                 [38;2;0;0;0m[48;2;146;205;237m▀[0m[38;2;136;193;229m[48;2;136;193;229m▀[0m[38;2;136;194;230m[48;2;144;205;243m▀[0m[38;2;7;10;12m[48;2;31;31;30m▀[0m[38;2;136;193;229m[48;2;136;193;229m▀[0m[38;2;68;97;115m▄[0m   [38;2;247;212;142m▄[0m         
  [38;2;204;177;117m[48;2;143;122;82m▀[0m          [38;2;2;2;2m▄[0m[38;2;9;10;14m▄[0m[38;2;4;4;4m▄[0m     [38;2;136;193;229m[48;2;135;193;229m▀[0m[38;2;136;193;229m[48;2;29;29;28m▀[0m[38;2;48;67;80m[48;2;135;192;228m▀[0m[38;2;28;28;28m[48;2;135;193;229m▀[0m[38;2;136;193;229m[48;2;135;193;229m▀[0m[38;2;122;173;205m[48;2;2;2;3m▀[0m  [38;2;0;0;0m[48;2;233;205;137m▀[0m          
  [38;2;0;0;0m[48;2;0;0;0m▀[0m    [38;2;102;112;177m▄[0m[38;2;85;97;164m▄[0m[38;2;91;99;123m[48;2;119;124;177m▀[0m[38;2;125;129;155m[48;2;247;234;206m▀[0m[38;2;120;124;160m[48;2;99;107;155m▀[0m[38;2;96;104;153m[48;2;50;52;66m▀[0m[38;2;96;105;158m[48;2;97;105;160m▀[0m[38;2;97;105;159m[48;2;97;107;166m▀[0m[38;2;97;104;156m[48;2;96;106;164m▀[0m[38;2;93;102;154m[48;2;96;106;163m▀[0m[38;2;63;77;131m[48;2;51;67;126m▀[0m[38;2;60;74;128m[48;2;45;60;115m▀[0m[38;2;83;89;124m[48;2;42;59;110m▀[0m[38;2;56;71;113m▄[0m[38;2;135;193;229m[48;2;93;102;131m▀[0m[38;2;29;29;29m[48;2;136;193;229m▀[0m[38;2;136;193;229m[48;2;136;193;229m▀[0m[38;2;28;28;28m[48;2;38;46;52m▀[0m[38;2;135;193;229m[48;2;134;191;225m▀[0m  [38;2;239;206;137m▄[0m[38;2;135;194;230m[48;2;136;193;229m▀[0m[38;2;136;193;229m[48;2;136;193;229m▀[0m[38;2;135;193;229m[48;2;136;193;229m▀[0m[38;2;144;205;244m[48;2;136;193;229m▀[0m[38;2;137;197;231m[48;2;141;201;234m▀[0m[38;2;142;203;236m[48;2;161;214;241m▀[0m[38;2;161;214;240m[48;2;162;214;241m▀[0m[38;2;161;214;240m[48;2;162;214;241m▀[0m[38;2;133;196;235m▄[0m  
  [38;2;215;186;124m[48;2;202;176;125m▀[0m  [38;2;255;255;255m▄[0m[38;2;77;88;134m[48;2;21;29;50m▀[0m[38;2;67;80;124m[48;2;46;62;90m▀[0m[38;2;92;99;150m[48;2;72;84;112m▀[0m[38;2;97;107;168m[48;2;248;214;142m▀[0m[38;2;242;219;169m[48;2;80;93;139m▀[0m[38;2;242;218;170m[48;2;72;84;138m▀[0m[38;2;242;218;170m[48;2;238;205;137m▀[0m[38;2;47;44;42m[48;2;238;205;137m▀[0m[38;2;243;219;170m[48;2;51;67;120m▀[0m[38;2;79;93;162m[48;2;43;60;105m▀[0m[38;2;63;79;137m[48;2;43;59;104m▀[0m[38;2;45;60;117m[48;2;43;59;100m▀[0m[38;2;43;60;113m[48;2;43;59;102m▀[0m[38;2;42;59;109m[48;2;42;59;108m▀[0m[38;2;46;60;115m[48;2;44;60;113m▀[0m[38;2;48;61;123m[48;2;44;60;114m▀[0m[38;2;85;96;159m[48;2;43;60;113m▀[0m[38;2;139;198;235m[48;2;45;60;117m▀[0m[38;2;137;195;230m[48;2;106;117;180m▀[0m  [38;2;238;205;137m▄[0m [38;2;135;193;229m[48;2;152;209;240m▀[0m[38;2;135;193;229m[48;2;136;193;229m▀[0m[38;2;135;193;229m[48;2;138;194;229m▀[0m[38;2;139;197;231m[48;2;152;210;240m▀[0m[38;2;159;213;241m[48;2;161;214;240m▀[0m[38;2;161;214;241m[48;2;161;214;240m▀[0m[38;2;161;214;241m[48;2;161;214;241m▀[0m[38;2;161;214;241m[48;2;163;215;242m▀[0m[38;2;21;33;40m▀[0m  
   [38;2;35;31;23m▄[0m[38;2;49;48;48m[48;2;36;39;60m▀[0m[38;2;255;255;255m[48;2;43;57;113m▀[0m[38;2;45;60;115m[48;2;46;60;117m▀[0m[38;2;44;60;114m[48;2;44;60;114m▀[0m[38;2;43;58;111m[48;2;42;59;109m▀[0m[38;2;43;59;111m[48;2;43;59;103m▀[0m[38;2;45;61;117m[48;2;43;59;111m▀[0m[38;2;49;61;127m[48;2;43;60;113m▀[0m[38;2;199;173;119m[48;2;45;60;115m▀[0m[38;2;48;61;125m[48;2;49;61;125m▀[0m[38;2;47;61;119m[48;2;50;63;131m▀[0m[38;2;42;59;107m[48;2;50;63;131m▀[0m[38;2;44;60;99m[48;2;48;62;128m▀[0m[38;2;43;59;95m[48;2;46;62;119m▀[0m[38;2;42;59;90m[48;2;255;255;255m▀[0m[38;2;41;60;93m[48;2;251;251;252m▀[0m[38;2;43;60;104m[48;2;42;59;91m▀[0m[38;2;43;59;111m[48;2;43;60;97m▀[0m[38;2;44;60;114m[48;2;42;59;109m▀[0m[38;2;46;60;116m[48;2;45;60;116m▀[0m[38;2;46;61;116m[48;2;49;61;124m▀[0m[38;2;43;60;113m[48;2;51;64;133m▀[0m[38;2;25;27;37m[48;2;28;24;18m▀[0m[38;2;46;60;116m▄[0m[38;2;43;59;103m▄[0m[38;2;0;0;0m[48;2;43;60;98m▀[0m[38;2;69;81;126m[48;2;42;59;110m▀[0m[38;2;46;60;116m[48;2;46;61;118m▀[0m[38;2;52;66;133m[48;2;50;65;134m▀[0m[38;2;161;214;241m▀[0m[38;2;161;214;241m▀[0m[38;2;117;180;218m▀[0m    
    [38;2;140;186;206m[48;2;124;190;229m▀[0m[38;2;147;195;216m[48;2;162;214;241m▀[0m[38;2;44;59;112m[48;2;162;215;241m▀[0m[38;2;43;59;106m[48;2;168;220;246m▀[0m[38;2;42;59;111m[48;2;48;60;124m▀[0m[38;2;45;60;116m[48;2;45;61;118m▀[0m[38;2;48;61;124m[48;2;44;60;113m▀[0m[38;2;49;61;126m[48;2;45;60;117m▀[0m[38;2;45;61;118m[48;2;46;61;118m▀[0m[38;2;46;60;117m[48;2;45;60;116m▀[0m[38;2;49;61;126m[48;2;44;60;114m▀[0m[38;2;48;62;128m[48;2;42;59;110m▀[0m[38;2;47;61;120m[48;2;42;59;95m▀[0m[38;2;255;255;255m[48;2;121;126;135m▀[0m[38;2;255;255;255m[48;2;253;253;254m▀[0m[38;2;255;255;255m[48;2;207;215;234m▀[0m[38;2;47;62;123m[48;2;47;61;120m▀[0m[38;2;49;61;127m[48;2;49;61;127m▀[0m[38;2;49;61;125m[48;2;49;61;127m▀[0m[38;2;45;61;117m[48;2;169;148;103m▀[0m[38;2;40;57;109m[48;2;76;65;43m▀[0m[38;2;223;194;129m[48;2;43;59;96m▀[0m[38;2;43;60;101m[48;2;45;59;80m▀[0m[38;2;42;59;93m[48;2;43;59;85m▀[0m[38;2;41;59;91m[48;2;43;59;95m▀[0m[38;2;43;59;104m[48;2;43;59;105m▀[0m[38;2;45;60;115m[48;2;44;60;114m▀[0m[38;2;48;61;122m[48;2;45;61;118m▀[0m[38;2;1;1;1m▀[0m       
    [38;2;67;101;121m▀[0m[38;2;116;177;213m[48;2;116;177;214m▀[0m[38;2;156;212;239m[48;2;116;177;214m▀[0m[38;2;161;214;241m[48;2;124;190;230m▀[0m[38;2;161;214;241m[48;2;101;143;171m▀[0m[38;2;161;214;240m[48;2;158;213;241m▀[0m[38;2;162;214;241m[48;2;161;214;241m▀[0m[38;2;161;214;240m[48;2;162;214;241m▀[0m[38;2;173;230;248m[48;2;161;214;241m▀[0m[38;2;148;198;217m[48;2;161;214;241m▀[0m[38;2;105;141;153m[48;2;161;214;241m▀[0m[38;2;108;143;155m[48;2;161;214;241m▀[0m[38;2;149;199;218m[48;2;150;209;238m▀[0m[38;2;91;128;150m[48;2;126;186;222m▀[0m[38;2;44;61;111m[48;2;60;90;107m▀[0m[38;2;43;59;113m[48;2;101;87;56m▀[0m[38;2;45;60;117m[48;2;124;108;76m▀[0m[38;2;52;45;37m[48;2;47;61;120m▀[0m[38;2;217;189;133m[48;2;46;61;119m▀[0m[38;2;50;62;127m[48;2;48;61;122m▀[0m[38;2;45;60;117m[48;2;46;60;117m▀[0m[38;2;43;59;113m[48;2;43;59;109m▀[0m[38;2;42;59;108m[48;2;42;59;104m▀[0m[38;2;43;60;101m[48;2;42;59;110m▀[0m[38;2;43;60;101m[48;2;42;59;109m▀[0m[38;2;44;59;111m[48;2;43;58;111m▀[0m[38;2;45;60;116m[48;2;49;65;126m▀[0m[38;2;49;62;124m[48;2;49;61;126m▀[0m[38;2;47;61;127m▄[0m       
   [38;2;148;196;221m▄[0m[38;2;160;217;248m[48;2;161;214;241m▀[0m[38;2;119;181;217m[48;2;46;62;117m▀[0m[38;2;242;209;140m[48;2;43;59;105m▀[0m[38;2;117;179;216m[48;2;235;207;137m▀[0m[38;2;119;179;216m[48;2;213;186;131m▀[0m[38;2;137;194;230m[48;2;215;187;132m▀[0m[38;2;131;189;225m[48;2;114;96;64m▀[0m[38;2;123;182;219m[48;2;62;93;112m▀[0m[38;2;119;180;216m[48;2;141;201;239m▀[0m[38;2;115;177;213m[48;2;141;202;240m▀[0m[38;2;116;178;214m[48;2;123;187;226m▀[0m[38;2;116;177;213m[48;2;116;177;214m▀[0m[38;2;116;177;214m[48;2;197;175;131m▀[0m[38;2;116;177;213m[48;2;191;170;127m▀[0m[38;2;196;174;128m[48;2;191;170;126m▀[0m[38;2;49;61;123m[48;2;191;169;127m▀[0m[38;2;48;62;129m[48;2;22;32;69m▀[0m[38;2;49;61;126m[48;2;46;61;118m▀[0m[38;2;48;61;121m[48;2;48;61;121m▀[0m[38;2;43;60;113m[48;2;48;62;128m▀[0m[38;2;44;60;114m[48;2;49;62;129m▀[0m[38;2;45;61;117m[48;2;50;64;135m▀[0m[38;2;47;61;121m[48;2;49;64;125m▀[0m[38;2;46;60;117m[48;2;83;72;52m▀[0m[38;2;43;60;113m▀[0m [38;2;21;24;32m▀[0m[38;2;34;38;50m▀[0m        
   [38;2;214;235;247m[48;2;120;160;177m▀[0m[38;2;160;213;240m[48;2;40;55;87m▀[0m[38;2;45;60;115m[48;2;43;59;103m▀[0m[38;2;43;59;103m[48;2;42;59;111m▀[0m[38;2;43;60;99m[48;2;45;60;115m▀[0m[38;2;39;54;99m▀[0m[38;2;212;185;131m▀[0m[38;2;212;185;131m[48;2;1;1;1m▀[0m[38;2;212;185;131m[48;2;216;188;132m▀[0m[38;2;208;183;130m[48;2;212;185;130m▀[0m[38;2;198;174;127m[48;2;212;185;130m▀[0m[38;2;192;170;127m[48;2;210;183;130m▀[0m[38;2;116;177;214m[48;2;161;215;241m▀[0m[38;2;101;86;60m[48;2;161;214;240m▀[0m[38;2;190;168;125m[48;2;196;172;128m▀[0m[38;2;190;168;125m[48;2;193;170;126m▀[0m[38;2;190;168;126m[48;2;192;169;127m▀[0m[38;2;189;167;126m[48;2;193;171;127m▀[0m[38;2;189;167;126m[48;2;189;167;126m▀[0m[38;2;45;60;116m[48;2;91;99;150m▀[0m[38;2;47;61;120m[48;2;42;59;111m▀[0m[38;2;49;61;123m[48;2;43;60;100m▀[0m[38;2;46;60;116m[48;2;43;59;86m▀[0m[38;2;47;63;122m[48;2;45;59;80m▀[0m[38;2;44;62;94m▄[0m            
              [38;2;14;12;7m▀[0m[38;2;162;214;241m[48;2;169;225;249m▀[0m[38;2;161;214;241m[48;2;212;234;247m▀[0m[38;2;80;68;45m[48;2;163;217;243m▀[0m[38;2;95;82;54m▀[0m[38;2;43;37;25m▀[0m   [38;2;49;63;130m[48;2;98;106;155m▀[0m[38;2;48;62;128m[48;2;43;59;104m▀[0m[38;2;46;60;116m[48;2;43;60;96m▀[0m[38;2;43;59;102m[48;2;41;59;88m▀[0m[38;2;42;59;110m[48;2;43;59;86m▀[0m[38;2;0;0;0m[48;2;43;61;107m▀[0m           
                [38;2;161;214;241m▀[0m[38;2;162;215;241m▀[0m      [38;2;88;97;148m▀[0m[38;2;43;59;103m[48;2;1;1;2m▀[0m[38;2;43;59;98m[48;2;100;109;147m▀[0m[38;2;43;60;97m[48;2;8;8;11m▀[0m[38;2;9;12;20m▀[0m           
                                        
                                        
                                        
