                                        
                                        
                                        
         [38;2;201;116;119m▄[0m [38;2;69;39;40m▀[0m[38;2;254;157;153m▀[0m[38;2;241;147;147m▀[0m[38;2;237;153;146m▀[0m[38;2;0;0;0m▀[0m[38;2;20;13;14m▄[0m                       
      [38;2;0;0;0m▄[0m[38;2;252;145;150m▀[0m       [38;2;107;75;77m▄[0m [38;2;14;9;11m▀[0m                [38;2;251;145;149m▄[0m[38;2;0;0;0m▄[0m[38;2;0;0;0m▄[0m[38;2;249;144;147m▄[0m  
    [38;2;3;1;1m▄[0m                 [38;2;4;5;6m▄[0m[38;2;137;192;225m▄[0m[38;2;135;188;221m▄[0m[38;2;74;103;120m▄[0m     [38;2;1;0;0m▄[0m [38;2;9;3;5m▀[0m [38;2;215;131;136m[48;2;177;123;127m▀[0m [38;2;5;3;3m[48;2;194;135;138m▀[0m  
   [38;2;249;144;148m▀[0m                 [38;2;0;0;0m[48;2;145;200;229m▀[0m[38;2;135;188;221m[48;2;135;188;221m▀[0m[38;2;135;189;222m[48;2;143;199;234m▀[0m[38;2;7;10;12m[48;2;31;30;30m▀[0m[38;2;135;188;221m[48;2;135;188;221m▀[0m[38;2;67;94;111m▄[0m   [38;2;247;142;147m▄[0m         
  [38;2;204;117;120m[48;2;143;82;86m▀[0m          [38;2;2;2;2m▄[0m[38;2;9;10;14m▄[0m[38;2;4;4;4m▄[0m     [38;2;135;188;221m[48;2;134;188;221m▀[0m[38;2;135;188;221m[48;2;29;28;28m▀[0m[38;2;47;66;78m[48;2;134;187;220m▀[0m[38;2;28;28;28m[48;2;134;187;221m▀[0m[38;2;135;188;221m[48;2;134;188;221m▀[0m[38;2;121;167;197m[48;2;2;2;3m▀[0m  [38;2;0;0;0m[48;2;233;138;140m▀[0m          
  [38;2;0;0;0m[48;2;0;0;0m▀[0m    [38;2;101;110;168m▄[0m[38;2;84;95;154m▄[0m[38;2;90;98;119m[48;2;118;123;170m▀[0m[38;2;125;128;151m[48;2;247;206;207m▀[0m[38;2;119;123;155m[48;2;98;105;148m▀[0m[38;2;95;102;146m[48;2;50;48;64m▀[0m[38;2;95;103;150m[48;2;96;103;152m▀[0m[38;2;96;103;151m[48;2;96;105;157m▀[0m[38;2;96;102;148m[48;2;95;104;156m▀[0m[38;2;92;100;147m[48;2;95;104;155m▀[0m[38;2;62;75;122m[48;2;50;64;117m▀[0m[38;2;59;71;119m[48;2;44;57;106m▀[0m[38;2;82;88;119m[48;2;41;56;102m▀[0m[38;2;55;69;106m▄[0m[38;2;134;187;221m[48;2;93;101;127m▀[0m[38;2;29;29;29m[48;2;135;188;221m▀[0m[38;2;135;188;221m[48;2;135;188;221m▀[0m[38;2;28;28;28m[48;2;38;44;52m▀[0m[38;2;134;188;221m[48;2;133;185;217m▀[0m  [38;2;239;137;142m▄[0m[38;2;134;188;221m[48;2;135;188;221m▀[0m[38;2;135;188;221m[48;2;135;188;221m▀[0m[38;2;134;187;221m[48;2;135;188;221m▀[0m[38;2;143;199;235m[48;2;135;188;221m▀[0m[38;2;136;191;223m[48;2;140;196;226m▀[0m[38;2;141;198;228m[48;2;160;210;235m▀[0m[38;2;160;210;234m[48;2;161;210;235m▀[0m[38;2;160;210;234m[48;2;161;210;235m▀[0m[38;2;132;190;226m▄[0m  
  [38;2;215;124;127m[48;2;202;125;129m▀[0m  [38;2;255;255;255m▄[0m[38;2;76;86;127m[48;2;20;28;46m▀[0m[38;2;66;78;117m[48;2;45;59;85m▀[0m[38;2;91;97;143m[48;2;71;82;107m▀[0m[38;2;96;105;159m[48;2;248;142;147m▀[0m[38;2;242;169;172m[48;2;79;91;132m▀[0m[38;2;242;170;174m[48;2;71;82;130m▀[0m[38;2;242;170;174m[48;2;238;137;142m▀[0m[38;2;47;37;42m[48;2;238;137;142m▀[0m[38;2;243;170;173m[48;2;50;64;112m▀[0m[38;2;78;90;152m[48;2;42;57;97m▀[0m[38;2;62;76;128m[48;2;42;56;96m▀[0m[38;2;44;57;108m[48;2;42;56;93m▀[0m[38;2;42;57;104m[48;2;42;56;95m▀[0m[38;2;41;56;101m[48;2;41;56;100m▀[0m[38;2;45;57;106m[48;2;43;57;104m▀[0m[38;2;47;59;114m[48;2;43;57;105m▀[0m[38;2;84;94;150m[48;2;42;57;104m▀[0m[38;2;138;192;227m[48;2;44;57;108m▀[0m[38;2;136;190;222m[48;2;105;115;171m▀[0m  [38;2;238;137;142m▄[0m [38;2;134;187;221m[48;2;151;204;233m▀[0m[38;2;134;188;221m[48;2;135;188;221m▀[0m[38;2;134;187;221m[48;2;137;189;221m▀[0m[38;2;138;192;223m[48;2;150;205;233m▀[0m[38;2;158;209;235m[48;2;160;210;234m▀[0m[38;2;160;210;235m[48;2;160;210;234m▀[0m[38;2;160;210;235m[48;2;160;210;234m▀[0m[38;2;160;210;235m[48;2;162;211;236m▀[0m[38;2;21;32;38m▀[0m  
   [38;2;35;23;25m▄[0m[38;2;49;48;48m[48;2;35;38;57m▀[0m[38;2;255;255;255m[48;2;42;55;104m▀[0m[38;2;44;57;106m[48;2;45;57;108m▀[0m[38;2;43;57;105m[48;2;43;57;105m▀[0m[38;2;42;55;102m[48;2;41;56;101m▀[0m[38;2;42;56;102m[48;2;42;56;95m▀[0m[38;2;44;58;108m[48;2;42;56;102m▀[0m[38;2;48;59;117m[48;2;42;57;104m▀[0m[38;2;199;119;122m[48;2;44;57;106m▀[0m[38;2;47;58;115m[48;2;48;59;115m▀[0m[38;2;46;58;110m[48;2;49;60;121m▀[0m[38;2;41;56;99m[48;2;49;60;121m▀[0m[38;2;43;57;92m[48;2;47;59;118m▀[0m[38;2;42;56;88m[48;2;45;59;110m▀[0m[38;2;41;56;84m[48;2;255;255;255m▀[0m[38;2;40;57;86m[48;2;251;251;252m▀[0m[38;2;42;57;96m[48;2;41;56;85m▀[0m[38;2;42;56;102m[48;2;42;57;90m▀[0m[38;2;43;57;105m[48;2;41;56;101m▀[0m[38;2;45;57;107m[48;2;44;57;107m▀[0m[38;2;45;58;107m[48;2;48;59;115m▀[0m[38;2;42;57;104m[48;2;50;61;123m▀[0m[38;2;25;24;35m[48;2;28;16;19m▀[0m[38;2;45;57;107m▄[0m[38;2;42;56;95m▄[0m[38;2;0;0;0m[48;2;42;57;91m▀[0m[38;2;68;79;119m[48;2;41;56;102m▀[0m[38;2;45;57;107m[48;2;45;58;109m▀[0m[38;2;51;63;123m[48;2;49;62;124m▀[0m[38;2;160;210;235m▀[0m[38;2;160;210;235m▀[0m[38;2;116;174;209m▀[0m    
    [38;2;139;183;202m[48;2;123;184;220m▀[0m[38;2;146;191;211m[48;2;161;210;235m▀[0m[38;2;43;56;103m[48;2;161;211;235m▀[0m[38;2;42;56;98m[48;2;167;216;240m▀[0m[38;2;41;56;102m[48;2;47;58;114m▀[0m[38;2;44;57;107m[48;2;44;58;109m▀[0m[38;2;47;58;115m[48;2;43;57;104m▀[0m[38;2;48;59;116m[48;2;44;57;108m▀[0m[38;2;44;58;109m[48;2;45;58;109m▀[0m[38;2;45;57;108m[48;2;44;57;107m▀[0m[38;2;48;59;115m[48;2;43;57;105m▀[0m[38;2;47;59;118m[48;2;41;56;101m▀[0m[38;2;46;58;111m[48;2;41;56;88m▀[0m[38;2;255;255;255m[48;2;121;125;133m▀[0m[38;2;255;255;255m[48;2;253;253;254m▀[0m[38;2;255;255;255m[48;2;207;214;231m▀[0m[38;2;46;59;113m[48;2;46;58;111m▀[0m[38;2;48;58;117m[48;2;48;59;117m▀[0m[38;2;48;59;116m[48;2;48;59;117m▀[0m[38;2;44;58;108m[48;2;169;103;106m▀[0m[38;2;39;55;100m[48;2;76;43;45m▀[0m[38;2;223;129;132m[48;2;42;56;89m▀[0m[38;2;42;57;94m[48;2;45;57;76m▀[0m[38;2;41;56;86m[48;2;42;57;80m▀[0m[38;2;40;56;85m[48;2;42;56;88m▀[0m[38;2;42;56;96m[48;2;42;56;96m▀[0m[38;2;44;57;106m[48;2;43;57;105m▀[0m[38;2;47;59;113m[48;2;44;58;109m▀[0m[38;2;1;1;1m▀[0m       
    [38;2;66;98;116m▀[0m[38;2;115;172;205m[48;2;115;171;205m▀[0m[38;2;155;207;233m[48;2;115;171;205m▀[0m[38;2;160;210;235m[48;2;123;184;221m▀[0m[38;2;160;210;235m[48;2;100;139;164m▀[0m[38;2;160;210;234m[48;2;157;208;234m▀[0m[38;2;161;210;235m[48;2;160;210;235m▀[0m[38;2;160;210;234m[48;2;161;210;235m▀[0m[38;2;172;227;244m[48;2;160;210;235m▀[0m[38;2;147;195;212m[48;2;160;210;235m▀[0m[38;2;104;138;150m[48;2;160;210;235m▀[0m[38;2;107;140;153m[48;2;160;210;235m▀[0m[38;2;148;196;214m[48;2;149;204;232m▀[0m[38;2;90;125;145m[48;2;125;180;214m▀[0m[38;2;43;58;102m[48;2;59;87;103m▀[0m[38;2;42;56;103m[48;2;101;56;57m▀[0m[38;2;44;57;107m[48;2;124;76;78m▀[0m[38;2;51;28;37m[48;2;46;58;110m▀[0m[38;2;217;133;137m[48;2;45;58;110m▀[0m[38;2;49;60;117m[48;2;47;58;113m▀[0m[38;2;44;57;108m[48;2;45;57;108m▀[0m[38;2;42;56;104m[48;2;42;56;101m▀[0m[38;2;41;56;99m[48;2;41;56;96m▀[0m[38;2;42;57;94m[48;2;41;56;102m▀[0m[38;2;42;57;94m[48;2;41;56;101m▀[0m[38;2;43;56;103m[48;2;42;55;102m▀[0m[38;2;44;57;107m[48;2;48;62;116m▀[0m[38;2;48;59;115m[48;2;48;59;116m▀[0m[38;2;46;58;117m▄[0m       
   [38;2;147;192;216m▄[0m[38;2;159;212;241m[48;2;160;210;235m▀[0m[38;2;118;175;209m[48;2;45;59;108m▀[0m[38;2;242;140;143m[48;2;42;56;97m▀[0m[38;2;116;173;207m[48;2;235;138;139m▀[0m[38;2;118;173;207m[48;2;213;131;135m▀[0m[38;2;136;188;222m[48;2;215;132;137m▀[0m[38;2;130;183;217m[48;2;114;64;68m▀[0m[38;2;122;176;210m[48;2;61;90;108m▀[0m[38;2;118;174;208m[48;2;140;195;230m▀[0m[38;2;114;171;205m[48;2;140;196;231m▀[0m[38;2;115;172;206m[48;2;122;181;217m▀[0m[38;2;115;171;205m[48;2;115;171;205m▀[0m[38;2;115;171;205m[48;2;197;131;135m▀[0m[38;2;115;171;205m[48;2;191;127;130m▀[0m[38;2;196;128;131m[48;2;191;126;129m▀[0m[38;2;48;59;114m[48;2;191;127;131m▀[0m[38;2;47;59;119m[48;2;21;29;63m▀[0m[38;2;48;59;116m[48;2;45;58;109m▀[0m[38;2;47;59;112m[48;2;47;59;112m▀[0m[38;2;42;57;104m[48;2;47;59;118m▀[0m[38;2;43;57;105m[48;2;48;59;119m▀[0m[38;2;44;58;108m[48;2;49;61;124m▀[0m[38;2;46;59;112m[48;2;48;61;115m▀[0m[38;2;45;57;108m[48;2;83;52;54m▀[0m[38;2;42;57;104m▀[0m [38;2;21;23;31m▀[0m[38;2;34;37;48m▀[0m        
   [38;2;214;233;244m[48;2;120;157;173m▀[0m[38;2;159;209;234m[48;2;39;53;80m▀[0m[38;2;44;57;106m[48;2;42;56;96m▀[0m[38;2;42;56;95m[48;2;41;56;102m▀[0m[38;2;42;57;92m[48;2;44;57;106m▀[0m[38;2;38;52;91m▀[0m[38;2;212;131;135m▀[0m[38;2;212;131;135m[48;2;1;1;1m▀[0m[38;2;212;131;135m[48;2;216;132;136m▀[0m[38;2;208;130;133m[48;2;212;130;134m▀[0m[38;2;198;127;131m[48;2;212;130;134m▀[0m[38;2;192;127;131m[48;2;210;130;134m▀[0m[38;2;115;171;205m[48;2;160;211;235m▀[0m[38;2;101;60;63m[48;2;160;210;234m▀[0m[38;2;190;125;129m[48;2;196;128;132m▀[0m[38;2;190;125;129m[48;2;193;126;130m▀[0m[38;2;190;126;130m[48;2;192;127;132m▀[0m[38;2;189;126;130m[48;2;193;127;130m▀[0m[38;2;189;126;130m[48;2;189;126;130m▀[0m[38;2;44;57;107m[48;2;90;97;142m▀[0m[38;2;46;58;111m[48;2;41;56;102m▀[0m[38;2;48;59;114m[48;2;42;57;93m▀[0m[38;2;45;57;107m[48;2;42;57;81m▀[0m[38;2;46;60;113m[48;2;44;57;76m▀[0m[38;2;43;59;88m▄[0m            
              [38;2;14;7;7m▀[0m[38;2;161;210;235m[48;2;169;222;243m▀[0m[38;2;160;210;235m[48;2;212;232;244m▀[0m[38;2;80;45;47m[48;2;162;213;237m▀[0m[38;2;95;54;56m▀[0m[38;2;43;25;25m▀[0m   [38;2;48;60;120m[48;2;97;104;148m▀[0m[38;2;47;59;118m[48;2;42;56;96m▀[0m[38;2;45;57;107m[48;2;42;57;89m▀[0m[38;2;42;56;95m[48;2;40;56;82m▀[0m[38;2;41;56;101m[48;2;42;57;81m▀[0m[38;2;0;0;0m[48;2;42;58;99m▀[0m           
                [38;2;160;210;235m▀[0m[38;2;161;211;235m▀[0m      [38;2;87;95;141m▀[0m[38;2;42;56;96m[48;2;1;1;2m▀[0m[38;2;42;56;91m[48;2;99;107;141m▀[0m[38;2;42;57;90m[48;2;8;8;10m▀[0m[38;2;9;11;18m▀[0m           
                                        
                                        
                                        
