                                        
                                        
              [38;2;156;154;144m[48;2;230;201;139m▀[0m[38;2;197;173;120m[48;2;226;197;136m▀[0m                        
          [38;2;255;237;156m▄[0m[38;2;253;232;152m▄[0m[38;2;254;233;158m▄[0m[38;2;254;238;198m[48;2;179;169;148m▀[0m[38;2;226;197;136m[48;2;226;196;136m▀[0m[38;2;239;208;139m[48;2;240;209;140m▀[0m[38;2;244;213;143m▄[0m[38;2;184;160;111m▄[0m[38;2;226;197;136m▄[0m[38;2;4;2;2m[48;2;234;205;141m▀[0m[38;2;2;2;2m▀[0m                   
          [38;2;59;54;36m▀[0m[38;2;254;232;153m[48;2;254;232;153m▀[0m[38;2;221;207;141m[48;2;255;235;153m▀[0m[38;2;161;140;96m[48;2;210;184;132m▀[0m[38;2;231;201;139m[48;2;226;197;136m▀[0m[38;2;226;198;136m[48;2;226;197;136m▀[0m[38;2;240;211;142m[48;2;240;209;140m▀[0m[38;2;249;222;144m[48;2;170;67;63m▀[0m[38;2;9;8;5m[48;2;178;71;68m▀[0m           [38;2;212;110;100m▄[0m[38;2;192;88;79m▄[0m[38;2;42;20;19m▄[0m       
           [38;2;254;231;153m[48;2;255;255;237m▀[0m[38;2;218;191;134m[48;2;214;187;133m▀[0m[38;2;214;187;133m[48;2;245;216;141m▀[0m[38;2;188;165;116m[48;2;254;232;153m▀[0m[38;2;223;194;135m[48;2;214;187;133m▀[0m[38;2;200;90;78m[48;2;193;89;79m▀[0m[38;2;191;87;79m[48;2;0;0;0m▀[0m[38;2;191;88;79m[48;2;7;7;7m▀[0m[38;2;218;106;93m[48;2;0;0;0m▀[0m[38;2;210;101;91m▄[0m       [38;2;17;9;9m▄[0m[38;2;211;111;101m[48;2;214;110;100m▀[0m[38;2;212;110;101m[48;2;212;110;100m▀[0m[38;2;211;107;97m[48;2;233;187;186m▀[0m[38;2;192;88;79m[48;2;189;87;80m▀[0m[38;2;187;87;78m[48;2;188;86;79m▀[0m      
           [38;2;254;254;233m▀[0m[38;2;175;68;63m[48;2;219;110;99m▀[0m[38;2;170;67;63m[48;2;174;70;66m▀[0m[38;2;65;61;40m[48;2;169;66;63m▀[0m[38;2;101;92;62m[48;2;171;67;63m▀[0m[38;2;186;83;77m[48;2;171;68;64m▀[0m[38;2;105;110;119m[48;2;0;0;0m▀[0m[38;2;255;255;255m[48;2;255;255;255m▀[0m[38;2;0;0;0m[48;2;0;0;0m▀[0m[38;2;111;52;47m[48;2;157;47;54m▀[0m[38;2;225;123;115m[48;2;190;87;80m▀[0m[38;2;13;7;6m▄[0m     [38;2;211;110;101m[48;2;225;112;97m▀[0m[38;2;217;110;99m[48;2;212;110;101m▀[0m[38;2;223;111;97m[48;2;219;111;98m▀[0m[38;2;235;180;176m[48;2;215;110;100m▀[0m[38;2;178;73;67m[48;2;198;96;87m▀[0m[38;2;191;88;81m[48;2;186;78;70m▀[0m[38;2;169;67;63m[48;2;174;68;63m▀[0m[38;2;170;67;64m▄[0m    
            [38;2;213;110;101m[48;2;232;220;206m▀[0m[38;2;191;87;79m[48;2;200;105;99m▀[0m[38;2;181;70;62m[48;2;169;66;63m▀[0m[38;2;187;72;66m[48;2;194;183;170m▀[0m[38;2;199;188;175m[48;2;195;184;172m▀[0m[38;2;186;82;77m[48;2;42;41;39m▀[0m[38;2;117;38;42m[48;2;190;87;80m▀[0m[38;2;164;57;58m[48;2;190;87;80m▀[0m[38;2;165;51;57m[48;2;191;87;79m▀[0m[38;2;191;88;78m[48;2;190;87;80m▀[0m[38;2;193;89;80m[48;2;190;87;80m▀[0m[38;2;137;72;66m▄[0m   [38;2;213;110;100m[48;2;211;109;100m▀[0m[38;2;211;110;101m[48;2;174;72;67m▀[0m[38;2;212;110;101m[48;2;2;1;1m▀[0m[38;2;211;110;101m[48;2;215;110;98m▀[0m[38;2;213;110;100m[48;2;212;110;100m▀[0m[38;2;222;110;97m[48;2;222;111;98m▀[0m[38;2;176;68;63m[48;2;174;67;63m▀[0m[38;2;187;73;68m[48;2;0;0;0m▀[0m[38;2;169;66;63m[48;2;147;80;78m▀[0m[38;2;181;78;72m[48;2;11;5;5m▀[0m   
            [38;2;228;217;203m[48;2;228;216;202m▀[0m[38;2;27;22;21m[48;2;239;231;223m▀[0m[38;2;191;180;166m[48;2;191;179;165m▀[0m[38;2;195;184;171m[48;2;13;20;24m▀[0m[38;2;47;44;41m[48;2;71;141;187m▀[0m[38;2;71;141;187m[48;2;71;141;187m▀[0m[38;2;89;152;201m[48;2;21;29;36m▀[0m[38;2;190;87;79m[48;2;89;157;207m▀[0m[38;2;191;87;80m[48;2;189;87;80m▀[0m[38;2;193;88;79m[48;2;189;87;80m▀[0m[38;2;198;89;79m[48;2;190;87;80m▀[0m[38;2;202;92;80m[48;2;190;87;80m▀[0m[38;2;208;106;97m▄[0m[38;2;218;113;102m▄[0m [38;2;141;55;52m▀[0m[38;2;169;67;63m[48;2;193;89;80m▀[0m[38;2;0;0;0m[48;2;213;201;187m▀[0m[38;2;1;1;1m[48;2;4;4;4m▀[0m[38;2;170;67;63m[48;2;0;0;0m▀[0m[38;2;169;66;63m[48;2;169;66;63m▀[0m[38;2;176;69;65m[48;2;0;0;0m▀[0m[38;2;0;0;0m[48;2;0;0;0m▀[0m[38;2;161;73;71m[48;2;20;19;17m▀[0m    
           [38;2;228;114;98m▄[0m[38;2;122;175;222m[48;2;5;10;13m▀[0m[38;2;22;25;26m[48;2;154;194;229m▀[0m[38;2;71;141;187m[48;2;71;141;186m▀[0m[38;2;71;141;187m[48;2;71;141;187m▀[0m[38;2;71;141;187m[48;2;77;150;199m▀[0m[38;2;62;121;159m[48;2;71;141;186m▀[0m[38;2;93;156;205m[48;2;86;152;201m▀[0m[38;2;94;158;207m[48;2;213;200;185m▀[0m[38;2;209;95;84m[48;2;209;195;178m▀[0m[38;2;196;89;79m[48;2;200;90;79m▀[0m[38;2;190;87;80m[48;2;189;87;80m▀[0m[38;2;189;87;80m[48;2;190;87;80m▀[0m[38;2;190;87;79m[48;2;156;73;72m▀[0m[38;2;168;78;70m[48;2;170;67;63m▀[0m[38;2;202;91;79m[48;2;185;83;77m▀[0m  [38;2;78;76;70m[48;2;221;110;97m▀[0m[38;2;8;8;8m[48;2;152;144;134m▀[0m[38;2;0;0;0m[48;2;11;10;10m▀[0m[38;2;0;0;0m[48;2;83;83;83m▀[0m[38;2;44;43;44m[48;2;198;188;174m▀[0m[38;2;65;65;65m[48;2;82;82;82m▀[0m[38;2;186;176;164m[48;2;197;186;172m▀[0m    
            [38;2;124;177;223m[48;2;111;105;98m▀[0m[38;2;106;172;224m[48;2;122;175;222m▀[0m[38;2;67;121;160m[48;2;113;169;216m▀[0m[38;2;73;141;187m[48;2;71;141;187m▀[0m[38;2;71;141;187m[48;2;12;15;17m▀[0m[38;2;76;148;197m[48;2;195;184;172m▀[0m[38;2;192;182;168m[48;2;192;180;166m▀[0m[38;2;209;197;182m[48;2;195;184;172m▀[0m[38;2;213;200;185m[48;2;194;183;171m▀[0m[38;2;116;54;50m[48;2;193;184;170m▀[0m[38;2;190;87;80m[48;2;196;89;79m▀[0m[38;2;190;87;80m[48;2;191;87;80m▀[0m[38;2;90;35;33m[48;2;183;80;75m▀[0m[38;2;184;81;75m[48;2;175;69;65m▀[0m[38;2;213;110;99m[48;2;194;101;91m▀[0m[38;2;234;138;130m[48;2;218;106;92m▀[0m[38;2;216;111;99m[48;2;189;87;80m▀[0m[38;2;192;87;79m[48;2;91;44;40m▀[0m[38;2;232;218;203m[48;2;96;90;85m▀[0m[38;2;76;75;75m[48;2;233;222;208m▀[0m[38;2;233;222;208m[48;2;231;220;206m▀[0m[38;2;220;207;192m[48;2;233;222;208m▀[0m[38;2;192;180;166m[48;2;195;184;172m▀[0m[38;2;195;184;172m[48;2;5;5;4m▀[0m    
       [38;2;228;114;101m▄[0m[38;2;224;111;96m▄[0m[38;2;212;110;100m▄[0m[38;2;210;108;99m▄[0m[38;2;212;106;95m▄[0m[38;2;212;109;100m▄[0m[38;2;233;222;208m[48;2;218;206;190m▀[0m[38;2;154;148;142m[48;2;241;229;213m▀[0m[38;2;193;182;168m[48;2;101;42;40m▀[0m[38;2;194;183;169m[48;2;195;184;172m▀[0m[38;2;195;184;172m[48;2;194;183;170m▀[0m[38;2;192;181;167m[48;2;195;184;172m▀[0m[38;2;200;189;175m[48;2;181;70;62m▀[0m[38;2;191;179;165m[48;2;187;73;65m▀[0m[38;2;192;181;167m[48;2;190;180;168m▀[0m[38;2;183;82;73m[48;2;187;177;165m▀[0m[38;2;191;88;79m[48;2;184;82;76m▀[0m[38;2;190;87;80m[48;2;189;87;80m▀[0m[38;2;190;87;80m[48;2;189;87;80m▀[0m[38;2;187;81;74m[48;2;189;87;80m▀[0m[38;2;212;109;99m▄[0m   [38;2;0;0;0m▀[0m[38;2;194;184;170m▀[0m[38;2;196;185;172m▀[0m[38;2;0;0;0m▀[0m     
   [38;2;53;28;26m▄[0m[38;2;0;0;0m[48;2;213;105;92m▀[0m[38;2;237;149;135m[48;2;211;106;95m▀[0m[38;2;215;110;100m[48;2;202;101;92m▀[0m[38;2;216;110;99m[48;2;197;95;87m▀[0m[38;2;205;100;90m[48;2;191;89;82m▀[0m[38;2;190;88;80m[48;2;189;87;80m▀[0m[38;2;192;88;79m[48;2;189;87;80m▀[0m[38;2;191;87;79m[48;2;202;90;77m▀[0m[38;2;199;89;79m[48;2;191;87;79m▀[0m[38;2;133;63;58m[48;2;191;87;80m▀[0m[38;2;198;185;171m[48;2;22;11;10m▀[0m[38;2;192;88;81m[48;2;223;146;142m▀[0m[38;2;184;71;65m[48;2;169;66;63m▀[0m[38;2;193;183;170m[48;2;169;67;63m▀[0m[38;2;196;186;172m[48;2;172;68;64m▀[0m[38;2;169;67;63m[48;2;175;67;63m▀[0m[38;2;169;67;63m[48;2;169;67;63m▀[0m[38;2;180;70;62m[48;2;172;68;63m▀[0m[38;2;178;69;62m[48;2;176;67;63m▀[0m[38;2;170;68;64m[48;2;171;67;63m▀[0m[38;2;180;71;63m[48;2;77;73;67m▀[0m[38;2;181;171;159m[48;2;194;184;171m▀[0m[38;2;140;53;49m[48;2;191;180;165m▀[0m[38;2;193;89;78m[48;2;168;66;62m▀[0m[38;2;1;0;0m[48;2;194;93;85m▀[0m[38;2;255;233;154m▄[0m[38;2;244;214;143m▄[0m[38;2;223;215;144m▄[0m        
  [38;2;229;119;110m▄[0m[38;2;212;108;99m[48;2;181;71;63m▀[0m[38;2;193;88;79m[48;2;195;89;78m▀[0m[38;2;194;88;79m[48;2;211;111;101m▀[0m[38;2;189;87;80m[48;2;179;70;66m▀[0m[38;2;190;87;80m[48;2;154;60;58m▀[0m[38;2;207;105;95m[48;2;216;111;99m▀[0m[38;2;201;92;85m[48;2;216;105;93m▀[0m[38;2;189;87;80m[48;2;170;69;64m▀[0m[38;2;194;89;79m[48;2;191;88;80m▀[0m[38;2;189;87;80m[48;2;189;87;80m▀[0m[38;2;189;87;80m[48;2;189;87;80m▀[0m[38;2;232;115;99m[48;2;177;74;70m▀[0m[38;2;224;111;97m[48;2;211;110;101m▀[0m[38;2;207;99;87m[48;2;71;44;41m▀[0m[38;2;176;68;63m[48;2;231;220;206m▀[0m[38;2;171;67;63m[48;2;213;200;185m▀[0m[38;2;169;67;63m[48;2;175;72;67m▀[0m[38;2;168;66;63m[48;2;172;67;63m▀[0m[38;2;169;67;63m[48;2;174;68;63m▀[0m[38;2;170;67;63m[48;2;187;73;66m▀[0m[38;2;44;19;17m[48;2;213;200;185m▀[0m[38;2;196;185;171m[48;2;206;194;180m▀[0m[38;2;194;183;171m[48;2;194;183;170m▀[0m[38;2;195;184;172m[48;2;195;184;172m▀[0m[38;2;14;13;12m[48;2;190;178;165m▀[0m[38;2;179;69;63m[48;2;180;170;157m▀[0m[38;2;215;102;90m[48;2;58;24;22m▀[0m[38;2;174;67;63m[48;2;220;112;100m▀[0m[38;2;200;89;77m[48;2;186;82;76m▀[0m[38;2;193;88;80m[48;2;173;68;64m▀[0m[38;2;196;89;79m[48;2;179;74;67m▀[0m[38;2;190;87;79m▄[0m[38;2;93;44;40m▄[0m    
  [38;2;211;109;100m[48;2;207;104;95m▀[0m[38;2;169;68;63m[48;2;170;67;63m▀[0m[38;2;184;79;72m▀[0m[38;2;211;110;101m[48;2;52;23;22m▀[0m[38;2;174;71;67m[48;2;169;67;63m▀[0m [38;2;181;71;67m▀[0m[38;2;182;70;61m[48;2;1;1;0m▀[0m[38;2;0;0;0m[48;2;0;0;0m▀[0m[38;2;0;0;0m[48;2;0;0;0m▀[0m[38;2;189;86;79m[48;2;0;0;0m▀[0m[38;2;198;90;79m[48;2;90;84;78m▀[0m[38;2;27;25;24m[48;2;192;181;168m▀[0m[38;2;208;197;184m[48;2;44;42;39m▀[0m[38;2;193;88;78m▀[0m[38;2;233;222;208m[48;2;22;16;16m▀[0m[38;2;222;209;195m[48;2;232;222;208m▀[0m[38;2;211;199;182m[48;2;221;208;195m▀[0m[38;2;192;89;82m[48;2;213;200;185m▀[0m[38;2;174;71;66m[48;2;213;107;99m▀[0m[38;2;211;196;180m[48;2;227;127;116m▀[0m[38;2;218;205;189m[48;2;218;110;98m▀[0m[38;2;196;184;171m[48;2;82;80;73m▀[0m[38;2;195;184;172m[48;2;182;172;159m▀[0m[38;2;178;169;158m[48;2;191;179;167m▀[0m[38;2;208;194;179m[48;2;181;71;62m▀[0m[38;2;172;163;151m[48;2;71;37;33m▀[0m[38;2;225;112;98m[48;2;211;110;101m▀[0m[38;2;218;133;127m[48;2;211;110;100m▀[0m[38;2;212;110;100m[48;2;212;110;100m▀[0m[38;2;169;66;63m[48;2;169;67;63m▀[0m[38;2;100;40;38m▄[0m[38;2;1;0;0m▀[0m[38;2;179;76;71m▀[0m[38;2;204;93;83m[48;2;122;50;47m▀[0m[38;2;167;78;71m▄[0m  
  [38;2;74;37;34m▀[0m     [38;2;5;4;4m▄[0m[38;2;0;0;0m[48;2;82;82;82m▀[0m[38;2;78;77;77m[48;2;17;17;16m▀[0m[38;2;83;82;82m[48;2;213;201;185m▀[0m[38;2;216;203;188m[48;2;192;181;167m▀[0m[38;2;170;76;70m[48;2;206;95;82m▀[0m[38;2;149;145;134m[48;2;172;67;63m▀[0m[38;2;177;73;69m▄[0m[38;2;125;87;87m[48;2;84;45;44m▀[0m[38;2;144;80;78m[48;2;172;69;64m▀[0m[38;2;33;19;19m[48;2;124;87;87m▀[0m[38;2;139;129;119m[48;2;83;58;58m▀[0m[38;2;223;210;194m[48;2;127;87;88m▀[0m[38;2;212;198;183m▀[0m[38;2;219;111;98m[48;2;212;110;100m▀[0m[38;2;100;53;47m[48;2;212;110;101m▀[0m[38;2;168;77;71m[48;2;89;57;55m▀[0m[38;2;180;171;159m[48;2;178;167;155m▀[0m[38;2;181;171;160m[48;2;184;173;162m▀[0m[38;2;179;169;157m[48;2;188;176;165m▀[0m[38;2;189;98;91m[48;2;203;93;84m▀[0m[38;2;214;111;102m[48;2;18;8;7m▀[0m[38;2;220;111;98m[48;2;209;106;96m▀[0m[38;2;201;90;79m[48;2;169;66;63m▀[0m[38;2;177;69;62m[48;2;170;67;63m▀[0m[38;2;170;67;62m[48;2;151;61;57m▀[0m[38;2;0;0;0m▄[0m     
      [38;2;233;222;208m▀[0m[38;2;229;217;204m[48;2;127;121;114m▀[0m[38;2;233;222;208m[48;2;201;190;177m▀[0m[38;2;231;220;206m[48;2;195;184;171m▀[0m[38;2;194;184;171m[48;2;3;3;3m▀[0m[38;2;199;188;175m▀[0m[38;2;218;112;102m[48;2;178;73;69m▀[0m[38;2;169;67;63m[48;2;171;67;64m▀[0m[38;2;177;73;68m[48;2;192;87;77m▀[0m[38;2;197;89;78m[48;2;198;90;81m▀[0m[38;2;60;28;25m[48;2;130;88;86m▀[0m[38;2;124;87;87m[48;2;125;86;88m▀[0m[38;2;36;24;24m[48;2;125;86;87m▀[0m[38;2;135;90;86m[48;2;126;87;87m▀[0m[38;2;129;87;87m[48;2;185;74;65m▀[0m [38;2;212;110;100m▀[0m[38;2;214;110;100m[48;2;211;110;101m▀[0m[38;2;207;105;96m[48;2;213;115;107m▀[0m[38;2;77;32;29m▄[0m  [38;2;190;87;80m[48;2;189;87;80m▀[0m[38;2;189;87;80m[48;2;190;87;80m▀[0m[38;2;177;70;65m[48;2;189;86;80m▀[0m[38;2;174;67;63m[48;2;170;67;63m▀[0m[38;2;178;69;63m[48;2;169;66;63m▀[0m[38;2;176;69;63m[48;2;178;70;63m▀[0m[38;2;179;71;65m[48;2;169;67;63m▀[0m     
            [38;2;169;67;63m[48;2;170;67;63m▀[0m[38;2;173;67;64m▀[0m[38;2;234;234;235m▀[0m[38;2;173;177;185m▀[0m[38;2;135;89;86m▀[0m[38;2;30;21;21m[48;2;213;218;228m▀[0m[38;2;212;217;226m▀[0m[38;2;131;84;84m▀[0m   [38;2;0;0;0m▀[0m[38;2;240;190;188m[48;2;201;92;81m▀[0m   [38;2;0;0;0m▀[0m[38;2;191;88;79m▀[0m[38;2;35;16;15m[48;2;255;255;255m▀[0m[38;2;169;66;63m▀[0m[38;2;172;67;63m▀[0m[38;2;173;68;63m▀[0m[38;2;255;255;255m▀[0m[38;2;0;0;0m▀[0m    
            [38;2;0;0;0m▀[0m                           
                                        
