                                        
                   [38;2;230;222;198m[48;2;234;226;190m▀[0m[38;2;47;44;32m▄[0m                   
                  [38;2;221;207;147m[48;2;233;220;182m▀[0m[38;2;235;224;188m[48;2;235;225;187m▀[0m[38;2;199;185;136m[48;2;192;182;134m▀[0m[38;2;0;0;0m▄[0m                  
                [38;2;0;0;0m▄[0m[38;2;217;203;144m[48;2;218;203;144m▀[0m[38;2;232;221;176m[48;2;222;210;153m▀[0m[38;2;235;225;189m[48;2;229;221;189m▀[0m[38;2;192;182;134m[48;2;192;182;135m▀[0m[38;2;218;205;146m[48;2;204;192;140m▀[0m                  
             [38;2;0;0;0m▄[0m[38;2;221;209;147m▄[0m[38;2;2;2;1m[48;2;221;209;147m▀[0m[38;2;221;207;147m[48;2;220;207;147m▀[0m[38;2;221;206;146m[48;2;217;200;141m▀[0m[38;2;221;208;147m[48;2;221;210;146m▀[0m[38;2;225;214;174m[48;2;215;205;149m▀[0m[38;2;190;176;132m[48;2;196;182;132m▀[0m[38;2;186;174;133m[48;2;184;173;128m▀[0m[38;2;192;181;134m[48;2;189;176;130m▀[0m[38;2;92;87;65m[48;2;191;182;133m▀[0m[38;2;189;178;133m▄[0m[38;2;17;15;11m▄[0m              
           [38;2;75;70;54m▄[0m[38;2;194;182;131m[48;2;230;218;181m▀[0m[38;2;227;216;171m[48;2;230;220;187m▀[0m[38;2;224;211;154m[48;2;226;214;171m▀[0m[38;2;221;208;147m[48;2;219;206;146m▀[0m[38;2;215;201;142m[48;2;221;207;147m▀[0m[38;2;219;202;143m[48;2;221;208;147m▀[0m[38;2;217;204;146m[48;2;219;203;146m▀[0m[38;2;221;209;147m[48;2;219;203;147m▀[0m[38;2;209;193;140m[48;2;217;201;144m▀[0m[38;2;54;49;37m[48;2;200;188;139m▀[0m[38;2;187;176;134m[48;2;185;174;133m▀[0m[38;2;190;177;131m[48;2;189;178;133m▀[0m[38;2;192;184;135m[48;2;193;182;135m▀[0m[38;2;199;186;137m[48;2;197;180;131m▀[0m[38;2;218;202;146m[48;2;204;191;139m▀[0m[38;2;232;219;154m▄[0m            
          [38;2;0;0;0m[48;2;234;220;157m▀[0m[38;2;234;224;186m[48;2;244;232;192m▀[0m[38;2;230;220;186m[48;2;229;218;172m▀[0m[38;2;231;219;174m[48;2;225;212;162m▀[0m[38;2;222;210;155m[48;2;221;208;148m▀[0m[38;2;219;203;146m[48;2;218;205;147m▀[0m[38;2;221;208;147m[48;2;221;208;147m▀[0m[38;2;221;207;147m[48;2;217;203;147m▀[0m[38;2;216;203;147m[48;2;221;209;147m▀[0m[38;2;218;201;144m[48;2;218;201;145m▀[0m[38;2;221;208;147m[48;2;219;206;146m▀[0m[38;2;216;199;141m[48;2;217;203;146m▀[0m[38;2;189;178;134m[48;2;202;190;140m▀[0m[38;2;184;173;132m[48;2;185;172;131m▀[0m[38;2;186;176;134m[48;2;187;173;129m▀[0m[38;2;204;192;139m[48;2;190;178;133m▀[0m[38;2;203;191;139m[48;2;204;192;139m▀[0m[38;2;215;202;142m[48;2;206;193;138m▀[0m[38;2;6;5;4m[48;2;217;206;146m▀[0m           
          [38;2;135;230;193m[48;2;0;0;0m▀[0m[38;2;134;230;193m[48;2;134;230;193m▀[0m[38;2;92;132;108m[48;2;133;229;191m▀[0m[38;2;218;202;145m[48;2;219;208;149m▀[0m[38;2;218;206;147m[48;2;216;204;148m▀[0m[38;2;215;205;147m[48;2;48;45;33m▀[0m[38;2;218;202;146m[48;2;134;230;193m▀[0m[38;2;23;16;16m[48;2;134;230;193m▀[0m[38;2;134;229;191m[48;2;134;230;193m▀[0m[38;2;134;230;193m[48;2;134;230;193m▀[0m[38;2;132;227;190m[48;2;134;230;193m▀[0m[38;2;115;197;152m[48;2;134;230;192m▀[0m[38;2;76;72;53m[48;2;129;221;181m▀[0m[38;2;185;175;134m[48;2;113;177;140m▀[0m[38;2;185;172;129m[48;2;195;185;139m▀[0m[38;2;185;173;131m[48;2;186;173;131m▀[0m[38;2;199;187;139m[48;2;183;174;133m▀[0m[38;2;202;190;139m[48;2;191;181;135m▀[0m[38;2;217;204;144m[48;2;205;192;138m▀[0m[38;2;154;143;106m▄[0m          
         [38;2;233;223;185m[48;2;228;217;169m▀[0m[38;2;230;218;172m[48;2;218;206;147m▀[0m[38;2;4;3;3m[48;2;214;199;143m▀[0m[38;2;134;230;193m[48;2;134;230;193m▀[0m[38;2;98;138;115m[48;2;135;226;189m▀[0m[38;2;32;30;22m[48;2;135;229;193m▀[0m[38;2;134;230;192m[48;2;134;230;193m▀[0m[38;2;134;230;193m[48;2;51;61;54m▀[0m[38;2;131;217;180m[48;2;231;223;181m▀[0m[38;2;46;45;31m[48;2;226;216;169m▀[0m[38;2;193;182;132m[48;2;218;206;146m▀[0m[38;2;68;64;45m[48;2;221;207;147m▀[0m[38;2;99;143;116m[48;2;221;205;145m▀[0m[38;2;123;200;164m[48;2;197;187;139m▀[0m[38;2;111;178;139m[48;2;111;178;139m▀[0m[38;2;112;177;141m[48;2;111;178;139m▀[0m[38;2;197;186;137m[48;2;113;176;140m▀[0m[38;2;189;180;134m[48;2;189;176;130m▀[0m[38;2;189;178;133m[48;2;188;178;133m▀[0m[38;2;190;182;134m[48;2;191;180;132m▀[0m[38;2;202;189;141m[48;2;161;148;111m▀[0m          
         [38;2;36;35;28m▀[0m[38;2;210;197;142m[48;2;160;144;113m▀[0m[38;2;214;198;142m[48;2;156;141;111m▀[0m[38;2;128;219;181m[48;2;115;182;144m▀[0m[38;2;134;229;192m[48;2;110;182;141m▀[0m[38;2;134;230;193m[48;2;111;178;139m▀[0m[38;2;114;187;145m[48;2;49;45;33m▀[0m[38;2;233;224;187m[48;2;225;210;165m▀[0m[38;2;233;225;186m[48;2;229;217;171m▀[0m[38;2;223;213;169m[48;2;221;211;149m▀[0m[38;2;219;205;145m[48;2;221;210;148m▀[0m[38;2;219;207;147m[48;2;218;206;148m▀[0m[38;2;221;207;147m[48;2;220;209;147m▀[0m[38;2;221;207;148m[48;2;220;207;147m▀[0m[38;2;53;51;38m[48;2;184;172;131m▀[0m[38;2;111;178;140m[48;2;111;178;140m▀[0m[38;2;111;178;141m[48;2;111;181;141m▀[0m[38;2;197;188;140m[48;2;27;25;20m▀[0m[38;2;191;182;134m[48;2;154;139;111m▀[0m[38;2;191;180;133m[48;2;4;3;2m▀[0m           
          [38;2;0;0;0m▀[0m[38;2;155;139;111m▀[0m[38;2;154;139;112m[48;2;163;147;114m▀[0m[38;2;114;176;142m[48;2;144;130;103m▀[0m[38;2;112;176;140m[48;2;155;139;111m▀[0m[38;2;0;0;0m[48;2;154;139;111m▀[0m[38;2;198;187;133m[48;2;156;140;111m▀[0m[38;2;221;209;147m[48;2;158;143;111m▀[0m[38;2;221;208;146m[48;2;189;175;129m▀[0m[38;2;221;207;147m[48;2;200;186;136m▀[0m[38;2;216;201;144m[48;2;184;170;128m▀[0m[38;2;219;207;146m[48;2;156;140;109m▀[0m[38;2;229;214;157m[48;2;157;137;111m▀[0m[38;2;158;142;114m[48;2;99;87;69m▀[0m[38;2;146;132;105m[48;2;154;137;108m▀[0m[38;2;154;138;111m[48;2;157;141;111m▀[0m[38;2;156;136;108m[48;2;11;10;8m▀[0m[38;2;146;131;106m▀[0m            
        [38;2;0;0;0m▄[0m[38;2;225;212;167m▄[0m[38;2;220;205;146m▄[0m[38;2;201;191;150m[48;2;218;204;145m▀[0m[38;2;166;151;118m[48;2;174;161;121m▀[0m[38;2;21;18;14m[48;2;162;146;112m▀[0m[38;2;157;138;111m[48;2;150;135;108m▀[0m[38;2;155;139;110m[48;2;150;136;108m▀[0m[38;2;155;140;109m[48;2;123;112;88m▀[0m[38;2;11;10;8m[48;2;159;142;111m▀[0m[38;2;159;144;114m[48;2;157;141;110m▀[0m[38;2;157;142;111m[48;2;157;142;112m▀[0m[38;2;155;137;111m[48;2;157;139;110m▀[0m[38;2;124;111;88m[48;2;160;144;114m▀[0m[38;2;156;141;113m[48;2;8;7;6m▀[0m[38;2;155;138;109m[48;2;152;133;106m▀[0m[38;2;162;146;116m[48;2;150;134;106m▀[0m[38;2;148;133;105m▄[0m[38;2;0;0;0m▄[0m             
     [38;2;9;8;7m▄[0m[38;2;220;207;146m▄[0m[38;2;234;224;175m[48;2;218;206;146m▀[0m[38;2;220;207;146m[48;2;219;203;144m▀[0m[38;2;221;210;147m[48;2;221;209;147m▀[0m[38;2;219;206;145m[48;2;218;200;142m▀[0m[38;2;221;209;147m[48;2;221;209;147m▀[0m[38;2;190;178;132m[48;2;205;190;139m▀[0m[38;2;144;131;100m[48;2;131;213;180m▀[0m[38;2;89;153;113m[48;2;113;179;149m▀[0m[38;2;87;156;113m[48;2;159;144;115m▀[0m[38;2;87;156;114m[48;2;151;135;109m▀[0m[38;2;87;155;114m[48;2;90;156;114m▀[0m[38;2;71;65;51m[48;2;87;154;114m▀[0m[38;2;151;136;107m[48;2;159;144;114m▀[0m[38;2;151;136;108m[48;2;150;136;108m▀[0m[38;2;151;137;107m[48;2;151;137;107m▀[0m[38;2;151;137;107m[48;2;152;136;109m▀[0m[38;2;151;134;106m[48;2;152;138;109m▀[0m[38;2;151;134;106m[48;2;153;138;111m▀[0m[38;2;151;137;108m[48;2;165;151;118m▀[0m[38;2;152;138;110m[48;2;193;180;133m▀[0m[38;2;169;154;117m[48;2;216;199;143m▀[0m[38;2;0;0;0m[48;2;219;206;146m▀[0m[38;2;228;214;154m▄[0m          
   [38;2;228;216;167m▄[0m[38;2;244;232;182m[48;2;220;205;145m▀[0m[38;2;221;209;147m[48;2;217;200;141m▀[0m[38;2;217;205;147m[48;2;218;206;146m▀[0m[38;2;217;204;147m[48;2;215;202;142m▀[0m[38;2;221;208;147m[48;2;208;194;138m▀[0m[38;2;216;203;147m[48;2;75;71;54m▀[0m[38;2;187;178;133m▀[0m[38;2;58;55;43m▀[0m [38;2;136;228;192m[48;2;45;44;37m▀[0m[38;2;231;220;186m[48;2;235;223;186m▀[0m[38;2;220;208;162m[48;2;229;218;170m▀[0m[38;2;191;177;131m[48;2;217;204;147m▀[0m[38;2;168;155;119m[48;2;216;200;142m▀[0m[38;2;95;162;122m[48;2;23;23;16m▀[0m[38;2;92;158;117m[48;2;132;227;189m▀[0m[38;2;160;147;114m[48;2;235;219;159m▀[0m[38;2;165;154;118m[48;2;214;200;142m▀[0m[38;2;176;163;124m[48;2;217;203;147m▀[0m[38;2;190;177;131m[48;2;218;205;147m▀[0m[38;2;213;197;142m[48;2;218;204;146m▀[0m[38;2;215;198;141m[48;2;217;204;147m▀[0m[38;2;220;206;147m[48;2;221;207;147m▀[0m[38;2;220;206;147m[48;2;220;207;146m▀[0m[38;2;217;205;147m[48;2;220;204;145m▀[0m[38;2;217;205;148m[48;2;217;202;145m▀[0m[38;2;216;204;148m[48;2;216;204;147m▀[0m[38;2;0;0;0m[48;2;219;206;146m▀[0m[38;2;62;58;43m▄[0m       
  [38;2;209;200;156m[48;2;226;213;150m▀[0m[38;2;221;208;147m[48;2;217;202;145m▀[0m[38;2;221;208;148m[48;2;217;201;144m▀[0m[38;2;220;209;147m[48;2;221;209;147m▀[0m[38;2;217;204;147m[48;2;188;177;135m▀[0m[38;2;175;165;125m▀[0m     [38;2;140;130;96m[48;2;0;0;0m▀[0m[38;2;226;213;170m[48;2;196;180;133m▀[0m[38;2;220;207;147m[48;2;201;189;138m▀[0m[38;2;218;202;145m[48;2;209;196;142m▀[0m[38;2;218;203;146m[48;2;212;198;144m▀[0m[38;2;73;70;50m[48;2;132;217;183m▀[0m[38;2;134;230;192m[48;2;132;226;189m▀[0m[38;2;73;64;60m[48;2;132;226;188m▀[0m[38;2;116;110;79m[48;2;131;224;187m▀[0m[38;2;111;106;75m[48;2;118;203;164m▀[0m[38;2;26;18;16m[48;2;108;184;139m▀[0m[38;2;105;178;135m[48;2;92;84;68m▀[0m[38;2;51;48;34m▀[0m[38;2;215;201;144m▀[0m[38;2;217;203;144m[48;2;173;164;117m▀[0m[38;2;217;203;147m[48;2;217;205;147m▀[0m[38;2;219;203;147m[48;2;216;200;141m▀[0m[38;2;215;205;147m[48;2;216;201;143m▀[0m[38;2;217;205;148m[48;2;219;202;147m▀[0m[38;2;217;205;147m[48;2;224;211;159m▀[0m[38;2;231;216;152m[48;2;221;210;147m▀[0m[38;2;221;210;147m▄[0m     
   [38;2;218;202;146m[48;2;0;0;0m▀[0m[38;2;218;201;144m[48;2;187;178;133m▀[0m[38;2;134;127;97m▀[0m        [38;2;134;121;93m▀[0m[38;2;163;146;113m[48;2;90;162;118m▀[0m[38;2;162;148;115m[48;2;86;160;116m▀[0m[38;2;10;9;8m[48;2;85;160;115m▀[0m[38;2;119;200;165m[48;2;86;160;116m▀[0m[38;2;117;196;160m[48;2;156;142;111m▀[0m[38;2;181;164;123m[48;2;152;137;108m▀[0m[38;2;163;148;115m[48;2;152;137;109m▀[0m[38;2;152;136;108m[48;2;151;137;107m▀[0m[38;2;150;133;108m[48;2;10;9;7m▀[0m[38;2;44;40;31m▀[0m   [38;2;0;0;0m▀[0m[38;2;221;208;147m▀[0m[38;2;217;201;144m[48;2;216;204;147m▀[0m[38;2;223;212;165m[48;2;224;211;155m▀[0m[38;2;226;214;165m[48;2;223;214;170m▀[0m[38;2;227;215;169m[48;2;228;216;170m▀[0m[38;2;226;212;167m[48;2;228;216;170m▀[0m[38;2;221;208;147m[48;2;227;216;169m▀[0m[38;2;223;212;152m▄[0m   
                [38;2;0;0;0m▀[0m[38;2;156;141;111m[48;2;153;138;107m▀[0m[38;2;150;136;108m[48;2;150;136;108m▀[0m[38;2;151;136;108m[48;2;152;139;107m▀[0m[38;2;149;134;108m[48;2;149;135;108m▀[0m[38;2;17;15;13m[48;2;150;132;107m▀[0m[38;2;9;8;6m▄[0m        [38;2;221;206;152m▀[0m[38;2;227;216;170m[48;2;226;213;171m▀[0m[38;2;227;216;170m[48;2;228;216;170m▀[0m[38;2;228;216;170m[48;2;225;210;165m▀[0m[38;2;227;217;170m[48;2;227;214;168m▀[0m[38;2;226;215;171m[48;2;226;214;167m▀[0m[38;2;231;217;172m[48;2;177;165;127m▀[0m  
                 [38;2;198;181;151m▀[0m[38;2;190;174;144m[48;2;190;174;144m▀[0m[38;2;181;161;127m[48;2;181;165;132m▀[0m[38;2;156;138;109m[48;2;156;138;109m▀[0m[38;2;172;154;117m[48;2;0;0;0m▀[0m           [38;2;225;212;170m[48;2;34;32;24m▀[0m[38;2;223;213;170m[48;2;224;210;167m▀[0m[38;2;228;217;170m[48;2;209;197;143m▀[0m[38;2;186;175;132m[48;2;179;166;128m▀[0m[38;2;72;68;51m▀[0m  
                  [38;2;50;45;38m▀[0m[38;2;183;162;127m[48;2;203;191;144m▀[0m[38;2;164;146;114m▀[0m             [38;2;224;210;167m[48;2;15;14;11m▀[0m[38;2;179;171;130m[48;2;118;113;86m▀[0m[38;2;14;14;10m▀[0m   
                                        
