                                        
                  [38;2;119;122;123m[48;2;129;133;134m▀[0m[38;2;138;142;145m[48;2;130;138;144m▀[0m[38;2;131;139;145m▄[0m[38;2;4;4;4m▄[0m  [38;2;1;1;1m▄[0m               
                  [38;2;110;113;115m[48;2;35;35;36m▀[0m[38;2;130;138;144m[48;2;138;145;151m▀[0m[38;2;130;138;144m[48;2;0;0;0m▀[0m[38;2;133;141;146m▀[0m[38;2;130;138;144m[48;2;75;80;83m▀[0m[38;2;131;139;144m[48;2;133;141;146m▀[0m[38;2;68;72;74m▀[0m               
                  [38;2;12;12;12m[48;2;8;8;8m▀[0m[38;2;152;159;164m[48;2;156;162;167m▀[0m[38;2;0;0;0m▄[0m [38;2;144;151;157m[48;2;160;166;171m▀[0m[38;2;135;142;147m[48;2;140;148;154m▀[0m                
                  [38;2;2;2;2m[48;2;1;1;1m▀[0m[38;2;152;159;165m[48;2;149;156;161m▀[0m[38;2;0;0;0m[48;2;2;2;3m▀[0m [38;2;132;140;146m[48;2;129;138;143m▀[0m[38;2;5;5;6m▀[0m                
                   [38;2;131;139;145m[48;2;130;138;144m▀[0m[38;2;5;5;5m[48;2;145;154;160m▀[0m[38;2;158;162;163m[48;2;150;157;162m▀[0m[38;2;131;139;145m[48;2;17;19;19m▀[0m                 
               [38;2;134;119;137m▄[0m[38;2;209;179;218m▄[0m[38;2;2;2;2m[48;2;205;172;214m▀[0m[38;2;120;107;125m[48;2;200;169;208m▀[0m[38;2;216;184;226m[48;2;138;117;143m▀[0m[38;2;2;2;3m[48;2;205;173;214m▀[0m[38;2;131;139;145m[48;2;200;170;206m▀[0m[38;2;203;172;210m▄[0m                 
             [38;2;114;107;117m▄[0m[38;2;230;216;237m[48;2;200;169;208m▀[0m[38;2;200;170;207m[48;2;206;173;214m▀[0m[38;2;206;173;216m[48;2;154;123;170m▀[0m[38;2;206;174;216m[48;2;148;118;163m▀[0m[38;2;206;173;217m[48;2;113;90;125m▀[0m[38;2;206;174;216m[48;2;203;171;212m▀[0m[38;2;70;59;72m[48;2;206;174;216m▀[0m[38;2;202;171;209m[48;2;206;174;216m▀[0m[38;2;200;169;206m[48;2;206;174;216m▀[0m[38;2;206;175;215m[48;2;206;174;215m▀[0m[38;2;211;185;219m▄[0m     [38;2;38;39;39m▄[0m[38;2;98;100;102m▀[0m        
           [38;2;1;1;1m▄[0m[38;2;174;147;188m[48;2;166;134;182m▀[0m[38;2;152;126;166m[48;2;153;125;166m▀[0m[38;2;202;172;209m[48;2;77;66;80m▀[0m[38;2;200;169;207m[48;2;200;169;208m▀[0m[38;2;46;39;49m[48;2;206;174;216m▀[0m[38;2;145;116;160m[48;2;88;70;97m▀[0m[38;2;145;116;160m[48;2;4;4;5m▀[0m[38;2;168;142;175m[48;2;203;172;211m▀[0m[38;2;206;174;216m[48;2;200;170;208m▀[0m[38;2;28;24;30m[48;2;206;173;216m▀[0m[38;2;206;174;216m[48;2;6;5;6m▀[0m[38;2;158;126;177m[48;2;150;119;167m▀[0m[38;2;215;192;223m[48;2;150;118;166m▀[0m[38;2;51;46;53m[48;2;211;188;216m▀[0m   [38;2;173;178;182m▄[0m[38;2;136;143;148m[48;2;130;138;144m▀[0m[38;2;139;147;153m[48;2;129;138;143m▀[0m        
           [38;2;178;149;193m[48;2;129;109;140m▀[0m[38;2;156;127;171m[48;2;217;185;223m▀[0m[38;2;156;128;172m[48;2;215;182;222m▀[0m[38;2;146;120;160m[48;2;57;45;63m▀[0m[38;2;200;169;205m[48;2;205;172;213m▀[0m[38;2;205;173;214m[48;2;205;173;214m▀[0m[38;2;204;172;211m[48;2;203;172;210m▀[0m[38;2;205;173;214m[48;2;213;180;221m▀[0m[38;2;207;174;217m[48;2;0;0;0m▀[0m[38;2;215;182;225m[48;2;0;0;0m▀[0m[38;2;200;170;207m[48;2;195;166;201m▀[0m[38;2;205;173;214m[48;2;193;163;202m▀[0m[38;2;150;119;167m[48;2;205;173;214m▀[0m[38;2;157;126;176m[48;2;207;177;216m▀[0m[38;2;215;192;223m[48;2;215;192;223m▀[0m[38;2;91;81;93m[48;2;211;188;217m▀[0m [38;2;2;3;3m[48;2;141;148;154m▀[0m[38;2;62;66;69m[48;2;130;138;144m▀[0m[38;2;128;137;143m[48;2;130;138;144m▀[0m[38;2;10;11;11m[48;2;130;138;144m▀[0m[38;2;130;138;144m▄[0m       
          [38;2;138;124;143m[48;2;230;205;236m▀[0m[38;2;223;205;231m[48;2;218;201;221m▀[0m[38;2;205;173;214m[48;2;205;173;214m▀[0m[38;2;206;174;215m[48;2;206;174;215m▀[0m[38;2;205;173;215m[48;2;206;174;215m▀[0m[38;2;206;173;216m[48;2;206;174;216m▀[0m[38;2;206;174;216m[48;2;205;173;215m▀[0m[38;2;206;173;216m[48;2;207;174;217m▀[0m[38;2;0;0;0m[48;2;160;161;161m▀[0m[38;2;0;0;0m[48;2;255;255;255m▀[0m[38;2;0;0;0m[48;2;0;0;0m▀[0m[38;2;0;0;0m[48;2;0;0;0m▀[0m[38;2;47;40;49m[48;2;215;181;226m▀[0m[38;2;205;173;214m[48;2;200;169;206m▀[0m[38;2;204;173;213m[48;2;155;122;173m▀[0m[38;2;209;186;214m[48;2;151;122;169m▀[0m[38;2;211;188;217m[48;2;209;182;218m▀[0m[38;2;120;101;124m▄[0m[38;2;146;155;161m[48;2;130;138;143m▀[0m[38;2;133;141;146m[48;2;130;138;144m▀[0m[38;2;132;140;145m[48;2;130;138;144m▀[0m[38;2;129;138;143m[48;2;131;139;145m▀[0m[38;2;130;139;145m[48;2;3;3;3m▀[0m       
          [38;2;174;155;181m[48;2;103;93;107m▀[0m[38;2;215;194;220m[48;2;211;189;216m▀[0m[38;2;200;169;205m[48;2;206;174;216m▀[0m[38;2;206;173;215m[48;2;200;169;208m▀[0m[38;2;206;174;216m[48;2;200;170;206m▀[0m[38;2;206;174;215m[48;2;204;172;212m▀[0m[38;2;206;174;215m[48;2;200;169;206m▀[0m[38;2;188;158;197m[48;2;26;22;26m▀[0m[38;2;255;255;255m[48;2;255;255;255m▀[0m[38;2;255;255;255m[48;2;255;255;255m▀[0m[38;2;255;255;255m[48;2;255;255;255m▀[0m[38;2;0;0;0m[48;2;0;0;0m▀[0m[38;2;209;176;219m[48;2;205;173;212m▀[0m[38;2;206;174;215m[48;2;200;170;208m▀[0m[38;2;145;116;161m[48;2;143;114;159m▀[0m[38;2;146;116;162m[48;2;150;119;167m▀[0m[38;2;202;171;209m[48;2;116;99;120m▀[0m[38;2;202;171;208m[48;2;202;172;210m▀[0m[38;2;133;141;146m[48;2;130;138;144m▀[0m[38;2;133;141;146m[48;2;130;138;144m▀[0m[38;2;134;142;147m[48;2;128;137;143m▀[0m[38;2;134;141;147m▄[0m[38;2;137;144;150m▄[0m       
          [38;2;173;154;180m[48;2;228;203;233m▀[0m[38;2;217;194;225m[48;2;217;200;223m▀[0m[38;2;206;173;215m[48;2;200;170;208m▀[0m[38;2;200;169;205m[48;2;205;173;214m▀[0m[38;2;200;170;206m[48;2;205;173;215m▀[0m[38;2;200;170;206m[48;2;201;170;207m▀[0m[38;2;200;169;208m[48;2;200;169;208m▀[0m[38;2;11;9;11m[48;2;113;96;117m▀[0m[38;2;255;255;255m[48;2;236;237;242m▀[0m[38;2;255;255;255m[48;2;255;255;255m▀[0m[38;2;255;255;255m[48;2;250;251;251m▀[0m[38;2;30;30;30m[48;2;35;34;34m▀[0m[38;2;209;176;218m[48;2;209;176;219m▀[0m[38;2;201;170;208m[48;2;206;174;215m▀[0m[38;2;200;170;207m[48;2;203;172;210m▀[0m[38;2;198;167;208m[48;2;206;174;215m▀[0m[38;2;222;187;233m[48;2;202;171;209m▀[0m[38;2;206;174;216m[48;2;206;174;215m▀[0m[38;2;134;141;147m[48;2;140;147;153m▀[0m[38;2;133;141;147m[48;2;153;160;165m▀[0m[38;2;157;163;168m[48;2;197;201;203m▀[0m[38;2;180;185;187m[48;2;130;134;136m▀[0m[38;2;186;190;192m[48;2;9;9;10m▀[0m       
          [38;2;219;196;224m[48;2;176;150;192m▀[0m[38;2;225;210;233m[48;2;226;211;235m▀[0m[38;2;194;162;200m[48;2;196;163;205m▀[0m[38;2;199;169;206m[48;2;197;163;207m▀[0m[38;2;200;170;206m[48;2;215;180;225m▀[0m[38;2;98;83;103m[48;2;81;63;92m▀[0m[38;2;206;174;216m[48;2;200;168;209m▀[0m[38;2;210;177;220m[48;2;196;164;202m▀[0m[38;2;237;239;244m[48;2;37;36;36m▀[0m[38;2;234;236;240m[48;2;234;235;241m▀[0m[38;2;110;112;113m[48;2;35;34;34m▀[0m[38;2;35;35;35m[48;2;3;3;3m▀[0m[38;2;213;180;225m[48;2;44;36;45m▀[0m[38;2;38;32;41m[48;2;213;179;223m▀[0m[38;2;147;117;162m[48;2;148;118;163m▀[0m[38;2;200;170;208m[48;2;141;113;157m▀[0m[38;2;206;173;214m[48;2;200;170;207m▀[0m[38;2;206;173;216m[48;2;218;188;227m▀[0m[38;2;182;187;189m[48;2;186;190;192m▀[0m[38;2;180;185;187m[48;2;186;190;192m▀[0m[38;2;180;185;187m[48;2;191;196;198m▀[0m[38;2;183;188;190m[48;2;183;188;190m▀[0m[38;2;180;185;188m[48;2;184;189;191m▀[0m       
          [38;2;179;152;194m[48;2;250;212;207m▀[0m[38;2;226;210;235m[48;2;243;198;192m▀[0m[38;2;196;162;206m[48;2;251;209;203m▀[0m[38;2;197;163;207m[48;2;226;191;187m▀[0m[38;2;152;121;171m[48;2;232;156;146m▀[0m[38;2;156;124;172m[48;2;146;116;160m▀[0m[38;2;197;163;207m[48;2;197;163;208m▀[0m[38;2;194;161;202m[48;2;192;160;199m▀[0m[38;2;189;159;196m[48;2;192;160;199m▀[0m[38;2;36;35;35m[48;2;196;163;206m▀[0m[38;2;36;35;35m[48;2;190;156;202m▀[0m[38;2;197;163;207m[48;2;177;143;185m▀[0m[38;2;197;163;207m[48;2;170;138;179m▀[0m[38;2;197;163;207m[48;2;170;139;181m▀[0m[38;2;216;182;226m[48;2;168;137;175m▀[0m[38;2;206;174;216m[48;2;171;138;178m▀[0m[38;2;205;173;214m[48;2;194;162;199m▀[0m[38;2;41;48;54m[48;2;136;144;150m▀[0m[38;2;182;187;190m[48;2;165;171;175m▀[0m[38;2;185;189;192m[48;2;180;185;187m▀[0m[38;2;186;190;192m[48;2;180;185;188m▀[0m[38;2;0;0;0m[48;2;185;189;191m▀[0m        
          [38;2;98;65;61m▀[0m[38;2;229;152;141m[48;2;238;179;170m▀[0m[38;2;229;152;142m[48;2;232;165;156m▀[0m[38;2;228;152;141m[48;2;228;153;142m▀[0m[38;2;228;153;142m[48;2;228;151;141m▀[0m[38;2;228;152;141m[48;2;14;9;10m▀[0m[38;2;199;166;207m[48;2;228;153;142m▀[0m[38;2;192;160;199m[48;2;176;142;185m▀[0m[38;2;194;160;204m[48;2;165;135;173m▀[0m[38;2;169;138;179m[48;2;166;135;174m▀[0m[38;2;146;120;155m[48;2;166;135;174m▀[0m[38;2;169;138;179m[48;2;169;139;180m▀[0m[38;2;165;135;172m[48;2;169;138;179m▀[0m[38;2;165;135;172m[48;2;169;138;179m▀[0m[38;2;166;136;173m[48;2;173;141;182m▀[0m[38;2;169;139;180m[48;2;73;61;77m▀[0m[38;2;0;0;0m▀[0m[38;2;119;126;131m[48;2;134;141;147m▀[0m[38;2;158;165;170m[48;2;171;176;180m▀[0m[38;2;179;184;187m[48;2;180;185;187m▀[0m[38;2;180;185;187m[48;2;188;192;195m▀[0m[38;2;180;185;187m▀[0m        
         [38;2;176;181;184m▄[0m[38;2;134;142;147m▄[0m[38;2;133;141;146m[48;2;130;138;144m▀[0m[38;2;80;84;87m[48;2;128;137;143m▀[0m[38;2;103;84;109m[48;2;11;10;13m▀[0m[38;2;23;14;14m[48;2;165;135;173m▀[0m[38;2;228;152;141m[48;2;166;136;173m▀[0m[38;2;231;155;144m[48;2;177;143;184m▀[0m[38;2;176;144;187m[48;2;165;135;173m▀[0m[38;2;169;138;179m[48;2;169;138;178m▀[0m[38;2;91;75;95m[48;2;170;138;179m▀[0m[38;2;166;135;173m[48;2;167;137;176m▀[0m[38;2;156;160;165m[48;2;150;157;162m▀[0m[38;2;148;154;159m[48;2;153;159;164m▀[0m[38;2;0;0;0m[48;2;153;159;164m▀[0m[38;2;0;0;0m[48;2;108;113;117m▀[0m  [38;2;127;134;138m▀[0m[38;2;105;108;109m[48;2;135;142;147m▀[0m[38;2;186;190;192m[48;2;186;190;192m▀[0m[38;2;180;185;187m[48;2;186;190;192m▀[0m[38;2;60;62;63m▀[0m        
       [38;2;150;157;163m▄[0m[38;2;149;156;160m[48;2;134;141;147m▀[0m[38;2;130;138;144m[48;2;128;137;143m▀[0m[38;2;130;138;144m[48;2;103;110;114m▀[0m[38;2;149;157;163m[48;2;133;141;147m▀[0m[38;2;20;21;23m▀[0m [38;2;208;177;215m▀[0m[38;2;165;134;172m[48;2;183;155;189m▀[0m[38;2;166;135;173m[48;2;166;135;174m▀[0m[38;2;166;134;173m[48;2;166;135;174m▀[0m[38;2;172;139;178m[48;2;167;136;174m▀[0m[38;2;165;134;172m[48;2;169;138;178m▀[0m[38;2;169;139;180m[48;2;164;134;172m▀[0m[38;2;52;60;67m[48;2;165;135;172m▀[0m[38;2;148;155;160m[48;2;149;156;161m▀[0m[38;2;150;157;162m[48;2;152;158;164m▀[0m[38;2;157;162;168m[48;2;160;166;171m▀[0m[38;2;181;185;188m[48;2;186;190;192m▀[0m[38;2;152;155;157m[48;2;186;190;192m▀[0m[38;2;186;190;192m▄[0m[38;2;164;170;173m[48;2;10;10;10m▀[0m[38;2;22;22;23m[48;2;132;140;145m▀[0m[38;2;190;195;198m▀[0m         
       [38;2;61;63;63m▀[0m[38;2;130;138;144m▀[0m[38;2;14;15;16m▀[0m[38;2;130;138;144m▀[0m[38;2;0;0;0m▀[0m     [38;2;0;0;0m▀[0m[38;2;194;162;201m▀[0m[38;2;182;146;192m▀[0m[38;2;191;155;201m▀[0m[38;2;0;0;0m▀[0m [38;2;153;159;165m[48;2;0;0;0m▀[0m[38;2;170;175;179m[48;2;187;191;193m▀[0m[38;2;186;190;192m[48;2;8;8;8m▀[0m[38;2;186;190;192m[48;2;106;113;118m▀[0m[38;2;186;190;192m▀[0m  [38;2;54;57;59m▀[0m         
                                        
