                                        
                    [38;2;213;112;118m▀[0m                   
      [38;2;223;136;140m▄[0m[38;2;25;12;14m▄[0m[38;2;244;168;173m▄[0m   [38;2;255;243;204m[48;2;252;237;199m▀[0m       [38;2;254;173;176m▀[0m                   
    [38;2;112;98;98m▄[0m       [38;2;253;238;201m[48;2;252;237;198m▀[0m[38;2;242;224;188m[48;2;230;214;178m▀[0m    [38;2;238;155;158m▄[0m[38;2;124;62;66m▀[0m                    
    [38;2;148;105;106m▀[0m      [38;2;69;65;55m▄[0m[38;2;252;238;200m[48;2;252;237;198m▀[0m[38;2;234;217;181m[48;2;231;214;178m▀[0m[38;2;246;231;194m▄[0m           [38;2;48;64;70m[48;2;176;214;233m▀[0m  [38;2;165;205;229m▄[0m[38;2;164;204;228m[48;2;180;216;235m▀[0m   [38;2;65;84;93m▄[0m     
     [38;2;228;165;169m▀[0m[38;2;177;116;119m▄[0m   [38;2;137;142;118m▄[0m[38;2;253;239;202m[48;2;252;243;221m▀[0m[38;2;250;235;197m[48;2;219;204;171m▀[0m[38;2;237;154;159m[48;2;237;154;159m▀[0m[38;2;237;154;159m[48;2;239;154;159m▀[0m[38;2;23;11;12m[48;2;182;95;102m▀[0m[38;2;14;8;8m▀[0m        [38;2;153;207;231m[48;2;124;195;225m▀[0m[38;2;168;210;231m[48;2;118;188;221m▀[0m [38;2;122;195;225m[48;2;119;191;224m▀[0m[38;2;125;196;226m[48;2;124;194;225m▀[0m[38;2;123;193;225m[48;2;122;194;225m▀[0m[38;2;91;176;214m▄[0m[38;2;47;81;94m[48;2;162;207;230m▀[0m[38;2;172;211;231m[48;2;173;212;232m▀[0m[38;2;163;204;227m[48;2;0;0;0m▀[0m     
       [38;2;2;1;1m▀[0m  [38;2;252;247;232m[48;2;255;242;208m▀[0m[38;2;251;245;230m[48;2;252;237;200m▀[0m[38;2;209;134;139m[48;2;200;103;110m▀[0m[38;2;238;155;160m[48;2;244;230;196m▀[0m[38;2;229;135;137m[48;2;9;3;6m▀[0m[38;2;200;92;100m[48;2;106;46;52m▀[0m[38;2;0;0;0m[48;2;200;93;100m▀[0m        [38;2;117;190;223m[48;2;231;172;173m▀[0m[38;2;122;194;225m[48;2;49;90;105m▀[0m[38;2;39;115;141m[48;2;28;55;62m▀[0m[38;2;224;115;121m[48;2;223;115;121m▀[0m[38;2;10;28;35m[48;2;73;126;147m▀[0m[38;2;111;193;226m[48;2;105;43;52m▀[0m[38;2;104;184;216m[48;2;228;118;123m▀[0m[38;2;120;193;225m[48;2;125;197;226m▀[0m[38;2;116;188;221m[48;2;5;12;14m▀[0m      
         [38;2;57;54;46m▀[0m[38;2;254;242;207m[48;2;252;236;198m▀[0m[38;2;253;239;204m[48;2;252;237;198m▀[0m[38;2;252;237;199m[48;2;252;237;198m▀[0m[38;2;143;10;80m[48;2;252;237;198m▀[0m[38;2;224;0;124m[48;2;231;214;178m▀[0m[38;2;232;215;180m[48;2;230;214;178m▀[0m[38;2;200;93;100m[48;2;57;27;29m▀[0m[38;2;6;2;2m[48;2;200;93;100m▀[0m      [38;2;0;0;0m▀[0m[38;2;241;149;154m[48;2;248;128;134m▀[0m[38;2;126;67;71m[48;2;173;88;92m▀[0m[38;2;199;82;101m[48;2;192;79;99m▀[0m[38;2;226;117;123m[48;2;101;47;49m▀[0m[38;2;118;192;223m[48;2;200;83;99m▀[0m[38;2;204;84;101m[48;2;222;115;121m▀[0m[38;2;155;77;81m[48;2;114;188;221m▀[0m[38;2;112;191;222m[48;2;68;171;209m▀[0m[38;2;119;190;223m▄[0m[38;2;76;133;161m[48;2;125;191;223m▀[0m[38;2;183;222;239m[48;2;173;212;231m▀[0m[38;2;157;200;218m▀[0m   
           [38;2;252;246;230m▀[0m[38;2;252;236;198m[48;2;38;35;31m▀[0m[38;2;242;229;195m[48;2;205;95;103m▀[0m[38;2;234;218;181m▀[0m[38;2;234;217;182m[48;2;230;214;178m▀[0m[38;2;231;215;178m[48;2;231;215;179m▀[0m[38;2;200;93;100m[48;2;87;83;69m▀[0m[38;2;208;96;104m[48;2;230;121;127m▀[0m      [38;2;34;23;25m[48;2;123;195;225m▀[0m[38;2;20;33;39m[48;2;111;189;219m▀[0m[38;2;195;82;99m[48;2;98;182;213m▀[0m[38;2;96;184;220m[48;2;26;67;79m▀[0m[38;2;208;98;110m[48;2;51;120;146m▀[0m[38;2;110;186;218m[48;2;203;89;104m▀[0m[38;2;191;79;98m[48;2;192;98;104m▀[0m[38;2;226;117;122m[48;2;121;193;224m▀[0m[38;2;122;194;225m[48;2;0;0;0m▀[0m[38;2;92;176;212m▀[0m     
             [38;2;200;93;100m[48;2;200;93;100m▀[0m [38;2;252;237;198m[48;2;249;238;200m▀[0m[38;2;252;237;198m[48;2;252;237;200m▀[0m[38;2;252;237;198m[48;2;253;238;201m▀[0m[38;2;230;122;127m[48;2;226;211;175m▀[0m[38;2;229;119;126m[48;2;230;121;128m▀[0m[38;2;252;134;139m▄[0m     [38;2;60;147;181m▀[0m[38;2;60;154;193m▀[0m[38;2;67;163;198m▀[0m[38;2;125;198;228m▀[0m[38;2;104;187;221m▀[0m         
        [38;2;63;58;49m▄[0m[38;2;216;201;170m▄[0m[38;2;202;191;162m▄[0m[38;2;104;97;83m[48;2;196;185;159m▀[0m[38;2;199;188;161m[48;2;15;15;16m▀[0m[38;2;229;119;126m[48;2;230;121;127m▀[0m[38;2;40;39;39m[48;2;63;157;193m▀[0m[38;2;64;60;50m[48;2;68;173;208m▀[0m[38;2;251;237;198m[48;2;251;236;198m▀[0m[38;2;252;237;198m[48;2;253;239;203m▀[0m[38;2;233;216;180m[48;2;246;230;193m▀[0m[38;2;216;107;114m[48;2;0;0;0m▀[0m[38;2;230;121;128m[48;2;230;121;127m▀[0m[38;2;1;1;1m[48;2;230;122;128m▀[0m     [38;2;65;146;177m▀[0m[38;2;8;7;7m▄[0m           
     [38;2;30;28;23m▄[0m[38;2;247;234;199m▄[0m[38;2;253;238;202m[48;2;253;239;203m▀[0m[38;2;252;238;199m[48;2;252;237;198m▀[0m[38;2;250;237;202m[48;2;252;238;200m▀[0m[38;2;250;236;198m[48;2;251;236;198m▀[0m[38;2;18;18;19m[48;2;202;189;161m▀[0m[38;2;94;156;184m[48;2;52;54;46m▀[0m[38;2;230;121;127m[48;2;230;122;127m▀[0m[38;2;57;153;188m[48;2;25;81;100m▀[0m[38;2;68;160;195m[48;2;64;166;203m▀[0m[38;2;251;237;198m[48;2;251;236;197m▀[0m[38;2;253;239;202m[48;2;251;237;198m▀[0m[38;2;251;237;198m[48;2;252;237;198m▀[0m[38;2;234;217;181m[48;2;231;214;178m▀[0m[38;2;0;0;0m[48;2;50;104;125m▀[0m[38;2;230;122;127m[48;2;218;106;114m▀[0m[38;2;230;122;127m[48;2;230;121;127m▀[0m[38;2;230;121;127m▄[0m[38;2;1;1;1m▄[0m    [38;2;70;164;199m▀[0m[38;2;121;193;225m[48;2;0;0;0m▀[0m[38;2;30;51;60m[48;2;90;173;207m▀[0m[38;2;36;62;73m▄[0m[38;2;48;81;95m▄[0m[38;2;15;41;51m▄[0m     
    [38;2;251;237;198m▄[0m[38;2;252;239;203m[48;2;250;247;239m▀[0m[38;2;252;238;201m[48;2;252;237;198m▀[0m[38;2;252;238;200m[48;2;253;239;202m▀[0m[38;2;251;237;198m[48;2;252;237;198m▀[0m[38;2;251;237;198m[48;2;238;221;185m▀[0m[38;2;229;214;179m[48;2;227;212;177m▀[0m[38;2;197;186;159m[48;2;0;0;0m▀[0m[38;2;194;101;107m[48;2;233;123;129m▀[0m[38;2;230;122;127m[48;2;230;121;127m▀[0m[38;2;42;31;29m[48;2;43;20;21m▀[0m[38;2;94;29;43m▀[0m[38;2;248;234;195m[48;2;251;237;199m▀[0m[38;2;253;239;203m[48;2;253;238;201m▀[0m[38;2;247;231;195m[48;2;252;238;201m▀[0m[38;2;235;218;183m[48;2;248;233;195m▀[0m[38;2;233;216;180m[48;2;230;214;178m▀[0m[38;2;67;160;194m[48;2;8;8;8m▀[0m[38;2;233;135;140m[48;2;63;160;195m▀[0m[38;2;233;133;139m[48;2;237;152;157m▀[0m[38;2;234;133;138m[48;2;236;146;151m▀[0m[38;2;188;125;129m[48;2;237;154;159m▀[0m[38;2;237;136;142m▄[0m     [38;2;64;162;196m▀[0m[38;2;130;140;145m[48;2;117;191;220m▀[0m[38;2;118;191;228m[48;2;161;160;161m▀[0m[38;2;71;164;198m[48;2;123;195;225m▀[0m[38;2;61;155;188m▄[0m   
   [38;2;255;252;213m[48;2;252;236;198m▀[0m[38;2;250;250;246m[48;2;252;250;245m▀[0m[38;2;253;239;203m[48;2;252;237;198m▀[0m[38;2;252;238;199m[48;2;252;237;198m▀[0m[38;2;248;235;200m[48;2;254;239;203m▀[0m[38;2;252;237;199m[48;2;252;237;198m▀[0m[38;2;233;217;181m[48;2;5;5;4m▀[0m  [38;2;230;122;127m[48;2;230;122;127m▀[0m[38;2;230;121;127m[48;2;235;140;145m▀[0m[38;2;24;11;12m▀[0m [38;2;252;237;199m[48;2;251;245;225m▀[0m[38;2;251;237;198m[48;2;252;237;198m▀[0m[38;2;247;232;196m[48;2;252;237;198m▀[0m[38;2;252;237;198m[48;2;252;237;199m▀[0m[38;2;231;214;178m[48;2;242;226;188m▀[0m[38;2;231;215;180m[48;2;241;224;187m▀[0m[38;2;60;156;193m[48;2;117;105;85m▀[0m[38;2;169;77;84m[48;2;59;154;192m▀[0m[38;2;236;148;154m[48;2;214;106;112m▀[0m[38;2;230;121;127m[48;2;230;121;127m▀[0m[38;2;231;126;132m[48;2;230;122;127m▀[0m[38;2;230;121;127m[48;2;230;122;127m▀[0m[38;2;230;121;127m▄[0m    [38;2;18;51;63m[48;2;57;102;120m▀[0m[38;2;163;163;163m[48;2;251;181;185m▀[0m[38;2;198;103;111m[48;2;206;99;111m▀[0m[38;2;62;162;199m[48;2;53;53;52m▀[0m   
   [38;2;248;235;200m[48;2;252;237;198m▀[0m[38;2;252;250;246m[48;2;252;238;202m▀[0m[38;2;253;238;201m[48;2;252;237;198m▀[0m[38;2;252;237;199m[48;2;252;237;198m▀[0m[38;2;252;237;198m[48;2;251;237;198m▀[0m[38;2;252;237;198m[48;2;252;237;198m▀[0m[38;2;249;234;194m▄[0m[38;2;238;126;132m▄[0m[38;2;237;151;156m[48;2;237;154;159m▀[0m[38;2;237;154;159m[48;2;237;154;159m▀[0m[38;2;237;154;158m[48;2;237;154;159m▀[0m[38;2;184;182;155m▄[0m[38;2;254;246;210m[48;2;252;237;197m▀[0m[38;2;251;242;217m[48;2;251;244;223m▀[0m[38;2;252;237;198m[48;2;252;237;198m▀[0m[38;2;251;237;198m[48;2;252;238;200m▀[0m[38;2;252;237;198m[48;2;252;237;198m▀[0m[38;2;249;234;195m[48;2;251;236;196m▀[0m[38;2;242;225;190m[48;2;241;224;187m▀[0m[38;2;240;223;187m[48;2;243;226;189m▀[0m[38;2;62;157;193m▀[0m[38;2;66;163;201m[48;2;78;32;39m▀[0m[38;2;230;121;127m[48;2;75;32;38m▀[0m[38;2;230;122;127m[48;2;230;122;127m▀[0m[38;2;230;122;128m[48;2;230;122;127m▀[0m[38;2;230;121;127m[48;2;230;122;128m▀[0m[38;2;230;122;127m[48;2;230;122;127m▀[0m[38;2;185;99;103m[48;2;230;121;128m▀[0m[38;2;121;196;226m[48;2;235;135;142m▀[0m[38;2;121;195;225m[48;2;97;154;178m▀[0m[38;2;108;107;107m[48;2;229;118;124m▀[0m[38;2;222;115;121m[48;2;199;74;96m▀[0m[38;2;178;53;83m[48;2;187;56;84m▀[0m[38;2;151;46;70m[48;2;20;6;9m▀[0m   
   [38;2;252;237;199m[48;2;253;239;203m▀[0m[38;2;252;237;198m[48;2;252;237;198m▀[0m[38;2;253;238;200m[48;2;250;237;202m▀[0m[38;2;252;237;199m[48;2;252;237;198m▀[0m[38;2;252;237;199m[48;2;252;238;199m▀[0m[38;2;252;238;200m[48;2;113;108;91m▀[0m[38;2;196;101;108m[48;2;230;122;127m▀[0m[38;2;230;123;129m[48;2;230;122;127m▀[0m[38;2;229;121;127m[48;2;230;121;127m▀[0m[38;2;230;121;127m[48;2;230;122;127m▀[0m[38;2;147;63;70m[48;2;251;245;228m▀[0m[38;2;252;238;199m[48;2;250;245;231m▀[0m[38;2;251;247;233m[48;2;252;237;198m▀[0m[38;2;252;237;198m[48;2;252;237;198m▀[0m[38;2;252;237;199m[48;2;252;237;198m▀[0m[38;2;252;237;198m[48;2;251;237;198m▀[0m[38;2;252;237;198m[48;2;252;238;200m▀[0m[38;2;246;231;192m[48;2;231;215;178m▀[0m[38;2;241;224;188m[48;2;235;221;188m▀[0m[38;2;240;224;187m[48;2;242;228;191m▀[0m   [38;2;64;30;32m▀[0m[38;2;230;121;127m[48;2;208;96;104m▀[0m[38;2;230;122;127m[48;2;232;129;135m▀[0m[38;2;230;122;127m[48;2;231;125;131m▀[0m[38;2;230;121;127m[48;2;231;123;129m▀[0m[38;2;234;136;142m[48;2;230;124;130m▀[0m[38;2;237;154;158m[48;2;60;158;197m▀[0m[38;2;63;18;29m[48;2;17;11;12m▀[0m[38;2;187;56;83m[48;2;180;54;83m▀[0m[38;2;187;56;84m▀[0m    
   [38;2;252;237;198m▀[0m[38;2;252;237;198m[48;2;251;237;198m▀[0m[38;2;253;238;202m[48;2;252;237;198m▀[0m[38;2;252;237;198m[48;2;252;237;200m▀[0m[38;2;252;237;198m[48;2;78;76;64m▀[0m[38;2;230;122;128m[48;2;107;105;89m▀[0m[38;2;230;121;127m[48;2;234;134;140m▀[0m[38;2;230;122;127m[48;2;230;121;127m▀[0m[38;2;230;122;128m[48;2;230;122;127m▀[0m[38;2;209;97;105m[48;2;253;237;199m▀[0m[38;2;250;245;232m[48;2;253;238;201m▀[0m[38;2;253;238;201m[48;2;252;237;199m▀[0m[38;2;250;237;203m[48;2;252;238;200m▀[0m[38;2;252;237;198m[48;2;252;237;198m▀[0m[38;2;252;237;198m[48;2;252;237;198m▀[0m[38;2;252;237;198m[48;2;239;221;185m▀[0m[38;2;239;223;186m[48;2;234;217;182m▀[0m[38;2;231;214;178m[48;2;231;215;178m▀[0m[38;2;231;214;179m[48;2;231;215;178m▀[0m[38;2;237;221;184m[48;2;234;218;181m▀[0m     [38;2;227;124;130m▀[0m[38;2;177;117;120m[48;2;176;106;111m▀[0m[38;2;133;87;88m▀[0m[38;2;237;153;158m▀[0m[38;2;147;96;99m[48;2;10;6;8m▀[0m       
    [38;2;165;158;132m▀[0m[38;2;252;237;198m[48;2;214;205;172m▀[0m[38;2;252;237;198m[48;2;251;236;197m▀[0m[38;2;252;238;201m[48;2;252;238;200m▀[0m[38;2;255;246;206m[48;2;252;237;198m▀[0m[38;2;236;141;146m[48;2;38;34;30m▀[0m[38;2;252;250;211m[48;2;253;238;198m▀[0m[38;2;138;65;70m[48;2;252;237;198m▀[0m[38;2;251;237;198m[48;2;253;238;202m▀[0m[38;2;252;236;198m[48;2;252;237;200m▀[0m[38;2;252;239;204m[48;2;241;224;188m▀[0m[38;2;253;239;202m[48;2;231;215;179m▀[0m[38;2;247;232;194m[48;2;230;214;178m▀[0m[38;2;230;214;178m[48;2;232;215;179m▀[0m[38;2;230;214;178m[48;2;230;214;178m▀[0m[38;2;231;215;179m[48;2;231;214;178m▀[0m[38;2;231;214;178m[48;2;230;214;178m▀[0m[38;2;231;214;178m▀[0m                  
       [38;2;234;217;182m▀[0m[38;2;230;214;178m▀[0m[38;2;231;215;178m[48;2;16;15;12m▀[0m[38;2;231;215;178m[48;2;251;235;197m▀[0m[38;2;235;218;182m[48;2;234;217;182m▀[0m[38;2;231;214;179m[48;2;227;214;182m▀[0m[38;2;231;214;179m[48;2;232;216;181m▀[0m[38;2;231;215;178m[48;2;232;215;179m▀[0m[38;2;230;214;178m[48;2;234;217;182m▀[0m[38;2;234;216;181m[48;2;229;213;177m▀[0m[38;2;225;209;175m[48;2;26;23;20m▀[0m[38;2;226;212;181m▀[0m[38;2;251;233;195m▀[0m                    
                                        
