                                        
                 [38;2;247;241;250m▄[0m[38;2;237;222;242m▄[0m[38;2;173;143;184m[48;2;232;212;238m▀[0m[38;2;241;230;245m▀[0m[38;2;3;3;4m▀[0m                  
               [38;2;244;233;246m▄[0m[38;2;244;234;247m[48;2;238;223;243m▀[0m[38;2;236;221;242m[48;2;231;212;238m▀[0m[38;2;224;198;232m[48;2;0;0;0m▀[0m                     
              [38;2;232;212;238m[48;2;230;209;237m▀[0m[38;2;231;211;238m[48;2;231;212;238m▀[0m[38;2;233;213;239m[48;2;231;212;238m▀[0m[38;2;231;212;238m[48;2;231;212;238m▀[0m                      
              [38;2;230;209;237m[48;2;229;207;236m▀[0m[38;2;230;210;237m[48;2;229;207;236m▀[0m[38;2;230;210;237m[48;2;230;210;237m▀[0m[38;2;230;209;237m[48;2;230;210;237m▀[0m[38;2;0;0;0m▄[0m[38;2;16;13;17m▄[0m[38;2;0;0;0m▄[0m[38;2;0;0;0m▄[0m                  
             [38;2;34;28;35m▄[0m[38;2;230;210;237m[48;2;44;32;48m▀[0m[38;2;231;212;238m[48;2;232;212;238m▀[0m[38;2;232;212;238m[48;2;230;210;237m▀[0m[38;2;231;211;238m[48;2;229;208;236m▀[0m[38;2;225;198;233m[48;2;230;208;237m▀[0m[38;2;216;183;227m[48;2;230;209;237m▀[0m[38;2;223;195;232m[48;2;230;209;237m▀[0m[38;2;230;209;237m[48;2;229;207;236m▀[0m[38;2;230;209;237m[48;2;229;208;236m▀[0m[38;2;230;210;237m[48;2;230;209;237m▀[0m[38;2;230;210;236m[48;2;230;210;237m▀[0m[38;2;230;209;237m▄[0m[38;2;0;0;0m▄[0m             
           [38;2;115;82;126m▄[0m[38;2;227;207;233m[48;2;244;233;247m▀[0m[38;2;236;219;241m[48;2;247;241;249m▀[0m[38;2;232;213;238m[48;2;237;222;242m▀[0m[38;2;173;134;186m[48;2;230;209;237m▀[0m[38;2;229;207;236m[48;2;229;207;236m▀[0m[38;2;228;206;236m[48;2;228;206;235m▀[0m[38;2;229;207;236m[48;2;228;205;235m▀[0m[38;2;230;209;237m[48;2;229;207;236m▀[0m[38;2;230;210;237m[48;2;230;210;237m▀[0m[38;2;230;209;237m[48;2;229;208;236m▀[0m[38;2;229;208;236m[48;2;229;206;236m▀[0m[38;2;230;210;237m[48;2;230;209;237m▀[0m[38;2;230;210;237m[48;2;230;210;237m▀[0m[38;2;230;210;237m[48;2;230;209;237m▀[0m[38;2;231;211;238m[48;2;231;211;238m▀[0m[38;2;220;196;229m[48;2;226;201;234m▀[0m[38;2;220;192;229m▄[0m           
          [38;2;215;187;226m▄[0m[38;2;229;207;236m[48;2;228;205;235m▀[0m[38;2;246;238;248m[48;2;236;219;241m▀[0m[38;2;237;221;242m[48;2;234;217;240m▀[0m[38;2;234;217;240m[48;2;229;207;236m▀[0m[38;2;230;209;237m[48;2;229;207;236m▀[0m[38;2;229;207;236m[48;2;230;209;237m▀[0m[38;2;229;207;236m[48;2;230;210;237m▀[0m[38;2;229;207;236m[48;2;230;209;237m▀[0m[38;2;228;205;235m[48;2;229;207;236m▀[0m[38;2;230;210;237m[48;2;229;208;236m▀[0m[38;2;233;213;239m[48;2;231;210;238m▀[0m[38;2;229;207;236m[48;2;229;207;236m▀[0m[38;2;229;207;236m[48;2;229;207;236m▀[0m[38;2;230;210;237m[48;2;229;208;236m▀[0m[38;2;230;210;237m[48;2;229;207;236m▀[0m[38;2;229;207;236m[48;2;226;202;234m▀[0m[38;2;222;194;231m[48;2;217;184;227m▀[0m[38;2;217;184;227m[48;2;212;175;223m▀[0m[38;2;214;180;225m▄[0m          
         [38;2;86;81;51m▄[0m[38;2;255;242;153m[48;2;255;242;153m▀[0m[38;2;255;242;153m[48;2;255;242;153m▀[0m[38;2;34;25;36m[48;2;255;242;153m▀[0m[38;2;229;207;236m[48;2;228;204;235m▀[0m[38;2;229;207;236m[48;2;229;207;236m▀[0m[38;2;228;205;235m[48;2;229;208;236m▀[0m[38;2;228;205;235m[48;2;230;209;237m▀[0m[38;2;230;209;237m[48;2;230;210;236m▀[0m[38;2;230;209;237m[48;2;20;17;12m▀[0m[38;2;229;207;236m[48;2;255;242;153m▀[0m[38;2;230;209;237m[48;2;255;242;153m▀[0m[38;2;232;213;238m[48;2;255;242;153m▀[0m[38;2;230;210;237m[48;2;210;191;217m▀[0m[38;2;228;206;235m[48;2;230;209;237m▀[0m[38;2;229;207;236m[48;2;230;209;237m▀[0m[38;2;229;207;236m[48;2;229;207;236m▀[0m[38;2;226;202;234m[48;2;218;188;229m▀[0m[38;2;210;174;223m[48;2;210;171;222m▀[0m[38;2;212;175;223m[48;2;211;172;222m▀[0m[38;2;214;180;225m[48;2;213;178;225m▀[0m[38;2;0;0;0m[48;2;217;185;227m▀[0m         
         [38;2;255;242;153m[48;2;25;25;24m▀[0m[38;2;255;242;153m[48;2;0;0;0m▀[0m[38;2;255;242;153m[48;2;255;242;153m▀[0m[38;2;255;242;153m[48;2;255;242;153m▀[0m[38;2;228;206;235m[48;2;120;94;129m▀[0m[38;2;230;209;237m[48;2;230;209;237m▀[0m[38;2;230;210;237m[48;2;231;212;237m▀[0m[38;2;229;210;236m[48;2;255;242;153m▀[0m[38;2;255;242;153m[48;2;255;242;153m▀[0m[38;2;255;242;153m[48;2;255;242;153m▀[0m[38;2;255;242;153m[48;2;255;242;153m▀[0m[38;2;255;242;153m[48;2;255;242;153m▀[0m[38;2;255;242;153m[48;2;255;242;153m▀[0m[38;2;255;242;153m[48;2;255;242;153m▀[0m[38;2;255;242;153m[48;2;255;242;153m▀[0m[38;2;231;212;238m[48;2;19;12;14m▀[0m[38;2;228;206;236m[48;2;218;187;228m▀[0m[38;2;215;181;226m[48;2;216;183;227m▀[0m[38;2;212;176;224m[48;2;213;178;225m▀[0m[38;2;212;177;224m[48;2;214;179;225m▀[0m[38;2;214;180;225m[48;2;215;181;226m▀[0m[38;2;215;181;226m[48;2;217;185;227m▀[0m         
         [38;2;0;0;0m[48;2;0;0;0m▀[0m[38;2;0;0;0m[48;2;71;71;71m▀[0m[38;2;255;242;153m[48;2;255;242;153m▀[0m[38;2;255;242;153m[48;2;255;242;153m▀[0m[38;2;255;242;153m[48;2;255;242;153m▀[0m[38;2;249;236;149m[48;2;255;242;153m▀[0m[38;2;255;242;153m[48;2;255;242;153m▀[0m[38;2;255;242;153m[48;2;255;242;153m▀[0m[38;2;255;242;153m[48;2;2;2;2m▀[0m[38;2;13;12;7m[48;2;255;255;255m▀[0m[38;2;77;73;46m[48;2;183;183;183m▀[0m[38;2;255;242;153m[48;2;0;0;0m▀[0m[38;2;255;242;153m[48;2;255;242;153m▀[0m[38;2;255;242;153m[48;2;241;228;145m▀[0m[38;2;242;230;147m[48;2;227;218;140m▀[0m[38;2;227;218;140m[48;2;227;218;140m▀[0m[38;2;217;187;226m[48;2;224;205;231m▀[0m[38;2;217;184;227m[48;2;217;184;227m▀[0m[38;2;215;181;226m[48;2;215;181;226m▀[0m[38;2;215;181;226m[48;2;215;181;226m▀[0m[38;2;215;181;226m[48;2;215;181;226m▀[0m[38;2;215;182;226m[48;2;215;182;226m▀[0m         
         [38;2;244;233;148m▀[0m[38;2;71;67;43m[48;2;227;218;141m▀[0m[38;2;255;242;153m[48;2;249;237;150m▀[0m[38;2;255;242;153m[48;2;255;242;153m▀[0m[38;2;255;242;153m[48;2;76;69;48m▀[0m[38;2;255;242;153m[48;2;247;234;148m▀[0m[38;2;255;242;153m[48;2;255;242;153m▀[0m[38;2;255;242;153m[48;2;255;242;153m▀[0m[38;2;0;0;0m[48;2;248;236;149m▀[0m[38;2;0;0;0m[48;2;0;0;0m▀[0m[38;2;23;24;23m[48;2;82;81;81m▀[0m[38;2;0;0;0m[48;2;0;0;0m▀[0m[38;2;229;219;140m[48;2;227;218;140m▀[0m[38;2;227;218;141m[48;2;227;218;141m▀[0m[38;2;227;218;140m[48;2;227;218;140m▀[0m[38;2;227;218;140m[48;2;227;218;140m▀[0m[38;2;159;134;167m[48;2;219;200;226m▀[0m[38;2;217;184;227m[48;2;218;187;228m▀[0m[38;2;216;184;227m[48;2;217;184;227m▀[0m[38;2;215;183;226m[48;2;218;188;229m▀[0m[38;2;216;183;227m[48;2;221;193;230m▀[0m[38;2;209;174;220m▀[0m         
          [38;2;226;218;140m▀[0m[38;2;227;218;140m[48;2;228;217;141m▀[0m[38;2;209;180;219m[48;2;210;176;221m▀[0m[38;2;221;193;230m[48;2;215;183;226m▀[0m[38;2;221;193;230m[48;2;215;181;226m▀[0m[38;2;93;85;57m[48;2;214;181;225m▀[0m[38;2;228;218;140m[48;2;231;219;146m▀[0m[38;2;227;218;141m[48;2;227;218;141m▀[0m[38;2;227;218;140m[48;2;227;218;141m▀[0m[38;2;227;218;140m[48;2;227;218;140m▀[0m[38;2;227;218;141m[48;2;227;218;140m▀[0m[38;2;226;217;140m[48;2;226;218;140m▀[0m[38;2;227;218;141m[48;2;227;218;140m▀[0m[38;2;227;218;140m[48;2;227;218;141m▀[0m[38;2;229;219;141m[48;2;79;63;83m▀[0m[38;2;214;185;225m[48;2;214;180;225m▀[0m[38;2;217;184;227m[48;2;221;191;230m▀[0m[38;2;221;192;230m[48;2;223;195;231m▀[0m[38;2;222;195;231m[48;2;221;193;231m▀[0m[38;2;223;196;231m▀[0m          
           [38;2;40;32;43m▀[0m[38;2;215;182;226m[48;2;0;0;0m▀[0m[38;2;214;180;225m[48;2;215;182;226m▀[0m[38;2;217;185;227m[48;2;214;180;225m▀[0m[38;2;217;185;227m[48;2;215;181;226m▀[0m[38;2;212;175;223m[48;2;214;179;225m▀[0m[38;2;29;18;30m[48;2;211;174;223m▀[0m[38;2;227;218;140m[48;2;214;179;224m▀[0m[38;2;227;218;141m[48;2;216;193;225m▀[0m[38;2;227;218;140m[48;2;144;110;156m▀[0m[38;2;227;218;140m[48;2;217;193;225m▀[0m[38;2;227;218;141m[48;2;212;181;223m▀[0m[38;2;11;8;7m[48;2;214;180;225m▀[0m[38;2;214;179;225m[48;2;215;182;226m▀[0m[38;2;218;188;229m[48;2;221;193;231m▀[0m[38;2;224;196;232m[48;2;223;195;232m▀[0m[38;2;223;196;232m▀[0m[38;2;0;0;0m▀[0m           
              [38;2;223;197;232m▀[0m[38;2;214;180;225m[48;2;0;0;0m▀[0m[38;2;214;179;225m[48;2;91;71;98m▀[0m[38;2;215;183;226m[48;2;214;180;225m▀[0m[38;2;215;183;226m[48;2;215;180;226m▀[0m[38;2;216;184;227m[48;2;215;181;226m▀[0m[38;2;214;179;225m[48;2;215;181;226m▀[0m[38;2;213;178;224m[48;2;214;179;225m▀[0m[38;2;214;180;225m[48;2;222;194;231m▀[0m[38;2;215;181;226m[48;2;134;96;147m▀[0m[38;2;215;181;226m[48;2;215;181;226m▀[0m[38;2;232;212;238m▀[0m              
             [38;2;0;0;0m[48;2;232;212;238m▀[0m[38;2;225;198;233m[48;2;231;212;238m▀[0m[38;2;223;195;232m[48;2;231;211;238m▀[0m[38;2;215;182;226m[48;2;219;188;229m▀[0m[38;2;215;182;226m[48;2;215;181;226m▀[0m[38;2;215;181;226m[48;2;176;146;186m▀[0m[38;2;214;179;225m[48;2;223;196;232m▀[0m[38;2;215;181;226m[48;2;223;196;232m▀[0m[38;2;217;184;227m[48;2;215;183;226m▀[0m[38;2;216;183;227m[48;2;217;184;227m▀[0m[38;2;215;181;226m[48;2;216;183;227m▀[0m[38;2;215;181;226m[48;2;215;181;226m▀[0m[38;2;214;179;225m[48;2;215;180;226m▀[0m[38;2;218;188;228m[48;2;212;177;224m▀[0m[38;2;215;180;226m▄[0m[38;2;224;200;232m▄[0m           
             [38;2;231;212;238m[48;2;231;212;238m▀[0m[38;2;231;212;238m[48;2;231;212;238m▀[0m[38;2;230;210;237m[48;2;229;207;236m▀[0m[38;2;223;196;232m[48;2;218;187;228m▀[0m[38;2;231;211;238m[48;2;230;209;237m▀[0m[38;2;230;208;237m[48;2;230;210;237m▀[0m[38;2;230;210;237m[48;2;231;211;238m▀[0m[38;2;231;212;238m[48;2;232;212;238m▀[0m[38;2;230;208;237m[48;2;231;212;238m▀[0m[38;2;214;180;225m[48;2;223;196;232m▀[0m[38;2;216;184;227m[48;2;217;184;227m▀[0m[38;2;216;183;227m[48;2;197;167;207m▀[0m[38;2;215;183;226m[48;2;217;185;227m▀[0m[38;2;221;194;231m▀[0m[38;2;6;5;6m▀[0m            
             [38;2;215;183;226m[48;2;0;0;0m▀[0m[38;2;222;193;231m[48;2;214;180;225m▀[0m[38;2;217;184;227m[48;2;215;182;226m▀[0m[38;2;139;115;146m[48;2;220;190;229m▀[0m[38;2;231;211;238m[48;2;220;190;230m▀[0m[38;2;230;210;237m[48;2;225;200;234m▀[0m[38;2;231;211;238m[48;2;231;211;238m▀[0m[38;2;231;212;238m[48;2;227;205;235m▀[0m[38;2;231;211;238m[48;2;223;196;232m▀[0m[38;2;223;195;232m[48;2;216;183;227m▀[0m[38;2;217;185;227m[48;2;217;185;227m▀[0m[38;2;220;191;230m[48;2;222;194;231m▀[0m               
               [38;2;0;0;0m▀[0m[38;2;15;11;17m▀[0m[38;2;80;61;86m▀[0m[38;2;217;184;227m▀[0m[38;2;215;182;226m[48;2;214;181;226m▀[0m[38;2;215;181;226m[48;2;211;175;223m▀[0m[38;2;215;180;226m[48;2;213;178;224m▀[0m[38;2;215;181;226m[48;2;198;161;209m▀[0m[38;2;215;183;226m▀[0m                
                                        
