                                        
           [38;2;160;187;92m▄[0m  [38;2;160;187;92m▄[0m [38;2;253;233;182m▄[0m[38;2;251;222;143m▄[0m  [38;2;254;252;231m▄[0m                   
        [38;2;163;191;94m[48;2;233;225;211m▀[0m[38;2;160;187;93m▄[0m[38;2;45;36;36m[48;2;160;187;92m▀[0m[38;2;160;187;93m[48;2;160;187;93m▀[0m[38;2;160;187;92m[48;2;160;187;93m▀[0m[38;2;160;187;93m[48;2;164;191;97m▀[0m[38;2;160;187;92m[48;2;166;194;102m▀[0m[38;2;26;13;20m[48;2;252;233;182m▀[0m[38;2;252;233;181m[48;2;223;213;162m▀[0m[38;2;251;222;143m[48;2;170;186;138m▀[0m[38;2;252;226;154m[48;2;252;224;145m▀[0m[38;2;252;222;143m[48;2;252;222;144m▀[0m[38;2;251;222;143m[48;2;252;222;143m▀[0m [38;2;25;15;17m▄[0m                 
        [38;2;92;78;63m▀[0m[38;2;161;188;95m[48;2;207;195;152m▀[0m[38;2;160;187;92m[48;2;160;187;92m▀[0m[38;2;160;187;93m[48;2;166;194;103m▀[0m[38;2;165;194;103m[48;2;172;202;117m▀[0m[38;2;172;202;117m[48;2;175;205;118m▀[0m[38;2;131;147;91m[48;2;254;238;185m▀[0m[38;2;252;233;182m[48;2;252;233;181m▀[0m[38;2;184;208;144m[48;2;184;209;144m▀[0m[38;2;188;211;144m[48;2;189;211;147m▀[0m[38;2;182;207;144m[48;2;190;211;147m▀[0m[38;2;252;222;143m[48;2;189;210;147m▀[0m[38;2;252;222;144m[48;2;252;223;144m▀[0m[38;2;252;222;143m[48;2;252;222;143m▀[0m[38;2;252;222;143m[48;2;255;230;148m▀[0m                 
         [38;2;252;233;182m[48;2;251;237;199m▀[0m[38;2;159;186;93m[48;2;215;229;192m▀[0m[38;2;93;97;64m[48;2;214;227;191m▀[0m[38;2;209;224;180m[48;2;193;216;150m▀[0m[38;2;189;211;147m[48;2;212;202;168m▀[0m[38;2;252;237;199m[48;2;251;238;199m▀[0m[38;2;88;71;60m[48;2;227;212;162m▀[0m[38;2;171;201;116m[48;2;53;46;36m▀[0m[38;2;186;209;137m[48;2;173;202;117m▀[0m[38;2;190;211;147m[48;2;172;202;117m▀[0m[38;2;190;211;148m[48;2;190;211;148m▀[0m[38;2;22;11;16m[48;2;190;211;147m▀[0m[38;2;252;222;143m[48;2;251;222;143m▀[0m[38;2;252;222;143m[48;2;251;222;143m▀[0m[38;2;252;223;144m[48;2;253;228;146m▀[0m                
       [38;2;41;30;29m▄[0m[38;2;253;245;205m[48;2;219;204;170m▀[0m[38;2;214;228;191m[48;2;252;237;199m▀[0m[38;2;58;45;38m[48;2;252;236;196m▀[0m[38;2;252;237;198m[48;2;249;247;209m▀[0m[38;2;251;238;198m[48;2;214;227;189m▀[0m[38;2;252;238;199m[48;2;252;237;199m▀[0m[38;2;252;237;199m[48;2;201;218;167m▀[0m[38;2;129;131;113m[48;2;207;222;174m▀[0m[38;2;118;100;78m[48;2;207;222;174m▀[0m[38;2;252;222;143m[48;2;190;215;144m▀[0m[38;2;173;203;118m[48;2;251;222;143m▀[0m[38;2;172;202;116m[48;2;172;202;117m▀[0m[38;2;189;211;147m[48;2;190;211;148m▀[0m[38;2;252;222;143m[48;2;242;211;142m▀[0m[38;2;251;222;143m[48;2;251;222;143m▀[0m[38;2;252;222;143m▄[0m[38;2;144;131;116m▄[0m               
      [38;2;179;169;144m▄[0m[38;2;251;237;199m[48;2;253;235;187m▀[0m[38;2;252;237;199m[48;2;254;237;186m▀[0m[38;2;251;237;199m[48;2;212;227;187m▀[0m[38;2;205;222;187m[48;2;203;219;184m▀[0m[38;2;209;225;187m[48;2;202;218;184m▀[0m[38;2;209;225;187m[48;2;206;223;186m▀[0m[38;2;251;237;199m[48;2;252;238;199m▀[0m[38;2;197;216;162m[48;2;170;202;115m▀[0m[38;2;216;233;182m[48;2;213;229;179m▀[0m[38;2;36;25;26m[48;2;254;255;254m▀[0m[38;2;195;216;159m[48;2;183;207;139m▀[0m[38;2;255;231;149m[48;2;152;181;100m▀[0m[38;2;148;173;98m[48;2;210;182;117m▀[0m[38;2;173;202;117m[48;2;173;202;117m▀[0m[38;2;225;192;126m[48;2;207;176;116m▀[0m[38;2;252;222;143m▀[0m[38;2;83;66;49m▀[0m                
     [38;2;28;17;16m▄[0m[38;2;252;233;182m[48;2;254;250;239m▀[0m[38;2;252;233;182m[48;2;172;157;124m▀[0m[38;2;203;219;184m[48;2;68;64;52m▀[0m[38;2;203;218;184m[48;2;209;226;189m▀[0m[38;2;204;220;185m[48;2;202;217;185m▀[0m[38;2;208;225;187m[48;2;208;225;185m▀[0m[38;2;213;227;187m[48;2;182;203;142m▀[0m[38;2;214;187;124m[48;2;189;211;146m▀[0m[38;2;230;208;132m[48;2;252;222;143m▀[0m[38;2;167;199;112m[48;2;100;112;69m▀[0m[38;2;183;210;136m[48;2;165;197;109m▀[0m[38;2;165;198;108m[48;2;165;197;108m▀[0m[38;2;165;197;107m[48;2;250;226;144m▀[0m[38;2;148;124;91m[48;2;176;208;117m▀[0m[38;2;172;202;117m[48;2;173;202;116m▀[0m[38;2;250;216;142m[48;2;42;31;31m▀[0m                  
     [38;2;221;189;124m▀[0m[38;2;235;203;134m▀[0m[38;2;234;202;133m[48;2;158;175;120m▀[0m[38;2;235;202;132m[48;2;171;201;116m▀[0m[38;2;247;216;141m[48;2;169;199;115m▀[0m[38;2;189;166;106m[48;2;173;202;116m▀[0m[38;2;252;231;167m[48;2;103;117;69m▀[0m[38;2;255;235;152m[48;2;230;197;131m▀[0m[38;2;150;175;101m[48;2;241;209;135m▀[0m[38;2;178;209;121m[48;2;122;101;67m▀[0m[38;2;253;225;151m[48;2;111;91;61m▀[0m[38;2;251;222;143m[48;2;172;202;117m▀[0m[38;2;252;223;143m[48;2;172;202;117m▀[0m[38;2;252;227;146m[48;2;174;203;119m▀[0m[38;2;172;202;117m[48;2;172;202;117m▀[0m[38;2;173;202;117m▀[0m                   
         [38;2;204;225;172m▀[0m[38;2;172;202;116m▀[0m[38;2;172;202;117m[48;2;29;15;20m▀[0m[38;2;173;202;117m[48;2;185;209;137m▀[0m[38;2;173;202;117m[48;2;173;202;117m▀[0m[38;2;173;204;116m[48;2;172;202;117m▀[0m[38;2;122;98;71m[48;2;173;202;117m▀[0m[38;2;173;202;117m[48;2;173;202;117m▀[0m[38;2;173;202;117m[48;2;164;191;97m▀[0m[38;2;172;202;117m[48;2;169;198;115m▀[0m[38;2;47;39;33m[48;2;192;213;152m▀[0m[38;2;174;203;118m▄[0m[38;2;138;143;112m[48;2;174;202;117m▀[0m[38;2;173;202;117m▄[0m[38;2;216;232;190m▀[0m                
            [38;2;202;219;182m▄[0m[38;2;38;25;28m[48;2;214;227;184m▀[0m[38;2;157;184;96m[48;2;188;208;143m▀[0m[38;2;152;181;84m[48;2;180;206;141m▀[0m[38;2;152;181;84m[48;2;51;46;38m▀[0m[38;2;184;211;143m[48;2;215;228;186m▀[0m[38;2;189;208;145m[48;2;188;211;144m▀[0m[38;2;189;211;147m[48;2;173;202;117m▀[0m[38;2;174;202;117m[48;2;173;202;118m▀[0m[38;2;173;202;118m[48;2;95;100;59m▀[0m[38;2;173;202;118m[48;2;169;196;106m▀[0m                 
    [38;2;97;105;71m▄[0m[38;2;184;209;144m▄[0m[38;2;188;211;145m▄[0m[38;2;186;211;145m▄[0m[38;2;189;211;145m▄[0m[38;2;187;211;145m▄[0m[38;2;35;25;25m[48;2;187;207;143m▀[0m[38;2;203;217;185m[48;2;186;211;147m▀[0m[38;2;201;220;177m[48;2;197;222;161m▀[0m[38;2;182;205;143m[48;2;152;170;105m▀[0m[38;2;184;209;144m[48;2;134;148;104m▀[0m[38;2;141;154;105m[48;2;203;218;184m▀[0m[38;2;206;223;185m[48;2;191;212;163m▀[0m[38;2;183;208;147m[48;2;177;204;121m▀[0m[38;2;173;202;117m[48;2;173;202;117m▀[0m[38;2;175;207;93m[48;2;157;183;85m▀[0m[38;2;167;196;105m[48;2;172;202;117m▀[0m[38;2;176;203;119m[48;2;182;91;117m▀[0m[38;2;187;93;119m▄[0m   [38;2;38;26;27m▄[0m[38;2;198;217;158m▄[0m[38;2;59;54;44m[48;2;170;201;115m▀[0m[38;2;206;223;185m[48;2;166;198;114m▀[0m[38;2;196;212;176m[48;2;168;198;115m▀[0m[38;2;83;79;65m[48;2;170;201;115m▀[0m[38;2;173;202;115m▄[0m[38;2;178;206;135m▄[0m      
    [38;2;154;139;108m▀[0m[38;2;255;241;185m▀[0m[38;2;68;67;48m▀[0m[38;2;76;79;53m[48;2;78;68;62m▀[0m[38;2;206;222;173m[48;2;55;43;40m▀[0m[38;2;208;221;180m[48;2;150;172;99m▀[0m[38;2;213;227;187m[48;2;172;202;116m▀[0m[38;2;203;220;185m[48;2;173;202;117m▀[0m[38;2;205;223;184m[48;2;178;204;123m▀[0m[38;2;201;217;178m[48;2;178;204;123m▀[0m[38;2;203;220;166m[48;2;174;203;119m▀[0m[38;2;184;208;149m[48;2;173;202;117m▀[0m[38;2;187;211;143m[48;2;173;202;117m▀[0m[38;2;173;202;117m[48;2;54;48;38m▀[0m[38;2;178;209;121m[48;2;98;51;62m▀[0m[38;2;184;91;117m[48;2;182;90;117m▀[0m[38;2;105;47;66m[48;2;182;90;117m▀[0m[38;2;182;90;117m[48;2;153;74;97m▀[0m[38;2;182;90;117m[48;2;50;43;34m▀[0m[38;2;138;74;87m[48;2;182;91;117m▀[0m [38;2;202;220;174m▄[0m[38;2;190;212;150m[48;2;165;198;113m▀[0m[38;2;169;200;114m[48;2;159;187;85m▀[0m[38;2;156;183;84m[48;2;172;202;117m▀[0m[38;2;83;88;48m[48;2;172;202;117m▀[0m[38;2;160;188;103m[48;2;173;202;117m▀[0m[38;2;72;74;44m[48;2;173;202;117m▀[0m[38;2;170;202;116m[48;2;168;197;97m▀[0m[38;2;173;201;115m[48;2;172;202;117m▀[0m[38;2;169;201;118m[48;2;170;201;115m▀[0m[38;2;110;126;75m▄[0m    
             [38;2;44;34;33m▀[0m[38;2;100;107;71m[48;2;214;144;158m▀[0m[38;2;92;97;63m[48;2;188;96;123m▀[0m[38;2;98;47;63m[48;2;182;91;117m▀[0m[38;2;182;90;117m[48;2;183;92;117m▀[0m[38;2;183;92;118m[48;2;183;91;118m▀[0m[38;2;182;90;117m[48;2;91;103;60m▀[0m[38;2;182;91;117m[48;2;172;202;116m▀[0m[38;2;173;204;117m[48;2;195;219;152m▀[0m[38;2;172;202;117m[48;2;159;177;118m▀[0m[38;2;172;202;117m[48;2;177;208;120m▀[0m[38;2;173;202;117m[48;2;172;203;117m▀[0m[38;2;178;204;120m[48;2;172;206;117m▀[0m[38;2;167;197;116m[48;2;169;200;113m▀[0m[38;2;172;202;117m[48;2;171;200;116m▀[0m[38;2;172;202;117m[48;2;172;202;117m▀[0m[38;2;158;185;84m[48;2;173;202;117m▀[0m[38;2;153;179;83m[48;2;173;202;117m▀[0m[38;2;172;201;115m[48;2;85;92;49m▀[0m[38;2;173;202;117m[48;2;173;202;117m▀[0m[38;2;97;108;52m[48;2;173;202;116m▀[0m[38;2;172;202;117m[48;2;172;202;117m▀[0m[38;2;173;202;116m[48;2;173;202;117m▀[0m    
              [38;2;224;151;166m[48;2;36;28;26m▀[0m[38;2;215;144;158m[48;2;191;216;148m▀[0m[38;2;199;116;135m[48;2;198;222;153m▀[0m[38;2;170;201;116m[48;2;189;209;144m▀[0m[38;2;186;96;122m[48;2;181;203;143m▀[0m[38;2;172;202;117m[48;2;181;208;139m▀[0m[38;2;178;209;121m[48;2;154;176;104m▀[0m[38;2;249;248;219m[48;2;171;203;120m▀[0m[38;2;236;201;128m[48;2;237;201;128m▀[0m[38;2;239;212;157m[48;2;237;201;128m▀[0m[38;2;173;202;117m[48;2;176;207;120m▀[0m[38;2;156;184;106m[48;2;171;201;117m▀[0m[38;2;164;197;114m[48;2;171;201;115m▀[0m[38;2;165;196;113m[48;2;163;191;88m▀[0m[38;2;173;202;117m[48;2;172;202;116m▀[0m[38;2;74;77;50m[48;2;173;202;117m▀[0m[38;2;173;202;118m[48;2;172;201;114m▀[0m[38;2;151;177;81m[48;2;57;53;36m▀[0m[38;2;173;202;117m[48;2;172;202;117m▀[0m[38;2;173;202;116m[48;2;164;193;99m▀[0m[38;2;172;202;117m[48;2;172;202;117m▀[0m[38;2;173;202;117m[48;2;172;202;117m▀[0m    
              [38;2;214;226;188m[48;2;203;218;184m▀[0m[38;2;180;204;143m[48;2;205;222;186m▀[0m[38;2;182;207;143m[48;2;181;205;143m▀[0m[38;2;181;205;143m[48;2;167;199;114m▀[0m[38;2;184;210;138m[48;2;173;203;118m▀[0m[38;2;179;207;128m[48;2;173;202;117m▀[0m[38;2;188;210;144m[48;2;172;202;117m▀[0m[38;2;170;201;116m[48;2;173;202;117m▀[0m[38;2;138;120;89m[48;2;173;202;117m▀[0m[38;2;237;201;128m[48;2;173;202;117m▀[0m[38;2;173;202;117m[48;2;172;202;117m▀[0m[38;2;173;203;117m[48;2;137;160;73m▀[0m[38;2;169;199;115m[48;2;161;189;92m▀[0m[38;2;173;202;117m[48;2;173;202;117m▀[0m[38;2;84;88;52m[48;2;173;202;117m▀[0m[38;2;146;169;80m[48;2;173;202;117m▀[0m[38;2;168;197;109m[48;2;173;202;117m▀[0m[38;2;172;202;117m[48;2;172;201;115m▀[0m[38;2;173;202;117m[48;2;65;64;42m▀[0m[38;2;48;41;32m[48;2;173;202;117m▀[0m[38;2;173;202;117m[48;2;173;202;117m▀[0m[38;2;172;202;117m[48;2;123;139;83m▀[0m    
              [38;2;158;164;133m▀[0m[38;2;207;224;186m[48;2;209;226;187m▀[0m[38;2;204;220;185m[48;2;208;224;184m▀[0m[38;2;202;222;174m[48;2;184;208;146m▀[0m[38;2;160;187;108m[48;2;172;202;116m▀[0m[38;2;173;202;117m[48;2;173;202;117m▀[0m[38;2;173;202;117m▀[0m[38;2;176;206;119m▀[0m[38;2;47;40;32m▀[0m[38;2;98;109;55m[48;2;158;184;85m▀[0m[38;2;159;187;87m[48;2;157;183;85m▀[0m[38;2;157;184;85m[48;2;160;187;89m▀[0m[38;2;173;202;117m[48;2;173;202;118m▀[0m[38;2;147;173;85m[48;2;173;202;116m▀[0m[38;2;114;128;64m[48;2;172;202;117m▀[0m[38;2;149;173;81m[48;2;173;202;117m▀[0m[38;2;74;77;45m[48;2;172;202;117m▀[0m[38;2;173;203;116m[48;2;173;202;117m▀[0m[38;2;172;202;117m[48;2;173;202;117m▀[0m[38;2;172;202;117m[48;2;172;202;117m▀[0m[38;2;172;202;117m▀[0m     
                [38;2;169;191;131m▀[0m[38;2;190;211;147m[48;2;190;211;147m▀[0m[38;2;188;211;143m[48;2;186;210;139m▀[0m[38;2;173;202;117m[48;2;178;209;120m▀[0m     [38;2;186;210;139m▀[0m[38;2;172;202;117m▀[0m[38;2;173;202;117m▀[0m[38;2;173;202;117m[48;2;32;18;23m▀[0m[38;2;173;202;117m▀[0m[38;2;172;202;117m▀[0m[38;2;172;202;117m▀[0m[38;2;115;127;77m▀[0m       
                [38;2;196;209;176m▀[0m[38;2;177;207;128m[48;2;255;254;247m▀[0m[38;2;54;42;36m▀[0m                     
                                        
