                                        
            [38;2;200;138;136m▄[0m[38;2;174;117;114m[48;2;198;134;131m▀[0m[38;2;195;128;125m[48;2;184;102;99m▀[0m[38;2;181;100;96m[48;2;88;54;51m▀[0m[38;2;55;41;39m▀[0m                       
           [38;2;56;44;43m▀[0m[38;2;201;138;136m[48;2;184;104;100m▀[0m[38;2;189;114;111m[48;2;183;100;97m▀[0m[38;2;184;102;99m[48;2;182;98;95m▀[0m[38;2;182;100;96m[48;2;182;98;95m▀[0m[38;2;0;0;0m[48;2;179;91;88m▀[0m[38;2;180;94;90m▄[0m                      
            [38;2;185;105;102m[48;2;181;98;95m▀[0m[38;2;183;100;96m[48;2;181;97;93m▀[0m[38;2;182;98;95m[48;2;181;95;92m▀[0m[38;2;181;96;93m[48;2;182;98;94m▀[0m[38;2;180;95;91m[48;2;180;94;91m▀[0m[38;2;178;90;86m▀[0m                      
          [38;2;180;94;91m▄[0m[38;2;139;88;85m[48;2;180;94;91m▀[0m[38;2;181;97;94m[48;2;181;95;92m▀[0m[38;2;179;92;89m[48;2;179;93;89m▀[0m[38;2;178;91;87m[48;2;177;87;84m▀[0m[38;2;178;91;88m[48;2;178;90;86m▀[0m[38;2;180;95;92m[48;2;180;94;91m▀[0m[38;2;181;97;94m[48;2;181;97;94m▀[0m[38;2;178;90;87m▄[0m[38;2;25;18;17m▄[0m                    
        [38;2;177;88;85m▄[0m[38;2;181;96;92m[48;2;178;90;86m▀[0m[38;2;181;96;92m[48;2;180;98;94m▀[0m[38;2;181;96;93m[48;2;167;116;112m▀[0m[38;2;180;93;90m[48;2;181;116;112m▀[0m[38;2;180;95;92m[48;2;181;96;93m▀[0m[38;2;179;92;89m[48;2;179;92;89m▀[0m[38;2;178;90;87m[48;2;179;93;89m▀[0m[38;2;180;93;89m[48;2;178;91;87m▀[0m[38;2;181;95;92m[48;2;178;90;87m▀[0m[38;2;177;88;84m[48;2;175;84;80m▀[0m[38;2;175;84;80m[48;2;176;85;81m▀[0m[38;2;178;93;90m[48;2;175;84;80m▀[0m[38;2;174;83;80m▄[0m                  
        [38;2;176;86;82m[48;2;55;42;40m▀[0m[38;2;173;107;103m[48;2;255;254;255m▀[0m[38;2;253;251;251m[48;2;255;254;255m▀[0m[38;2;233;230;217m[48;2;226;223;205m▀[0m[38;2;226;223;204m[48;2;227;223;205m▀[0m[38;2;4;2;2m[48;2;226;223;204m▀[0m[38;2;182;99;95m[48;2;29;26;24m▀[0m[38;2;179;93;89m[48;2;175;85;82m▀[0m[38;2;178;90;86m[48;2;175;84;81m▀[0m[38;2;176;86;83m[48;2;177;88;84m▀[0m[38;2;171;82;78m[48;2;177;88;85m▀[0m[38;2;177;88;84m[48;2;169;81;77m▀[0m[38;2;169;81;77m[48;2;176;86;82m▀[0m[38;2;165;79;75m[48;2;170;81;78m▀[0m[38;2;36;26;25m[48;2;170;81;78m▀[0m[38;2;168;81;78m[48;2;171;82;78m▀[0m[38;2;246;239;239m[48;2;169;84;80m▀[0m[38;2;225;220;202m▄[0m[38;2;243;241;234m▄[0m             
       [38;2;5;5;4m[48;2;246;245;240m▀[0m[38;2;246;244;239m[48;2;246;245;240m▀[0m[38;2;249;248;244m[48;2;250;250;248m▀[0m[38;2;232;229;214m[48;2;227;223;205m▀[0m[38;2;227;223;205m[48;2;227;223;205m▀[0m[38;2;227;223;205m[48;2;226;223;204m▀[0m[38;2;227;223;205m[48;2;226;223;205m▀[0m[38;2;227;223;205m[48;2;227;223;205m▀[0m[38;2;37;31;29m[48;2;227;223;205m▀[0m[38;2;177;87;84m[48;2;54;37;35m▀[0m[38;2;178;91;87m[48;2;179;92;88m▀[0m[38;2;180;93;90m[48;2;181;95;92m▀[0m[38;2;171;82;78m[48;2;179;91;88m▀[0m[38;2;172;82;79m[48;2;173;82;79m▀[0m[38;2;170;81;77m[48;2;169;81;77m▀[0m[38;2;170;81;78m[48;2;167;80;76m▀[0m[38;2;169;81;77m[48;2;168;80;77m▀[0m[38;2;169;81;77m[48;2;164;78;75m▀[0m[38;2;161;94;90m[48;2;226;220;203m▀[0m[38;2;226;223;205m[48;2;227;223;205m▀[0m[38;2;227;222;205m[48;2;227;223;205m▀[0m[38;2;128;70;67m[48;2;225;219;201m▀[0m[38;2;177;97;94m▄[0m          
      [38;2;246;245;240m[48;2;246;245;240m▀[0m[38;2;246;245;240m[48;2;246;245;240m▀[0m[38;2;246;245;240m[48;2;247;244;239m▀[0m[38;2;233;230;216m[48;2;228;224;207m▀[0m[38;2;227;223;205m[48;2;227;223;205m▀[0m[38;2;227;223;206m[48;2;229;225;208m▀[0m[38;2;226;223;205m[48;2;227;223;205m▀[0m[38;2;226;223;204m[48;2;227;223;205m▀[0m[38;2;227;223;205m[48;2;226;223;205m▀[0m[38;2;227;223;205m[48;2;227;223;205m▀[0m[38;2;226;223;205m[48;2;227;223;205m▀[0m[38;2;177;101;98m[48;2;230;225;210m▀[0m[38;2;178;90;87m[48;2;179;96;93m▀[0m[38;2;182;98;95m[48;2;181;97;94m▀[0m[38;2;178;89;86m[48;2;182;99;96m▀[0m[38;2;173;82;79m[48;2;175;84;81m▀[0m[38;2;165;79;75m[48;2;168;80;77m▀[0m[38;2;164;78;75m[48;2;163;78;75m▀[0m[38;2;163;77;74m[48;2;166;79;76m▀[0m[38;2;127;109;102m[48;2;168;80;77m▀[0m[38;2;226;223;204m[48;2;171;84;81m▀[0m[38;2;231;226;208m[48;2;172;86;82m▀[0m[38;2;226;223;204m[48;2;203;194;178m▀[0m[38;2;239;225;217m[48;2;66;49;45m▀[0m[38;2;181;95;92m[48;2;166;80;77m▀[0m[38;2;180;96;93m▄[0m[38;2;179;93;90m▄[0m       
     [38;2;212;211;210m▀[0m[38;2;202;200;181m▀[0m[38;2;246;245;239m[48;2;246;245;240m▀[0m[38;2;245;244;239m[48;2;236;234;223m▀[0m[38;2;227;223;205m[48;2;227;223;204m▀[0m[38;2;227;223;204m[48;2;227;223;205m▀[0m[38;2;228;225;208m[48;2;183;181;162m▀[0m[38;2;182;182;162m[48;2;185;184;165m▀[0m[38;2;181;181;161m[48;2;14;14;13m▀[0m[38;2;181;182;161m[48;2;13;13;12m▀[0m[38;2;226;222;204m[48;2;7;7;7m▀[0m[38;2;227;223;205m[48;2;227;223;205m▀[0m[38;2;227;223;205m[48;2;227;223;205m▀[0m[38;2;28;19;19m[48;2;227;222;204m▀[0m[38;2;178;91;87m[48;2;179;93;90m▀[0m[38;2;180;95;92m[48;2;179;93;89m▀[0m[38;2;179;93;89m[48;2;179;93;89m▀[0m[38;2;174;83;79m[48;2;176;85;81m▀[0m[38;2;164;79;75m[48;2;174;83;79m▀[0m[38;2;163;78;74m[48;2;166;79;76m▀[0m[38;2;168;80;77m[48;2;168;80;77m▀[0m[38;2;170;81;78m[48;2;168;80;77m▀[0m[38;2;175;84;80m[48;2;173;83;79m▀[0m[38;2;173;83;79m[48;2;175;84;80m▀[0m[38;2;172;82;78m[48;2;176;85;81m▀[0m[38;2;166;79;76m[48;2;170;81;78m▀[0m[38;2;31;25;24m[48;2;179;92;89m▀[0m[38;2;177;88;84m[48;2;180;95;92m▀[0m[38;2;180;94;91m[48;2;182;100;96m▀[0m[38;2;30;20;19m[48;2;184;102;99m▀[0m     
      [38;2;0;0;0m▄[0m[38;2;250;249;246m[48;2;254;253;253m▀[0m[38;2;231;228;212m[48;2;228;224;208m▀[0m[38;2;227;223;205m[48;2;226;223;204m▀[0m[38;2;205;204;181m[48;2;200;198;178m▀[0m[38;2;183;183;161m[48;2;120;66;70m▀[0m[38;2;222;146;142m[48;2;247;189;193m▀[0m[38;2;155;100;98m[48;2;233;110;119m▀[0m[38;2;10;10;9m[48;2;148;95;94m▀[0m[38;2;8;8;8m[48;2;9;9;9m▀[0m[38;2;221;218;200m[48;2;4;4;3m▀[0m[38;2;227;223;205m[48;2;226;223;205m▀[0m[38;2;227;223;205m[48;2;227;223;204m▀[0m[38;2;186;114;110m[48;2;20;18;16m▀[0m[38;2;179;92;89m[48;2;180;93;90m▀[0m[38;2;179;92;88m[48;2;177;86;83m▀[0m[38;2;177;87;83m[48;2;162;77;74m▀[0m[38;2;177;87;84m[48;2;172;82;79m▀[0m[38;2;177;88;84m[48;2;177;87;84m▀[0m[38;2;173;82;79m[48;2;177;88;84m▀[0m[38;2;170;82;79m[48;2;178;90;87m▀[0m[38;2;173;83;79m[48;2;179;91;87m▀[0m[38;2;170;81;78m[48;2;176;89;86m▀[0m[38;2;169;82;78m[48;2;177;86;83m▀[0m[38;2;1;1;0m[48;2;178;91;87m▀[0m[38;2;178;90;87m[48;2;178;90;86m▀[0m[38;2;179;91;88m[48;2;177;88;84m▀[0m[38;2;179;92;89m[48;2;176;86;83m▀[0m[38;2;180;95;92m[48;2;100;62;59m▀[0m     
      [38;2;0;0;0m▀[0m[38;2;254;255;255m[48;2;248;246;243m▀[0m[38;2;228;224;206m[48;2;228;224;206m▀[0m[38;2;227;223;205m[48;2;227;223;205m▀[0m[38;2;201;199;181m[48;2;201;199;181m▀[0m[38;2;253;248;247m[48;2;229;201;203m▀[0m[38;2;252;249;249m[48;2;251;244;244m▀[0m[38;2;246;180;185m[48;2;237;120;128m▀[0m[38;2;215;141;138m[48;2;191;127;125m▀[0m[38;2;11;11;10m[48;2;34;34;34m▀[0m[38;2;7;7;8m[48;2;51;50;46m▀[0m[38;2;226;223;205m[48;2;226;223;205m▀[0m[38;2;226;223;204m[48;2;230;227;212m▀[0m[38;2;144;131;121m[48;2;91;77;72m▀[0m[38;2;182;98;95m[48;2;165;79;75m▀[0m[38;2;181;97;94m[48;2;169;81;77m▀[0m[38;2;163;77;74m[48;2;169;81;77m▀[0m[38;2;159;76;72m[48;2;157;75;72m▀[0m[38;2;144;69;66m[48;2;155;74;71m▀[0m[38;2;159;75;72m[48;2;152;73;70m▀[0m[38;2;173;83;79m[48;2;144;69;66m▀[0m[38;2;178;89;85m[48;2;145;69;66m▀[0m[38;2;178;91;87m[48;2;162;77;74m▀[0m[38;2;178;89;85m[48;2;166;79;75m▀[0m[38;2;177;89;85m[48;2;171;82;78m▀[0m[38;2;177;88;84m[48;2;166;79;76m▀[0m[38;2;176;86;83m[48;2;158;76;72m▀[0m[38;2;171;82;78m[48;2;140;67;64m▀[0m      
     [38;2;253;253;249m▄[0m[38;2;131;128;118m[48;2;246;245;240m▀[0m[38;2;246;245;240m[48;2;246;245;240m▀[0m[38;2;229;225;208m[48;2;231;228;212m▀[0m[38;2;227;223;205m[48;2;227;223;205m▀[0m[38;2;201;201;181m[48;2;225;221;202m▀[0m[38;2;205;204;185m[48;2;187;187;167m▀[0m[38;2;233;108;117m[48;2;17;17;15m▀[0m[38;2;227;149;146m[48;2;86;85;85m▀[0m[38;2;82;75;75m[48;2;85;85;85m▀[0m[38;2;66;65;65m[48;2;84;84;84m▀[0m[38;2;229;226;207m[48;2;227;223;205m▀[0m[38;2;227;223;205m[48;2;232;228;213m▀[0m[38;2;233;230;216m[48;2;244;243;237m▀[0m[38;2;39;28;27m[48;2;150;77;73m▀[0m[38;2;166;79;76m[48;2;150;72;69m▀[0m[38;2;167;80;76m[48;2;158;75;72m▀[0m[38;2;165;79;75m[48;2;157;75;71m▀[0m[38;2;161;77;73m[48;2;137;65;62m▀[0m[38;2;158;75;72m[48;2;140;67;64m▀[0m[38;2;158;76;72m[48;2;142;68;65m▀[0m[38;2;158;75;72m[48;2;148;71;68m▀[0m[38;2;146;70;67m[48;2;149;71;68m▀[0m[38;2;145;69;66m[48;2;152;72;69m▀[0m[38;2;144;69;66m[48;2;142;68;65m▀[0m[38;2;145;70;66m[48;2;152;73;69m▀[0m[38;2;139;66;63m[48;2;152;72;69m▀[0m[38;2;137;65;63m[48;2;154;73;70m▀[0m[38;2;144;69;66m[48;2;155;74;71m▀[0m[38;2;162;78;74m[48;2;80;51;49m▀[0m     
      [38;2;246;245;240m[48;2;246;245;240m▀[0m[38;2;246;245;240m[48;2;246;244;239m▀[0m[38;2;239;236;227m[48;2;246;244;240m▀[0m[38;2;226;223;205m[48;2;233;230;216m▀[0m[38;2;227;223;205m[48;2;226;223;205m▀[0m[38;2;183;181;165m[48;2;226;223;205m▀[0m[38;2;182;181;161m[48;2;226;223;205m▀[0m[38;2;181;182;161m[48;2;226;223;205m▀[0m[38;2;183;183;163m[48;2;226;223;205m▀[0m[38;2;227;223;205m[48;2;227;223;205m▀[0m[38;2;227;223;205m[48;2;231;228;212m▀[0m[38;2;232;229;215m[48;2;236;228;222m▀[0m[38;2;76;61;59m[48;2;152;74;70m▀[0m[38;2;156;74;71m[48;2;150;72;69m▀[0m[38;2;154;73;70m[48;2;152;73;70m▀[0m[38;2;144;69;66m[48;2;144;69;66m▀[0m[38;2;141;67;64m[48;2;144;68;65m▀[0m[38;2;133;64;61m[48;2;132;63;60m▀[0m[38;2;139;66;64m[48;2;131;63;60m▀[0m[38;2;145;69;66m[48;2;145;69;66m▀[0m[38;2;147;70;67m[48;2;147;70;67m▀[0m[38;2;146;70;67m[48;2;146;70;67m▀[0m[38;2;110;65;62m[48;2;145;69;66m▀[0m[38;2;143;68;65m[48;2;133;63;61m▀[0m[38;2;132;63;60m[48;2;132;64;61m▀[0m[38;2;126;60;57m[48;2;132;63;60m▀[0m[38;2;130;62;59m[48;2;130;62;60m▀[0m[38;2;57;39;37m[48;2;132;67;64m▀[0m      
     [38;2;246;245;240m[48;2;228;225;205m▀[0m[38;2;236;233;226m▀[0m[38;2;136;135;131m[48;2;246;245;240m▀[0m[38;2;246;245;240m[48;2;245;245;240m▀[0m[38;2;246;244;239m[48;2;245;244;238m▀[0m[38;2;227;223;205m[48;2;200;198;179m▀[0m[38;2;226;223;205m[48;2;123;130;124m▀[0m[38;2;226;223;205m[48;2;229;225;208m▀[0m[38;2;226;223;205m[48;2;227;223;205m▀[0m[38;2;226;223;205m[48;2;227;223;205m▀[0m[38;2;235;230;211m[48;2;114;108;101m▀[0m[38;2;147;78;75m[48;2;139;66;63m▀[0m[38;2;146;71;68m[48;2;136;65;62m▀[0m[38;2;144;69;66m[48;2;134;64;61m▀[0m[38;2;142;68;65m[48;2;138;66;63m▀[0m[38;2;146;70;67m[48;2;144;69;66m▀[0m[38;2;148;71;68m[48;2;145;70;66m▀[0m[38;2;140;67;64m[48;2;138;66;63m▀[0m[38;2;135;64;61m[48;2;133;64;61m▀[0m[38;2;131;63;60m[48;2;131;63;60m▀[0m[38;2;136;65;62m[48;2;133;64;61m▀[0m[38;2;143;68;65m[48;2;138;66;63m▀[0m[38;2;146;70;67m[48;2;144;69;66m▀[0m[38;2;146;70;67m[48;2;142;68;65m▀[0m[38;2;137;66;63m[48;2;138;66;63m▀[0m[38;2;138;66;63m[48;2;142;68;65m▀[0m[38;2;138;66;63m[48;2;142;68;65m▀[0m[38;2;138;66;63m[48;2;142;68;65m▀[0m[38;2;0;0;0m▀[0m      
       [38;2;246;245;239m▀[0m[38;2;246;245;240m[48;2;218;217;213m▀[0m[38;2;238;236;226m[48;2;201;199;180m▀[0m[38;2;90;88;79m▀[0m [38;2;198;198;192m▀[0m[38;2;228;224;206m[48;2;232;229;215m▀[0m[38;2;227;223;206m[48;2;239;235;220m▀[0m[38;2;230;226;212m[48;2;33;26;25m▀[0m[38;2;134;64;61m[48;2;134;64;61m▀[0m[38;2;134;64;61m[48;2;137;65;63m▀[0m[38;2;132;63;60m[48;2;136;65;62m▀[0m[38;2;140;66;64m[48;2;139;66;63m▀[0m[38;2;146;70;67m[48;2;148;71;68m▀[0m[38;2;143;68;65m[48;2;147;70;67m▀[0m[38;2;139;66;63m[48;2;143;68;65m▀[0m[38;2;137;65;63m[48;2;143;68;65m▀[0m[38;2;135;64;61m[48;2;138;66;63m▀[0m[38;2;132;63;60m[48;2;135;65;62m▀[0m[38;2;135;64;61m[48;2;135;64;61m▀[0m[38;2;139;66;64m[48;2;140;67;64m▀[0m[38;2;142;68;65m[48;2;145;70;66m▀[0m[38;2;143;68;65m[48;2;144;69;66m▀[0m[38;2;146;70;67m[48;2;146;70;66m▀[0m[38;2;147;70;67m[48;2;5;4;4m▀[0m[38;2;0;0;0m▀[0m       
                 [38;2;2;2;2m[48;2;140;68;65m▀[0m[38;2;119;64;61m[48;2;135;65;62m▀[0m[38;2;145;69;67m[48;2;137;66;63m▀[0m[38;2;156;75;71m[48;2;149;71;68m▀[0m[38;2;149;71;68m[48;2;150;72;69m▀[0m[38;2;149;71;68m[48;2;148;70;67m▀[0m[38;2;145;69;66m[48;2;145;70;66m▀[0m[38;2;141;68;65m[48;2;146;70;66m▀[0m[38;2;139;66;64m[48;2;143;68;65m▀[0m[38;2;139;66;63m[48;2;141;68;65m▀[0m[38;2;139;66;63m[48;2;135;64;61m▀[0m[38;2;143;68;65m[48;2;143;68;65m▀[0m[38;2;144;69;66m▀[0m          
                [38;2;50;33;31m▄[0m[38;2;155;74;70m[48;2;169;81;77m▀[0m[38;2;141;67;64m[48;2;145;69;66m▀[0m[38;2;145;70;66m[48;2;148;71;68m▀[0m[38;2;150;72;69m[48;2;154;74;70m▀[0m[38;2;153;73;70m[48;2;153;73;70m▀[0m[38;2;149;71;68m[48;2;145;69;66m▀[0m[38;2;147;70;67m[48;2;142;68;65m▀[0m[38;2;141;67;64m[48;2;139;66;63m▀[0m[38;2;141;68;65m[48;2;138;66;63m▀[0m[38;2;138;66;63m[48;2;139;66;64m▀[0m[38;2;134;64;61m[48;2;137;66;63m▀[0m[38;2;139;66;64m[48;2;146;70;67m▀[0m[38;2;66;42;41m[48;2;177;88;84m▀[0m[38;2;180;96;93m▄[0m         
                 [38;2;182;99;96m▀[0m[38;2;168;83;79m▀[0m[38;2;148;72;69m▀[0m[38;2;150;72;69m▀[0m[38;2;146;70;67m▀[0m[38;2;144;69;66m[48;2;140;70;67m▀[0m[38;2;141;67;64m[48;2;136;66;64m▀[0m[38;2;134;64;61m[48;2;47;31;30m▀[0m[38;2;138;66;63m▀[0m[38;2;137;65;63m▀[0m[38;2;135;65;62m[48;2;131;65;63m▀[0m[38;2;136;65;62m[48;2;135;67;64m▀[0m[38;2;147;70;67m[48;2;182;99;96m▀[0m[38;2;182;100;96m▀[0m         
                                        
