                                        
             [38;2;254;237;159m▄[0m[38;2;115;106;70m[48;2;254;231;156m▀[0m[38;2;254;230;151m[48;2;213;192;155m▀[0m[38;2;253;230;151m[48;2;213;192;155m▀[0m[38;2;253;230;151m[48;2;213;192;155m▀[0m[38;2;235;207;153m▄[0m                     
             [38;2;253;230;151m▀[0m[38;2;213;192;155m[48;2;254;230;150m▀[0m[38;2;212;192;155m[48;2;215;194;155m▀[0m[38;2;213;192;156m[48;2;213;192;155m▀[0m[38;2;213;192;155m[48;2;101;90;66m▀[0m[38;2;252;230;163m▀[0m                     
              [38;2;254;254;254m▄[0m[38;2;255;255;255m▄[0m[38;2;98;94;86m[48;2;222;239;249m▀[0m[38;2;188;192;192m[48;2;232;248;253m▀[0m[38;2;63;64;66m[48;2;239;244;247m▀[0m[38;2;239;244;247m▄[0m[38;2;239;244;247m▄[0m                   
            [38;2;239;244;247m▄[0m[38;2;239;244;247m[48;2;255;234;153m▀[0m[38;2;255;255;255m[48;2;200;225;242m▀[0m[38;2;208;231;246m[48;2;200;225;242m▀[0m[38;2;200;225;242m[48;2;79;89;95m▀[0m[38;2;242;214;152m[48;2;200;225;242m▀[0m[38;2;201;228;245m[48;2;190;114;130m▀[0m[38;2;200;226;243m[48;2;202;236;253m▀[0m[38;2;203;123;137m[48;2;192;115;130m▀[0m[38;2;225;127;136m[48;2;200;118;131m▀[0m[38;2;97;54;57m▄[0m                 
            [38;2;239;244;248m[48;2;220;124;135m▀[0m[38;2;200;225;242m[48;2;200;225;242m▀[0m[38;2;200;225;242m[48;2;200;225;242m▀[0m[38;2;200;225;242m[48;2;200;225;242m▀[0m[38;2;200;225;242m[48;2;200;225;242m▀[0m[38;2;200;225;242m[48;2;200;225;242m▀[0m[38;2;200;225;242m[48;2;200;225;242m▀[0m[38;2;199;224;241m[48;2;200;225;242m▀[0m[38;2;230;239;247m[48;2;202;227;244m▀[0m[38;2;210;236;251m[48;2;207;231;246m▀[0m[38;2;241;145;154m[48;2;110;112;114m▀[0m                 
           [38;2;5;7;7m▄[0m[38;2;239;244;247m[48;2;239;244;247m▀[0m[38;2;200;225;242m[48;2;239;244;247m▀[0m[38;2;200;225;242m[48;2;206;230;245m▀[0m[38;2;200;225;242m[48;2;200;225;242m▀[0m[38;2;200;225;242m[48;2;94;107;115m▀[0m[38;2;200;225;242m[48;2;199;225;241m▀[0m[38;2;200;225;242m[48;2;204;229;246m▀[0m[38;2;200;225;242m[48;2;119;128;133m▀[0m[38;2;200;225;242m[48;2;222;239;249m▀[0m[38;2;239;244;247m[48;2;5;6;6m▀[0m                  
             [38;2;32;34;34m▀[0m[38;2;239;244;247m▀[0m[38;2;245;249;251m▀[0m[38;2;240;245;248m▀[0m[38;2;239;244;248m[48;2;59;62;63m▀[0m[38;2;247;251;252m▀[0m[38;2;98;105;110m▀[0m[38;2;200;225;242m▀[0m                   
                  [38;2;49;54;55m[48;2;233;249;255m▀[0m                     
                [38;2;243;247;249m▄[0m[38;2;246;249;251m[48;2;239;244;247m▀[0m[38;2;238;244;247m[48;2;239;244;247m▀[0m[38;2;252;253;254m[48;2;239;244;247m▀[0m[38;2;239;244;247m▄[0m                   
                [38;2;239;244;247m[48;2;240;244;247m▀[0m[38;2;239;244;247m[48;2;239;244;247m▀[0m[38;2;239;244;247m[48;2;239;244;247m▀[0m[38;2;239;244;247m[48;2;239;244;247m▀[0m[38;2;239;244;247m[48;2;239;244;247m▀[0m[38;2;61;63;64m[48;2;241;246;250m▀[0m                  
                [38;2;240;245;248m[48;2;181;183;184m▀[0m[38;2;239;244;247m[48;2;239;244;247m▀[0m[38;2;239;244;247m[48;2;239;244;247m▀[0m[38;2;239;244;247m[48;2;239;244;247m▀[0m[38;2;225;241;250m[48;2;224;239;250m▀[0m[38;2;236;243;247m[48;2;221;239;249m▀[0m                  
                 [38;2;238;244;247m[48;2;238;244;247m▀[0m[38;2;224;240;250m[48;2;217;236;248m▀[0m[38;2;222;239;249m[48;2;206;230;244m▀[0m[38;2;217;236;249m[48;2;200;225;242m▀[0m[38;2;204;228;244m[48;2;200;225;242m▀[0m[38;2;134;151;162m▄[0m                 
                 [38;2;209;231;246m[48;2;201;225;242m▀[0m[38;2;201;225;242m[48;2;200;225;242m▀[0m[38;2;200;225;242m[48;2;200;225;242m▀[0m[38;2;200;225;242m[48;2;200;225;242m▀[0m[38;2;200;225;242m[48;2;193;130;147m▀[0m[38;2;200;225;242m[48;2;190;115;132m▀[0m                 
                 [38;2;201;226;243m[48;2;110;123;133m▀[0m[38;2;200;225;242m[48;2;200;225;242m▀[0m[38;2;200;225;242m[48;2;200;225;242m▀[0m[38;2;200;225;242m[48;2;200;225;242m▀[0m[38;2;200;220;237m[48;2;186;108;124m▀[0m[38;2;194;116;130m[48;2;191;115;132m▀[0m[38;2;189;114;131m▄[0m                
                  [38;2;200;225;242m[48;2;200;216;233m▀[0m[38;2;200;225;242m[48;2;200;225;242m▀[0m[38;2;186;106;122m[48;2;193;111;126m▀[0m[38;2;191;115;132m[48;2;193;115;130m▀[0m[38;2;192;115;132m[48;2;193;115;130m▀[0m[38;2;191;115;132m[48;2;193;115;130m▀[0m[38;2;188;115;132m▄[0m               
                  [38;2;194;116;130m[48;2;203;119;136m▀[0m[38;2;190;115;132m[48;2;190;115;132m▀[0m[38;2;191;115;130m[48;2;193;115;130m▀[0m[38;2;194;116;130m[48;2;192;116;130m▀[0m[38;2;190;115;132m[48;2;193;116;130m▀[0m[38;2;188;115;132m[48;2;193;115;130m▀[0m[38;2;191;115;132m[48;2;191;115;132m▀[0m[38;2;153;93;107m[48;2;190;115;132m▀[0m[38;2;17;10;11m▄[0m             
                  [38;2;48;28;33m[48;2;200;121;139m▀[0m[38;2;187;115;131m[48;2;188;115;132m▀[0m[38;2;190;115;132m[48;2;193;116;129m▀[0m[38;2;194;115;130m[48;2;185;115;131m▀[0m[38;2;186;115;131m[48;2;187;115;131m▀[0m[38;2;187;115;131m[48;2;191;115;130m▀[0m[38;2;193;116;130m[48;2;192;115;131m▀[0m[38;2;192;115;132m[48;2;192;115;132m▀[0m[38;2;192;115;131m[48;2;190;115;132m▀[0m[38;2;192;115;132m[48;2;190;115;132m▀[0m            
                  [38;2;191;115;132m▀[0m[38;2;190;115;132m▀[0m[38;2;191;115;133m[48;2;192;116;133m▀[0m[38;2;191;115;132m[48;2;186;115;132m▀[0m[38;2;194;115;130m[48;2;189;115;132m▀[0m[38;2;187;115;131m[48;2;70;42;49m▀[0m[38;2;194;119;136m▀[0m               
                                        
