                                        
                                        
             [38;2;0;1;1m▄[0m[38;2;101;121;124m▄[0m[38;2;0;0;0m▄[0m                        
           [38;2;88;109;112m▄[0m[38;2;189;223;229m[48;2;181;220;226m▀[0m[38;2;219;236;240m[48;2;199;227;231m▀[0m[38;2;214;235;238m[48;2;178;219;226m▀[0m[38;2;158;211;219m[48;2;152;209;216m▀[0m[38;2;163;213;221m[48;2;152;208;216m▀[0m[38;2;190;232;238m[48;2;152;209;216m▀[0m[38;2;157;210;218m▄[0m                     
           [38;2;5;6;6m▀[0m[38;2;181;220;226m[48;2;181;220;226m▀[0m[38;2;180;219;225m[48;2;180;220;226m▀[0m[38;2;152;208;216m[48;2;152;209;216m▀[0m[38;2;150;208;215m[48;2;149;207;215m▀[0m[38;2;150;208;215m[48;2;150;208;215m▀[0m[38;2;148;206;215m[48;2;148;206;215m▀[0m[38;2;149;207;215m[48;2;149;207;215m▀[0m[38;2;151;208;215m[48;2;148;206;215m▀[0m[38;2;151;207;215m▄[0m                   
            [38;2;0;0;0m▀[0m[38;2;180;220;225m▀[0m[38;2;181;220;226m[48;2;180;220;226m▀[0m[38;2;151;208;216m[48;2;180;220;226m▀[0m[38;2;149;207;215m[48;2;151;207;216m▀[0m[38;2;147;206;214m[48;2;148;206;215m▀[0m[38;2;146;205;214m[48;2;148;206;214m▀[0m[38;2;146;206;214m[48;2;146;206;214m▀[0m[38;2;149;207;215m[48;2;147;206;214m▀[0m[38;2;148;208;216m[48;2;150;207;215m▀[0m[38;2;153;209;217m▄[0m[38;2;125;200;207m▄[0m                
              [38;2;175;218;224m▄[0m[38;2;71;88;90m[48;2;179;219;226m▀[0m[38;2;178;219;225m[48;2;177;219;225m▀[0m[38;2;154;210;218m[48;2;178;219;225m▀[0m[38;2;151;208;216m[48;2;178;219;225m▀[0m[38;2;148;206;214m[48;2;176;219;224m▀[0m[38;2;146;205;214m[48;2;170;216;223m▀[0m[38;2;151;208;215m[48;2;176;218;225m▀[0m[38;2;155;210;217m[48;2;171;217;224m▀[0m[38;2;132;202;210m[48;2;133;202;210m▀[0m[38;2;125;200;207m[48;2;125;200;208m▀[0m[38;2;108;172;179m[48;2;125;200;207m▀[0m[38;2;14;20;22m▄[0m             
             [38;2;146;209;217m[48;2;138;203;211m▀[0m[38;2;179;219;225m[48;2;193;235;242m▀[0m[38;2;178;219;226m[48;2;179;219;225m▀[0m[38;2;178;219;225m[48;2;179;220;226m▀[0m[38;2;179;220;226m[48;2;180;220;226m▀[0m[38;2;180;220;226m[48;2;180;220;226m▀[0m[38;2;180;220;226m[48;2;178;219;225m▀[0m[38;2;180;220;226m[48;2;177;219;225m▀[0m[38;2;180;220;226m[48;2;174;218;224m▀[0m[38;2;155;209;217m[48;2;118;170;178m▀[0m[38;2;128;201;209m[48;2;125;200;208m▀[0m[38;2;125;200;208m[48;2;125;200;208m▀[0m[38;2;125;200;207m[48;2;125;199;207m▀[0m[38;2;126;200;208m[48;2;125;200;207m▀[0m[38;2;126;200;208m▄[0m            
            [38;2;112;178;185m[48;2;125;199;207m▀[0m[38;2;127;203;210m[48;2;90;143;148m▀[0m[38;2;107;135;139m[48;2;138;203;211m▀[0m[38;2;35;35;35m[48;2;167;214;221m▀[0m[38;2;180;221;228m[48;2;69;86;88m▀[0m[38;2;178;219;225m[48;2;176;219;225m▀[0m[38;2;178;219;225m[48;2;173;217;224m▀[0m[38;2;181;220;226m[48;2;150;207;215m▀[0m[38;2;175;219;224m[48;2;11;13;13m▀[0m[38;2;49;49;49m[48;2;125;200;208m▀[0m[38;2;69;111;116m[48;2;125;200;207m▀[0m[38;2;90;144;148m[48;2;38;60;63m▀[0m[38;2;125;200;208m[48;2;126;201;209m▀[0m[38;2;125;200;208m[48;2;125;200;208m▀[0m[38;2;125;199;207m[48;2;125;199;207m▀[0m[38;2;125;200;208m[48;2;125;200;207m▀[0m[38;2;1;2;3m▄[0m           
           [38;2;39;61;63m[48;2;125;199;207m▀[0m[38;2;125;200;207m[48;2;125;200;208m▀[0m[38;2;125;200;208m[48;2;125;200;207m▀[0m[38;2;125;200;207m[48;2;176;90;91m▀[0m[38;2;125;199;207m[48;2;164;76;79m▀[0m[38;2;125;200;207m[48;2;165;79;80m▀[0m[38;2;125;200;207m[48;2;130;207;216m▀[0m[38;2;125;200;207m[48;2;175;87;89m▀[0m[38;2;128;206;214m[48;2;165;81;83m▀[0m[38;2;125;199;207m[48;2;185;91;93m▀[0m[38;2;125;200;207m[48;2;125;200;207m▀[0m[38;2;125;199;207m[48;2;135;214;223m▀[0m[38;2;125;200;208m[48;2;167;85;85m▀[0m[38;2;125;200;207m[48;2;125;200;208m▀[0m[38;2;125;201;208m[48;2;126;199;207m▀[0m[38;2;132;201;210m[48;2;131;201;209m▀[0m[38;2;125;199;207m[48;2;126;200;208m▀[0m[38;2;124;199;206m[48;2;126;200;208m▀[0m           
          [38;2;0;0;0m[48;2;126;200;208m▀[0m[38;2;125;199;207m[48;2;125;200;207m▀[0m[38;2;131;208;216m[48;2;131;208;216m▀[0m[38;2;125;200;207m[48;2;125;199;207m▀[0m[38;2;66;31;32m[48;2;125;199;206m▀[0m[38;2;166;80;82m[48;2;165;79;80m▀[0m[38;2;166;80;82m[48;2;166;82;82m▀[0m[38;2;165;78;80m[48;2;170;84;85m▀[0m[38;2;166;81;83m[48;2;215;120;115m▀[0m[38;2;168;87;87m[48;2;215;119;116m▀[0m[38;2;167;83;85m[48;2;215;120;116m▀[0m[38;2;167;83;85m[48;2;215;121;117m▀[0m[38;2;167;83;86m[48;2;220;124;120m▀[0m[38;2;167;84;85m[48;2;177;91;92m▀[0m[38;2;125;199;207m[48;2;126;200;207m▀[0m[38;2;121;198;206m[48;2;102;183;189m▀[0m[38;2;130;201;208m[48;2;136;202;210m▀[0m[38;2;125;200;207m[48;2;125;200;208m▀[0m[38;2;125;200;207m[48;2;125;200;207m▀[0m           
        [38;2;79;126;130m▄[0m[38;2;125;200;207m▄[0m[38;2;125;200;207m[48;2;125;200;207m▀[0m[38;2;125;200;208m[48;2;125;200;207m▀[0m[38;2;111;191;198m[48;2;62;111;114m▀[0m[38;2;126;202;209m▀[0m[38;2;125;200;208m[48;2;120;197;205m▀[0m[38;2;169;83;83m[48;2;126;200;208m▀[0m[38;2;167;83;85m[48;2;228;130;125m▀[0m[38;2;215;123;119m[48;2;240;162;156m▀[0m[38;2;217;123;119m[48;2;245;188;182m▀[0m[38;2;219;125;120m[48;2;245;193;188m▀[0m[38;2;219;126;121m[48;2;245;191;185m▀[0m[38;2;219;125;119m[48;2;245;191;187m▀[0m[38;2;218;124;119m[48;2;249;172;166m▀[0m[38;2;110;177;183m[48;2;102;182;189m▀[0m[38;2;103;182;189m[48;2;101;182;188m▀[0m[38;2;101;182;189m[48;2;101;181;188m▀[0m[38;2;137;203;211m[48;2;142;211;220m▀[0m[38;2;125;200;207m[48;2;125;200;207m▀[0m[38;2;125;199;207m[48;2;125;200;207m▀[0m[38;2;73;114;117m[48;2;126;200;207m▀[0m          
  [38;2;173;217;224m▄[0m[38;2;0;0;0m[48;2;145;205;214m▀[0m[38;2;115;166;172m[48;2;143;204;213m▀[0m[38;2;125;200;207m[48;2;125;200;207m▀[0m[38;2;125;200;208m[48;2;125;200;208m▀[0m[38;2;125;200;208m[48;2;125;200;208m▀[0m[38;2;125;200;207m[48;2;125;200;208m▀[0m[38;2;125;200;207m[48;2;125;200;208m▀[0m[38;2;125;200;208m[48;2;125;200;208m▀[0m[38;2;126;200;208m[48;2;106;186;193m▀[0m   [38;2;109;184;192m▀[0m[38;2;105;186;193m[48;2;3;5;5m▀[0m[38;2;202;165;161m[48;2;102;182;188m▀[0m[38;2;245;191;186m[48;2;101;182;188m▀[0m[38;2;244;191;185m[48;2;101;182;189m▀[0m[38;2;245;190;185m[48;2;101;183;189m▀[0m[38;2;162;123;119m[48;2;102;182;189m▀[0m[38;2;102;182;189m[48;2;101;181;189m▀[0m[38;2;102;182;189m[48;2;102;181;189m▀[0m[38;2;102;181;189m▀[0m[38;2;84;151;156m▀[0m[38;2;113;170;176m[48;2;23;33;34m▀[0m[38;2;125;199;207m[48;2;125;200;208m▀[0m[38;2;125;200;208m[48;2;125;200;207m▀[0m[38;2;126;200;208m[48;2;125;200;207m▀[0m          
   [38;2;151;207;215m▀[0m[38;2;144;205;213m[48;2;143;205;213m▀[0m[38;2;126;200;207m[48;2;125;200;207m▀[0m[38;2;125;200;207m[48;2;125;200;208m▀[0m[38;2;125;200;207m[48;2;107;187;194m▀[0m[38;2;125;200;208m[48;2;101;183;190m▀[0m[38;2;125;200;207m[48;2;54;90;94m▀[0m[38;2;101;182;189m▀[0m[38;2;99;180;187m▀[0m    [38;2;4;6;7m▄[0m[38;2;144;206;215m[48;2;144;205;213m▀[0m[38;2;116;195;203m[48;2;125;200;207m▀[0m[38;2;105;186;192m[48;2;125;199;207m▀[0m[38;2;101;183;189m[48;2;125;200;208m▀[0m[38;2;101;182;189m[48;2;125;200;207m▀[0m[38;2;106;186;193m[48;2;125;199;207m▀[0m[38;2;123;199;207m[48;2;125;199;207m▀[0m[38;2;0;0;0m[48;2;125;200;207m▀[0m  [38;2;126;200;207m[48;2;130;201;209m▀[0m[38;2;125;200;207m[48;2;125;200;207m▀[0m[38;2;125;199;208m[48;2;122;199;206m▀[0m[38;2;129;206;214m▄[0m         
    [38;2;2;2;3m▀[0m[38;2;104;184;191m▀[0m[38;2;9;15;15m▀[0m        [38;2;17;23;24m▄[0m[38;2;147;206;214m[48;2;148;206;215m▀[0m[38;2;145;205;213m[48;2;147;206;214m▀[0m[38;2;125;200;208m[48;2;129;201;209m▀[0m[38;2;125;199;207m[48;2;125;199;207m▀[0m[38;2;125;199;207m[48;2;125;199;208m▀[0m[38;2;125;200;208m[48;2;125;200;207m▀[0m[38;2;125;200;207m[48;2;125;200;207m▀[0m[38;2;125;200;207m[48;2;125;200;208m▀[0m[38;2;125;199;207m[48;2;125;200;207m▀[0m[38;2;125;200;208m[48;2;124;200;207m▀[0m[38;2;16;24;25m▄[0m[38;2;139;204;211m[48;2;141;202;210m▀[0m[38;2;125;199;207m[48;2;117;194;202m▀[0m[38;2;122;198;205m[48;2;103;185;192m▀[0m[38;2;112;191;198m[48;2;105;184;191m▀[0m[38;2;129;204;211m▄[0m        
               [38;2;148;206;215m[48;2;130;198;204m▀[0m[38;2;147;206;214m[48;2;87;153;158m▀[0m[38;2;146;205;214m[48;2;142;204;213m▀[0m[38;2;146;205;214m[48;2;145;205;214m▀[0m[38;2;125;200;208m[48;2;127;200;208m▀[0m[38;2;125;199;207m[48;2;125;199;207m▀[0m[38;2;125;200;208m[48;2;125;200;208m▀[0m[38;2;125;200;208m[48;2;125;200;207m▀[0m[38;2;125;199;207m[48;2;120;200;207m▀[0m[38;2;125;200;208m[48;2;125;200;208m▀[0m[38;2;125;200;207m[48;2;125;200;208m▀[0m[38;2;125;200;208m▀[0m [38;2;104;186;193m[48;2;133;202;210m▀[0m[38;2;103;186;192m[48;2;103;185;192m▀[0m[38;2;103;183;190m[48;2;103;183;190m▀[0m[38;2;109;185;192m[48;2;104;184;190m▀[0m[38;2;11;17;18m▄[0m[38;2;255;255;255m▄[0m[38;2;255;255;255m▄[0m[38;2;255;255;255m▄[0m[38;2;76;76;76m▄[0m   
                [38;2;104;188;195m▀[0m[38;2;103;183;190m[48;2;101;182;189m▀[0m[38;2;22;37;37m[48;2;102;182;189m▀[0m[38;2;102;182;189m[48;2;102;182;189m▀[0m[38;2;103;185;191m[48;2;59;100;105m▀[0m[38;2;125;199;208m[48;2;102;181;189m▀[0m[38;2;44;76;79m[48;2;100;181;188m▀[0m[38;2;100;181;188m[48;2;100;180;187m▀[0m[38;2;100;182;188m[48;2;99;179;186m▀[0m[38;2;44;77;81m▀[0m[38;2;63;63;63m▀[0m[38;2;63;63;63m[48;2;0;0;0m▀[0m[38;2;3;2;2m[48;2;56;56;56m▀[0m[38;2;103;185;191m[48;2;55;56;55m▀[0m[38;2;105;187;195m[48;2;54;54;54m▀[0m[38;2;57;57;57m[48;2;52;52;52m▀[0m[38;2;255;255;255m[48;2;52;53;53m▀[0m[38;2;255;255;255m[48;2;54;54;54m▀[0m[38;2;255;255;255m[48;2;67;67;67m▀[0m[38;2;255;255;255m[48;2;74;75;74m▀[0m[38;2;40;40;40m[48;2;56;56;56m▀[0m[38;2;65;65;66m[48;2;56;56;56m▀[0m  
                      [38;2;61;97;99m▀[0m[38;2;39;65;68m▀[0m       [38;2;0;0;0m▀[0m[38;2;12;12;12m▀[0m[38;2;35;36;36m▀[0m[38;2;51;51;51m▀[0m[38;2;8;8;8m▀[0m    
                                        
                                        
