                                        
                                        
             [38;2;0;1;1m▄[0m[38;2;123;104;122m▄[0m[38;2;0;0;0m▄[0m                        
           [38;2;111;92;110m▄[0m[38;2;227;194;225m[48;2;223;187;222m▀[0m[38;2;239;222;237m[48;2;229;203;228m▀[0m[38;2;237;217;236m[48;2;223;185;221m▀[0m[38;2;216;166;213m[48;2;212;161;211m▀[0m[38;2;218;170;215m[48;2;212;161;210m▀[0m[38;2;235;197;234m[48;2;212;161;211m▀[0m[38;2;214;165;212m▄[0m                     
           [38;2;6;5;6m▀[0m[38;2;223;187;222m[48;2;223;187;222m▀[0m[38;2;222;186;221m[48;2;223;186;222m▀[0m[38;2;212;161;210m[48;2;212;161;211m▀[0m[38;2;211;159;210m[48;2;211;158;209m▀[0m[38;2;211;159;210m[48;2;211;159;210m▀[0m[38;2;211;157;208m[48;2;211;157;208m▀[0m[38;2;211;158;209m[48;2;211;158;209m▀[0m[38;2;211;160;210m[48;2;211;157;208m▀[0m[38;2;211;160;209m▄[0m                   
            [38;2;0;0;0m▀[0m[38;2;222;186;221m▀[0m[38;2;223;187;222m[48;2;223;186;222m▀[0m[38;2;212;160;210m[48;2;223;186;222m▀[0m[38;2;211;158;209m[48;2;212;160;209m▀[0m[38;2;210;156;208m[48;2;211;157;208m▀[0m[38;2;210;155;207m[48;2;210;157;208m▀[0m[38;2;210;155;208m[48;2;210;155;208m▀[0m[38;2;211;158;209m[48;2;210;156;208m▀[0m[38;2;212;157;210m[48;2;211;159;209m▀[0m[38;2;213;162;211m▄[0m[38;2;202;136;202m▄[0m                
              [38;2;221;182;220m▄[0m[38;2;89;74;89m[48;2;223;185;221m▀[0m[38;2;222;184;221m[48;2;222;183;221m▀[0m[38;2;214;163;212m[48;2;222;184;221m▀[0m[38;2;212;160;210m[48;2;222;184;221m▀[0m[38;2;210;157;208m[48;2;221;182;220m▀[0m[38;2;210;155;207m[48;2;220;177;218m▀[0m[38;2;211;160;210m[48;2;222;182;220m▀[0m[38;2;213;163;212m[48;2;221;178;219m▀[0m[38;2;205;142;204m[48;2;206;143;204m▀[0m[38;2;202;136;202m[48;2;203;136;202m▀[0m[38;2;175;118;174m[48;2;202;136;202m▀[0m[38;2;20;15;20m▄[0m             
             [38;2;213;155;211m[48;2;207;148;205m▀[0m[38;2;222;185;221m[48;2;239;199;237m▀[0m[38;2;223;184;221m[48;2;222;185;220m▀[0m[38;2;222;184;221m[48;2;223;185;222m▀[0m[38;2;223;185;222m[48;2;223;186;222m▀[0m[38;2;223;186;222m[48;2;223;186;222m▀[0m[38;2;223;186;222m[48;2;222;184;221m▀[0m[38;2;223;186;222m[48;2;222;183;221m▀[0m[38;2;223;186;222m[48;2;221;181;220m▀[0m[38;2;213;163;211m[48;2;174;126;173m▀[0m[38;2;204;139;203m[48;2;203;136;202m▀[0m[38;2;203;136;202m[48;2;203;136;202m▀[0m[38;2;202;136;202m[48;2;202;136;202m▀[0m[38;2;203;137;202m[48;2;202;136;202m▀[0m[38;2;203;137;202m▄[0m            
            [38;2;180;121;180m[48;2;202;136;201m▀[0m[38;2;205;139;205m[48;2;145;97;144m▀[0m[38;2;137;112;136m[48;2;207;148;205m▀[0m[38;2;35;35;35m[48;2;218;174;216m▀[0m[38;2;225;186;223m[48;2;86;71;87m▀[0m[38;2;222;184;221m[48;2;222;182;221m▀[0m[38;2;222;184;221m[48;2;221;180;219m▀[0m[38;2;223;187;222m[48;2;211;159;209m▀[0m[38;2;221;181;220m[48;2;15;9;13m▀[0m[38;2;49;49;49m[48;2;203;136;202m▀[0m[38;2;113;75;113m[48;2;202;136;202m▀[0m[38;2;145;98;145m[48;2;62;41;61m▀[0m[38;2;203;136;202m[48;2;204;137;204m▀[0m[38;2;203;136;202m[48;2;203;136;202m▀[0m[38;2;202;136;201m[48;2;202;136;201m▀[0m[38;2;203;136;202m[48;2;202;136;202m▀[0m[38;2;2;2;2m▄[0m           
           [38;2;62;43;62m[48;2;202;136;201m▀[0m[38;2;202;136;202m[48;2;203;136;202m▀[0m[38;2;203;136;202m[48;2;202;136;202m▀[0m[38;2;202;136;202m[48;2;176;90;91m▀[0m[38;2;202;136;201m[48;2;164;76;79m▀[0m[38;2;202;136;202m[48;2;165;79;80m▀[0m[38;2;202;136;202m[48;2;211;141;210m▀[0m[38;2;202;136;202m[48;2;175;87;89m▀[0m[38;2;209;140;208m[48;2;165;81;83m▀[0m[38;2;202;136;201m[48;2;185;91;93m▀[0m[38;2;202;136;202m[48;2;202;136;202m▀[0m[38;2;202;136;201m[48;2;218;147;217m▀[0m[38;2;203;136;202m[48;2;167;85;85m▀[0m[38;2;202;136;202m[48;2;203;136;202m▀[0m[38;2;203;136;203m[48;2;202;137;201m▀[0m[38;2;205;142;204m[48;2;204;141;203m▀[0m[38;2;202;136;201m[48;2;203;137;202m▀[0m[38;2;201;135;201m[48;2;203;137;202m▀[0m           
          [38;2;0;0;0m[48;2;203;137;202m▀[0m[38;2;202;136;201m[48;2;202;136;202m▀[0m[38;2;211;142;210m[48;2;211;142;210m▀[0m[38;2;202;136;202m[48;2;202;136;201m▀[0m[38;2;66;31;32m[48;2;201;136;201m▀[0m[38;2;166;80;82m[48;2;165;79;80m▀[0m[38;2;166;80;82m[48;2;166;82;82m▀[0m[38;2;165;78;80m[48;2;170;84;85m▀[0m[38;2;166;81;83m[48;2;215;120;115m▀[0m[38;2;168;87;87m[48;2;215;119;116m▀[0m[38;2;167;83;85m[48;2;215;120;116m▀[0m[38;2;167;83;85m[48;2;215;121;117m▀[0m[38;2;167;83;86m[48;2;220;124;120m▀[0m[38;2;167;84;85m[48;2;177;91;92m▀[0m[38;2;202;136;201m[48;2;202;137;202m▀[0m[38;2;201;132;200m[48;2;184;114;184m▀[0m[38;2;203;140;203m[48;2;206;146;204m▀[0m[38;2;202;136;202m[48;2;203;136;202m▀[0m[38;2;202;136;202m[48;2;202;136;202m▀[0m           
        [38;2;127;86;127m▄[0m[38;2;202;136;202m▄[0m[38;2;202;136;202m[48;2;202;136;202m▀[0m[38;2;203;136;202m[48;2;202;136;202m▀[0m[38;2;193;123;193m[48;2;110;69;111m▀[0m[38;2;204;137;204m▀[0m[38;2;203;136;202m[48;2;199;131;199m▀[0m[38;2;169;83;83m[48;2;203;137;202m▀[0m[38;2;167;83;85m[48;2;228;130;125m▀[0m[38;2;215;123;119m[48;2;240;162;156m▀[0m[38;2;217;123;119m[48;2;245;188;182m▀[0m[38;2;219;125;120m[48;2;245;193;188m▀[0m[38;2;219;126;121m[48;2;245;191;185m▀[0m[38;2;219;125;119m[48;2;245;191;187m▀[0m[38;2;218;124;119m[48;2;249;172;166m▀[0m[38;2;179;120;179m[48;2;184;114;184m▀[0m[38;2;183;114;183m[48;2;183;113;183m▀[0m[38;2;184;113;184m[48;2;183;113;183m▀[0m[38;2;206;147;205m[48;2;215;152;214m▀[0m[38;2;202;136;202m[48;2;202;136;202m▀[0m[38;2;202;136;201m[48;2;202;136;202m▀[0m[38;2;114;79;115m[48;2;202;137;202m▀[0m          
  [38;2;221;180;219m▄[0m[38;2;0;0;0m[48;2;210;154;207m▀[0m[38;2;169;122;168m[48;2;209;152;206m▀[0m[38;2;202;136;202m[48;2;202;136;202m▀[0m[38;2;203;136;202m[48;2;203;136;202m▀[0m[38;2;202;136;202m[48;2;203;136;202m▀[0m[38;2;202;136;202m[48;2;203;136;202m▀[0m[38;2;202;136;202m[48;2;203;136;202m▀[0m[38;2;203;136;202m[48;2;203;136;202m▀[0m[38;2;203;137;202m[48;2;188;118;188m▀[0m   [38;2;187;120;186m▀[0m[38;2;188;117;188m[48;2;5;3;5m▀[0m[38;2;202;165;161m[48;2;183;114;183m▀[0m[38;2;245;191;186m[48;2;182;113;183m▀[0m[38;2;244;191;185m[48;2;183;113;184m▀[0m[38;2;245;190;185m[48;2;183;113;184m▀[0m[38;2;162;123;119m[48;2;183;114;184m▀[0m[38;2;183;114;184m[48;2;184;113;183m▀[0m[38;2;184;114;184m[48;2;184;114;183m▀[0m[38;2;184;114;183m▀[0m[38;2;152;94;152m▀[0m[38;2;173;122;172m[48;2;33;24;33m▀[0m[38;2;202;136;201m[48;2;203;136;202m▀[0m[38;2;203;136;202m[48;2;202;136;202m▀[0m[38;2;203;137;202m[48;2;202;136;202m▀[0m          
   [38;2;211;160;209m▀[0m[38;2;209;153;207m[48;2;209;152;207m▀[0m[38;2;202;137;202m[48;2;202;136;202m▀[0m[38;2;202;136;202m[48;2;203;136;202m▀[0m[38;2;202;136;202m[48;2;189;119;189m▀[0m[38;2;203;136;202m[48;2;185;114;185m▀[0m[38;2;202;136;202m[48;2;91;59;92m▀[0m[38;2;184;113;184m▀[0m[38;2;182;111;182m▀[0m    [38;2;7;4;6m▄[0m[38;2;211;154;209m[48;2;209;153;207m▀[0m[38;2;198;128;197m[48;2;202;136;202m▀[0m[38;2;186;117;187m[48;2;202;136;201m▀[0m[38;2;184;113;184m[48;2;203;136;202m▀[0m[38;2;184;113;184m[48;2;202;136;202m▀[0m[38;2;188;118;188m[48;2;202;136;201m▀[0m[38;2;202;134;201m[48;2;202;136;201m▀[0m[38;2;0;0;0m[48;2;202;136;202m▀[0m  [38;2;202;137;202m[48;2;204;141;203m▀[0m[38;2;202;136;202m[48;2;202;136;202m▀[0m[38;2;203;136;202m[48;2;201;133;201m▀[0m[38;2;209;141;208m▄[0m         
    [38;2;3;2;3m▀[0m[38;2;186;116;186m▀[0m[38;2;14;10;15m▀[0m        [38;2;23;18;23m▄[0m[38;2;210;156;208m[48;2;211;157;208m▀[0m[38;2;209;154;207m[48;2;210;156;208m▀[0m[38;2;203;136;202m[48;2;204;140;203m▀[0m[38;2;202;136;201m[48;2;202;136;201m▀[0m[38;2;202;136;201m[48;2;203;136;202m▀[0m[38;2;203;136;202m[48;2;202;136;202m▀[0m[38;2;202;136;202m[48;2;202;136;202m▀[0m[38;2;202;136;202m[48;2;203;136;202m▀[0m[38;2;202;136;201m[48;2;202;136;202m▀[0m[38;2;203;136;202m[48;2;201;135;202m▀[0m[38;2;25;17;25m▄[0m[38;2;207;149;206m[48;2;206;151;204m▀[0m[38;2;202;136;201m[48;2;197;128;197m▀[0m[38;2;200;133;200m[48;2;186;115;187m▀[0m[38;2;192;123;192m[48;2;186;117;186m▀[0m[38;2;206;140;206m▄[0m        
               [38;2;210;157;208m[48;2;200;140;200m▀[0m[38;2;210;156;208m[48;2;153;96;154m▀[0m[38;2;210;155;207m[48;2;209;152;207m▀[0m[38;2;210;155;207m[48;2;210;154;207m▀[0m[38;2;203;136;202m[48;2;203;138;202m▀[0m[38;2;202;136;201m[48;2;202;136;201m▀[0m[38;2;203;136;202m[48;2;203;136;202m▀[0m[38;2;203;136;202m[48;2;202;136;202m▀[0m[38;2;202;136;201m[48;2;202;132;202m▀[0m[38;2;203;136;202m[48;2;203;136;202m▀[0m[38;2;202;136;202m[48;2;203;136;202m▀[0m[38;2;203;136;202m▀[0m [38;2;186;116;188m[48;2;205;143;204m▀[0m[38;2;186;115;187m[48;2;186;115;187m▀[0m[38;2;185;115;185m[48;2;184;115;185m▀[0m[38;2;186;120;187m[48;2;185;116;185m▀[0m[38;2;17;12;17m▄[0m[38;2;255;255;255m▄[0m[38;2;255;255;255m▄[0m[38;2;255;255;255m▄[0m[38;2;76;76;76m▄[0m   
                [38;2;189;117;190m▀[0m[38;2;185;114;185m[48;2;184;113;184m▀[0m[38;2;36;24;36m[48;2;184;114;184m▀[0m[38;2;183;114;183m[48;2;184;114;184m▀[0m[38;2;184;115;186m[48;2;102;66;102m▀[0m[38;2;203;136;202m[48;2;184;114;183m▀[0m[38;2;77;48;77m[48;2;183;112;183m▀[0m[38;2;183;112;183m[48;2;182;112;182m▀[0m[38;2;182;112;183m[48;2;181;111;181m▀[0m[38;2;78;49;79m▀[0m[38;2;63;63;63m▀[0m[38;2;63;63;63m[48;2;0;0;0m▀[0m[38;2;3;2;2m[48;2;56;56;56m▀[0m[38;2;185;115;186m[48;2;55;56;55m▀[0m[38;2;190;117;189m[48;2;54;54;54m▀[0m[38;2;57;57;57m[48;2;52;52;52m▀[0m[38;2;255;255;255m[48;2;53;52;53m▀[0m[38;2;255;255;255m[48;2;54;54;54m▀[0m[38;2;255;255;255m[48;2;67;67;67m▀[0m[38;2;255;255;255m[48;2;74;75;74m▀[0m[38;2;40;40;40m[48;2;56;56;56m▀[0m[38;2;65;65;66m[48;2;56;56;56m▀[0m  
                      [38;2;96;66;97m▀[0m[38;2;66;43;66m▀[0m       [38;2;0;0;0m▀[0m[38;2;12;12;12m▀[0m[38;2;36;35;36m▀[0m[38;2;51;51;51m▀[0m[38;2;8;8;8m▀[0m    
                                        
                                        
