                                        
                 [38;2;253;237;196m▄[0m[38;2;253;234;189m[48;2;254;235;189m▀[0m[38;2;0;0;0m[48;2;254;237;194m▀[0m                    
                [38;2;219;212;174m[48;2;253;234;188m▀[0m[38;2;253;234;188m[48;2;253;232;187m▀[0m[38;2;254;237;189m[48;2;102;98;79m▀[0m[38;2;252;231;187m[48;2;248;228;188m▀[0m[38;2;253;233;188m[48;2;253;234;188m▀[0m[38;2;255;242;188m▄[0m                  
              [38;2;0;0;0m▄[0m[38;2;255;235;176m[48;2;254;237;189m▀[0m[38;2;254;237;190m[48;2;189;137;105m▀[0m[38;2;244;174;135m[48;2;243;174;135m▀[0m[38;2;244;174;135m[48;2;242;166;121m▀[0m[38;2;255;249;209m[48;2;240;153;106m▀[0m[38;2;248;227;187m[48;2;253;229;159m▀[0m[38;2;253;229;163m[48;2;252;228;158m▀[0m[38;2;254;232;157m▄[0m                 
             [38;2;14;12;8m▄[0m[38;2;254;232;157m[48;2;254;231;161m▀[0m[38;2;255;242;165m[48;2;239;150;102m▀[0m[38;2;243;171;130m[48;2;179;128;103m▀[0m[38;2;8;8;8m[48;2;51;51;51m▀[0m[38;2;43;42;43m[48;2;51;51;51m▀[0m[38;2;239;152;106m[48;2;210;132;92m▀[0m[38;2;225;143;99m[48;2;238;150;102m▀[0m[38;2;253;229;163m[48;2;254;232;161m▀[0m[38;2;251;226;156m[48;2;254;232;158m▀[0m[38;2;241;212;150m[48;2;246;213;149m▀[0m                
            [38;2;178;163;111m▄[0m[38;2;252;224;156m[48;2;251;223;156m▀[0m[38;2;54;32;23m[48;2;237;147;101m▀[0m[38;2;240;150;102m[48;2;85;57;42m▀[0m[38;2;50;50;50m[48;2;51;51;51m▀[0m[38;2;51;51;51m[48;2;51;51;51m▀[0m[38;2;52;51;51m[48;2;51;51;51m▀[0m[38;2;51;51;51m[48;2;51;50;50m▀[0m[38;2;238;149;102m[48;2;31;32;32m▀[0m[38;2;237;148;102m[48;2;238;150;102m▀[0m[38;2;250;224;154m[48;2;249;160;109m▀[0m[38;2;234;207;146m[48;2;237;210;148m▀[0m[38;2;235;208;148m[48;2;231;201;146m▀[0m[38;2;211;191;135m▄[0m              
           [38;2;251;247;168m▄[0m[38;2;254;232;158m[48;2;254;232;161m▀[0m[38;2;243;152;105m[48;2;236;147;102m▀[0m[38;2;214;141;106m[48;2;29;30;29m▀[0m[38;2;52;51;51m[48;2;51;51;51m▀[0m[38;2;51;51;51m[48;2;51;51;51m▀[0m[38;2;51;51;51m[48;2;51;50;50m▀[0m[38;2;51;51;51m[48;2;51;51;51m▀[0m[38;2;51;51;51m[48;2;51;51;51m▀[0m[38;2;51;51;51m[48;2;51;51;51m▀[0m[38;2;240;150;103m[48;2;51;51;51m▀[0m[38;2;238;150;103m[48;2;239;150;103m▀[0m[38;2;158;140;100m[48;2;239;150;103m▀[0m[38;2;232;205;148m[48;2;234;208;147m▀[0m[38;2;234;208;147m[48;2;234;207;147m▀[0m[38;2;234;207;146m▄[0m             
          [38;2;211;200;136m▄[0m[38;2;254;232;157m[48;2;255;235;159m▀[0m[38;2;238;146;104m[48;2;238;149;103m▀[0m[38;2;206;134;101m[48;2;51;51;51m▀[0m[38;2;51;51;51m[48;2;51;51;51m▀[0m[38;2;51;51;50m[48;2;51;51;51m▀[0m[38;2;51;51;51m[48;2;51;50;50m▀[0m[38;2;51;51;51m[48;2;51;51;51m▀[0m[38;2;51;51;51m[48;2;51;51;51m▀[0m[38;2;51;50;50m[48;2;51;51;51m▀[0m[38;2;51;51;51m[48;2;51;51;51m▀[0m[38;2;51;51;51m[48;2;51;50;50m▀[0m[38;2;94;60;43m[48;2;51;51;50m▀[0m[38;2;238;150;102m[48;2;239;150;103m▀[0m[38;2;176;113;78m[48;2;239;154;109m▀[0m[38;2;234;207;147m[48;2;234;207;147m▀[0m[38;2;234;202;144m[48;2;231;203;146m▀[0m[38;2;7;7;4m[48;2;234;208;147m▀[0m            
         [38;2;10;8;5m▄[0m[38;2;254;232;158m[48;2;242;238;166m▀[0m[38;2;234;145;101m[48;2;237;146;102m▀[0m[38;2;214;140;106m[48;2;51;50;50m▀[0m[38;2;51;51;50m[48;2;51;51;51m▀[0m[38;2;51;51;51m[48;2;51;51;51m▀[0m[38;2;51;50;50m[48;2;52;51;51m▀[0m[38;2;51;51;51m[48;2;68;68;68m▀[0m[38;2;51;51;50m[48;2;82;82;82m▀[0m[38;2;62;61;61m[48;2;82;82;82m▀[0m[38;2;69;68;68m[48;2;82;82;82m▀[0m[38;2;77;77;76m[48;2;84;82;83m▀[0m[38;2;76;76;76m[48;2;82;82;82m▀[0m[38;2;63;63;62m[48;2;82;82;82m▀[0m[38;2;52;52;51m[48;2;82;82;82m▀[0m[38;2;240;155;109m[48;2;245;156;110m▀[0m[38;2;236;146;101m[48;2;239;150;102m▀[0m[38;2;232;202;145m[48;2;26;22;17m▀[0m[38;2;234;208;147m[48;2;233;207;147m▀[0m[38;2;232;205;145m[48;2;234;207;146m▀[0m           
         [38;2;254;234;165m[48;2;255;238;187m▀[0m[38;2;232;142;102m[48;2;238;150;102m▀[0m[38;2;206;134;102m[48;2;51;51;51m▀[0m[38;2;52;51;51m[48;2;52;51;50m▀[0m[38;2;51;51;51m[48;2;161;214;242m▀[0m[38;2;61;61;61m[48;2;82;81;82m▀[0m[38;2;82;82;82m[48;2;82;82;82m▀[0m[38;2;82;82;82m[48;2;82;82;82m▀[0m[38;2;82;82;82m[48;2;83;82;82m▀[0m[38;2;83;83;82m[48;2;94;95;95m▀[0m[38;2;83;82;82m[48;2;96;94;94m▀[0m[38;2;97;94;95m[48;2;96;96;97m▀[0m[38;2;82;82;82m[48;2;82;82;82m▀[0m[38;2;82;82;82m[48;2;163;214;242m▀[0m[38;2;82;81;82m[48;2;32;32;31m▀[0m[38;2;83;82;82m[48;2;82;82;82m▀[0m[38;2;239;150;102m[48;2;38;25;20m▀[0m[38;2;239;149;103m[48;2;238;149;102m▀[0m[38;2;234;207;146m[48;2;199;125;85m▀[0m[38;2;233;207;146m[48;2;232;200;145m▀[0m[38;2;232;202;146m[48;2;234;207;147m▀[0m[38;2;23;20;14m▄[0m         
        [38;2;255;244;196m[48;2;254;237;189m▀[0m[38;2;250;160;114m[48;2;244;174;137m▀[0m[38;2;191;131;103m[48;2;56;55;55m▀[0m[38;2;51;51;51m[48;2;52;51;51m▀[0m[38;2;48;48;49m[48;2;81;81;81m▀[0m[38;2;153;212;242m[48;2;82;82;82m▀[0m[38;2;82;81;81m[48;2;82;81;82m▀[0m[38;2;82;81;82m[48;2;82;82;82m▀[0m[38;2;82;82;82m[48;2;83;82;82m▀[0m[38;2;82;82;82m[48;2;86;86;86m▀[0m[38;2;96;96;96m[48;2;98;98;98m▀[0m[38;2;96;96;96m[48;2;96;96;96m▀[0m[38;2;96;96;96m[48;2;96;96;96m▀[0m[38;2;92;89;90m[48;2;96;96;96m▀[0m[38;2;108;202;238m[48;2;82;81;82m▀[0m[38;2;84;83;84m[48;2;82;82;82m▀[0m[38;2;82;81;82m[48;2;82;82;82m▀[0m[38;2;81;80;80m[48;2;81;81;80m▀[0m[38;2;237;149;102m[48;2;37;37;36m▀[0m[38;2;238;150;102m[48;2;238;150;102m▀[0m[38;2;233;207;150m[48;2;251;158;109m▀[0m[38;2;234;207;146m[48;2;234;207;147m▀[0m[38;2;234;207;147m[48;2;235;206;147m▀[0m[38;2;69;61;44m▄[0m        
       [38;2;0;0;0m[48;2;254;238;190m▀[0m[38;2;160;152;122m[48;2;96;71;56m▀[0m[38;2;244;172;131m[48;2;244;174;135m▀[0m[38;2;51;51;51m[48;2;51;50;50m▀[0m[38;2;55;55;55m[48;2;66;65;65m▀[0m[38;2;83;82;82m[48;2;22;22;22m▀[0m[38;2;82;82;82m[48;2;243;245;249m▀[0m[38;2;156;157;159m[48;2;238;241;245m▀[0m[38;2;238;241;245m[48;2;238;241;245m▀[0m[38;2;238;241;245m[48;2;243;244;247m▀[0m[38;2;247;249;250m[48;2;255;255;255m▀[0m[38;2;253;253;254m[48;2;255;255;255m▀[0m[38;2;255;255;255m[48;2;255;255;255m▀[0m[38;2;255;255;255m[48;2;255;255;255m▀[0m[38;2;208;208;208m[48;2;255;255;255m▀[0m[38;2;85;85;85m[48;2;255;255;255m▀[0m[38;2;82;81;82m[48;2;246;246;246m▀[0m[38;2;82;82;82m[48;2;82;81;81m▀[0m[38;2;79;78;78m[48;2;54;54;53m▀[0m[38;2;52;50;50m[48;2;51;51;51m▀[0m[38;2;218;140;103m[48;2;236;147;103m▀[0m[38;2;238;150;102m[48;2;239;150;102m▀[0m[38;2;229;204;145m[48;2;234;207;147m▀[0m[38;2;234;207;149m[48;2;234;207;147m▀[0m[38;2;234;204;145m[48;2;238;208;148m▀[0m[38;2;242;211;151m▄[0m       
      [38;2;0;0;0m▄[0m[38;2;254;237;191m[48;2;253;234;189m▀[0m[38;2;253;232;187m[48;2;254;236;189m▀[0m[38;2;243;174;135m[48;2;254;236;188m▀[0m[38;2;210;138;102m[48;2;240;155;107m▀[0m[38;2;174;175;177m[48;2;211;138;101m▀[0m[38;2;238;241;245m[48;2;238;240;245m▀[0m[38;2;242;244;248m[48;2;238;240;245m▀[0m[38;2;238;241;245m[48;2;238;241;245m▀[0m[38;2;239;241;245m[48;2;240;242;245m▀[0m[38;2;254;254;254m[48;2;254;255;255m▀[0m[38;2;255;255;255m[48;2;255;255;255m▀[0m[38;2;255;255;255m[48;2;255;255;255m▀[0m[38;2;255;255;255m[48;2;255;255;255m▀[0m[38;2;255;255;255m[48;2;255;255;255m▀[0m[38;2;255;255;255m[48;2;255;255;255m▀[0m[38;2;255;255;255m[48;2;255;255;255m▀[0m[38;2;255;255;255m[48;2;240;241;246m▀[0m[38;2;240;242;246m[48;2;170;173;176m▀[0m[38;2;55;54;54m[48;2;236;146;101m▀[0m[38;2;238;149;101m[48;2;239;150;102m▀[0m[38;2;237;146;101m[48;2;232;200;143m▀[0m[38;2;240;209;151m[48;2;232;202;145m▀[0m[38;2;234;207;147m[48;2;231;200;145m▀[0m[38;2;234;207;146m[48;2;234;206;146m▀[0m[38;2;236;209;147m[48;2;245;218;151m▀[0m[38;2;252;222;155m[48;2;254;230;158m▀[0m[38;2;255;239;164m▄[0m      
      [38;2;252;228;159m[48;2;254;232;157m▀[0m[38;2;254;230;171m[48;2;255;237;161m▀[0m[38;2;254;236;175m[48;2;255;235;179m▀[0m[38;2;254;237;188m[48;2;254;232;161m▀[0m[38;2;254;232;158m[48;2;254;231;161m▀[0m[38;2;237;147;101m[48;2;253;229;159m▀[0m[38;2;238;149;102m[48;2;69;43;30m▀[0m[38;2;83;84;86m[48;2;238;150;102m▀[0m[38;2;238;240;245m[48;2;208;136;103m▀[0m[38;2;243;244;247m[48;2;238;238;239m▀[0m[38;2;254;254;254m[48;2;254;254;255m▀[0m[38;2;255;255;255m[48;2;97;96;97m▀[0m[38;2;255;255;255m[48;2;96;95;95m▀[0m[38;2;255;255;255m[48;2;82;81;82m▀[0m[38;2;255;255;255m[48;2;0;0;0m▀[0m[38;2;255;255;255m[48;2;165;106;74m▀[0m[38;2;226;229;236m[48;2;239;152;105m▀[0m[38;2;207;130;91m[48;2;239;150;103m▀[0m[38;2;237;147;104m[48;2;97;86;62m▀[0m[38;2;240;149;105m[48;2;234;207;146m▀[0m[38;2;234;207;146m[48;2;235;207;147m▀[0m[38;2;235;204;145m[48;2;232;201;145m▀[0m[38;2;233;201;145m[48;2;234;207;150m▀[0m[38;2;234;208;150m[48;2;235;205;146m▀[0m[38;2;239;211;149m[48;2;234;207;146m▀[0m[38;2;241;214;149m[48;2;254;235;160m▀[0m[38;2;254;232;158m[48;2;254;232;158m▀[0m[38;2;254;232;158m[48;2;254;232;158m▀[0m      
      [38;2;253;231;158m[48;2;248;238;168m▀[0m[38;2;254;231;158m[48;2;253;231;159m▀[0m[38;2;254;232;158m[48;2;254;232;158m▀[0m[38;2;254;232;160m[48;2;254;233;161m▀[0m[38;2;253;232;158m[48;2;252;226;157m▀[0m[38;2;253;231;159m[48;2;253;227;159m▀[0m[38;2;254;232;158m[48;2;253;232;157m▀[0m[38;2;252;244;167m[48;2;254;232;158m▀[0m[38;2;239;150;102m[48;2;147;139;97m▀[0m[38;2;239;149;102m[48;2;237;148;102m▀[0m[38;2;73;72;72m[48;2;53;52;52m▀[0m[38;2;81;82;82m[48;2;82;82;82m▀[0m[38;2;82;82;82m[48;2;80;79;79m▀[0m[38;2;82;82;82m[48;2;51;51;51m▀[0m[38;2;51;51;51m[48;2;52;51;51m▀[0m[38;2;200;134;103m[48;2;234;207;147m▀[0m[38;2;3;2;1m[48;2;234;207;146m▀[0m[38;2;234;207;149m[48;2;234;207;147m▀[0m[38;2;230;202;148m[48;2;233;202;145m▀[0m[38;2;235;207;146m[48;2;233;204;147m▀[0m[38;2;234;206;147m[48;2;233;202;145m▀[0m[38;2;234;208;146m[48;2;234;207;146m▀[0m[38;2;234;207;146m[48;2;234;207;147m▀[0m[38;2;234;208;151m[48;2;235;209;152m▀[0m[38;2;236;209;147m[48;2;237;210;147m▀[0m[38;2;252;229;156m[48;2;251;227;154m▀[0m[38;2;254;232;158m[48;2;255;233;159m▀[0m[38;2;81;71;48m▀[0m      
       [38;2;192;170;121m▀[0m[38;2;254;232;158m[48;2;6;5;3m▀[0m[38;2;254;232;158m[48;2;255;240;163m▀[0m[38;2;253;227;157m[48;2;254;232;159m▀[0m[38;2;252;226;157m[48;2;254;232;158m▀[0m[38;2;253;229;157m[48;2;253;229;157m▀[0m[38;2;254;232;158m[48;2;253;226;157m▀[0m[38;2;113;106;74m[48;2;28;28;27m▀[0m[38;2;165;105;73m[48;2;97;96;97m▀[0m[38;2;61;61;60m[48;2;85;84;85m▀[0m[38;2;52;52;52m[48;2;82;82;82m▀[0m[38;2;51;51;51m[48;2;1;1;1m▀[0m[38;2;51;51;51m[48;2;191;136;109m▀[0m[38;2;11;11;11m[48;2;206;136;103m▀[0m[38;2;235;206;148m[48;2;233;204;145m▀[0m[38;2;231;201;145m[48;2;235;208;148m▀[0m[38;2;234;208;147m[48;2;234;207;147m▀[0m[38;2;234;204;145m[48;2;234;206;148m▀[0m[38;2;234;208;150m[48;2;233;203;145m▀[0m[38;2;42;37;28m[48;2;232;200;145m▀[0m[38;2;234;207;147m[48;2;234;207;146m▀[0m[38;2;234;207;146m[48;2;234;207;146m▀[0m[38;2;234;208;152m[48;2;227;198;146m▀[0m[38;2;236;209;147m[48;2;171;151;107m▀[0m[38;2;252;229;156m▀[0m        
          [38;2;247;220;152m▀[0m[38;2;253;228;157m[48;2;0;0;0m▀[0m[38;2;253;226;157m[48;2;245;217;151m▀[0m[38;2;252;226;157m[48;2;254;232;159m▀[0m[38;2;77;76;77m[48;2;52;51;51m▀[0m[38;2;82;82;82m[48;2;52;52;52m▀[0m[38;2;82;82;82m[48;2;53;53;52m▀[0m[38;2;82;82;82m[48;2;51;51;51m▀[0m[38;2;52;52;52m[48;2;52;51;51m▀[0m[38;2;210;140;105m[48;2;31;21;17m▀[0m[38;2;206;136;103m[48;2;211;137;101m▀[0m[38;2;234;207;150m[48;2;240;213;151m▀[0m[38;2;234;207;146m[48;2;234;207;146m▀[0m[38;2;234;207;146m[48;2;234;207;146m▀[0m[38;2;234;207;147m[48;2;234;207;147m▀[0m[38;2;231;201;145m[48;2;235;208;147m▀[0m[38;2;232;202;146m[48;2;176;155;110m▀[0m[38;2;234;207;147m[48;2;51;51;51m▀[0m[38;2;243;216;157m▀[0m           
           [38;2;37;37;37m[48;2;0;0;0m▀[0m[38;2;51;51;51m[48;2;51;51;51m▀[0m[38;2;53;53;53m[48;2;52;51;51m▀[0m[38;2;48;34;28m[48;2;51;51;51m▀[0m[38;2;52;51;51m[48;2;51;51;51m▀[0m[38;2;51;51;51m[48;2;51;51;51m▀[0m[38;2;51;51;51m▀[0m  [38;2;235;148;102m▀[0m[38;2;46;42;31m▀[0m[38;2;216;191;136m[48;2;51;51;51m▀[0m[38;2;6;6;6m[48;2;52;51;51m▀[0m[38;2;52;52;52m[48;2;51;51;51m▀[0m[38;2;51;51;51m[48;2;51;50;50m▀[0m[38;2;52;51;51m[48;2;58;57;57m▀[0m[38;2;51;51;51m[48;2;52;52;52m▀[0m            
            [38;2;74;74;74m▀[0m[38;2;79;78;78m[48;2;82;82;82m▀[0m[38;2;63;63;62m[48;2;82;82;82m▀[0m[38;2;51;51;51m[48;2;87;86;87m▀[0m[38;2;8;8;8m▀[0m     [38;2;0;0;0m▀[0m[38;2;55;55;55m[48;2;0;0;0m▀[0m[38;2;84;83;83m[48;2;88;88;88m▀[0m[38;2;88;87;87m[48;2;92;91;91m▀[0m[38;2;91;90;90m[48;2;1;1;1m▀[0m[38;2;0;0;0m▀[0m            
                                        
