                                        
                                        
                               [38;2;155;206;228m▄[0m        
                                [38;2;136;197;226m[48;2;58;77;88m▀[0m[38;2;134;191;222m▄[0m      
                       [38;2;214;154;109m▄[0m[38;2;218;157;109m▄[0m[38;2;208;149;109m▄[0m [38;2;206;150;110m▄[0m[38;2;219;158;109m▄[0m[38;2;218;158;109m▄[0m [38;2;152;206;236m▄[0m[38;2;146;194;222m[48;2;136;196;225m▀[0m[38;2;155;207;237m[48;2;245;188;137m▀[0m[38;2;158;213;244m[48;2;223;187;155m▀[0m[38;2;137;196;226m▄[0m    
       [38;2;126;89;57m▄[0m[38;2;242;172;114m▄[0m[38;2;242;172;114m▄[0m[38;2;241;171;113m▄[0m[38;2;243;175;113m▄[0m[38;2;228;163;114m▄[0m[38;2;231;164;114m▄[0m[38;2;132;103;83m▄[0m    [38;2;191;143;105m▄[0m[38;2;217;158;109m[48;2;211;154;108m▀[0m[38;2;152;109;76m[48;2;102;169;201m▀[0m[38;2;230;165;112m[48;2;216;169;131m▀[0m[38;2;210;150;108m[48;2;230;233;239m▀[0m[38;2;51;91;113m[48;2;113;178;208m▀[0m[38;2;138;206;239m[48;2;127;192;219m▀[0m[38;2;155;209;238m▀[0m[38;2;133;195;225m▀[0m[38;2;126;188;218m▀[0m[38;2;126;185;215m▀[0m[38;2;144;204;234m[48;2;5;8;10m▀[0m[38;2;136;197;226m[48;2;133;190;221m▀[0m[38;2;143;192;215m[48;2;135;195;226m▀[0m[38;2;241;241;242m[48;2;241;241;242m▀[0m[38;2;241;241;242m[48;2;241;241;242m▀[0m[38;2;132;195;226m[48;2;134;193;222m▀[0m[38;2;151;206;238m[48;2;136;197;226m▀[0m[38;2;106;142;162m▄[0m  
     [38;2;234;192;143m[48;2;242;171;113m▀[0m[38;2;243;174;113m[48;2;240;168;114m▀[0m[38;2;243;175;113m[48;2;242;172;114m▀[0m[38;2;243;174;113m[48;2;249;181;117m▀[0m[38;2;243;174;113m[48;2;242;172;113m▀[0m[38;2;233;164;114m[48;2;240;168;113m▀[0m[38;2;243;174;113m[48;2;227;162;114m▀[0m[38;2;239;168;114m[48;2;243;175;113m▀[0m[38;2;238;167;114m[48;2;238;166;114m▀[0m[38;2;225;161;115m[48;2;226;161;113m▀[0m[38;2;52;36;24m[48;2;243;173;113m▀[0m[38;2;13;11;9m[48;2;237;167;114m▀[0m[38;2;98;82;66m▄[0m[38;2;155;208;238m[48;2;154;206;237m▀[0m[38;2;189;140;106m[48;2;102;167;199m▀[0m[38;2;102;168;198m[48;2;237;166;114m▀[0m[38;2;102;169;200m[48;2;243;174;113m▀[0m[38;2;97;169;201m[48;2;240;170;113m▀[0m[38;2;223;170;128m▀[0m       [38;2;68;98;113m▀[0m[38;2;135;195;224m▀[0m[38;2;134;192;222m[48;2;133;192;221m▀[0m[38;2;135;193;223m▀[0m[38;2;93;134;153m▀[0m    
      [38;2;243;174;113m▀[0m[38;2;243;174;113m[48;2;244;174;113m▀[0m[38;2;243;174;113m[48;2;243;174;113m▀[0m[38;2;243;174;113m[48;2;221;165;106m▀[0m[38;2;233;166;114m[48;2;223;161;110m▀[0m[38;2;223;160;114m[48;2;217;157;110m▀[0m[38;2;243;174;114m[48;2;243;175;114m▀[0m[38;2;243;171;114m[48;2;62;44;30m▀[0m[38;2;243;174;113m[48;2;239;168;114m▀[0m[38;2;233;165;114m[48;2;235;166;114m▀[0m[38;2;242;171;113m[48;2;232;164;114m▀[0m[38;2;243;175;113m[48;2;239;168;114m▀[0m[38;2;164;217;248m[48;2;168;221;248m▀[0m[38;2;185;133;83m[48;2;167;212;238m▀[0m[38;2;240;167;114m[48;2;153;205;235m▀[0m[38;2;243;174;113m[48;2;158;212;238m▀[0m[38;2;223;160;114m[48;2;133;90;54m▀[0m[38;2;215;157;116m[48;2;242;171;114m▀[0m[38;2;240;171;114m▄[0m[38;2;243;174;113m[48;2;243;174;113m▀[0m[38;2;243;177;116m[48;2;243;174;113m▀[0m[38;2;242;190;153m▄[0m   [38;2;136;193;223m▄[0m[38;2;137;198;227m▀[0m       
        [38;2;244;171;116m▀[0m[38;2;223;160;113m[48;2;217;157;109m▀[0m[38;2;209;150;110m[48;2;216;156;109m▀[0m[38;2;218;158;109m[48;2;218;157;109m▀[0m[38;2;220;157;111m[48;2;215;155;109m▀[0m[38;2;226;160;114m[48;2;207;150;110m▀[0m[38;2;242;174;113m[48;2;0;0;0m▀[0m[38;2;243;175;113m▀[0m[38;2;42;31;22m▀[0m [38;2;147;205;235m▀[0m[38;2;157;209;239m[48;2;15;22;26m▀[0m[38;2;158;210;240m[48;2;129;193;223m▀[0m[38;2;159;210;239m[48;2;148;204;234m▀[0m[38;2;221;195;169m[48;2;247;198;155m▀[0m[38;2;245;188;134m[48;2;255;255;255m▀[0m[38;2;143;199;229m[48;2;157;208;238m▀[0m[38;2;119;180;210m[48;2;139;197;226m▀[0m[38;2;55;51;47m[48;2;119;179;209m▀[0m[38;2;246;194;153m[48;2;125;190;221m▀[0m[38;2;151;204;228m[48;2;45;74;90m▀[0m[38;2;244;184;130m▄[0m          
      [38;2;184;220;243m▄[0m[38;2;40;48;52m[48;2;200;228;245m▀[0m[38;2;183;219;242m[48;2;201;229;246m▀[0m[38;2;181;218;241m[48;2;182;218;242m▀[0m[38;2;184;220;243m[48;2;183;219;242m▀[0m[38;2;156;208;238m[48;2;176;214;238m▀[0m[38;2;162;214;244m[48;2;159;210;238m▀[0m[38;2;154;207;237m▄[0m[38;2;105;160;186m▄[0m         [38;2;118;179;210m[48;2;245;196;155m▀[0m[38;2;233;165;108m[48;2;216;155;109m▀[0m[38;2;218;157;109m[48;2;218;158;109m▀[0m[38;2;101;71;47m[48;2;218;158;109m▀[0m[38;2;129;189;219m[48;2;135;195;224m▀[0m[38;2;150;199;224m[48;2;157;209;239m▀[0m[38;2;208;210;217m[48;2;153;181;194m▀[0m         
    [38;2;166;212;240m▄[0m[38;2;180;218;240m[48;2;231;191;155m▀[0m[38;2;181;218;241m[48;2;178;216;240m▀[0m[38;2;178;216;240m[48;2;178;215;240m▀[0m[38;2;176;214;237m[48;2;179;217;241m▀[0m[38;2;177;213;238m[48;2;180;217;241m▀[0m[38;2;182;220;242m[48;2;154;206;236m▀[0m[38;2;186;221;244m[48;2;152;205;236m▀[0m[38;2;153;209;244m[48;2;245;187;137m▀[0m[38;2;128;93;60m[48;2;212;214;221m▀[0m[38;2;118;180;211m[48;2;88;66;52m▀[0m[38;2;122;185;216m[48;2;121;185;215m▀[0m[38;2;99;149;174m▄[0m[38;2;61;43;28m▄[0m[38;2;246;190;136m[48;2;185;137;108m▀[0m[38;2;198;147;107m[48;2;205;151;108m▀[0m[38;2;210;152;108m[48;2;215;154;111m▀[0m[38;2;217;157;110m[48;2;218;157;109m▀[0m[38;2;216;155;109m▄[0m[38;2;127;172;192m▄[0m[38;2;212;153;110m[48;2;219;158;109m▀[0m[38;2;209;151;110m[48;2;228;164;114m▀[0m[38;2;219;158;109m[48;2;135;195;224m▀[0m[38;2;122;185;215m[48;2;133;191;222m▀[0m[38;2;133;190;220m[48;2;153;205;235m▀[0m[38;2;147;202;233m[48;2;135;193;223m▀[0m[38;2;133;192;222m[48;2;136;196;225m▀[0m         
   [38;2;163;219;251m[48;2;151;208;238m▀[0m[38;2;160;210;240m[48;2;157;213;245m▀[0m[38;2;255;255;255m[48;2;255;255;255m▀[0m[38;2;218;196;173m[48;2;161;212;241m▀[0m[38;2;163;213;241m[48;2;155;208;238m▀[0m[38;2;245;192;144m[48;2;255;255;254m▀[0m[38;2;255;255;255m[48;2;255;255;255m▀[0m[38;2;241;189;141m[48;2;217;187;160m▀[0m[38;2;162;212;241m[48;2;120;182;212m▀[0m[38;2;125;189;221m[48;2;121;185;215m▀[0m[38;2;208;210;217m[48;2;130;179;201m▀[0m[38;2;224;225;233m[48;2;207;153;116m▀[0m[38;2;120;183;213m[48;2;119;181;211m▀[0m[38;2;120;181;211m[48;2;121;185;215m▀[0m[38;2;132;194;224m[48;2;121;185;215m▀[0m[38;2;133;191;222m[48;2;123;185;215m▀[0m[38;2;111;166;192m[48;2;133;192;222m▀[0m[38;2;83;57;39m[48;2;134;190;221m▀[0m[38;2;182;128;87m[48;2;219;170;132m▀[0m[38;2;97;67;45m[48;2;133;193;224m▀[0m[38;2;74;112;131m[48;2;136;199;228m▀[0m[38;2;135;193;223m[48;2;136;197;227m▀[0m[38;2;136;197;226m[48;2;161;212;241m▀[0m[38;2;136;199;228m[48;2;210;199;184m▀[0m[38;2;255;255;255m[48;2;208;210;217m▀[0m[38;2;133;189;220m[48;2;128;191;220m▀[0m[38;2;137;196;226m[48;2;134;194;224m▀[0m[38;2;39;54;62m▀[0m         
    [38;2;61;93;109m[48;2;255;255;255m▀[0m[38;2;127;187;217m[48;2;93;150;175m▀[0m[38;2;135;195;225m[48;2;219;221;229m▀[0m[38;2;134;193;223m[48;2;217;220;228m▀[0m[38;2;127;185;216m[48;2;138;106;117m▀[0m[38;2;148;174;185m[48;2;43;32;36m▀[0m[38;2;122;186;216m[48;2;233;236;241m▀[0m[38;2;119;179;209m[48;2;164;129;140m▀[0m[38;2;119;180;210m[48;2;55;42;46m▀[0m[38;2;1;1;0m[48;2;123;186;217m▀[0m[38;2;120;183;213m[48;2;121;183;213m▀[0m[38;2;120;182;212m[48;2;119;178;209m▀[0m[38;2;119;181;211m[48;2;120;182;212m▀[0m[38;2;120;182;212m[48;2;120;184;214m▀[0m[38;2;130;190;220m[48;2;122;186;216m▀[0m[38;2;139;198;228m[48;2;121;185;215m▀[0m[38;2;149;206;235m[48;2;120;183;213m▀[0m[38;2;255;255;255m[48;2;208;211;218m▀[0m[38;2;255;255;255m[48;2;208;211;218m▀[0m[38;2;160;211;241m[48;2;122;186;216m▀[0m[38;2;148;205;235m[48;2;119;181;211m▀[0m[38;2;119;180;210m[48;2;121;185;215m▀[0m[38;2;121;186;217m[48;2;119;182;212m▀[0m[38;2;204;176;160m[48;2;56;82;94m▀[0m[38;2;132;190;220m▀[0m           
    [38;2;27;28;30m▄[0m[38;2;138;105;115m[48;2;22;16;18m▀[0m[38;2;60;45;50m[48;2;195;152;163m▀[0m[38;2;197;152;164m[48;2;195;152;164m▀[0m[38;2;191;149;164m[48;2;195;152;164m▀[0m[38;2;194;150;164m[48;2;195;151;164m▀[0m[38;2;47;45;45m[48;2;195;151;164m▀[0m[38;2;194;151;164m[48;2;195;152;164m▀[0m[38;2;195;152;164m[48;2;195;152;163m▀[0m[38;2;104;162;189m[48;2;196;152;164m▀[0m[38;2;118;179;209m[48;2;118;179;209m▀[0m[38;2;120;183;213m[48;2;119;183;213m▀[0m[38;2;120;183;213m[48;2;107;174;207m▀[0m[38;2;118;179;209m[48;2;100;164;194m▀[0m[38;2;115;176;207m[48;2;101;165;196m▀[0m[38;2;113;179;209m[48;2;109;172;202m▀[0m[38;2;106;169;200m[48;2;119;179;209m▀[0m[38;2;118;182;212m[48;2;70;105;123m▀[0m[38;2;119;183;214m▀[0m[38;2;120;182;212m▀[0m[38;2;119;179;209m▀[0m[38;2;1;1;1m▀[0m              
  [38;2;148;201;229m[48;2;177;216;240m▀[0m[38;2;255;255;255m[48;2;255;255;255m▀[0m[38;2;170;106;127m[48;2;216;220;228m▀[0m[38;2;200;154;166m[48;2;213;181;188m▀[0m[38;2;218;184;189m[48;2;218;185;189m▀[0m[38;2;218;185;189m[48;2;217;184;188m▀[0m[38;2;218;184;189m[48;2;218;185;189m▀[0m[38;2;217;185;189m[48;2;217;184;189m▀[0m[38;2;215;175;184m[48;2;85;88;87m▀[0m[38;2;218;168;184m[48;2;255;255;255m▀[0m[38;2;195;152;164m[48;2;209;159;172m▀[0m[38;2;195;152;164m[48;2;212;166;178m▀[0m[38;2;120;182;212m[48;2;135;196;226m▀[0m[38;2;119;183;213m[48;2;128;195;226m▀[0m[38;2;17;34;41m[48;2;187;138;105m▀[0m[38;2;103;169;200m▀[0m                      
  [38;2;10;17;20m[48;2;208;150;98m▀[0m[38;2;151;206;237m[48;2;179;125;79m▀[0m[38;2;156;207;237m[48;2;110;169;200m▀[0m[38;2;129;174;199m[48;2;113;176;207m▀[0m[38;2;221;170;184m[48;2;113;175;207m▀[0m[38;2;215;181;188m[48;2;111;174;206m▀[0m[38;2;217;182;188m[48;2;116;175;206m▀[0m[38;2;214;175;185m[48;2;137;196;226m▀[0m[38;2;255;255;255m[48;2;154;207;238m▀[0m[38;2;255;255;255m[48;2;148;204;234m▀[0m[38;2;143;189;211m[48;2;112;174;205m▀[0m[38;2;138;201;230m[48;2;110;171;202m▀[0m[38;2;111;173;204m[48;2;30;25;21m▀[0m[38;2;188;141;104m[48;2;243;173;113m▀[0m[38;2;190;142;105m[48;2;243;174;113m▀[0m                       
  [38;2;243;174;113m[48;2;155;115;85m▀[0m[38;2;233;165;112m▀[0m       [38;2;49;80;97m[48;2;9;5;4m▀[0m[38;2;148;105;70m[48;2;231;165;114m▀[0m[38;2;243;175;113m[48;2;243;174;113m▀[0m[38;2;243;174;113m[48;2;242;172;113m▀[0m[38;2;235;166;114m[48;2;237;166;114m▀[0m[38;2;241;171;114m▀[0m                       
             [38;2;156;117;91m▀[0m[38;2;152;116;90m▀[0m                         
                                        
                                        
