                                        
                                        
                               [38;2;155;228;173m▄[0m        
                                [38;2;136;226;161m[48;2;58;88;66m▀[0m[38;2;134;222;160m▄[0m      
                       [38;2;214;181;109m▄[0m[38;2;218;185;109m▄[0m[38;2;208;174;109m▄[0m [38;2;206;175;110m▄[0m[38;2;219;186;109m▄[0m[38;2;218;186;109m▄[0m [38;2;152;236;178m▄[0m[38;2;146;222;169m[48;2;136;225;160m▀[0m[38;2;155;237;180m[48;2;245;215;137m▀[0m[38;2;158;244;184m[48;2;223;205;153m▀[0m[38;2;137;226;162m▄[0m    
       [38;2;126;107;57m▄[0m[38;2;242;205;114m▄[0m[38;2;242;205;114m▄[0m[38;2;241;204;113m▄[0m[38;2;243;208;113m▄[0m[38;2;228;192;114m▄[0m[38;2;231;194;114m▄[0m[38;2;132;115;83m▄[0m    [38;2;191;165;105m▄[0m[38;2;217;186;109m[48;2;211;180;108m▀[0m[38;2;152;128;76m[48;2;102;201;127m▀[0m[38;2;230;195;112m[48;2;216;190;131m▀[0m[38;2;210;176;108m[48;2;230;238;237m▀[0m[38;2;51;113;69m[48;2;113;208;137m▀[0m[38;2;138;239;165m[48;2;127;219;148m▀[0m[38;2;155;238;179m▀[0m[38;2;133;225;157m▀[0m[38;2;126;218;151m▀[0m[38;2;126;215;151m▀[0m[38;2;144;234;169m[48;2;5;10;7m▀[0m[38;2;136;226;160m[48;2;133;221;159m▀[0m[38;2;143;215;163m[48;2;135;226;160m▀[0m[38;2;241;241;242m[48;2;241;241;242m▀[0m[38;2;241;241;242m[48;2;241;241;242m▀[0m[38;2;132;226;158m[48;2;134;222;158m▀[0m[38;2;151;238;178m[48;2;136;226;160m▀[0m[38;2;106;162;123m▄[0m  
     [38;2;234;215;143m[48;2;242;204;113m▀[0m[38;2;243;207;113m[48;2;240;200;114m▀[0m[38;2;243;208;113m[48;2;242;204;114m▀[0m[38;2;243;207;113m[48;2;249;215;117m▀[0m[38;2;243;207;113m[48;2;242;205;113m▀[0m[38;2;233;194;114m[48;2;240;201;113m▀[0m[38;2;243;207;113m[48;2;227;192;114m▀[0m[38;2;239;200;114m[48;2;243;208;113m▀[0m[38;2;238;199;114m[48;2;238;198;114m▀[0m[38;2;225;189;115m[48;2;226;190;113m▀[0m[38;2;52;43;24m[48;2;243;206;113m▀[0m[38;2;13;12;9m[48;2;237;198;114m▀[0m[38;2;98;92;64m▄[0m[38;2;155;238;181m[48;2;154;237;180m▀[0m[38;2;189;161;106m[48;2;102;199;128m▀[0m[38;2;102;198;126m[48;2;237;197;114m▀[0m[38;2;102;200;126m[48;2;243;207;113m▀[0m[38;2;97;201;124m[48;2;240;202;113m▀[0m[38;2;223;194;128m▀[0m       [38;2;68;113;80m▀[0m[38;2;135;224;160m▀[0m[38;2;134;222;159m[48;2;133;221;158m▀[0m[38;2;135;223;160m▀[0m[38;2;93;153;108m▀[0m    
      [38;2;243;207;113m▀[0m[38;2;243;207;113m[48;2;244;208;113m▀[0m[38;2;243;208;113m[48;2;243;207;113m▀[0m[38;2;243;208;113m[48;2;221;194;106m▀[0m[38;2;233;196;114m[48;2;223;189;110m▀[0m[38;2;223;188;114m[48;2;217;184;110m▀[0m[38;2;243;207;114m[48;2;243;208;114m▀[0m[38;2;243;205;114m[48;2;62;52;30m▀[0m[38;2;243;207;113m[48;2;239;200;114m▀[0m[38;2;233;195;114m[48;2;235;197;114m▀[0m[38;2;242;204;113m[48;2;232;194;114m▀[0m[38;2;243;208;113m[48;2;239;200;114m▀[0m[38;2;164;248;189m[48;2;168;248;190m▀[0m[38;2;185;159;83m[48;2;167;238;189m▀[0m[38;2;240;200;114m[48;2;153;235;178m▀[0m[38;2;243;207;113m[48;2;158;238;180m▀[0m[38;2;223;188;114m[48;2;133;110;54m▀[0m[38;2;215;182;116m[48;2;242;204;114m▀[0m[38;2;240;203;114m▄[0m[38;2;243;207;113m[48;2;243;207;113m▀[0m[38;2;243;209;116m[48;2;243;207;113m▀[0m[38;2;242;213;153m▄[0m   [38;2;136;223;161m▄[0m[38;2;137;227;161m▀[0m       
        [38;2;244;203;116m▀[0m[38;2;223;188;113m[48;2;217;185;109m▀[0m[38;2;209;176;110m[48;2;216;184;109m▀[0m[38;2;218;186;109m[48;2;218;185;109m▀[0m[38;2;220;186;111m[48;2;215;182;109m▀[0m[38;2;226;189;114m[48;2;207;175;110m▀[0m[38;2;242;207;113m[48;2;0;0;0m▀[0m[38;2;243;208;113m▀[0m[38;2;42;36;22m▀[0m [38;2;147;235;172m▀[0m[38;2;157;239;182m[48;2;15;26;18m▀[0m[38;2;158;240;183m[48;2;129;223;153m▀[0m[38;2;159;239;183m[48;2;148;234;174m▀[0m[38;2;221;216;161m[48;2;247;222;155m▀[0m[38;2;245;216;134m[48;2;255;255;255m▀[0m[38;2;143;229;167m[48;2;157;238;182m▀[0m[38;2;119;210;144m[48;2;139;226;163m▀[0m[38;2;55;66;33m[48;2;119;209;144m▀[0m[38;2;246;218;153m[48;2;125;221;151m▀[0m[38;2;151;228;171m[48;2;45;91;56m▀[0m[38;2;244;213;130m▄[0m          
      [38;2;184;243;203m▄[0m[38;2;40;52;43m[48;2;200;245;214m▀[0m[38;2;183;242;203m[48;2;201;246;215m▀[0m[38;2;181;241;200m[48;2;182;242;202m▀[0m[38;2;184;243;204m[48;2;183;242;203m▀[0m[38;2;156;238;181m[48;2;176;238;196m▀[0m[38;2;162;244;186m[48;2;159;238;183m▀[0m[38;2;154;237;179m▄[0m[38;2;105;186;126m▄[0m         [38;2;118;210;144m[48;2;245;219;155m▀[0m[38;2;233;197;108m[48;2;216;182;109m▀[0m[38;2;218;185;109m[48;2;218;186;109m▀[0m[38;2;101;84;47m[48;2;218;186;109m▀[0m[38;2;129;219;154m[48;2;135;224;159m▀[0m[38;2;150;224;170m[48;2;157;239;183m▀[0m[38;2;208;216;217m[48;2;153;194;164m▀[0m         
    [38;2;166;240;190m▄[0m[38;2;180;240;198m[48;2;231;213;152m▀[0m[38;2;181;241;200m[48;2;178;240;198m▀[0m[38;2;178;240;198m[48;2;178;240;199m▀[0m[38;2;176;237;196m[48;2;179;241;199m▀[0m[38;2;177;238;198m[48;2;180;241;200m▀[0m[38;2;182;242;201m[48;2;154;236;179m▀[0m[38;2;186;244;206m[48;2;152;236;178m▀[0m[38;2;153;244;183m[48;2;245;214;137m▀[0m[38;2;128;111;60m[48;2;212;219;221m▀[0m[38;2;118;211;144m[48;2;88;76;52m▀[0m[38;2;122;216;147m[48;2;121;215;145m▀[0m[38;2;99;174;119m▄[0m[38;2;61;52;28m▄[0m[38;2;246;218;136m[48;2;185;157;108m▀[0m[38;2;198;170;107m[48;2;205;176;108m▀[0m[38;2;210;178;108m[48;2;215;181;111m▀[0m[38;2;217;184;110m[48;2;218;185;109m▀[0m[38;2;216;182;109m▄[0m[38;2;127;192;144m▄[0m[38;2;212;179;110m[48;2;219;186;109m▀[0m[38;2;209;176;110m[48;2;228;193;114m▀[0m[38;2;219;186;109m[48;2;135;224;159m▀[0m[38;2;122;215;147m[48;2;133;222;159m▀[0m[38;2;133;220;158m[48;2;153;235;178m▀[0m[38;2;147;233;173m[48;2;135;223;160m▀[0m[38;2;133;222;158m[48;2;136;225;160m▀[0m         
   [38;2;163;251;190m[48;2;151;238;176m▀[0m[38;2;160;240;185m[48;2;157;245;184m▀[0m[38;2;255;255;255m[48;2;255;255;255m▀[0m[38;2;218;207;173m[48;2;161;241;186m▀[0m[38;2;163;241;186m[48;2;155;238;181m▀[0m[38;2;245;218;144m[48;2;255;255;254m▀[0m[38;2;255;255;255m[48;2;255;255;255m▀[0m[38;2;241;215;140m[48;2;217;208;153m▀[0m[38;2;162;241;186m[48;2;120;212;145m▀[0m[38;2;125;221;150m[48;2;121;215;147m▀[0m[38;2;208;215;217m[48;2;130;201;148m▀[0m[38;2;224;231;233m[48;2;207;176;116m▀[0m[38;2;120;213;145m[48;2;119;211;144m▀[0m[38;2;120;211;145m[48;2;121;215;146m▀[0m[38;2;132;224;156m[48;2;121;215;146m▀[0m[38;2;133;222;158m[48;2;123;215;149m▀[0m[38;2;111;192;132m[48;2;133;222;159m▀[0m[38;2;83;68;39m[48;2;134;221;160m▀[0m[38;2;182;153;87m[48;2;219;193;132m▀[0m[38;2;97;80;45m[48;2;133;224;158m▀[0m[38;2;74;131;88m[48;2;136;228;160m▀[0m[38;2;135;223;159m[48;2;136;227;161m▀[0m[38;2;136;226;160m[48;2;161;241;185m▀[0m[38;2;136;228;160m[48;2;209;204;184m▀[0m[38;2;255;255;255m[48;2;208;216;217m▀[0m[38;2;133;220;159m[48;2;128;220;152m▀[0m[38;2;137;226;162m[48;2;134;224;159m▀[0m[38;2;39;62;45m▀[0m         
    [38;2;61;109;75m[48;2;255;255;255m▀[0m[38;2;127;217;152m[48;2;93;175;114m▀[0m[38;2;135;225;160m[48;2;219;227;228m▀[0m[38;2;134;223;159m[48;2;217;228;228m▀[0m[38;2;127;216;153m[48;2;138;106;117m▀[0m[38;2;148;191;153m[48;2;43;32;35m▀[0m[38;2;122;216;147m[48;2;233;241;239m▀[0m[38;2;119;209;144m[48;2;164;129;140m▀[0m[38;2;119;210;144m[48;2;55;42;46m▀[0m[38;2;1;1;0m[48;2;123;217;148m▀[0m[38;2;120;213;145m[48;2;121;213;146m▀[0m[38;2;120;212;145m[48;2;119;209;144m▀[0m[38;2;119;211;144m[48;2;120;212;145m▀[0m[38;2;120;212;145m[48;2;120;214;145m▀[0m[38;2;130;220;155m[48;2;122;216;147m▀[0m[38;2;139;228;165m[48;2;121;215;146m▀[0m[38;2;149;235;173m[48;2;120;213;145m▀[0m[38;2;255;255;255m[48;2;208;217;218m▀[0m[38;2;255;255;255m[48;2;208;217;218m▀[0m[38;2;160;241;185m[48;2;122;216;147m▀[0m[38;2;148;235;173m[48;2;119;211;144m▀[0m[38;2;119;210;144m[48;2;121;215;146m▀[0m[38;2;121;217;147m[48;2;119;212;144m▀[0m[38;2;204;188;160m[48;2;56;94;67m▀[0m[38;2;132;220;157m▀[0m           
    [38;2;27;29;27m▄[0m[38;2;138;105;115m[48;2;22;16;18m▀[0m[38;2;60;45;50m[48;2;195;152;161m▀[0m[38;2;197;152;163m[48;2;195;152;163m▀[0m[38;2;191;149;164m[48;2;195;152;163m▀[0m[38;2;194;150;164m[48;2;195;151;163m▀[0m[38;2;47;45;45m[48;2;195;151;163m▀[0m[38;2;194;151;163m[48;2;195;152;163m▀[0m[38;2;195;152;163m[48;2;195;152;161m▀[0m[38;2;104;189;126m[48;2;196;152;163m▀[0m[38;2;118;209;143m[48;2;118;209;143m▀[0m[38;2;120;213;145m[48;2;119;213;144m▀[0m[38;2;120;213;145m[48;2;107;207;134m▀[0m[38;2;118;209;143m[48;2;100;194;125m▀[0m[38;2;115;207;142m[48;2;101;196;126m▀[0m[38;2;113;209;137m[48;2;109;202;134m▀[0m[38;2;106;200;132m[48;2;119;209;145m▀[0m[38;2;118;212;143m[48;2;70;123;85m▀[0m[38;2;119;214;144m▀[0m[38;2;120;212;145m▀[0m[38;2;119;209;145m▀[0m[38;2;1;1;1m▀[0m              
  [38;2;148;229;172m[48;2;177;240;197m▀[0m[38;2;255;255;255m[48;2;255;255;255m▀[0m[38;2;170;106;127m[48;2;216;228;226m▀[0m[38;2;200;154;165m[48;2;213;181;187m▀[0m[38;2;218;184;186m[48;2;218;185;186m▀[0m[38;2;218;185;186m[48;2;217;184;184m▀[0m[38;2;218;184;186m[48;2;218;185;185m▀[0m[38;2;217;185;186m[48;2;217;184;185m▀[0m[38;2;215;175;182m[48;2;85;88;86m▀[0m[38;2;218;168;184m[48;2;255;255;255m▀[0m[38;2;195;152;163m[48;2;209;159;171m▀[0m[38;2;195;152;163m[48;2;212;166;177m▀[0m[38;2;120;212;146m[48;2;135;226;159m▀[0m[38;2;119;213;144m[48;2;128;226;153m▀[0m[38;2;17;41;23m[48;2;187;159;105m▀[0m[38;2;103;200;128m▀[0m                      
  [38;2;10;20;13m[48;2;208;178;98m▀[0m[38;2;151;237;177m[48;2;179;150;79m▀[0m[38;2;156;237;181m[48;2;110;200;137m▀[0m[38;2;129;199;149m[48;2;113;207;140m▀[0m[38;2;221;170;183m[48;2;113;207;139m▀[0m[38;2;215;181;186m[48;2;111;206;137m▀[0m[38;2;217;182;185m[48;2;116;206;142m▀[0m[38;2;214;175;184m[48;2;137;226;161m▀[0m[38;2;255;255;255m[48;2;154;238;180m▀[0m[38;2;255;255;255m[48;2;148;234;173m▀[0m[38;2;143;211;161m[48;2;112;205;138m▀[0m[38;2;138;230;163m[48;2;110;202;136m▀[0m[38;2;111;204;138m[48;2;30;29;18m▀[0m[38;2;188;163;104m[48;2;243;206;113m▀[0m[38;2;190;164;105m[48;2;243;207;113m▀[0m                       
  [38;2;243;207;113m[48;2;155;133;85m▀[0m[38;2;233;196;112m▀[0m       [38;2;49;97;63m[48;2;9;6;4m▀[0m[38;2;148;125;70m[48;2;231;194;114m▀[0m[38;2;243;208;113m[48;2;243;207;113m▀[0m[38;2;243;207;113m[48;2;242;205;113m▀[0m[38;2;235;197;114m[48;2;237;197;114m▀[0m[38;2;241;203;114m▀[0m                       
             [38;2;156;134;91m▀[0m[38;2;152;131;90m▀[0m                         
                                        
                                        
