                                        
                                        
                                        
                                        
                  [38;2;31;28;23m▄[0m           [38;2;225;211;181m▄[0m[38;2;199;181;143m▄[0m[38;2;242;230;208m[48;2;195;175;136m▀[0m[38;2;198;178;143m[48;2;184;164;130m▀[0m[38;2;217;199;164m[48;2;208;199;174m▀[0m     
               [38;2;220;205;173m▄[0m[38;2;58;52;46m[48;2;196;174;144m▀[0m[38;2;198;175;144m[48;2;195;173;137m▀[0m[38;2;198;179;141m[48;2;0;0;0m▀[0m        [38;2;81;200;200m▄[0m[38;2;59;124;123m[48;2;0;1;1m▀[0m[38;2;84;202;202m[48;2;195;175;135m▀[0m[38;2;199;179;144m[48;2;195;179;148m▀[0m[38;2;213;192;152m[48;2;195;174;135m▀[0m[38;2;195;174;136m[48;2;190;170;134m▀[0m[38;2;199;179;144m[48;2;204;183;145m▀[0m      
            [38;2;27;23;18m▄[0m[38;2;201;181;143m▄[0m[38;2;196;175;137m[48;2;195;174;135m▀[0m[38;2;195;174;136m[48;2;196;178;145m▀[0m[38;2;198;176;139m[48;2;198;175;134m▀[0m[38;2;197;174;135m[48;2;195;173;135m▀[0m[38;2;179;163;141m▄[0m     [38;2;51;126;125m▄[0m[38;2;0;0;0m[48;2;68;196;195m▀[0m[38;2;78;200;200m[48;2;56;188;187m▀[0m[38;2;72;197;197m[48;2;73;198;198m▀[0m[38;2;87;196;195m[48;2;80;200;200m▀[0m[38;2;194;174;139m[48;2;80;199;198m▀[0m[38;2;82;202;201m[48;2;67;190;190m▀[0m[38;2;167;157;132m▀[0m[38;2;71;61;46m▀[0m [38;2;51;174;173m▄[0m[38;2;0;0;0m▄[0m    
        [38;2;238;223;195m▄[0m[38;2;250;242;222m[48;2;240;228;204m▀[0m[38;2;248;238;215m[48;2;220;204;171m▀[0m[38;2;243;232;209m[48;2;209;190;154m▀[0m[38;2;223;209;177m[48;2;209;190;156m▀[0m[38;2;16;40;39m[48;2;58;180;179m▀[0m[38;2;60;185;183m[48;2;55;186;186m▀[0m[38;2;57;189;188m[48;2;60;192;191m▀[0m[38;2;56;187;186m[48;2;56;186;186m▀[0m[38;2;58;189;188m[48;2;56;186;185m▀[0m[38;2;195;174;135m[48;2;3;5;5m▀[0m[38;2;197;174;135m[48;2;60;189;187m▀[0m[38;2;198;181;143m[48;2;199;177;140m▀[0m[38;2;200;180;143m[48;2;196;174;137m▀[0m[38;2;211;194;166m[48;2;198;179;141m▀[0m[38;2;62;176;175m[48;2;199;180;144m▀[0m[38;2;56;182;181m[48;2;134;123;99m▀[0m[38;2;57;188;187m[48;2;59;191;190m▀[0m[38;2;58;190;189m[48;2;58;185;184m▀[0m[38;2;56;184;184m[48;2;0;0;0m▀[0m[38;2;14;38;37m▀[0m[38;2;0;0;0m▄[0m[38;2;53;177;175m▄[0m[38;2;0;0;0m[48;2;56;189;188m▀[0m[38;2;51;174;173m[48;2;58;191;190m▀[0m[38;2;50;172;172m[48;2;56;186;186m▀[0m[38;2;51;176;175m[48;2;57;188;188m▀[0m[38;2;56;186;185m[48;2;55;187;186m▀[0m[38;2;39;108;107m▄[0m   
      [38;2;224;210;177m▄[0m[38;2;224;207;177m[48;2;59;52;41m▀[0m[38;2;220;203;169m[48;2;220;202;171m▀[0m[38;2;218;202;173m[48;2;219;201;168m▀[0m[38;2;215;195;161m[48;2;210;190;155m▀[0m[38;2;209;190;155m[48;2;213;197;160m▀[0m[38;2;210;200;172m[48;2;131;134;116m▀[0m[38;2;56;186;186m[48;2;57;189;189m▀[0m[38;2;55;186;185m[48;2;56;188;187m▀[0m[38;2;55;186;186m[48;2;56;188;187m▀[0m[38;2;58;190;190m[48;2;57;187;186m▀[0m[38;2;56;188;186m[48;2;7;7;7m▀[0m[38;2;56;187;187m[48;2;43;129;128m▀[0m[38;2;58;182;182m[48;2;57;188;187m▀[0m[38;2;214;195;160m[48;2;4;5;4m▀[0m[38;2;215;197;167m[48;2;174;165;140m▀[0m[38;2;215;195;162m[48;2;129;125;105m▀[0m[38;2;63;143;142m[48;2;57;190;189m▀[0m[38;2;66;194;193m[48;2;57;190;190m▀[0m[38;2;58;189;187m[48;2;62;186;185m▀[0m[38;2;60;190;189m[48;2;222;206;175m▀[0m[38;2;59;191;190m[48;2;168;164;141m▀[0m[38;2;57;185;184m[48;2;224;210;179m▀[0m[38;2;224;216;190m[48;2;221;202;171m▀[0m[38;2;214;206;182m[48;2;222;208;175m▀[0m[38;2;62;168;168m[48;2;223;209;176m▀[0m[38;2;57;186;184m[48;2;121;194;192m▀[0m[38;2;56;187;186m[48;2;117;215;214m▀[0m[38;2;63;194;193m[48;2;92;205;205m▀[0m[38;2;95;206;205m[48;2;195;174;138m▀[0m[38;2;82;200;200m[48;2;208;193;159m▀[0m[38;2;71;194;193m[48;2;3;6;6m▀[0m  
    [38;2;246;239;221m▄[0m[38;2;247;235;217m[48;2;213;195;165m▀[0m[38;2;211;193;158m[48;2;209;189;156m▀[0m[38;2;218;202;172m[48;2;231;213;179m▀[0m[38;2;217;198;173m[48;2;186;170;137m▀[0m[38;2;210;191;155m[48;2;175;161;128m▀[0m[38;2;209;189;155m[48;2;184;164;132m▀[0m[38;2;209;186;162m[48;2;213;196;160m▀[0m[38;2;5;11;10m[48;2;179;165;132m▀[0m[38;2;80;200;199m[48;2;85;194;193m▀[0m[38;2;85;203;203m[48;2;93;206;206m▀[0m[38;2;85;203;203m[48;2;102;209;208m▀[0m[38;2;78;199;198m[48;2;114;215;214m▀[0m[38;2;239;99;117m[48;2;119;214;214m▀[0m[38;2;239;99;119m[48;2;127;219;219m▀[0m[38;2;77;200;200m[48;2;139;211;210m▀[0m[38;2;84;203;203m[48;2;200;200;178m▀[0m[38;2;81;201;200m[48;2;97;207;207m▀[0m[38;2;74;199;199m[48;2;96;204;204m▀[0m[38;2;73;198;198m[48;2;127;219;218m▀[0m[38;2;78;200;199m[48;2;122;217;217m▀[0m[38;2;69;196;196m[48;2;126;218;217m▀[0m[38;2;220;202;171m[48;2;121;196;193m▀[0m[38;2;223;209;177m[48;2;208;186;155m▀[0m[38;2;226;210;173m[48;2;195;174;142m▀[0m[38;2;226;211;175m[48;2;195;173;144m▀[0m[38;2;220;203;170m[48;2;199;182;143m▀[0m[38;2;208;193;158m[48;2;197;180;139m▀[0m[38;2;70;191;191m[48;2;28;28;24m▀[0m[38;2;45;160;160m[48;2;37;138;138m▀[0m[38;2;37;137;137m[48;2;67;66;57m▀[0m[38;2;198;179;144m[48;2;197;178;145m▀[0m[38;2;195;174;137m[48;2;195;174;135m▀[0m   
   [38;2;246;233;211m▄[0m[38;2;220;200;170m[48;2;209;189;156m▀[0m[38;2;210;193;155m[48;2;209;190;154m▀[0m[38;2;211;194;163m[48;2;210;190;155m▀[0m[38;2;209;190;154m[48;2;210;191;155m▀[0m[38;2;213;195;160m[48;2;212;195;159m▀[0m[38;2;209;190;154m[48;2;211;191;155m▀[0m[38;2;209;190;154m[48;2;220;203;170m▀[0m[38;2;220;202;172m[48;2;221;205;177m▀[0m[38;2;221;205;172m[48;2;221;208;177m▀[0m[38;2;221;207;178m[48;2;220;203;171m▀[0m[38;2;0;0;0m[48;2;0;0;0m▀[0m[38;2;85;204;204m[48;2;38;141;140m▀[0m[38;2;91;205;205m[48;2;37;137;137m▀[0m[38;2;91;205;205m[48;2;39;142;141m▀[0m[38;2;82;201;201m[48;2;39;143;142m▀[0m[38;2;240;232;215m[48;2;39;142;141m▀[0m[38;2;219;204;176m[48;2;199;178;143m▀[0m[38;2;216;195;164m[48;2;195;174;135m▀[0m[38;2;199;178;142m[48;2;199;180;144m▀[0m[38;2;50;130;129m[48;2;195;173;138m▀[0m[38;2;46;160;159m[48;2;208;189;150m▀[0m[38;2;54;175;173m[48;2;198;179;143m▀[0m[38;2;78;80;69m[48;2;201;182;145m▀[0m[38;2;195;174;138m[48;2;195;174;137m▀[0m[38;2;199;179;144m[48;2;0;0;0m▀[0m[38;2;199;181;144m[48;2;195;174;135m▀[0m[38;2;196;174;143m[48;2;197;174;144m▀[0m[38;2;195;174;136m[48;2;195;174;135m▀[0m[38;2;89;86;68m[48;2;39;131;130m▀[0m[38;2;39;144;143m[48;2;38;142;141m▀[0m[38;2;37;137;137m[48;2;38;139;139m▀[0m[38;2;0;0;0m[48;2;39;129;129m▀[0m[38;2;199;180;141m[48;2;195;174;135m▀[0m   
  [38;2;220;203;171m▄[0m[38;2;213;194;162m[48;2;172;149;117m▀[0m[38;2;41;36;28m[48;2;17;14;11m▀[0m[38;2;214;197;161m[48;2;189;168;130m▀[0m[38;2;210;190;155m[48;2;213;195;159m▀[0m[38;2;209;189;155m[48;2;214;196;162m▀[0m[38;2;213;194;159m[48;2;223;210;177m▀[0m[38;2;222;209;177m[48;2;223;209;177m▀[0m[38;2;223;208;177m[48;2;220;203;170m▀[0m[38;2;223;208;177m[48;2;222;206;178m▀[0m[38;2;222;207;178m[48;2;222;207;177m▀[0m[38;2;218;207;181m[48;2;8;17;17m▀[0m[38;2;40;142;142m[48;2;37;138;138m▀[0m[38;2;37;136;136m[48;2;37;138;138m▀[0m[38;2;37;137;137m[48;2;39;143;142m▀[0m[38;2;37;136;136m[48;2;37;138;138m▀[0m[38;2;38;142;141m[48;2;39;143;142m▀[0m[38;2;37;139;139m[48;2;44;130;130m▀[0m[38;2;195;174;136m[48;2;197;178;144m▀[0m[38;2;199;180;143m[48;2;199;182;144m▀[0m[38;2;196;174;135m[48;2;195;174;136m▀[0m[38;2;195;173;136m[48;2;197;175;138m▀[0m[38;2;199;180;142m[48;2;196;173;136m▀[0m[38;2;195;173;135m[48;2;198;179;141m▀[0m[38;2;195;173;136m[48;2;199;177;143m▀[0m[38;2;9;12;12m[48;2;194;176;147m▀[0m[38;2;39;143;142m[48;2;40;145;145m▀[0m[38;2;38;131;131m[48;2;39;144;144m▀[0m[38;2;42;127;127m[48;2;38;140;139m▀[0m[38;2;44;140;139m[48;2;37;138;138m▀[0m[38;2;37;137;137m[48;2;37;137;136m▀[0m[38;2;38;139;138m[48;2;39;143;142m▀[0m[38;2;37;139;139m[48;2;37;138;138m▀[0m[38;2;38;143;141m[48;2;39;144;143m▀[0m[38;2;40;146;146m[48;2;39;142;142m▀[0m[38;2;46;157;156m▄[0m  
  [38;2;112;101;83m▀[0m[38;2;220;203;173m[48;2;186;162;124m▀[0m[38;2;220;203;172m[48;2;187;166;127m▀[0m[38;2;208;189;157m[48;2;185;162;124m▀[0m[38;2;35;30;22m[48;2;186;163;125m▀[0m[38;2;220;203;171m[48;2;221;203;171m▀[0m[38;2;220;203;170m[48;2;220;203;172m▀[0m[38;2;220;203;171m[48;2;220;203;170m▀[0m[38;2;223;208;177m[48;2;223;209;177m▀[0m[38;2;220;203;171m[48;2;211;192;163m▀[0m[38;2;204;190;158m[48;2;39;132;132m▀[0m[38;2;38;135;135m[48;2;39;144;143m▀[0m[38;2;38;140;139m[48;2;38;142;141m▀[0m[38;2;37;136;136m[48;2;39;145;144m▀[0m[38;2;39;142;142m[48;2;39;142;142m▀[0m[38;2;37;138;138m[48;2;40;145;144m▀[0m[38;2;39;143;142m[48;2;38;141;140m▀[0m[38;2;200;186;155m[48;2;44;121;121m▀[0m[38;2;197;174;136m[48;2;199;184;158m▀[0m[38;2;198;178;139m[48;2;32;78;78m▀[0m[38;2;195;174;136m[48;2;195;173;143m▀[0m[38;2;199;180;143m[48;2;204;188;155m▀[0m[38;2;15;47;47m[48;2;40;143;143m▀[0m[38;2;39;131;130m[48;2;37;138;138m▀[0m[38;2;79;73;57m[48;2;37;135;133m▀[0m[38;2;41;145;145m[48;2;2;3;3m▀[0m[38;2;39;142;141m▀[0m[38;2;38;136;136m▀[0m[38;2;39;143;141m▀[0m[38;2;38;140;139m[48;2;30;86;86m▀[0m[38;2;38;142;141m[48;2;45;158;157m▀[0m[38;2;37;136;135m[48;2;39;144;143m▀[0m[38;2;36;135;135m[48;2;37;136;136m▀[0m[38;2;37;137;137m[48;2;38;142;141m▀[0m[38;2;39;144;143m▀[0m   
     [38;2;67;57;42m▀[0m[38;2;193;175;135m▀[0m[38;2;219;203;174m[48;2;205;183;145m▀[0m[38;2;221;204;171m[48;2;221;204;177m▀[0m[38;2;222;205;172m[48;2;198;176;138m▀[0m[38;2;202;190;160m[48;2;0;0;0m▀[0m[38;2;39;132;132m[48;2;5;11;11m▀[0m[38;2;37;138;138m[48;2;39;145;144m▀[0m[38;2;38;141;141m[48;2;39;144;143m▀[0m[38;2;37;138;138m[48;2;6;15;15m▀[0m[38;2;37;136;136m[48;2;37;136;135m▀[0m[38;2;38;140;138m[48;2;39;142;141m▀[0m[38;2;37;137;137m[48;2;38;135;134m▀[0m[38;2;39;144;143m[48;2;37;136;136m▀[0m[38;2;39;141;139m[48;2;37;135;132m▀[0m[38;2;37;138;138m[48;2;39;143;142m▀[0m[38;2;38;134;134m[48;2;39;138;138m▀[0m[38;2;8;25;25m[48;2;5;10;10m▀[0m[38;2;34;101;101m▀[0m[38;2;38;141;140m▀[0m[38;2;38;142;141m[48;2;38;139;138m▀[0m[38;2;37;138;138m[48;2;39;145;145m▀[0m[38;2;39;144;143m[48;2;38;139;139m▀[0m[38;2;38;141;140m[48;2;37;138;138m▀[0m[38;2;40;148;148m[48;2;43;155;154m▀[0m[38;2;48;168;167m[48;2;47;166;165m▀[0m[38;2;6;14;14m[48;2;51;177;176m▀[0m[38;2;50;171;169m▄[0m[38;2;0;0;0m[48;2;52;174;173m▀[0m[38;2;46;163;163m▀[0m[38;2;39;142;141m[48;2;0;0;0m▀[0m    
          [38;2;9;28;28m[48;2;4;12;12m▀[0m[38;2;25;100;98m[48;2;28;106;106m▀[0m[38;2;46;164;164m[48;2;50;172;172m▀[0m[38;2;39;143;142m[48;2;49;168;168m▀[0m[38;2;37;137;136m[48;2;20;55;54m▀[0m[38;2;49;166;165m▄[0m[38;2;3;7;7m▀[0m[38;2;0;0;0m[48;2;24;93;92m▀[0m[38;2;38;140;139m[48;2;44;157;155m▀[0m[38;2;40;146;146m[48;2;41;152;152m▀[0m[38;2;37;136;136m[48;2;42;153;153m▀[0m[38;2;39;143;142m[48;2;4;9;9m▀[0m[38;2;0;0;0m[48;2;45;162;162m▀[0m[38;2;51;174;173m▄[0m  [38;2;0;0;0m▀[0m[38;2;37;135;134m▀[0m[38;2;38;139;139m[48;2;0;1;1m▀[0m[38;2;38;139;139m[48;2;45;161;160m▀[0m[38;2;44;136;135m[48;2;45;161;161m▀[0m[38;2;48;166;165m[48;2;48;166;166m▀[0m[38;2;49;171;171m[48;2;52;172;171m▀[0m[38;2;50;173;172m[48;2;59;189;188m▀[0m[38;2;51;176;176m[48;2;48;165;165m▀[0m     
           [38;2;35;129;131m▀[0m[38;2;51;172;171m▀[0m[38;2;52;179;178m[48;2;51;174;173m▀[0m[38;2;49;168;167m[48;2;50;173;173m▀[0m[38;2;49;165;164m[48;2;28;81;80m▀[0m[38;2;52;177;176m[48;2;47;166;165m▀[0m [38;2;32;98;97m▀[0m[38;2;51;175;173m▀[0m[38;2;36;108;107m[48;2;49;162;162m▀[0m[38;2;49;170;168m[48;2;3;8;8m▀[0m[38;2;43;140;140m[48;2;42;123;122m▀[0m[38;2;48;167;166m[48;2;0;0;0m▀[0m[38;2;51;166;166m▀[0m      [38;2;48;153;152m▀[0m[38;2;48;168;166m▀[0m[38;2;48;170;169m▀[0m[38;2;48;167;165m▀[0m[38;2;50;163;163m▀[0m    
                                        
                                        
                                        
                                        
