                                        
             [38;2;114;114;115m▄[0m[38;2;219;219;219m▄[0m[38;2;234;234;234m[48;2;218;218;217m▀[0m[38;2;218;218;218m[48;2;218;218;217m▀[0m[38;2;220;221;220m[48;2;218;219;218m▀[0m[38;2;218;218;217m[48;2;220;220;220m▀[0m[38;2;25;25;25m[48;2;210;211;211m▀[0m[38;2;191;192;190m▄[0m                   
          [38;2;218;218;217m▄[0m[38;2;215;215;214m▄[0m[38;2;118;118;117m[48;2;216;217;218m▀[0m[38;2;218;219;218m[48;2;218;218;217m▀[0m[38;2;219;219;219m[48;2;210;211;209m▀[0m[38;2;218;218;217m[48;2;207;207;206m▀[0m[38;2;215;215;216m[48;2;207;207;207m▀[0m[38;2;210;210;210m[48;2;207;208;207m▀[0m[38;2;210;210;210m[48;2;221;221;220m▀[0m[38;2;206;207;206m[48;2;217;218;216m▀[0m[38;2;198;199;197m[48;2;218;218;217m▀[0m[38;2;8;8;7m[48;2;218;218;216m▀[0m[38;2;209;210;210m▄[0m                 
         [38;2;219;219;217m[48;2;218;219;217m▀[0m[38;2;220;220;220m[48;2;219;220;220m▀[0m[38;2;17;17;16m[48;2;206;206;206m▀[0m[38;2;221;221;221m[48;2;207;207;206m▀[0m[38;2;211;210;209m[48;2;207;208;206m▀[0m[38;2;209;209;209m[48;2;210;210;210m▀[0m[38;2;207;208;206m[48;2;210;210;210m▀[0m[38;2;211;211;210m[48;2;206;207;206m▀[0m[38;2;217;217;216m[48;2;215;214;215m▀[0m[38;2;217;217;217m[48;2;211;212;210m▀[0m[38;2;217;218;217m[48;2;210;210;209m▀[0m[38;2;218;218;218m[48;2;207;208;206m▀[0m[38;2;218;218;217m[48;2;207;208;207m▀[0m[38;2;210;210;210m[48;2;207;208;207m▀[0m[38;2;211;211;211m[48;2;209;209;209m▀[0m[38;2;40;40;39m▄[0m               
         [38;2;209;209;209m[48;2;211;212;210m▀[0m[38;2;212;212;213m[48;2;206;207;206m▀[0m[38;2;209;209;209m[48;2;208;208;207m▀[0m[38;2;209;209;208m[48;2;209;209;210m▀[0m[38;2;208;208;208m[48;2;210;211;211m▀[0m[38;2;210;210;211m[48;2;76;76;75m▀[0m[38;2;209;209;209m[48;2;209;209;209m▀[0m[38;2;208;209;208m[48;2;207;207;206m▀[0m[38;2;209;209;208m[48;2;207;207;206m▀[0m[38;2;208;208;207m[48;2;210;211;211m▀[0m[38;2;212;212;213m[48;2;209;209;209m▀[0m[38;2;210;211;211m[48;2;199;199;198m▀[0m[38;2;208;208;207m[48;2;196;197;196m▀[0m[38;2;206;207;206m[48;2;195;196;194m▀[0m[38;2;207;208;207m[48;2;194;195;194m▀[0m[38;2;164;163;162m[48;2;164;164;164m▀[0m               
         [38;2;0;0;0m▀[0m[38;2;210;210;211m[48;2;188;189;188m▀[0m[38;2;209;210;210m[48;2;207;207;206m▀[0m[38;2;207;207;206m[48;2;207;206;206m▀[0m[38;2;201;201;200m[48;2;88;88;87m▀[0m[38;2;208;209;207m[48;2;195;197;196m▀[0m[38;2;213;212;213m[48;2;186;187;185m▀[0m[38;2;206;207;206m[48;2;198;198;198m▀[0m[38;2;188;188;187m[48;2;232;234;237m▀[0m[38;2;188;188;187m[48;2;233;235;238m▀[0m[38;2;132;131;131m[48;2;94;91;91m▀[0m[38;2;21;45;31m[48;2;103;193;92m▀[0m[38;2;18;26;26m[48;2;103;194;92m▀[0m[38;2;165;165;164m[48;2;33;45;48m▀[0m[38;2;166;167;166m[48;2;165;165;164m▀[0m[38;2;164;164;163m[48;2;112;112;111m▀[0m               
         [38;2;97;175;88m▄[0m[38;2;0;0;0m[48;2;127;218;116m▀[0m[38;2;23;23;22m[48;2;128;218;117m▀[0m[38;2;190;189;189m[48;2;127;218;116m▀[0m[38;2;102;102;102m[48;2;128;218;117m▀[0m[38;2;193;194;192m[48;2;128;218;117m▀[0m[38;2;243;244;246m[48;2;128;218;117m▀[0m[38;2;251;251;253m[48;2;128;218;117m▀[0m[38;2;255;255;255m[48;2;64;62;62m▀[0m[38;2;255;255;255m[48;2;255;255;255m▀[0m[38;2;96;182;90m[48;2;103;193;92m▀[0m[38;2;103;193;92m[48;2;103;193;92m▀[0m[38;2;113;103;73m[48;2;249;220;140m▀[0m[38;2;241;211;139m[48;2;232;204;135m▀[0m[38;2;164;164;163m[48;2;85;85;85m▀[0m                
        [38;2;130;220;119m▄[0m[38;2;145;236;134m[48;2;153;241;142m▀[0m[38;2;142;233;131m[48;2;152;240;141m▀[0m[38;2;128;218;117m[48;2;142;232;131m▀[0m[38;2;128;218;117m[48;2;128;218;117m▀[0m[38;2;128;218;117m[48;2;128;218;117m▀[0m[38;2;128;219;117m[48;2;128;219;117m▀[0m[38;2;127;218;116m[48;2;128;218;117m▀[0m[38;2;128;218;117m[48;2;128;218;117m▀[0m[38;2;128;218;117m[48;2;128;218;117m▀[0m[38;2;124;215;113m[48;2;104;194;93m▀[0m[38;2;103;193;92m[48;2;103;194;92m▀[0m[38;2;103;193;92m[48;2;103;193;92m▀[0m[38;2;236;206;136m[48;2;10;15;17m▀[0m[38;2;236;206;136m[48;2;26;25;26m▀[0m[38;2;45;44;44m[48;2;174;174;175m▀[0m                
        [38;2;121;210;111m▀[0m[38;2;128;218;117m[48;2;127;218;116m▀[0m[38;2;129;219;118m[48;2;128;219;117m▀[0m[38;2;127;217;116m[48;2;127;218;116m▀[0m[38;2;128;218;117m[48;2;128;218;117m▀[0m[38;2;127;218;116m[48;2;128;218;117m▀[0m[38;2;128;218;117m[48;2;128;218;117m▀[0m[38;2;128;218;117m[48;2;123;214;112m▀[0m[38;2;128;219;117m[48;2;103;193;92m▀[0m[38;2;108;198;97m[48;2;103;193;92m▀[0m[38;2;106;196;94m[48;2;244;244;244m▀[0m[38;2;209;213;219m[48;2;224;229;236m▀[0m[38;2;103;193;92m[48;2;104;194;93m▀[0m[38;2;103;193;92m[48;2;103;193;92m▀[0m[38;2;168;168;167m[48;2;25;35;39m▀[0m[38;2;180;180;180m[48;2;165;164;163m▀[0m[38;2;196;196;196m▄[0m               
         [38;2;8;12;14m▀[0m[38;2;104;194;93m▀[0m[38;2;110;200;99m[48;2;1;2;2m▀[0m[38;2;110;201;99m[48;2;122;209;115m▀[0m[38;2;106;196;95m[48;2;89;133;128m▀[0m[38;2;103;193;92m[48;2;97;83;53m▀[0m[38;2;103;193;92m[48;2;218;193;133m▀[0m[38;2;103;193;92m[48;2;223;195;134m▀[0m[38;2;88;163;90m[48;2;235;206;136m▀[0m[38;2;236;237;240m[48;2;254;244;154m▀[0m[38;2;230;234;240m[48;2;103;193;92m▀[0m[38;2;103;193;92m[48;2;103;193;92m▀[0m[38;2;103;193;92m[48;2;103;193;92m▀[0m[38;2;103;193;92m[48;2;103;193;92m▀[0m[38;2;176;174;174m[48;2;102;192;91m▀[0m[38;2;187;187;185m[48;2;191;191;189m▀[0m[38;2;90;90;89m[48;2;186;187;186m▀[0m[38;2;61;61;61m▄[0m             
                 [38;2;111;199;102m▄[0m[38;2;9;12;13m[48;2;85;150;87m▀[0m[38;2;103;193;92m[48;2;112;202;101m▀[0m[38;2;104;194;93m[48;2;103;193;92m▀[0m[38;2;103;193;92m[48;2;104;194;93m▀[0m[38;2;103;193;92m[48;2;103;193;92m▀[0m[38;2;103;193;92m[48;2;103;193;92m▀[0m[38;2;103;193;92m[48;2;104;194;93m▀[0m[38;2;103;168;107m[48;2;125;216;114m▀[0m[38;2;206;206;206m[48;2;129;219;118m▀[0m[38;2;207;207;206m[48;2;212;212;211m▀[0m            
              [38;2;141;231;130m▄[0m[38;2;135;225;124m[48;2;128;218;117m▀[0m[38;2;128;218;117m[48;2;126;217;115m▀[0m[38;2;103;194;92m[48;2;104;172;117m▀[0m[38;2;127;218;116m[48;2;128;218;117m▀[0m[38;2;127;217;116m[48;2;128;218;117m▀[0m[38;2;127;217;116m[48;2;144;234;133m▀[0m[38;2;137;227;126m[48;2;141;231;130m▀[0m[38;2;129;219;118m[48;2;128;218;117m▀[0m[38;2;128;218;117m[48;2;126;217;115m▀[0m[38;2;103;194;92m[48;2;106;197;95m▀[0m[38;2;103;193;92m[48;2;103;193;92m▀[0m[38;2;129;219;118m[48;2;103;193;93m▀[0m[38;2;113;203;102m[48;2;103;193;92m▀[0m[38;2;109;199;98m▄[0m           
              [38;2;29;41;45m▀[0m[38;2;66;120;66m▀[0m[38;2;0;0;0m[48;2;136;226;125m▀[0m[38;2;128;218;117m[48;2;128;218;117m▀[0m[38;2;128;218;117m[48;2;128;218;117m▀[0m[38;2;128;218;117m[48;2;128;218;117m▀[0m[38;2;142;232;130m[48;2;128;218;117m▀[0m[38;2;128;218;117m[48;2;128;218;117m▀[0m[38;2;112;202;101m[48;2;128;219;117m▀[0m[38;2;51;84;63m[48;2;127;218;116m▀[0m[38;2;106;197;95m[48;2;128;218;117m▀[0m[38;2;110;200;99m[48;2;115;206;104m▀[0m[38;2;104;191;98m[48;2;105;196;94m▀[0m[38;2;113;203;102m[48;2;118;208;107m▀[0m[38;2;103;193;92m[48;2;110;201;99m▀[0m[38;2;18;30;23m[48;2;103;193;92m▀[0m          
              [38;2;54;68;68m▄[0m[38;2;141;231;130m[48;2;141;231;130m▀[0m[38;2;128;218;117m[48;2;128;218;117m▀[0m[38;2;128;218;117m[48;2;128;218;117m▀[0m[38;2;130;221;119m[48;2;255;229;145m▀[0m[38;2;117;195;113m[48;2;253;229;144m▀[0m[38;2;127;217;116m[48;2;87;166;80m▀[0m[38;2;127;218;116m[48;2;128;218;117m▀[0m[38;2;128;218;117m[48;2;128;218;117m▀[0m[38;2;128;218;117m[48;2;128;218;117m▀[0m[38;2;128;218;117m[48;2;129;218;120m▀[0m[38;2;128;218;117m[48;2;128;218;117m▀[0m[38;2;128;218;117m[48;2;128;218;117m▀[0m[38;2;128;218;117m[48;2;127;217;116m▀[0m[38;2;128;218;117m[48;2;128;218;117m▀[0m[38;2;128;218;117m[48;2;128;218;117m▀[0m[38;2;105;195;94m[48;2;128;218;117m▀[0m         
              [38;2;139;229;128m[48;2;17;23;26m▀[0m[38;2;128;218;117m[48;2;126;216;115m▀[0m[38;2;128;218;117m[48;2;109;199;98m▀[0m[38;2;120;211;109m[48;2;103;193;94m▀[0m[38;2;237;207;137m[48;2;218;192;133m▀[0m[38;2;247;217;139m[48;2;218;193;133m▀[0m[38;2;247;219;139m[48;2;217;192;132m▀[0m[38;2;123;107;66m[48;2;218;193;133m▀[0m[38;2;116;206;105m[48;2;218;193;133m▀[0m[38;2;104;194;93m[48;2;116;206;104m▀[0m[38;2;136;226;125m[48;2;138;228;127m▀[0m[38;2;139;229;128m[48;2;141;232;130m▀[0m[38;2;130;220;119m[48;2;132;222;121m▀[0m[38;2;128;218;117m[48;2;128;218;117m▀[0m[38;2;128;218;117m[48;2;128;218;117m▀[0m[38;2;128;218;117m[48;2;127;218;116m▀[0m[38;2;128;218;117m[48;2;115;206;104m▀[0m[38;2;1;1;1m▄[0m        
               [38;2;103;193;92m▀[0m[38;2;103;194;92m▀[0m[38;2;103;193;92m[48;2;108;198;97m▀[0m[38;2;103;193;92m[48;2;103;193;92m▀[0m[38;2;27;23;15m[48;2;103;193;92m▀[0m[38;2;218;192;133m[48;2;103;193;92m▀[0m[38;2;218;192;133m[48;2;0;0;0m▀[0m[38;2;218;192;133m[48;2;32;28;20m▀[0m[38;2;219;193;133m[48;2;0;0;0m▀[0m[38;2;37;53;50m▀[0m[38;2;127;218;116m[48;2;109;200;98m▀[0m[38;2;127;218;116m[48;2;118;208;107m▀[0m[38;2;128;218;117m[48;2;113;204;102m▀[0m[38;2;128;218;117m[48;2;103;193;92m▀[0m[38;2;118;209;107m[48;2;103;193;92m▀[0m[38;2;103;193;92m[48;2;103;193;92m▀[0m         
              [38;2;39;61;44m▄[0m[38;2;44;72;45m[48;2;124;214;113m▀[0m[38;2;128;218;117m[48;2;132;222;120m▀[0m[38;2;107;197;96m[48;2;128;218;117m▀[0m[38;2;102;193;91m[48;2;128;218;117m▀[0m[38;2;103;194;92m[48;2;103;193;92m▀[0m[38;2;103;193;92m[48;2;113;204;102m▀[0m[38;2;109;199;98m▀[0m    [38;2;3;4;5m▀[0m[38;2;103;193;92m[48;2;103;193;92m▀[0m[38;2;103;193;92m[48;2;103;193;92m▀[0m[38;2;103;193;92m[48;2;103;193;92m▀[0m[38;2;106;180;116m[48;2;111;201;99m▀[0m         
               [38;2;130;220;119m▀[0m[38;2;124;215;113m▀[0m[38;2;103;194;92m▀[0m[38;2;112;190;109m▀[0m       [38;2;13;17;19m[48;2;18;23;26m▀[0m[38;2;103;193;92m[48;2;128;218;117m▀[0m[38;2;103;193;92m[48;2;127;217;116m▀[0m[38;2;103;193;92m[48;2;128;218;117m▀[0m[38;2;103;193;92m[48;2;129;219;118m▀[0m[38;2;109;196;102m▄[0m        
                           [38;2;128;218;117m[48;2;0;0;0m▀[0m[38;2;127;217;116m[48;2;109;199;98m▀[0m[38;2;128;218;117m▀[0m[38;2;128;218;117m[48;2;92;164;95m▀[0m[38;2;108;197;99m▀[0m        
                                        
