                                        
                                        
                                        
                                        
                                        
          [38;2;42;48;52m▄[0m[38;2;143;177;199m▄[0m[38;2;120;164;188m▄[0m[38;2;118;163;187m▄[0m[38;2;119;164;188m▄[0m[38;2;117;163;186m▄[0m                        
   [38;2;119;141;154m▄[0m[38;2;33;42;46m▄[0m[38;2;120;168;189m▄[0m[38;2;140;179;198m▄[0m[38;2;154;183;197m[48;2;142;183;200m▀[0m[38;2;143;178;198m[48;2;142;183;201m▀[0m[38;2;140;177;198m[48;2;120;164;188m▀[0m[38;2;143;180;199m[48;2;119;164;188m▀[0m[38;2;125;166;189m[48;2;119;164;188m▀[0m[38;2;122;166;188m[48;2;119;164;188m▀[0m[38;2;121;165;187m[48;2;119;164;188m▀[0m[38;2;119;164;188m[48;2;121;168;189m▀[0m[38;2;121;167;189m[48;2;120;169;189m▀[0m[38;2;119;164;188m[48;2;119;164;188m▀[0m[38;2;121;166;190m[48;2;121;165;189m▀[0m[38;2;119;164;188m▄[0m[38;2;120;164;188m▄[0m[38;2;158;189;207m▄[0m[38;2;22;26;29m▄[0m    [38;2;127;176;202m▄[0m[38;2;119;164;188m▄[0m[38;2;121;164;188m▄[0m[38;2;159;188;205m▄[0m[38;2;167;198;213m▄[0m[38;2;8;9;10m▄[0m        
  [38;2;122;166;189m▀[0m[38;2;126;168;191m▀[0m[38;2;31;41;46m▀[0m[38;2;120;164;189m▀[0m[38;2;118;165;193m[48;2;99;145;173m▀[0m[38;2;60;87;102m[48;2;164;197;211m▀[0m[38;2;48;68;81m[48;2;87;118;135m▀[0m[38;2;112;161;189m[48;2;120;164;188m▀[0m[38;2;119;164;188m[48;2;121;165;188m▀[0m[38;2;120;164;188m[48;2;120;164;189m▀[0m[38;2;120;164;188m[48;2;20;30;36m▀[0m[38;2;120;164;188m[48;2;120;165;188m▀[0m[38;2;120;164;188m[48;2;119;164;188m▀[0m[38;2;122;166;188m[48;2;119;164;188m▀[0m[38;2;120;164;188m[48;2;122;166;189m▀[0m[38;2;119;164;188m[48;2;119;164;188m▀[0m[38;2;120;164;188m[48;2;119;164;188m▀[0m[38;2;121;166;189m[48;2;120;164;188m▀[0m[38;2;123;166;189m[48;2;120;164;188m▀[0m[38;2;138;177;198m[48;2;121;164;187m▀[0m[38;2;156;185;204m[48;2;120;164;188m▀[0m[38;2;164;196;209m[48;2;124;171;192m▀[0m[38;2;160;188;205m[48;2;120;168;189m▀[0m[38;2;155;186;204m[48;2;122;165;188m▀[0m[38;2;129;170;193m[48;2;119;164;188m▀[0m[38;2;119;164;188m[48;2;121;165;188m▀[0m[38;2;99;144;173m[48;2;101;149;178m▀[0m[38;2;33;42;47m[48;2;98;144;173m▀[0m[38;2;163;193;208m[48;2;159;187;205m▀[0m[38;2;162;191;207m[48;2;162;193;208m▀[0m[38;2;161;195;209m[48;2;162;189;206m▀[0m[38;2;163;192;207m▄[0m      
    [38;2;159;188;205m▄[0m[38;2;160;189;206m[48;2;159;187;205m▀[0m[38;2;159;188;205m[48;2;163;192;207m▀[0m[38;2;162;193;208m[48;2;139;175;196m▀[0m[38;2;119;164;188m[48;2;144;183;202m▀[0m[38;2;125;172;198m[48;2;120;165;189m▀[0m[38;2;124;169;193m[48;2;120;164;188m▀[0m[38;2;119;164;188m[48;2;119;164;188m▀[0m[38;2;103;144;165m[48;2;50;72;87m▀[0m[38;2;17;25;29m[48;2;100;147;173m▀[0m[38;2;119;164;188m[48;2;4;7;8m▀[0m[38;2;119;164;188m[48;2;117;162;186m▀[0m[38;2;120;165;188m[48;2;76;104;119m▀[0m[38;2;121;167;191m[48;2;143;179;198m▀[0m[38;2;151;183;202m[48;2;142;182;200m▀[0m[38;2;157;186;204m[48;2;143;178;198m▀[0m[38;2;161;194;208m[48;2;124;167;190m▀[0m[38;2;163;191;206m[48;2;107;148;169m▀[0m[38;2;159;188;205m[48;2;142;182;200m▀[0m[38;2;159;187;205m[48;2;162;188;206m▀[0m[38;2;167;197;212m[48;2;162;194;208m▀[0m[38;2;162;189;206m[48;2;163;191;207m▀[0m[38;2;159;187;205m[48;2;162;189;206m▀[0m[38;2;162;191;207m[48;2;159;187;205m▀[0m[38;2;163;195;213m[48;2;163;189;206m▀[0m[38;2;98;144;173m[48;2;98;145;173m▀[0m[38;2;161;188;206m[48;2;160;187;205m▀[0m[38;2;162;191;207m[48;2;162;190;206m▀[0m[38;2;159;187;206m[48;2;162;191;206m▀[0m[38;2;162;190;206m[48;2;159;187;205m▀[0m[38;2;216;216;217m▄[0m[38;2;0;0;0m▄[0m    
   [38;2;5;6;6m[48;2;164;190;208m▀[0m[38;2;159;187;205m[48;2;159;187;205m▀[0m[38;2;159;187;205m[48;2;156;185;204m▀[0m[38;2;94;128;146m[48;2;142;181;199m▀[0m[38;2;140;176;197m[48;2;143;178;198m▀[0m[38;2;140;176;197m[48;2;140;176;198m▀[0m[38;2;141;176;198m[48;2;120;164;188m▀[0m[38;2;121;166;189m[48;2;119;164;188m▀[0m[38;2;119;164;188m[48;2;121;168;189m▀[0m[38;2;119;164;188m[48;2;120;164;188m▀[0m[38;2;98;144;173m[48;2;96;143;172m▀[0m[38;2;88;131;160m[48;2;89;132;160m▀[0m[38;2;0;0;0m[48;2;0;0;0m▀[0m[38;2;144;177;198m[48;2;121;165;188m▀[0m[38;2;140;176;197m[48;2;122;165;189m▀[0m[38;2;138;175;197m[48;2;120;170;190m▀[0m[38;2;120;164;188m[48;2;121;166;189m▀[0m[38;2;120;164;188m[48;2;119;164;188m▀[0m[38;2;119;164;188m[48;2;119;164;188m▀[0m[38;2;128;170;191m[48;2;125;168;190m▀[0m[38;2;156;186;204m[48;2;152;184;203m▀[0m[38;2;159;188;205m[48;2;159;188;205m▀[0m[38;2;144;173;186m[48;2;161;189;206m▀[0m[38;2;29;43;50m[48;2;155;186;203m▀[0m[38;2;104;153;182m[48;2;106;157;187m▀[0m[38;2;102;149;179m[48;2;100;145;173m▀[0m[38;2;88;129;154m[48;2;98;143;172m▀[0m[38;2;166;199;215m[48;2;144;182;202m▀[0m[38;2;163;191;207m[48;2;147;184;201m▀[0m[38;2;163;191;207m[48;2;164;197;211m▀[0m[38;2;154;188;205m[48;2;124;172;192m▀[0m[38;2;237;237;238m[48;2;232;233;233m▀[0m[38;2;215;215;215m[48;2;214;215;215m▀[0m[38;2;125;125;125m[48;2;234;233;233m▀[0m[38;2;84;84;84m▄[0m  
   [38;2;148;181;201m[48;2;0;0;0m▀[0m[38;2;113;162;184m[48;2;0;0;0m▀[0m[38;2;123;171;197m[48;2;121;167;189m▀[0m[38;2;121;165;189m[48;2;121;169;190m▀[0m[38;2;141;177;198m[48;2;121;169;190m▀[0m[38;2;120;167;189m[48;2;119;164;188m▀[0m[38;2;119;164;188m[48;2;119;164;188m▀[0m[38;2;119;164;188m[48;2;119;164;188m▀[0m[38;2;123;169;191m[48;2;119;164;188m▀[0m[38;2;120;164;188m[48;2;55;76;89m▀[0m[38;2;122;168;192m[48;2;99;144;172m▀[0m[38;2;87;127;156m[48;2;98;144;173m▀[0m[38;2;0;0;0m[48;2;0;0;0m▀[0m[38;2;119;164;188m[48;2;16;21;25m▀[0m[38;2;119;164;188m[48;2;120;168;190m▀[0m[38;2;121;168;189m[48;2;121;170;191m▀[0m[38;2;126;172;194m[48;2;120;169;189m▀[0m[38;2;120;164;188m[48;2;122;166;188m▀[0m[38;2;121;164;188m[48;2;119;164;188m▀[0m[38;2;120;164;188m[48;2;119;164;187m▀[0m[38;2;159;187;204m[48;2;146;180;200m▀[0m[38;2;159;188;205m[48;2;161;189;206m▀[0m[38;2;159;188;205m[48;2;162;193;208m▀[0m[38;2;161;194;208m[48;2;159;187;205m▀[0m[38;2;148;185;203m[48;2;157;187;204m▀[0m[38;2;59;79;89m[48;2;123;166;189m▀[0m[38;2;106;156;187m[48;2;8;11;13m▀[0m[38;2;127;173;196m[48;2;119;164;188m▀[0m[38;2;119;164;188m[48;2;121;167;189m▀[0m[38;2;156;185;204m[48;2;124;167;190m▀[0m[38;2;122;170;191m[48;2;121;167;189m▀[0m[38;2;0;0;0m▀[0m[38;2;11;11;11m▀[0m[38;2;167;167;168m▀[0m[38;2;43;43;42m▀[0m  
   [38;2;28;41;47m▀[0m[38;2;0;0;0m[48;2;0;0;0m▀[0m[38;2;158;95;93m[48;2;101;62;60m▀[0m[38;2;125;173;198m[48;2;0;0;0m▀[0m[38;2;127;175;197m[48;2;0;0;0m▀[0m[38;2;121;168;189m[48;2;76;105;120m▀[0m[38;2;121;165;188m[48;2;99;151;177m▀[0m[38;2;122;165;188m[48;2;86;125;149m▀[0m[38;2;104;156;183m[48;2;99;148;175m▀[0m[38;2;102;151;178m[48;2;100;146;173m▀[0m[38;2;99;150;176m[48;2;109;158;181m▀[0m[38;2;98;144;173m▀[0m[38;2;0;0;0m[48;2;100;146;173m▀[0m[38;2;0;0;0m[48;2;98;144;172m▀[0m[38;2;120;167;190m[48;2;98;144;173m▀[0m[38;2;123;168;190m[48;2;85;124;153m▀[0m[38;2;119;164;188m[48;2;35;50;57m▀[0m[38;2;120;164;188m[48;2;126;173;198m▀[0m[38;2;122;165;189m[48;2;121;165;189m▀[0m[38;2;119;164;188m[48;2;121;167;189m▀[0m[38;2;119;164;188m[48;2;120;164;188m▀[0m[38;2;120;164;188m[48;2;122;165;188m▀[0m[38;2;121;167;189m[48;2;119;164;188m▀[0m[38;2;120;165;188m[48;2;119;164;188m▀[0m[38;2;124;166;189m[48;2;119;164;188m▀[0m[38;2;120;164;188m[48;2;119;164;188m▀[0m[38;2;105;157;184m[48;2;94;138;166m▀[0m[38;2;121;164;188m[48;2;119;166;188m▀[0m[38;2;119;164;188m[48;2;121;164;188m▀[0m[38;2;121;165;188m[48;2;120;164;188m▀[0m[38;2;119;164;188m[48;2;101;139;159m▀[0m      
     [38;2;0;0;0m[48;2;114;166;198m▀[0m[38;2;0;0;0m[48;2;0;0;0m▀[0m[38;2;0;0;0m[48;2;98;135;155m▀[0m[38;2;98;144;173m[48;2;120;169;191m▀[0m[38;2;98;144;173m[48;2;60;84;100m▀[0m[38;2;106;156;185m[48;2;100;146;173m▀[0m[38;2;99;144;173m[48;2;103;151;177m▀[0m[38;2;108;153;180m[48;2;97;144;173m▀[0m[38;2;104;152;179m▀[0m  [38;2;47;69;82m▀[0m[38;2;98;144;173m▀[0m[38;2;97;144;172m▀[0m[38;2;79;115;138m[48;2;122;167;192m▀[0m[38;2;87;128;157m[48;2;119;164;188m▀[0m[38;2;96;138;167m[48;2;55;78;89m▀[0m[38;2;100;148;173m[48;2;98;146;175m▀[0m[38;2;98;144;173m[48;2;98;144;172m▀[0m[38;2;96;139;169m[48;2;98;145;173m▀[0m[38;2;61;90;111m[48;2;87;127;156m▀[0m[38;2;72;97;111m[48;2;87;127;156m▀[0m[38;2;119;164;188m[48;2;44;64;78m▀[0m[38;2;10;14;17m[48;2;81;118;141m▀[0m[38;2;109;152;180m[48;2;98;144;172m▀[0m[38;2;118;165;187m[48;2;99;145;172m▀[0m[38;2;115;159;185m[48;2;99;148;173m▀[0m[38;2;98;144;173m[48;2;100;148;174m▀[0m       
       [38;2;27;36;41m▀[0m[38;2;122;166;189m▀[0m[38;2;99;150;175m▀[0m[38;2;0;0;0m▀[0m          [38;2;103;140;161m▀[0m[38;2;98;144;173m▀[0m[38;2;100;146;173m▀[0m[38;2;98;144;173m[48;2;98;145;173m▀[0m[38;2;45;66;79m[48;2;98;144;172m▀[0m[38;2;101;148;176m[48;2;98;144;173m▀[0m[38;2;99;145;172m[48;2;99;144;172m▀[0m[38;2;98;144;172m[48;2;98;144;173m▀[0m[38;2;98;144;172m[48;2;98;144;172m▀[0m[38;2;98;144;172m[48;2;98;144;172m▀[0m[38;2;98;144;172m[48;2;60;91;106m▀[0m[38;2;220;221;221m[48;2;215;215;215m▀[0m[38;2;215;215;216m[48;2;215;215;216m▀[0m[38;2;220;220;221m[48;2;61;61;62m▀[0m     
                         [38;2;149;198;221m▀[0m[38;2;117;162;186m▀[0m[38;2;107;153;178m▀[0m[38;2;100;149;175m▀[0m[38;2;100;148;174m▀[0m[38;2;99;145;174m▀[0m         
                                        
                                        
                                        
                                        
                                        
