                                        
                                        
                                        
                                        
               [38;2;164;183;194m▄[0m[38;2;139;149;161m[48;2;79;82;92m▀[0m[38;2;1;2;7m[48;2;1;3;7m▀[0m      [38;2;163;177;216m▄[0m[38;2;45;47;54m▄[0m  [38;2;61;66;71m▄[0m[38;2;177;182;190m▄[0m          
          [38;2;206;209;219m▄[0m[38;2;119;124;133m[48;2;199;202;212m▀[0m[38;2;194;199;207m[48;2;123;126;136m▀[0m[38;2;56;60;67m[48;2;82;85;95m▀[0m[38;2;80;83;93m[48;2;128;131;141m▀[0m[38;2;83;86;95m[48;2;151;156;165m▀[0m[38;2;83;86;96m▀[0m        [38;2;80;83;92m[48;2;84;87;96m▀[0m[38;2;140;144;155m[48;2;89;92;102m▀[0m[38;2;112;117;126m▄[0m[38;2;149;154;163m[48;2;175;178;187m▀[0m[38;2;202;205;215m[48;2;206;209;219m▀[0m[38;2;207;210;220m▄[0m         
         [38;2;207;210;220m▄[0m[38;2;208;212;222m[48;2;210;213;223m▀[0m[38;2;207;210;220m[48;2;136;139;149m▀[0m[38;2;139;142;152m[48;2;154;157;167m▀[0m[38;2;79;82;92m[48;2;85;88;98m▀[0m[38;2;85;88;98m[48;2;74;79;88m▀[0m[38;2;146;149;158m[48;2;191;194;203m▀[0m[38;2;33;38;43m[48;2;177;180;189m▀[0m[38;2;145;148;157m[48;2;181;184;194m▀[0m[38;2;195;198;208m[48;2;176;179;189m▀[0m[38;2;189;192;202m[48;2;185;188;198m▀[0m[38;2;187;190;200m[48;2;196;199;209m▀[0m[38;2;189;192;202m[48;2;187;190;199m▀[0m[38;2;190;193;203m[48;2;91;95;104m▀[0m[38;2;179;182;192m[48;2;100;103;112m▀[0m[38;2;110;113;122m▄[0m[38;2;94;97;106m[48;2;29;32;38m▀[0m[38;2;135;138;147m[48;2;87;92;101m▀[0m[38;2;11;13;17m[48;2;75;78;87m▀[0m[38;2;137;140;149m[48;2;192;195;204m▀[0m[38;2;184;187;196m[48;2;143;146;156m▀[0m[38;2;189;192;202m[48;2;126;129;139m▀[0m[38;2;156;159;169m[48;2;128;131;141m▀[0m[38;2;121;125;134m▄[0m       
       [38;2;1;1;3m▄[0m[38;2;208;211;221m[48;2;202;205;216m▀[0m[38;2;208;211;221m[48;2;91;97;105m▀[0m[38;2;98;102;111m[48;2;140;143;153m▀[0m[38;2;137;140;150m[48;2;38;42;50m▀[0m[38;2;139;142;151m[48;2;101;104;113m▀[0m[38;2;157;160;170m[48;2;95;98;108m▀[0m[38;2;160;164;174m[48;2;94;97;107m▀[0m[38;2;239;193;115m[48;2;83;84;88m▀[0m[38;2;222;176;97m[48;2;255;232;171m▀[0m[38;2;192;196;205m[48;2;255;231;169m▀[0m[38;2;168;171;181m[48;2;164;167;176m▀[0m[38;2;197;200;210m[48;2;194;197;207m▀[0m[38;2;209;212;222m[48;2;203;206;216m▀[0m[38;2;203;206;215m[48;2;198;201;210m▀[0m[38;2;182;185;194m[48;2;183;186;195m▀[0m[38;2;99;102;111m[48;2;91;95;104m▀[0m[38;2;109;112;121m[48;2;214;177;102m▀[0m[38;2;127;134;144m[48;2;202;163;95m▀[0m[38;2;36;38;44m[48;2;98;101;110m▀[0m[38;2;197;201;210m[48;2;117;120;130m▀[0m[38;2;99;102;111m[48;2;75;78;87m▀[0m[38;2;46;48;56m[48;2;78;81;91m▀[0m[38;2;144;147;157m[48;2;127;130;139m▀[0m[38;2;83;87;96m[48;2;177;180;189m▀[0m[38;2;169;172;182m[48;2;186;189;198m▀[0m[38;2;188;191;200m▄[0m      
      [38;2;80;87;94m▄[0m[38;2;50;55;62m[48;2;184;187;197m▀[0m[38;2;95;99;109m[48;2;183;186;196m▀[0m[38;2;120;123;133m[48;2;155;158;168m▀[0m[38;2;127;130;140m[48;2;82;85;95m▀[0m[38;2;80;83;93m[48;2;10;12;21m▀[0m[38;2;101;104;113m[48;2;144;147;156m▀[0m[38;2;83;85;93m[48;2;128;131;140m▀[0m[38;2;181;184;193m[48;2;182;185;194m▀[0m[38;2;180;183;192m[48;2;182;185;194m▀[0m[38;2;7;6;7m[48;2;103;46;51m▀[0m[38;2;255;241;205m[48;2;170;49;63m▀[0m[38;2;255;239;198m[48;2;255;240;203m▀[0m[38;2;141;144;152m[48;2;255;238;193m▀[0m[38;2;189;192;202m[48;2;255;238;195m▀[0m[38;2;186;189;198m[48;2;255;241;204m▀[0m[38;2;250;222;154m[48;2;255;241;203m▀[0m[38;2;255;235;183m[48;2;255;225;146m▀[0m[38;2;255;230;165m[48;2;145;56;68m▀[0m[38;2;175;159;136m[48;2;100;103;113m▀[0m[38;2;101;104;113m[48;2;102;105;114m▀[0m[38;2;111;115;124m[48;2;90;92;98m▀[0m[38;2;80;83;92m[48;2;98;101;110m▀[0m[38;2;82;85;95m[48;2;75;78;88m▀[0m[38;2;93;96;105m[48;2;172;176;186m▀[0m[38;2;184;187;196m[48;2;178;181;191m▀[0m[38;2;172;175;184m[48;2;175;178;187m▀[0m[38;2;203;206;215m[48;2;208;211;220m▀[0m[38;2;126;131;141m[48;2;207;210;219m▀[0m[38;2;148;152;161m▄[0m    
    [38;2;176;179;189m▄[0m[38;2;178;182;191m[48;2;177;180;190m▀[0m[38;2;52;57;66m[48;2;151;155;164m▀[0m[38;2;205;208;218m[48;2;208;212;221m▀[0m[38;2;210;213;223m[48;2;205;208;217m▀[0m[38;2;182;185;195m[48;2;119;122;132m▀[0m[38;2;63;67;78m[48;2;93;96;106m▀[0m[38;2;31;36;44m[48;2;85;88;98m▀[0m[38;2;175;178;187m[48;2;105;110;118m▀[0m[38;2;174;177;186m[48;2;180;183;192m▀[0m[38;2;158;161;170m[48;2;182;185;194m▀[0m[38;2;65;72;80m[48;2;179;182;191m▀[0m[38;2;162;166;175m[48;2;21;26;31m▀[0m[38;2;18;20;24m[48;2;255;242;206m▀[0m[38;2;75;64;34m[48;2;255;242;209m▀[0m[38;2;255;241;206m[48;2;255;239;198m▀[0m[38;2;255;242;209m[48;2;255;238;195m▀[0m[38;2;255;242;207m[48;2;255;242;209m▀[0m[38;2;40;46;55m[48;2;255;241;206m▀[0m[38;2;1;3;5m[48;2;88;91;100m▀[0m[38;2;123;58;70m[48;2;61;64;73m▀[0m[38;2;40;46;55m[48;2;123;126;135m▀[0m[38;2;99;102;111m[48;2;172;175;184m▀[0m[38;2;116;119;128m[48;2;168;171;180m▀[0m[38;2;117;120;129m[48;2;139;144;153m▀[0m[38;2;75;78;87m[48;2;88;91;100m▀[0m[38;2;164;167;177m[48;2;157;162;171m▀[0m[38;2;168;171;181m[48;2;159;162;171m▀[0m[38;2;182;185;195m[48;2;167;170;180m▀[0m[38;2;204;207;216m[48;2;150;153;162m▀[0m[38;2;210;213;222m[48;2;201;204;214m▀[0m[38;2;123;127;137m[48;2;126;129;138m▀[0m    
   [38;2;60;65;74m▄[0m[38;2;182;185;195m[48;2;181;184;194m▀[0m[38;2;179;182;192m[48;2;105;109;118m▀[0m[38;2;208;211;220m[48;2;210;213;222m▀[0m[38;2;208;211;221m[48;2;202;205;215m▀[0m[38;2;130;133;143m[48;2;176;179;189m▀[0m[38;2;155;158;168m[48;2;181;184;194m▀[0m[38;2;167;170;180m[48;2;179;182;191m▀[0m[38;2;127;125;135m▀[0m  [38;2;174;177;186m[48;2;123;96;47m▀[0m[38;2;250;241;220m[48;2;250;227;185m▀[0m[38;2;255;233;179m[48;2;254;226;166m▀[0m[38;2;255;241;206m[48;2;204;160;87m▀[0m[38;2;251;228;169m[48;2;163;169;179m▀[0m[38;2;57;64;72m[48;2;203;207;216m▀[0m[38;2;193;196;205m[48;2;207;210;219m▀[0m[38;2;177;135;28m[48;2;177;180;189m▀[0m[38;2;255;235;183m[48;2;190;142;19m▀[0m[38;2;255;231;167m[48;2;255;231;169m▀[0m[38;2;237;200;112m[48;2;255;230;169m▀[0m[38;2;180;183;192m[48;2;255;218;151m▀[0m[38;2;180;183;192m▀[0m[38;2;173;176;186m▀[0m[38;2;78;81;90m▀[0m[38;2;96;99;108m[48;2;181;134;56m▀[0m[38;2;164;169;178m▀[0m[38;2;160;163;172m[48;2;119;122;131m▀[0m[38;2;119;122;132m[48;2;121;124;133m▀[0m[38;2;67;70;80m[48;2;110;113;123m▀[0m[38;2;187;190;200m[48;2;181;184;193m▀[0m[38;2;31;36;43m[48;2;169;172;182m▀[0m[38;2;5;6;13m▄[0m   
   [38;2;149;152;162m[48;2;120;123;133m▀[0m[38;2;170;173;183m[48;2;182;185;194m▀[0m[38;2;203;206;215m[48;2;191;195;204m▀[0m[38;2;210;213;222m[48;2;197;200;209m▀[0m[38;2;52;58;66m[48;2;146;149;159m▀[0m[38;2;186;189;199m[48;2;165;168;178m▀[0m[38;2;175;178;188m[48;2;169;172;182m▀[0m[38;2;174;177;187m[48;2;161;164;174m▀[0m    [38;2;192;144;49m▀[0m [38;2;71;82;96m▀[0m[38;2;76;83;93m▀[0m[38;2;75;80;89m[48;2;22;25;29m▀[0m[38;2;78;83;92m[48;2;64;72;81m▀[0m[38;2;78;84;94m[48;2;31;34;38m▀[0m[38;2;70;81;93m▀[0m[38;2;42;56;68m▀[0m[38;2;254;224;163m▀[0m[38;2;255;225;167m[48;2;143;110;56m▀[0m    [38;2;0;0;0m▄[0m[38;2;39;41;47m[48;2;92;95;104m▀[0m[38;2;123;126;135m[48;2;63;67;75m▀[0m[38;2;119;122;131m[48;2;169;174;184m▀[0m[38;2;166;169;178m[48;2;157;160;169m▀[0m[38;2;163;166;175m[48;2;158;161;170m▀[0m[38;2;68;71;80m[48;2;140;143;152m▀[0m[38;2;94;97;107m[48;2;119;123;133m▀[0m  
   [38;2;128;132;141m[48;2;62;68;77m▀[0m[38;2;184;187;196m[48;2;158;161;171m▀[0m[38;2;185;188;197m[48;2;161;164;174m▀[0m[38;2;100;105;114m[48;2;44;47;57m▀[0m[38;2;125;128;138m[48;2;122;125;135m▀[0m[38;2;131;134;144m[48;2;120;123;133m▀[0m[38;2;163;166;176m[48;2;143;146;156m▀[0m[38;2;36;39;48m▀[0m                    [38;2;158;161;170m▀[0m[38;2;157;160;169m[48;2;135;138;147m▀[0m[38;2;169;172;181m[48;2;177;180;189m▀[0m[38;2;160;163;172m[48;2;170;173;182m▀[0m[38;2;157;160;169m[48;2;132;135;144m▀[0m[38;2;157;160;169m[48;2;152;125;87m▀[0m[38;2;120;126;135m▀[0m  
  [38;2;78;84;94m[48;2;161;164;174m▀[0m[38;2;16;18;27m[48;2;178;181;190m▀[0m[38;2;157;160;170m[48;2;155;158;167m▀[0m[38;2;65;68;78m[48;2;36;40;50m▀[0m[38;2;101;104;114m[48;2;92;95;105m▀[0m[38;2;120;123;133m[48;2;121;124;134m▀[0m[38;2;121;124;134m[48;2;126;129;139m▀[0m[38;2;48;52;60m[48;2;92;95;104m▀[0m[38;2;102;105;114m▄[0m                       [38;2;215;169;91m▀[0m     
  [38;2;162;167;176m▀[0m[38;2;178;181;190m[48;2;185;143;77m▀[0m[38;2;165;168;177m[48;2;159;162;172m▀[0m[38;2;158;161;170m[48;2;154;158;167m▀[0m[38;2;158;163;172m[48;2;141;144;153m▀[0m[38;2;120;123;132m[48;2;121;124;133m▀[0m[38;2;124;127;136m[48;2;121;124;133m▀[0m[38;2;123;127;137m[48;2;120;128;139m▀[0m[38;2;49;54;61m▀[0m                             
    [38;2;45;44;46m▀[0m[38;2;204;156;75m[48;2;34;29;21m▀[0m  [38;2;175;136;74m▀[0m                               
                                        
                                        
                                        
                                        
