                                        
                                        
                                        
                [38;2;215;215;215m▄[0m[38;2;21;21;21m▄[0m[38;2;35;34;34m▄[0m[38;2;7;7;6m▄[0m [38;2;36;35;35m▄[0m[38;2;217;217;218m▄[0m[38;2;212;212;213m▄[0m                
             [38;2;224;224;224m▄[0m[38;2;235;235;236m[48;2;241;242;242m▀[0m[38;2;238;239;239m[48;2;216;216;217m▀[0m[38;2;11;11;11m[48;2;35;35;35m▀[0m[38;2;22;22;22m[48;2;90;88;89m▀[0m[38;2;140;138;139m[48;2;126;125;125m▀[0m[38;2;158;158;158m[48;2;121;121;121m▀[0m[38;2;118;117;118m[48;2;116;116;116m▀[0m[38;2;117;116;116m[48;2;119;119;119m▀[0m[38;2;83;82;82m[48;2;95;95;95m▀[0m[38;2;212;213;214m[48;2;212;212;213m▀[0m[38;2;213;212;213m[48;2;212;213;214m▀[0m[38;2;184;184;185m[48;2;207;207;207m▀[0m[38;2;208;208;209m▄[0m             
          [38;2;132;132;133m▄[0m[38;2;15;15;15m▄[0m[38;2;199;199;200m[48;2;226;227;227m▀[0m[38;2;236;236;237m[48;2;213;213;214m▀[0m[38;2;224;225;225m[48;2;215;215;215m▀[0m[38;2;15;14;14m[48;2;35;35;34m▀[0m[38;2;95;94;94m[48;2;96;96;96m▀[0m[38;2;112;111;111m[48;2;111;111;110m▀[0m[38;2;112;111;111m[48;2;111;111;110m▀[0m[38;2;112;111;111m[48;2;112;111;110m▀[0m[38;2;110;111;111m[48;2;120;119;120m▀[0m[38;2;120;119;118m[48;2;112;111;111m▀[0m[38;2;119;118;118m[48;2;111;110;111m▀[0m[38;2;190;191;191m[48;2;54;54;54m▀[0m[38;2;237;237;239m[48;2;212;213;213m▀[0m[38;2;208;208;208m[48;2;212;212;213m▀[0m[38;2;191;191;191m[48;2;35;35;35m▀[0m[38;2;191;191;191m▄[0m[38;2;20;20;20m▄[0m           
        [38;2;56;56;56m[48;2;215;214;214m▀[0m[38;2;221;221;221m[48;2;217;217;217m▀[0m[38;2;212;213;213m[48;2;212;213;214m▀[0m[38;2;213;213;214m[48;2;212;213;213m▀[0m[38;2;212;213;213m[48;2;215;215;215m▀[0m[38;2;212;213;213m[48;2;212;212;213m▀[0m[38;2;217;217;218m[48;2;212;213;213m▀[0m[38;2;35;35;34m[48;2;37;36;36m▀[0m[38;2;93;92;92m[48;2;90;83;83m▀[0m[38;2;111;111;110m[48;2;62;62;61m▀[0m[38;2;246;167;167m[48;2;119;118;118m▀[0m[38;2;111;111;111m[48;2;240;129;127m▀[0m[38;2;117;117;117m[48;2;111;111;111m▀[0m[38;2;238;117;119m[48;2;112;111;111m▀[0m[38;2;111;111;110m[48;2;34;18;19m▀[0m[38;2;84;83;83m[48;2;48;48;48m▀[0m[38;2;218;218;218m[48;2;212;212;213m▀[0m[38;2;212;213;213m[48;2;212;213;213m▀[0m[38;2;212;212;213m[48;2;221;221;222m▀[0m[38;2;212;212;213m[48;2;212;213;213m▀[0m[38;2;240;240;241m[48;2;212;212;213m▀[0m[38;2;212;213;213m[48;2;213;213;213m▀[0m[38;2;191;190;191m[48;2;189;189;189m▀[0m[38;2;83;80;86m▄[0m        
       [38;2;121;121;121m[48;2;10;11;10m▀[0m[38;2;214;214;215m[48;2;212;213;213m▀[0m[38;2;212;213;213m[48;2;212;213;214m▀[0m[38;2;212;213;213m[48;2;212;212;213m▀[0m[38;2;212;212;213m[48;2;182;182;183m▀[0m[38;2;212;212;214m[48;2;158;155;162m▀[0m[38;2;213;213;214m[48;2;190;189;191m▀[0m[38;2;212;213;214m[48;2;208;208;209m▀[0m[38;2;38;37;37m[48;2;35;34;34m▀[0m[38;2;95;94;94m[48;2;90;89;89m▀[0m[38;2;121;120;120m[48;2;120;120;120m▀[0m[38;2;111;111;111m[48;2;247;168;168m▀[0m[38;2;36;15;15m[48;2;111;110;110m▀[0m[38;2;112;111;111m[48;2;119;119;119m▀[0m[38;2;111;111;110m[48;2;225;100;105m▀[0m[38;2;127;50;53m[48;2;112;111;110m▀[0m[38;2;37;37;38m[48;2;48;48;47m▀[0m[38;2;212;213;213m[48;2;213;213;213m▀[0m[38;2;213;213;213m[48;2;190;191;191m▀[0m[38;2;215;215;216m[48;2;163;160;165m▀[0m[38;2;211;212;213m[48;2;151;148;155m▀[0m[38;2;212;213;213m[48;2;148;144;152m▀[0m[38;2;204;204;206m[48;2;144;139;149m▀[0m[38;2;149;144;153m[48;2;142;136;147m▀[0m[38;2;144;139;149m[48;2;135;130;140m▀[0m        
        [38;2;86;85;86m▀[0m[38;2;174;173;176m[48;2;71;71;71m▀[0m[38;2;157;154;160m[48;2;130;125;134m▀[0m[38;2;144;140;150m[48;2;126;121;131m▀[0m[38;2;142;137;147m[48;2;79;76;82m▀[0m[38;2;142;137;147m[48;2;141;137;147m▀[0m[38;2;142;137;147m[48;2;141;136;147m▀[0m[38;2;35;34;35m[48;2;34;34;34m▀[0m[38;2;91;90;90m[48;2;57;56;57m▀[0m[38;2;119;119;119m[48;2;83;82;82m▀[0m[38;2;119;118;118m[48;2;94;93;93m▀[0m[38;2;121;120;120m[48;2;94;93;93m▀[0m[38;2;112;112;111m[48;2;91;90;91m▀[0m[38;2;119;117;118m[48;2;90;89;89m▀[0m[38;2;111;111;111m[48;2;62;61;61m▀[0m[38;2;38;37;37m[48;2;15;14;15m▀[0m[38;2;163;161;165m[48;2;144;139;149m▀[0m[38;2;142;137;147m[48;2;142;137;147m▀[0m[38;2;143;139;149m[48;2;145;140;150m▀[0m[38;2;154;149;159m[48;2;15;15;15m▀[0m[38;2;146;142;151m[48;2;143;139;149m▀[0m[38;2;142;137;146m[48;2;22;21;23m▀[0m[38;2;142;137;147m[48;2;89;89;89m▀[0m[38;2;155;151;161m▀[0m        
        [38;2;111;111;111m▄[0m[38;2;73;73;72m[48;2;66;66;65m▀[0m  [38;2;143;138;148m[48;2;0;0;0m▀[0m[38;2;81;79;84m[48;2;152;148;157m▀[0m[38;2;146;141;151m[48;2;153;148;158m▀[0m[38;2;147;141;152m[48;2;66;64;69m▀[0m[38;2;35;35;35m[48;2;36;36;36m▀[0m[38;2;53;53;53m[48;2;56;55;56m▀[0m[38;2;54;53;54m[48;2;59;58;58m▀[0m[38;2;54;54;53m[48;2;54;53;53m▀[0m[38;2;56;56;56m[48;2;56;53;53m▀[0m[38;2;59;58;58m[48;2;54;54;54m▀[0m[38;2;56;55;55m[48;2;13;14;13m▀[0m[38;2;145;140;150m[48;2;12;12;13m▀[0m[38;2;141;136;147m[48;2;141;136;146m▀[0m[38;2;12;11;13m[48;2;142;137;147m▀[0m[38;2;148;144;153m[48;2;141;136;147m▀[0m[38;2;141;136;146m▀[0m  [38;2;118;117;117m▀[0m[38;2;112;111;111m[48;2;112;111;110m▀[0m[38;2;111;110;110m▄[0m       
      [38;2;150;148;149m▄[0m[38;2;0;0;0m[48;2;121;119;120m▀[0m[38;2;112;111;111m[48;2;67;66;66m▀[0m    [38;2;3;3;3m▀[0m[38;2;153;148;158m▀[0m[38;2;152;148;157m[48;2;153;148;158m▀[0m[38;2;152;148;157m[48;2;153;148;158m▀[0m[38;2;35;35;35m[48;2;36;35;36m▀[0m[38;2;55;55;55m[48;2;54;53;53m▀[0m[38;2;59;58;58m[48;2;59;58;58m▀[0m[38;2;54;53;53m[48;2;57;56;56m▀[0m[38;2;56;55;55m[48;2;54;53;53m▀[0m[38;2;157;152;162m[48;2;153;149;158m▀[0m[38;2;154;150;159m[48;2;153;148;158m▀[0m[38;2;144;139;149m[48;2;152;148;157m▀[0m[38;2;149;144;154m▀[0m      [38;2;120;120;120m[48;2;103;102;102m▀[0m[38;2;120;119;119m[48;2;116;116;116m▀[0m[38;2;111;111;110m▄[0m     
    [38;2;154;155;155m▄[0m[38;2;151;150;150m[48;2;109;46;47m▀[0m[38;2;119;118;119m[48;2;187;79;84m▀[0m[38;2;95;95;95m[48;2;69;69;68m▀[0m[38;2;25;25;25m▀[0m     [38;2;153;154;154m▄[0m[38;2;177;174;183m[48;2;186;184;190m▀[0m[38;2;157;152;162m[48;2;168;164;174m▀[0m[38;2;36;35;35m[48;2;158;154;162m▀[0m[38;2;66;66;66m[48;2;70;70;70m▀[0m[38;2;67;66;66m[48;2;70;69;69m▀[0m[38;2;73;72;72m[48;2;66;66;66m▀[0m[38;2;67;66;66m[48;2;70;69;68m▀[0m[38;2;153;148;158m[48;2;153;148;158m▀[0m[38;2;153;148;158m[48;2;152;148;157m▀[0m[38;2;114;114;114m▄[0m       [38;2;67;66;66m[48;2;70;69;69m▀[0m[38;2;111;110;110m[48;2;253;117;122m▀[0m[38;2;116;115;115m[48;2;14;13;13m▀[0m[38;2;112;111;111m[48;2;246;164;163m▀[0m[38;2;111;110;110m▄[0m   
   [38;2;111;111;110m[48;2;122;121;122m▀[0m[38;2;243;123;126m[48;2;38;38;38m▀[0m[38;2;117;116;116m[48;2;10;10;10m▀[0m[38;2;211;212;212m[48;2;212;212;213m▀[0m[38;2;71;69;70m▀[0m    [38;2;80;80;80m[48;2;0;0;0m▀[0m[38;2;212;212;213m[48;2;212;212;213m▀[0m[38;2;212;213;213m[48;2;246;247;246m▀[0m[38;2;213;213;213m[48;2;235;236;236m▀[0m[38;2;213;213;214m[48;2;145;146;146m▀[0m[38;2;213;213;213m[48;2;220;220;221m▀[0m[38;2;220;220;221m[48;2;222;221;222m▀[0m[38;2;11;11;11m[48;2;212;212;213m▀[0m[38;2;1;1;1m[48;2;211;211;212m▀[0m[38;2;192;191;191m[48;2;212;213;213m▀[0m[38;2;202;202;203m[48;2;214;214;215m▀[0m[38;2;191;191;191m[48;2;171;171;171m▀[0m[38;2;194;193;194m[48;2;75;75;75m▀[0m[38;2;210;211;212m[48;2;177;177;177m▀[0m[38;2;208;208;208m[48;2;192;191;191m▀[0m      [38;2;229;230;230m[48;2;212;213;214m▀[0m[38;2;68;67;67m[48;2;154;154;155m▀[0m[38;2;120;119;120m[48;2;212;213;213m▀[0m[38;2;25;21;21m[48;2;39;38;39m▀[0m[38;2;13;5;5m[48;2;2;2;2m▀[0m  
  [38;2;101;101;101m[48;2;216;216;217m▀[0m[38;2;62;62;62m[48;2;175;174;175m▀[0m[38;2;213;213;214m[48;2;212;213;213m▀[0m[38;2;147;146;147m[48;2;20;20;20m▀[0m[38;2;212;213;213m[48;2;216;216;217m▀[0m[38;2;21;21;21m[48;2;179;179;180m▀[0m     [38;2;50;48;52m[48;2;36;35;37m▀[0m[38;2;184;182;187m[48;2;152;146;156m▀[0m[38;2;240;240;241m[48;2;141;137;147m▀[0m[38;2;213;214;215m[48;2;144;140;150m▀[0m[38;2;213;213;214m[48;2;79;77;83m▀[0m[38;2;212;212;213m[48;2;23;22;24m▀[0m[38;2;206;206;208m[48;2;75;73;79m▀[0m[38;2;192;192;192m[48;2;34;33;36m▀[0m[38;2;191;191;191m[48;2;12;12;12m▀[0m[38;2;179;179;179m[48;2;110;106;113m▀[0m[38;2;178;178;178m[48;2;139;135;145m▀[0m[38;2;179;179;179m[48;2;137;133;143m▀[0m[38;2;158;156;162m[48;2;136;132;143m▀[0m      [38;2;193;193;192m▄[0m[38;2;212;213;213m[48;2;212;213;213m▀[0m [38;2;212;212;213m[48;2;212;213;213m▀[0m[38;2;44;44;45m▀[0m[38;2;212;212;213m[48;2;212;212;213m▀[0m  
  [38;2;212;212;213m[48;2;204;204;204m▀[0m[38;2;148;148;148m▀[0m[38;2;212;213;214m[48;2;181;181;182m▀[0m[38;2;1;1;1m▀[0m       [38;2;141;136;146m[48;2;163;160;167m▀[0m[38;2;142;137;149m[48;2;154;151;158m▀[0m[38;2;142;138;147m[48;2;142;136;148m▀[0m[38;2;141;136;147m[48;2;141;136;146m▀[0m[38;2;45;42;45m[48;2;141;136;146m▀[0m   [38;2;136;131;142m[48;2;129;124;134m▀[0m[38;2;137;132;143m[48;2;141;137;147m▀[0m[38;2;142;137;148m[48;2;144;138;149m▀[0m[38;2;155;149;161m[48;2;141;137;147m▀[0m[38;2;141;137;147m[48;2;141;136;147m▀[0m[38;2;24;22;26m[48;2;142;137;147m▀[0m       [38;2;5;5;5m▀[0m[38;2;212;212;213m▀[0m [38;2;191;191;191m▀[0m  
            [38;2;114;112;117m[48;2;180;176;186m▀[0m[38;2;212;212;213m[48;2;228;228;229m▀[0m[38;2;204;203;206m[48;2;211;210;211m▀[0m[38;2;166;161;172m[48;2;167;163;173m▀[0m[38;2;164;159;169m[48;2;167;163;173m▀[0m[38;2;167;163;174m[48;2;167;163;173m▀[0m[38;2;39;38;41m▄[0m  [38;2;87;85;90m[48;2;59;58;61m▀[0m[38;2;162;157;167m[48;2;180;178;184m▀[0m[38;2;199;199;199m[48;2;231;231;233m▀[0m[38;2;154;149;159m[48;2;176;172;181m▀[0m[38;2;160;156;165m[48;2;167;163;174m▀[0m[38;2;168;164;173m[48;2;167;163;174m▀[0m             
             [38;2;217;217;217m▀[0m[38;2;215;216;216m▀[0m[38;2;167;163;174m▀[0m[38;2;167;163;173m▀[0m[38;2;168;164;174m▀[0m[38;2;175;170;181m▀[0m   [38;2;0;0;0m▀[0m[38;2;231;231;232m▀[0m[38;2;216;217;217m▀[0m[38;2;172;168;179m▀[0m[38;2;93;90;96m▀[0m             
                                        
                                        
                                        
