                                        
                                        
                                        
                                        
                     [38;2;42;20;77m▄[0m[38;2;150;166;65m▄[0m[38;2;205;210;22m[48;2;14;8;20m▀[0m[38;2;214;236;77m[48;2;82;87;55m▀[0m[38;2;5;3;8m[48;2;187;207;30m▀[0m[38;2;210;232;72m[48;2;187;207;30m▀[0m[38;2;214;226;31m[48;2;187;207;30m▀[0m[38;2;208;212;25m[48;2;10;6;21m▀[0m[38;2;209;215;22m[48;2;224;242;117m▀[0m[38;2;12;12;9m[48;2;220;242;94m▀[0m[38;2;100;102;13m▄[0m[38;2;167;177;94m[48;2;204;209;24m▀[0m[38;2;183;190;26m[48;2;182;185;25m▀[0m[38;2;187;187;22m[48;2;170;170;23m▀[0m[38;2;156;164;20m▄[0m    
                  [38;2;234;248;154m▄[0m[38;2;1;0;1m[48;2;46;50;5m▀[0m[38;2;162;178;23m[48;2;201;207;24m▀[0m[38;2;220;229;22m[48;2;209;215;24m▀[0m[38;2;204;211;24m[48;2;208;215;24m▀[0m[38;2;201;207;24m[48;2;211;218;24m▀[0m[38;2;3;2;6m[48;2;246;240;245m▀[0m[38;2;201;206;24m[48;2;225;232;25m▀[0m[38;2;198;217;25m[48;2;211;210;214m▀[0m[38;2;202;223;46m[48;2;221;217;220m▀[0m[38;2;189;208;30m[48;2;179;199;29m▀[0m[38;2;182;202;29m[48;2;141;146;15m▀[0m[38;2;176;193;27m[48;2;232;248;74m▀[0m[38;2;205;224;56m[48;2;7;3;10m▀[0m[38;2;202;208;24m[48;2;206;211;24m▀[0m[38;2;195;208;103m[48;2;205;210;24m▀[0m[38;2;191;199;32m[48;2;186;190;24m▀[0m[38;2;185;186;20m[48;2;172;172;23m▀[0m[38;2;107;111;56m[48;2;155;161;22m▀[0m   
                [38;2;227;249;103m▄[0m[38;2;126;138;30m[48;2;68;72;11m▀[0m[38;2;180;189;24m[48;2;172;181;24m▀[0m[38;2;172;181;24m[48;2;172;181;24m▀[0m[38;2;161;166;21m[48;2;1;0;3m▀[0m[38;2;212;234;64m[48;2;146;150;16m▀[0m[38;2;140;150;78m[48;2;212;235;65m▀[0m[38;2;214;212;223m[48;2;216;224;23m▀[0m[38;2;204;200;212m[48;2;101;88;79m▀[0m[38;2;137;133;140m[48;2;123;107;98m▀[0m[38;2;206;204;217m[48;2;94;80;72m▀[0m[38;2;158;153;163m[48;2;122;105;96m▀[0m[38;2;250;249;253m[48;2;86;80;66m▀[0m[38;2;237;236;242m[48;2;218;217;231m▀[0m[38;2;182;182;183m[48;2;207;201;210m▀[0m[38;2;137;147;80m[48;2;219;233;78m▀[0m[38;2;36;17;64m[48;2;48;47;22m▀[0m[38;2;200;206;24m[48;2;192;195;76m▀[0m[38;2;204;214;33m[48;2;204;210;24m▀[0m[38;2;182;192;30m[48;2;120;121;14m▀[0m[38;2;209;222;102m[48;2;177;178;22m▀[0m[38;2;175;173;17m▄[0m  
     [38;2;238;252;177m▄[0m[38;2;131;129;28m▄[0m        [38;2;206;224;102m▄[0m[38;2;175;184;24m[48;2;172;181;24m▀[0m[38;2;9;5;15m[48;2;3;3;3m▀[0m[38;2;172;181;24m[48;2;178;187;25m▀[0m[38;2;189;200;27m[48;2;8;5;16m▀[0m[38;2;172;181;24m[48;2;214;236;64m▀[0m[38;2;17;16;6m[48;2;236;248;165m▀[0m[38;2;211;218;24m[48;2;2;1;5m▀[0m[38;2;174;181;24m[48;2;92;84;72m▀[0m[38;2;119;103;95m[48;2;101;86;78m▀[0m[38;2;123;106;98m[48;2;97;83;75m▀[0m[38;2;114;98;90m[48;2;11;11;9m▀[0m[38;2;124;107;98m▀[0m[38;2;50;50;4m[48;2;211;219;23m▀[0m[38;2;200;203;24m[48;2;211;219;24m▀[0m[38;2;205;210;24m[48;2;125;108;99m▀[0m[38;2;203;208;24m[48;2;133;116;106m▀[0m[38;2;193;207;95m[48;2;82;79;78m▀[0m[38;2;6;4;15m[48;2;180;172;179m▀[0m[38;2;216;220;27m[48;2;213;220;24m▀[0m[38;2;218;229;41m[48;2;207;211;24m▀[0m[38;2;133;136;27m[48;2;174;186;97m▀[0m[38;2;156;161;21m[48;2;61;63;28m▀[0m  
  [38;2;211;216;25m▄[0m[38;2;209;216;24m[48;2;202;207;24m▀[0m[38;2;181;178;24m[48;2;187;184;25m▀[0m[38;2;151;148;26m[48;2;109;112;34m▀[0m[38;2;213;234;85m[48;2;188;195;27m▀[0m[38;2;188;183;22m[48;2;194;189;25m▀[0m      [38;2;237;251;160m▄[0m[38;2;134;136;137m[48;2;172;181;24m▀[0m[38;2;234;233;240m[48;2;175;187;24m▀[0m[38;2;237;236;242m[48;2;62;59;63m▀[0m[38;2;205;201;212m[48;2;100;88;78m▀[0m[38;2;204;209;24m[48;2;184;191;24m▀[0m[38;2;209;232;64m[48;2;199;203;25m▀[0m[38;2;212;234;64m[48;2;38;41;10m▀[0m[38;2;14;7;22m[48;2;218;226;22m▀[0m[38;2;213;215;117m[48;2;208;231;64m▀[0m[38;2;146;129;119m[48;2;92;76;37m▀[0m[38;2;145;128;118m[48;2;149;131;121m▀[0m[38;2;194;188;197m[48;2;167;161;169m▀[0m[38;2;29;26;28m▄[0m[38;2;201;206;24m[48;2;200;206;25m▀[0m[38;2;220;218;142m▀[0m[38;2;117;101;92m[48;2;29;23;21m▀[0m[38;2;145;128;118m[48;2;29;24;21m▀[0m[38;2;146;129;119m[48;2;15;16;13m▀[0m[38;2;144;128;117m[48;2;108;112;14m▀[0m[38;2;220;217;222m[48;2;30;25;21m▀[0m[38;2;180;180;175m[48;2;165;168;22m▀[0m[38;2;224;235;135m▀[0m   
  [38;2;214;220;25m[48;2;24;24;2m▀[0m[38;2;210;216;24m[48;2;202;209;24m▀[0m[38;2;187;184;24m[48;2;236;253;145m▀[0m[38;2;175;172;18m[48;2;163;166;23m▀[0m[38;2;194;189;25m[48;2;164;167;22m▀[0m[38;2;186;183;25m[48;2;191;203;125m▀[0m[38;2;172;172;23m▄[0m    [38;2;214;233;113m▄[0m[38;2;8;5;14m[48;2;221;216;230m▀[0m[38;2;9;4;13m[48;2;225;225;236m▀[0m[38;2;79;91;8m[48;2;204;201;212m▀[0m[38;2;115;101;92m[48;2;139;123;112m▀[0m[38;2;144;127;117m[48;2;145;128;117m▀[0m[38;2;203;211;23m[48;2;125;128;14m▀[0m[38;2;41;19;75m[48;2;235;253;105m▀[0m[38;2;6;3;11m[48;2;199;205;25m▀[0m[38;2;209;216;23m[48;2;4;3;15m▀[0m[38;2;202;214;25m[48;2;205;210;23m▀[0m[38;2;204;217;26m[48;2;19;23;20m▀[0m[38;2;165;149;139m[48;2;162;146;135m▀[0m[38;2;194;188;198m▄[0m[38;2;236;236;240m▄[0m[38;2;207;212;24m▀[0m [38;2;38;30;27m[48;2;0;0;0m▀[0m[38;2;37;30;27m[48;2;36;29;26m▀[0m[38;2;23;23;11m[48;2;46;38;33m▀[0m[38;2;162;163;19m[48;2;15;14;11m▀[0m[38;2;36;29;26m[48;2;94;79;71m▀[0m[38;2;195;189;198m[48;2;195;189;198m▀[0m[38;2;242;242;252m▄[0m   
   [38;2;203;208;25m[48;2;11;6;19m▀[0m[38;2;221;242;98m[48;2;172;181;24m▀[0m[38;2;220;242;97m[48;2;220;242;99m▀[0m[38;2;184;204;28m[48;2;10;6;16m▀[0m[38;2;220;229;22m[48;2;4;3;11m▀[0m[38;2;200;206;24m[48;2;17;11;21m▀[0m[38;2;198;211;26m[48;2;1;1;4m▀[0m[38;2;227;249;88m[48;2;195;202;22m▀[0m[38;2;200;205;24m▄[0m[38;2;209;214;24m▄[0m[38;2;171;180;24m[48;2;203;208;24m▀[0m[38;2;172;181;24m[48;2;209;231;61m▀[0m[38;2;181;189;24m[48;2;218;228;24m▀[0m[38;2;115;113;120m[48;2;123;106;97m▀[0m[38;2;123;106;98m[48;2;123;106;98m▀[0m[38;2;136;119;110m[48;2;121;105;96m▀[0m[38;2;219;226;23m[48;2;204;209;26m▀[0m[38;2;206;210;25m[48;2;212;218;25m▀[0m[38;2;206;211;24m[48;2;219;218;232m▀[0m[38;2;140;137;141m[48;2;185;179;187m▀[0m[38;2;113;118;8m[48;2;237;236;242m▀[0m[38;2;194;188;197m[48;2;88;79;70m▀[0m[38;2;164;150;139m[48;2;228;229;226m▀[0m[38;2;211;233;57m▄[0m    [38;2;93;79;71m▀[0m[38;2;93;79;72m[48;2;36;32;27m▀[0m[38;2;93;79;72m[48;2;6;6;4m▀[0m[38;2;68;57;50m[48;2;197;191;200m▀[0m[38;2;212;207;215m[48;2;195;189;198m▀[0m[38;2;170;164;171m▀[0m   
   [38;2;244;242;248m[48;2;60;59;62m▀[0m[38;2;220;219;234m[48;2;215;213;227m▀[0m[38;2;88;93;13m[48;2;12;9;25m▀[0m[38;2;220;242;97m[48;2;70;75;33m▀[0m[38;2;221;243;98m[48;2;37;41;20m▀[0m[38;2;6;3;12m[48;2;220;242;97m▀[0m[38;2;8;9;21m[48;2;220;242;97m▀[0m[38;2;15;17;5m[48;2;9;5;12m▀[0m[38;2;218;228;22m[48;2;205;210;24m▀[0m[38;2;212;219;24m[48;2;222;242;83m▀[0m[38;2;35;19;65m[48;2;205;211;22m▀[0m[38;2;25;14;36m[48;2;208;232;64m▀[0m[38;2;234;250;139m[48;2;216;236;81m▀[0m[38;2;41;45;18m[48;2;214;231;66m▀[0m[38;2;121;104;95m[48;2;123;106;97m▀[0m[38;2;121;105;96m[48;2;124;107;98m▀[0m[38;2;109;96;87m[48;2;126;110;100m▀[0m[38;2;196;190;199m[48;2;124;107;98m▀[0m[38;2;224;224;236m[48;2;111;107;110m▀[0m[38;2;217;217;231m[48;2;237;236;242m▀[0m[38;2;223;223;236m[48;2;123;107;98m▀[0m[38;2;85;80;70m[48;2;254;254;254m▀[0m[38;2;201;216;26m[48;2;203;208;24m▀[0m[38;2;212;234;65m[48;2;208;230;65m▀[0m[38;2;69;73;28m▄[0m    [38;2;137;132;137m[48;2;66;63;66m▀[0m[38;2;216;216;229m▀[0m[38;2;195;189;198m[48;2;222;222;234m▀[0m[38;2;211;205;215m▀[0m    
    [38;2;245;244;246m▀[0m[38;2;218;217;232m[48;2;102;109;85m▀[0m[38;2;218;217;231m[48;2;183;181;187m▀[0m[38;2;179;188;25m[48;2;252;252;253m▀[0m[38;2;138;147;11m[48;2;232;231;240m▀[0m[38;2;27;14;45m[48;2;138;141;141m▀[0m[38;2;155;164;20m[48;2;172;181;24m▀[0m[38;2;0;0;1m[48;2;143;149;16m▀[0m[38;2;204;209;24m[48;2;220;228;22m▀[0m[38;2;205;210;24m[48;2;212;218;24m▀[0m[38;2;208;231;64m[48;2;213;220;23m▀[0m[38;2;209;231;66m[48;2;217;240;77m▀[0m[38;2;45;48;15m[48;2;100;86;77m▀[0m[38;2;93;80;72m[48;2;100;84;77m▀[0m[38;2;100;85;77m[48;2;98;84;76m▀[0m[38;2;95;80;73m[48;2;102;86;78m▀[0m[38;2;85;72;65m[48;2;105;89;81m▀[0m[38;2;100;86;77m[48;2;107;94;85m▀[0m[38;2;243;243;245m[48;2;175;183;24m▀[0m[38;2;60;56;47m[48;2;12;12;10m▀[0m[38;2;43;21;78m[48;2;203;209;24m▀[0m[38;2;201;206;24m[48;2;69;77;36m▀[0m[38;2;203;208;24m[48;2;58;64;27m▀[0m             
       [38;2;111;119;90m▀[0m[38;2;77;85;61m▀[0m[38;2;111;118;92m[48;2;163;171;22m▀[0m[38;2;131;140;17m[48;2;10;11;4m▀[0m[38;2;192;207;86m[48;2;172;182;24m▀[0m[38;2;14;9;21m[48;2;211;218;25m▀[0m[38;2;203;208;25m[48;2;204;208;23m▀[0m[38;2;207;212;24m[48;2;203;208;24m▀[0m[38;2;26;13;49m▀[0m     [38;2;179;189;24m[48;2;181;190;25m▀[0m[38;2;172;181;24m[48;2;172;181;24m▀[0m[38;2;11;7;15m[48;2;172;181;24m▀[0m[38;2;172;181;24m[48;2;38;36;38m▀[0m[38;2;196;201;23m[48;2;26;26;27m▀[0m[38;2;203;208;24m[48;2;195;189;198m▀[0m[38;2;195;189;198m▄[0m            
         [38;2;172;181;24m[48;2;131;145;25m▀[0m[38;2;245;245;247m[48;2;231;230;241m▀[0m[38;2;172;181;24m[48;2;172;181;24m▀[0m[38;2;160;163;20m[48;2;204;200;212m▀[0m[38;2;216;227;23m[48;2;66;70;33m▀[0m[38;2;210;216;24m[48;2;204;200;213m▀[0m         [38;2;13;13;13m▀[0m[38;2;195;189;198m▀[0m[38;2;217;211;221m▀[0m[38;2;237;237;244m▀[0m[38;2;255;255;255m▀[0m           
          [38;2;248;247;248m[48;2;240;240;240m▀[0m [38;2;204;200;212m[48;2;175;171;181m▀[0m[38;2;89;88;87m▀[0m[38;2;162;158;166m▀[0m[38;2;241;241;245m[48;2;190;187;197m▀[0m                        
                                        
                                        
                                        
                                        
