                                        
                    [38;2;0;0;0m▄[0m[38;2;235;102;145m▄[0m                  
                 [38;2;205;57;106m▄[0m[38;2;205;55;107m▄[0m[38;2;229;70;118m[48;2;212;54;108m▀[0m[38;2;220;80;124m[48;2;208;55;108m▀[0m[38;2;36;16;16m▀[0m                  
                 [38;2;206;56;107m▀[0m[38;2;204;56;106m[48;2;204;56;107m▀[0m[38;2;204;55;106m[48;2;202;55;106m▀[0m[38;2;204;54;106m[48;2;203;55;107m▀[0m[38;2;186;56;94m[48;2;202;55;107m▀[0m[38;2;106;40;50m▄[0m                 
              [38;2;226;102;141m▄[0m[38;2;228;101;141m▄[0m[38;2;203;74;103m[48;2;224;81;126m▀[0m[38;2;217;60;111m[48;2;223;80;125m▀[0m[38;2;204;56;107m[48;2;219;65;114m▀[0m[38;2;203;56;107m[48;2;206;56;108m▀[0m[38;2;202;55;106m[48;2;202;54;105m▀[0m[38;2;202;57;108m[48;2;201;56;106m▀[0m[38;2;207;59;110m▄[0m                 
            [38;2;226;100;139m▄[0m[38;2;229;99;140m[48;2;228;101;141m▀[0m[38;2;230;99;140m[48;2;228;101;140m▀[0m[38;2;230;100;141m[48;2;227;100;140m▀[0m[38;2;227;101;141m[48;2;224;80;125m▀[0m[38;2;223;81;126m[48;2;220;82;122m▀[0m[38;2;220;67;114m[48;2;213;54;109m▀[0m[38;2;204;55;106m[48;2;204;56;107m▀[0m[38;2;204;55;106m[48;2;203;54;105m▀[0m[38;2;204;55;106m[48;2;208;55;107m▀[0m[38;2;208;56;108m[48;2;211;54;108m▀[0m[38;2;208;57;108m[48;2;212;54;109m▀[0m[38;2;210;56;106m▄[0m               
          [38;2;7;7;4m[48;2;243;221;160m▀[0m[38;2;255;234;173m[48;2;244;219;161m▀[0m[38;2;234;99;141m[48;2;132;124;100m▀[0m[38;2;223;101;140m[48;2;211;71;114m▀[0m[38;2;225;101;140m[48;2;213;81;121m▀[0m[38;2;219;81;124m[48;2;197;55;97m▀[0m[38;2;221;85;124m[48;2;242;220;160m▀[0m[38;2;134;120;91m[48;2;204;56;105m▀[0m[38;2;202;55;106m[48;2;212;194;143m▀[0m[38;2;205;57;106m[48;2;244;220;160m▀[0m[38;2;204;56;105m[48;2;242;218;160m▀[0m[38;2;204;56;107m[48;2;202;56;105m▀[0m[38;2;213;54;109m[48;2;201;55;105m▀[0m[38;2;212;55;110m[48;2;204;55;107m▀[0m[38;2;213;54;108m[48;2;210;54;107m▀[0m[38;2;246;226;165m▄[0m[38;2;244;220;161m▄[0m             
         [38;2;236;213;157m[48;2;198;178;134m▀[0m[38;2;19;18;13m[48;2;173;161;118m▀[0m[38;2;244;221;161m[48;2;251;239;173m▀[0m[38;2;243;219;160m[48;2;247;223;162m▀[0m[38;2;203;56;106m[48;2;247;222;162m▀[0m[38;2;216;60;114m[48;2;247;223;162m▀[0m[38;2;244;220;161m[48;2;248;223;162m▀[0m[38;2;246;223;161m[48;2;248;224;162m▀[0m[38;2;247;223;162m[48;2;211;196;143m▀[0m[38;2;247;223;162m[48;2;247;223;162m▀[0m[38;2;247;223;162m[48;2;234;108;103m▀[0m[38;2;244;220;160m[48;2;240;111;107m▀[0m[38;2;243;219;160m[48;2;240;219;160m▀[0m[38;2;202;55;106m[48;2;147;137;103m▀[0m[38;2;201;55;104m[48;2;65;55;42m▀[0m[38;2;241;218;159m[48;2;241;219;160m▀[0m[38;2;240;218;159m[48;2;160;69;72m▀[0m[38;2;238;217;160m[48;2;181;165;129m▀[0m[38;2;0;0;0m[48;2;0;0;0m▀[0m            
         [38;2;192;172;131m▀[0m[38;2;226;212;156m[48;2;14;14;11m▀[0m[38;2;234;101;99m[48;2;203;199;200m▀[0m[38;2;247;223;162m[48;2;129;117;85m▀[0m[38;2;247;223;162m[48;2;247;223;162m▀[0m[38;2;247;223;162m[48;2;247;224;162m▀[0m[38;2;248;224;162m[48;2;248;223;162m▀[0m[38;2;248;224;162m[48;2;247;223;162m▀[0m[38;2;248;224;162m[48;2;247;223;162m▀[0m[38;2;233;95;94m[48;2;240;239;239m▀[0m[38;2;86;58;57m[48;2;241;238;238m▀[0m[38;2;235;107;103m[48;2;19;5;5m▀[0m[38;2;228;212;155m[48;2;27;28;21m▀[0m[38;2;240;218;159m[48;2;123;112;84m▀[0m[38;2;239;216;159m[48;2;231;213;156m▀[0m[38;2;159;67;69m[48;2;181;73;73m▀[0m[38;2;161;68;69m[48;2;223;84;84m▀[0m[38;2;186;168;129m[48;2;186;167;127m▀[0m             
          [38;2;182;169;133m[48;2;35;32;28m▀[0m[38;2;245;242;242m[48;2;254;255;255m▀[0m[38;2;255;255;255m[48;2;17;14;12m▀[0m[38;2;247;223;162m[48;2;247;225;162m▀[0m[38;2;247;223;162m[48;2;248;224;162m▀[0m[38;2;248;225;162m[48;2;248;224;162m▀[0m[38;2;244;220;161m[48;2;248;223;162m▀[0m[38;2;249;225;164m[48;2;252;229;166m▀[0m[38;2;241;238;238m[48;2;245;243;242m▀[0m[38;2;205;207;210m[48;2;42;37;34m▀[0m[38;2;15;15;15m[48;2;67;58;55m▀[0m[38;2;238;224;163m[48;2;244;222;161m▀[0m[38;2;243;219;160m[48;2;244;220;160m▀[0m[38;2;193;76;76m[48;2;228;84;84m▀[0m[38;2;226;84;84m[48;2;137;53;52m▀[0m[38;2;201;180;138m[48;2;189;169;129m▀[0m[38;2;189;170;128m▀[0m             
           [38;2;85;86;87m▀[0m[38;2;57;50;48m[48;2;207;205;206m▀[0m[38;2;247;223;162m[48;2;249;225;163m▀[0m[38;2;248;223;162m[48;2;247;223;162m▀[0m[38;2;247;223;162m[48;2;244;221;160m▀[0m[38;2;247;223;162m[48;2;243;219;160m▀[0m[38;2;248;224;163m[48;2;243;219;160m▀[0m[38;2;241;239;238m[48;2;240;238;237m▀[0m[38;2;70;61;58m[48;2;73;73;73m▀[0m[38;2;12;15;13m[48;2;246;224;164m▀[0m[38;2;244;220;161m[48;2;243;220;160m▀[0m[38;2;244;220;161m[48;2;202;182;136m▀[0m[38;2;213;203;148m[48;2;118;107;82m▀[0m[38;2;192;171;130m▀[0m  [38;2;229;113;101m▄[0m[38;2;244;111;64m[48;2;244;119;70m▀[0m           
            [38;2;237;214;157m▀[0m[38;2;244;221;161m[48;2;35;31;23m▀[0m[38;2;245;225;174m[48;2;241;218;159m▀[0m[38;2;246;226;174m[48;2;248;224;162m▀[0m[38;2;244;222;161m[48;2;248;223;162m▀[0m[38;2;247;223;162m[48;2;238;215;157m▀[0m[38;2;247;223;162m[48;2;216;193;145m▀[0m[38;2;242;218;159m[48;2;56;34;30m▀[0m[38;2;209;188;141m[48;2;146;54;82m▀[0m[38;2;47;43;32m[48;2;147;53;84m▀[0m[38;2;157;55;91m▄[0m[38;2;207;56;106m▄[0m[38;2;209;54;107m▄[0m[38;2;203;57;106m▄[0m[38;2;222;115;122m▀[0m[38;2;244;121;72m[48;2;242;105;62m▀[0m[38;2;243;111;66m[48;2;243;113;66m▀[0m[38;2;249;248;113m[48;2;255;231;100m▀[0m          
                [38;2;62;56;43m▀[0m [38;2;146;55;82m[48;2;170;57;98m▀[0m[38;2;136;51;74m[48;2;180;166;129m▀[0m[38;2;138;55;77m[48;2;191;171;130m▀[0m[38;2;150;55;87m[48;2;196;59;107m▀[0m[38;2;109;39;51m▄[0m [38;2;232;107;88m[48;2;243;114;67m▀[0m[38;2;210;56;107m[48;2;41;27;16m▀[0m[38;2;146;53;63m[48;2;204;57;104m▀[0m[38;2;242;238;120m[48;2;250;235;109m▀[0m[38;2;244;121;72m[48;2;244;119;71m▀[0m[38;2;238;113;81m▄[0m[38;2;221;114;124m▄[0m         
                 [38;2;14;8;4m[48;2;232;55;115m▀[0m[38;2;217;55;105m[48;2;0;0;0m▀[0m[38;2;243;220;160m[48;2;254;242;176m▀[0m[38;2;244;220;161m[48;2;240;219;159m▀[0m[38;2;248;223;163m[48;2;241;219;160m▀[0m[38;2;202;55;107m[48;2;204;57;106m▀[0m[38;2;224;58;116m[48;2;212;55;109m▀[0m[38;2;245;123;74m[48;2;214;54;108m▀[0m[38;2;250;238;115m[48;2;221;56;112m▀[0m[38;2;214;54;108m[48;2;218;196;146m▀[0m[38;2;56;52;34m[48;2;191;171;130m▀[0m[38;2;178;172;82m[48;2;188;169;129m▀[0m[38;2;255;223;95m[48;2;255;227;96m▀[0m          
                 [38;2;219;54;108m[48;2;217;54;108m▀[0m [38;2;103;95;69m[48;2;46;18;11m▀[0m[38;2;244;220;160m[48;2;242;219;160m▀[0m[38;2;247;223;162m[48;2;242;219;160m▀[0m[38;2;248;233;170m[48;2;240;218;159m▀[0m[38;2;202;56;105m[48;2;239;216;158m▀[0m[38;2;211;55;108m[48;2;210;209;163m▀[0m[38;2;212;54;108m[48;2;210;55;108m▀[0m[38;2;211;56;107m[48;2;211;55;109m▀[0m[38;2;204;184;139m[48;2;211;55;108m▀[0m[38;2;206;185;141m[48;2;189;170;129m▀[0m[38;2;111;100;81m[48;2;243;102;56m▀[0m          
                [38;2;193;57;93m[48;2;202;56;106m▀[0m[38;2;204;56;102m▀[0m[38;2;158;51;75m[48;2;205;56;106m▀[0m[38;2;205;55;107m[48;2;204;56;107m▀[0m[38;2;239;217;159m[48;2;199;54;105m▀[0m[38;2;240;219;159m[48;2;216;197;146m▀[0m[38;2;243;220;161m[48;2;221;201;149m▀[0m[38;2;244;220;160m[48;2;199;179;136m▀[0m[38;2;95;28;41m[48;2;212;58;111m▀[0m[38;2;204;55;107m[48;2;212;80;121m▀[0m[38;2;204;56;107m[48;2;203;56;108m▀[0m[38;2;203;58;107m[48;2;202;56;105m▀[0m            
               [38;2;23;20;16m[48;2;246;225;174m▀[0m[38;2;249;223;167m[48;2;245;225;174m▀[0m[38;2;243;219;160m▄[0m[38;2;189;57;105m[48;2;253;240;196m▀[0m[38;2;188;57;105m[48;2;142;54;82m▀[0m[38;2;148;53;86m[48;2;146;54;84m▀[0m[38;2;80;35;42m▀[0m  [38;2;127;44;59m▀[0m[38;2;217;95;133m[48;2;185;58;104m▀[0m[38;2;208;63;108m[48;2;180;57;103m▀[0m[38;2;203;56;106m[48;2;168;58;98m▀[0m            
             [38;2;244;220;165m▄[0m[38;2;81;75;60m[48;2;245;225;173m▀[0m[38;2;248;227;175m[48;2;249;229;176m▀[0m[38;2;248;229;176m[48;2;248;225;164m▀[0m[38;2;165;155;114m▄[0m[38;2;248;227;166m▄[0m[38;2;172;164;136m[48;2;255;230;168m▀[0m[38;2;164;157;131m[48;2;163;156;130m▀[0m[38;2;163;156;130m[48;2;162;154;127m▀[0m    [38;2;165;58;96m[48;2;38;35;27m▀[0m[38;2;166;57;97m[48;2;196;176;132m▀[0m[38;2;192;172;131m▄[0m           
             [38;2;22;19;14m▀[0m[38;2;244;227;165m▀[0m[38;2;233;222;163m▀[0m[38;2;3;1;3m▀[0m [38;2;7;8;5m▀[0m[38;2;249;225;163m▀[0m     [38;2;247;224;162m[48;2;214;210;154m▀[0m[38;2;238;214;158m[48;2;243;219;160m▀[0m[38;2;218;196;146m[48;2;249;225;164m▀[0m[38;2;193;175;131m[48;2;243;219;159m▀[0m           
                                        
