                                        
                                        
                   [38;2;31;18;13m▄[0m            [38;2;212;171;126m▄[0m       
            [38;2;135;73;57m▄[0m[38;2;226;114;85m▄[0m[38;2;226;115;85m▄[0m [38;2;227;115;86m▄[0m[38;2;218;112;85m[48;2;228;115;85m▀[0m[38;2;225;114;85m[48;2;215;111;85m▀[0m[38;2;240;193;120m▄[0m[38;2;214;110;85m[48;2;238;186;123m▀[0m[38;2;229;109;43m[48;2;228;102;60m▀[0m[38;2;228;103;59m▄[0m[38;2;230;108;49m▄[0m[38;2;165;80;38m▄[0m[38;2;106;60;48m▄[0m[38;2;229;115;87m▄[0m[38;2;229;116;87m[48;2;247;199;122m▀[0m[38;2;247;208;130m[48;2;224;104;66m▀[0m[38;2;247;208;130m[48;2;154;125;86m▀[0m[38;2;247;208;130m▀[0m         
           [38;2;224;106;57m[48;2;228;99;65m▀[0m[38;2;229;116;86m[48;2;228;102;60m▀[0m[38;2;229;107;54m[48;2;245;203;122m▀[0m[38;2;230;109;47m[48;2;237;167;91m▀[0m[38;2;230;108;49m[48;2;226;115;55m▀[0m[38;2;228;117;89m[48;2;226;105;49m▀[0m[38;2;229;115;88m[48;2;238;191;120m▀[0m[38;2;247;208;130m[48;2;225;123;64m▀[0m[38;2;247;208;130m[48;2;247;203;127m▀[0m[38;2;248;205;128m[48;2;223;111;87m▀[0m[38;2;247;208;130m[48;2;223;113;85m▀[0m[38;2;246;203;127m[48;2;223;112;85m▀[0m[38;2;246;203;127m[48;2;223;113;84m▀[0m[38;2;226;114;85m[48;2;224;98;59m▀[0m[38;2;225;102;51m[48;2;229;108;47m▀[0m[38;2;224;113;85m[48;2;229;100;61m▀[0m[38;2;225;105;69m[48;2;230;98;62m▀[0m[38;2;117;60;42m▀[0m           
        [38;2;224;111;146m▄[0m [38;2;229;116;87m▄[0m[38;2;225;113;86m[48;2;229;116;86m▀[0m[38;2;247;203;128m[48;2;247;208;130m▀[0m[38;2;247;207;129m[48;2;246;207;129m▀[0m[38;2;245;205;128m[48;2;246;203;127m▀[0m[38;2;230;156;103m[48;2;248;206;129m▀[0m[38;2;225;113;85m[48;2;245;245;245m▀[0m[38;2;226;114;85m[48;2;253;215;134m▀[0m[38;2;247;198;118m[48;2;248;203;128m▀[0m[38;2;252;210;131m[48;2;220;84;121m▀[0m[38;2;226;113;146m[48;2;219;81;121m▀[0m[38;2;231;117;86m[48;2;54;30;24m▀[0m  [38;2;230;110;46m▀[0m[38;2;229;111;81m[48;2;217;110;83m▀[0m[38;2;228;105;57m▀[0m             
        [38;2;226;81;123m[48;2;225;80;122m▀[0m[38;2;189;77;94m[48;2;87;55;101m▀[0m[38;2;230;108;42m[48;2;254;250;243m▀[0m[38;2;229;116;86m[48;2;253;252;253m▀[0m[38;2;247;208;130m[48;2;251;207;128m▀[0m[38;2;252;252;252m[48;2;255;255;250m▀[0m[38;2;253;211;131m[48;2;255;255;253m▀[0m[38;2;255;255;254m[48;2;255;255;255m▀[0m[38;2;255;255;252m[48;2;255;255;255m▀[0m[38;2;136;128;130m[48;2;255;255;255m▀[0m[38;2;219;80;119m[48;2;106;70;125m▀[0m[38;2;123;80;144m[48;2;141;90;164m▀[0m[38;2;219;79;121m[48;2;60;32;29m▀[0m            [38;2;66;36;32m▄[0m[38;2;202;76;111m▄[0m[38;2;203;82;117m▄[0m[38;2;202;81;114m▄[0m   
         [38;2;97;64;114m[48;2;131;56;67m▀[0m[38;2;77;58;58m[48;2;235;131;121m▀[0m[38;2;255;255;252m[48;2;255;253;251m▀[0m[38;2;255;251;246m[48;2;251;246;241m▀[0m[38;2;255;250;246m[48;2;231;119;100m▀[0m[38;2;234;114;98m[48;2;227;106;93m▀[0m[38;2;232;109;96m[48;2;227;100;90m▀[0m[38;2;227;100;89m[48;2;228;101;90m▀[0m[38;2;98;36;44m[48;2;248;244;239m▀[0m[38;2;106;73;128m[48;2;172;63;87m▀[0m[38;2;168;61;84m[48;2;236;215;146m▀[0m[38;2;235;214;145m[48;2;235;215;145m▀[0m[38;2;240;225;172m[48;2;248;229;159m▀[0m[38;2;239;220;149m[48;2;177;164;111m▀[0m[38;2;236;216;145m▄[0m       [38;2;131;52;69m▄[0m[38;2;205;76;112m[48;2;183;71;102m▀[0m[38;2;206;77;115m[48;2;176;74;99m▀[0m[38;2;200;75;110m▀[0m[38;2;200;75;109m▀[0m[38;2;201;76;110m▀[0m   
          [38;2;202;91;82m[48;2;211;203;200m▀[0m[38;2;224;100;90m[48;2;20;14;23m▀[0m[38;2;241;125;106m[48;2;225;100;89m▀[0m[38;2;227;100;90m[48;2;209;78;111m▀[0m[38;2;191;177;195m[48;2;217;78;117m▀[0m[38;2;102;67;52m[48;2;214;76;116m▀[0m[38;2;204;196;195m[48;2;151;148;148m▀[0m[38;2;191;185;183m[48;2;193;187;184m▀[0m[38;2;166;147;161m[48;2;165;145;157m▀[0m[38;2;200;183;127m[48;2;159;135;150m▀[0m[38;2;235;216;145m[48;2;212;193;134m▀[0m[38;2;235;215;145m[48;2;236;216;146m▀[0m[38;2;233;213;145m[48;2;146;134;92m▀[0m[38;2;232;213;144m[48;2;233;213;144m▀[0m[38;2;159;146;99m[48;2;246;227;154m▀[0m[38;2;219;79;122m▄[0m  [38;2;149;88;89m▄[0m[38;2;10;7;5m▄[0m[38;2;133;52;70m[48;2;133;53;72m▀[0m[38;2;133;52;71m▀[0m        
         [38;2;68;33;37m[48;2;169;71;98m▀[0m[38;2;133;54;70m[48;2;132;52;69m▀[0m[38;2;217;83;122m[48;2;145;57;74m▀[0m[38;2;217;80;119m[48;2;221;93;129m▀[0m[38;2;218;91;131m[48;2;224;93;133m▀[0m[38;2;219;82;123m[48;2;216;78;118m▀[0m[38;2;214;77;116m[48;2;110;44;57m▀[0m[38;2;169;150;166m[48;2;167;135;156m▀[0m[38;2;168;148;167m[48;2;173;144;166m▀[0m[38;2;167;147;161m[48;2;94;94;82m▀[0m[38;2;157;149;102m[48;2;181;166;115m▀[0m[38;2;183;181;183m[48;2;234;216;146m▀[0m[38;2;194;177;123m[48;2;251;250;248m▀[0m[38;2;201;183;127m▀[0m[38;2;133;122;80m▀[0m[38;2;219;78;121m▀[0m[38;2;219;78;119m[48;2;219;79;118m▀[0m[38;2;219;78;119m[48;2;219;79;121m▀[0m[38;2;226;81;121m[48;2;218;78;121m▀[0m[38;2;0;0;0m[48;2;219;78;120m▀[0m[38;2;136;60;62m[48;2;219;77;120m▀[0m          
     [38;2;236;234;185m▄[0m[38;2;4;4;4m▄[0m[38;2;219;77;116m[48;2;219;78;120m▀[0m[38;2;190;76;109m[48;2;208;77;114m▀[0m[38;2;170;70;96m▀[0m[38;2;132;53;70m▀[0m    [38;2;231;217;147m▀[0m[38;2;209;195;135m[48;2;10;8;7m▀[0m[38;2;205;202;210m[48;2;233;231;233m▀[0m[38;2;255;255;255m[48;2;247;244;240m▀[0m[38;2;213;195;132m[48;2;84;75;71m▀[0m[38;2;239;220;149m[48;2;236;216;145m▀[0m[38;2;239;220;149m[48;2;228;224;226m▀[0m[38;2;200;194;191m▄[0m[38;2;210;206;205m▄[0m[38;2;203;201;199m▄[0m  [38;2;56;29;29m▀[0m[38;2;215;77;117m[48;2;45;25;25m▀[0m[38;2;221;93;125m[48;2;218;78;121m▀[0m[38;2;217;78;118m[48;2;206;195;142m▀[0m[38;2;217;81;114m▄[0m        
    [38;2;250;246;213m[48;2;239;219;148m▀[0m[38;2;41;38;26m[48;2;229;94;127m▀[0m[38;2;223;88;124m[48;2;218;78;120m▀[0m[38;2;219;79;122m[48;2;221;80;121m▀[0m        [38;2;221;78;120m▄[0m[38;2;201;196;193m[48;2;203;205;203m▀[0m[38;2;243;239;236m[48;2;248;243;240m▀[0m[38;2;243;241;238m[48;2;247;242;239m▀[0m[38;2;246;244;241m[48;2;247;242;238m▀[0m[38;2;247;243;240m[48;2;247;242;239m▀[0m[38;2;248;244;240m[48;2;252;248;243m▀[0m[38;2;192;185;183m[48;2;205;198;195m▀[0m[38;2;41;41;39m[48;2;35;32;21m▀[0m[38;2;132;121;83m▄[0m[38;2;133;53;71m▄[0m[38;2;130;52;69m▀[0m [38;2;219;80;117m▀[0m[38;2;213;77;115m[48;2;219;78;119m▀[0m[38;2;233;213;146m[48;2;245;223;150m▀[0m[38;2;170;70;80m[48;2;239;219;148m▀[0m[38;2;210;194;131m▄[0m      
  [38;2;217;202;142m▄[0m[38;2;239;219;148m[48;2;242;222;155m▀[0m[38;2;238;218;147m[48;2;238;218;148m▀[0m[38;2;216;78;117m[48;2;218;78;121m▀[0m[38;2;215;77;117m[48;2;211;78;113m▀[0m     [38;2;70;60;42m▄[0m[38;2;219;79;122m▄[0m[38;2;223;78;120m[48;2;219;79;122m▀[0m[38;2;219;84;124m[48;2;219;78;119m▀[0m[38;2;219;78;120m[48;2;214;77;117m▀[0m[38;2;219;78;120m[48;2;171;60;89m▀[0m[38;2;255;255;255m[48;2;170;59;87m▀[0m[38;2;192;68;101m[48;2;170;60;88m▀[0m[38;2;251;246;240m[48;2;169;61;86m▀[0m[38;2;112;42;53m[48;2;220;78;120m▀[0m[38;2;141;142;142m[48;2;219;78;120m▀[0m[38;2;217;79;118m[48;2;224;81;123m▀[0m[38;2;238;218;147m[48;2;241;226;168m▀[0m[38;2;239;220;149m[48;2;250;243;197m▀[0m[38;2;239;221;149m[48;2;245;230;155m▀[0m[38;2;239;221;149m▄[0m   [38;2;214;197;132m[48;2;241;219;149m▀[0m[38;2;241;225;164m[48;2;234;227;196m▀[0m[38;2;75;71;48m[48;2;239;220;148m▀[0m[38;2;239;220;149m[48;2;244;226;153m▀[0m[38;2;180;164;113m▄[0m    
  [38;2;250;242;203m[48;2;238;220;150m▀[0m[38;2;230;211;145m[48;2;230;212;143m▀[0m[38;2;239;219;149m[48;2;160;152;101m▀[0m[38;2;219;78;120m[48;2;172;62;90m▀[0m     [38;2;239;219;147m[48;2;238;218;147m▀[0m[38;2;237;218;147m[48;2;214;195;135m▀[0m[38;2;215;77;118m[48;2;175;62;90m▀[0m[38;2;193;70;104m[48;2;180;63;93m▀[0m[38;2;172;62;93m[48;2;177;150;170m▀[0m[38;2;172;61;90m[48;2;45;41;46m▀[0m[38;2;175;61;90m[48;2;49;44;49m▀[0m[38;2;53;29;27m▀[0m[38;2;2;2;2m▀[0m[38;2;89;42;42m▀[0m[38;2;170;64;91m▀[0m[38;2;172;61;90m▀[0m[38;2;172;62;90m[48;2;83;44;40m▀[0m[38;2;240;221;149m[48;2;157;151;153m▀[0m[38;2;250;235;171m[48;2;161;146;98m▀[0m[38;2;239;220;149m[48;2;196;178;123m▀[0m[38;2;197;181;125m[48;2;165;163;163m▀[0m[38;2;203;201;199m▄[0m  [38;2;102;94;65m▀[0m[38;2;240;222;154m[48;2;64;35;32m▀[0m[38;2;239;220;149m[48;2;190;172;119m▀[0m[38;2;239;221;149m[48;2;157;142;97m▀[0m[38;2;21;18;14m[48;2;87;60;101m▀[0m[38;2;24;17;29m[48;2;54;37;63m▀[0m[38;2;92;65;107m▄[0m  
  [38;2;46;33;55m▀[0m[38;2;68;44;75m[48;2;92;64;107m▀[0m[38;2;39;27;47m[48;2;103;71;119m▀[0m[38;2;95;65;110m[48;2;93;64;109m▀[0m     [38;2;7;7;5m▀[0m[38;2;107;102;70m▀[0m[38;2;178;165;174m▀[0m[38;2;170;148;164m[48;2;175;153;169m▀[0m[38;2;173;146;164m[48;2;169;148;163m▀[0m[38;2;173;146;164m[48;2;167;148;160m▀[0m[38;2;174;146;164m[48;2;165;147;159m▀[0m       [38;2;207;203;201m▀[0m[38;2;191;188;186m[48;2;190;187;185m▀[0m[38;2;192;188;187m[48;2;193;186;183m▀[0m[38;2;97;95;95m[48;2;194;188;185m▀[0m[38;2;194;187;185m▄[0m [38;2;96;66;111m[48;2;100;69;117m▀[0m[38;2;78;55;91m▀[0m [38;2;94;65;110m[48;2;94;64;110m▀[0m[38;2;93;64;109m▀[0m[38;2;82;57;96m[48;2;94;64;110m▀[0m[38;2;76;53;89m[48;2;51;37;60m▀[0m  
           [38;2;92;63;107m▄[0m[38;2;4;3;4m[48;2;92;64;108m▀[0m[38;2;52;34;59m[48;2;84;58;98m▀[0m[38;2;60;52;65m[48;2;94;64;110m▀[0m[38;2;82;75;82m[48;2;68;48;79m▀[0m[38;2;165;147;160m[48;2;98;71;116m▀[0m[38;2;167;148;162m[48;2;56;39;65m▀[0m         [38;2;193;189;188m[48;2;192;185;183m▀[0m[38;2;196;192;189m[48;2;194;187;185m▀[0m[38;2;193;189;186m[48;2;193;186;185m▀[0m[38;2;201;197;194m[48;2;192;185;184m▀[0m[38;2;193;188;185m▄[0m   [38;2;93;64;109m▀[0m    
                          [38;2;68;47;80m▄[0m[38;2;190;184;181m[48;2;82;58;97m▀[0m[38;2;192;186;184m[48;2;91;62;106m▀[0m[38;2;193;187;185m[48;2;74;53;86m▀[0m[38;2;190;184;181m[48;2;27;18;32m▀[0m[38;2;190;184;181m[48;2;92;62;107m▀[0m[38;2;70;68;67m▀[0m       
                         [38;2;92;63;107m▀[0m[38;2;92;64;107m▀[0m[38;2;53;37;63m▀[0m[38;2;94;65;110m▀[0m[38;2;98;67;115m▀[0m[38;2;94;64;110m▀[0m[38;2;91;63;107m▀[0m        
                                        
                                        
