                                        
                      [38;2;137;120;82m[48;2;243;207;139m▀[0m                 
                    [38;2;155;134;92m▄[0m[38;2;247;207;139m[48;2;126;105;73m▀[0m[38;2;235;197;132m[48;2;236;198;131m▀[0m  [38;2;166;136;87m▄[0m              
                    [38;2;241;201;133m▀[0m[38;2;158;133;88m[48;2;239;200;134m▀[0m  [38;2;226;172;94m[48;2;175;134;73m▀[0m               
                   [38;2;83;131;189m▄[0m[38;2;142;186;232m▄[0m[38;2;241;203;134m[48;2;238;200;133m▀[0m[38;2;38;42;44m[48;2;50;57;60m▀[0m[38;2;47;54;58m[48;2;60;69;80m▀[0m[38;2;182;137;77m[48;2;182;139;77m▀[0m [38;2;84;113;142m▄[0m             
                   [38;2;81;124;177m[48;2;79;122;177m▀[0m[38;2;113;160;213m[48;2;19;15;7m▀[0m[38;2;226;183;115m[48;2;132;97;48m▀[0m[38;2;136;180;224m[48;2;23;24;28m▀[0m[38;2;98;77;48m[48;2;182;138;77m▀[0m[38;2;67;54;31m[48;2;78;124;178m▀[0m[38;2;100;154;214m[48;2;79;124;179m▀[0m[38;2;39;62;88m▀[0m             
                   [38;2;129;175;222m[48;2;49;51;48m▀[0m[38;2;14;8;6m[48;2;65;101;150m▀[0m[38;2;232;175;96m[48;2;36;55;83m▀[0m[38;2;190;143;80m[48;2;80;124;180m▀[0m[38;2;80;126;181m[48;2;65;72;75m▀[0m[38;2;80;125;179m[48;2;60;65;69m▀[0m[38;2;39;60;84m[48;2;46;52;57m▀[0m              
                [38;2;99;105;109m▄[0m[38;2;72;76;78m▄[0m[38;2;16;17;17m[48;2;31;34;35m▀[0m[38;2;65;72;75m[48;2;239;239;236m▀[0m[38;2;81;125;178m[48;2;80;125;180m▀[0m[38;2;79;122;175m[48;2;211;209;205m▀[0m[38;2;65;72;75m[48;2;67;74;78m▀[0m[38;2;66;73;76m[48;2;65;71;75m▀[0m[38;2;66;73;77m[48;2;65;71;75m▀[0m[38;2;61;67;71m[48;2;65;71;75m▀[0m[38;2;86;73;40m[48;2;29;32;33m▀[0m             
           [38;2;49;61;74m[48;2;103;155;211m▀[0m[38;2;5;8;8m[48;2;83;124;168m▀[0m[38;2;102;155;210m▄[0m[38;2;29;29;31m[48;2;38;41;43m▀[0m[38;2;58;62;65m[48;2;37;41;43m▀[0m[38;2;38;41;43m[48;2;38;41;43m▀[0m[38;2;38;41;43m[48;2;38;42;44m▀[0m[38;2;65;72;75m[48;2;65;71;74m▀[0m[38;2;122;121;120m[48;2;236;236;234m▀[0m[38;2;83;128;185m[48;2;43;49;57m▀[0m[38;2;239;239;236m[48;2;237;237;235m▀[0m[38;2;65;71;75m[48;2;65;71;75m▀[0m[38;2;65;71;75m[48;2;62;68;72m▀[0m[38;2;67;73;76m[48;2;58;64;69m▀[0m[38;2;57;62;67m[48;2;56;62;66m▀[0m[38;2;54;60;64m[48;2;54;61;64m▀[0m[38;2;4;7;5m[48;2;48;55;59m▀[0m            
          [38;2;103;155;211m[48;2;100;152;209m▀[0m[38;2;104;157;212m[48;2;80;124;177m▀[0m[38;2;95;144;203m[48;2;80;124;179m▀[0m[38;2;81;124;177m[48;2;76;118;170m▀[0m[38;2;38;41;43m[48;2;38;42;43m▀[0m[38;2;38;41;43m[48;2;38;41;43m▀[0m[38;2;38;41;43m[48;2;38;41;43m▀[0m[38;2;47;53;58m[48;2;47;54;58m▀[0m[38;2;59;59;59m[48;2;243;246;244m▀[0m[38;2;247;247;244m[48;2;77;79;80m▀[0m[38;2;252;251;251m[48;2;242;242;238m▀[0m[38;2;243;245;244m[48;2;241;242;238m▀[0m[38;2;183;183;182m[48;2;243;242;239m▀[0m[38;2;61;67;72m[48;2;47;54;57m▀[0m[38;2;31;36;37m[48;2;33;37;40m▀[0m[38;2;51;56;60m[48;2;48;54;58m▀[0m[38;2;50;56;60m[48;2;47;53;58m▀[0m[38;2;47;53;58m[48;2;48;54;58m▀[0m[38;2;47;53;58m[48;2;50;57;61m▀[0m           
        [38;2;92;139;186m▄[0m[38;2;99;148;206m[48;2;60;94;136m▀[0m[38;2;11;10;9m[48;2;38;42;43m▀[0m[38;2;38;42;44m[48;2;38;41;43m▀[0m[38;2;38;42;43m[48;2;38;43;44m▀[0m[38;2;38;43;43m[48;2;38;42;43m▀[0m[38;2;38;43;44m[48;2;38;42;44m▀[0m[38;2;38;43;44m[48;2;39;42;44m▀[0m[38;2;26;31;32m[48;2;29;34;37m▀[0m[38;2;246;246;242m[48;2;243;245;244m▀[0m[38;2;242;242;238m[48;2;243;242;239m▀[0m[38;2;95;147;204m[48;2;81;124;177m▀[0m[38;2;243;246;243m[48;2;239;238;237m▀[0m[38;2;243;245;244m[48;2;238;238;236m▀[0m[38;2;243;243;239m[48;2;238;238;235m▀[0m[38;2;200;199;196m[48;2;236;236;234m▀[0m[38;2;47;53;57m[48;2;47;53;57m▀[0m[38;2;47;53;57m[48;2;47;53;56m▀[0m[38;2;48;53;57m[48;2;47;53;57m▀[0m[38;2;47;53;58m[48;2;47;53;58m▀[0m[38;2;53;59;64m[48;2;54;60;63m▀[0m[38;2;63;69;73m[48;2;63;68;73m▀[0m[38;2;27;28;29m▄[0m         
       [38;2;81;127;183m▄[0m[38;2;80;125;179m[48;2;38;42;43m▀[0m[38;2;38;42;44m[48;2;15;17;17m▀[0m[38;2;38;42;44m[48;2;38;41;43m▀[0m[38;2;39;42;44m[48;2;38;41;43m▀[0m[38;2;39;42;44m[48;2;37;41;43m▀[0m[38;2;38;42;43m[48;2;38;41;43m▀[0m[38;2;38;42;44m[48;2;38;41;43m▀[0m[38;2;38;41;43m[48;2;21;24;25m▀[0m[38;2;143;143;142m[48;2;162;161;160m▀[0m[38;2;237;237;235m[48;2;238;237;234m▀[0m[38;2;243;242;237m[48;2;57;85;124m▀[0m[38;2;81;123;176m[48;2;86;134;192m▀[0m[38;2;236;236;234m[48;2;238;237;236m▀[0m[38;2;238;238;236m[48;2;231;231;226m▀[0m[38;2;237;237;235m[48;2;239;238;235m▀[0m[38;2;239;239;237m[48;2;22;28;31m▀[0m[38;2;242;240;238m[48;2;44;51;54m▀[0m[38;2;48;55;59m[48;2;119;168;217m▀[0m[38;2;46;53;57m[48;2;18;21;21m▀[0m[38;2;46;53;57m[48;2;47;53;58m▀[0m[38;2;47;54;58m[48;2;47;53;58m▀[0m[38;2;59;64;68m[48;2;52;59;63m▀[0m[38;2;63;68;73m[48;2;63;69;73m▀[0m[38;2;103;155;210m[48;2;35;50;67m▀[0m[38;2;57;85;127m[48;2;81;128;184m▀[0m[38;2;11;14;16m[48;2;65;100;150m▀[0m      
      [38;2;82;129;188m▄[0m[38;2;82;127;182m[48;2;38;41;43m▀[0m[38;2;26;30;32m[48;2;150;128;75m▀[0m[38;2;66;57;33m[48;2;38;41;44m▀[0m[38;2;38;41;43m[48;2;38;43;43m▀[0m[38;2;38;41;43m[48;2;38;42;43m▀[0m[38;2;38;41;43m[48;2;38;43;43m▀[0m[38;2;37;41;43m[48;2;65;99;150m▀[0m[38;2;66;99;148m[48;2;69;105;157m▀[0m[38;2;47;53;56m[48;2;42;48;51m▀[0m[38;2;45;51;55m[48;2;48;53;58m▀[0m[38;2;25;28;30m[48;2;66;99;149m▀[0m[38;2;71;109;160m[48;2;71;108;158m▀[0m[38;2;73;118;174m[48;2;67;106;158m▀[0m[38;2;239;239;237m[48;2;52;59;64m▀[0m[38;2;234;233;229m[48;2;245;245;241m▀[0m[38;2;46;53;57m[48;2;181;180;178m▀[0m[38;2;46;52;56m[48;2;47;54;57m▀[0m[38;2;47;54;58m[48;2;51;57;63m▀[0m[38;2;121;169;218m[48;2;111;161;210m▀[0m[38;2;110;162;214m[48;2;82;130;187m▀[0m[38;2;40;44;47m[48;2;73;114;164m▀[0m[38;2;47;53;58m[48;2;47;53;58m▀[0m[38;2;47;53;58m[48;2;47;53;57m▀[0m[38;2;52;58;62m[48;2;47;53;58m▀[0m[38;2;48;54;59m[48;2;47;53;58m▀[0m[38;2;83;128;183m[48;2;64;101;145m▀[0m       
     [38;2;4;6;7m▄[0m[38;2;80;125;181m[48;2;84;132;190m▀[0m[38;2;38;42;43m[48;2;80;123;178m▀[0m[38;2;39;43;44m[48;2;84;131;190m▀[0m[38;2;39;42;45m▀[0m[38;2;39;43;45m▀[0m[38;2;85;132;191m▀[0m   [38;2;34;38;41m[48;2;32;35;39m▀[0m[38;2;46;52;56m[48;2;38;42;44m▀[0m[38;2;65;99;147m[48;2;39;41;44m▀[0m[38;2;65;101;151m[48;2;66;102;153m▀[0m[38;2;72;111;163m[48;2;66;99;149m▀[0m[38;2;213;212;211m[48;2;38;41;43m▀[0m[38;2;34;40;43m[48;2;46;52;55m▀[0m[38;2;47;54;58m[48;2;42;48;50m▀[0m[38;2;47;54;57m[48;2;38;42;44m▀[0m[38;2;43;48;51m[48;2;38;42;43m▀[0m[38;2;81;126;181m[48;2;38;43;44m▀[0m[38;2;80;125;179m[48;2;38;41;43m▀[0m[38;2;85;131;190m[48;2;81;126;179m▀[0m[38;2;38;42;43m[48;2;38;42;43m▀[0m[38;2;42;48;51m[48;2;38;42;43m▀[0m[38;2;48;54;58m[48;2;38;41;43m▀[0m[38;2;42;48;51m[48;2;38;41;43m▀[0m[38;2;26;35;44m[48;2;38;41;43m▀[0m       
                [38;2;28;32;36m[48;2;27;31;35m▀[0m[38;2;25;29;32m[48;2;27;30;35m▀[0m[38;2;39;44;46m[48;2;27;30;35m▀[0m[38;2;69;105;157m[48;2;27;30;35m▀[0m[38;2;38;40;43m[48;2;67;100;149m▀[0m[38;2;38;43;43m[48;2;38;41;43m▀[0m[38;2;38;43;43m[48;2;38;41;43m▀[0m[38;2;38;41;43m[48;2;38;41;43m▀[0m[38;2;38;41;45m[48;2;37;41;43m▀[0m[38;2;38;41;44m[48;2;38;41;43m▀[0m[38;2;38;41;43m[48;2;38;41;44m▀[0m[38;2;33;51;73m[48;2;38;42;43m▀[0m[38;2;81;123;178m[48;2;80;125;179m▀[0m[38;2;38;41;43m[48;2;82;125;178m▀[0m[38;2;38;41;43m[48;2;38;42;44m▀[0m[38;2;38;42;43m[48;2;38;42;44m▀[0m[38;2;38;42;43m[48;2;38;42;44m▀[0m[38;2;13;18;22m▄[0m      
                 [38;2;27;30;35m▀[0m[38;2;27;31;35m[48;2;28;31;36m▀[0m[38;2;27;31;35m[48;2;27;31;36m▀[0m[38;2;28;31;36m[48;2;27;31;35m▀[0m  [38;2;38;41;44m▀[0m[38;2;38;42;44m[48;2;38;41;43m▀[0m[38;2;38;42;43m[48;2;37;41;43m▀[0m[38;2;38;42;43m[48;2;38;41;43m▀[0m[38;2;38;43;43m[48;2;38;41;43m▀[0m [38;2;92;141;202m▀[0m[38;2;59;89;121m[48;2;103;155;211m▀[0m[38;2;38;41;43m[48;2;90;138;190m▀[0m[38;2;38;42;43m[48;2;38;41;43m▀[0m[38;2;86;130;186m[48;2;94;145;209m▀[0m      
                 [38;2;134;112;63m▄[0m[38;2;28;32;35m[48;2;126;107;60m▀[0m[38;2;27;30;35m[48;2;19;23;30m▀[0m[38;2;27;30;35m[48;2;26;28;34m▀[0m    [38;2;38;41;43m[48;2;37;41;43m▀[0m[38;2;37;41;43m[48;2;37;41;43m▀[0m[38;2;38;41;43m[48;2;38;41;43m▀[0m   [38;2;102;154;210m▀[0m[38;2;102;155;210m[48;2;107;162;219m▀[0m[38;2;84;130;187m[48;2;59;92;132m▀[0m      
              [38;2;19;14;7m▀[0m[38;2;224;171;93m[48;2;226;173;96m▀[0m[38;2;225;171;94m[48;2;211;160;90m▀[0m[38;2;164;128;73m[48;2;225;172;94m▀[0m[38;2;120;103;58m▀[0m[38;2;125;106;60m▀[0m     [38;2;6;7;7m[48;2;195;148;83m▀[0m[38;2;181;136;77m[48;2;204;154;86m▀[0m[38;2;40;44;46m[48;2;189;144;80m▀[0m[38;2;228;172;96m▄[0m           
                [38;2;220;181;113m▀[0m        [38;2;231;174;95m▀[0m[38;2;229;175;95m▀[0m[38;2;241;182;99m[48;2;8;9;4m▀[0m[38;2;229;173;95m▀[0m[38;2;145;113;62m▄[0m          
                                        
