                                        
                      [38;2;141;137;79m[48;2;249;238;133m▀[0m                 
                    [38;2;157;153;89m▄[0m[38;2;251;237;134m[48;2;128;121;70m▀[0m[38;2;241;228;126m[48;2;242;229;125m▀[0m  [38;2;169;160;83m▄[0m              
                    [38;2;247;233;127m▀[0m[38;2;163;154;84m[48;2;244;231;128m▀[0m  [38;2;233;211;87m[48;2;179;162;68m▀[0m               
                   [38;2;130;197;219m▄[0m[38;2;187;240;253m▄[0m[38;2;247;235;128m[48;2;244;231;127m▀[0m[38;2;6;64;81m[48;2;15;83;102m▀[0m[38;2;0;87;113m[48;2;44;96;111m▀[0m[38;2;188;168;71m[48;2;185;170;74m▀[0m [38;2;112;148;156m▄[0m             
                   [38;2;124;185;204m[48;2;122;184;205m▀[0m[38;2;157;223;241m[48;2;19;18;7m▀[0m[38;2;232;215;109m[48;2;128;123;53m▀[0m[38;2;175;234;248m[48;2;22;35;36m▀[0m[38;2;101;92;45m[48;2;188;169;71m▀[0m[38;2;65;69;36m[48;2;122;187;207m▀[0m[38;2;159;222;239m[48;2;123;187;207m▀[0m[38;2;61;93;102m▀[0m             
                   [38;2;174;231;245m[48;2;16;69;83m▀[0m[38;2;15;12;7m[48;2;103;155;174m▀[0m[38;2;240;215;89m[48;2;57;85;96m▀[0m[38;2;196;176;74m[48;2;123;188;208m▀[0m[38;2;125;190;210m[48;2;2;112;146m▀[0m[38;2;123;188;208m[48;2;0;105;137m▀[0m[38;2;56;90;100m[48;2;0;86;112m▀[0m              
                [38;2;8;162;207m▄[0m[38;2;2;119;154m▄[0m[38;2;11;20;20m[48;2;10;48;59m▀[0m[38;2;7;109;140m[48;2;238;239;236m▀[0m[38;2;124;187;206m[48;2;124;189;208m▀[0m[38;2;119;184;204m[48;2;211;211;205m▀[0m[38;2;0;114;148m[48;2;14;111;138m▀[0m[38;2;0;116;150m[48;2;0;113;147m▀[0m[38;2;0;116;151m[48;2;0;113;147m▀[0m[38;2;0;108;140m[48;2;0;113;147m▀[0m[38;2;88;88;38m[48;2;9;47;56m▀[0m             
           [38;2;60;76;80m[48;2;151;223;242m▀[0m[38;2;6;10;10m[48;2;121;177;192m▀[0m[38;2;150;223;242m▄[0m[38;2;8;43;53m[48;2;4;63;80m▀[0m[38;2;4;96;124m[48;2;0;67;86m▀[0m[38;2;0;65;84m[48;2;0;65;84m▀[0m[38;2;0;66;85m[48;2;6;63;80m▀[0m[38;2;0;113;147m[48;2;4;110;142m▀[0m[38;2;118;123;123m[48;2;236;236;234m▀[0m[38;2;128;193;214m[48;2;49;59;61m▀[0m[38;2;239;239;236m[48;2;237;237;235m▀[0m[38;2;10;107;136m[48;2;9;108;137m▀[0m[38;2;0;114;148m[48;2;0;110;142m▀[0m[38;2;0;116;150m[48;2;0;103;134m▀[0m[38;2;0;102;132m[48;2;0;100;129m▀[0m[38;2;0;97;126m[48;2;0;96;125m▀[0m[38;2;4;7;5m[48;2;0;89;114m▀[0m            
          [38;2;155;221;238m[48;2;148;221;240m▀[0m[38;2;151;225;242m[48;2;123;186;205m▀[0m[38;2;143;213;234m[48;2;124;187;207m▀[0m[38;2;124;185;205m[48;2;118;178;196m▀[0m[38;2;0;66;86m[48;2;0;64;83m▀[0m[38;2;0;65;84m[48;2;0;65;84m▀[0m[38;2;0;65;84m[48;2;4;62;79m▀[0m[38;2;1;86;111m[48;2;7;84;106m▀[0m[38;2;54;62;65m[48;2;243;246;244m▀[0m[38;2;247;247;244m[48;2;79;82;81m▀[0m[38;2;252;251;251m[48;2;241;242;238m▀[0m[38;2;243;245;244m[48;2;241;242;238m▀[0m[38;2;172;188;193m[48;2;243;243;239m▀[0m[38;2;0;109;141m[48;2;4;84;107m▀[0m[38;2;8;52;65m[48;2;5;58;73m▀[0m[38;2;0;92;119m[48;2;0;87;114m▀[0m[38;2;0;90;117m[48;2;0;87;113m▀[0m[38;2;0;87;113m[48;2;0;87;113m▀[0m[38;2;1;86;111m[48;2;0;92;119m▀[0m           
        [38;2;137;196;210m▄[0m[38;2;146;216;236m[48;2;93;142;158m▀[0m[38;2;5;15;17m[48;2;0;65;84m▀[0m[38;2;4;65;83m[48;2;0;65;84m▀[0m[38;2;3;63;81m[48;2;0;66;85m▀[0m[38;2;2;64;82m[48;2;0;66;86m▀[0m[38;2;0;66;85m[48;2;0;67;87m▀[0m[38;2;0;66;85m[48;2;0;67;87m▀[0m[38;2;7;44;54m[48;2;9;51;63m▀[0m[38;2;245;246;243m[48;2;243;245;244m▀[0m[38;2;241;242;238m[48;2;243;243;239m▀[0m[38;2;143;216;235m[48;2;124;185;205m▀[0m[38;2;243;246;243m[48;2;239;239;237m▀[0m[38;2;243;245;244m[48;2;238;238;236m▀[0m[38;2;243;243;239m[48;2;238;238;235m▀[0m[38;2;194;202;202m[48;2;236;237;234m▀[0m[38;2;1;85;110m[48;2;7;81;103m▀[0m[38;2;0;86;112m[48;2;0;86;111m▀[0m[38;2;0;86;112m[48;2;0;86;111m▀[0m[38;2;0;87;113m[48;2;0;87;113m▀[0m[38;2;0;96;125m[48;2;0;95;123m▀[0m[38;2;1;110;142m[48;2;0;110;143m▀[0m[38;2;9;40;49m▄[0m         
       [38;2;126;192;212m▄[0m[38;2;123;188;207m[48;2;3;64;82m▀[0m[38;2;1;67;86m[48;2;13;25;23m▀[0m[38;2;0;67;87m[48;2;3;63;80m▀[0m[38;2;0;66;86m[48;2;0;65;84m▀[0m[38;2;0;66;86m[48;2;0;66;85m▀[0m[38;2;0;65;84m[48;2;0;65;84m▀[0m[38;2;0;66;85m[48;2;1;64;82m▀[0m[38;2;6;62;78m[48;2;13;30;35m▀[0m[38;2;142;144;143m[48;2;162;162;160m▀[0m[38;2;237;237;235m[48;2;237;238;234m▀[0m[38;2;243;243;237m[48;2;86;128;143m▀[0m[38;2;123;183;203m[48;2;133;201;222m▀[0m[38;2;236;236;234m[48;2;238;238;236m▀[0m[38;2;238;238;236m[48;2;231;231;226m▀[0m[38;2;237;237;235m[48;2;239;239;235m▀[0m[38;2;239;239;237m[48;2;8;42;51m▀[0m[38;2;242;242;238m[48;2;9;77;97m▀[0m[38;2;7;84;107m[48;2;163;230;246m▀[0m[38;2;0;86;111m[48;2;11;29;32m▀[0m[38;2;0;86;111m[48;2;0;87;113m▀[0m[38;2;0;87;113m[48;2;0;87;113m▀[0m[38;2;0;104;135m[48;2;0;94;122m▀[0m[38;2;0;110;142m[48;2;0;110;143m▀[0m[38;2;150;223;241m[48;2;44;73;81m▀[0m[38;2;88;130;147m[48;2;127;193;214m▀[0m[38;2;14;18;18m[48;2;103;155;174m▀[0m      
      [38;2;128;196;218m▄[0m[38;2;125;192;212m[48;2;3;64;81m▀[0m[38;2;8;46;55m[48;2;142;152;82m▀[0m[38;2;63;68;36m[48;2;1;66;85m▀[0m[38;2;0;66;85m[48;2;0;65;84m▀[0m[38;2;0;65;84m[48;2;0;65;84m▀[0m[38;2;0;65;84m[48;2;2;63;81m▀[0m[38;2;2;64;81m[48;2;102;154;174m▀[0m[38;2;102;152;171m[48;2;108;161;182m▀[0m[38;2;2;83;107m[48;2;3;75;96m▀[0m[38;2;8;79;99m[48;2;6;83;106m▀[0m[38;2;17;36;42m[48;2;103;152;173m▀[0m[38;2;110;166;185m[48;2;110;164;183m▀[0m[38;2;117;181;202m[48;2;107;163;183m▀[0m[38;2;239;240;237m[48;2;13;89;111m▀[0m[38;2;234;234;229m[48;2;244;245;241m▀[0m[38;2;13;78;97m[48;2;173;185;186m▀[0m[38;2;7;80;102m[48;2;2;85;110m▀[0m[38;2;2;85;110m[48;2;10;89;112m▀[0m[38;2;165;230;246m[48;2;162;219;231m▀[0m[38;2;156;227;244m[48;2;129;197;218m▀[0m[38;2;10;65;82m[48;2;112;173;192m▀[0m[38;2;0;87;113m[48;2;0;87;113m▀[0m[38;2;0;87;113m[48;2;0;86;111m▀[0m[38;2;0;94;122m[48;2;0;87;113m▀[0m[38;2;3;87;112m[48;2;0;87;113m▀[0m[38;2;127;191;212m[48;2;100;152;168m▀[0m       
     [38;2;6;7;7m▄[0m[38;2;125;189;211m[48;2;131;199;220m▀[0m[38;2;0;66;86m[48;2;123;187;207m▀[0m[38;2;1;65;85m[48;2;130;198;220m▀[0m[38;2;7;65;82m▀[0m[38;2;14;61;75m▀[0m[38;2;130;200;222m▀[0m   [38;2;2;61;78m[48;2;1;58;74m▀[0m[38;2;0;84;109m[48;2;0;67;87m▀[0m[38;2;101;152;171m[48;2;4;64;82m▀[0m[38;2;104;156;175m[48;2;105;158;177m▀[0m[38;2;112;169;189m[48;2;103;152;173m▀[0m[38;2;211;214;213m[48;2;0;65;84m▀[0m[38;2;6;61;77m[48;2;0;83;108m▀[0m[38;2;0;87;113m[48;2;0;76;99m▀[0m[38;2;0;86;112m[48;2;0;66;86m▀[0m[38;2;4;75;95m[48;2;0;65;84m▀[0m[38;2;124;190;210m[48;2;0;66;85m▀[0m[38;2;124;188;207m[48;2;2;64;82m▀[0m[38;2;130;198;220m[48;2;124;188;207m▀[0m[38;2;0;65;84m[48;2;2;64;82m▀[0m[38;2;0;77;100m[48;2;0;66;85m▀[0m[38;2;0;88;114m[48;2;0;65;85m▀[0m[38;2;0;78;101m[48;2;0;65;84m▀[0m[38;2;31;49;53m[48;2;3;64;82m▀[0m       
                [38;2;0;54;70m[48;2;1;51;67m▀[0m[38;2;5;46;58m[48;2;0;52;68m▀[0m[38;2;4;67;86m[48;2;0;52;68m▀[0m[38;2;108;161;182m[48;2;4;50;64m▀[0m[38;2;2;63;81m[48;2;98;155;178m▀[0m[38;2;0;64;83m[48;2;0;65;84m▀[0m[38;2;0;64;83m[48;2;0;65;84m▀[0m[38;2;0;65;84m[48;2;0;65;85m▀[0m[38;2;0;68;88m[48;2;0;65;84m▀[0m[38;2;0;66;86m[48;2;0;65;84m▀[0m[38;2;0;65;84m[48;2;0;66;86m▀[0m[38;2;48;78;86m[48;2;1;65;83m▀[0m[38;2;124;185;206m[48;2;123;188;208m▀[0m[38;2;0;65;84m[48;2;121;188;209m▀[0m[38;2;0;66;86m[48;2;0;66;87m▀[0m[38;2;0;65;84m[48;2;0;67;87m▀[0m[38;2;0;65;83m[48;2;0;66;86m▀[0m[38;2;16;24;24m▄[0m      
                 [38;2;0;52;67m▀[0m[38;2;0;53;69m[48;2;0;54;70m▀[0m[38;2;0;52;68m[48;2;0;54;70m▀[0m[38;2;0;54;70m[48;2;1;51;66m▀[0m  [38;2;2;66;84m▀[0m[38;2;0;67;87m[48;2;0;65;85m▀[0m[38;2;0;65;84m[48;2;0;66;86m▀[0m[38;2;0;65;84m[48;2;0;65;84m▀[0m[38;2;0;64;83m[48;2;0;65;84m▀[0m [38;2;141;211;233m▀[0m[38;2;89;126;136m[48;2;151;223;241m▀[0m[38;2;0;65;84m[48;2;134;201;219m▀[0m[38;2;0;65;84m[48;2;0;65;84m▀[0m[38;2;130;194;214m[48;2;146;218;241m▀[0m      
                 [38;2;139;133;59m▄[0m[38;2;0;53;69m[48;2;125;128;61m▀[0m[38;2;0;52;68m[48;2;3;42;54m▀[0m[38;2;0;51;67m[48;2;4;48;61m▀[0m    [38;2;0;65;84m[48;2;1;65;83m▀[0m[38;2;0;65;84m[48;2;0;65;84m▀[0m[38;2;0;66;85m[48;2;0;65;84m▀[0m   [38;2;150;222;241m▀[0m[38;2;150;223;241m[48;2;160;230;247m▀[0m[38;2;130;196;217m[48;2;91;138;153m▀[0m      
              [38;2;19;17;7m▀[0m[38;2;231;209;86m[48;2;233;211;89m▀[0m[38;2;232;209;87m[48;2;218;195;83m▀[0m[38;2;169;155;67m[48;2;232;211;87m▀[0m[38;2;123;122;55m▀[0m[38;2;129;126;56m▀[0m     [38;2;4;9;9m[48;2;201;181;77m▀[0m[38;2;186;166;72m[48;2;210;188;80m▀[0m[38;2;5;68;87m[48;2;195;176;74m▀[0m[38;2;235;211;89m▄[0m           
                [38;2;223;210;110m▀[0m        [38;2;238;213;88m▀[0m[38;2;236;214;88m▀[0m[38;2;249;223;91m[48;2;8;9;4m▀[0m[38;2;236;212;88m▀[0m[38;2;148;137;59m▄[0m          
                                        
