                                        
         [38;2;88;63;46m▄[0m[38;2;240;201;173m▄[0m[38;2;249;188;146m[48;2;237;179;139m▀[0m[38;2;238;179;139m[48;2;238;180;139m▀[0m[38;2;231;170;127m[48;2;231;172;133m▀[0m[38;2;234;171;125m[48;2;231;168;124m▀[0m[38;2;237;173;128m[48;2;233;171;125m▀[0m[38;2;202;148;112m▄[0m                       
        [38;2;49;35;24m[48;2;235;171;125m▀[0m[38;2;236;199;173m[48;2;239;199;171m▀[0m[38;2;236;200;177m[48;2;232;173;133m▀[0m[38;2;238;180;140m[48;2;231;173;134m▀[0m[38;2;236;176;138m[48;2;236;175;132m▀[0m[38;2;230;171;131m[48;2;232;169;124m▀[0m[38;2;230;168;123m[48;2;232;169;123m▀[0m[38;2;234;171;125m[48;2;234;171;125m▀[0m[38;2;233;169;124m[48;2;227;166;123m▀[0m[38;2;181;137;105m[48;2;180;135;105m▀[0m[38;2;7;5;4m▄[0m                     
       [38;2;244;179;131m[48;2;19;20;21m▀[0m[38;2;236;173;126m[48;2;239;189;152m▀[0m[38;2;230;168;124m[48;2;228;166;123m▀[0m[38;2;228;166;123m[48;2;228;166;123m▀[0m[38;2;232;170;124m[48;2;234;171;125m▀[0m[38;2;235;171;125m[48;2;234;171;126m▀[0m[38;2;235;171;125m[48;2;228;166;123m▀[0m[38;2;228;166;123m[48;2;230;169;125m▀[0m[38;2;240;185;146m[48;2;229;170;128m▀[0m[38;2;143;106;79m[48;2;253;254;255m▀[0m[38;2;6;4;3m[48;2;6;7;8m▀[0m[38;2;186;139;107m[48;2;187;139;107m▀[0m                     
       [38;2;186;189;199m[48;2;22;25;26m▀[0m[38;2;233;170;124m[48;2;240;174;128m▀[0m[38;2;231;169;124m[48;2;234;171;125m▀[0m[38;2;230;168;124m[48;2;233;170;124m▀[0m[38;2;233;171;125m[48;2;234;171;124m▀[0m[38;2;233;170;124m[48;2;234;171;125m▀[0m[38;2;228;167;123m[48;2;235;171;126m▀[0m[38;2;226;166;123m[48;2;228;166;123m▀[0m[38;2;231;168;124m[48;2;232;169;125m▀[0m[38;2;142;145;155m[48;2;17;66;80m▀[0m[38;2;5;6;7m[48;2;21;26;27m▀[0m[38;2;11;9;8m[48;2;0;90;113m▀[0m[38;2;0;1;0m[48;2;194;143;111m▀[0m                    
       [38;2;73;109;122m[48;2;178;129;94m▀[0m[38;2;212;154;112m[48;2;187;134;96m▀[0m[38;2;233;170;124m[48;2;228;167;123m▀[0m[38;2;229;167;123m[48;2;228;167;123m▀[0m[38;2;233;170;124m[48;2;234;171;125m▀[0m[38;2;234;171;125m[48;2;234;171;126m▀[0m[38;2;235;172;125m[48;2;234;171;125m▀[0m[38;2;228;167;122m[48;2;235;171;125m▀[0m[38;2;234;171;125m[48;2;232;171;124m▀[0m[38;2;0;100;125m[48;2;229;168;124m▀[0m[38;2;77;133;153m[48;2;233;169;125m▀[0m[38;2;51;115;134m[48;2;189;140;108m▀[0m[38;2;187;139;107m[48;2;182;137;106m▀[0m                    
      [38;2;43;30;25m[48;2;103;76;59m▀[0m[38;2;234;171;125m[48;2;66;49;38m▀[0m[38;2;234;171;126m[48;2;234;171;125m▀[0m[38;2;231;169;124m[48;2;234;171;125m▀[0m[38;2;234;187;153m[48;2;213;157;119m▀[0m[38;2;235;171;125m[48;2;228;166;123m▀[0m[38;2;231;168;124m[48;2;228;166;122m▀[0m[38;2;233;170;124m[48;2;232;170;124m▀[0m[38;2;234;171;126m[48;2;235;171;125m▀[0m[38;2;234;171;126m[48;2;235;171;125m▀[0m[38;2;235;172;126m[48;2;192;142;109m▀[0m[38;2;188;140;108m[48;2;178;184;203m▀[0m[38;2;116;87;67m[48;2;181;137;106m▀[0m[38;2;182;137;106m[48;2;181;137;105m▀[0m             [38;2;236;144;76m▄[0m      
       [38;2;188;138;107m▀[0m[38;2;46;47;50m[48;2;188;140;108m▀[0m[38;2;50;41;45m[48;2;188;140;108m▀[0m[38;2;214;158;119m[48;2;154;105;127m▀[0m[38;2;219;160;119m[48;2;155;106;128m▀[0m[38;2;197;148;114m[48;2;155;106;128m▀[0m[38;2;25;18;17m[48;2;185;157;170m▀[0m[38;2;156;107;129m[48;2;202;182;191m▀[0m[38;2;155;106;129m[48;2;201;182;191m▀[0m[38;2;155;106;128m[48;2;156;159;177m▀[0m[38;2;138;102;78m[48;2;185;138;106m▀[0m[38;2;182;137;105m[48;2;183;137;105m▀[0m[38;2;0;0;0m▀[0m           [38;2;228;196;131m▄[0m[38;2;159;78;56m▄[0m[38;2;224;100;59m[48;2;227;133;107m▀[0m      
          [38;2;188;139;107m▀[0m[38;2;182;135;103m[48;2;11;8;6m▀[0m[38;2;204;185;195m[48;2;182;137;105m▀[0m[38;2;201;181;191m[48;2;194;143;110m▀[0m[38;2;201;181;191m[48;2;187;139;107m▀[0m[38;2;73;53;40m[48;2;189;141;110m▀[0m[38;2;182;137;105m[48;2;181;136;105m▀[0m[38;2;187;138;107m[48;2;181;137;105m▀[0m[38;2;174;128;98m[48;2;189;140;108m▀[0m[38;2;229;167;122m▄[0m           [38;2;253;223;108m[48;2;237;161;84m▀[0m[38;2;228;133;99m[48;2;227;134;111m▀[0m[38;2;225;108;56m[48;2;226;111;61m▀[0m[38;2;226;110;58m▄[0m     
       [38;2;137;100;73m▄[0m[38;2;235;172;126m▄[0m[38;2;39;28;21m[48;2;234;171;126m▀[0m[38;2;234;171;126m[48;2;235;171;125m▀[0m[38;2;226;165;123m[48;2;14;10;7m▀[0m[38;2;182;137;106m[48;2;76;76;68m▀[0m[38;2;36;25;18m[48;2;233;218;194m▀[0m[38;2;223;208;187m[48;2;210;194;173m▀[0m[38;2;193;144;110m[48;2;216;201;179m▀[0m[38;2;181;137;105m[48;2;223;163;122m▀[0m[38;2;182;137;105m[48;2;234;171;125m▀[0m[38;2;233;169;124m[48;2;233;170;124m▀[0m[38;2;235;171;126m[48;2;234;172;125m▀[0m[38;2;234;171;125m[48;2;234;171;125m▀[0m[38;2;234;171;125m[48;2;233;171;125m▀[0m[38;2;4;2;1m[48;2;234;170;125m▀[0m[38;2;230;168;124m▄[0m[38;2;254;192;141m▄[0m[38;2;232;169;124m▄[0m    [38;2;221;176;91m▄[0m[38;2;227;132;101m[48;2;226;111;57m▀[0m[38;2;228;119;63m[48;2;227;132;99m▀[0m[38;2;222;88;59m[48;2;224;94;62m▀[0m[38;2;249;217;119m[48;2;251;226;153m▀[0m[38;2;251;213;97m▀[0m    
    [38;2;0;0;0m▀[0m[38;2;236;173;127m[48;2;228;167;123m▀[0m[38;2;228;166;123m[48;2;229;167;123m▀[0m[38;2;228;166;123m[48;2;228;166;123m▀[0m[38;2;233;171;125m[48;2;231;169;123m▀[0m[38;2;234;171;125m[48;2;234;171;127m▀[0m[38;2;234;171;125m[48;2;234;171;125m▀[0m[38;2;251;183;135m[48;2;246;236;207m▀[0m[38;2;245;232;208m[48;2;246;233;207m▀[0m[38;2;250;238;216m[48;2;246;233;208m▀[0m[38;2;249;237;214m[48;2;247;233;207m▀[0m[38;2;250;239;217m[48;2;244;231;205m▀[0m[38;2;247;233;208m[48;2;249;236;211m▀[0m[38;2;234;171;124m[48;2;251;239;214m▀[0m[38;2;231;170;124m[48;2;228;166;124m▀[0m[38;2;229;167;124m[48;2;231;169;124m▀[0m[38;2;230;168;123m[48;2;233;170;124m▀[0m[38;2;228;166;123m[48;2;235;172;127m▀[0m[38;2;230;167;123m[48;2;229;167;123m▀[0m[38;2;232;170;124m[48;2;229;167;123m▀[0m[38;2;234;171;125m[48;2;237;187;153m▀[0m[38;2;187;138;107m[48;2;187;139;107m▀[0m[38;2;182;135;105m[48;2;222;162;120m▀[0m   [38;2;249;208;100m[48;2;251;217;101m▀[0m[38;2;251;219;100m[48;2;251;218;101m▀[0m[38;2;227;126;79m[48;2;245;200;131m▀[0m[38;2;245;193;104m[48;2;251;218;101m▀[0m[38;2;245;201;145m[48;2;227;120;63m▀[0m[38;2;131;59;52m[48;2;234;152;74m▀[0m    
     [38;2;0;0;0m▀[0m[38;2;231;169;124m▀[0m[38;2;183;138;106m▀[0m[38;2;186;138;106m▀[0m[38;2;188;140;107m▀[0m[38;2;198;147;112m▀[0m[38;2;245;230;204m[48;2;248;236;212m▀[0m[38;2;247;234;209m[48;2;246;233;207m▀[0m[38;2;245;232;205m[48;2;248;234;210m▀[0m[38;2;246;232;206m[48;2;244;230;203m▀[0m[38;2;241;228;201m[48;2;244;230;204m▀[0m[38;2;242;229;202m[48;2;240;226;200m▀[0m[38;2;250;238;215m[48;2;244;231;206m▀[0m[38;2;71;51;37m[48;2;245;232;206m▀[0m[38;2;178;132;101m[48;2;235;172;126m▀[0m[38;2;172;130;99m[48;2;186;140;107m▀[0m[38;2;180;135;104m[48;2;75;58;45m▀[0m[38;2;180;135;105m▀[0m[38;2;190;142;109m▀[0m[38;2;48;35;27m▀[0m      [38;2;244;190;108m[48;2;247;201;105m▀[0m[38;2;251;225;152m[48;2;252;222;104m▀[0m[38;2;251;223;133m[48;2;240;173;89m▀[0m[38;2;224;103;58m[48;2;227;133;103m▀[0m     
           [38;2;250;239;220m[48;2;250;239;221m▀[0m[38;2;250;239;220m[48;2;250;239;219m▀[0m[38;2;247;233;208m[48;2;244;231;204m▀[0m[38;2;247;234;208m[48;2;244;231;205m▀[0m[38;2;242;228;200m[48;2;244;230;203m▀[0m[38;2;244;230;203m[48;2;241;226;199m▀[0m[38;2;243;229;202m[48;2;246;232;206m▀[0m[38;2;245;231;205m[48;2;245;231;204m▀[0m[38;2;240;176;129m[48;2;69;67;61m▀[0m[38;2;231;169;124m[48;2;234;171;125m▀[0m[38;2;234;171;125m[48;2;235;171;126m▀[0m[38;2;235;171;125m▄[0m         [38;2;5;3;2m[48;2;239;175;127m▀[0m       
          [38;2;242;183;143m▄[0m[38;2;250;239;220m[48;2;251;239;218m▀[0m[38;2;250;239;219m[48;2;250;239;219m▀[0m[38;2;248;236;214m[48;2;250;239;219m▀[0m[38;2;250;239;219m[48;2;244;232;208m▀[0m[38;2;241;227;199m[48;2;240;227;199m▀[0m[38;2;241;226;199m[48;2;241;226;199m▀[0m[38;2;240;227;200m[48;2;241;226;199m▀[0m[38;2;249;236;212m[48;2;243;229;203m▀[0m[38;2;249;236;212m[48;2;239;226;203m▀[0m[38;2;235;172;127m[48;2;241;176;129m▀[0m[38;2;234;171;126m[48;2;235;171;126m▀[0m[38;2;234;171;125m[48;2;235;171;126m▀[0m[38;2;8;5;4m[48;2;228;167;124m▀[0m       [38;2;181;137;105m▄[0m[38;2;220;159;118m[48;2;203;149;113m▀[0m       
        [38;2;241;192;157m▄[0m[38;2;235;177;138m[48;2;239;194;162m▀[0m[38;2;236;177;138m[48;2;237;177;138m▀[0m[38;2;236;221;198m[48;2;72;68;60m▀[0m[38;2;250;238;217m[48;2;219;204;186m▀[0m[38;2;250;239;220m[48;2;222;208;190m▀[0m[38;2;250;239;219m[48;2;223;208;190m▀[0m[38;2;246;234;210m[48;2;218;202;180m▀[0m[38;2;233;216;192m[48;2;221;206;186m▀[0m[38;2;217;201;177m[48;2;216;201;182m▀[0m[38;2;211;195;173m[48;2;211;195;173m▀[0m[38;2;222;207;186m[48;2;230;182;152m▀[0m[38;2;238;190;158m[48;2;240;199;172m▀[0m[38;2;235;172;127m[48;2;235;172;127m▀[0m[38;2;234;171;126m[48;2;233;171;125m▀[0m[38;2;229;167;123m[48;2;235;171;126m▀[0m[38;2;236;172;127m[48;2;233;170;124m▀[0m[38;2;1;1;1m▄[0m[38;2;0;0;0m▄[0m[38;2;0;0;0m▄[0m[38;2;166;124;101m▄[0m[38;2;164;123;99m▄[0m[38;2;163;122;99m[48;2;159;121;98m▀[0m[38;2;182;136;105m[48;2;121;90;69m▀[0m[38;2;170;166;149m▀[0m       
       [38;2;56;41;31m▄[0m[38;2;241;203;178m[48;2;232;185;154m▀[0m[38;2;236;190;159m[48;2;229;167;124m▀[0m[38;2;235;174;130m[48;2;190;140;107m▀[0m[38;2;197;144;108m[48;2;187;138;106m▀[0m[38;2;213;197;175m[48;2;188;139;106m▀[0m[38;2;222;207;189m[48;2;214;199;179m▀[0m[38;2;220;205;186m[48;2;223;209;192m▀[0m[38;2;218;202;181m[48;2;216;201;179m▀[0m[38;2;220;206;187m[48;2;222;208;190m▀[0m[38;2;216;200;179m[48;2;218;203;182m▀[0m[38;2;221;206;188m[48;2;221;205;186m▀[0m[38;2;239;195;165m[48;2;234;171;125m▀[0m[38;2;238;191;160m[48;2;234;171;126m▀[0m[38;2;235;171;126m[48;2;228;167;123m▀[0m[38;2;234;171;126m[48;2;234;171;126m▀[0m[38;2;234;171;125m[48;2;232;170;124m▀[0m[38;2;209;152;114m[48;2;189;139;108m▀[0m[38;2;20;15;12m[48;2;183;137;106m▀[0m[38;2;162;122;99m[48;2;158;121;98m▀[0m[38;2;161;121;98m[48;2;161;122;98m▀[0m[38;2;163;122;99m[48;2;163;122;99m▀[0m[38;2;163;122;99m[48;2;94;70;56m▀[0m[38;2;162;124;101m[48;2;151;142;128m▀[0m[38;2;7;7;6m▀[0m        
       [38;2;58;42;31m▀[0m[38;2;206;151;114m[48;2;189;140;108m▀[0m[38;2;180;136;105m[48;2;187;139;107m▀[0m[38;2;184;137;106m[48;2;189;140;108m▀[0m[38;2;186;138;106m[48;2;186;138;106m▀[0m[38;2;189;140;108m[48;2;187;140;107m▀[0m[38;2;187;139;106m[48;2;186;138;107m▀[0m[38;2;54;40;30m[48;2;23;15;11m▀[0m[38;2;223;207;189m▀[0m[38;2;224;208;191m▀[0m[38;2;224;209;193m▀[0m[38;2;221;206;188m[48;2;0;0;0m▀[0m[38;2;111;82;63m[48;2;75;70;64m▀[0m[38;2;198;148;112m[48;2;189;139;107m▀[0m[38;2;201;149;114m[48;2;187;139;107m▀[0m[38;2;200;147;112m[48;2;187;138;107m▀[0m[38;2;187;140;107m[48;2;188;140;107m▀[0m[38;2;184;137;106m[48;2;187;138;107m▀[0m[38;2;181;136;105m[48;2;186;138;106m▀[0m[38;2;158;120;97m[48;2;184;173;157m▀[0m[38;2;127;95;77m[48;2;0;0;0m▀[0m[38;2;191;181;168m▀[0m[38;2;27;26;23m▀[0m          
      [38;2;222;224;234m▄[0m[38;2;108;82;64m[48;2;253;253;253m▀[0m[38;2;151;112;86m[48;2;119;87;65m▀[0m[38;2;181;136;105m[48;2;182;135;103m▀[0m[38;2;182;137;106m[48;2;181;135;105m▀[0m[38;2;181;136;105m[48;2;191;141;109m▀[0m[38;2;187;138;107m[48;2;0;0;0m▀[0m        [38;2;187;138;106m[48;2;0;0;0m▀[0m[38;2;189;140;108m[48;2;185;138;106m▀[0m[38;2;186;138;106m[48;2;182;137;105m▀[0m[38;2;185;138;106m[48;2;184;137;106m▀[0m[38;2;187;140;107m[48;2;187;139;107m▀[0m[38;2;0;0;0m▄[0m             
      [38;2;0;0;0m▀[0m[38;2;14;14;16m▀[0m[38;2;192;196;212m▀[0m             [38;2;187;138;107m▀[0m[38;2;134;98;73m[48;2;0;0;0m▀[0m[38;2;184;138;106m[48;2;250;249;249m▀[0m[38;2;190;195;216m▀[0m[38;2;195;202;226m[48;2;152;157;176m▀[0m[38;2;82;84;88m▀[0m            
                                        
