                                        
                                        
           [38;2;96;95;96m[48;2;95;94;95m▀[0m                            
     [38;2;206;188;82m▄[0m[38;2;209;188;73m[48;2;205;185;74m▀[0m[38;2;208;186;76m▄[0m   [38;2;54;53;53m[48;2;76;74;75m▀[0m[38;2;74;72;73m[48;2;74;73;74m▀[0m[38;2;11;11;11m▄[0m      [38;2;230;200;113m▄[0m[38;2;231;202;116m▄[0m[38;2;228;196;97m▄[0m[38;2;1;1;0m▄[0m                
    [38;2;0;0;0m▄[0m[38;2;197;180;67m[48;2;202;185;67m▀[0m[38;2;207;187;73m[48;2;131;92;56m▀[0m[38;2;212;189;77m[48;2;200;182;66m▀[0m[38;2;211;191;74m[48;2;160;152;67m▀[0m  [38;2;72;71;72m[48;2;74;73;74m▀[0m[38;2;72;71;72m[48;2;70;70;70m▀[0m[38;2;72;71;72m[48;2;70;69;69m▀[0m[38;2;5;7;5m[48;2;70;69;69m▀[0m[38;2;70;69;70m▄[0m   [38;2;227;196;95m[48;2;227;195;97m▀[0m[38;2;228;198;103m[48;2;228;195;97m▀[0m[38;2;227;195;97m[48;2;228;196;97m▀[0m[38;2;227;195;97m[48;2;228;195;97m▀[0m[38;2;227;194;96m[48;2;228;195;97m▀[0m                
    [38;2;5;5;6m▀[0m[38;2;199;180;67m[48;2;150;144;68m▀[0m[38;2;133;95;57m[48;2;129;92;55m▀[0m[38;2;52;37;22m[48;2;128;91;55m▀[0m[38;2;150;141;64m[48;2;81;80;80m▀[0m[38;2;95;94;95m[48;2;93;93;93m▀[0m[38;2;93;93;93m[48;2;94;93;93m▀[0m[38;2;93;93;93m[48;2;94;94;95m▀[0m[38;2;78;77;77m[48;2;94;93;94m▀[0m[38;2;70;70;70m[48;2;93;93;94m▀[0m[38;2;70;69;69m[48;2;85;85;85m▀[0m[38;2;70;69;69m[48;2;67;65;65m▀[0m[38;2;56;53;53m[48;2;56;53;53m▀[0m[38;2;27;27;25m[48;2;57;53;53m▀[0m[38;2;230;197;96m[48;2;230;199;99m▀[0m[38;2;228;193;97m[48;2;237;202;98m▀[0m[38;2;230;197;97m[48;2;192;110;53m▀[0m[38;2;198;113;55m[48;2;191;110;53m▀[0m[38;2;232;199;98m[48;2;231;198;97m▀[0m[38;2;236;201;98m[48;2;230;196;97m▀[0m                
     [38;2;147;139;65m[48;2;146;137;65m▀[0m[38;2;127;91;55m[48;2;121;114;54m▀[0m[38;2;73;72;71m[48;2;48;40;22m▀[0m[38;2;57;49;28m[48;2;238;206;109m▀[0m[38;2;92;92;93m[48;2;88;87;87m▀[0m[38;2;94;93;93m[48;2;93;92;93m▀[0m[38;2;92;92;93m[48;2;94;93;93m▀[0m[38;2;93;92;93m[48;2;86;84;85m▀[0m[38;2;93;92;93m[48;2;72;71;71m▀[0m[38;2;77;76;77m[48;2;229;194;97m▀[0m[38;2;213;186;102m[48;2;228;195;98m▀[0m[38;2;57;53;54m[48;2;186;163;91m▀[0m[38;2;57;53;53m[48;2;57;53;53m▀[0m[38;2;230;196;97m[48;2;179;157;92m▀[0m[38;2;177;104;52m[48;2;192;112;53m▀[0m[38;2;192;111;54m[48;2;246;137;58m▀[0m[38;2;194;110;53m[48;2;69;64;26m▀[0m[38;2;220;190;96m[48;2;181;159;91m▀[0m[38;2;22;20;12m▀[0m                
      [38;2;46;43;20m[48;2;50;50;50m▀[0m[38;2;133;114;56m[48;2;192;184;182m▀[0m[38;2;222;189;93m[48;2;101;61;30m▀[0m[38;2;73;72;72m[48;2;77;75;76m▀[0m[38;2;71;70;70m[48;2;72;71;72m▀[0m[38;2;70;70;69m[48;2;73;71;72m▀[0m[38;2;71;70;70m[48;2;180;153;76m▀[0m[38;2;232;197;98m[48;2;96;56;28m▀[0m[38;2;30;18;7m[48;2;248;138;57m▀[0m[38;2;186;178;177m[48;2;255;247;244m▀[0m[38;2;234;200;98m[48;2;246;209;96m▀[0m[38;2;123;107;63m[48;2;190;168;89m▀[0m[38;2;182;160;91m[48;2;49;42;26m▀[0m[38;2;207;116;53m[48;2;185;162;92m▀[0m[38;2;80;41;17m[48;2;185;162;92m▀[0m[38;2;187;164;91m▀[0m                  
     [38;2;54;52;52m▄[0m[38;2;58;56;56m[48;2;59;57;57m▀[0m[38;2;84;72;36m[48;2;245;205;96m▀[0m[38;2;252;182;121m[48;2;232;195;89m▀[0m[38;2;237;200;97m[48;2;240;202;99m▀[0m[38;2;41;23;14m[48;2;240;205;102m▀[0m[38;2;133;49;49m[48;2;235;202;99m▀[0m[38;2;246;209;97m[48;2;234;201;99m▀[0m[38;2;196;173;63m[48;2;235;202;99m▀[0m[38;2;252;182;123m[48;2;146;143;141m▀[0m[38;2;255;247;243m[48;2;192;164;79m▀[0m[38;2;241;203;99m[48;2;189;166;92m▀[0m[38;2;185;163;92m[48;2;180;159;93m▀[0m[38;2;58;55;55m[48;2;56;53;53m▀[0m[38;2;57;54;54m[48;2;56;53;53m▀[0m[38;2;14;13;13m[48;2;56;53;53m▀[0m[38;2;61;58;58m▄[0m[38;2;4;5;2m▄[0m                 
   [38;2;95;95;96m▄[0m[38;2;75;74;74m[48;2;73;71;72m▀[0m[38;2;59;56;57m[48;2;67;67;66m▀[0m[38;2;59;56;56m[48;2;58;55;56m▀[0m[38;2;58;55;55m[48;2;57;54;54m▀[0m[38;2;237;201;98m[48;2;57;54;54m▀[0m[38;2;237;202;98m[48;2;165;142;79m▀[0m[38;2;248;212;105m[48;2;230;195;98m▀[0m[38;2;245;211;103m[48;2;231;198;97m▀[0m[38;2;229;196;98m[48;2;231;198;97m▀[0m[38;2;231;199;96m[48;2;207;180;94m▀[0m[38;2;229;196;98m[48;2;178;156;92m▀[0m[38;2;201;175;94m[48;2;5;4;3m▀[0m[38;2;177;156;92m[48;2;57;53;54m▀[0m[38;2;57;53;53m[48;2;58;56;56m▀[0m[38;2;57;53;53m[48;2;64;62;62m▀[0m[38;2;57;54;53m[48;2;66;65;65m▀[0m[38;2;71;69;69m[48;2;74;71;72m▀[0m[38;2;72;71;71m[48;2;74;72;73m▀[0m[38;2;74;72;73m[48;2;74;72;73m▀[0m[38;2;87;85;87m[48;2;91;91;93m▀[0m[38;2;97;97;99m▀[0m[38;2;72;72;73m▄[0m    [38;2;1;1;1m▄[0m[38;2;58;55;55m▄[0m[38;2;55;52;52m[48;2;61;58;58m▀[0m[38;2;57;53;53m▀[0m[38;2;57;54;54m▀[0m[38;2;57;54;54m▀[0m[38;2;58;55;55m▄[0m[38;2;4;4;2m▄[0m  
     [38;2;0;0;0m▀[0m[38;2;59;56;56m▀[0m[38;2;56;53;53m▀[0m[38;2;35;33;33m▀[0m[38;2;58;54;55m▀[0m[38;2;57;55;55m[48;2;57;54;54m▀[0m[38;2;57;54;54m[48;2;58;56;56m▀[0m[38;2;59;56;56m[48;2;58;55;55m▀[0m[38;2;58;55;55m[48;2;59;55;55m▀[0m[38;2;57;54;54m[48;2;52;49;49m▀[0m[38;2;57;54;54m[48;2;44;47;43m▀[0m[38;2;58;54;54m[48;2;58;55;55m▀[0m[38;2;54;51;51m[48;2;62;60;60m▀[0m[38;2;73;72;72m[48;2;239;202;97m▀[0m[38;2;76;74;75m[48;2;245;209;103m▀[0m[38;2;59;58;58m[48;2;1;3;0m▀[0m[38;2;67;66;66m▀[0m[38;2;1;3;0m[48;2;1;1;0m▀[0m[38;2;58;55;55m▄[0m[38;2;73;72;73m[48;2;64;62;62m▀[0m[38;2;75;73;73m[48;2;0;0;0m▀[0m  [38;2;41;41;43m▄[0m[38;2;58;55;55m[48;2;46;46;46m▀[0m[38;2;57;54;54m▀[0m     [38;2;1;3;1m▀[0m[38;2;58;55;55m[48;2;59;57;57m▀[0m  
         [38;2;4;4;4m▄[0m[38;2;6;6;6m[48;2;60;56;56m▀[0m[38;2;72;71;71m[48;2;6;6;5m▀[0m[38;2;67;65;66m[48;2;53;52;53m▀[0m[38;2;73;72;72m[48;2;15;13;9m▀[0m[38;2;175;158;84m[48;2;186;162;92m▀[0m[38;2;59;56;56m[48;2;18;17;17m▀[0m[38;2;62;60;59m[48;2;74;73;73m▀[0m[38;2;73;72;73m[48;2;74;73;74m▀[0m[38;2;238;203;98m[48;2;249;212;95m▀[0m[38;2;239;206;109m[48;2;241;201;99m▀[0m[38;2;239;208;116m[48;2;239;206;112m▀[0m[38;2;97;97;99m[48;2;95;95;95m▀[0m[38;2;88;88;88m[48;2;91;90;91m▀[0m[38;2;80;78;79m[48;2;80;78;79m▀[0m[38;2;73;72;72m[48;2;73;72;73m▀[0m[38;2;5;7;4m[48;2;71;70;70m▀[0m[38;2;73;71;72m[48;2;11;11;10m▀[0m[38;2;32;40;36m▀[0m[38;2;2;5;2m▀[0m     [38;2;255;155;61m[48;2;251;138;56m▀[0m [38;2;0;1;0m[48;2;40;45;41m▀[0m[38;2;59;57;57m[48;2;18;19;19m▀[0m  
         [38;2;29;30;29m[48;2;59;58;58m▀[0m[38;2;73;71;72m[48;2;72;71;71m▀[0m[38;2;251;216;111m[48;2;240;203;100m▀[0m[38;2;214;186;95m[48;2;240;201;99m▀[0m[38;2;247;210;103m[48;2;241;202;98m▀[0m[38;2;240;201;98m[48;2;236;200;98m▀[0m[38;2;250;213;101m[48;2;162;137;71m▀[0m[38;2;74;73;73m[48;2;74;72;73m▀[0m[38;2;73;72;73m[48;2;73;72;73m▀[0m[38;2;240;203;99m[48;2;237;201;97m▀[0m[38;2;239;203;99m[48;2;231;200;98m▀[0m[38;2;236;199;98m[48;2;230;198;99m▀[0m[38;2;55;54;54m[48;2;70;69;69m▀[0m[38;2;72;72;72m[48;2;71;71;71m▀[0m[38;2;70;70;70m[48;2;73;72;73m▀[0m[38;2;71;70;71m[48;2;74;73;74m▀[0m[38;2;45;43;42m[48;2;76;75;76m▀[0m[38;2;59;57;57m[48;2;56;53;53m▀[0m[38;2;59;57;57m▀[0m[38;2;61;59;59m▀[0m [38;2;3;4;1m▄[0m[38;2;239;134;58m▄[0m[38;2;240;135;58m▄[0m[38;2;251;145;60m[48;2;240;135;58m▀[0m[38;2;243;136;58m[48;2;240;135;58m▀[0m[38;2;36;39;29m[48;2;242;135;58m▀[0m[38;2;31;39;30m[48;2;187;108;48m▀[0m   
         [38;2;30;24;14m[48;2;246;211;107m▀[0m[38;2;73;72;72m[48;2;75;74;74m▀[0m[38;2;126;110;60m[48;2;224;193;97m▀[0m[38;2;233;197;99m[48;2;182;163;92m▀[0m[38;2;234;199;99m[48;2;184;161;93m▀[0m[38;2;237;203;99m[48;2;181;161;91m▀[0m[38;2;252;215;108m[48;2;180;155;78m▀[0m[38;2;25;25;25m[48;2;229;198;98m▀[0m[38;2;70;69;69m[48;2;70;69;69m▀[0m[38;2;229;196;98m[48;2;230;195;98m▀[0m[38;2;233;200;97m[48;2;191;159;80m▀[0m[38;2;233;200;98m[48;2;15;16;14m▀[0m[38;2;74;73;74m[48;2;3;4;2m▀[0m[38;2;73;72;73m[48;2;70;69;69m▀[0m[38;2;72;71;72m[48;2;70;69;70m▀[0m[38;2;72;71;71m[48;2;70;70;69m▀[0m[38;2;70;69;69m[48;2;70;69;70m▀[0m     [38;2;0;0;0m▀[0m[38;2;212;119;54m▀[0m[38;2;238;134;57m[48;2;197;113;52m▀[0m[38;2;242;134;58m[48;2;195;112;53m▀[0m[38;2;244;136;58m▀[0m[38;2;229;127;55m▀[0m   
         [38;2;89;76;41m[48;2;42;25;11m▀[0m[38;2;27;23;12m[48;2;142;82;39m▀[0m[38;2;177;156;92m[48;2;74;41;20m▀[0m[38;2;176;155;91m[48;2;149;87;43m▀[0m  [38;2;53;48;28m▀[0m[38;2;233;201;98m[48;2;230;197;98m▀[0m[38;2;45;44;44m[48;2;231;202;113m▀[0m[38;2;230;197;96m[48;2;231;198;96m▀[0m[38;2;229;196;98m[48;2;233;198;97m▀[0m[38;2;0;1;0m▄[0m [38;2;20;20;19m▀[0m[38;2;71;70;70m[48;2;69;68;68m▀[0m[38;2;70;69;69m[48;2;69;68;68m▀[0m[38;2;70;69;70m[48;2;69;69;68m▀[0m[38;2;8;8;7m[48;2;62;60;60m▀[0m      [38;2;93;55;29m▀[0m[38;2;99;58;28m▀[0m     
         [38;2;6;5;2m▀[0m[38;2;64;34;15m[48;2;99;63;34m▀[0m[38;2;131;76;36m[48;2;102;82;46m▀[0m[38;2;156;90;44m[48;2;79;71;44m▀[0m   [38;2;250;146;62m[48;2;45;40;24m▀[0m[38;2;240;143;65m[48;2;177;159;101m▀[0m[38;2;237;135;58m[48;2;177;155;91m▀[0m[38;2;237;133;57m[48;2;178;157;90m▀[0m[38;2;32;38;30m[48;2;36;38;28m▀[0m   [38;2;63;60;61m[48;2;45;43;43m▀[0m[38;2;57;54;54m[48;2;59;56;56m▀[0m[38;2;58;55;55m[48;2;59;56;56m▀[0m[38;2;40;37;36m[48;2;59;56;56m▀[0m            
         [38;2;203;176;95m▄[0m[38;2;196;112;53m[48;2;186;166;91m▀[0m[38;2;192;109;54m[48;2;179;159;91m▀[0m[38;2;191;110;53m[48;2;177;155;91m▀[0m   [38;2;1;1;0m[48;2;7;7;4m▀[0m[38;2;192;111;54m[48;2;59;45;18m▀[0m[38;2;194;111;53m[48;2;42;26;5m▀[0m[38;2;192;110;53m[48;2;125;114;51m▀[0m[38;2;33;42;31m[48;2;2;2;1m▀[0m   [38;2;186;162;92m▄[0m[38;2;60;58;58m[48;2;184;162;92m▀[0m[38;2;59;56;56m[48;2;185;162;91m▀[0m[38;2;58;55;55m[48;2;181;159;91m▀[0m            
         [38;2;200;173;94m▀[0m[38;2;211;184;99m▀[0m[38;2;227;195;96m▀[0m[38;2;182;161;92m▀[0m   [38;2;214;185;94m[48;2;186;163;92m▀[0m[38;2;216;189;92m[48;2;206;177;94m▀[0m[38;2;187;163;92m[48;2;203;176;96m▀[0m[38;2;199;172;94m[48;2;198;173;95m▀[0m[38;2;6;6;3m▀[0m   [38;2;207;179;95m▀[0m[38;2;214;184;93m▀[0m[38;2;21;21;14m▀[0m[38;2;181;158;91m▀[0m            
                                        
                                        
