                                        
                    [38;2;0;0;0m▄[0m[38;2;231;249;97m▄[0m[38;2;149;155;47m[48;2;175;177;61m▀[0m[38;2;241;251;111m[48;2;245;253;121m▀[0m[38;2;240;252;110m[48;2;249;252;128m▀[0m[38;2;248;251;128m[48;2;250;252;131m▀[0m[38;2;213;228;88m[48;2;241;251;111m▀[0m[38;2;235;250;102m▄[0m[38;2;2;2;0m▄[0m           
                   [38;2;0;0;0m[48;2;231;248;97m▀[0m[38;2;230;248;97m[48;2;237;250;105m▀[0m[38;2;241;251;109m[48;2;246;253;122m▀[0m[38;2;245;253;121m[48;2;246;253;124m▀[0m[38;2;246;253;122m[48;2;246;253;126m▀[0m[38;2;246;253;122m[48;2;246;253;126m▀[0m[38;2;246;253;121m[48;2;238;248;112m▀[0m[38;2;233;248;98m[48;2;233;249;100m▀[0m[38;2;238;252;107m[48;2;174;190;58m▀[0m[38;2;233;248;98m[48;2;230;248;97m▀[0m[38;2;241;254;111m▄[0m          
                  [38;2;161;222;102m[48;2;159;216;100m▀[0m[38;2;16;17;4m[48;2;232;248;97m▀[0m[38;2;235;250;104m[48;2;235;249;101m▀[0m[38;2;246;253;124m[48;2;233;249;100m▀[0m[38;2;246;253;124m[48;2;233;249;99m▀[0m[38;2;241;252;113m[48;2;230;247;95m▀[0m[38;2;242;252;113m[48;2;231;248;96m▀[0m[38;2;231;248;97m[48;2;230;247;97m▀[0m[38;2;230;248;96m[48;2;230;247;96m▀[0m[38;2;130;139;33m[48;2;78;84;22m▀[0m[38;2;231;248;97m[48;2;228;247;94m▀[0m[38;2;230;248;97m[48;2;228;247;95m▀[0m          
                 [38;2;43;54;24m[48;2;145;182;74m▀[0m[38;2;147;197;83m[48;2;136;172;71m▀[0m[38;2;145;149;42m[48;2;145;193;80m▀[0m[38;2;230;247;97m[48;2;0;0;0m▀[0m[38;2;230;248;96m[48;2;237;252;105m▀[0m[38;2;231;248;97m[48;2;44;59;27m▀[0m[38;2;228;242;90m[48;2;14;15;3m▀[0m[38;2;229;247;95m[48;2;229;247;95m▀[0m[38;2;230;247;95m[48;2;229;247;95m▀[0m[38;2;229;247;95m[48;2;0;0;0m▀[0m[38;2;229;247;95m[48;2;238;251;109m▀[0m[38;2;229;247;95m[48;2;229;247;95m▀[0m[38;2;229;247;95m[48;2;230;247;95m▀[0m[38;2;0;0;0m▄[0m         
                 [38;2;136;170;71m[48;2;138;173;72m▀[0m[38;2;136;170;72m[48;2;136;170;71m▀[0m[38;2;136;170;71m[48;2;137;170;71m▀[0m[38;2;140;180;76m[48;2;136;170;71m▀[0m[38;2;147;195;82m[48;2;136;170;71m▀[0m[38;2;144;193;81m[48;2;136;170;71m▀[0m[38;2;147;197;83m[48;2;136;170;71m▀[0m[38;2;129;172;75m[48;2;82;108;49m▀[0m[38;2;72;93;43m[48;2;157;216;97m▀[0m[38;2;158;221;100m[48;2;189;223;145m▀[0m[38;2;242;252;118m[48;2;157;216;97m▀[0m[38;2;230;248;96m[48;2;156;216;97m▀[0m[38;2;229;247;95m[48;2;157;216;97m▀[0m          
                 [38;2;131;162;68m[48;2;0;1;0m▀[0m[38;2;136;170;71m[48;2;135;169;71m▀[0m[38;2;136;170;72m[48;2;135;168;71m▀[0m[38;2;136;169;71m[48;2;2;2;1m▀[0m[38;2;134;169;71m[48;2;156;216;97m▀[0m[38;2;11;13;7m[48;2;157;216;102m▀[0m[38;2;155;215;96m[48;2;158;216;100m▀[0m[38;2;156;216;96m[48;2;156;216;99m▀[0m[38;2;159;217;102m[48;2;157;216;97m▀[0m[38;2;158;217;99m[48;2;157;216;98m▀[0m[38;2;157;215;99m[48;2;157;216;97m▀[0m[38;2;157;216;97m[48;2;156;216;97m▀[0m[38;2;101;135;64m▀[0m          
                [38;2;167;226;104m▄[0m[38;2;165;219;111m▄[0m[38;2;159;220;100m[48;2;193;223;143m▀[0m[38;2;157;216;98m[48;2;174;221;126m▀[0m[38;2;166;219;115m[48;2;159;217;104m▀[0m[38;2;168;219;114m[48;2;156;216;97m▀[0m[38;2;156;216;97m[48;2;157;216;97m▀[0m[38;2;157;216;97m[48;2;157;216;98m▀[0m[38;2;156;216;97m[48;2;157;216;98m▀[0m[38;2;156;216;97m[48;2;158;216;98m▀[0m[38;2;157;216;97m[48;2;70;92;41m▀[0m[38;2;156;215;98m▀[0m            
             [38;2;87;117;55m▄[0m[38;2;0;0;0m[48;2;197;228;144m▀[0m[38;2;183;224;132m[48;2;171;220;118m▀[0m[38;2;194;226;144m[48;2;159;217;99m▀[0m[38;2;167;219;115m[48;2;158;216;99m▀[0m[38;2;159;216;100m[48;2;158;217;100m▀[0m[38;2;159;217;99m[48;2;158;216;100m▀[0m[38;2;157;215;99m[48;2;159;217;99m▀[0m[38;2;159;217;99m[48;2;82;107;52m▀[0m[38;2;158;216;99m[48;2;144;181;75m▀[0m[38;2;158;216;99m[48;2;138;175;73m▀[0m[38;2;34;45;22m[48;2;148;199;83m▀[0m[38;2;141;184;77m[48;2;160;217;102m▀[0m[38;2;152;207;89m[48;2;159;216;100m▀[0m[38;2;159;216;100m▄[0m            
           [38;2;0;2;0m▄[0m[38;2;96;123;66m[48;2;169;220;117m▀[0m[38;2;176;222;126m[48;2;159;216;100m▀[0m[38;2;159;216;100m[48;2;158;216;102m▀[0m[38;2;158;216;99m[48;2;160;218;100m▀[0m[38;2;158;216;100m[48;2;25;30;16m▀[0m[38;2;158;216;100m[48;2;240;243;151m▀[0m[38;2;55;73;36m[48;2;242;243;152m▀[0m[38;2;233;238;117m[48;2;238;242;147m▀[0m[38;2;230;237;108m[48;2;232;238;121m▀[0m[38;2;215;224;92m[48;2;232;238;111m▀[0m[38;2;206;211;89m[48;2;231;238;110m▀[0m[38;2;136;176;74m[48;2;231;238;110m▀[0m[38;2;160;217;101m[48;2;163;224;103m▀[0m[38;2;160;216;100m[48;2;157;216;98m▀[0m[38;2;160;216;100m[48;2;157;216;98m▀[0m[38;2;159;216;100m[48;2;157;216;97m▀[0m[38;2;176;234;110m[48;2;157;215;97m▀[0m           
          [38;2;171;229;108m▄[0m[38;2;165;218;111m[48;2;158;216;101m▀[0m[38;2;160;216;101m[48;2;159;217;99m▀[0m[38;2;160;217;101m[48;2;158;216;100m▀[0m[38;2;160;218;100m[48;2;241;243;116m▀[0m[38;2;116;115;57m[48;2;234;239;120m▀[0m[38;2;242;242;150m[48;2;240;241;152m▀[0m[38;2;245;237;171m[48;2;244;235;170m▀[0m[38;2;247;236;171m[48;2;243;233;169m▀[0m[38;2;242;234;170m[48;2;239;232;163m▀[0m[38;2;233;238;123m[48;2;234;239;128m▀[0m[38;2;231;237;111m[48;2;230;237;109m▀[0m[38;2;230;237;109m[48;2;230;237;109m▀[0m[38;2;230;237;109m[48;2;230;237;109m▀[0m[38;2;229;237;108m[48;2;230;237;109m▀[0m[38;2;160;223;100m[48;2;230;237;109m▀[0m[38;2;156;216;97m[48;2;155;216;97m▀[0m[38;2;156;215;97m[48;2;154;216;97m▀[0m[38;2;157;216;97m[48;2;157;216;97m▀[0m[38;2;158;220;99m[48;2;157;216;98m▀[0m          
         [38;2;0;0;0m▄[0m[38;2;158;217;99m[48;2;158;216;100m▀[0m[38;2;158;216;100m[48;2;157;217;98m▀[0m[38;2;159;217;99m[48;2;157;216;97m▀[0m[38;2;45;45;23m[48;2;230;237;109m▀[0m[38;2;231;237;110m[48;2;230;237;109m▀[0m[38;2;233;239;125m[48;2;234;239;128m▀[0m[38;2;237;239;145m[48;2;237;238;144m▀[0m[38;2;242;232;167m[48;2;237;238;144m▀[0m[38;2;240;231;168m[48;2;237;238;145m▀[0m[38;2;235;235;143m[48;2;234;239;131m▀[0m[38;2;232;238;119m[48;2;230;237;110m▀[0m[38;2;230;237;109m[48;2;231;237;111m▀[0m[38;2;230;237;109m[48;2;232;237;110m▀[0m[38;2;230;237;110m[48;2;232;238;112m▀[0m[38;2;229;237;108m[48;2;232;237;111m▀[0m[38;2;230;237;108m[48;2;232;238;110m▀[0m[38;2;170;233;105m[48;2;207;208;99m▀[0m[38;2;158;217;99m[48;2;159;217;98m▀[0m[38;2;158;217;99m[48;2;160;217;99m▀[0m[38;2;158;216;98m[48;2;158;215;100m▀[0m[38;2;0;0;0m[48;2;127;169;80m▀[0m         
         [38;2;164;227;103m[48;2;157;216;97m▀[0m[38;2;157;216;97m[48;2;157;216;97m▀[0m[38;2;157;216;97m[48;2;158;216;98m▀[0m[38;2;88;115;56m[48;2;109;146;69m▀[0m[38;2;229;236;109m[48;2;233;238;111m▀[0m[38;2;229;237;108m[48;2;233;238;110m▀[0m[38;2;232;238;110m[48;2;1;3;1m▀[0m[38;2;232;238;122m[48;2;233;238;115m▀[0m[38;2;238;241;144m[48;2;233;238;121m▀[0m[38;2;236;240;131m[48;2;233;238;111m▀[0m[38;2;234;238;118m[48;2;232;238;110m▀[0m[38;2;233;237;110m[48;2;231;238;111m▀[0m[38;2;231;238;110m[48;2;231;238;111m▀[0m[38;2;230;237;109m[48;2;231;237;110m▀[0m[38;2;0;1;0m[48;2;86;87;43m▀[0m[38;2;232;237;111m[48;2;231;238;110m▀[0m[38;2;231;238;110m[48;2;231;238;110m▀[0m[38;2;232;237;111m[48;2;231;238;111m▀[0m[38;2;159;217;98m[48;2;158;216;98m▀[0m[38;2;158;216;100m[48;2;158;217;99m▀[0m[38;2;159;216;99m[48;2;158;217;99m▀[0m[38;2;158;216;100m[48;2;157;217;98m▀[0m         
         [38;2;159;217;100m[48;2;158;216;100m▀[0m[38;2;159;217;99m[48;2;157;216;99m▀[0m[38;2;158;215;99m[48;2;76;83;52m▀[0m[38;2;15;14;15m[48;2;142;69;156m▀[0m[38;2;233;237;111m[48;2;26;25;14m▀[0m[38;2;234;238;111m[48;2;234;238;113m▀[0m[38;2;234;239;112m[48;2;234;238;112m▀[0m[38;2;234;238;114m[48;2;233;237;111m▀[0m[38;2;234;238;111m[48;2;233;237;113m▀[0m[38;2;233;238;112m[48;2;237;241;113m▀[0m[38;2;233;237;111m[48;2;233;238;111m▀[0m[38;2;233;237;111m[48;2;233;237;111m▀[0m[38;2;233;237;111m[48;2;246;248;116m▀[0m[38;2;233;238;111m[48;2;233;238;111m▀[0m[38;2;240;246;114m[48;2;233;238;111m▀[0m[38;2;233;238;112m[48;2;233;237;111m▀[0m[38;2;234;238;112m[48;2;233;238;111m▀[0m[38;2;233;238;111m[48;2;138;71;155m▀[0m[38;2;160;215;101m[48;2;132;79;146m▀[0m[38;2;159;217;99m[48;2;158;215;101m▀[0m[38;2;159;217;99m[48;2;161;218;99m▀[0m[38;2;158;216;99m[48;2;159;216;101m▀[0m         
         [38;2;147;201;85m[48;2;65;82;35m▀[0m[38;2;160;217;101m[48;2;159;217;101m▀[0m[38;2;137;74;150m[48;2;136;71;152m▀[0m[38;2;140;68;155m[48;2;138;67;153m▀[0m[38;2;142;69;156m[48;2;138;66;153m▀[0m[38;2;145;72;162m[48;2;137;66;152m▀[0m[38;2;232;236;110m[48;2;137;67;151m▀[0m[38;2;233;237;111m[48;2;140;68;157m▀[0m[38;2;232;237;112m[48;2;31;30;15m▀[0m[38;2;232;237;112m[48;2;244;250;117m▀[0m[38;2;234;238;111m[48;2;234;240;111m▀[0m[38;2;232;237;112m[48;2;244;250;116m▀[0m[38;2;233;237;111m[48;2;169;171;83m▀[0m[38;2;233;238;111m[48;2;69;48;72m▀[0m[38;2;234;238;112m[48;2;138;69;154m▀[0m[38;2;235;239;113m[48;2;141;68;155m▀[0m[38;2;140;69;154m[48;2;139;67;155m▀[0m[38;2;140;68;155m[48;2;138;67;154m▀[0m[38;2;141;69;155m[48;2;138;67;153m▀[0m[38;2;102;127;66m[48;2;29;29;28m▀[0m[38;2;159;216;100m[48;2;159;217;99m▀[0m[38;2;164;220;102m▀[0m         
          [38;2;137;175;73m[48;2;93;116;53m▀[0m[38;2;0;0;2m[48;2;137;173;73m▀[0m[38;2;134;66;150m[48;2;151;194;84m▀[0m[38;2;135;66;152m[48;2;26;25;26m▀[0m[38;2;136;66;152m[48;2;28;31;23m▀[0m[38;2;133;65;151m[48;2;137;71;152m▀[0m[38;2;138;66;153m[48;2;138;67;154m▀[0m[38;2;137;66;153m[48;2;137;66;153m▀[0m[38;2;138;66;153m[48;2;138;66;153m▀[0m[38;2;138;67;153m[48;2;135;66;152m▀[0m[38;2;140;67;154m[48;2;137;66;153m▀[0m[38;2;140;67;154m[48;2;136;66;152m▀[0m[38;2;141;67;155m[48;2;138;66;153m▀[0m[38;2;137;66;153m[48;2;137;66;153m▀[0m[38;2;136;66;153m[48;2;136;67;154m▀[0m[38;2;136;66;153m[48;2;137;67;154m▀[0m[38;2;138;67;153m[48;2;140;67;154m▀[0m[38;2;139;67;154m[48;2;133;69;150m▀[0m[38;2;74;84;49m[48;2;146;195;82m▀[0m[38;2;146;197;83m[48;2;64;78;34m▀[0m          
           [38;2;105;132;61m▀[0m[38;2;135;172;72m[48;2;108;136;61m▀[0m[38;2;139;179;75m[48;2;123;155;65m▀[0m[38;2;147;196;83m[48;2;126;157;67m▀[0m[38;2;133;68;148m[48;2;19;20;11m▀[0m[38;2;136;66;153m[48;2;112;52;119m▀[0m[38;2;136;66;153m[48;2;126;56;127m▀[0m[38;2;137;66;153m[48;2;124;58;134m▀[0m[38;2;137;66;152m[48;2;131;57;133m▀[0m[38;2;137;66;152m[48;2;123;58;134m▀[0m[38;2;134;65;152m[48;2;126;60;131m▀[0m[38;2;152;172;103m[48;2;146;193;83m▀[0m[38;2;137;75;150m[48;2;145;192;80m▀[0m[38;2;136;66;152m[48;2;140;181;77m▀[0m[38;2;133;65;151m[48;2;136;170;71m▀[0m[38;2;120;66;132m[48;2;128;159;68m▀[0m[38;2;141;177;77m[48;2;99;128;61m▀[0m[38;2;118;148;65m▀[0m           
             [38;2;104;134;62m[48;2;138;139;62m▀[0m[38;2;107;135;62m[48;2;3;4;2m▀[0m[38;2;115;143;64m[48;2;96;123;59m▀[0m[38;2;53;39;56m[48;2;108;135;63m▀[0m[38;2;89;46;99m[48;2;109;133;63m▀[0m[38;2;116;52;111m[48;2;83;92;49m▀[0m[38;2;114;51;114m[48;2;94;111;50m▀[0m[38;2;101;50;106m[48;2;113;138;63m▀[0m[38;2;86;95;46m[48;2;105;132;62m▀[0m[38;2;120;152;66m[48;2;105;133;62m▀[0m[38;2;104;131;62m[48;2;106;134;62m▀[0m[38;2;105;133;62m[48;2;93;121;59m▀[0m[38;2;92;121;58m[48;2;9;11;6m▀[0m[38;2;95;122;58m[48;2;139;139;62m▀[0m             
             [38;2;0;0;0m▀[0m[38;2;170;171;76m[48;2;11;11;5m▀[0m[38;2;146;150;65m[48;2;198;203;88m▀[0m[38;2;139;140;62m▀[0m[38;2;12;17;8m▀[0m[38;2;95;123;59m▀[0m[38;2;91;121;58m▀[0m[38;2;93;121;58m▀[0m[38;2;92;121;58m▀[0m[38;2;29;37;18m▀[0m[38;2;2;2;1m▀[0m[38;2;139;139;61m▀[0m[38;2;157;162;71m[48;2;104;108;49m▀[0m[38;2;184;193;86m[48;2;209;212;92m▀[0m             
                                        
