                                        
                [38;2;225;235;249m▀[0m[38;2;233;238;248m▄[0m[38;2;8;8;7m[48;2;8;9;8m▀[0m[38;2;233;238;248m▄[0m  [38;2;222;231;246m▄[0m[38;2;29;30;32m▄[0m                
           [38;2;233;238;248m▄[0m[38;2;7;8;8m[48;2;233;238;248m▀[0m[38;2;232;238;248m[48;2;233;239;249m▀[0m[38;2;233;239;249m[48;2;234;240;249m▀[0m[38;2;233;238;248m[48;2;233;238;248m▀[0m[38;2;234;238;248m[48;2;233;238;248m▀[0m[38;2;232;238;248m[48;2;233;239;249m▀[0m[38;2;228;236;248m[48;2;233;239;249m▀[0m[38;2;226;234;247m[48;2;233;239;249m▀[0m[38;2;226;234;247m[48;2;234;239;249m▀[0m[38;2;191;197;201m[48;2;234;239;249m▀[0m[38;2;225;233;247m[48;2;237;241;250m▀[0m[38;2;231;237;248m[48;2;168;193;221m▀[0m[38;2;168;193;221m▄[0m               
           [38;2;24;25;24m[48;2;121;124;128m▀[0m[38;2;233;238;248m[48;2;231;237;248m▀[0m[38;2;231;238;248m[48;2;233;239;249m▀[0m[38;2;233;239;249m[48;2;235;240;249m▀[0m[38;2;233;239;248m[48;2;237;241;250m▀[0m[38;2;234;240;249m[48;2;237;241;250m▀[0m[38;2;235;241;250m[48;2;237;241;249m▀[0m[38;2;237;241;250m[48;2;237;241;250m▀[0m[38;2;235;241;250m[48;2;236;241;250m▀[0m[38;2;236;241;250m[48;2;234;238;248m▀[0m[38;2;235;241;250m[48;2;235;240;249m▀[0m[38;2;235;241;250m[48;2;236;240;249m▀[0m[38;2;246;248;251m[48;2;235;240;249m▀[0m[38;2;168;193;222m[48;2;99;114;130m▀[0m[38;2;168;193;221m[48;2;166;191;221m▀[0m[38;2;170;195;224m▄[0m             
           [38;2;232;238;248m[48;2;236;240;249m▀[0m[38;2;235;241;249m[48;2;236;241;250m▀[0m[38;2;237;241;249m[48;2;236;241;250m▀[0m[38;2;236;241;249m[48;2;234;240;249m▀[0m[38;2;237;241;250m[48;2;235;239;249m▀[0m[38;2;236;241;250m[48;2;234;240;249m▀[0m[38;2;234;239;249m[48;2;234;240;249m▀[0m[38;2;235;240;249m[48;2;234;240;249m▀[0m[38;2;234;240;249m[48;2;220;230;245m▀[0m[38;2;234;240;249m[48;2;197;213;233m▀[0m[38;2;234;240;249m[48;2;179;200;227m▀[0m[38;2;234;240;249m[48;2;172;196;223m▀[0m[38;2;234;239;249m[48;2;182;202;228m▀[0m[38;2;229;236;248m[48;2;184;204;228m▀[0m[38;2;76;83;91m[48;2;171;198;230m▀[0m[38;2;232;238;248m[48;2;205;219;239m▀[0m[38;2;226;234;247m[48;2;228;234;247m▀[0m[38;2;226;234;247m▀[0m           
           [38;2;233;239;249m[48;2;7;7;7m▀[0m[38;2;233;239;249m[48;2;233;240;249m▀[0m[38;2;234;240;249m[48;2;234;240;249m▀[0m[38;2;234;240;249m[48;2;235;240;249m▀[0m[38;2;234;240;249m[48;2;216;227;244m▀[0m[38;2;234;240;249m[48;2;208;223;241m▀[0m[38;2;234;238;248m[48;2;178;200;227m▀[0m[38;2;213;224;243m[48;2;167;192;221m▀[0m[38;2;178;199;225m[48;2;179;206;238m▀[0m[38;2;167;191;220m[48;2;121;203;144m▀[0m[38;2;166;191;220m[48;2;107;180;129m▀[0m[38;2;169;194;224m[48;2;138;200;158m▀[0m[38;2;163;189;219m[48;2;165;191;219m▀[0m[38;2;163;189;219m[48;2;164;190;219m▀[0m[38;2;33;36;41m[48;2;164;190;220m▀[0m[38;2;165;191;220m[48;2;170;193;222m▀[0m[38;2;190;207;231m[48;2;175;196;224m▀[0m[38;2;119;126;133m▀[0m           
           [38;2;0;0;0m▄[0m[38;2;250;148;147m▄[0m[38;2;173;199;229m[48;2;86;120;96m▀[0m[38;2;166;192;220m[48;2;224;211;133m▀[0m[38;2;171;196;226m[48;2;130;190;138m▀[0m[38;2;15;18;19m[48;2;94;159;121m▀[0m[38;2;96;162;123m[48;2;97;162;123m▀[0m[38;2;95;161;119m[48;2;222;209;133m▀[0m[38;2;217;205;123m[48;2;255;255;255m▀[0m[38;2;39;37;25m[48;2;243;112;125m▀[0m[38;2;107;180;130m[48;2;108;182;130m▀[0m[38;2;151;174;200m[48;2;58;64;75m▀[0m[38;2;163;189;219m[48;2;164;190;219m▀[0m[38;2;163;190;220m[48;2;63;71;84m▀[0m[38;2;103;176;128m[48;2;52;55;65m▀[0m[38;2;175;198;225m[48;2;66;107;84m▀[0m[38;2;23;25;27m▀[0m            
       [38;2;71;41;41m▄[0m[38;2;166;99;99m[48;2;241;144;141m▀[0m[38;2;225;135;136m[48;2;242;122;129m▀[0m[38;2;242;112;126m[48;2;243;117;127m▀[0m[38;2;242;112;126m[48;2;243;118;128m▀[0m[38;2;243;118;128m[48;2;242;117;128m▀[0m[38;2;253;123;136m[48;2;243;117;128m▀[0m[38;2;252;253;254m[48;2;151;215;169m▀[0m[38;2;118;119;86m[48;2;210;129;146m▀[0m[38;2;94;159;121m[48;2;94;156;120m▀[0m[38;2;97;163;123m[48;2;97;163;123m▀[0m[38;2;245;248;251m[48;2;101;172;126m▀[0m[38;2;184;102;111m[48;2;94;159;113m▀[0m[38;2;114;192;137m[48;2;113;161;142m▀[0m[38;2;164;190;219m[48;2;93;155;119m▀[0m[38;2;92;153;119m[48;2;92;154;120m▀[0m[38;2;176;203;233m[48;2;93;154;119m▀[0m[38;2;93;154;119m[48;2;13;22;16m▀[0m[38;2;98;162;126m▀[0m              
       [38;2;248;117;131m[48;2;0;0;0m▀[0m[38;2;243;115;127m[48;2;243;118;128m▀[0m[38;2;243;118;128m[48;2;242;118;128m▀[0m[38;2;243;118;128m[48;2;243;117;128m▀[0m[38;2;243;118;128m[48;2;224;105;119m▀[0m[38;2;242;117;128m[48;2;185;97;118m▀[0m[38;2;221;106;123m[48;2;139;74;90m▀[0m[38;2;181;96;117m[48;2;156;83;101m▀[0m[38;2;52;78;59m[48;2;141;76;91m▀[0m[38;2;92;153;120m[48;2;141;76;91m▀[0m[38;2;17;25;20m[48;2;80;106;89m▀[0m[38;2;174;219;182m[48;2;139;195;173m▀[0m[38;2;148;207;174m[48;2;92;152;119m▀[0m[38;2;66;110;84m[48;2;92;150;118m▀[0m[38;2;93;153;119m[48;2;65;104;81m▀[0m[38;2;92;152;119m▀[0m                 
        [38;2;145;78;93m▀[0m[38;2;179;96;117m▀[0m[38;2;179;95;116m▀[0m[38;2;120;164;147m[48;2;111;146;130m▀[0m[38;2;141;75;90m[48;2;111;145;130m▀[0m[38;2;120;155;139m[48;2;112;145;131m▀[0m[38;2;32;34;30m[48;2;124;163;145m▀[0m[38;2;141;77;90m[48;2;164;86;101m▀[0m[38;2;139;75;90m[48;2;164;86;101m▀[0m[38;2;166;87;103m▀[0m[38;2;165;172;115m▄[0m[38;2;48;73;58m[48;2;165;173;114m▀[0m[38;2;93;153;119m[48;2;165;172;114m▀[0m                   
           [38;2;129;176;156m▀[0m[38;2;119;154;137m[48;2;173;217;181m▀[0m[38;2;120;161;143m[48;2;171;217;181m▀[0m[38;2;71;97;87m▀[0m [38;2;113;149;136m▄[0m[38;2;3;3;1m[48;2;16;23;18m▀[0m[38;2;219;207;127m[48;2;118;183;133m▀[0m[38;2;32;29;18m[48;2;107;179;128m▀[0m[38;2;143;204;185m[48;2;168;215;180m▀[0m[38;2;91;149;118m[48;2;30;41;33m▀[0m[38;2;93;154;119m▄[0m[38;2;95;157;123m▄[0m                
            [38;2;169;220;183m▀[0m[38;2;166;215;180m[48;2;169;216;180m▀[0m[38;2;31;41;37m[48;2;138;197;176m▀[0m[38;2;127;182;164m▀[0m[38;2;4;5;4m▄[0m[38;2;137;191;142m[48;2;133;193;140m▀[0m[38;2;107;182;129m[48;2;108;184;130m▀[0m[38;2;108;184;130m[48;2;108;184;129m▀[0m[38;2;110;185;130m[48;2;108;184;130m▀[0m[38;2;173;218;181m[48;2;176;223;187m▀[0m[38;2;93;154;119m[48;2;178;225;187m▀[0m[38;2;93;153;119m[48;2;93;154;119m▀[0m[38;2;93;153;118m[48;2;93;155;119m▀[0m[38;2;78;124;97m[48;2;88;139;108m▀[0m[38;2;81;120;92m▄[0m[38;2;83;122;93m▄[0m[38;2;37;52;40m▄[0m[38;2;80;118;90m▄[0m          
             [38;2;32;40;33m▀[0m  [38;2;84;101;84m[48;2;178;228;190m▀[0m[38;2;54;88;64m[48;2;174;221;184m▀[0m[38;2;107;182;130m[48;2;109;183;130m▀[0m[38;2;108;182;129m[48;2;103;175;124m▀[0m[38;2;108;183;130m[48;2;109;183;130m▀[0m[38;2;109;183;130m[48;2;108;180;129m▀[0m[38;2;172;217;181m[48;2;177;223;185m▀[0m[38;2;23;30;25m[48;2;164;215;179m▀[0m[38;2;93;153;119m[48;2;142;201;179m▀[0m[38;2;84;127;97m[48;2;81;118;90m▀[0m[38;2;80;118;90m[48;2;70;102;78m▀[0m[38;2;80;118;90m[48;2;152;171;216m▀[0m[38;2;80;118;90m[48;2;123;150;205m▀[0m[38;2;80;119;91m[48;2;120;145;201m▀[0m[38;2;82;121;92m[48;2;81;118;91m▀[0m[38;2;89;132;99m▀[0m        
                [38;2;182;230;192m[48;2;32;43;36m▀[0m[38;2;172;217;181m[48;2;145;201;171m▀[0m[38;2;35;42;37m[48;2;172;218;180m▀[0m[38;2;169;216;180m[48;2;172;217;181m▀[0m[38;2;23;29;24m[48;2;172;217;181m▀[0m[38;2;96;161;122m[48;2;93;152;118m▀[0m[38;2;23;36;28m▀[0m[38;2;131;185;166m[48;2;130;184;165m▀[0m[38;2;131;186;165m[48;2;130;184;165m▀[0m[38;2;130;184;165m[48;2;101;143;129m▀[0m[38;2;131;157;209m[48;2;120;147;203m▀[0m[38;2;121;146;203m[48;2;104;133;195m▀[0m[38;2;98;126;190m[48;2;99;128;191m▀[0m[38;2;96;125;191m[48;2;103;131;193m▀[0m[38;2;50;60;93m[48;2;105;134;195m▀[0m[38;2;26;36;28m[48;2;87;131;99m▀[0m        
                [38;2;135;190;170m[48;2;4;7;4m▀[0m[38;2;131;185;165m[48;2;109;149;133m▀[0m[38;2;172;217;181m[48;2;171;217;180m▀[0m[38;2;171;217;181m[48;2;170;216;181m▀[0m[38;2;171;217;181m[48;2;172;217;181m▀[0m[38;2;81;121;92m[48;2;158;179;227m▀[0m[38;2;72;86;117m[48;2;135;158;210m▀[0m[38;2;123;150;205m[48;2;124;151;206m▀[0m[38;2;123;149;204m[48;2;124;151;206m▀[0m[38;2;123;150;205m[48;2;123;151;206m▀[0m[38;2;124;151;205m[48;2;124;151;205m▀[0m[38;2;100;128;192m[48;2;114;142;201m▀[0m[38;2;25;30;41m[48;2;101;131;196m▀[0m[38;2;115;148;218m[48;2;101;130;193m▀[0m[38;2;108;136;201m▀[0m[38;2;1;2;1m▀[0m[38;2;5;6;3m▀[0m       
                 [38;2;122;168;151m▀[0m[38;2;151;195;165m[48;2;135;191;172m▀[0m[38;2;173;217;181m[48;2;170;217;181m▀[0m[38;2;171;217;180m[48;2;172;217;181m▀[0m[38;2;124;150;206m[48;2;110;137;198m▀[0m[38;2;99;128;192m[48;2;99;128;192m▀[0m[38;2;53;67;97m[48;2;99;128;193m▀[0m[38;2;99;127;192m[48;2;99;128;192m▀[0m[38;2;123;151;205m[48;2;98;127;191m▀[0m[38;2;123;151;206m[48;2;98;126;191m▀[0m[38;2;111;139;199m[48;2;63;79;119m▀[0m[38;2;98;126;191m[48;2;100;129;195m▀[0m[38;2;104;135;206m[48;2;108;139;210m▀[0m          
                  [38;2;30;42;37m▀[0m[38;2;171;216;180m[48;2;169;216;181m▀[0m[38;2;170;216;181m[48;2;157;212;178m▀[0m[38;2;50;68;57m[48;2;0;0;0m▀[0m[38;2;105;133;195m▀[0m[38;2;91;115;167m▀[0m[38;2;96;125;190m▀[0m[38;2;98;126;191m▀[0m[38;2;62;78;116m[48;2;98;126;190m▀[0m[38;2;92;116;171m[48;2;107;138;206m▀[0m[38;2;112;143;213m[48;2;1;1;1m▀[0m           
                   [38;2;133;186;167m[48;2;164;170;114m▀[0m[38;2;129;184;165m[48;2;129;183;165m▀[0m                   
                   [38;2;165;171;113m[48;2;161;168;113m▀[0m[38;2;3;3;2m▀[0m                   
                                        
