                                        
                [38;2;227;229;233m▀[0m[38;2;234;235;238m▄[0m[38;2;7;7;5m[48;2;8;9;8m▀[0m[38;2;234;235;238m▄[0m [38;2;4;4;4m▄[0m[38;2;224;226;230m▄[0m[38;2;27;28;28m▄[0m                
           [38;2;234;235;238m▄[0m[38;2;7;8;8m[48;2;234;235;238m▀[0m[38;2;233;234;237m[48;2;234;235;238m▀[0m[38;2;234;235;238m[48;2;235;236;239m▀[0m[38;2;234;235;238m[48;2;234;235;238m▀[0m[38;2;235;236;238m[48;2;234;235;238m▀[0m[38;2;233;234;237m[48;2;234;235;238m▀[0m[38;2;230;231;234m[48;2;234;235;238m▀[0m[38;2;228;229;233m[48;2;234;235;238m▀[0m[38;2;228;229;233m[48;2;235;236;239m▀[0m[38;2;193;194;196m[48;2;235;236;239m▀[0m[38;2;227;228;232m[48;2;238;239;241m▀[0m[38;2;232;233;236m[48;2;174;177;185m▀[0m[38;2;174;177;185m▄[0m               
           [38;2;24;24;24m[48;2;121;122;124m▀[0m[38;2;234;235;238m[48;2;232;233;236m▀[0m[38;2;233;234;236m[48;2;234;235;238m▀[0m[38;2;234;235;238m[48;2;236;237;240m▀[0m[38;2;234;235;238m[48;2;238;239;241m▀[0m[38;2;235;236;239m[48;2;238;239;241m▀[0m[38;2;236;237;240m[48;2;238;239;241m▀[0m[38;2;238;239;241m[48;2;238;239;241m▀[0m[38;2;236;237;239m[48;2;237;238;240m▀[0m[38;2;237;238;240m[48;2;235;236;238m▀[0m[38;2;236;237;240m[48;2;236;237;240m▀[0m[38;2;236;237;240m[48;2;237;238;240m▀[0m[38;2;246;247;248m[48;2;236;237;239m▀[0m[38;2;174;177;185m[48;2;102;105;109m▀[0m[38;2;174;177;185m[48;2;172;175;184m▀[0m[38;2;176;179;187m▄[0m             
           [38;2;233;234;237m[48;2;237;237;240m▀[0m[38;2;236;237;240m[48;2;237;238;240m▀[0m[38;2;238;239;241m[48;2;237;238;240m▀[0m[38;2;237;238;240m[48;2;235;236;239m▀[0m[38;2;238;239;241m[48;2;236;237;239m▀[0m[38;2;237;238;241m[48;2;235;236;239m▀[0m[38;2;235;236;238m[48;2;235;236;239m▀[0m[38;2;236;237;239m[48;2;235;236;239m▀[0m[38;2;235;236;239m[48;2;221;224;228m▀[0m[38;2;235;236;239m[48;2;199;203;208m▀[0m[38;2;235;236;239m[48;2;184;187;194m▀[0m[38;2;235;236;239m[48;2;175;181;188m▀[0m[38;2;235;236;238m[48;2;186;190;197m▀[0m[38;2;231;232;234m[48;2;188;191;198m▀[0m[38;2;77;78;81m[48;2;177;182;190m▀[0m[38;2;233;234;237m[48;2;209;211;216m▀[0m[38;2;228;229;233m[48;2;230;231;234m▀[0m[38;2;228;229;233m▀[0m           
           [38;2;234;235;238m[48;2;7;7;7m▀[0m[38;2;234;235;238m[48;2;235;236;238m▀[0m[38;2;235;236;239m[48;2;235;236;239m▀[0m[38;2;235;236;239m[48;2;236;237;239m▀[0m[38;2;235;236;239m[48;2;217;220;225m▀[0m[38;2;235;236;239m[48;2;210;214;219m▀[0m[38;2;235;236;238m[48;2;181;186;193m▀[0m[38;2;215;218;223m[48;2;170;176;184m▀[0m[38;2;180;186;193m[48;2;182;190;198m▀[0m[38;2;170;176;184m[48;2;150;219;105m▀[0m[38;2;169;175;183m[48;2;130;194;93m▀[0m[38;2;172;178;186m[48;2;156;212;126m▀[0m[38;2;166;173;181m[48;2;168;175;182m▀[0m[38;2;169;173;181m[48;2;170;174;181m▀[0m[38;2;34;34;35m[48;2;169;174;182m▀[0m[38;2;171;175;182m[48;2;173;179;186m▀[0m[38;2;194;197;203m[48;2;180;183;190m▀[0m[38;2;121;122;123m▀[0m           
           [38;2;0;0;0m▄[0m[38;2;248;146;250m▄[0m[38;2;176;183;191m[48;2;95;127;79m▀[0m[38;2;169;176;183m[48;2;224;211;133m▀[0m[38;2;174;180;188m[48;2;161;202;118m▀[0m[38;2;16;17;16m[48;2;103;171;81m▀[0m[38;2;106;175;83m[48;2;108;175;84m▀[0m[38;2;110;173;82m[48;2;222;209;133m▀[0m[38;2;217;205;123m[48;2;255;255;255m▀[0m[38;2;39;37;25m[48;2;225;112;243m▀[0m[38;2;129;194;93m[48;2;131;196;94m▀[0m[38;2;153;159;166m[48;2;58;59;64m▀[0m[38;2;166;173;181m[48;2;167;174;181m▀[0m[38;2;169;173;181m[48;2;64;66;69m▀[0m[38;2;121;190;89m[48;2;53;51;56m▀[0m[38;2;178;184;191m[48;2;72;115;58m▀[0m[38;2;24;24;25m▀[0m            
       [38;2;68;40;69m▄[0m[38;2;164;99;166m[48;2;240;141;241m▀[0m[38;2;220;134;225m[48;2;231;122;242m▀[0m[38;2;224;112;242m[48;2;228;117;243m▀[0m[38;2;223;112;242m[48;2;228;118;243m▀[0m[38;2;228;118;243m[48;2;226;117;242m▀[0m[38;2;236;123;253m[48;2;227;117;243m▀[0m[38;2;252;253;253m[48;2;173;227;139m▀[0m[38;2;118;119;86m[48;2;190;129;210m▀[0m[38;2;104;172;81m[48;2;102;168;82m▀[0m[38;2;109;176;84m[48;2;108;176;84m▀[0m[38;2;245;246;247m[48;2;119;186;87m▀[0m[38;2;172;102;184m[48;2;115;171;81m▀[0m[38;2;140;208;99m[48;2;133;168;133m▀[0m[38;2;167;174;181m[48;2;102;167;81m▀[0m[38;2;99;165;80m[48;2;99;166;80m▀[0m[38;2;179;186;194m[48;2;101;166;81m▀[0m[38;2;101;166;81m[48;2;15;23;12m▀[0m[38;2;105;175;85m▀[0m              
       [38;2;229;117;248m[48;2;0;0;0m▀[0m[38;2;226;115;243m[48;2;228;118;243m▀[0m[38;2;227;118;243m[48;2;228;118;242m▀[0m[38;2;228;118;243m[48;2;227;117;243m▀[0m[38;2;228;118;243m[48;2;205;105;224m▀[0m[38;2;226;117;242m[48;2;161;97;185m▀[0m[38;2;200;106;221m[48;2;121;74;139m▀[0m[38;2;157;96;181m[48;2;135;83;156m▀[0m[38;2;60;84;47m[48;2;125;76;141m▀[0m[38;2;98;165;80m[48;2;125;76;141m▀[0m[38;2;19;27;16m[48;2;97;111;91m▀[0m[38;2;209;228;192m[48;2;162;204;162m▀[0m[38;2;181;218;171m[48;2;98;164;80m▀[0m[38;2;76;118;61m[48;2;98;161;81m▀[0m[38;2;100;165;80m[48;2;70;111;57m▀[0m[38;2;99;165;80m▀[0m                 
        [38;2;128;78;145m▀[0m[38;2;154;96;179m▀[0m[38;2;155;95;179m▀[0m[38;2;137;170;137m[48;2;129;153;125m▀[0m[38;2;125;75;141m[48;2;126;151;124m▀[0m[38;2;138;162;134m[48;2;127;151;125m▀[0m[38;2;35;35;36m[48;2;142;170;139m▀[0m[38;2;125;77;141m[48;2;146;86;164m▀[0m[38;2;121;75;139m[48;2;145;86;164m▀[0m[38;2;146;87;166m▀[0m[38;2;165;172;115m▄[0m[38;2;53;78;43m[48;2;165;173;114m▀[0m[38;2;100;165;81m[48;2;165;172;114m▀[0m                   
           [38;2;149;184;147m▀[0m[38;2;138;161;133m[48;2;208;226;190m▀[0m[38;2;138;168;136m[48;2;205;226;189m▀[0m[38;2;82;101;82m▀[0m [38;2;128;155;128m▄[0m[38;2;2;1;2m[48;2;19;24;16m▀[0m[38;2;219;207;127m[48;2;144;195;106m▀[0m[38;2;32;29;18m[48;2;131;193;93m▀[0m[38;2;168;211;172m[48;2;202;224;186m▀[0m[38;2;96;160;80m[48;2;37;43;34m▀[0m[38;2;101;166;81m▄[0m[38;2;101;169;83m▄[0m                
            [38;2;205;230;189m▀[0m[38;2;201;224;185m[48;2;204;225;187m▀[0m[38;2;33;39;32m[48;2;162;205;163m▀[0m[38;2;149;189;152m▀[0m[38;2;5;5;4m▄[0m[38;2;170;201;127m[48;2;167;205;121m▀[0m[38;2;131;197;93m[48;2;133;199;93m▀[0m[38;2;133;199;93m[48;2;133;199;93m▀[0m[38;2;137;200;96m[48;2;133;199;93m▀[0m[38;2;208;227;191m[48;2;212;232;194m▀[0m[38;2;101;166;81m[48;2;214;234;196m▀[0m[38;2;101;165;81m[48;2;101;166;81m▀[0m[38;2;102;165;81m[48;2;101;167;81m▀[0m[38;2;85;132;69m[48;2;99;149;79m▀[0m[38;2;95;128;74m▄[0m[38;2;98;129;76m▄[0m[38;2;42;55;33m▄[0m[38;2;95;125;73m▄[0m          
             [38;2;34;37;32m▀[0m  [38;2;100;104;90m[48;2;214;238;198m▀[0m[38;2;66;95;47m[48;2;210;230;193m▀[0m[38;2;129;196;93m[48;2;134;197;95m▀[0m[38;2;131;196;94m[48;2;127;188;90m▀[0m[38;2;133;198;94m[48;2;134;197;95m▀[0m[38;2;134;197;95m[48;2;132;194;94m▀[0m[38;2;206;226;190m[48;2;213;232;195m▀[0m[38;2;26;31;24m[48;2;199;225;184m▀[0m[38;2;102;165;81m[48;2;165;209;166m▀[0m[38;2;97;136;76m[48;2;95;125;74m▀[0m[38;2;95;125;73m[48;2;82;109;63m▀[0m[38;2;95;125;73m[48;2;155;160;172m▀[0m[38;2;95;126;73m[48;2;127;134;149m▀[0m[38;2;93;127;72m[48;2;124;131;145m▀[0m[38;2;97;129;75m[48;2;94;125;74m▀[0m[38;2;106;140;80m▀[0m        
                [38;2;219;240;200m[48;2;38;45;36m▀[0m[38;2;206;226;190m[48;2;176;212;167m▀[0m[38;2;41;44;38m[48;2;207;227;190m▀[0m[38;2;204;225;187m[48;2;206;226;190m▀[0m[38;2;27;30;23m[48;2;206;226;190m▀[0m[38;2;108;174;83m[48;2;101;163;82m▀[0m[38;2;25;39;20m▀[0m[38;2;153;193;154m[48;2;152;191;154m▀[0m[38;2;153;194;153m[48;2;152;191;154m▀[0m[38;2;152;191;154m[48;2;119;149;121m▀[0m[38;2;138;142;156m[48;2;127;131;146m▀[0m[38;2;128;132;147m[48;2;113;117;134m▀[0m[38;2;106;110;127m[48;2;107;111;128m▀[0m[38;2;101;109;126m[48;2;108;115;132m▀[0m[38;2;52;55;63m[48;2;110;117;134m▀[0m[38;2;31;38;24m[48;2;102;140;78m▀[0m        
                [38;2;156;198;157m[48;2;4;6;4m▀[0m[38;2;152;193;153m[48;2;126;155;125m▀[0m[38;2;207;226;190m[48;2;206;226;189m▀[0m[38;2;205;226;189m[48;2;203;225;188m▀[0m[38;2;205;226;189m[48;2;206;226;190m▀[0m[38;2;94;129;73m[48;2;164;167;180m▀[0m[38;2;74;78;86m[48;2;139;145;159m▀[0m[38;2;131;135;150m[48;2;131;135;150m▀[0m[38;2;130;134;149m[48;2;131;135;150m▀[0m[38;2;130;134;149m[48;2;130;135;149m▀[0m[38;2;131;135;150m[48;2;131;135;150m▀[0m[38;2;108;112;129m[48;2;122;126;141m▀[0m[38;2;26;27;30m[48;2;110;115;131m▀[0m[38;2;121;129;147m[48;2;109;113;130m▀[0m[38;2;113;120;137m▀[0m[38;2;1;2;1m▀[0m[38;2;1;3;1m▀[0m       
                 [38;2;140;175;140m▀[0m[38;2;180;204;168m[48;2;158;198;160m▀[0m[38;2;208;226;190m[48;2;204;226;188m▀[0m[38;2;206;226;189m[48;2;206;226;190m▀[0m[38;2;131;135;150m[48;2;118;122;138m▀[0m[38;2;107;111;128m[48;2;107;112;128m▀[0m[38;2;57;59;67m[48;2;107;112;129m▀[0m[38;2;107;111;128m[48;2;107;112;128m▀[0m[38;2;130;135;150m[48;2;106;111;127m▀[0m[38;2;130;135;150m[48;2;106;110;127m▀[0m[38;2;119;123;139m[48;2;68;70;81m▀[0m[38;2;106;110;127m[48;2;108;113;130m▀[0m[38;2;113;118;136m[48;2;117;121;140m▀[0m          
                  [38;2;35;44;35m▀[0m[38;2;205;225;188m[48;2;204;225;187m▀[0m[38;2;204;225;188m[48;2;192;223;179m▀[0m[38;2;61;71;57m[48;2;0;0;0m▀[0m[38;2;113;117;134m▀[0m[38;2;97;101;115m▀[0m[38;2;104;109;126m▀[0m[38;2;106;110;127m▀[0m[38;2;67;69;79m[48;2;106;110;127m▀[0m[38;2;98;102;117m[48;2;116;121;139m▀[0m[38;2;121;125;144m[48;2;1;1;1m▀[0m           
                   [38;2;154;193;155m[48;2;164;170;114m▀[0m[38;2;151;191;153m[48;2;151;190;154m▀[0m[38;2;4;4;4m▀[0m                  
                   [38;2;165;171;113m[48;2;161;168;113m▀[0m[38;2;3;3;2m▀[0m                   
                                        
