                                        
                                        
                                        
                                        
                                        
  [38;2;11;45;54m▄[0m [38;2;19;77;94m[48;2;52;202;244m▀[0m[38;2;42;140;170m▄[0m         [38;2;64;205;246m▄[0m[38;2;21;61;74m▀[0m [38;2;67;192;229m▄[0m[38;2;13;33;39m[48;2;66;207;247m▀[0m                    
  [38;2;49;203;246m▀[0m[38;2;61;206;246m[48;2;9;16;13m▀[0m[38;2;46;78;69m[48;2;229;229;112m▀[0m[38;2;228;229;109m[48;2;226;227;105m▀[0m[38;2;226;227;105m▄[0m[38;2;227;228;101m▄[0m[38;2;226;227;98m▄[0m    [38;2;0;0;0m▄[0m[38;2;13;43;50m[48;2;216;220;220m▀[0m[38;2;222;230;224m▀[0m [38;2;216;219;219m▄[0m[38;2;65;206;247m[48;2;215;217;217m▀[0m[38;2;76;216;255m[48;2;19;68;82m▀[0m              [38;2;58;178;214m[48;2;62;206;246m▀[0m[38;2;0;0;0m[48;2;62;206;247m▀[0m    
  [38;2;60;207;245m[48;2;8;28;33m▀[0m[38;2;33;73;84m▀[0m[38;2;227;228;108m[48;2;222;223;110m▀[0m[38;2;227;228;106m[48;2;228;229;109m▀[0m[38;2;227;228;103m[48;2;226;227;99m▀[0m[38;2;226;227;98m[48;2;226;227;98m▀[0m[38;2;226;227;98m[48;2;226;227;98m▀[0m[38;2;226;227;98m[48;2;226;227;98m▀[0m[38;2;226;227;97m[48;2;226;227;98m▀[0m[38;2;195;196;87m▄[0m[38;2;1;3;3m▄[0m[38;2;50;51;51m▀[0m[38;2;215;219;219m[48;2;78;80;81m▀[0m[38;2;41;42;41m[48;2;116;119;121m▀[0m[38;2;76;77;77m[48;2;217;220;220m▀[0m[38;2;216;220;219m[48;2;223;227;226m▀[0m[38;2;216;220;220m▀[0m     [38;2;2;2;2m▄[0m[38;2;226;227;97m▄[0m[38;2;226;227;99m▄[0m[38;2;224;225;95m▄[0m[38;2;226;227;98m▄[0m[38;2;124;124;60m[48;2;222;223;95m▀[0m[38;2;222;223;111m[48;2;227;228;102m▀[0m[38;2;222;219;115m[48;2;227;228;110m▀[0m[38;2;214;210;125m[48;2;227;228;107m▀[0m[38;2;230;231;120m[48;2;231;232;119m▀[0m[38;2;229;230;117m[48;2;231;232;119m▀[0m[38;2;60;206;246m[48;2;75;215;255m▀[0m[38;2;52;204;245m[48;2;60;205;244m▀[0m[38;2;58;205;246m[48;2;71;211;251m▀[0m  
     [38;2;224;225;103m[48;2;2;3;4m▀[0m[38;2;226;227;98m[48;2;225;226;97m▀[0m[38;2;222;223;95m[48;2;225;226;97m▀[0m[38;2;223;224;96m[48;2;226;227;98m▀[0m[38;2;226;227;98m[48;2;229;230;100m▀[0m[38;2;227;228;99m[48;2;35;192;233m▀[0m[38;2;175;176;80m[48;2;42;157;183m▀[0m[38;2;167;168;80m[48;2;54;91;55m▀[0m[38;2;58;201;242m[48;2;142;148;150m▀[0m[38;2;113;114;114m[48;2;99;100;99m▀[0m[38;2;122;123;123m[48;2;148;150;150m▀[0m[38;2;45;202;244m[48;2;96;213;248m▀[0m[38;2;89;90;93m[48;2;90;92;95m▀[0m[38;2;86;87;89m[48;2;80;80;81m▀[0m [38;2;49;53;30m▄[0m[38;2;164;165;78m▄[0m[38;2;144;156;84m[48;2;164;165;79m▀[0m[38;2;172;173;81m[48;2;173;174;79m▀[0m[38;2;196;197;87m[48;2;180;181;82m▀[0m[38;2;226;227;98m[48;2;226;227;98m▀[0m[38;2;226;227;97m[48;2;226;227;98m▀[0m[38;2;226;227;99m[48;2;226;227;98m▀[0m[38;2;226;227;98m[48;2;226;227;98m▀[0m[38;2;226;227;98m[48;2;226;227;99m▀[0m[38;2;226;227;98m[48;2;221;221;95m▀[0m[38;2;226;227;104m[48;2;222;223;100m▀[0m[38;2;227;228;108m[48;2;227;228;106m▀[0m[38;2;231;232;120m[48;2;231;232;120m▀[0m[38;2;230;231;118m[48;2;196;195;117m▀[0m[38;2;91;219;255m[48;2;76;211;247m▀[0m[38;2;78;212;248m▄[0m   
      [38;2;233;234;110m▀[0m[38;2;226;227;98m[48;2;237;237;114m▀[0m[38;2;226;227;98m[48;2;226;227;98m▀[0m[38;2;226;227;97m[48;2;227;228;99m▀[0m[38;2;36;178;217m[48;2;195;196;87m▀[0m[38;2;42;160;184m[48;2;42;157;182m▀[0m[38;2;41;146;171m[48;2;42;144;168m▀[0m[38;2;110;131;138m[48;2;46;163;191m▀[0m[38;2;89;90;93m[48;2;89;90;92m▀[0m[38;2;228;232;232m[48;2;183;185;187m▀[0m[38;2;35;201;243m[48;2;12;49;57m▀[0m[38;2;94;95;97m[48;2;71;70;71m▀[0m[38;2;71;70;71m[48;2;173;174;82m▀[0m[38;2;164;165;79m[48;2;41;146;171m▀[0m[38;2;34;46;30m[48;2;42;144;167m▀[0m[38;2;41;146;171m[48;2;41;146;171m▀[0m[38;2;41;147;172m[48;2;41;147;172m▀[0m[38;2;42;158;183m[48;2;42;159;185m▀[0m[38;2;39;171;203m[48;2;35;178;218m▀[0m[38;2;104;114;60m[48;2;225;225;97m▀[0m[38;2;226;227;98m[48;2;227;228;98m▀[0m[38;2;226;227;98m[48;2;226;227;98m▀[0m[38;2;226;227;98m[48;2;226;227;97m▀[0m[38;2;226;227;98m[48;2;226;227;98m▀[0m[38;2;222;222;95m[48;2;226;227;98m▀[0m[38;2;222;223;100m[48;2;226;227;104m▀[0m[38;2;227;228;118m▀[0m  [38;2;5;11;13m▀[0m    
         [38;2;227;228;98m▀[0m[38;2;180;181;82m▀[0m[38;2;170;170;78m[48;2;3;7;7m▀[0m[38;2;45;159;186m[48;2;59;85;59m▀[0m[38;2;41;146;171m[48;2;177;178;180m▀[0m[38;2;43;153;178m[48;2;194;195;196m▀[0m[38;2;65;65;69m[48;2;71;70;70m▀[0m[38;2;61;62;65m[48;2;70;71;70m▀[0m[38;2;63;63;65m[48;2;172;171;171m▀[0m[38;2;41;148;172m[48;2;216;217;215m▀[0m[38;2;41;145;170m[48;2;164;165;78m▀[0m[38;2;42;147;172m[48;2;169;170;82m▀[0m[38;2;41;147;172m[48;2;165;165;79m▀[0m[38;2;41;151;177m[48;2;171;172;80m▀[0m[38;2;44;173;202m[48;2;173;174;79m▀[0m[38;2;208;208;91m[48;2;226;227;98m▀[0m[38;2;222;223;96m[48;2;226;227;98m▀[0m[38;2;221;222;95m[48;2;222;223;95m▀[0m[38;2;221;221;95m[48;2;222;223;96m▀[0m[38;2;226;227;98m[48;2;226;227;98m▀[0m[38;2;227;228;98m▀[0m[38;2;231;232;100m▀[0m         
           [38;2;2;4;4m▄[0m[38;2;5;6;3m[48;2;171;171;80m▀[0m[38;2;177;181;183m[48;2;43;149;174m▀[0m[38;2;24;92;105m[48;2;13;39;45m▀[0m[38;2;41;163;191m[48;2;41;162;190m▀[0m[38;2;41;162;188m[48;2;41;163;190m▀[0m[38;2;41;163;189m[48;2;44;89;100m▀[0m[38;2;217;220;220m[48;2;30;126;149m▀[0m[38;2;180;180;86m[48;2;41;147;172m▀[0m[38;2;166;167;81m[48;2;164;166;80m▀[0m[38;2;19;40;38m[48;2;172;173;80m▀[0m[38;2;99;138;93m▀[0m[38;2;199;200;90m▀[0m[38;2;231;232;104m▀[0m[38;2;193;188;87m▀[0m[38;2;21;47;44m▀[0m             
           [38;2;196;197;88m[48;2;223;224;97m▀[0m[38;2;45;79;59m[48;2;178;179;80m▀[0m[38;2;41;148;173m[48;2;41;152;178m▀[0m[38;2;229;231;231m[48;2;42;155;179m▀[0m[38;2;68;68;68m[48;2;16;26;22m▀[0m[38;2;33;37;39m[48;2;60;60;63m▀[0m[38;2;217;220;220m[48;2;61;61;63m▀[0m[38;2;23;32;37m[48;2;160;161;78m▀[0m[38;2;41;147;171m[48;2;41;152;178m▀[0m[38;2;41;151;175m[48;2;42;153;179m▀[0m[38;2;176;176;79m[48;2;141;146;79m▀[0m[38;2;181;181;83m[48;2;227;228;98m▀[0m                 
          [38;2;65;206;247m[48;2;66;207;247m▀[0m[38;2;227;228;103m▀[0m[38;2;199;200;89m[48;2;40;168;201m▀[0m[38;2;174;174;80m▀[0m[38;2;61;61;61m▀[0m[38;2;69;70;69m[48;2;75;75;76m▀[0m [38;2;70;69;70m[48;2;63;61;62m▀[0m[38;2;69;70;69m▀[0m[38;2;165;168;79m[48;2;196;197;88m▀[0m[38;2;26;33;17m[48;2;224;225;95m▀[0m[38;2;221;222;96m[48;2;226;227;98m▀[0m[38;2;226;227;98m[48;2;232;233;108m▀[0m[38;2;37;121;146m[48;2;65;208;247m▀[0m[38;2;65;206;247m▄[0m               
           [38;2;1;5;6m▀[0m[38;2;55;204;245m▀[0m        [38;2;35;129;155m▀[0m[38;2;65;206;247m[48;2;47;129;156m▀[0m                 
                                        
                                        
                                        
                                        
                                        
