                                        
                                        
                                        
                                        
                         [38;2;253;236;176m▄[0m[38;2;253;236;175m▄[0m             
            [38;2;237;146;82m▄[0m[38;2;237;146;81m▄[0m            [38;2;171;164;124m▀[0m[38;2;253;236;176m[48;2;255;241;179m▀[0m[38;2;253;232;174m[48;2;253;235;176m▀[0m[38;2;80;74;57m▄[0m    [38;2;229;228;173m▄[0m[38;2;253;235;176m▄[0m[38;2;255;252;193m[48;2;2;1;1m▀[0m[38;2;193;191;145m▀[0m  
          [38;2;244;144;77m▄[0m[38;2;236;145;81m[48;2;236;142;78m▀[0m[38;2;237;146;82m[48;2;237;146;82m▀[0m[38;2;237;146;82m[48;2;110;69;41m▀[0m              [38;2;253;236;176m[48;2;140;139;107m▀[0m[38;2;239;232;173m[48;2;93;78;58m▀[0m  [38;2;191;182;148m▄[0m[38;2;254;237;180m[48;2;253;236;175m▀[0m[38;2;254;236;176m[48;2;254;240;179m▀[0m[38;2;49;46;35m▀[0m    
       [38;2;231;177;124m▄[0m[38;2;243;184;132m▄[0m[38;2;240;150;88m[48;2;254;246;197m▀[0m[38;2;234;138;74m[48;2;83;54;35m▀[0m[38;2;234;138;74m[48;2;234;138;74m▀[0m[38;2;236;142;78m[48;2;234;138;74m▀[0m[38;2;237;145;80m[48;2;234;136;74m▀[0m[38;2;253;223;134m[48;2;254;218;82m▀[0m[38;2;253;225;143m[48;2;254;218;82m▀[0m[38;2;254;218;82m▄[0m  [38;2;104;190;232m▄[0m[38;2;98;157;185m[48;2;106;173;204m▀[0m[38;2;109;163;188m[48;2;52;69;76m▀[0m[38;2;64;87;96m[48;2;105;141;154m▀[0m[38;2;106;143;156m▄[0m   [38;2;81;48;32m▄[0m[38;2;186;107;62m[48;2;180;102;61m▀[0m[38;2;184;105;62m[48;2;189;107;64m▀[0m[38;2;237;150;89m▄[0m[38;2;244;175;120m[48;2;236;141;77m▀[0m[38;2;254;236;176m[48;2;237;143;78m▀[0m[38;2;253;236;176m▀[0m      
      [38;2;53;41;30m[48;2;240;163;103m▀[0m[38;2;243;185;133m[48;2;238;150;87m▀[0m[38;2;243;177;122m[48;2;236;142;78m▀[0m[38;2;254;238;177m[48;2;193;194;201m▀[0m[38;2;234;138;75m[48;2;221;226;231m▀[0m[38;2;234;138;74m[48;2;234;138;74m▀[0m[38;2;234;138;74m[48;2;234;138;74m▀[0m[38;2;230;135;73m[48;2;208;120;67m▀[0m[38;2;254;217;82m[48;2;255;218;82m▀[0m[38;2;254;218;82m[48;2;254;217;82m▀[0m[38;2;254;217;82m[48;2;254;217;82m▀[0m[38;2;85;52;32m▄[0m[38;2;108;196;240m[48;2;234;139;75m▀[0m[38;2;104;189;230m[48;2;234;138;74m▀[0m[38;2;45;52;54m[48;2;221;135;78m▀[0m[38;2;236;142;78m[48;2;191;121;77m▀[0m[38;2;234;140;78m[48;2;206;185;140m▀[0m[38;2;214;131;78m[48;2;200;181;136m▀[0m[38;2;108;68;43m[48;2;151;96;63m▀[0m [38;2;176;99;60m▄[0m[38;2;176;99;60m[48;2;235;139;74m▀[0m[38;2;178;100;60m[48;2;236;142;78m▀[0m[38;2;238;150;87m[48;2;236;142;78m▀[0m[38;2;236;142;78m[48;2;236;142;78m▀[0m[38;2;236;143;78m▀[0m        
     [38;2;236;145;80m[48;2;62;59;58m▀[0m[38;2;237;145;80m[48;2;234;138;74m▀[0m[38;2;236;142;78m[48;2;234;138;74m▀[0m[38;2;213;122;62m[48;2;182;106;56m▀[0m[38;2;42;40;39m[48;2;255;255;199m▀[0m[38;2;234;236;246m[48;2;53;47;39m▀[0m[38;2;234;138;74m[48;2;225;206;152m▀[0m[38;2;235;138;74m[48;2;181;101;61m▀[0m[38;2;176;99;60m[48;2;189;106;64m▀[0m[38;2;254;217;82m[48;2;254;217;82m▀[0m[38;2;254;220;103m[48;2;254;217;82m▀[0m[38;2;254;217;82m[48;2;226;205;77m▀[0m[38;2;234;138;74m[48;2;234;138;74m▀[0m[38;2;234;138;74m[48;2;227;134;75m▀[0m[38;2;208;126;76m[48;2;222;132;75m▀[0m[38;2;206;126;76m[48;2;219;130;75m▀[0m[38;2;206;126;75m[48;2;92;59;37m▀[0m[38;2;201;124;76m[48;2;235;141;78m▀[0m[38;2;207;126;75m[48;2;236;143;78m▀[0m[38;2;236;139;74m[48;2;236;145;81m▀[0m[38;2;234;138;74m[48;2;235;141;78m▀[0m[38;2;234;138;74m[48;2;234;138;74m▀[0m[38;2;234;138;74m[48;2;234;138;74m▀[0m[38;2;234;138;74m[48;2;141;84;48m▀[0m[38;2;234;137;74m▀[0m          
     [38;2;233;221;165m[48;2;0;0;0m▀[0m[38;2;253;235;175m[48;2;101;137;151m▀[0m[38;2;253;236;176m[48;2;182;160;114m▀[0m[38;2;254;236;177m[48;2;182;160;114m▀[0m[38;2;51;49;51m[48;2;182;160;115m▀[0m[38;2;16;15;19m[48;2;182;160;115m▀[0m[38;2;8;7;5m[48;2;188;164;118m▀[0m[38;2;96;58;38m[48;2;183;148;63m▀[0m[38;2;250;213;79m[48;2;191;156;66m▀[0m[38;2;254;223;128m[48;2;254;217;82m▀[0m[38;2;254;217;82m[48;2;175;156;58m▀[0m[38;2;175;98;59m[48;2;206;185;134m▀[0m[38;2;229;134;73m[48;2;107;64;37m▀[0m[38;2;236;143;78m[48;2;236;142;78m▀[0m[38;2;236;142;78m[48;2;236;142;78m▀[0m[38;2;237;146;81m[48;2;237;148;83m▀[0m[38;2;236;142;78m[48;2;237;148;83m▀[0m[38;2;237;147;83m[48;2;237;148;83m▀[0m[38;2;237;148;83m[48;2;237;148;83m▀[0m[38;2;237;148;83m[48;2;237;148;83m▀[0m[38;2;237;147;83m[48;2;237;148;83m▀[0m[38;2;239;145;79m▄[0m             
    [38;2;105;141;154m▄[0m[38;2;107;144;158m[48;2;108;145;159m▀[0m[38;2;97;128;137m[48;2;177;113;76m▀[0m[38;2;91;114;119m[48;2;167;107;72m▀[0m[38;2;135;86;61m[48;2;151;96;67m▀[0m[38;2;184;150;63m[48;2;93;58;44m▀[0m[38;2;183;149;64m[48;2;190;155;64m▀[0m[38;2;183;148;63m[48;2;208;171;71m▀[0m[38;2;183;149;63m[48;2;200;165;68m▀[0m[38;2;183;149;63m▀[0m[38;2;188;152;64m▀[0m[38;2;182;160;115m[48;2;195;171;122m▀[0m[38;2;182;160;115m[48;2;182;160;115m▀[0m[38;2;182;160;115m[48;2;182;160;115m▀[0m[38;2;229;209;153m[48;2;182;159;115m▀[0m[38;2;254;242;180m[48;2;182;160;115m▀[0m[38;2;237;147;82m[48;2;200;178;129m▀[0m[38;2;237;148;83m[48;2;103;64;39m▀[0m[38;2;237;148;83m[48;2;228;141;79m▀[0m[38;2;237;148;83m[48;2;229;142;80m▀[0m[38;2;237;148;83m[48;2;220;134;76m▀[0m[38;2;237;147;83m[48;2;201;119;68m▀[0m[38;2;224;134;74m[48;2;182;107;63m▀[0m[38;2;134;78;48m▄[0m            
  [38;2;250;192;138m▄[0m[38;2;242;178;126m▄[0m[38;2;177;113;76m[48;2;237;147;86m▀[0m[38;2;176;113;76m[48;2;196;121;77m▀[0m[38;2;177;113;76m[48;2;176;113;76m▀[0m[38;2;177;113;76m[48;2;44;29;22m▀[0m[38;2;169;108;74m▀[0m        [38;2;182;160;115m▀[0m[38;2;182;160;114m[48;2;195;171;123m▀[0m[38;2;182;160;114m[48;2;188;167;119m▀[0m[38;2;182;159;115m[48;2;185;161;116m▀[0m[38;2;182;160;115m[48;2;60;42;30m▀[0m[38;2;177;100;60m[48;2;186;106;62m▀[0m[38;2;180;103;62m[48;2;186;107;62m▀[0m[38;2;186;107;63m[48;2;186;107;62m▀[0m[38;2;185;105;61m[48;2;181;103;62m▀[0m[38;2;181;103;62m[48;2;179;102;61m▀[0m[38;2;184;103;63m[48;2;67;41;29m▀[0m            
  [38;2;207;119;67m▀[0m[38;2;232;136;72m▀[0m[38;2;234;138;74m▀[0m[38;2;200;123;76m▀[0m              [38;2;112;67;40m▀[0m[38;2;188;107;62m[48;2;131;83;60m▀[0m[38;2;186;106;63m[48;2;104;67;47m▀[0m[38;2;171;98;58m[48;2;184;116;76m▀[0m[38;2;182;103;63m▀[0m[38;2;178;100;60m▀[0m[38;2;75;46;31m▀[0m[38;2;176;99;60m[48;2;195;112;64m▀[0m[38;2;185;104;63m[48;2;220;127;70m▀[0m           
                           [38;2;235;141;77m[48;2;238;146;82m▀[0m[38;2;236;145;81m[48;2;241;177;121m▀[0m[38;2;237;146;82m[48;2;236;171;105m▀[0m          
                            [38;2;139;85;50m▀[0m[38;2;178;105;62m▀[0m          
                                        
                                        
                                        
                                        
