                                        
                [38;2;164;97;64m▄[0m[38;2;235;156;113m[48;2;202;118;74m▀[0m                      
               [38;2;228;130;83m▄[0m[38;2;198;116;73m[48;2;195;116;72m▀[0m[38;2;204;119;75m[48;2;202;118;74m▀[0m                      
            [38;2;250;234;183m▄[0m[38;2;232;154;113m▄[0m[38;2;227;130;83m[48;2;229;141;97m▀[0m[38;2;188;112;70m[48;2;228;130;83m▀[0m[38;2;196;114;72m[48;2;227;130;83m▀[0m[38;2;140;83;52m[48;2;201;118;73m▀[0m                      
           [38;2;157;147;115m[48;2;250;226;170m▀[0m[38;2;249;228;178m[48;2;231;132;85m▀[0m[38;2;231;138;93m[48;2;239;224;168m▀[0m[38;2;251;228;169m[48;2;254;252;249m▀[0m[38;2;231;131;84m[48;2;231;131;84m▀[0m[38;2;231;131;84m[48;2;203;115;74m▀[0m[38;2;205;120;74m[48;2;232;132;84m▀[0m[38;2;194;160;56m▄[0m                     
         [38;2;18;17;14m▄[0m[38;2;233;142;98m[48;2;90;48;30m▀[0m[38;2;231;131;84m[48;2;227;130;83m▀[0m[38;2;230;130;84m[48;2;230;131;84m▀[0m[38;2;16;15;12m[48;2;240;227;170m▀[0m[38;2;247;243;242m[48;2;248;224;166m▀[0m[38;2;227;129;82m[48;2;207;187;142m▀[0m[38;2;204;117;74m[48;2;29;29;22m▀[0m[38;2;226;129;83m[48;2;16;18;18m▀[0m[38;2;193;160;56m[48;2;203;167;57m▀[0m[38;2;203;167;59m[48;2;250;206;67m▀[0m[38;2;250;207;68m▄[0m                   
          [38;2;112;102;78m▀[0m[38;2;189;171;131m[48;2;249;205;67m▀[0m[38;2;119;107;83m[48;2;251;208;67m▀[0m[38;2;206;185;142m[48;2;174;156;120m▀[0m[38;2;205;185;142m[48;2;196;177;136m▀[0m[38;2;194;175;135m[48;2;195;175;135m▀[0m[38;2;92;56;36m[48;2;197;116;73m▀[0m[38;2;182;107;67m[48;2;231;131;84m▀[0m[38;2;210;175;60m[48;2;157;137;46m▀[0m[38;2;246;203;66m[48;2;249;219;101m▀[0m[38;2;246;203;66m[48;2;250;206;67m▀[0m                   
          [38;2;254;226;73m[48;2;247;204;66m▀[0m[38;2;247;204;66m[48;2;248;205;66m▀[0m[38;2;249;206;67m[48;2;202;167;53m▀[0m[38;2;250;226;168m[48;2;247;225;167m▀[0m[38;2;224;205;153m[48;2;251;226;168m▀[0m[38;2;248;226;168m[48;2;251;228;169m▀[0m[38;2;232;132;84m[48;2;180;173;129m▀[0m[38;2;231;131;84m[48;2;228;131;83m▀[0m[38;2;249;205;66m[48;2;244;203;67m▀[0m[38;2;248;216;101m[48;2;246;204;66m▀[0m[38;2;246;203;66m[48;2;206;170;59m▀[0m                   
         [38;2;232;215;166m▄[0m[38;2;205;168;58m[48;2;245;222;166m▀[0m[38;2;209;171;59m[48;2;243;220;165m▀[0m[38;2;245;226;169m[48;2;247;226;169m▀[0m[38;2;244;221;165m[48;2;244;221;165m▀[0m[38;2;244;221;165m[48;2;243;220;165m▀[0m[38;2;244;221;165m[48;2;245;222;166m▀[0m[38;2;244;222;166m[48;2;245;222;166m▀[0m[38;2;205;168;58m[48;2;193;160;56m▀[0m[38;2;203;167;59m[48;2;194;160;56m▀[0m[38;2;203;167;59m[48;2;194;160;56m▀[0m[38;2;194;160;56m[48;2;191;113;70m▀[0m                   
        [38;2;245;226;179m[48;2;245;222;166m▀[0m[38;2;243;223;172m[48;2;13;32;41m▀[0m[38;2;244;221;166m[48;2;191;172;133m▀[0m[38;2;250;229;173m[48;2;245;221;165m▀[0m[38;2;244;221;165m[48;2;245;222;166m▀[0m[38;2;245;222;166m[48;2;244;221;165m▀[0m[38;2;244;222;166m[48;2;244;221;165m▀[0m[38;2;252;237;177m[48;2;183;175;131m▀[0m[38;2;242;221;165m[48;2;245;222;166m▀[0m[38;2;242;219;164m[48;2;247;223;167m▀[0m[38;2;244;220;164m[48;2;246;222;166m▀[0m[38;2;180;167;126m[48;2;250;228;170m▀[0m[38;2;179;107;67m[48;2;255;247;184m▀[0m[38;2;153;92;57m[48;2;209;121;78m▀[0m                  
       [38;2;63;112;128m▄[0m[38;2;105;191;219m[48;2;99;171;195m▀[0m[38;2;101;189;221m[48;2;70;60;25m▀[0m[38;2;130;120;60m[48;2;191;182;137m▀[0m[38;2;248;225;167m[48;2;250;227;168m▀[0m[38;2;248;225;167m[48;2;248;224;167m▀[0m[38;2;248;225;167m[48;2;251;227;168m▀[0m[38;2;248;224;166m[48;2;248;225;168m▀[0m[38;2;247;223;168m[48;2;250;226;168m▀[0m[38;2;69;64;55m[48;2;196;162;56m▀[0m[38;2;255;238;178m[48;2;86;191;235m▀[0m[38;2;251;227;168m[48;2;82;157;190m▀[0m[38;2;249;226;168m[48;2;82;151;181m▀[0m[38;2;243;219;164m[48;2;196;177;137m▀[0m[38;2;208;188;143m[48;2;120;70;42m▀[0m       [38;2;203;181;140m▄[0m[38;2;201;180;139m▄[0m         
       [38;2;118;197;221m[48;2;118;198;220m▀[0m[38;2;114;196;222m[48;2;137;123;58m▀[0m[38;2;130;120;60m[48;2;204;190;143m▀[0m[38;2;247;223;167m[48;2;250;228;170m▀[0m[38;2;247;223;167m[48;2;250;228;170m▀[0m[38;2;250;226;168m[48;2;251;227;169m▀[0m[38;2;250;226;168m[48;2;251;227;169m▀[0m[38;2;250;227;170m[48;2;248;224;167m▀[0m[38;2;250;228;171m[48;2;246;223;166m▀[0m[38;2;255;219;71m[48;2;138;126;96m▀[0m[38;2;55;138;179m[48;2;123;103;34m▀[0m[38;2;85;186;228m[48;2;77;167;204m▀[0m[38;2;80;150;180m[48;2;84;180;220m▀[0m[38;2;21;46;58m[48;2;7;4;5m▀[0m     [38;2;192;173;133m▄[0m[38;2;195;175;135m[48;2;192;172;133m▀[0m[38;2;191;172;133m[48;2;191;171;132m▀[0m[38;2;201;179;138m▀[0m [38;2;248;227;170m▄[0m[38;2;244;221;165m▄[0m[38;2;160;151;113m▄[0m      
      [38;2;122;205;229m[48;2;112;195;223m▀[0m[38;2;79;156;188m▀[0m[38;2;146;131;62m[48;2;231;131;84m▀[0m[38;2;250;226;168m[48;2;246;222;166m▀[0m[38;2;246;223;167m[48;2;244;221;167m▀[0m[38;2;247;223;166m[48;2;219;208;156m▀[0m[38;2;228;130;82m[48;2;227;130;83m▀[0m[38;2;244;220;165m[48;2;89;82;61m▀[0m[38;2;243;220;164m[48;2;244;221;165m▀[0m[38;2;243;220;164m[48;2;244;222;165m▀[0m[38;2;243;221;165m[48;2;244;221;165m▀[0m[38;2;247;205;66m[48;2;245;203;66m▀[0m[38;2;59;123;149m[48;2;53;110;133m▀[0m[38;2;84;182;221m[48;2;82;184;225m▀[0m[38;2;43;33;18m[48;2;195;160;56m▀[0m[38;2;4;4;1m▄[0m  [38;2;115;78;48m▄[0m[38;2;143;141;118m[48;2;125;84;53m▀[0m[38;2;177;163;130m[48;2;156;150;122m▀[0m[38;2;194;174;134m[48;2;74;71;58m▀[0m[38;2;250;228;174m▄[0m[38;2;247;227;175m[48;2;252;231;183m▀[0m[38;2;247;227;174m[48;2;250;229;175m▀[0m[38;2;248;225;167m[48;2;243;225;168m▀[0m        
       [38;2;9;6;2m[48;2;230;140;97m▀[0m[38;2;229;145;102m[48;2;233;153;110m▀[0m[38;2;244;223;172m[48;2;249;228;176m▀[0m[38;2;243;220;166m[48;2;248;225;170m▀[0m[38;2;240;137;87m[48;2;241;137;88m▀[0m[38;2;229;130;83m[48;2;231;132;85m▀[0m[38;2;245;139;89m[48;2;54;44;31m▀[0m[38;2;248;225;168m[48;2;247;224;167m▀[0m[38;2;250;227;168m[48;2;245;223;170m▀[0m[38;2;250;228;170m[48;2;246;226;175m▀[0m[38;2;252;233;174m[48;2;194;185;144m▀[0m[38;2;55;107;134m[48;2;140;118;40m▀[0m[38;2;83;180;221m[48;2;142;114;38m▀[0m[38;2;194;161;56m[48;2;197;162;56m▀[0m[38;2;197;163;56m[48;2;197;162;56m▀[0m[38;2;198;163;56m▄[0m[38;2;113;77;48m[48;2;117;79;49m▀[0m[38;2;116;78;49m[48;2;117;78;49m▀[0m[38;2;132;85;52m[48;2;117;79;49m▀[0m[38;2;125;83;50m[48;2;231;132;85m▀[0m[38;2;44;40;31m[48;2;143;91;65m▀[0m[38;2;249;230;181m[48;2;250;244;192m▀[0m[38;2;251;235;187m[48;2;227;225;171m▀[0m[38;2;248;225;168m[48;2;19;18;13m▀[0m         
      [38;2;6;6;3m[48;2;221;127;81m▀[0m[38;2;235;151;108m[48;2;233;146;101m▀[0m[38;2;235;154;111m[48;2;235;153;111m▀[0m[38;2;245;236;183m[48;2;231;145;100m▀[0m[38;2;251;227;170m[48;2;249;230;172m▀[0m[38;2;250;225;168m[48;2;245;223;166m▀[0m[38;2;247;223;167m[48;2;247;223;167m▀[0m[38;2;247;224;168m[48;2;247;223;168m▀[0m[38;2;251;226;168m[48;2;249;225;169m▀[0m[38;2;248;228;176m[48;2;249;228;176m▀[0m[38;2;248;224;167m[48;2;234;154;111m▀[0m[38;2;235;153;111m[48;2;231;141;97m▀[0m[38;2;232;139;93m[48;2;225;129;82m▀[0m[38;2;152;127;46m[48;2;183;108;67m▀[0m[38;2;197;162;56m[48;2;118;99;34m▀[0m[38;2;197;162;56m[48;2;196;161;56m▀[0m[38;2;197;162;56m[48;2;196;161;56m▀[0m[38;2;61;44;25m[48;2;137;115;39m▀[0m[38;2;117;79;49m[48;2;51;30;19m▀[0m[38;2;214;125;78m[48;2;182;107;66m▀[0m[38;2;231;133;86m[48;2;191;113;71m▀[0m[38;2;232;139;93m[48;2;211;123;78m▀[0m[38;2;232;132;85m[48;2;211;123;78m▀[0m[38;2;243;137;88m▀[0m          
       [38;2;229;130;83m[48;2;190;112;71m▀[0m[38;2;228;130;83m[48;2;197;116;72m▀[0m[38;2;229;131;83m[48;2;192;113;71m▀[0m[38;2;230;130;84m[48;2;190;113;71m▀[0m[38;2;242;138;88m[48;2;191;114;71m▀[0m[38;2;220;203;152m[48;2;192;113;71m▀[0m[38;2;253;237;177m[48;2;186;110;68m▀[0m[38;2;72;44;28m[48;2;181;107;67m▀[0m[38;2;233;135;88m[48;2;181;107;67m▀[0m[38;2;232;132;85m[48;2;179;106;66m▀[0m[38;2;209;122;77m[48;2;179;107;66m▀[0m[38;2;192;113;71m[48;2;179;106;66m▀[0m[38;2;181;107;67m[48;2;177;106;65m▀[0m[38;2;180;108;67m[48;2;179;106;65m▀[0m[38;2;203;166;58m[48;2;181;107;67m▀[0m[38;2;194;160;56m[48;2;38;31;13m▀[0m[38;2;190;113;70m[48;2;179;106;66m▀[0m[38;2;180;107;67m[48;2;180;106;66m▀[0m[38;2;179;106;66m[48;2;181;106;67m▀[0m[38;2;179;107;66m[48;2;182;108;67m▀[0m[38;2;179;107;66m[48;2;74;44;27m▀[0m[38;2;29;17;11m▀[0m           
        [38;2;171;102;63m[48;2;177;106;66m▀[0m[38;2;178;106;65m[48;2;177;106;65m▀[0m[38;2;186;111;69m▀[0m[38;2;155;93;58m▀[0m[38;2;167;100;62m▀[0m[38;2;187;111;68m▀[0m[38;2;178;106;66m▀[0m[38;2;179;106;66m▀[0m[38;2;179;106;66m▀[0m[38;2;180;107;66m[48;2;94;55;35m▀[0m[38;2;179;107;67m[48;2;183;109;69m▀[0m[38;2;181;107;67m[48;2;183;109;67m▀[0m[38;2;183;109;67m[48;2;183;108;67m▀[0m[38;2;55;35;21m▀[0m[38;2;183;109;67m▀[0m[38;2;183;108;68m▀[0m[38;2;183;109;68m▀[0m[38;2;183;108;67m▀[0m              
      [38;2;190;118;80m[48;2;244;139;89m▀[0m[38;2;226;131;85m[48;2;113;67;41m▀[0m[38;2;226;129;82m▀[0m          [38;2;180;107;67m▀[0m[38;2;176;106;65m[48;2;228;130;83m▀[0m[38;2;119;69;44m▄[0m                  
                    [38;2;227;130;84m▀[0m[38;2;230;150;110m[48;2;227;133;87m▀[0m[38;2;141;82;52m▄[0m                 
                                        
