                                        
          [38;2;236;160;179m▄[0m[38;2;226;126;167m▄[0m[38;2;158;84;124m[48;2;224;120;164m▀[0m[38;2;233;145;175m[48;2;233;145;175m▀[0m[38;2;228;135;170m[48;2;229;133;170m▀[0m[38;2;111;58;82m[48;2;223;112;162m▀[0m[38;2;194;95;138m▄[0m[38;2;145;77;113m[48;2;129;70;106m▀[0m[38;2;144;76;113m[48;2;13;7;10m▀[0m[38;2;69;39;52m▄[0m                    
         [38;2;235;145;176m[48;2;224;117;162m▀[0m[38;2;232;143;174m[48;2;222;114;162m▀[0m[38;2;151;75;110m[48;2;221;108;159m▀[0m[38;2;223;114;162m[48;2;222;108;159m▀[0m[38;2;224;120;164m[48;2;222;108;159m▀[0m[38;2;222;114;162m[48;2;221;108;159m▀[0m[38;2;219;107;158m[48;2;222;108;160m▀[0m[38;2;225;110;160m[48;2;221;108;160m▀[0m[38;2;221;124;163m[48;2;221;122;161m▀[0m[38;2;229;149;171m[48;2;227;141;170m▀[0m[38;2;227;146;171m[48;2;223;128;163m▀[0m[38;2;218;114;158m[48;2;219;113;161m▀[0m[38;2;96;52;75m[48;2;217;106;154m▀[0m[38;2;143;77;113m[48;2;139;74;110m▀[0m                 
         [38;2;222;108;159m[48;2;229;140;180m▀[0m[38;2;222;108;159m[48;2;232;152;186m▀[0m[38;2;221;108;159m[48;2;225;128;172m▀[0m[38;2;221;108;159m[48;2;223;116;165m▀[0m[38;2;222;108;160m[48;2;222;109;161m▀[0m[38;2;222;108;159m[48;2;223;116;165m▀[0m[38;2;82;40;59m[48;2;219;114;160m▀[0m[38;2;218;106;154m[48;2;221;108;159m▀[0m[38;2;223;112;161m[48;2;222;108;159m▀[0m[38;2;221;116;159m[48;2;221;108;160m▀[0m[38;2;219;109;155m[48;2;222;108;160m▀[0m[38;2;222;108;159m[48;2;221;108;159m▀[0m[38;2;221;108;159m[48;2;203;100;148m▀[0m[38;2;129;70;105m[48;2;129;70;106m▀[0m[38;2;13;7;10m▀[0m                
         [38;2;230;151;186m[48;2;19;12;15m▀[0m[38;2;231;151;186m[48;2;231;151;186m▀[0m[38;2;230;150;185m[48;2;235;154;190m▀[0m[38;2;231;151;185m[48;2;231;151;186m▀[0m[38;2;231;151;186m[48;2;231;151;186m▀[0m[38;2;231;151;186m[48;2;231;151;186m▀[0m[38;2;231;151;185m[48;2;231;151;186m▀[0m[38;2;225;126;172m[48;2;231;151;186m▀[0m[38;2;222;110;161m[48;2;231;151;186m▀[0m[38;2;221;108;160m[48;2;231;151;186m▀[0m[38;2;222;108;160m[48;2;231;147;184m▀[0m[38;2;221;108;160m[48;2;230;150;185m▀[0m[38;2;134;72;109m[48;2;147;99;126m▀[0m[38;2;144;77;113m[48;2;0;1;0m▀[0m                 
         [38;2;231;151;186m▄[0m[38;2;194;129;157m[48;2;207;137;168m▀[0m[38;2;178;119;144m[48;2;176;118;143m▀[0m[38;2;206;136;166m[48;2;184;122;148m▀[0m[38;2;207;137;167m[48;2;185;123;150m▀[0m[38;2;202;133;163m[48;2;176;118;143m▀[0m[38;2;232;151;186m[48;2;176;117;142m▀[0m[38;2;231;151;186m[48;2;201;133;163m▀[0m[38;2;231;151;186m[48;2;201;133;163m▀[0m[38;2;231;150;185m[48;2;201;133;162m▀[0m[38;2;231;151;186m[48;2;169;114;139m▀[0m[38;2;150;107;132m[48;2;0;0;0m▀[0m[38;2;77;56;68m▀[0m                  
       [38;2;241;225;159m▄[0m[38;2;231;151;186m[48;2;226;148;182m▀[0m[38;2;227;148;180m[48;2;240;177;194m▀[0m[38;2;232;152;185m[48;2;235;163;190m▀[0m[38;2;201;133;163m[48;2;231;151;186m▀[0m[38;2;176;118;143m[48;2;230;150;185m▀[0m[38;2;175;116;140m[48;2;201;134;163m▀[0m[38;2;176;117;142m[48;2;202;133;164m▀[0m[38;2;176;118;143m[48;2;213;141;173m▀[0m[38;2;176;118;143m[48;2;202;134;164m▀[0m[38;2;176;118;143m[48;2;202;134;164m▀[0m[38;2;181;121;147m[48;2;227;149;183m▀[0m[38;2;200;133;163m[48;2;231;151;186m▀[0m[38;2;231;151;186m[48;2;231;151;186m▀[0m[38;2;221;145;179m▄[0m                  
       [38;2;228;209;113m[48;2;151;140;71m▀[0m[38;2;233;165;185m[48;2;229;156;184m▀[0m[38;2;236;184;190m[48;2;228;155;184m▀[0m[38;2;234;157;188m[48;2;231;151;186m▀[0m[38;2;231;150;186m[48;2;231;151;186m▀[0m[38;2;231;151;186m[48;2;231;151;186m▀[0m[38;2;229;150;184m[48;2;233;213;111m▀[0m[38;2;243;226;161m[48;2;22;18;18m▀[0m[38;2;233;213;111m[48;2;196;197;199m▀[0m[38;2;238;218;114m[48;2;233;213;111m▀[0m[38;2;231;151;186m[48;2;231;151;186m▀[0m[38;2;231;151;186m[48;2;231;151;186m▀[0m[38;2;231;151;186m[48;2;231;151;186m▀[0m[38;2;232;151;186m[48;2;230;151;186m▀[0m[38;2;231;151;186m[48;2;231;151;186m▀[0m                  
      [38;2;37;36;24m▄[0m[38;2;231;151;186m[48;2;225;147;181m▀[0m[38;2;228;150;183m[48;2;231;151;186m▀[0m[38;2;231;151;186m[48;2;215;141;174m▀[0m[38;2;231;151;186m[48;2;231;151;186m▀[0m[38;2;231;151;186m[48;2;231;151;186m▀[0m[38;2;231;151;186m[48;2;237;155;191m▀[0m[38;2;248;226;118m[48;2;240;219;115m▀[0m[38;2;25;23;21m[48;2;34;33;33m▀[0m[38;2;25;23;21m[48;2;59;54;29m▀[0m[38;2;233;213;111m[48;2;211;194;101m▀[0m[38;2;231;151;186m[48;2;229;150;184m▀[0m[38;2;231;151;186m[48;2;231;151;186m▀[0m[38;2;231;151;186m[48;2;231;150;186m▀[0m[38;2;231;151;186m[48;2;231;151;186m▀[0m[38;2;230;150;185m[48;2;25;17;20m▀[0m                  
       [38;2;238;220;140m[48;2;2;3;1m▀[0m[38;2;53;52;30m[48;2;238;220;140m▀[0m[38;2;242;158;195m[48;2;238;220;140m▀[0m[38;2;231;151;185m[48;2;237;216;125m▀[0m[38;2;231;151;186m[48;2;230;211;120m▀[0m[38;2;230;151;186m[48;2;234;214;118m▀[0m[38;2;237;216;114m[48;2;233;213;112m▀[0m[38;2;185;171;91m[48;2;233;213;112m▀[0m[38;2;243;222;117m[48;2;233;213;111m▀[0m[38;2;226;148;182m[48;2;182;118;149m▀[0m[38;2;228;149;183m[48;2;202;134;164m▀[0m[38;2;231;151;186m[48;2;197;131;160m▀[0m[38;2;219;143;177m[48;2;176;117;143m▀[0m[38;2;185;123;149m[48;2;175;116;141m▀[0m                   
         [38;2;167;150;81m▀[0m[38;2;133;122;68m▀[0m[38;2;216;196;105m[48;2;9;7;4m▀[0m[38;2;223;204;109m[48;2;19;17;10m▀[0m[38;2;224;205;110m[48;2;21;19;10m▀[0m[38;2;7;6;3m[48;2;173;167;168m▀[0m[38;2;179;161;88m[48;2;189;183;183m▀[0m[38;2;183;164;90m[48;2;191;185;186m▀[0m[38;2;91;63;75m[48;2;179;161;88m▀[0m[38;2;176;118;143m[48;2;2;1;2m▀[0m[38;2;176;118;142m[48;2;186;124;150m▀[0m[38;2;176;117;142m[48;2;194;129;156m▀[0m                   
             [38;2;189;183;183m[48;2;3;3;3m▀[0m[38;2;189;183;183m[48;2;189;183;183m▀[0m[38;2;189;184;183m[48;2;187;182;181m▀[0m[38;2;188;183;182m[48;2;198;193;192m▀[0m[38;2;189;183;183m[48;2;199;194;194m▀[0m[38;2;192;175;95m[48;2;199;195;194m▀[0m[38;2;34;23;29m[48;2;208;189;101m▀[0m[38;2;203;134;164m[48;2;231;151;186m▀[0m[38;2;0;0;0m[48;2;231;151;186m▀[0m[38;2;141;104;132m[48;2;20;15;18m▀[0m[38;2;198;131;160m▄[0m[38;2;232;151;187m[48;2;230;150;184m▀[0m[38;2;241;186;196m[48;2;227;148;181m▀[0m              
              [38;2;197;194;192m[48;2;247;247;241m▀[0m[38;2;208;204;204m[48;2;231;228;227m▀[0m[38;2;201;198;196m[48;2;227;224;223m▀[0m[38;2;205;201;201m[48;2;255;255;255m▀[0m[38;2;222;219;218m[48;2;246;246;243m▀[0m[38;2;231;211;111m[48;2;244;222;117m▀[0m[38;2;241;159;196m[48;2;193;126;158m▀[0m[38;2;231;151;186m[48;2;231;153;187m▀[0m[38;2;231;151;186m[48;2;235;163;189m▀[0m[38;2;233;157;188m[48;2;238;177;192m▀[0m[38;2;230;154;185m[48;2;239;175;193m▀[0m[38;2;201;133;163m[48;2;234;153;189m▀[0m[38;2;226;148;180m▄[0m[38;2;235;175;188m[48;2;229;152;181m▀[0m[38;2;207;155;169m[48;2;250;162;202m▀[0m[38;2;0;1;0m▄[0m[38;2;136;98;110m▄[0m         
             [38;2;255;255;255m▄[0m[38;2;255;255;255m[48;2;255;255;255m▀[0m[38;2;255;255;255m[48;2;255;255;255m▀[0m[38;2;255;255;255m[48;2;255;255;255m▀[0m[38;2;255;255;255m[48;2;246;245;242m▀[0m[38;2;246;246;240m[48;2;249;250;247m▀[0m[38;2;232;211;111m[48;2;232;212;111m▀[0m[38;2;251;164;203m[48;2;231;151;186m▀[0m[38;2;231;153;187m[48;2;233;156;188m▀[0m[38;2;239;177;194m[48;2;238;171;192m▀[0m[38;2;240;177;194m[48;2;240;177;194m▀[0m[38;2;239;175;193m[48;2;233;167;184m▀[0m[38;2;231;151;186m[48;2;233;157;188m▀[0m[38;2;231;151;186m[48;2;231;151;186m▀[0m[38;2;230;150;185m[48;2;231;151;186m▀[0m[38;2;19;15;16m[48;2;231;151;185m▀[0m[38;2;202;134;164m[48;2;231;150;186m▀[0m[38;2;225;148;182m[48;2;176;118;143m▀[0m         
            [38;2;253;253;253m▄[0m[38;2;255;255;255m[48;2;255;255;255m▀[0m[38;2;255;255;255m[48;2;255;255;255m▀[0m[38;2;255;255;255m[48;2;248;248;245m▀[0m[38;2;246;246;240m[48;2;251;252;250m▀[0m[38;2;251;251;248m[48;2;255;255;255m▀[0m[38;2;248;248;245m[48;2;255;255;255m▀[0m[38;2;232;212;111m[48;2;233;212;112m▀[0m[38;2;231;151;185m[48;2;230;150;186m▀[0m[38;2;231;151;186m[48;2;231;150;185m▀[0m[38;2;235;164;190m[48;2;231;152;187m▀[0m[38;2;240;177;193m[48;2;235;164;190m▀[0m[38;2;236;173;190m[48;2;233;166;184m▀[0m[38;2;233;168;185m[48;2;237;168;191m▀[0m[38;2;236;169;190m[48;2;237;166;190m▀[0m[38;2;237;168;190m[48;2;233;162;186m▀[0m[38;2;227;148;180m[48;2;228;155;184m▀[0m[38;2;228;149;180m[48;2;226;148;182m▀[0m[38;2;231;151;186m[48;2;226;148;181m▀[0m[38;2;110;74;89m▄[0m        
            [38;2;255;255;255m[48;2;194;190;187m▀[0m[38;2;255;255;255m[48;2;223;220;219m▀[0m[38;2;255;255;255m[48;2;255;255;255m▀[0m[38;2;255;255;255m[48;2;255;255;255m▀[0m[38;2;254;254;253m[48;2;246;246;240m▀[0m[38;2;255;255;255m[48;2;255;255;255m▀[0m[38;2;255;255;255m[48;2;255;255;255m▀[0m[38;2;233;214;112m[48;2;233;213;112m▀[0m[38;2;231;151;186m[48;2;230;151;185m▀[0m[38;2;231;151;186m[48;2;226;148;181m▀[0m[38;2;231;151;186m[48;2;231;151;186m▀[0m[38;2;231;151;186m[48;2;227;148;180m▀[0m[38;2;230;152;186m[48;2;231;151;186m▀[0m[38;2;232;154;187m[48;2;231;151;186m▀[0m[38;2;233;154;187m[48;2;231;151;186m▀[0m[38;2;228;151;181m[48;2;231;151;186m▀[0m[38;2;227;149;180m[48;2;215;141;174m▀[0m[38;2;226;148;183m[48;2;199;133;161m▀[0m[38;2;197;130;159m[48;2;173;116;138m▀[0m[38;2;173;116;140m[48;2;173;116;140m▀[0m[38;2;64;46;50m▄[0m       
            [38;2;44;43;42m▀[0m[38;2;196;192;190m[48;2;193;188;188m▀[0m[38;2;199;195;194m[48;2;199;195;194m▀[0m[38;2;216;212;211m[48;2;199;195;194m▀[0m[38;2;222;218;218m[48;2;199;195;194m▀[0m[38;2;216;213;212m[48;2;189;183;183m▀[0m[38;2;215;212;211m[48;2;189;183;183m▀[0m[38;2;98;90;49m[48;2;189;183;183m▀[0m[38;2;211;192;104m[48;2;179;161;88m▀[0m[38;2;201;134;164m[48;2;47;43;22m▀[0m[38;2;201;134;163m[48;2;173;117;139m▀[0m[38;2;211;138;168m[48;2;176;118;143m▀[0m[38;2;210;138;169m[48;2;185;123;150m▀[0m[38;2;206;136;167m[48;2;185;123;150m▀[0m[38;2;205;135;166m[48;2;192;128;156m▀[0m[38;2;194;128;157m[48;2;180;120;147m▀[0m[38;2;185;123;150m[48;2;185;123;150m▀[0m[38;2;185;123;150m[48;2;176;118;143m▀[0m[38;2;174;116;141m[48;2;176;117;143m▀[0m[38;2;176;118;142m[48;2;176;118;143m▀[0m[38;2;180;121;146m[48;2;181;121;146m▀[0m[38;2;32;30;15m▄[0m      
            [38;2;0;0;0m▄[0m[38;2;185;181;178m[48;2;185;181;180m▀[0m[38;2;185;180;180m[48;2;185;181;177m▀[0m[38;2;188;183;182m[48;2;188;182;181m▀[0m[38;2;190;183;184m[48;2;128;123;123m▀[0m[38;2;189;183;183m[48;2;189;183;183m▀[0m[38;2;189;183;183m[48;2;189;183;182m▀[0m[38;2;189;183;183m[48;2;189;183;183m▀[0m[38;2;189;183;183m[48;2;189;183;183m▀[0m[38;2;182;163;89m[48;2;189;183;183m▀[0m[38;2;179;161;88m[48;2;189;183;183m▀[0m[38;2;179;161;87m[48;2;202;196;196m▀[0m[38;2;179;161;87m[48;2;205;198;199m▀[0m[38;2;189;171;93m[48;2;189;183;183m▀[0m[38;2;189;171;93m[48;2;188;183;183m▀[0m[38;2;185;167;91m[48;2;189;183;183m▀[0m[38;2;179;161;89m[48;2;187;182;182m▀[0m[38;2;195;175;95m[48;2;100;92;50m▀[0m[38;2;80;55;65m[48;2;179;161;88m▀[0m[38;2;21;15;17m[48;2;179;161;88m▀[0m[38;2;179;161;88m[48;2;0;0;0m▀[0m       
                 [38;2;189;183;183m▀[0m[38;2;189;183;183m[48;2;24;23;23m▀[0m[38;2;189;183;183m[48;2;186;181;179m▀[0m[38;2;189;183;183m[48;2;189;183;183m▀[0m[38;2;189;184;184m[48;2;0;1;0m▀[0m[38;2;193;188;186m▀[0m[38;2;3;3;3m▀[0m[38;2;183;178;177m▀[0m[38;2;189;183;183m▀[0m[38;2;189;183;183m[48;2;205;199;199m▀[0m[38;2;189;183;183m[48;2;189;183;183m▀[0m[38;2;199;195;194m[48;2;199;194;193m▀[0m[38;2;199;195;194m[48;2;34;33;33m▀[0m[38;2;65;64;64m▀[0m         
                                        
