                                        
                             [38;2;174;141;100m[48;2;186;159;120m▀[0m[38;2;153;114;66m▄[0m         
                     [38;2;174;143;99m▄[0m[38;2;172;141;98m▄[0m[38;2;236;221;117m▄[0m[38;2;27;24;11m▄[0m [38;2;162;120;68m▄[0m[38;2;150;111;63m▄[0m[38;2;151;112;64m[48;2;152;113;65m▀[0m[38;2;162;128;82m[48;2;152;113;65m▀[0m[38;2;152;114;65m[48;2;138;101;57m▀[0m         
             [38;2;177;144;102m▄[0m     [38;2;2;1;1m[48;2;174;141;99m▀[0m[38;2;73;69;61m[48;2;65;60;53m▀[0m[38;2;250;250;249m[48;2;255;254;250m▀[0m[38;2;69;63;56m[48;2;65;60;52m▀[0m[38;2;168;134;91m[48;2;167;133;88m▀[0m[38;2;240;222;110m[48;2;104;77;45m▀[0m[38;2;224;215;101m[48;2;251;251;251m▀[0m[38;2;161;120;68m[48;2;161;119;69m▀[0m[38;2;152;113;65m[48;2;152;114;65m▀[0m[38;2;152;113;64m[48;2;152;113;65m▀[0m[38;2;152;113;65m[48;2;126;91;51m▀[0m[38;2;124;91;50m[48;2;126;91;51m▀[0m         
             [38;2;176;145;103m[48;2;154;114;66m▀[0m[38;2;161;126;80m[48;2;154;114;67m▀[0m[38;2;128;95;55m[48;2;152;113;65m▀[0m[38;2;8;7;5m[48;2;151;112;64m▀[0m[38;2;29;22;13m[48;2;150;111;63m▀[0m[38;2;163;152;72m[48;2;36;34;33m▀[0m[38;2;167;133;90m[48;2;62;45;30m▀[0m[38;2;179;146;102m[48;2;153;115;68m▀[0m[38;2;65;60;52m[48;2;152;113;65m▀[0m[38;2;172;136;94m[48;2;152;113;65m▀[0m[38;2;152;113;65m[48;2;151;113;65m▀[0m[38;2;152;113;65m[48;2;152;114;65m▀[0m[38;2;251;251;251m[48;2;18;15;8m▀[0m[38;2;9;6;7m[48;2;219;205;98m▀[0m[38;2;158;118;68m[48;2;152;113;65m▀[0m[38;2;119;86;48m[48;2;119;86;48m▀[0m[38;2;119;86;48m▀[0m          
             [38;2;0;0;0m▀[0m[38;2;152;113;65m[48;2;123;89;50m▀[0m[38;2;152;113;65m[48;2;141;105;60m▀[0m[38;2;151;112;65m[48;2;152;113;65m▀[0m[38;2;152;113;65m[48;2;149;111;63m▀[0m[38;2;11;9;8m[48;2;47;35;21m▀[0m[38;2;13;8;9m[48;2;12;8;8m▀[0m[38;2;152;113;65m[48;2;113;84;50m▀[0m[38;2;241;168;203m[48;2;235;159;193m▀[0m[38;2;235;160;192m[48;2;233;158;192m▀[0m[38;2;232;157;189m[48;2;235;159;193m▀[0m[38;2;235;160;193m[48;2;235;160;193m▀[0m[38;2;251;238;113m[48;2;185;125;154m▀[0m[38;2;239;222;106m[48;2;239;222;106m▀[0m[38;2;151;113;64m[48;2;134;98;55m▀[0m[38;2;1;1;1m▄[0m[38;2;129;95;52m▄[0m[38;2;166;132;87m[48;2;152;113;65m▀[0m[38;2;177;144;101m▀[0m        
               [38;2;116;84;46m▀[0m[38;2;120;86;48m▀[0m[38;2;120;86;48m▀[0m[38;2;31;23;15m▀[0m[38;2;240;222;106m[48;2;19;13;9m▀[0m[38;2;11;10;4m[48;2;239;222;105m▀[0m[38;2;235;159;193m[48;2;235;159;193m▀[0m[38;2;230;156;188m[48;2;234;159;192m▀[0m[38;2;235;159;193m[48;2;235;159;193m▀[0m[38;2;234;159;193m[48;2;235;160;193m▀[0m[38;2;232;158;191m[48;2;216;144;175m▀[0m[38;2;225;209;98m[48;2;196;178;83m▀[0m[38;2;128;93;52m[48;2;75;68;34m▀[0m[38;2;119;86;48m[48;2;111;80;44m▀[0m[38;2;119;86;48m▀[0m          
                 [38;2;172;139;97m▀[0m[38;2;143;106;60m[48;2;134;98;55m▀[0m[38;2;120;86;48m[48;2;119;86;47m▀[0m[38;2;187;171;78m[48;2;119;86;48m▀[0m[38;2;212;194;90m[48;2;196;178;83m▀[0m[38;2;198;132;158m[48;2;160;105;127m▀[0m[38;2;198;131;157m[48;2;191;126;151m▀[0m[38;2;198;131;157m[48;2;180;120;141m▀[0m[38;2;191;126;151m[48;2;183;121;143m▀[0m[38;2;91;85;35m[48;2;184;121;144m▀[0m[38;2;187;171;79m[48;2;188;171;79m▀[0m[38;2;131;95;52m[48;2;118;85;48m▀[0m           
                      [38;2;187;171;79m[48;2;61;56;26m▀[0m[38;2;183;121;144m[48;2;191;175;80m▀[0m[38;2;182;120;142m[48;2;183;120;144m▀[0m[38;2;184;122;144m[48;2;182;120;142m▀[0m[38;2;183;121;144m[48;2;183;121;144m▀[0m[38;2;189;173;80m[48;2;183;120;143m▀[0m[38;2;185;170;78m[48;2;185;168;77m▀[0m           
                      [38;2;123;88;49m[48;2;116;84;47m▀[0m[38;2;191;175;80m[48;2;119;86;47m▀[0m[38;2;120;77;96m[48;2;187;172;79m▀[0m[38;2;183;121;143m[48;2;183;121;144m▀[0m[38;2;183;121;143m[48;2;183;121;144m▀[0m[38;2;181;119;142m[48;2;183;121;143m▀[0m[38;2;147;135;59m[48;2;183;121;143m▀[0m[38;2;82;75;35m▄[0m          
                [38;2;150;112;65m▄[0m[38;2;173;140;98m[48;2;152;113;65m▀[0m[38;2;152;114;65m[48;2;152;114;65m▀[0m[38;2;121;87;49m[48;2;142;105;61m▀[0m[38;2;153;114;64m▄[0m[38;2;151;113;65m▄[0m[38;2;135;99;56m[48;2;152;113;65m▀[0m[38;2;125;90;51m[48;2;129;94;53m▀[0m[38;2;54;50;24m[48;2;125;90;50m▀[0m[38;2;53;34;44m[48;2;185;168;77m▀[0m[38;2;183;121;144m[48;2;183;121;143m▀[0m[38;2;183;121;144m[48;2;191;126;151m▀[0m[38;2;191;127;151m[48;2;198;131;157m▀[0m[38;2;193;128;152m[48;2;217;146;175m▀[0m[38;2;28;19;23m▄[0m         
           [38;2;170;136;94m▄[0m[38;2;155;118;72m[48;2;151;112;64m▀[0m[38;2;2;1;2m[48;2;120;87;48m▀[0m[38;2;197;174;137m▄[0m[38;2;0;0;0m[48;2;240;178;199m▀[0m[38;2;169;135;92m[48;2;170;139;97m▀[0m[38;2;168;134;92m[48;2;174;141;99m▀[0m[38;2;162;125;80m[48;2;169;135;91m▀[0m[38;2;151;113;65m[48;2;235;160;193m▀[0m[38;2;235;158;191m[48;2;235;160;192m▀[0m[38;2;235;159;193m[48;2;195;136;133m▀[0m[38;2;152;113;65m[48;2;152;114;65m▀[0m[38;2;152;113;65m[48;2;152;113;65m▀[0m[38;2;138;101;56m[48;2;150;111;63m▀[0m[38;2;191;174;81m[48;2;86;79;39m▀[0m[38;2;194;128;154m[48;2;108;70;93m▀[0m[38;2;197;130;157m[48;2;231;157;189m▀[0m[38;2;194;129;153m[48;2;232;157;189m▀[0m[38;2;231;156;186m[48;2;230;156;188m▀[0m[38;2;231;156;185m[48;2;230;156;188m▀[0m[38;2;98;72;73m▄[0m        
           [38;2;152;113;65m[48;2;160;124;79m▀[0m[38;2;169;134;91m[48;2;242;180;202m▀[0m[38;2;204;169;145m[48;2;240;178;199m▀[0m[38;2;226;170;181m[48;2;194;152;132m▀[0m[38;2;170;140;97m[48;2;174;141;100m▀[0m[38;2;174;141;100m[48;2;173;140;98m▀[0m[38;2;173;141;99m[48;2;162;126;80m▀[0m[38;2;160;123;77m[48;2;153;117;70m▀[0m[38;2;235;160;193m[48;2;152;113;65m▀[0m[38;2;162;118;82m[48;2;151;113;64m▀[0m[38;2;152;114;65m[48;2;152;113;65m▀[0m[38;2;152;113;65m[48;2;152;113;65m▀[0m[38;2;152;114;66m[48;2;152;113;65m▀[0m[38;2;150;111;63m[48;2;151;113;65m▀[0m[38;2;125;93;53m[48;2;145;107;61m▀[0m[38;2;164;153;71m[48;2;201;185;87m▀[0m[38;2;234;159;193m[48;2;235;159;193m▀[0m[38;2;231;156;185m[48;2;235;159;192m▀[0m[38;2;230;156;187m[48;2;233;158;191m▀[0m[38;2;230;156;188m[48;2;231;156;186m▀[0m[38;2;232;157;189m[48;2;231;156;187m▀[0m[38;2;221;204;95m▄[0m       
          [38;2;162;121;70m[48;2;152;113;65m▀[0m[38;2;163;127;82m[48;2;157;119;73m▀[0m[38;2;241;178;199m[48;2;168;135;92m▀[0m[38;2;224;169;175m[48;2;165;130;86m▀[0m[38;2;171;140;97m[48;2;165;129;86m▀[0m[38;2;162;127;81m[48;2;152;113;66m▀[0m[38;2;162;127;81m[48;2;152;113;65m▀[0m[38;2;152;113;64m[48;2;150;111;63m▀[0m[38;2;151;113;65m[48;2;152;113;65m▀[0m[38;2;152;113;65m[48;2;152;113;65m▀[0m[38;2;152;113;65m[48;2;152;113;65m▀[0m[38;2;152;113;65m[48;2;151;113;65m▀[0m[38;2;152;113;65m[48;2;152;113;65m▀[0m[38;2;152;113;65m[48;2;150;112;63m▀[0m[38;2;152;113;66m[48;2;151;113;65m▀[0m[38;2;67;49;29m[48;2;250;241;114m▀[0m[38;2;180;165;76m[48;2;85;53;71m▀[0m[38;2;235;159;193m[48;2;229;156;187m▀[0m[38;2;235;159;193m[48;2;234;158;191m▀[0m[38;2;235;160;193m[48;2;230;155;185m▀[0m[38;2;235;159;193m[48;2;235;159;193m▀[0m[38;2;235;159;193m[48;2;234;159;193m▀[0m[38;2;83;57;65m[48;2;192;128;151m▀[0m       
        [38;2;240;222;106m▄[0m[38;2;151;113;64m[48;2;239;222;104m▀[0m[38;2;152;113;65m[48;2;236;233;111m▀[0m[38;2;152;113;65m[48;2;150;111;63m▀[0m[38;2;151;113;65m[48;2;150;112;64m▀[0m[38;2;152;113;66m[48;2;148;110;62m▀[0m[38;2;152;113;65m[48;2;247;231;123m▀[0m[38;2;152;114;65m[48;2;239;221;105m▀[0m[38;2;152;113;65m[48;2;240;223;106m▀[0m[38;2;150;111;63m[48;2;239;222;106m▀[0m[38;2;152;113;65m[48;2;164;154;73m▀[0m[38;2;152;113;65m[48;2;151;112;65m▀[0m[38;2;152;113;65m[48;2;152;114;65m▀[0m[38;2;152;113;65m[48;2;152;114;66m▀[0m[38;2;152;113;66m[48;2;150;111;63m▀[0m[38;2;151;112;64m[48;2;16;14;7m▀[0m[38;2;165;123;70m[48;2;241;223;106m▀[0m[38;2;231;214;100m[48;2;43;30;31m▀[0m[38;2;232;157;187m[48;2;236;159;193m▀[0m[38;2;229;156;188m[48;2;232;158;190m▀[0m[38;2;230;156;187m[48;2;229;156;187m▀[0m[38;2;231;156;185m[48;2;232;157;189m▀[0m[38;2;235;159;193m[48;2;235;159;193m▀[0m[38;2;234;159;193m[48;2;213;142;172m▀[0m[38;2;188;124;149m[48;2;179;119;140m▀[0m       
        [38;2;195;129;154m[48;2;235;159;193m▀[0m[38;2;225;152;184m[48;2;235;159;193m▀[0m[38;2;160;148;66m[48;2;236;159;194m▀[0m[38;2;234;218;102m[48;2;204;137;161m▀[0m[38;2;233;217;103m[48;2;150;98;120m▀[0m[38;2;229;213;99m[48;2;219;147;177m▀[0m[38;2;198;179;82m[48;2;230;156;188m▀[0m[38;2;199;132;159m[48;2;235;159;193m▀[0m[38;2;234;158;193m[48;2;235;159;193m▀[0m[38;2;210;141;169m[48;2;235;159;193m▀[0m[38;2;200;183;84m[48;2;235;159;193m▀[0m[38;2;228;212;100m[48;2;235;160;193m▀[0m[38;2;239;222;105m[48;2;230;155;184m▀[0m[38;2;238;222;105m[48;2;230;155;189m▀[0m[38;2;239;221;105m[48;2;236;160;194m▀[0m[38;2;205;188;88m[48;2;234;159;193m▀[0m[38;2;195;129;154m[48;2;235;160;193m▀[0m[38;2;235;159;193m[48;2;235;160;193m▀[0m[38;2;234;159;191m[48;2;235;159;192m▀[0m[38;2;235;159;193m[48;2;235;159;193m▀[0m[38;2;230;156;188m[48;2;235;160;193m▀[0m[38;2;235;159;193m[48;2;229;155;187m▀[0m[38;2;234;159;193m[48;2;197;131;157m▀[0m[38;2;198;131;158m[48;2;191;126;151m▀[0m[38;2;165;110;129m[48;2;1;0;0m▀[0m       
      [38;2;235;159;193m▄[0m[38;2;235;159;193m[48;2;235;159;193m▀[0m[38;2;235;159;193m[48;2;235;159;193m▀[0m[38;2;235;159;193m[48;2;235;160;193m▀[0m[38;2;235;159;193m[48;2;235;159;193m▀[0m[38;2;235;160;193m[48;2;235;159;193m▀[0m[38;2;230;156;186m[48;2;235;159;193m▀[0m[38;2;232;157;189m[48;2;235;159;193m▀[0m[38;2;228;154;186m[48;2;230;156;186m▀[0m[38;2;231;156;186m[48;2;234;159;192m▀[0m[38;2;235;159;193m[48;2;235;160;193m▀[0m[38;2;234;159;192m[48;2;234;159;193m▀[0m[38;2;235;160;193m[48;2;235;160;193m▀[0m[38;2;234;159;192m[48;2;235;159;193m▀[0m[38;2;235;160;193m[48;2;234;159;193m▀[0m[38;2;235;159;193m[48;2;235;159;193m▀[0m[38;2;235;159;193m[48;2;235;160;193m▀[0m[38;2;235;160;193m[48;2;235;160;193m▀[0m[38;2;235;159;193m[48;2;235;160;193m▀[0m[38;2;235;159;193m[48;2;230;156;187m▀[0m[38;2;235;159;193m[48;2;235;159;193m▀[0m[38;2;234;159;193m[48;2;183;122;144m▀[0m[38;2;214;143;173m[48;2;184;122;145m▀[0m[38;2;195;129;154m[48;2;183;121;143m▀[0m[38;2;183;121;143m[48;2;183;121;144m▀[0m[38;2;183;121;144m[48;2;183;121;144m▀[0m[38;2;183;121;144m[48;2;183;121;144m▀[0m[38;2;190;125;150m▄[0m      
     [38;2;32;21;26m▀[0m[38;2;242;179;199m[48;2;236;159;193m▀[0m[38;2;234;159;193m[48;2;232;157;190m▀[0m[38;2;235;159;193m[48;2;52;35;40m▀[0m[38;2;212;142;172m▀[0m[38;2;183;121;143m▀[0m[38;2;184;121;145m▀[0m[38;2;235;159;193m[48;2;239;174;197m▀[0m[38;2;235;159;193m[48;2;235;159;193m▀[0m[38;2;235;159;193m[48;2;235;159;193m▀[0m[38;2;235;160;193m[48;2;235;160;193m▀[0m[38;2;235;159;193m[48;2;229;154;187m▀[0m[38;2;230;156;187m[48;2;185;123;144m▀[0m[38;2;211;141;169m▀[0m[38;2;220;148;179m▀[0m[38;2;234;159;192m[48;2;230;155;186m▀[0m[38;2;235;159;192m[48;2;235;159;192m▀[0m[38;2;235;159;192m[48;2;235;159;193m▀[0m[38;2;235;159;193m[48;2;235;160;193m▀[0m[38;2;234;159;193m[48;2;234;160;193m▀[0m[38;2;220;147;177m[48;2;148;99;117m▀[0m[38;2;190;125;149m▀[0m  [38;2;0;0;0m▀[0m[38;2;183;121;144m▀[0m[38;2;183;121;144m▀[0m[38;2;183;121;144m[48;2;47;31;36m▀[0m[38;2;188;124;148m[48;2;0;0;0m▀[0m[38;2;18;10;13m▀[0m     
            [38;2;235;159;192m▀[0m[38;2;234;159;193m▀[0m[38;2;234;159;193m▀[0m[38;2;207;139;166m▀[0m    [38;2;253;170;208m▀[0m[38;2;239;174;197m[48;2;235;159;193m▀[0m[38;2;235;159;192m[48;2;235;159;193m▀[0m[38;2;235;159;193m[48;2;82;56;67m▀[0m[38;2;191;127;149m▀[0m               
                                        
