                                        
                   [38;2;207;140;189m▄[0m[38;2;207;140;189m▄[0m[38;2;219;149;200m[48;2;207;141;189m▀[0m[38;2;207;141;189m▄[0m[38;2;210;142;192m[48;2;219;149;201m▀[0m                
                  [38;2;157;121;168m▄[0m[38;2;207;141;189m[48;2;207;141;189m▀[0m[38;2;207;140;189m[48;2;207;141;190m▀[0m[38;2;207;141;189m[48;2;167;123;177m▀[0m[38;2;207;141;189m[48;2;207;141;189m▀[0m[38;2;114;76;104m[48;2;217;147;198m▀[0m[38;2;178;119;163m▀[0m               
                [38;2;134;108;156m▄[0m[38;2;141;116;159m[48;2;136;111;156m▀[0m[38;2;187;131;184m[48;2;135;110;156m▀[0m[38;2;144;118;160m[48;2;134;108;155m▀[0m[38;2;200;136;188m[48;2;134;108;155m▀[0m[38;2;136;111;156m[48;2;131;104;154m▀[0m[38;2;168;118;174m[48;2;127;100;148m▀[0m   [38;2;154;104;141m▄[0m             
           [38;2;130;75;119m[48;2;54;31;48m▀[0m[38;2;173;99;158m▄[0m[38;2;155;93;151m▄[0m [38;2;134;106;158m[48;2;131;104;154m▀[0m[38;2;130;104;153m[48;2;131;104;154m▀[0m[38;2;131;105;155m[48;2;131;104;154m▀[0m[38;2;130;104;154m[48;2;131;104;154m▀[0m[38;2;130;104;154m[48;2;131;104;154m▀[0m[38;2;130;104;154m[48;2;114;89;127m▀[0m[38;2;127;100;147m[48;2;114;90;128m▀[0m[38;2;114;90;128m[48;2;133;105;157m▀[0m[38;2;131;104;154m▄[0m[38;2;199;130;184m[48;2;199;129;183m▀[0m[38;2;205;136;189m▀[0m[38;2;204;138;186m▄[0m             
            [38;2;80;64;96m[48;2;150;124;167m▀[0m[38;2;78;63;96m[48;2;144;119;160m▀[0m[38;2;133;106;157m[48;2;144;119;160m▀[0m[38;2;141;116;157m[48;2;144;118;160m▀[0m[38;2;142;117;158m[48;2;142;116;159m▀[0m[38;2;138;113;158m[48;2;138;113;158m▀[0m[38;2;139;113;158m[48;2;134;108;156m▀[0m[38;2;134;107;156m[48;2;131;105;154m▀[0m[38;2;130;104;153m[48;2;130;104;153m▀[0m[38;2;130;104;154m[48;2;130;104;154m▀[0m[38;2;141;112;166m[48;2;131;104;154m▀[0m[38;2;132;105;155m[48;2;130;104;154m▀[0m[38;2;131;104;154m[48;2;130;104;154m▀[0m[38;2;131;104;154m[48;2;129;103;153m▀[0m              
         [38;2;140;114;159m▄[0m[38;2;141;115;160m[48;2;140;115;158m▀[0m[38;2;144;118;160m[48;2;138;113;158m▀[0m[38;2;144;119;160m[48;2;130;104;154m▀[0m[38;2;140;113;158m[48;2;47;38;55m▀[0m[38;2;138;113;158m[48;2;252;222;72m▀[0m[38;2;136;110;156m[48;2;117;92;133m▀[0m[38;2;131;104;154m[48;2;114;89;129m▀[0m[38;2;131;104;154m[48;2;80;64;99m▀[0m[38;2;122;97;140m[48;2;254;229;73m▀[0m[38;2;74;59;84m[48;2;217;133;130m▀[0m[38;2;101;78;112m[48;2;85;69;105m▀[0m[38;2;126;101;147m[48;2;79;63;96m▀[0m[38;2;131;104;154m[48;2;29;25;35m▀[0m[38;2;130;104;154m[48;2;78;63;97m▀[0m[38;2;131;104;154m[48;2;79;61;86m▀[0m[38;2;131;104;154m[48;2;131;104;154m▀[0m[38;2;131;104;154m[48;2;130;104;154m▀[0m[38;2;199;130;183m[48;2;158;113;169m▀[0m[38;2;198;129;183m▄[0m[38;2;198;130;183m▄[0m[38;2;204;137;187m▄[0m[38;2;15;11;15m▄[0m        
        [38;2;141;115;162m[48;2;130;104;154m▀[0m[38;2;134;107;155m[48;2;131;104;154m▀[0m[38;2;135;109;156m[48;2;18;14;20m▀[0m[38;2;120;94;134m[48;2;78;63;96m▀[0m[38;2;78;63;96m[48;2;78;63;96m▀[0m[38;2;78;63;96m[48;2;78;63;96m▀[0m[38;2;79;64;97m[48;2;78;63;96m▀[0m[38;2;25;17;17m[48;2;78;63;96m▀[0m[38;2;95;75;108m[48;2;129;102;152m▀[0m[38;2;126;100;146m[48;2;130;104;154m▀[0m[38;2;66;50;70m[48;2;131;104;154m▀[0m[38;2;130;103;153m[48;2;122;96;139m▀[0m[38;2;121;96;138m[48;2;105;82;116m▀[0m[38;2;106;82;120m[48;2;107;84;119m▀[0m[38;2;78;63;96m[48;2;78;63;96m▀[0m[38;2;78;63;96m[48;2;78;63;96m▀[0m[38;2;79;63;96m[48;2;79;63;96m▀[0m[38;2;78;63;96m[48;2;78;63;96m▀[0m[38;2;61;49;73m[48;2;78;63;96m▀[0m[38;2;132;105;155m[48;2;78;63;96m▀[0m[38;2;164;114;174m[48;2;130;104;154m▀[0m[38;2;198;129;183m[48;2;198;130;183m▀[0m[38;2;70;45;64m▄[0m         
         [38;2;131;104;154m▀[0m[38;2;78;63;96m[48;2;127;100;146m▀[0m[38;2;78;63;96m[48;2;78;63;96m▀[0m[38;2;78;63;96m[48;2;83;67;99m▀[0m[38;2;78;63;96m[48;2;84;66;99m▀[0m[38;2;78;63;96m[48;2;78;63;96m▀[0m[38;2;79;63;96m[48;2;78;63;96m▀[0m[38;2;78;63;96m[48;2;78;63;96m▀[0m[38;2;78;63;96m[48;2;78;63;96m▀[0m[38;2;92;73;104m[48;2;130;104;153m▀[0m[38;2;114;90;128m[48;2;130;103;154m▀[0m[38;2;123;97;142m[48;2;107;84;119m▀[0m[38;2;107;84;119m[48;2;81;65;100m▀[0m[38;2;78;63;96m[48;2;78;63;96m▀[0m[38;2;78;63;96m[48;2;78;63;96m▀[0m[38;2;78;63;96m[48;2;78;63;96m▀[0m[38;2;78;63;96m[48;2;92;74;113m▀[0m[38;2;81;66;101m[48;2;92;74;113m▀[0m[38;2;82;68;104m[48;2;91;72;106m▀[0m[38;2;130;104;154m▀[0m[38;2;198;129;183m▀[0m[38;2;103;68;96m[48;2;182;123;167m▀[0m         
            [38;2;149;95;146m[48;2;4;3;3m▀[0m[38;2;95;76;114m▀[0m[38;2;93;74;111m▀[0m[38;2;93;74;111m▀[0m[38;2;89;72;108m▀[0m[38;2;90;71;105m▀[0m[38;2;86;68;103m▀[0m[38;2;90;70;99m[48;2;125;98;145m▀[0m[38;2;107;83;119m[48;2;130;104;155m▀[0m[38;2;38;31;44m[48;2;131;104;154m▀[0m[38;2;86;68;102m[48;2;137;87;143m▀[0m[38;2;91;71;106m[48;2;127;82;134m▀[0m[38;2;88;71;108m▀[0m[38;2;20;14;21m▄[0m              
                  [38;2;163;149;148m▄[0m[38;2;135;107;159m[48;2;252;251;251m▀[0m[38;2;130;103;153m[48;2;205;121;119m▀[0m[38;2;208;120;116m[48;2;142;84;81m▀[0m[38;2;130;103;154m[48;2;183;106;102m▀[0m[38;2;130;104;154m▄[0m[38;2;41;32;44m▄[0m               
                  [38;2;205;132;126m[48;2;132;106;155m▀[0m[38;2;170;103;102m[48;2;236;137;136m▀[0m[38;2;218;127;125m[48;2;231;135;133m▀[0m[38;2;130;104;154m[48;2;131;105;155m▀[0m[38;2;95;76;110m[48;2;133;107;155m▀[0m[38;2;133;107;155m[48;2;137;112;157m▀[0m[38;2;137;112;157m[48;2;134;108;156m▀[0m[38;2;124;98;142m[48;2;130;104;154m▀[0m[38;2;114;90;128m[48;2;130;104;154m▀[0m[38;2;116;91;132m[48;2;107;83;119m▀[0m[38;2;168;98;156m▄[0m           
                 [38;2;132;106;157m▄[0m[38;2;137;112;157m[48;2;135;109;156m▀[0m[38;2;137;112;157m[48;2;137;112;157m▀[0m[38;2;133;107;155m[48;2;136;111;157m▀[0m[38;2;136;109;156m[48;2;134;108;155m▀[0m[38;2;138;113;157m[48;2;62;51;72m▀[0m[38;2;135;108;155m[48;2;131;104;154m▀[0m[38;2;113;90;134m[48;2;131;104;154m▀[0m[38;2;130;104;154m[48;2;136;108;159m▀[0m[38;2;131;104;154m[48;2;131;104;154m▀[0m[38;2;131;103;154m[48;2;131;104;154m▀[0m[38;2;115;68;105m[48;2;130;104;154m▀[0m[38;2;159;110;172m▄[0m          
                [38;2;54;43;63m[48;2;131;104;154m▀[0m[38;2;111;88;130m[48;2;131;104;153m▀[0m[38;2;135;107;160m[48;2;134;106;158m▀[0m[38;2;131;104;154m[48;2;123;97;141m▀[0m[38;2;131;104;154m[48;2;125;98;143m▀[0m[38;2;130;104;154m[48;2;119;94;136m▀[0m[38;2;131;104;154m[48;2;114;90;128m▀[0m[38;2;131;104;154m[48;2;106;83;124m▀[0m[38;2;131;104;154m[48;2;130;103;154m▀[0m[38;2;130;103;154m[48;2;131;104;154m▀[0m[38;2;129;102;150m[48;2;132;106;156m▀[0m[38;2;130;104;154m[48;2;122;97;141m▀[0m[38;2;131;104;154m[48;2;136;104;158m▀[0m[38;2;198;129;184m[48;2;198;129;183m▀[0m[38;2;160;103;147m▀[0m         
               [38;2;46;27;43m▀[0m[38;2;131;103;154m[48;2;130;104;154m▀[0m[38;2;131;104;154m[48;2;130;104;154m▀[0m[38;2;133;105;157m[48;2;135;107;159m▀[0m[38;2;108;84;119m[48;2;111;86;124m▀[0m[38;2;106;82;118m[48;2;108;83;119m▀[0m[38;2;111;86;123m[48;2;108;83;120m▀[0m[38;2;107;83;119m[48;2;78;62;88m▀[0m[38;2;108;84;120m[48;2;113;87;126m▀[0m[38;2;131;104;154m[48;2;139;110;165m▀[0m[38;2;130;104;154m[48;2;131;103;153m▀[0m[38;2;131;104;154m[48;2;131;104;154m▀[0m[38;2;93;71;102m[48;2;131;104;154m▀[0m[38;2;171;98;158m[48;2;171;99;158m▀[0m[38;2;143;91;132m▀[0m          
                [38;2;137;92;139m[48;2;46;37;51m▀[0m[38;2;131;104;154m[48;2;133;106;155m▀[0m[38;2;135;107;159m[48;2;134;107;156m▀[0m[38;2;75;59;83m▀[0m[38;2;9;6;9m▀[0m[38;2;0;1;0m▀[0m [38;2;110;86;123m▀[0m [38;2;130;104;153m[48;2;135;109;156m▀[0m[38;2;133;106;155m[48;2;138;112;157m▀[0m[38;2;133;107;155m[48;2;144;119;161m▀[0m[38;2;143;114;166m[48;2;141;116;159m▀[0m           
                [38;2;138;110;161m▀[0m[38;2;137;112;157m[48;2;140;116;156m▀[0m[38;2;143;118;160m[48;2;144;118;160m▀[0m[38;2;143;119;160m▄[0m    [38;2;28;23;33m▀[0m[38;2;207;141;190m[48;2;201;137;189m▀[0m[38;2;145;118;161m[48;2;180;128;184m▀[0m[38;2;112;92;124m[48;2;79;57;82m▀[0m            
                  [38;2;208;142;191m[48;2;207;141;189m▀[0m[38;2;191;132;186m[48;2;207;140;189m▀[0m      [38;2;211;144;192m[48;2;207;141;189m▀[0m[38;2;207;141;189m[48;2;207;140;189m▀[0m            
                   [38;2;206;141;189m▀[0m[38;2;22;14;20m▀[0m     [38;2;207;141;188m▀[0m             
                                        
