                                        
                                        
                  [38;2;236;175;115m▄[0m[38;2;232;157;92m▄[0m [38;2;230;242;250m[48;2;213;227;242m▀[0m[38;2;219;233;250m[48;2;213;227;244m▀[0m[38;2;0;0;0m▄[0m                
                  [38;2;231;165;104m[48;2;227;153;91m▀[0m[38;2;230;155;92m[48;2;228;153;91m▀[0m[38;2;19;10;4m[48;2;193;131;78m▀[0m[38;2;211;225;244m[48;2;175;183;197m▀[0m[38;2;210;223;243m[48;2;167;174;185m▀[0m[38;2;228;153;91m▄[0m[38;2;230;165;105m[48;2;228;153;91m▀[0m[38;2;228;153;91m[48;2;227;153;91m▀[0m              
                  [38;2;180;123;72m[48;2;190;142;96m▀[0m[38;2;168;114;68m[48;2;232;173;116m▀[0m[38;2;235;164;103m[48;2;228;160;100m▀[0m[38;2;230;155;93m[48;2;228;154;93m▀[0m[38;2;139;93;53m[48;2;229;154;91m▀[0m[38;2;210;141;85m[48;2;35;24;15m▀[0m[38;2;208;140;84m[48;2;188;129;75m▀[0m[38;2;43;31;18m▀[0m              
                 [38;2;7;5;3m[48;2;220;229;235m▀[0m[38;2;40;50;52m[48;2;219;228;235m▀[0m[38;2;233;174;116m[48;2;219;227;235m▀[0m[38;2;232;162;101m[48;2;230;159;98m▀[0m[38;2;229;156;93m[48;2;229;154;92m▀[0m[38;2;229;154;91m[48;2;230;155;91m▀[0m[38;2;193;131;78m[48;2;148;103;60m▀[0m                
                [38;2;234;243;248m▄[0m[38;2;219;227;234m[48;2;221;229;236m▀[0m[38;2;219;227;234m[48;2;221;230;236m▀[0m[38;2;215;226;237m[48;2;217;229;240m▀[0m[38;2;163;172;181m[48;2;213;226;244m▀[0m[38;2;230;155;91m[48;2;231;155;92m▀[0m[38;2;229;153;91m[48;2;203;137;83m▀[0m          [38;2;222;148;89m▄[0m[38;2;228;159;99m▄[0m[38;2;229;164;104m▄[0m[38;2;48;34;21m▄[0m   
                [38;2;220;231;239m[48;2;219;230;242m▀[0m[38;2;223;232;238m[48;2;219;232;249m▀[0m[38;2;216;230;246m[48;2;216;229;245m▀[0m[38;2;216;230;246m[48;2;213;226;244m▀[0m[38;2;214;228;244m[48;2;211;225;244m▀[0m[38;2;233;156;92m[48;2;194;132;78m▀[0m[38;2;36;26;15m▀[0m       [38;2;228;164;106m▄[0m[38;2;235;168;108m▄[0m[38;2;229;153;92m[48;2;185;126;75m▀[0m[38;2;227;152;91m[48;2;197;133;81m▀[0m[38;2;228;153;91m[48;2;189;129;77m▀[0m[38;2;228;153;91m[48;2;13;11;8m▀[0m[38;2;217;226;234m▄[0m   
                [38;2;228;155;93m[48;2;229;153;91m▀[0m[38;2;228;154;93m[48;2;229;154;91m▀[0m[38;2;98;64;34m[48;2;221;148;88m▀[0m[38;2;210;223;242m[48;2;179;189;201m▀[0m[38;2;186;196;211m[48;2;154;164;179m▀[0m      [38;2;210;157;105m▄[0m[38;2;236;177;117m▄[0m[38;2;233;174;116m[48;2;236;176;116m▀[0m[38;2;233;173;116m[48;2;236;177;117m▀[0m[38;2;232;167;106m[48;2;230;165;106m▀[0m[38;2;229;155;91m[48;2;229;153;91m▀[0m[38;2;181;124;73m[48;2;172;178;190m▀[0m[38;2;180;186;198m[48;2;169;174;187m▀[0m[38;2;210;224;243m[48;2;194;206;221m▀[0m[38;2;210;224;243m[48;2;210;224;243m▀[0m[38;2;222;237;253m▀[0m  
         [38;2;7;7;2m▄[0m[38;2;227;222;113m▄[0m[38;2;226;220;112m▄[0m[38;2;225;221;108m▄[0m[38;2;226;220;101m▄[0m[38;2;221;217;94m▄[0m[38;2;6;6;2m▄[0m[38;2;160;109;67m[48;2;156;107;66m▀[0m[38;2;171;118;71m[48;2;160;111;67m▀[0m[38;2;170;116;70m[48;2;158;108;65m▀[0m[38;2;65;42;20m[48;2;2;2;1m▀[0m    [38;2;215;224;226m▄[0m[38;2;221;229;237m▄[0m[38;2;117;128;131m[48;2;220;229;237m▀[0m[38;2;136;142;146m[48;2;221;228;235m▀[0m[38;2;118;88;58m[48;2;221;230;236m▀[0m[38;2;233;174;116m[48;2;222;230;236m▀[0m[38;2;234;174;116m[48;2;46;33;19m▀[0m[38;2;231;167;107m[48;2;231;159;97m▀[0m[38;2;229;155;91m[48;2;204;138;83m▀[0m[38;2;180;186;199m[48;2;180;123;72m▀[0m[38;2;167;173;185m[48;2;180;124;73m▀[0m[38;2;179;188;202m[48;2;189;129;77m▀[0m[38;2;231;155;92m▄[0m[38;2;222;150;90m▄[0m  
  [38;2;0;0;0m▄[0m[38;2;21;20;12m▄[0m  [38;2;225;220;91m▄[0m[38;2;0;0;0m[48;2;228;223;112m▀[0m[38;2;226;222;112m[48;2;231;227;133m▀[0m[38;2;233;228;140m[48;2;234;229;140m▀[0m[38;2;229;224;117m[48;2;233;229;140m▀[0m[38;2;227;222;112m[48;2;228;223;113m▀[0m[38;2;226;221;112m[48;2;228;223;113m▀[0m[38;2;226;221;112m[48;2;226;222;112m▀[0m[38;2;225;222;112m[48;2;226;222;112m▀[0m[38;2;222;219;95m[48;2;226;220;104m▀[0m[38;2;221;217;84m[48;2;224;219;89m▀[0m[38;2;26;17;10m[48;2;223;218;86m▀[0m[38;2;226;221;107m[48;2;124;122;50m▀[0m[38;2;224;221;100m[48;2;181;173;71m▀[0m[38;2;184;178;72m[48;2;113;75;46m▀[0m[38;2;231;155;92m▄[0m[38;2;238;159;95m[48;2;234;161;97m▀[0m[38;2;231;167;106m[48;2;237;177;117m▀[0m[38;2;236;176;116m[48;2;235;175;117m▀[0m[38;2;128;137;141m[48;2;235;174;117m▀[0m[38;2;222;230;236m[48;2;131;94;60m▀[0m[38;2;220;228;235m[48;2;217;229;240m▀[0m[38;2;221;229;236m[48;2;215;227;244m▀[0m[38;2;216;227;238m[48;2;213;227;244m▀[0m[38;2;212;225;241m[48;2;204;216;234m▀[0m[38;2;229;154;91m[48;2;195;133;79m▀[0m[38;2;180;123;73m▀[0m[38;2;183;125;73m▀[0m[38;2;191;130;78m[48;2;76;53;32m▀[0m[38;2;213;143;85m[48;2;231;155;92m▀[0m[38;2;231;154;92m[48;2;220;147;88m▀[0m[38;2;232;156;91m▀[0m  
  [38;2;225;221;102m[48;2;192;186;76m▀[0m[38;2;223;219;90m[48;2;223;219;86m▀[0m[38;2;211;208;83m[48;2;219;214;86m▀[0m[38;2;174;170;68m[48;2;223;219;90m▀[0m[38;2;225;222;96m[48;2;225;222;96m▀[0m[38;2;227;224;114m[48;2;228;222;113m▀[0m[38;2;227;224;114m[48;2;227;223;113m▀[0m[38;2;229;225;123m[48;2;228;223;113m▀[0m[38;2;228;222;113m[48;2;227;222;112m▀[0m[38;2;227;223;113m[48;2;227;223;113m▀[0m[38;2;227;223;113m[48;2;227;223;113m▀[0m[38;2;228;222;113m[48;2;227;223;113m▀[0m[38;2;227;224;113m[48;2;227;221;102m▀[0m[38;2;225;220;101m[48;2;225;221;93m▀[0m[38;2;223;219;89m[48;2;223;219;87m▀[0m[38;2;223;218;86m[48;2;223;219;86m▀[0m[38;2;222;218;86m[48;2;223;219;86m▀[0m[38;2;104;101;43m[48;2;195;189;77m▀[0m[38;2;205;139;82m[48;2;188;129;74m▀[0m[38;2;232;156;91m[48;2;182;124;73m▀[0m[38;2;231;155;92m[48;2;183;124;74m▀[0m[38;2;232;167;107m[48;2;193;132;78m▀[0m[38;2;234;163;101m[48;2;199;135;81m▀[0m[38;2;234;165;102m[48;2;198;134;81m▀[0m[38;2;231;160;98m[48;2;197;133;81m▀[0m[38;2;210;224;243m[48;2;176;183;196m▀[0m[38;2;207;220;239m[48;2;176;184;196m▀[0m[38;2;184;193;207m[48;2;181;189;201m▀[0m[38;2;174;183;196m▀[0m[38;2;21;16;7m▀[0m        
   [38;2;2;2;0m▀[0m[38;2;226;221;87m[48;2;47;46;46m▀[0m[38;2;222;217;86m[48;2;222;216;85m▀[0m[38;2;223;218;92m[48;2;220;215;85m▀[0m[38;2;225;220;101m[48;2;223;219;95m▀[0m[38;2;227;221;112m[48;2;224;219;98m▀[0m[38;2;225;221;112m[48;2;226;221;102m▀[0m[38;2;227;223;113m[48;2;224;219;95m▀[0m[38;2;226;220;102m[48;2;225;220;95m▀[0m[38;2;226;221;102m[48;2;223;218;91m▀[0m[38;2;225;222;96m[48;2;224;218;90m▀[0m[38;2;224;221;91m[48;2;223;217;86m▀[0m[38;2;224;219;88m[48;2;224;218;86m▀[0m[38;2;223;218;85m[48;2;223;219;86m▀[0m[38;2;223;218;85m[48;2;221;216;85m▀[0m[38;2;223;218;86m[48;2;221;215;85m▀[0m[38;2;193;188;77m[48;2;183;178;73m▀[0m[38;2;30;30;14m[48;2;175;169;71m▀[0m [38;2;74;52;31m▀[0m[38;2;175;120;71m▀[0m[38;2;175;120;70m▀[0m[38;2;27;30;28m▀[0m[38;2;58;60;64m▀[0m             
    [38;2;44;43;43m[48;2;32;31;28m▀[0m[38;2;222;218;85m[48;2;223;219;87m▀[0m[38;2;41;40;40m[48;2;34;32;30m▀[0m[38;2;223;219;86m[48;2;221;217;85m▀[0m[38;2;223;219;86m[48;2;221;217;86m▀[0m[38;2;223;218;86m[48;2;222;217;86m▀[0m[38;2;221;217;85m[48;2;222;216;86m▀[0m[38;2;222;216;86m[48;2;222;216;86m▀[0m[38;2;223;217;85m[48;2;221;215;85m▀[0m[38;2;223;217;86m[48;2;220;214;84m▀[0m[38;2;222;217;85m[48;2;220;215;86m▀[0m[38;2;221;215;85m[48;2;220;214;86m▀[0m[38;2;220;214;85m[48;2;220;215;85m▀[0m[38;2;220;215;86m[48;2;220;216;85m▀[0m[38;2;221;215;86m[48;2;208;202;81m▀[0m[38;2;183;177;73m[48;2;181;177;74m▀[0m[38;2;180;171;71m[48;2;175;169;71m▀[0m                   
  [38;2;224;219;88m[48;2;221;215;85m▀[0m[38;2;228;224;125m[48;2;221;216;85m▀[0m[38;2;35;34;15m[48;2;220;214;86m▀[0m[38;2;208;205;82m[48;2;221;215;86m▀[0m[38;2;222;216;86m[48;2;196;193;77m▀[0m[38;2;221;215;85m[48;2;221;215;85m▀[0m[38;2;221;215;85m[48;2;220;214;85m▀[0m[38;2;222;216;85m[48;2;219;214;84m▀[0m[38;2;222;216;85m[48;2;219;214;84m▀[0m[38;2;219;214;85m[48;2;223;218;86m▀[0m[38;2;47;46;46m[48;2;32;31;27m▀[0m[38;2;220;214;85m[48;2;219;214;85m▀[0m[38;2;221;215;85m[48;2;137;134;54m▀[0m[38;2;221;215;85m[48;2;25;24;20m▀[0m[38;2;220;214;85m[48;2;51;51;20m▀[0m[38;2;220;214;85m[48;2;200;195;79m▀[0m[38;2;183;178;73m[48;2;182;177;73m▀[0m[38;2;54;53;24m[48;2;176;169;71m▀[0m[38;2;178;169;71m[48;2;181;174;72m▀[0m[38;2;221;216;89m[48;2;219;214;85m▀[0m[38;2;226;223;125m[48;2;219;214;84m▀[0m[38;2;164;161;75m[48;2;231;226;90m▀[0m                
  [38;2;8;9;4m▀[0m[38;2;220;214;85m[48;2;158;150;63m▀[0m[38;2;200;195;79m[48;2;184;178;73m▀[0m[38;2;173;169;70m[48;2;94;92;39m▀[0m[38;2;216;211;84m[48;2;177;169;71m▀[0m[38;2;220;214;85m[48;2;182;175;72m▀[0m[38;2;146;143;58m[48;2;197;192;77m▀[0m[38;2;220;215;85m[48;2;220;214;85m▀[0m[38;2;221;215;85m[48;2;221;215;85m▀[0m[38;2;220;214;85m[48;2;217;211;83m▀[0m[38;2;220;215;86m[48;2;127;124;51m▀[0m[38;2;41;40;16m[48;2;23;22;18m▀[0m[38;2;23;22;19m[48;2;23;22;18m▀[0m[38;2;23;22;19m[48;2;22;21;18m▀[0m[38;2;23;22;19m[48;2;34;32;30m▀[0m[38;2;188;183;75m[48;2;180;174;73m▀[0m[38;2;174;168;71m[48;2;181;174;72m▀[0m[38;2;78;76;32m[48;2;189;183;74m▀[0m[38;2;181;175;73m▀[0m[38;2;213;208;85m▀[0m                  
      [38;2;0;0;0m▀[0m[38;2;177;170;71m▀[0m[38;2;178;170;71m[48;2;187;182;74m▀[0m[38;2;177;170;70m[48;2;190;184;75m▀[0m[38;2;178;170;71m[48;2;185;179;73m▀[0m[38;2;177;169;71m[48;2;176;169;71m▀[0m[38;2;175;169;71m[48;2;176;170;71m▀[0m[38;2;175;169;71m[48;2;190;184;76m▀[0m[38;2;14;13;13m[48;2;221;217;85m▀[0m[38;2;78;77;30m[48;2;225;221;110m▀[0m[38;2;33;32;13m[48;2;221;217;85m▀[0m[38;2;178;170;71m[48;2;173;168;69m▀[0m[38;2;189;183;75m▀[0m                     
          [38;2;105;101;43m▀[0m[38;2;189;183;75m▀[0m[38;2;179;172;70m▀[0m[38;2;179;171;71m▀[0m[38;2;191;187;75m[48;2;179;172;71m▀[0m[38;2;204;197;80m[48;2;168;162;67m▀[0m[38;2;197;191;78m▀[0m                       
                                        
                                        
