                                        
                                        
                            [38;2;97;75;107m▄[0m[38;2;112;94;120m▄[0m[38;2;124;106;129m▄[0m[38;2;5;5;5m[48;2;125;107;131m▀[0m[38;2;105;93;106m▀[0m[38;2;147;128;148m▀[0m      
                         [38;2;249;234;199m▄[0m[38;2;113;106;91m[48;2;91;69;104m▀[0m[38;2;96;73;106m[48;2;97;74;107m▀[0m[38;2;97;74;106m[48;2;98;75;107m▀[0m[38;2;96;74;106m[48;2;14;12;15m▀[0m[38;2;16;13;18m[48;2;97;74;106m▀[0m[38;2;98;75;107m▄[0m[38;2;106;85;115m▄[0m[38;2;122;104;127m▄[0m[38;2;128;112;133m▄[0m     
                       [38;2;242;233;198m▄[0m[38;2;251;232;198m[48;2;246;227;194m▀[0m[38;2;252;232;195m[48;2;97;74;106m▀[0m[38;2;99;76;109m[48;2;96;74;105m▀[0m[38;2;99;75;109m[48;2;96;73;105m▀[0m[38;2;97;75;107m[48;2;95;73;105m▀[0m[38;2;97;75;108m[48;2;96;73;105m▀[0m[38;2;97;74;107m[48;2;95;73;105m▀[0m[38;2;96;73;105m[48;2;3;3;3m▀[0m[38;2;96;74;105m▀[0m       
                      [38;2;249;231;195m▄[0m[38;2;242;224;192m[48;2;249;230;195m▀[0m[38;2;245;225;190m[48;2;91;68;105m▀[0m[38;2;95;73;105m[48;2;216;203;183m▀[0m[38;2;96;73;105m[48;2;96;72;107m▀[0m[38;2;96;74;105m[48;2;97;75;107m▀[0m[38;2;97;74;107m[48;2;98;74;107m▀[0m[38;2;98;74;107m[48;2;97;74;106m▀[0m[38;2;96;74;106m▄[0m[38;2;67;51;73m[48;2;96;74;106m▀[0m[38;2;103;79;113m[48;2;97;74;106m▀[0m[38;2;96;74;106m[48;2;97;74;106m▀[0m[38;2;123;105;127m[48;2;116;98;123m▀[0m[38;2;21;19;21m[48;2;124;106;130m▀[0m    
                 [38;2;2;4;1m▄[0m   [38;2;249;231;196m▄[0m[38;2;249;231;196m[48;2;251;234;198m▀[0m[38;2;250;231;196m[48;2;251;234;199m▀[0m[38;2;248;230;196m[48;2;246;229;195m▀[0m[38;2;188;172;165m[48;2;252;235;198m▀[0m[38;2;241;225;193m[48;2;98;75;109m▀[0m[38;2;98;75;108m[48;2;98;75;108m▀[0m[38;2;98;75;107m[48;2;98;75;107m▀[0m[38;2;98;75;108m[48;2;97;74;106m▀[0m[38;2;98;75;107m[48;2;99;75;109m▀[0m[38;2;97;74;107m▀[0m[38;2;97;74;107m▀[0m       
                 [38;2;211;206;186m[48;2;253;242;217m▀[0m  [38;2;243;226;193m▄[0m[38;2;248;229;196m[48;2;244;226;192m▀[0m[38;2;250;232;197m[48;2;248;230;195m▀[0m[38;2;246;228;195m[48;2;251;234;199m▀[0m[38;2;205;190;176m[48;2;97;74;108m▀[0m[38;2;96;73;105m[48;2;98;75;109m▀[0m[38;2;98;75;108m[48;2;98;74;107m▀[0m[38;2;99;75;108m[48;2;98;74;107m▀[0m[38;2;100;77;111m[48;2;96;74;106m▀[0m[38;2;101;77;111m[48;2;96;74;106m▀[0m[38;2;100;76;110m[48;2;97;74;106m▀[0m[38;2;51;40;55m[48;2;95;73;105m▀[0m[38;2;103;82;111m▄[0m[38;2;108;88;116m▄[0m[38;2;56;49;58m▄[0m     
             [38;2;229;212;182m▄[0m  [38;2;101;95;80m[48;2;244;227;193m▀[0m[38;2;245;229;201m[48;2;229;213;182m▀[0m[38;2;246;227;193m▄[0m[38;2;253;232;196m[48;2;244;226;193m▀[0m[38;2;246;229;193m[48;2;244;226;193m▀[0m[38;2;244;227;192m[48;2;244;226;192m▀[0m[38;2;243;226;192m[48;2;237;220;189m▀[0m[38;2;99;77;108m[48;2;95;73;105m▀[0m[38;2;96;74;106m[48;2;96;73;104m▀[0m[38;2;96;74;106m[48;2;96;73;105m▀[0m[38;2;95;74;105m[48;2;96;73;105m▀[0m[38;2;96;74;105m[48;2;95;73;105m▀[0m[38;2;96;74;105m[48;2;97;74;106m▀[0m[38;2;96;74;105m[48;2;82;63;90m▀[0m[38;2;96;74;106m▀[0m[38;2;97;74;106m▀[0m[38;2;98;74;107m▀[0m[38;2;124;106;129m▀[0m[38;2;135;119;138m▀[0m[38;2;136;119;137m▀[0m    
      [38;2;251;233;199m[48;2;183;171;143m▀[0m[38;2;245;227;194m▄[0m[38;2;238;233;198m▄[0m[38;2;247;236;205m▄[0m[38;2;244;235;204m▄[0m[38;2;244;229;195m▄[0m[38;2;244;226;193m[48;2;244;226;193m▀[0m[38;2;215;199;172m[48;2;54;52;45m▀[0m[38;2;28;27;24m[48;2;59;39;27m▀[0m[38;2;244;226;192m[48;2;244;226;193m▀[0m[38;2;247;231;197m[48;2;245;227;192m▀[0m[38;2;241;224;191m[48;2;175;166;142m▀[0m[38;2;241;223;190m[48;2;242;225;192m▀[0m[38;2;241;224;190m[48;2;246;228;194m▀[0m[38;2;243;225;191m[48;2;249;231;199m▀[0m[38;2;242;225;192m[48;2;94;72;109m▀[0m[38;2;96;73;105m[48;2;99;76;111m▀[0m[38;2;95;73;105m[48;2;99;76;110m▀[0m[38;2;97;74;106m[48;2;98;75;108m▀[0m[38;2;98;74;107m[48;2;99;75;108m▀[0m[38;2;99;75;109m[48;2;99;75;109m▀[0m[38;2;99;76;110m[48;2;98;75;109m▀[0m[38;2;99;76;109m[48;2;98;74;108m▀[0m[38;2;99;76;110m[48;2;96;74;106m▀[0m[38;2;99;76;110m[48;2;98;75;109m▀[0m[38;2;98;75;108m[48;2;118;100;124m▀[0m[38;2;137;120;139m▄[0m[38;2;22;19;22m▄[0m      
      [38;2;97;74;106m[48;2;100;76;110m▀[0m[38;2;246;228;194m[48;2;149;146;125m▀[0m[38;2;245;232;200m[48;2;250;233;198m▀[0m[38;2;247;235;206m[48;2;250;233;199m▀[0m[38;2;247;232;199m[48;2;247;229;195m▀[0m[38;2;247;229;194m[48;2;250;231;195m▀[0m[38;2;247;228;195m[48;2;178;175;174m▀[0m[38;2;59;47;70m[48;2;213;128;88m▀[0m[38;2;156;94;59m[48;2;98;75;108m▀[0m[38;2;194;178;155m[48;2;195;179;155m▀[0m[38;2;224;208;178m[48;2;193;179;155m▀[0m[38;2;252;235;201m[48;2;193;178;156m▀[0m[38;2;221;204;175m[48;2;195;180;156m▀[0m[38;2;239;220;187m[48;2;210;192;171m▀[0m[38;2;224;205;182m[48;2;99;76;111m▀[0m[38;2;99;75;109m[48;2;99;76;108m▀[0m[38;2;99;75;109m[48;2;98;75;108m▀[0m[38;2;99;76;109m[48;2;97;74;106m▀[0m[38;2;99;76;110m[48;2;98;75;107m▀[0m[38;2;99;75;109m[48;2;97;75;108m▀[0m[38;2;98;76;108m[48;2;97;74;107m▀[0m[38;2;98;75;107m[48;2;96;74;106m▀[0m[38;2;98;75;109m[48;2;36;28;39m▀[0m[38;2;98;75;107m[48;2;96;74;106m▀[0m[38;2;127;110;131m▄[0m[38;2;82;69;88m▄[0m [38;2;141;126;144m▀[0m      
      [38;2;101;77;111m[48;2;99;75;110m▀[0m[38;2;214;128;88m[48;2;222;150;113m▀[0m[38;2;248;245;243m[48;2;255;255;250m▀[0m[38;2;246;228;194m[48;2;100;99;98m▀[0m[38;2;250;232;197m[48;2;250;232;197m▀[0m[38;2;250;231;197m[48;2;122;123;125m▀[0m[38;2;255;255;253m[48;2;248;245;242m▀[0m[38;2;216;136;98m[48;2;214;135;99m▀[0m[38;2;99;76;111m[48;2;96;74;106m▀[0m[38;2;99;76;110m[48;2;96;73;105m▀[0m[38;2;194;180;157m[48;2;69;50;70m▀[0m[38;2;193;178;155m[48;2;77;57;79m▀[0m[38;2;77;57;80m[48;2;76;57;79m▀[0m[38;2;93;72;102m[48;2;94;71;102m▀[0m[38;2;97;74;106m[48;2;96;73;105m▀[0m[38;2;96;74;105m[48;2;96;74;106m▀[0m[38;2;96;74;105m[48;2;97;74;106m▀[0m[38;2;96;73;105m[48;2;96;74;106m▀[0m[38;2;96;73;105m[48;2;97;74;106m▀[0m[38;2;98;74;107m[48;2;97;74;106m▀[0m[38;2;95;74;105m[48;2;33;25;36m▀[0m[38;2;96;74;106m[48;2;95;74;105m▀[0m[38;2;101;81;111m[48;2;54;41;63m▀[0m[38;2;105;83;114m[48;2;109;89;117m▀[0m[38;2;125;106;130m▄[0m [38;2;17;16;17m▀[0m       
     [38;2;102;78;113m[48;2;96;74;106m▀[0m[38;2;96;74;106m[48;2;98;75;107m▀[0m[38;2;96;74;106m[48;2;110;91;118m▀[0m[38;2;212;128;87m[48;2;110;91;118m▀[0m[38;2;211;208;206m[48;2;111;91;117m▀[0m[38;2;64;50;74m[48;2;98;75;106m▀[0m[38;2;100;76;109m[48;2;95;73;104m▀[0m[38;2;104;79;114m[48;2;97;74;106m▀[0m[38;2;96;74;105m[48;2;96;74;106m▀[0m[38;2;97;74;105m[48;2;96;74;106m▀[0m[38;2;97;74;106m[48;2;87;65;93m▀[0m[38;2;77;57;80m[48;2;52;49;42m▀[0m[38;2;77;57;80m[48;2;252;234;198m▀[0m[38;2;77;57;80m[48;2;251;239;212m▀[0m[38;2;96;74;106m[48;2;211;209;191m▀[0m[38;2;96;74;106m[48;2;96;74;106m▀[0m[38;2;96;74;106m[48;2;96;74;106m▀[0m[38;2;97;74;107m[48;2;97;74;106m▀[0m[38;2;97;74;106m[48;2;58;44;63m▀[0m[38;2;96;74;106m[48;2;99;76;109m▀[0m[38;2;96;74;106m[48;2;98;75;109m▀[0m[38;2;96;73;105m[48;2;98;74;108m▀[0m[38;2;77;56;79m[48;2;98;75;107m▀[0m[38;2;127;108;132m[48;2;87;66;93m▀[0m [38;2;8;6;6m▀[0m[38;2;6;6;6m▀[0m        
    [38;2;250;233;199m▄[0m[38;2;97;74;108m[48;2;251;233;198m▀[0m[38;2;103;82;112m[48;2;65;54;66m▀[0m[38;2;111;92;119m[48;2;99;77;111m▀[0m[38;2;112;93;120m[48;2;99;77;109m▀[0m[38;2;101;79;110m[48;2;99;76;109m▀[0m[38;2;98;75;108m[48;2;99;75;109m▀[0m[38;2;98;75;108m[48;2;97;72;104m▀[0m[38;2;99;76;110m[48;2;88;66;95m▀[0m[38;2;98;76;109m[48;2;81;60;85m▀[0m[38;2;96;73;106m[48;2;79;58;81m▀[0m[38;2;79;58;81m[48;2;79;59;82m▀[0m[38;2;247;230;195m[48;2;78;58;81m▀[0m[38;2;63;45;65m[48;2;102;78;112m▀[0m[38;2;97;74;106m[48;2;69;51;77m▀[0m[38;2;97;74;107m[48;2;99;76;109m▀[0m[38;2;98;74;107m[48;2;99;76;109m▀[0m[38;2;99;75;109m[48;2;145;126;139m▀[0m[38;2;98;76;108m[48;2;209;194;167m▀[0m[38;2;80;61;85m[48;2;194;178;156m▀[0m[38;2;98;75;109m[48;2;98;75;109m▀[0m[38;2;99;76;110m[48;2;99;75;110m▀[0m[38;2;99;75;109m[48;2;98;75;108m▀[0m[38;2;98;75;109m[48;2;99;75;109m▀[0m[38;2;99;75;109m[48;2;99;75;109m▀[0m           
  [38;2;237;234;215m▀[0m[38;2;70;66;59m▀[0m [38;2;250;235;210m▀[0m[38;2;79;58;81m▀[0m[38;2;79;58;82m[48;2;85;63;87m▀[0m[38;2;86;64;91m[48;2;78;58;80m▀[0m[38;2;79;58;81m[48;2;78;58;80m▀[0m[38;2;78;58;80m[48;2;18;15;20m▀[0m[38;2;47;34;47m[48;2;55;41;62m▀[0m[38;2;79;58;80m[48;2;55;41;63m▀[0m[38;2;79;58;81m▀[0m[38;2;79;58;81m▀[0m[38;2;80;59;81m[48;2;99;75;108m▀[0m[38;2;98;75;107m[48;2;99;76;110m▀[0m[38;2;98;75;107m[48;2;99;76;108m▀[0m[38;2;97;74;107m[48;2;98;75;109m▀[0m[38;2;8;5;13m[48;2;60;44;68m▀[0m[38;2;192;177;154m[48;2;55;41;62m▀[0m   [38;2;37;29;40m▀[0m[38;2;98;75;108m[48;2;96;73;105m▀[0m[38;2;96;74;107m[48;2;97;74;107m▀[0m[38;2;97;74;107m[48;2;97;74;106m▀[0m[38;2;98;75;108m[48;2;78;56;81m▀[0m           
         [38;2;55;41;62m[48;2;58;43;62m▀[0m[38;2;55;41;62m[48;2;67;49;71m▀[0m[38;2;55;41;62m[48;2;68;49;73m▀[0m[38;2;55;42;62m[48;2;76;56;79m▀[0m  [38;2;97;74;106m[48;2;96;74;106m▀[0m[38;2;96;73;105m[48;2;97;74;106m▀[0m[38;2;96;73;105m[48;2;97;74;108m▀[0m[38;2;96;73;105m[48;2;97;75;107m▀[0m[38;2;53;41;61m[48;2;64;48;71m▀[0m     [38;2;14;11;14m▀[0m[38;2;79;58;81m[48;2;79;58;81m▀[0m[38;2;79;58;81m[48;2;79;58;81m▀[0m[38;2;79;59;82m[48;2;82;61;85m▀[0m           
         [38;2;58;58;55m▄[0m[38;2;77;56;79m[48;2;213;209;207m▀[0m[38;2;77;57;79m[48;2;201;194;192m▀[0m[38;2;74;55;76m▀[0m  [38;2;79;58;82m[48;2;78;58;81m▀[0m[38;2;86;65;91m[48;2;79;58;81m▀[0m[38;2;80;59;82m[48;2;79;58;81m▀[0m[38;2;0;1;0m▀[0m      [38;2;235;234;233m[48;2;19;19;17m▀[0m[38;2;192;187;185m[48;2;130;129;128m▀[0m[38;2;59;43;61m▀[0m            
              [38;2;221;220;218m▀[0m[38;2;248;244;241m▀[0m[38;2;192;189;186m▀[0m                       
                                        
                                        
