                                        
                                        
                                        
                                        
                   [38;2;8;3;6m▀[0m[38;2;89;45;61m[48;2;15;1;6m▀[0m[38;2;201;89;136m▄[0m[38;2;198;78;127m▄[0m[38;2;198;69;121m▄[0m[38;2;195;50;102m▄[0m[38;2;8;1;3m▄[0m     [38;2;195;97;138m[48;2;192;90;128m▀[0m        
               [38;2;4;0;2m▄[0m[38;2;198;69;120m▄[0m[38;2;7;4;4m▄[0m[38;2;5;0;0m[48;2;194;54;106m▀[0m[38;2;154;37;76m[48;2;197;50;102m▀[0m[38;2;188;49;100m[48;2;196;50;102m▀[0m[38;2;156;39;78m[48;2;197;51;103m▀[0m[38;2;176;48;97m[48;2;195;51;102m▀[0m[38;2;192;54;104m[48;2;199;50;104m▀[0m[38;2;190;48;98m[48;2;197;50;102m▀[0m[38;2;191;49;100m[48;2;197;50;102m▀[0m[38;2;192;49;99m[48;2;196;50;102m▀[0m[38;2;49;12;25m[48;2;193;49;100m▀[0m[38;2;192;49;100m▄[0m  [38;2;190;67;110m[48;2;191;49;99m▀[0m[38;2;144;49;87m[48;2;192;49;100m▀[0m [38;2;13;6;9m▄[0m     
             [38;2;204;102;146m▄[0m[38;2;201;83;131m[48;2;200;89;133m▀[0m[38;2;198;78;127m[48;2;198;78;128m▀[0m[38;2;196;67;116m[48;2;198;71;122m▀[0m[38;2;193;64;115m[48;2;198;56;111m▀[0m[38;2;194;50;100m[48;2;199;50;106m▀[0m[38;2;190;48;98m[48;2;198;50;104m▀[0m[38;2;190;49;98m[48;2;195;51;102m▀[0m[38;2;190;49;98m[48;2;196;50;102m▀[0m[38;2;189;49;97m[48;2;193;49;102m▀[0m[38;2;196;50;102m[48;2;196;51;103m▀[0m[38;2;196;51;103m[48;2;194;49;100m▀[0m[38;2;189;49;97m[48;2;189;49;97m▀[0m[38;2;192;49;100m[48;2;192;49;100m▀[0m[38;2;190;49;98m[48;2;196;50;101m▀[0m[38;2;190;48;99m[48;2;194;49;100m▀[0m[38;2;191;49;99m[48;2;194;50;101m▀[0m[38;2;197;50;103m▄[0m[38;2;193;49;100m[48;2;196;50;103m▀[0m[38;2;195;49;101m[48;2;195;49;101m▀[0m[38;2;186;48;100m▄[0m[38;2;199;88;132m[48;2;200;72;122m▀[0m[38;2;30;17;20m[48;2;201;75;127m▀[0m    
           [38;2;111;54;75m▀[0m[38;2;205;100;144m[48;2;123;33;65m▀[0m[38;2;202;101;144m[48;2;213;168;168m▀[0m[38;2;64;30;42m[48;2;189;48;97m▀[0m[38;2;196;50;103m[48;2;194;48;101m▀[0m[38;2;194;51;102m[48;2;193;48;99m▀[0m[38;2;197;51;103m[48;2;194;49;101m▀[0m[38;2;196;49;102m[48;2;192;50;101m▀[0m[38;2;192;48;100m[48;2;195;50;101m▀[0m[38;2;194;49;100m[48;2;192;48;98m▀[0m[38;2;193;48;100m[48;2;193;64;109m▀[0m[38;2;192;49;100m[48;2;212;124;152m▀[0m[38;2;195;50;102m[48;2;209;121;150m▀[0m[38;2;196;51;104m[48;2;197;67;114m▀[0m[38;2;194;50;102m[48;2;253;218;198m▀[0m[38;2;195;50;102m[48;2;252;203;192m▀[0m[38;2;196;50;103m[48;2;189;52;101m▀[0m[38;2;196;50;102m[48;2;253;218;197m▀[0m[38;2;192;49;99m[48;2;193;49;101m▀[0m[38;2;191;48;98m[48;2;194;49;100m▀[0m[38;2;123;32;64m[48;2;190;48;98m▀[0m[38;2;195;49;101m[48;2;195;50;101m▀[0m[38;2;193;48;100m[48;2;194;49;101m▀[0m[38;2;190;49;99m[48;2;191;49;98m▀[0m[38;2;193;49;101m[48;2;192;48;97m▀[0m    
         [38;2;30;24;23m▄[0m[38;2;253;219;198m▄[0m[38;2;240;196;188m[48;2;253;221;199m▀[0m[38;2;194;117;138m[48;2;192;48;97m▀[0m[38;2;191;50;101m[48;2;191;50;100m▀[0m[38;2;190;48;98m[48;2;191;111;138m▀[0m[38;2;190;48;99m[48;2;187;64;107m▀[0m[38;2;193;48;100m[48;2;253;218;197m▀[0m[38;2;192;52;103m[48;2;253;219;198m▀[0m[38;2;253;224;205m[48;2;243;214;193m▀[0m[38;2;253;219;198m[48;2;176;44;87m▀[0m[38;2;253;220;198m[48;2;191;48;98m▀[0m[38;2;253;219;197m[48;2;190;48;98m▀[0m[38;2;254;220;199m[48;2;78;45;53m▀[0m[38;2;254;220;199m[48;2;254;230;206m▀[0m[38;2;253;219;198m[48;2;253;229;205m▀[0m[38;2;253;218;197m[48;2;253;227;205m▀[0m[38;2;253;220;199m[48;2;253;227;205m▀[0m[38;2;253;221;199m[48;2;253;227;204m▀[0m[38;2;253;222;200m[48;2;253;225;202m▀[0m[38;2;253;223;202m[48;2;253;224;202m▀[0m[38;2;188;64;108m[48;2;253;221;200m▀[0m[38;2;196;51;103m[48;2;194;81;116m▀[0m[38;2;195;51;103m[48;2;195;50;102m▀[0m[38;2;194;51;102m[48;2;198;51;106m▀[0m[38;2;195;51;102m[48;2;197;50;101m▀[0m[38;2;196;49;100m[48;2;197;50;101m▀[0m [38;2;200;51;104m▄[0m  
      [38;2;30;18;20m▄[0m[38;2;253;224;201m▄[0m[38;2;253;221;199m[48;2;253;224;201m▀[0m[38;2;253;221;199m[48;2;253;225;202m▀[0m[38;2;253;221;199m[48;2;253;226;203m▀[0m[38;2;253;222;199m[48;2;253;223;201m▀[0m[38;2;253;222;200m[48;2;253;225;202m▀[0m[38;2;195;50;102m[48;2;253;239;212m▀[0m[38;2;253;222;200m[48;2;253;222;200m▀[0m[38;2;253;223;201m[48;2;130;31;58m▀[0m[38;2;109;85;79m[48;2;196;50;101m▀[0m[38;2;194;50;101m[48;2;196;50;101m▀[0m[38;2;198;50;104m[48;2;197;50;101m▀[0m[38;2;202;50;107m[48;2;191;51;100m▀[0m[38;2;198;50;104m[48;2;193;51;102m▀[0m[38;2;197;50;101m[48;2;199;50;104m▀[0m[38;2;197;50;101m[48;2;195;51;103m▀[0m[38;2;197;50;101m[48;2;194;49;100m▀[0m[38;2;197;50;101m[48;2;190;49;98m▀[0m[38;2;223;179;172m[48;2;196;50;102m▀[0m[38;2;252;232;211m[48;2;192;49;100m▀[0m[38;2;253;224;202m[48;2;193;49;101m▀[0m[38;2;253;223;201m[48;2;209;54;112m▀[0m[38;2;253;223;201m[48;2;253;221;199m▀[0m[38;2;253;225;202m[48;2;253;221;200m▀[0m[38;2;253;225;202m[48;2;253;221;199m▀[0m[38;2;194;46;99m[48;2;244;187;187m▀[0m[38;2;194;50;100m[48;2;172;134;140m▀[0m[38;2;196;50;102m[48;2;194;48;99m▀[0m[38;2;193;50;100m[48;2;4;1;2m▀[0m[38;2;177;43;87m[48;2;169;41;83m▀[0m   
  [38;2;34;27;27m▄[0m[38;2;253;231;218m▄[0m[38;2;0;0;0m[48;2;254;232;220m▀[0m[38;2;253;228;210m[48;2;254;233;221m▀[0m[38;2;253;224;204m[48;2;254;236;224m▀[0m[38;2;255;235;211m[48;2;254;235;221m▀[0m[38;2;254;231;207m[48;2;254;232;217m▀[0m[38;2;253;220;199m[48;2;253;226;203m▀[0m[38;2;253;225;207m[48;2;250;200;184m▀[0m[38;2;253;223;202m[48;2;225;167;158m▀[0m[38;2;253;224;202m[48;2;184;49;96m▀[0m[38;2;204;64;120m[48;2;149;38;77m▀[0m[38;2;165;38;78m[48;2;191;48;99m▀[0m[38;2;198;51;104m[48;2;189;48;98m▀[0m[38;2;199;50;104m[48;2;190;48;98m▀[0m[38;2;201;50;107m[48;2;189;48;97m▀[0m[38;2;193;50;99m[48;2;188;48;97m▀[0m[38;2;191;48;100m[48;2;188;48;98m▀[0m[38;2;192;49;101m[48;2;192;48;99m▀[0m[38;2;189;49;97m[48;2;193;49;101m▀[0m[38;2;192;48;101m[48;2;193;48;100m▀[0m[38;2;190;48;97m[48;2;194;49;101m▀[0m[38;2;190;48;99m[48;2;191;48;99m▀[0m[38;2;189;48;98m[48;2;190;48;99m▀[0m[38;2;191;48;98m[48;2;190;48;99m▀[0m[38;2;193;49;100m[48;2;190;48;98m▀[0m[38;2;191;49;100m[48;2;190;48;97m▀[0m[38;2;193;48;98m[48;2;190;48;98m▀[0m[38;2;254;229;205m[48;2;189;48;97m▀[0m[38;2;253;218;198m[48;2;253;219;198m▀[0m[38;2;253;218;197m[48;2;253;220;198m▀[0m[38;2;253;220;198m[48;2;253;219;198m▀[0m[38;2;192;49;100m[48;2;153;36;72m▀[0m[38;2;130;30;57m[48;2;126;29;56m▀[0m[38;2;5;1;2m▀[0m   
    [38;2;255;240;222m▀[0m[38;2;253;231;218m▀[0m[38;2;253;229;215m[48;2;177;132;124m▀[0m[38;2;253;227;211m[48;2;207;155;146m▀[0m[38;2;180;152;139m[48;2;87;59;51m▀[0m[38;2;235;178;166m[48;2;252;207;190m▀[0m[38;2;223;166;156m[48;2;172;155;137m▀[0m[38;2;214;215;215m[48;2;26;10;14m▀[0m[38;2;194;48;100m[48;2;193;48;98m▀[0m[38;2;189;48;98m[48;2;193;49;101m▀[0m[38;2;193;49;100m[48;2;196;50;102m▀[0m[38;2;197;62;114m[48;2;134;45;79m▀[0m[38;2;92;25;49m[48;2;113;29;59m▀[0m[38;2;193;49;102m[48;2;195;51;102m▀[0m[38;2;192;48;99m[48;2;191;49;99m▀[0m[38;2;192;48;99m[48;2;192;49;100m▀[0m[38;2;192;48;99m[48;2;191;48;99m▀[0m[38;2;192;49;100m[48;2;191;48;100m▀[0m[38;2;191;48;99m[48;2;193;49;100m▀[0m[38;2;194;49;100m[48;2;195;51;102m▀[0m[38;2;190;48;98m[48;2;195;49;100m▀[0m[38;2;192;48;99m[48;2;197;50;101m▀[0m[38;2;190;48;98m[48;2;193;49;101m▀[0m[38;2;190;48;98m[48;2;195;49;101m▀[0m[38;2;191;49;99m[48;2;195;49;100m▀[0m[38;2;193;49;100m[48;2;197;50;103m▀[0m[38;2;192;49;99m[48;2;194;50;102m▀[0m[38;2;178;149;137m[48;2;187;48;98m▀[0m[38;2;253;222;200m[48;2;241;182;170m▀[0m[38;2;251;198;182m[48;2;217;165;155m▀[0m[38;2;142;35;64m[48;2;124;28;54m▀[0m[38;2;80;18;36m▀[0m    
       [38;2;253;224;201m[48;2;30;23;22m▀[0m[38;2;175;112;79m[48;2;70;51;50m▀[0m[38;2;253;224;201m[48;2;221;168;158m▀[0m[38;2;253;226;202m[48;2;242;179;168m▀[0m[38;2;253;226;203m[48;2;209;154;147m▀[0m[38;2;198;50;104m[48;2;129;30;56m▀[0m[38;2;194;49;101m[48;2;95;19;41m▀[0m[38;2;182;46;93m[48;2;105;19;44m▀[0m[38;2;183;44;95m[48;2;117;23;51m▀[0m[38;2;191;49;99m[48;2;198;52;105m▀[0m[38;2;194;51;102m[48;2;195;49;101m▀[0m[38;2;194;49;101m[48;2;191;49;99m▀[0m[38;2;198;50;104m[48;2;192;49;100m▀[0m[38;2;196;51;103m[48;2;33;19;20m▀[0m[38;2;196;50;102m[48;2;186;45;95m▀[0m[38;2;197;50;104m[48;2;251;201;185m▀[0m[38;2;165;150;133m[48;2;249;190;177m▀[0m[38;2;196;50;102m[48;2;154;35;69m▀[0m[38;2;192;50;100m[48;2;202;52;108m▀[0m[38;2;194;50;100m[48;2;194;49;101m▀[0m[38;2;195;50;101m[48;2;196;49;102m▀[0m[38;2;196;50;101m[48;2;195;49;102m▀[0m[38;2;195;49;102m[48;2;194;50;102m▀[0m[38;2;194;50;101m[48;2;195;49;102m▀[0m[38;2;176;43;90m[48;2;105;76;74m▀[0m[38;2;227;170;159m[48;2;226;167;157m▀[0m[38;2;227;170;160m▀[0m      
         [38;2;1;0;0m▀[0m[38;2;128;30;56m▀[0m[38;2;126;30;57m▀[0m  [38;2;76;74;69m▀[0m[38;2;158;154;145m[48;2;149;146;137m▀[0m[38;2;195;51;103m[48;2;252;222;200m▀[0m[38;2;199;50;106m[48;2;183;47;95m▀[0m[38;2;191;57;107m[48;2;104;26;61m▀[0m[38;2;197;51;104m[48;2;0;0;0m▀[0m[38;2;227;169;158m▀[0m[38;2;227;168;158m▀[0m[38;2;232;171;161m▀[0m[38;2;227;166;157m▀[0m[38;2;225;167;157m▀[0m[38;2;79;59;54m[48;2;147;146;136m▀[0m[38;2;192;49;99m[48;2;193;49;100m▀[0m[38;2;191;48;98m[48;2;192;49;100m▀[0m[38;2;189;48;97m[48;2;196;50;101m▀[0m[38;2;191;48;99m[48;2;253;224;202m▀[0m[38;2;195;49;101m[48;2;75;14;33m▀[0m[38;2;4;1;1m[48;2;94;74;69m▀[0m        
            [38;2;22;25;27m▄[0m[38;2;83;89;104m▄[0m[38;2;153;157;144m[48;2;151;145;136m▀[0m[38;2;148;146;136m[48;2;252;225;202m▀[0m[38;2;251;194;180m[48;2;226;169;159m▀[0m[38;2;253;223;200m[48;2;226;168;158m▀[0m[38;2;253;227;204m▀[0m    [38;2;105;111;136m▄[0m[38;2;56;54;58m▄[0m[38;2;151;145;137m[48;2;154;155;145m▀[0m[38;2;151;145;137m[48;2;153;155;145m▀[0m[38;2;106;104;98m▀[0m[38;2;254;204;187m▀[0m[38;2;243;180;170m▀[0m[38;2;225;168;158m[48;2;229;172;161m▀[0m[38;2;225;168;158m[48;2;221;164;154m▀[0m[38;2;244;214;194m▄[0m       
             [38;2;228;228;227m▄[0m[38;2;174;156;143m[48;2;254;246;245m▀[0m[38;2;253;222;200m[48;2;251;243;244m▀[0m[38;2;253;213;194m[48;2;242;209;190m▀[0m[38;2;103;77;73m▀[0m      [38;2;12;12;14m▀[0m   [38;2;211;208;209m▄[0m[38;2;206;202;204m▄[0m[38;2;253;220;198m[48;2;254;231;207m▀[0m[38;2;253;219;198m[48;2;253;224;202m▀[0m        
              [38;2;8;8;7m▀[0m             [38;2;69;69;69m▀[0m[38;2;45;45;45m▀[0m[38;2;61;58;58m▀[0m         
                                        
                                        
                                        
