                                        
                                        
                                        
                                        
                                        
                 [38;2;76;99;70m▄[0m[38;2;140;193;130m[48;2;56;71;55m▀[0m[38;2;129;187;123m▄[0m[38;2;130;187;124m▄[0m[38;2;139;191;129m▄[0m[38;2;151;208;138m[48;2;119;160;107m▀[0m[38;2;69;86;62m[48;2;137;187;127m▀[0m                
                [38;2;143;196;132m▀[0m[38;2;106;142;107m[48;2;138;188;125m▀[0m[38;2;139;192;129m[48;2;99;141;102m▀[0m[38;2;115;154;115m[48;2;48;72;54m▀[0m[38;2;109;144;109m▀[0m[38;2;115;154;115m[48;2;22;31;18m▀[0m[38;2;136;191;126m[48;2;101;148;107m▀[0m[38;2;147;203;134m[48;2;128;187;120m▀[0m[38;2;65;84;58m[48;2;78;114;75m▀[0m               
               [38;2;119;182;115m▄[0m[38;2;139;191;129m[48;2;102;108;95m▀[0m[38;2;139;191;129m[48;2;216;228;201m▀[0m[38;2;106;148;109m[48;2;205;225;190m▀[0m[38;2;200;224;188m▄[0m[38;2;200;224;187m▄[0m[38;2;198;222;186m▄[0m[38;2;95;144;103m[48;2;199;224;187m▀[0m[38;2;115;181;112m[48;2;48;53;43m▀[0m[38;2;116;181;111m[48;2;115;177;109m▀[0m[38;2;116;181;112m▄[0m              
  [38;2;23;34;23m▄[0m[38;2;91;140;99m[48;2;69;105;75m▀[0m[38;2;80;113;84m[48;2;79;111;82m▀[0m[38;2;98;143;103m[48;2;81;112;84m▀[0m[38;2;2;3;2m[48;2;111;160;106m▀[0m[38;2;111;167;104m▄[0m[38;2;111;167;103m▄[0m[38;2;114;174;108m▄[0m[38;2;116;180;112m▄[0m[38;2;48;67;44m▄[0m[38;2;91;140;99m▄[0m[38;2;96;145;103m[48;2;90;139;99m▀[0m[38;2;116;181;112m[48;2;116;181;112m▀[0m[38;2;198;223;185m[48;2;71;83;67m▀[0m[38;2;167;188;157m[48;2;68;86;63m▀[0m[38;2;68;95;65m[48;2;119;160;120m▀[0m[38;2;108;150;104m[48;2;37;51;37m▀[0m[38;2;90;126;87m[48;2;116;181;112m▀[0m[38;2;103;146;99m[48;2;116;181;113m▀[0m[38;2;109;155;106m[48;2;94;146;103m▀[0m[38;2;74;82;70m[48;2;37;52;37m▀[0m[38;2;158;173;149m[48;2;104;147;100m▀[0m[38;2;158;173;149m[48;2;66;86;62m▀[0m[38;2;116;181;112m[48;2;168;185;156m▀[0m[38;2;116;181;112m[48;2;116;181;112m▀[0m[38;2;92;142;101m▄[0m[38;2;55;79;58m▄[0m[38;2;101;148;107m▄[0m[38;2;140;193;130m▄[0m[38;2;134;183;124m▄[0m[38;2;139;192;129m▄[0m[38;2;139;191;129m▄[0m[38;2;115;154;115m▄[0m[38;2;118;155;117m[48;2;115;154;115m▀[0m[38;2;56;79;56m[48;2;104;136;105m▀[0m[38;2;59;82;53m▄[0m  
  [38;2;90;140;99m▀[0m[38;2;80;112;83m[48;2;79;109;81m▀[0m[38;2;80;113;84m[48;2;80;112;83m▀[0m[38;2;24;30;23m[48;2;104;147;102m▀[0m[38;2;110;158;106m[48;2;105;151;102m▀[0m[38;2;112;172;109m[48;2;110;160;107m▀[0m[38;2;114;176;110m[48;2;114;175;110m▀[0m[38;2;116;180;112m[48;2;115;178;112m▀[0m[38;2;116;180;113m[48;2;115;178;113m▀[0m[38;2;75;110;70m[48;2;85;127;82m▀[0m[38;2;91;140;99m[48;2;81;114;85m▀[0m[38;2;91;140;99m▀[0m[38;2;106;149;102m▀[0m[38;2;92;141;101m[48;2;96;149;105m▀[0m[38;2;117;157;118m[48;2;115;153;115m▀[0m[38;2;104;134;103m[48;2;113;153;114m▀[0m[38;2;42;58;39m[48;2;116;181;112m▀[0m[38;2;116;181;112m[48;2;116;181;113m▀[0m[38;2;118;184;113m[48;2;114;176;107m▀[0m[38;2;93;144;102m[48;2;88;136;95m▀[0m[38;2;91;141;99m[48;2;91;141;100m▀[0m[38;2;55;76;57m[48;2;29;39;30m▀[0m[38;2;83;117;87m[48;2;80;112;83m▀[0m[38;2;108;153;105m[48;2;0;0;0m▀[0m[38;2;112;169;110m[48;2;105;147;102m▀[0m[38;2;91;140;99m[48;2;85;126;90m▀[0m[38;2;90;140;99m[48;2;91;140;99m▀[0m[38;2;55;70;50m[48;2;116;181;112m▀[0m[38;2;116;176;110m[48;2;116;181;112m▀[0m[38;2;121;179;114m[48;2;122;182;116m▀[0m[38;2;137;186;126m[48;2;127;186;121m▀[0m[38;2;139;191;129m[48;2;139;191;129m▀[0m[38;2;115;154;115m[48;2;115;154;115m▀[0m[38;2;115;154;115m[48;2;115;154;115m▀[0m[38;2;116;154;116m[48;2;115;154;115m▀[0m[38;2;60;90;70m[48;2;64;96;76m▀[0m  
      [38;2;59;80;55m▀[0m[38;2;109;155;107m▀[0m[38;2;94;130;91m▀[0m[38;2;9;10;7m▀[0m    [38;2;100;152;92m▄[0m[38;2;130;190;121m[48;2;139;191;130m▀[0m[38;2;139;191;129m[48;2;139;191;129m▀[0m[38;2;129;187;121m[48;2;124;184;119m▀[0m[38;2;116;181;113m[48;2;116;181;112m▀[0m[38;2;131;205;121m[48;2;116;180;112m▀[0m[38;2;114;175;106m[48;2;116;181;113m▀[0m[38;2;116;181;112m[48;2;116;181;112m▀[0m[38;2;115;178;112m[48;2;112;171;107m▀[0m[38;2;82;114;79m[48;2;104;148;101m▀[0m[38;2;80;112;82m[48;2;104;143;97m▀[0m    [38;2;110;165;107m▀[0m[38;2;116;180;112m▀[0m[38;2;117;181;113m▀[0m[38;2;128;183;118m▀[0m[38;2;137;187;126m▀[0m[38;2;115;154;115m▀[0m[38;2;116;151;116m▀[0m[38;2;79;109;82m▀[0m   
              [38;2;54;77;50m[48;2;117;184;113m▀[0m[38;2;233;116;104m[48;2;216;90;81m▀[0m[38;2;224;97;88m[48;2;223;93;84m▀[0m[38;2;117;181;113m[48;2;116;180;112m▀[0m[38;2;116;180;112m[48;2;204;224;193m▀[0m[38;2;116;181;112m[48;2;185;203;174m▀[0m[38;2;116;181;112m[48;2;198;223;186m▀[0m[38;2;116;181;112m[48;2;116;181;112m▀[0m[38;2;232;119;107m[48;2;223;100;90m▀[0m[38;2;186;80;71m[48;2;176;75;66m▀[0m[38;2;49;66;46m[48;2;52;69;47m▀[0m[38;2;81;119;79m[48;2;113;172;110m▀[0m              
             [38;2;92;142;100m[48;2;89;137;97m▀[0m[38;2;130;188;123m[48;2;112;151;114m▀[0m[38;2;144;200;132m[48;2;98;128;92m▀[0m[38;2;134;195;126m[48;2;73;104;75m▀[0m[38;2;83;119;79m[48;2;90;140;99m▀[0m[38;2;90;140;99m[48;2;91;140;99m▀[0m[38;2;91;140;99m[48;2;90;140;99m▀[0m[38;2;90;140;99m[48;2;91;140;99m▀[0m[38;2;116;181;112m[48;2;88;133;92m▀[0m[38;2;172;75;65m[48;2;110;160;106m▀[0m[38;2;207;82;73m[48;2;106;150;102m▀[0m[38;2;39;51;38m[48;2;80;112;83m▀[0m[38;2;66;98;72m[48;2;85;126;91m▀[0m              
            [38;2;6;9;6m[48;2;1;1;1m▀[0m[38;2;24;35;20m[48;2;29;42;23m▀[0m[38;2;43;62;34m[48;2;45;41;41m▀[0m[38;2;42;61;33m[48;2;45;41;41m▀[0m[38;2;39;55;31m[48;2;44;40;39m▀[0m[38;2;29;38;23m[48;2;44;40;39m▀[0m[38;2;38;53;30m[48;2;44;40;39m▀[0m[38;2;41;61;33m[48;2;44;41;40m▀[0m[38;2;43;62;34m[48;2;44;40;38m▀[0m[38;2;43;61;34m[48;2;45;41;41m▀[0m[38;2;43;63;34m[48;2;45;41;41m▀[0m[38;2;72;100;74m[48;2;46;42;43m▀[0m[38;2;80;113;83m[48;2;34;48;25m▀[0m[38;2;80;113;84m[48;2;43;62;34m▀[0m[38;2;36;50;37m▄[0m             
              [38;2;43;61;34m▀[0m[38;2;19;23;16m▀[0m[38;2;45;41;41m▀[0m[38;2;44;41;39m[48;2;16;23;18m▀[0m[38;2;44;41;39m[48;2;65;97;75m▀[0m[38;2;44;41;38m[48;2;62;90;72m▀[0m[38;2;44;41;39m[48;2;61;91;71m▀[0m[38;2;44;41;38m[48;2;62;91;72m▀[0m[38;2;45;41;41m[48;2;62;90;72m▀[0m[38;2;45;41;41m[48;2;59;87;68m▀[0m[38;2;45;41;41m▀[0m[38;2;43;62;34m▀[0m              
                                        
                                        
                                        
                                        
                                        
