                                        
                                        
                                        
                                        
                                        
            [38;2;139;81;136m▄[0m[38;2;144;83;140m▄[0m[38;2;20;80;97m▄[0m [38;2;232;193;217m▄[0m[38;2;193;149;190m▄[0m[38;2;121;196;201m▄[0m [38;2;202;157;187m▄[0m[38;2;119;74;131m[48;2;133;79;134m▀[0m[38;2;139;79;134m▄[0m [38;2;139;116;145m▄[0m               
         [38;2;165;126;173m▄[0m [38;2;9;8;9m[48;2;96;55;105m▀[0m[38;2;98;61;109m[48;2;79;50;98m▀[0m[38;2;74;181;194m[48;2;155;185;208m▀[0m[38;2;238;205;220m[48;2;181;134;182m▀[0m[38;2;213;178;200m[48;2;185;136;185m▀[0m[38;2;188;144;186m[48;2;190;141;192m▀[0m[38;2;186;138;186m[48;2;182;134;183m▀[0m[38;2;230;245;247m[48;2;110;140;158m▀[0m[38;2;184;135;184m[48;2;112;83;115m▀[0m[38;2;179;140;164m[48;2;129;78;134m▀[0m[38;2;138;80;134m[48;2;138;80;134m▀[0m[38;2;107;65;115m[48;2;78;49;98m▀[0m[38;2;214;178;200m[48;2;159;119;161m▀[0m[38;2;156;123;173m[48;2;170;129;178m▀[0m[38;2;65;49;65m▄[0m [38;2;224;200;201m▄[0m            
       [38;2;134;79;134m▄[0m[38;2;23;13;21m▄[0m[38;2;170;129;178m[48;2;166;128;180m▀[0m[38;2;184;136;185m[48;2;191;141;193m▀[0m[38;2;80;51;98m[48;2;79;51;98m▀[0m[38;2;79;51;98m[48;2;165;173;171m▀[0m[38;2;177;131;178m[48;2;145;176;195m▀[0m[38;2;57;47;62m[48;2;79;51;98m▀[0m[38;2;57;47;63m[48;2;83;53;103m▀[0m[38;2;57;47;63m[48;2;94;59;108m▀[0m[38;2;57;47;64m[48;2;135;78;133m▀[0m[38;2;121;157;184m[48;2;80;47;78m▀[0m[38;2;230;244;247m[48;2;230;245;247m▀[0m[38;2;99;101;104m[48;2;83;51;100m▀[0m[38;2;76;51;99m[48;2;74;51;99m▀[0m[38;2;146;112;155m[48;2;50;35;70m▀[0m[38;2;168;129;179m[48;2;106;97;144m▀[0m[38;2;180;133;182m[48;2;98;91;136m▀[0m[38;2;149;119;165m[48;2;85;54;105m▀[0m[38;2;163;118;155m[48;2;136;80;139m▀[0m[38;2;124;77;133m[48;2;138;79;134m▀[0m [38;2;212;193;192m▄[0m[38;2;47;37;52m▄[0m     [38;2;134;133;129m▄[0m   
    [38;2;160;132;163m▄[0m[38;2;136;116;126m▄[0m [38;2;108;69;109m[48;2;155;104;148m▀[0m[38;2;138;79;134m[48;2;124;77;133m▀[0m[38;2;188;143;185m[48;2;49;34;61m▀[0m[38;2;151;121;170m[48;2;100;92;138m▀[0m[38;2;52;33;65m▀[0m[38;2;116;121;124m[48;2;39;25;49m▀[0m[38;2;222;241;247m[48;2;34;20;40m▀[0m[38;2;180;133;182m▀[0m[38;2;181;133;182m▀[0m[38;2;182;134;182m[48;2;44;41;61m▀[0m[38;2;148;117;164m[48;2;52;48;72m▀[0m[38;2;99;92;137m[48;2;91;89;135m▀[0m[38;2;96;100;98m[48;2;143;116;165m▀[0m[38;2;36;28;45m[48;2;169;129;178m▀[0m[38;2;63;44;86m[48;2;170;129;178m▀[0m[38;2;63;44;86m[48;2;138;79;134m▀[0m  [38;2;87;55;103m▀[0m[38;2;78;51;99m[48;2;35;25;50m▀[0m[38;2;77;49;96m[48;2;82;75;111m▀[0m[38;2;171;132;186m[48;2;127;107;154m▀[0m[38;2;166;127;177m[48;2;110;99;144m▀[0m[38;2;35;30;43m▀[0m    [38;2;100;55;91m▄[0m[38;2;156;158;159m▄[0m[38;2;180;183;182m[48;2;150;151;153m▀[0m  
     [38;2;172;130;180m[48;2;69;41;67m▀[0m[38;2;127;100;141m[48;2;99;74;100m▀[0m[38;2;181;134;182m[48;2;120;105;152m▀[0m[38;2;100;62;112m[48;2;74;69;102m▀[0m[38;2;71;51;101m▀[0m       [38;2;181;134;182m▀[0m[38;2;156;123;173m[48;2;128;77;132m▀[0m[38;2;157;123;173m[48;2;122;77;133m▀[0m[38;2;162;126;176m[48;2;122;77;133m▀[0m[38;2;133;79;134m[48;2;128;77;133m▀[0m[38;2;137;80;135m[48;2;120;72;126m▀[0m   [38;2;29;31;31m▄[0m[38;2;96;92;138m[48;2;230;245;247m▀[0m[38;2;173;122;164m[48;2;198;155;184m▀[0m[38;2;183;143;170m[48;2;162;116;156m▀[0m[38;2;137;83;127m[48;2;20;159;184m▀[0m[38;2;62;35;62m▄[0m[38;2;87;97;105m[48;2;84;99;112m▀[0m[38;2;73;59;65m[48;2;86;46;79m▀[0m[38;2;58;139;152m[48;2;96;50;84m▀[0m[38;2;95;50;84m[48;2;72;40;70m▀[0m[38;2;26;20;24m[48;2;53;29;59m▀[0m[38;2;26;32;36m▀[0m  
  [38;2;231;242;241m▄[0m[38;2;233;246;248m▄[0m[38;2;185;145;170m[48;2;235;252;253m▀[0m[38;2;162;115;154m[48;2;138;79;134m▀[0m[38;2;22;159;183m[48;2;20;159;183m▀[0m[38;2;81;46;77m[48;2;141;81;137m▀[0m          [38;2;133;79;134m[48;2;182;134;182m▀[0m[38;2;122;77;133m[48;2;159;124;176m▀[0m[38;2;122;77;133m[48;2;158;124;174m▀[0m[38;2;102;66;117m[48;2;163;126;176m▀[0m[38;2;172;131;179m[48;2;173;131;180m▀[0m[38;2;188;138;190m[48;2;95;86;122m▀[0m[38;2;213;178;200m[48;2;164;127;160m▀[0m[38;2;132;109;123m[48;2;89;90;87m▀[0m[38;2;231;245;244m[48;2;215;179;202m▀[0m[38;2;170;195;211m[48;2;184;144;170m▀[0m[38;2;126;74;127m[48;2;80;51;98m▀[0m[38;2;138;79;134m[48;2;81;51;98m▀[0m[38;2;138;79;134m[48;2;84;53;101m▀[0m[38;2;71;42;72m[48;2;119;154;180m▀[0m[38;2;95;74;86m▄[0m[38;2;73;61;68m[48;2;135;94;124m▀[0m[38;2;144;114;136m[48;2;102;80;107m▀[0m[38;2;87;65;81m[48;2;85;68;94m▀[0m    
  [38;2;160;187;205m[48;2;12;12;12m▀[0m [38;2;81;52;100m▀[0m[38;2;79;50;98m▀[0m[38;2;79;51;98m[48;2;115;149;174m▀[0m[38;2;64;82;97m▄[0m          [38;2;187;138;188m[48;2;74;62;70m▀[0m[38;2;156;123;173m[48;2;127;72;123m▀[0m[38;2;157;123;173m[48;2;66;64;98m▀[0m[38;2;156;123;173m[48;2;95;61;105m▀[0m[38;2;168;129;178m[48;2;128;77;133m▀[0m[38;2;134;79;134m[48;2;131;78;134m▀[0m[38;2;143;83;141m[48;2;114;66;116m▀[0m[38;2;181;134;182m[48;2;179;133;182m▀[0m[38;2;192;150;188m[48;2;190;141;191m▀[0m[38;2;131;91;126m[48;2;71;53;73m▀[0m[38;2;159;101;155m[48;2;138;79;134m▀[0m[38;2;182;134;182m[48;2;182;134;182m▀[0m[38;2;59;32;62m[48;2;52;29;59m▀[0m[38;2;230;244;247m[48;2;230;245;247m▀[0m[38;2;147;109;142m[48;2;138;102;134m▀[0m[38;2;105;60;96m[48;2;52;29;59m▀[0m[38;2;95;50;84m[48;2;28;15;32m▀[0m[38;2;52;43;63m▀[0m    
      [38;2;229;245;248m▀[0m          [38;2;168;140;158m[48;2;197;156;190m▀[0m[38;2;214;179;200m[48;2;181;133;182m▀[0m[38;2;139;80;134m[48;2;20;18;26m▀[0m[38;2;122;77;133m[48;2;125;76;133m▀[0m[38;2;122;76;133m[48;2;122;77;133m▀[0m[38;2;122;76;133m[48;2;112;71;127m▀[0m[38;2;121;76;133m[48;2;104;96;143m▀[0m[38;2;163;126;176m[48;2;156;123;173m▀[0m[38;2;196;154;189m[48;2;188;142;185m▀[0m[38;2;213;178;200m[48;2;226;200;208m▀[0m[38;2;136;100;137m[48;2;211;176;198m▀[0m[38;2;152;88;148m[48;2;161;124;171m▀[0m[38;2;200;162;192m[48;2;192;148;188m▀[0m[38;2;50;27;56m[48;2;216;181;203m▀[0m[38;2;71;59;87m[48;2;26;21;29m▀[0m[38;2;97;77;103m▀[0m       
                [38;2;152;119;166m[48;2;102;93;139m▀[0m[38;2;183;135;183m[48;2;117;102;149m▀[0m[38;2;159;123;171m▀[0m [38;2;90;83;124m[48;2;70;66;82m▀[0m[38;2;116;101;146m[48;2;66;62;76m▀[0m[38;2;91;89;135m[48;2;50;42;61m▀[0m[38;2;90;88;134m[48;2;133;111;159m▀[0m[38;2;98;92;137m[48;2;121;107;152m▀[0m[38;2;181;134;182m[48;2;92;57;107m▀[0m[38;2;72;60;70m[48;2;128;106;152m▀[0m[38;2;228;204;209m[48;2;163;125;173m▀[0m[38;2;199;147;201m[48;2;165;126;174m▀[0m[38;2;146;116;162m[48;2;0;0;0m▀[0m[38;2;190;146;186m[48;2;100;93;137m▀[0m[38;2;96;71;96m[48;2;66;61;90m▀[0m        
                [38;2;135;165;188m▀[0m   [38;2;89;111;128m▀[0m      [38;2;118;152;179m▀[0m[38;2;129;160;183m▀[0m  [38;2;119;155;181m▀[0m        
                                        
                                        
                                        
                                        
                                        
