                                        
                                        
                                        
                                        
                                        
            [38;2;137;41;52m▄[0m[38;2;145;44;54m▄[0m[38;2;20;80;97m▄[0m [38;2;249;205;230m▄[0m[38;2;220;139;151m▄[0m[38;2;121;196;201m▄[0m [38;2;228;154;195m▄[0m[38;2;124;37;62m[48;2;127;40;54m▀[0m[38;2;135;40;49m▄[0m [38;2;159;88;116m▄[0m               
         [38;2;190;105;134m▄[0m [38;2;7;3;5m[48;2;77;20;35m▀[0m[38;2;85;24;43m[48;2;67;16;38m▀[0m[38;2;74;181;194m[48;2;155;185;208m▀[0m[38;2;249;217;230m[48;2;207;113;132m▀[0m[38;2;239;186;212m[48;2;210;115;135m▀[0m[38;2;214;129;143m[48;2;218;125;149m▀[0m[38;2;212;119;137m[48;2;208;113;132m▀[0m[38;2;230;245;247m[48;2;110;140;158m▀[0m[38;2;209;115;132m[48;2;99;44;55m▀[0m[38;2;205;122;163m[48;2;126;39;57m▀[0m[38;2;134;40;51m[48;2;135;41;51m▀[0m[38;2;93;27;44m[48;2;67;16;38m▀[0m[38;2;240;187;212m[48;2;172;91;108m▀[0m[38;2;195;95;140m[48;2;202;105;137m▀[0m[38;2;38;18;21m▄[0m [38;2;242;211;212m▄[0m            
       [38;2;128;40;53m▄[0m[38;2;6;1;2m▄[0m[38;2;202;105;136m[48;2;204;104;145m▀[0m[38;2;209;116;136m[48;2;216;127;150m▀[0m[38;2;67;17;38m[48;2;67;17;38m▀[0m[38;2;67;17;38m[48;2;165;173;171m▀[0m[38;2;196;114;134m[48;2;145;176;195m▀[0m[38;2;62;47;56m[48;2;98;51;80m▀[0m[38;2;63;47;57m[48;2;103;53;84m▀[0m[38;2;63;47;57m[48;2;108;59;84m▀[0m[38;2;64;47;58m[48;2;135;78;90m▀[0m[38;2;121;157;184m[48;2;72;38;43m▀[0m[38;2;230;244;247m[48;2;230;245;247m▀[0m[38;2;94;98;96m[48;2;70;17;39m▀[0m[38;2;68;17;43m[48;2;69;17;45m▀[0m[38;2;163;85;111m[48;2;39;9;27m▀[0m[38;2;203;104;142m[48;2;113;59;120m▀[0m[38;2;206;112;132m[48;2;75;52;108m▀[0m[38;2;182;90;129m[48;2;77;19;44m▀[0m[38;2;181;87;108m[48;2;135;41;58m▀[0m[38;2;125;38;60m[48;2;133;40;51m▀[0m [38;2;224;192;193m▄[0m[38;2;43;19;27m▄[0m     [38;2;128;125;122m▄[0m   
    [38;2;183;114;128m▄[0m[38;2;124;93;102m▄[0m [38;2;91;32;47m[48;2;166;68;75m▀[0m[38;2;134;40;50m[48;2;125;37;59m▀[0m[38;2;214;128;141m[48;2;33;9;20m▀[0m[38;2;191;93;139m[48;2;89;53;111m▀[0m[38;2;30;7;17m▀[0m[38;2;116;121;123m[48;2;19;4;11m▀[0m[38;2;223;242;247m[48;2;13;3;7m▀[0m[38;2;206;111;131m▀[0m[38;2;206;113;132m▀[0m[38;2;208;113;132m[48;2;16;11;24m▀[0m[38;2;183;87;127m[48;2;29;18;38m▀[0m[38;2;96;53;110m[48;2;67;49;107m▀[0m[38;2;107;96;95m[48;2;183;85;134m▀[0m[38;2;21;9;16m[48;2;202;105;138m▀[0m[38;2;56;13;38m[48;2;201;104;134m▀[0m[38;2;58;14;39m[48;2;134;40;50m▀[0m  [38;2;75;20;40m▀[0m[38;2;68;17;41m[48;2;24;6;16m▀[0m[38;2;65;16;37m[48;2;86;36;74m▀[0m[38;2;209;111;156m[48;2;166;72;125m▀[0m[38;2;199;102;137m[48;2;151;62;123m▀[0m[38;2;29;13;21m▀[0m    [38;2;70;19;31m▄[0m[38;2;156;158;159m▄[0m[38;2;180;183;182m[48;2;150;151;153m▀[0m  
     [38;2;204;107;138m[48;2;38;12;15m▀[0m[38;2;140;67;96m[48;2;75;35;41m▀[0m[38;2;207;113;132m[48;2;164;69;130m▀[0m[38;2;88;25;44m[48;2;51;35;71m▀[0m[38;2;71;17;50m▀[0m       [38;2;207;113;132m▀[0m[38;2;195;95;140m[48;2;123;38;54m▀[0m[38;2;195;95;138m[48;2;125;38;62m▀[0m[38;2;199;100;141m[48;2;125;38;62m▀[0m[38;2;127;40;53m[48;2;125;38;56m▀[0m[38;2;132;40;52m[48;2;113;33;51m▀[0m   [38;2;24;26;26m▄[0m[38;2;73;53;111m[48;2;230;245;247m▀[0m[38;2;193;94;108m[48;2;219;155;190m▀[0m[38;2;210;128;172m[48;2;179;85;101m▀[0m[38;2;139;48;68m[48;2;20;159;184m▀[0m[38;2;36;10;14m▄[0m[38;2;87;97;104m[48;2;84;99;112m▀[0m[38;2;47;27;31m[48;2;51;13;23m▀[0m[38;2;57;138;151m[48;2;65;16;42m▀[0m[38;2;63;16;42m[48;2;36;10;12m▀[0m[38;2;12;9;11m[48;2;24;6;11m▀[0m[38;2;16;19;21m▀[0m  
  [38;2;231;242;241m▄[0m[38;2;233;246;248m▄[0m[38;2;212;131;172m[48;2;235;252;253m▀[0m[38;2;178;83;97m[48;2;134;40;50m▀[0m[38;2;22;159;183m[48;2;20;159;183m▀[0m[38;2;69;21;27m[48;2;140;42;52m▀[0m          [38;2;127;40;54m[48;2;207;113;132m▀[0m[38;2;125;38;62m[48;2;199;97;143m▀[0m[38;2;125;38;62m[48;2;196;96;140m▀[0m[38;2;97;28;52m[48;2;199;100;139m▀[0m[38;2;203;108;136m[48;2;204;108;138m▀[0m[38;2;216;120;144m[48;2;102;50;91m▀[0m[38;2;239;186;212m[48;2;167;110;116m▀[0m[38;2;150;103;125m[48;2;89;90;87m▀[0m[38;2;231;245;244m[48;2;240;188;214m▀[0m[38;2;170;195;211m[48;2;211;130;173m▀[0m[38;2;115;34;47m[48;2;67;17;38m▀[0m[38;2;134;40;50m[48;2;68;16;37m▀[0m[38;2;134;40;50m[48;2;72;19;40m▀[0m[38;2;56;17;23m[48;2;119;154;180m▀[0m[38;2;83;45;57m▄[0m[38;2;61;37;45m[48;2;133;56;93m▀[0m[38;2;152;81;106m[48;2;85;40;52m▀[0m[38;2;62;30;45m[48;2;66;29;42m▀[0m    
  [38;2;160;187;205m[48;2;7;7;7m▀[0m [38;2;70;17;40m▀[0m[38;2;67;16;38m▀[0m[38;2;67;17;38m[48;2;115;149;174m▀[0m[38;2;60;78;91m▄[0m          [38;2;213;120;140m[48;2;48;35;40m▀[0m[38;2;195;95;139m[48;2;117;34;42m▀[0m[38;2;195;95;139m[48;2;36;28;61m▀[0m[38;2;195;95;140m[48;2;85;25;41m▀[0m[38;2;202;104;138m[48;2;125;38;56m▀[0m[38;2;127;40;53m[48;2;127;39;55m▀[0m[38;2;143;45;57m[48;2;105;33;44m▀[0m[38;2;207;113;132m[48;2;206;111;132m▀[0m[38;2;219;140;150m[48;2;217;125;145m▀[0m[38;2;125;52;57m[48;2;38;18;21m▀[0m[38;2;172;65;76m[48;2;134;40;50m▀[0m[38;2;199;117;136m[48;2;207;113;131m▀[0m[38;2;27;7;11m[48;2;24;6;11m▀[0m[38;2;230;244;247m[48;2;230;245;247m▀[0m[38;2;154;74;80m[48;2;140;66;70m▀[0m[38;2;78;23;48m[48;2;24;6;11m▀[0m[38;2;63;16;42m[48;2;8;1;3m▀[0m[38;2;32;13;23m▀[0m    
      [38;2;229;245;248m▀[0m          [38;2;169;132;150m[48;2;224;152;176m▀[0m[38;2;239;187;212m[48;2;207;112;132m▀[0m[38;2;136;41;50m[48;2;8;4;7m▀[0m[38;2;125;38;62m[48;2;125;37;59m▀[0m[38;2;125;37;61m[48;2;126;38;62m▀[0m[38;2;125;37;61m[48;2;114;33;60m▀[0m[38;2;125;37;62m[48;2;108;58;121m▀[0m[38;2;199;101;139m[48;2;195;95;140m▀[0m[38;2;223;148;165m[48;2;214;125;139m▀[0m[38;2;239;186;212m[48;2;247;212;221m▀[0m[38;2;132;74;88m[48;2;237;183;210m▀[0m[38;2;158;50;61m[48;2;191;97;127m▀[0m[38;2;228;162;194m[48;2;219;138;147m▀[0m[38;2;25;5;10m[48;2;240;190;215m▀[0m[38;2;55;22;39m[48;2;6;4;5m▀[0m[38;2;78;37;48m▀[0m       
                [38;2;186;89;127m[48;2;140;58;119m▀[0m[38;2;208;115;133m[48;2;158;67;126m▀[0m[38;2;192;95;129m▀[0m [38;2;117;48;100m[48;2;51;27;40m▀[0m[38;2;154;65;120m[48;2;44;24;34m▀[0m[38;2;66;49;106m[48;2;24;11;17m▀[0m[38;2;64;48;105m[48;2;175;78;132m▀[0m[38;2;76;52;109m[48;2;164;72;132m▀[0m[38;2;207;113;132m[48;2;82;22;43m▀[0m[38;2;47;26;32m[48;2;163;71;119m▀[0m[38;2;248;218;222m[48;2;195;99;131m▀[0m[38;2;226;136;161m[48;2;197;100;131m▀[0m[38;2;180;85;124m[48;2;0;0;0m▀[0m[38;2;217;132;142m[48;2;78;53;110m▀[0m[38;2;93;48;56m[48;2;58;24;49m▀[0m        
                [38;2;135;165;188m▀[0m   [38;2;89;111;128m▀[0m      [38;2;118;152;179m▀[0m[38;2;129;160;183m▀[0m  [38;2;119;155;181m▀[0m        
                                        
                                        
                                        
                                        
                                        
