                                        
                                        
             [38;2;150;181;201m[48;2;99;146;194m▀[0m[38;2;5;7;10m[48;2;93;133;177m▀[0m[38;2;31;43;56m▄[0m                        
             [38;2;95;140;185m[48;2;1;2;2m▀[0m[38;2;93;129;170m[48;2;93;132;174m▀[0m[38;2;94;134;176m[48;2;93;132;173m▀[0m[38;2;97;135;179m[48;2;96;138;182m▀[0m[38;2;97;139;183m▄[0m[38;2;25;35;46m▄[0m                     
   [38;2;178;83;75m▄[0m[38;2;176;81;74m▄[0m[38;2;122;160;194m▄[0m[38;2;95;46;40m[48;2;97;141;188m▀[0m[38;2;98;142;187m[48;2;97;143;189m▀[0m[38;2;97;142;188m[48;2;98;144;192m▀[0m[38;2;94;138;183m[48;2;97;143;190m▀[0m[38;2;32;33;33m[48;2;35;35;35m▀[0m[38;2;71;94;131m[48;2;29;30;30m▀[0m[38;2;24;23;21m[48;2;20;26;31m▀[0m[38;2;108;154;196m▄[0m[38;2;94;133;176m[48;2;95;136;179m▀[0m[38;2;98;141;186m[48;2;98;144;191m▀[0m[38;2;97;141;187m[48;2;98;144;191m▀[0m[38;2;97;143;189m[48;2;98;144;192m▀[0m[38;2;97;142;188m[48;2;98;145;193m▀[0m[38;2;110;151;188m[48;2;97;146;195m▀[0m[38;2;111;155;198m▄[0m                   
  [38;2;217;102;94m[48;2;236;163;146m▀[0m[38;2;206;94;86m▀[0m[38;2;99;42;33m▀[0m[38;2;97;144;193m[48;2;73;98;131m▀[0m[38;2;97;144;192m[48;2;70;94;128m▀[0m[38;2;94;135;177m[48;2;50;65;89m▀[0m[38;2;97;144;193m[48;2;97;144;192m▀[0m[38;2;83;113;150m▀[0m[38;2;33;34;34m▀[0m[38;2;13;17;20m▀[0m[38;2;45;66;87m[48;2;88;88;84m▀[0m[38;2;120;163;203m[48;2;121;159;193m▀[0m[38;2;122;163;198m[48;2;120;157;192m▀[0m[38;2;98;146;194m[48;2;111;152;190m▀[0m[38;2;98;147;194m[48;2;96;142;189m▀[0m[38;2;98;147;194m[48;2;97;143;189m▀[0m[38;2;98;146;194m[48;2;97;142;187m▀[0m[38;2;98;144;192m[48;2;56;55;54m▀[0m[38;2;97;144;190m[48;2;30;43;53m▀[0m[38;2;110;152;190m[48;2;97;143;191m▀[0m[38;2;64;93;123m▄[0m                 
    [38;2;90;123;160m[48;2;23;30;39m▀[0m[38;2;87;117;150m[48;2;2;4;2m▀[0m  [38;2;182;198;200m▀[0m   [38;2;144;117;50m[48;2;222;127;114m▀[0m[38;2;123;166;203m[48;2;78;76;74m▀[0m[38;2;121;160;195m[48;2;97;129;157m▀[0m[38;2;121;160;194m[48;2;86;84;81m▀[0m[38;2;121;159;194m[48;2;45;41;37m▀[0m[38;2;58;57;58m[48;2;90;133;178m▀[0m[38;2;251;223;150m[48;2;43;43;44m▀[0m[38;2;247;194;75m[48;2;39;38;39m▀[0m[38;2;55;55;54m[48;2;238;133;121m▀[0m[38;2;14;17;20m[48;2;74;110;146m▀[0m[38;2;99;147;195m[48;2;57;57;56m▀[0m[38;2;72;98;134m[48;2;105;153;198m▀[0m[38;2;28;36;43m▄[0m               
             [38;2;168;77;68m[48;2;218;99;90m▀[0m[38;2;227;103;94m[48;2;78;82;87m▀[0m[38;2;117;50;45m[48;2;194;187;185m▀[0m[38;2;79;32;27m[48;2;195;190;187m▀[0m[38;2;226;103;95m[48;2;97;92;89m▀[0m[38;2;223;101;92m[48;2;87;117;151m▀[0m[38;2;191;89;81m[48;2;88;119;153m▀[0m[38;2;96;136;180m[48;2;97;143;189m▀[0m[38;2;97;145;193m[48;2;97;144;191m▀[0m[38;2;96;139;182m[48;2;100;150;199m▀[0m[38;2;121;159;194m[48;2;109;155;198m▀[0m[38;2;120;158;191m[48;2;115;158;198m▀[0m[38;2;121;159;192m[48;2;109;154;195m▀[0m[38;2;100;147;194m[48;2;100;146;192m▀[0m[38;2;90;123;159m▄[0m            
            [38;2;89;45;42m[48;2;217;110;100m▀[0m[38;2;220;119;110m[48;2;218;119;110m▀[0m[38;2;203;98;91m[48;2;218;119;110m▀[0m[38;2;169;79;69m[48;2;217;104;95m▀[0m[38;2;180;84;75m[48;2;215;98;90m▀[0m[38;2;178;83;76m[48;2;215;98;90m▀[0m[38;2;180;84;76m[48;2;215;98;89m▀[0m[38;2;195;91;83m[48;2;193;90;82m▀[0m[38;2;97;143;189m[48;2;169;79;71m▀[0m[38;2;97;142;188m[48;2;89;133;175m▀[0m[38;2;36;37;38m[48;2;55;53;53m▀[0m[38;2;97;142;189m[48;2;97;141;187m▀[0m[38;2;96;142;189m[48;2;97;142;186m▀[0m[38;2;97;142;189m[48;2;1;1;3m▀[0m[38;2;97;142;188m▀[0m[38;2;90;121;158m▀[0m[38;2;87;117;150m▀[0m[38;2;51;50;49m[48;2;96;143;192m▀[0m[38;2;55;74;92m[48;2;95;93;90m▀[0m[38;2;94;93;90m▄[0m[38;2;59;59;58m▄[0m       
            [38;2;221;112;104m▀[0m[38;2;241;230;201m[48;2;221;115;105m▀[0m[38;2;218;119;109m[48;2;222;115;106m▀[0m[38;2;215;105;97m[48;2;220;100;92m▀[0m[38;2;211;97;89m[48;2;217;99;91m▀[0m[38;2;213;97;89m[48;2;218;99;91m▀[0m[38;2;214;98;90m[48;2;186;86;77m▀[0m[38;2;170;80;71m[48;2;176;83;76m▀[0m[38;2;169;80;71m[48;2;175;82;76m▀[0m[38;2;149;68;60m[48;2;25;38;47m▀[0m[38;2;87;117;151m[48;2;89;120;154m▀[0m[38;2;45;43;42m[48;2;24;22;21m▀[0m     [38;2;42;39;37m▀[0m[38;2;43;42;39m[48;2;97;145;192m▀[0m[38;2;119;158;194m[48;2;99;148;195m▀[0m[38;2;106;149;192m[48;2;98;146;195m▀[0m[38;2;99;148;196m[48;2;223;101;93m▀[0m[38;2;222;101;93m▄[0m[38;2;5;2;2m▄[0m    
             [38;2;177;82;75m▀[0m[38;2;198;93;85m[48;2;47;23;20m▀[0m[38;2;204;94;86m[48;2;175;82;75m▀[0m[38;2;185;86;78m[48;2;175;82;76m▀[0m[38;2;186;86;78m[48;2;174;81;75m▀[0m[38;2;174;81;73m[48;2;186;87;80m▀[0m[38;2;174;81;73m[48;2;187;88;79m▀[0m[38;2;174;81;73m[48;2;89;118;153m▀[0m[38;2;89;120;154m[48;2;88;118;152m▀[0m[38;2;89;121;158m[48;2;87;117;151m▀[0m[38;2;21;23;21m[48;2;44;42;42m▀[0m[38;2;54;53;53m▄[0m    [38;2;120;158;193m▄[0m[38;2;98;144;191m[48;2;97;144;191m▀[0m[38;2;83;122;160m[48;2;67;98;128m▀[0m[38;2;97;144;190m[48;2;97;141;187m▀[0m[38;2;19;28;39m[48;2;58;75;102m▀[0m[38;2;208;96;87m[48;2;17;22;26m▀[0m[38;2;216;98;90m[48;2;141;65;56m▀[0m[38;2;224;132;120m[48;2;191;89;81m▀[0m[38;2;32;16;14m[48;2;236;173;154m▀[0m  
              [38;2;33;42;49m▄[0m[38;2;120;157;191m▄[0m[38;2;100;144;191m[48;2;100;145;188m▀[0m[38;2;44;42;42m[48;2;56;55;54m▀[0m[38;2;87;117;150m[48;2;93;131;171m▀[0m[38;2;87;116;149m[48;2;91;123;158m▀[0m[38;2;86;116;149m[48;2;90;121;158m▀[0m[38;2;86;116;149m[48;2;93;131;172m▀[0m[38;2;37;50;64m[48;2;55;55;55m▀[0m[38;2;46;44;41m[48;2;107;149;191m▀[0m[38;2;106;148;191m[48;2;121;159;192m▀[0m[38;2;100;146;190m[48;2;119;156;190m▀[0m[38;2;39;55;71m[48;2;97;141;187m▀[0m [38;2;1;3;0m▀[0m[38;2;93;131;171m▀[0m[38;2;88;118;152m▀[0m[38;2;42;59;76m▀[0m[38;2;97;141;187m[48;2;97;143;188m▀[0m[38;2;15;23;29m▀[0m [38;2;87;117;150m[48;2;1;2;0m▀[0m[38;2;87;117;150m▀[0m[38;2;176;83;74m▀[0m  
            [38;2;66;90;112m▄[0m[38;2;126;165;201m[48;2;121;163;201m▀[0m[38;2;120;158;192m[48;2;121;164;201m▀[0m[38;2;120;157;192m[48;2;102;148;194m▀[0m[38;2;102;147;191m[48;2;97;143;190m▀[0m[38;2;25;30;34m[48;2;97;143;189m▀[0m[38;2;98;147;194m[48;2;98;98;96m▀[0m[38;2;99;146;194m[48;2;46;63;81m▀[0m[38;2;97;143;189m[48;2;100;149;198m▀[0m[38;2;43;63;81m[48;2;57;57;56m▀[0m[38;2;97;142;188m[48;2;98;146;194m▀[0m[38;2;106;149;190m[48;2;106;152;196m▀[0m[38;2;122;160;194m[48;2;121;163;199m▀[0m[38;2;122;163;198m[48;2;121;164;199m▀[0m[38;2;96;144;192m[48;2;108;153;198m▀[0m[38;2;98;145;191m[48;2;98;145;193m▀[0m            
            [38;2;102;147;191m[48;2;96;130;169m▀[0m[38;2;104;149;192m[48;2;97;141;186m▀[0m[38;2;99;147;194m[48;2;95;135;177m▀[0m[38;2;98;146;194m[48;2;92;125;162m▀[0m[38;2;97;144;193m[48;2;91;123;161m▀[0m[38;2;94;133;175m[48;2;88;118;152m▀[0m[38;2;52;70;90m[48;2;88;118;152m▀[0m[38;2;234;231;226m[48;2;93;126;162m▀[0m[38;2;255;255;251m[48;2;207;200;197m▀[0m[38;2;54;54;53m[48;2;194;187;185m▀[0m[38;2;97;144;193m[48;2;97;140;184m▀[0m[38;2;103;149;195m[48;2;99;146;192m▀[0m[38;2;121;161;197m[48;2;111;155;194m▀[0m[38;2;122;163;198m[48;2;112;155;194m▀[0m[38;2;105;151;195m[48;2;98;144;192m▀[0m[38;2;97;145;193m[48;2;93;132;174m▀[0m[38;2;53;71;90m[48;2;95;130;168m▀[0m           
             [38;2;85;114;146m▀[0m[38;2;89;120;154m▀[0m[38;2;89;120;154m[48;2;68;90;123m▀[0m[38;2;75;100;130m[48;2;70;92;126m▀[0m[38;2;58;77;105m[48;2;68;89;122m▀[0m     [38;2;88;118;152m▀[0m[38;2;94;133;175m[48;2;93;126;163m▀[0m[38;2;94;134;176m[48;2;88;119;152m▀[0m[38;2;91;124;161m[48;2;88;118;152m▀[0m[38;2;87;119;153m[48;2;89;118;153m▀[0m[38;2;95;128;165m[48;2;89;118;153m▀[0m [38;2;25;33;44m▄[0m         
              [38;2;78;117;155m▄[0m[38;2;91;125;162m[48;2;71;108;143m▀[0m[38;2;74;98;132m[48;2;97;145;192m▀[0m[38;2;70;93;129m▀[0m         [38;2;20;26;33m▀[0m[38;2;88;118;153m[48;2;92;123;158m▀[0m[38;2;92;123;158m[48;2;87;117;150m▀[0m[38;2;69;93;127m[48;2;87;117;150m▀[0m[38;2;70;93;124m▄[0m        
           [38;2;98;144;191m▀[0m[38;2;226;126;115m[48;2;179;83;76m▀[0m[38;2;218;99;92m[48;2;182;84;77m▀[0m[38;2;143;175;198m[48;2;89;119;153m▀[0m[38;2;85;126;168m[48;2;92;124;159m▀[0m[38;2;45;43;42m▀[0m           [38;2;38;35;32m▄[0m[38;2;87;116;151m[48;2;54;79;103m▀[0m[38;2;90;121;158m[48;2;60;89;117m▀[0m[38;2;88;117;150m[48;2;30;28;25m▀[0m        
                          [38;2;102;154;207m[48;2;97;141;186m▀[0m[38;2;98;147;197m[48;2;94;134;177m▀[0m[38;2;49;28;24m[48;2;200;93;85m▀[0m[38;2;220;100;92m[48;2;219;99;91m▀[0m[38;2;57;56;56m[48;2;98;138;182m▀[0m[38;2;99;146;196m[48;2;98;143;190m▀[0m[38;2;57;77;98m▄[0m       
                                        
                                        
