                                        
                                        
                          [38;2;180;235;234m▄[0m[38;2;178;231;231m[48;2;167;220;218m▀[0m[38;2;175;230;230m[48;2;168;220;219m▀[0m           
                         [38;2;163;218;215m▄[0m[38;2;167;220;218m[48;2;168;220;219m▀[0m[38;2;168;220;219m[48;2;168;220;218m▀[0m[38;2;168;220;218m[48;2;171;225;223m▀[0m      [38;2;140;182;180m▄[0m[38;2;173;228;226m▄[0m   
                        [38;2;178;232;230m▄[0m[38;2;165;220;215m[48;2;167;220;218m▀[0m[38;2;168;220;218m[48;2;168;220;218m▀[0m[38;2;167;220;218m[48;2;168;220;218m▀[0m[38;2;163;218;215m[48;2;163;218;214m▀[0m[38;2;150;198;197m▄[0m  [38;2;168;220;218m▄[0m[38;2;110;140;141m[48;2;169;220;219m▀[0m[38;2;167;220;218m[48;2;168;220;219m▀[0m[38;2;168;220;218m[48;2;168;220;218m▀[0m[38;2;168;220;219m[48;2;74;95;95m▀[0m   
                        [38;2;168;220;219m[48;2;164;219;215m▀[0m[38;2;168;220;218m[48;2;168;220;218m▀[0m[38;2;167;220;218m[48;2;205;113;153m▀[0m[38;2;168;220;218m[48;2;181;103;135m▀[0m[38;2;148;194;192m[48;2;142;180;178m▀[0m[38;2;137;173;172m[48;2;132;168;167m▀[0m[38;2;168;220;219m▄[0m[38;2;169;220;218m[48;2;168;220;218m▀[0m[38;2;168;220;219m[48;2;168;220;218m▀[0m[38;2;168;220;219m[48;2;168;220;219m▀[0m[38;2;167;220;218m[48;2;168;220;219m▀[0m[38;2;168;220;218m[48;2;168;220;219m▀[0m[38;2;3;3;1m▄[0m   
                       [38;2;0;0;0m[48;2;120;155;154m▀[0m[38;2;168;220;219m[48;2;141;181;179m▀[0m[38;2;173;123;149m[48;2;171;97;128m▀[0m[38;2;168;96;126m[48;2;167;95;126m▀[0m[38;2;171;97;128m[48;2;155;92;122m▀[0m[38;2;156;92;123m[48;2;32;20;25m▀[0m[38;2;176;230;229m[48;2;168;219;218m▀[0m[38;2;168;220;218m[48;2;167;220;218m▀[0m[38;2;168;220;218m[48;2;168;220;218m▀[0m[38;2;168;220;218m[48;2;168;220;219m▀[0m[38;2;167;220;219m[48;2;198;136;169m▀[0m[38;2;168;220;218m[48;2;206;114;154m▀[0m[38;2;168;220;218m[48;2;200;130;164m▀[0m[38;2;168;220;218m[48;2;168;220;219m▀[0m[38;2;148;195;193m▄[0m  
        [38;2;58;73;81m▄[0m[38;2;57;71;79m[48;2;57;71;79m▀[0m[38;2;37;46;51m[48;2;57;71;79m▀[0m            [38;2;137;173;172m[48;2;124;157;159m▀[0m[38;2;136;172;172m[48;2;119;154;156m▀[0m[38;2;150;89;117m[48;2;143;85;114m▀[0m[38;2;144;86;113m[48;2;132;81;108m▀[0m[38;2;145;85;115m[48;2;99;125;125m▀[0m[38;2;168;220;218m[48;2;168;220;219m▀[0m[38;2;168;220;218m[48;2;168;220;218m▀[0m[38;2;168;220;218m[48;2;168;220;219m▀[0m[38;2;164;219;215m[48;2;190;155;180m▀[0m[38;2;206;114;154m[48;2;206;113;153m▀[0m[38;2;206;114;153m[48;2;206;114;154m▀[0m[38;2;207;115;155m[48;2;206;114;154m▀[0m[38;2;206;114;153m[48;2;206;113;154m▀[0m[38;2;168;220;218m[48;2;168;222;219m▀[0m[38;2;168;220;219m[48;2;168;220;218m▀[0m  
       [38;2;51;63;70m▄[0m[38;2;57;72;79m[48;2;48;59;64m▀[0m[38;2;57;71;79m[48;2;46;56;62m▀[0m[38;2;48;59;65m[48;2;45;55;60m▀[0m [38;2;76;91;95m▄[0m[38;2;84;98;103m▄[0m[38;2;84;97;102m[48;2;80;94;97m▀[0m[38;2;83;97;102m[48;2;84;97;102m▀[0m[38;2;1;1;0m▀[0m      [38;2;113;145;151m[48;2;115;147;154m▀[0m[38;2;114;149;155m[48;2;114;145;151m▀[0m[38;2;132;80;107m[48;2;133;81;108m▀[0m[38;2;132;81;108m[48;2;14;17;17m▀[0m[38;2;168;220;218m[48;2;168;220;218m▀[0m[38;2;168;220;218m[48;2;168;220;218m▀[0m[38;2;168;219;218m[48;2;168;219;218m▀[0m[38;2;168;220;218m[48;2;206;112;153m▀[0m[38;2;206;114;153m[48;2;206;114;154m▀[0m[38;2;206;114;154m[48;2;206;114;153m▀[0m[38;2;206;114;153m[48;2;206;114;154m▀[0m[38;2;206;114;153m[48;2;203;113;151m▀[0m[38;2;206;114;154m[48;2;206;114;154m▀[0m[38;2;167;222;220m[48;2;163;220;216m▀[0m[38;2;168;220;218m[48;2;168;220;218m▀[0m  
       [38;2;45;55;60m[48;2;45;55;60m▀[0m[38;2;46;57;62m[48;2;45;55;61m▀[0m[38;2;45;55;60m[48;2;45;55;61m▀[0m[38;2;45;56;60m[48;2;67;83;91m▀[0m[38;2;79;93;98m[48;2;69;84;91m▀[0m[38;2;82;96;101m[48;2;74;88;93m▀[0m[38;2;80;94;96m[48;2;74;88;92m▀[0m[38;2;84;98;103m[48;2;78;91;95m▀[0m[38;2;83;98;101m[48;2;20;24;25m▀[0m[38;2;86;99;100m[48;2;57;71;79m▀[0m[38;2;98;113;115m[48;2;57;71;79m▀[0m[38;2;87;99;100m[48;2;57;71;79m▀[0m[38;2;57;71;79m▄[0m[38;2;56;70;78m▄[0m[38;2;64;79;85m▄[0m[38;2;5;6;6m▄[0m[38;2;114;147;153m[48;2;115;147;154m▀[0m[38;2;115;147;154m[48;2;115;148;155m▀[0m[38;2;132;81;109m[48;2;132;79;107m▀[0m[38;2;168;220;219m[48;2;167;220;218m▀[0m[38;2;168;220;218m[48;2;167;219;217m▀[0m[38;2;164;218;215m[48;2;168;220;219m▀[0m[38;2;168;220;219m[48;2;168;219;219m▀[0m[38;2;206;114;153m[48;2;205;113;152m▀[0m[38;2;206;114;154m[48;2;205;113;153m▀[0m[38;2;206;114;154m[48;2;206;114;154m▀[0m[38;2;206;114;154m[48;2;206;114;154m▀[0m[38;2;196;109;144m[48;2;206;114;154m▀[0m[38;2;196;110;147m[48;2;198;111;149m▀[0m[38;2;163;218;214m[48;2;164;218;214m▀[0m[38;2;158;207;205m▀[0m  
       [38;2;43;53;56m[48;2;43;53;57m▀[0m[38;2;43;53;56m[48;2;43;52;56m▀[0m[38;2;6;8;7m[48;2;54;67;73m▀[0m[38;2;56;71;80m[48;2;57;72;79m▀[0m[38;2;57;71;79m[48;2;57;72;80m▀[0m[38;2;58;73;80m[48;2;57;71;79m▀[0m[38;2;58;71;80m[48;2;57;71;78m▀[0m[38;2;57;71;79m[48;2;58;71;79m▀[0m[38;2;56;72;79m[48;2;57;71;79m▀[0m[38;2;56;70;78m[48;2;57;72;79m▀[0m[38;2;57;72;79m[48;2;57;71;79m▀[0m[38;2;57;71;79m[48;2;57;71;79m▀[0m[38;2;57;71;79m[48;2;58;72;79m▀[0m[38;2;57;72;79m[48;2;57;72;79m▀[0m[38;2;57;72;79m[48;2;57;72;79m▀[0m[38;2;57;71;79m[48;2;57;72;79m▀[0m[38;2;57;71;79m[48;2;57;72;79m▀[0m[38;2;124;158;165m[48;2;31;19;25m▀[0m[38;2;150;194;193m[48;2;168;220;218m▀[0m[38;2;168;220;219m[48;2;168;220;218m▀[0m[38;2;168;220;218m[48;2;168;220;218m▀[0m[38;2;169;219;218m[48;2;168;220;218m▀[0m[38;2;163;223;218m[48;2;178;192;203m▀[0m[38;2;206;114;154m[48;2;206;114;153m▀[0m[38;2;206;114;154m[48;2;206;114;154m▀[0m[38;2;206;114;154m[48;2;206;114;153m▀[0m[38;2;206;114;154m[48;2;204;112;152m▀[0m[38;2;202;112;151m[48;2;207;111;152m▀[0m[38;2;167;222;219m[48;2;168;220;219m▀[0m[38;2;165;218;216m▀[0m   
      [38;2;87;101;105m▄[0m[38;2;45;55;60m[48;2;47;56;62m▀[0m[38;2;25;30;32m[48;2;56;71;79m▀[0m[38;2;53;67;74m[48;2;56;71;78m▀[0m[38;2;57;71;79m[48;2;57;71;79m▀[0m[38;2;57;71;79m[48;2;20;24;26m▀[0m[38;2;54;68;73m[48;2;56;71;79m▀[0m[38;2;55;69;77m[48;2;57;71;79m▀[0m[38;2;57;71;79m[48;2;57;71;79m▀[0m[38;2;57;71;79m[48;2;57;72;79m▀[0m[38;2;57;72;79m[48;2;57;71;79m▀[0m[38;2;57;71;79m[48;2;57;71;79m▀[0m[38;2;57;71;79m[48;2;57;71;79m▀[0m[38;2;57;71;79m[48;2;57;71;79m▀[0m[38;2;56;71;79m[48;2;57;71;79m▀[0m[38;2;57;71;79m[48;2;57;72;79m▀[0m[38;2;57;72;79m[48;2;59;74;82m▀[0m[38;2;60;75;84m[48;2;206;114;154m▀[0m[38;2;205;114;155m[48;2;164;219;216m▀[0m[38;2;167;220;218m[48;2;167;217;216m▀[0m[38;2;168;220;218m[48;2;169;220;219m▀[0m[38;2;168;220;218m[48;2;168;220;218m▀[0m[38;2;168;220;218m[48;2;168;220;218m▀[0m[38;2;166;225;221m[48;2;168;220;219m▀[0m[38;2;204;113;152m[48;2;208;109;151m▀[0m[38;2;206;114;154m[48;2;207;114;154m▀[0m[38;2;206;114;153m[48;2;171;211;215m▀[0m[38;2;207;110;151m[48;2;168;220;219m▀[0m[38;2;167;220;218m[48;2;178;233;231m▀[0m[38;2;174;228;226m▀[0m    
    [38;2;56;64;67m▄[0m[38;2;84;98;102m[48;2;85;97;103m▀[0m[38;2;84;97;102m[48;2;57;71;79m▀[0m[38;2;57;71;79m[48;2;57;71;79m▀[0m[38;2;57;71;80m[48;2;54;69;75m▀[0m[38;2;57;71;79m[48;2;57;71;79m▀[0m[38;2;57;71;79m[48;2;57;71;79m▀[0m[38;2;57;71;79m[48;2;57;71;79m▀[0m[38;2;57;71;79m[48;2;57;71;79m▀[0m[38;2;57;71;79m[48;2;57;71;79m▀[0m[38;2;57;71;79m[48;2;57;72;79m▀[0m[38;2;57;71;79m[48;2;57;71;79m▀[0m[38;2;57;71;79m[48;2;57;71;79m▀[0m[38;2;57;71;79m[48;2;57;72;79m▀[0m[38;2;55;69;75m[48;2;57;71;79m▀[0m[38;2;57;71;78m[48;2;58;71;80m▀[0m[38;2;57;71;79m[48;2;225;125;168m▀[0m[38;2;20;22;24m[48;2;206;114;154m▀[0m[38;2;206;114;153m[48;2;168;220;218m▀[0m[38;2;168;220;219m[48;2;168;220;219m▀[0m[38;2;168;220;219m[48;2;149;194;193m▀[0m[38;2;167;219;218m[48;2;168;220;219m▀[0m[38;2;167;220;218m[48;2;168;220;219m▀[0m[38;2;168;220;219m[48;2;169;220;219m▀[0m[38;2;168;220;219m[48;2;178;188;200m▀[0m[38;2;168;220;219m[48;2;0;0;0m▀[0m[38;2;164;218;214m[48;2;10;11;11m▀[0m[38;2;164;218;215m▀[0m[38;2;168;220;219m▀[0m[38;2;10;12;12m▀[0m      
   [38;2;94;108;110m▄[0m[38;2;94;108;110m[48;2;83;97;102m▀[0m[38;2;70;85;91m[48;2;57;72;79m▀[0m[38;2;57;71;79m[48;2;57;71;79m▀[0m[38;2;57;71;79m[48;2;57;71;79m▀[0m[38;2;57;71;79m[48;2;57;71;79m▀[0m[38;2;55;69;76m[48;2;56;71;79m▀[0m[38;2;56;70;77m[48;2;56;71;79m▀[0m[38;2;57;71;79m[48;2;54;68;74m▀[0m[38;2;54;68;74m[48;2;56;70;76m▀[0m[38;2;57;71;79m[48;2;55;70;76m▀[0m[38;2;57;71;79m[48;2;57;71;79m▀[0m[38;2;57;71;79m[48;2;57;71;79m▀[0m[38;2;57;71;79m[48;2;56;70;77m▀[0m[38;2;54;68;74m[48;2;206;114;154m▀[0m[38;2;8;10;10m[48;2;206;114;154m▀[0m[38;2;206;114;153m[48;2;207;110;151m▀[0m[38;2;206;114;153m[48;2;168;220;220m▀[0m[38;2;168;220;218m[48;2;164;219;215m▀[0m[38;2;168;220;218m[48;2;158;210;209m▀[0m[38;2;151;198;197m[48;2;137;173;172m▀[0m[38;2;60;76;74m▀[0m[38;2;168;220;218m[48;2;168;220;218m▀[0m[38;2;168;220;219m[48;2;168;220;218m▀[0m[38;2;205;113;153m[48;2;206;114;154m▀[0m[38;2;206;113;153m[48;2;206;114;153m▀[0m[38;2;167;219;216m[48;2;168;221;219m▀[0m          
  [38;2;12;15;16m▄[0m[38;2;119;131;130m[48;2;132;143;139m▀[0m[38;2;63;78;84m[48;2;57;72;79m▀[0m[38;2;57;71;78m[48;2;57;71;79m▀[0m[38;2;57;71;79m[48;2;57;71;79m▀[0m[38;2;57;71;79m[48;2;57;71;79m▀[0m[38;2;57;71;79m[48;2;29;38;41m▀[0m[38;2;62;78;86m[48;2;207;159;180m▀[0m[38;2;57;70;79m[48;2;202;111;150m▀[0m[38;2;57;72;79m[48;2;57;73;80m▀[0m[38;2;57;72;79m[48;2;170;94;127m▀[0m[38;2;57;71;79m[48;2;206;114;154m▀[0m[38;2;38;49;53m[48;2;206;114;154m▀[0m[38;2;206;114;153m[48;2;206;113;153m▀[0m[38;2;206;114;153m[48;2;207;111;152m▀[0m[38;2;206;113;153m[48;2;168;220;218m▀[0m[38;2;166;223;220m[48;2;168;220;219m▀[0m[38;2;168;220;219m[48;2;168;220;219m▀[0m[38;2;167;219;218m[48;2;150;198;197m▀[0m[38;2;156;208;206m[48;2;137;173;172m▀[0m[38;2;137;173;172m[48;2;139;177;175m▀[0m[38;2;80;99;99m▀[0m [38;2;166;220;216m[48;2;172;226;223m▀[0m[38;2;167;220;218m[48;2;161;217;212m▀[0m[38;2;205;113;153m[48;2;157;217;212m▀[0m[38;2;206;114;154m[48;2;171;209;212m▀[0m[38;2;167;220;218m[48;2;168;220;219m▀[0m          
  [38;2;85;98;103m[48;2;141;84;105m▀[0m[38;2;89;103;106m[48;2;31;36;38m▀[0m[38;2;57;72;79m[48;2;17;20;22m▀[0m[38;2;57;71;79m[48;2;51;30;39m▀[0m[38;2;57;71;79m[48;2;211;117;157m▀[0m[38;2;57;71;79m[48;2;206;114;154m▀[0m[38;2;210;158;180m[48;2;195;109;146m▀[0m[38;2;12;11;8m[48;2;22;21;18m▀[0m[38;2;199;110;147m[48;2;206;114;154m▀[0m[38;2;57;72;79m[48;2;75;41;55m▀[0m[38;2;36;46;50m[48;2;206;113;154m▀[0m[38;2;206;114;153m[48;2;168;220;218m▀[0m[38;2;206;113;154m[48;2;168;220;219m▀[0m[38;2;168;220;219m[48;2;168;220;218m▀[0m[38;2;164;219;215m[48;2;166;220;217m▀[0m[38;2;168;220;219m[48;2;167;219;217m▀[0m[38;2;168;220;218m[48;2;141;181;179m▀[0m[38;2;147;194;192m[48;2;141;180;178m▀[0m[38;2;141;181;178m[48;2;139;177;174m▀[0m[38;2;139;177;175m[48;2;10;12;11m▀[0m    [38;2;162;218;213m▀[0m[38;2;158;216;211m▀[0m[38;2;159;213;209m▀[0m           
  [38;2;196;110;145m[48;2;182;237;235m▀[0m[38;2;206;114;154m[48;2;177;194;204m▀[0m[38;2;206;114;154m[48;2;177;193;204m▀[0m[38;2;205;114;153m[48;2;170;215;216m▀[0m[38;2;206;113;154m[48;2;163;219;216m▀[0m[38;2;202;112;150m[48;2;168;220;219m▀[0m[38;2;206;114;154m[48;2;152;81;111m▀[0m[38;2;75;55;59m[48;2;89;55;67m▀[0m[38;2;228;162;178m[48;2;168;220;219m▀[0m[38;2;168;220;219m[48;2;167;220;218m▀[0m[38;2;168;220;218m[48;2;169;220;219m▀[0m[38;2;168;220;218m[48;2;148;195;194m▀[0m[38;2;168;220;219m[48;2;54;69;68m▀[0m[38;2;164;218;216m[48;2;168;220;219m▀[0m[38;2;168;220;219m[48;2;181;225;219m▀[0m[38;2;178;223;218m[48;2;193;229;219m▀[0m[38;2;192;232;224m[48;2;195;230;218m▀[0m[38;2;17;20;20m[48;2;193;228;215m▀[0m[38;2;2;2;1m[48;2;31;36;34m▀[0m                   
    [38;2;124;160;159m▀[0m[38;2;149;197;195m▀[0m[38;2;149;195;193m▀[0m[38;2;150;197;196m[48;2;128;161;159m▀[0m[38;2;149;197;195m[48;2;137;173;173m▀[0m[38;2;148;194;192m[48;2;138;174;172m▀[0m[38;2;141;180;179m[48;2;139;177;175m▀[0m[38;2;140;177;175m[48;2;137;173;171m▀[0m[38;2;139;176;174m[48;2;136;172;169m▀[0m[38;2;138;175;173m[48;2;49;61;59m▀[0m[38;2;137;173;172m▀[0m[38;2;175;229;228m▀[0m[38;2;190;228;219m[48;2;1;1;0m▀[0m[38;2;196;229;219m[48;2;190;227;214m▀[0m[38;2;192;227;216m[48;2;81;93;89m▀[0m[38;2;196;231;220m▀[0m                    
                                        
                                        
