                                        
                                        
                                        
           [38;2;107;183;190m▄[0m[38;2;108;183;189m▄[0m                           
          [38;2;107;180;186m[48;2;106;182;188m▀[0m[38;2;106;179;185m[48;2;108;182;188m▀[0m[38;2;108;184;190m[48;2;108;184;190m▀[0m         [38;2;89;178;185m▄[0m[38;2;1;1;1m[48;2;108;183;189m▀[0m[38;2;107;180;186m[48;2;106;182;188m▀[0m[38;2;106;179;185m[48;2;107;183;189m▀[0m[38;2;108;184;190m[48;2;108;184;190m▀[0m             
         [38;2;87;177;184m[48;2;76;173;182m▀[0m[38;2;107;184;190m[48;2;107;184;190m▀[0m[38;2;108;184;190m[48;2;92;179;186m▀[0m[38;2;89;166;173m▀[0m       [38;2;61;162;176m▄[0m[38;2;73;173;182m[48;2;71;172;180m▀[0m[38;2;108;183;190m[48;2;109;184;189m▀[0m[38;2;108;184;190m[48;2;108;183;190m▀[0m[38;2;107;184;189m[48;2;108;184;189m▀[0m[38;2;108;184;190m▀[0m[38;2;111;189;196m▀[0m             
         [38;2;62;163;176m[48;2;61;161;175m▀[0m[38;2;61;165;177m[48;2;61;161;175m▀[0m[38;2;9;21;22m▀[0m      [38;2;60;160;175m▄[0m[38;2;61;161;175m[48;2;61;161;175m▀[0m[38;2;61;161;175m[48;2;61;161;175m▀[0m[38;2;61;161;175m[48;2;61;162;176m▀[0m[38;2;61;161;175m▀[0m[38;2;14;35;38m▀[0m                
         [38;2;61;161;175m[48;2;60;161;175m▀[0m[38;2;61;161;175m[48;2;61;161;175m▀[0m      [38;2;54;140;151m[48;2;61;161;176m▀[0m[38;2;61;161;175m[48;2;61;161;176m▀[0m[38;2;61;162;176m[48;2;1;2;2m▀[0m[38;2;35;88;96m▀[0m                   
  [38;2;0;0;0m▄[0m[38;2;65;108;112m▄[0m     [38;2;61;163;177m[48;2;1;3;3m▀[0m[38;2;61;161;175m[48;2;48;149;159m▀[0m     [38;2;0;0;0m[48;2;48;135;144m▀[0m[38;2;60;161;175m[48;2;43;121;131m▀[0m[38;2;6;18;18m[48;2;4;6;6m▀[0m                     
  [38;2;108;183;189m[48;2;81;172;180m▀[0m[38;2;107;182;186m[48;2;107;180;186m▀[0m[38;2;94;176;183m[48;2;88;172;180m▀[0m[38;2;91;178;186m[48;2;60;159;174m▀[0m[38;2;12;20;20m[48;2;61;161;175m▀[0m[38;2;61;161;175m▄[0m[38;2;64;181;192m▄[0m [38;2;49;136;145m[48;2;10;23;25m▀[0m[38;2;40;110;118m▄[0m[38;2;145;204;207m▄[0m[38;2;112;192;197m[48;2;146;203;206m▀[0m[38;2;108;183;189m[48;2;108;184;190m▀[0m[38;2;63;165;178m[48;2;60;170;180m▀[0m[38;2;48;136;145m[48;2;49;139;148m▀[0m[38;2;61;161;175m[48;2;61;161;175m▀[0m[38;2;60;160;175m[48;2;61;161;175m▀[0m[38;2;61;161;175m[48;2;61;161;175m▀[0m[38;2;60;162;175m[48;2;61;161;175m▀[0m[38;2;61;161;175m[48;2;61;161;175m▀[0m[38;2;64;165;177m[48;2;61;161;175m▀[0m[38;2;92;173;178m[48;2;61;161;176m▀[0m[38;2;61;161;175m▄[0m[38;2;61;161;175m▄[0m[38;2;78;185;194m▄[0m             
  [38;2;39;110;117m▀[0m[38;2;56;158;172m[48;2;54;157;171m▀[0m[38;2;57;157;172m[48;2;58;163;179m▀[0m[38;2;57;158;173m[48;2;156;200;207m▀[0m[38;2;58;158;173m[48;2;157;200;207m▀[0m[38;2;58;158;173m[48;2;158;201;209m▀[0m[38;2;60;161;175m[48;2;101;126;131m▀[0m[38;2;61;161;175m[48;2;62;167;183m▀[0m[38;2;47;121;131m[48;2;38;99;105m▀[0m[38;2;54;158;167m[48;2;61;161;175m▀[0m[38;2;109;183;189m[48;2;60;169;179m▀[0m[38;2;108;184;190m[48;2;67;172;180m▀[0m[38;2;108;185;190m[48;2;62;164;177m▀[0m[38;2;60;162;176m[48;2;61;161;175m▀[0m[38;2;50;160;173m[48;2;4;10;11m▀[0m[38;2;61;161;175m[48;2;170;211;216m▀[0m[38;2;61;161;175m[48;2;170;210;215m▀[0m[38;2;67;179;194m[48;2;170;211;216m▀[0m[38;2;65;174;189m[48;2;170;210;215m▀[0m[38;2;60;161;174m[48;2;170;211;216m▀[0m[38;2;60;160;175m[48;2;170;210;215m▀[0m[38;2;61;161;175m[48;2;170;211;216m▀[0m[38;2;61;161;175m[48;2;31;37;35m▀[0m[38;2;61;160;175m[48;2;61;161;175m▀[0m[38;2;61;161;175m[48;2;61;161;175m▀[0m[38;2;61;161;175m[48;2;61;161;175m▀[0m[38;2;60;160;175m[48;2;61;161;175m▀[0m[38;2;61;161;175m▄[0m[38;2;61;161;175m▄[0m[38;2;0;0;0m▄[0m        
   [38;2;6;17;18m▀[0m[38;2;136;170;178m[48;2;12;42;45m▀[0m[38;2;157;200;208m[48;2;134;163;170m▀[0m[38;2;157;199;207m[48;2;145;181;189m▀[0m[38;2;156;200;207m[48;2;152;192;200m▀[0m[38;2;156;200;207m[48;2;157;199;208m▀[0m[38;2;160;203;212m[48;2;140;177;184m▀[0m[38;2;172;213;218m[48;2;17;18;19m▀[0m[38;2;174;214;219m[48;2;170;210;215m▀[0m[38;2;54;144;156m[48;2;170;210;215m▀[0m[38;2;56;146;157m[48;2;170;211;216m▀[0m[38;2;60;73;75m[48;2;170;210;215m▀[0m[38;2;170;210;215m[48;2;170;211;216m▀[0m[38;2;170;210;215m[48;2;5;5;4m▀[0m[38;2;23;22;21m[48;2;250;251;251m▀[0m[38;2;23;22;21m[48;2;250;251;251m▀[0m[38;2;170;210;215m[48;2;26;24;22m▀[0m[38;2;170;210;215m[48;2;170;211;216m▀[0m[38;2;170;210;215m[48;2;170;211;216m▀[0m[38;2;170;210;215m[48;2;170;210;215m▀[0m[38;2;170;210;216m[48;2;170;210;215m▀[0m[38;2;170;210;215m[48;2;170;211;216m▀[0m[38;2;170;210;215m[48;2;170;211;216m▀[0m[38;2;171;212;219m[48;2;170;210;215m▀[0m[38;2;63;167;181m[48;2;170;210;215m▀[0m[38;2;60;161;175m[48;2;173;213;219m▀[0m[38;2;60;160;175m[48;2;61;161;175m▀[0m[38;2;60;160;174m[48;2;61;161;175m▀[0m[38;2;61;161;175m[48;2;61;161;175m▀[0m[38;2;61;161;175m[48;2;60;160;175m▀[0m[38;2;61;161;175m▄[0m[38;2;39;130;139m▄[0m     
     [38;2;135;164;172m▀[0m[38;2;133;162;170m[48;2;137;167;174m▀[0m[38;2;134;163;170m[48;2;133;162;169m▀[0m[38;2;133;162;170m[48;2;133;162;170m▀[0m[38;2;125;151;158m[48;2;134;163;170m▀[0m[38;2;217;222;223m[48;2;34;32;32m▀[0m[38;2;170;210;215m[48;2;170;210;215m▀[0m[38;2;170;210;215m[48;2;123;98;98m▀[0m[38;2;170;211;216m[48;2;118;93;94m▀[0m[38;2;170;211;216m[48;2;118;93;94m▀[0m[38;2;170;210;215m[48;2;27;27;27m▀[0m[38;2;50;62;63m[48;2;170;210;215m▀[0m[38;2;4;4;4m[48;2;47;58;60m▀[0m[38;2;13;15;16m[48;2;20;25;25m▀[0m[38;2;2;1;1m[48;2;6;6;6m▀[0m[38;2;169;210;216m[48;2;169;210;216m▀[0m[38;2;170;210;215m[48;2;169;210;215m▀[0m[38;2;170;210;216m[48;2;169;209;214m▀[0m[38;2;170;210;215m[48;2;170;211;216m▀[0m[38;2;170;211;216m[48;2;170;210;215m▀[0m[38;2;170;210;215m[48;2;169;210;216m▀[0m[38;2;170;210;216m[48;2;170;211;216m▀[0m[38;2;170;211;216m[48;2;169;210;217m▀[0m[38;2;170;211;216m[48;2;169;210;215m▀[0m[38;2;169;210;216m[48;2;167;209;214m▀[0m[38;2;27;64;70m[48;2;167;208;214m▀[0m[38;2;60;160;174m[48;2;173;216;223m▀[0m[38;2;60;160;175m[48;2;52;159;172m▀[0m[38;2;60;160;175m[48;2;46;146;156m▀[0m[38;2;48;150;160m[48;2;46;134;144m▀[0m[38;2;48;136;145m[48;2;48;136;145m▀[0m[38;2;49;136;145m▄[0m   
       [38;2;0;0;0m▀[0m[38;2;134;163;170m▀[0m[38;2;134;165;171m[48;2;11;13;13m▀[0m[38;2;75;92;94m[48;2;144;179;186m▀[0m[38;2;170;210;216m[48;2;170;210;215m▀[0m[38;2;170;211;216m[48;2;170;210;215m▀[0m[38;2;147;117;120m[48;2;170;210;215m▀[0m[38;2;206;161;165m[48;2;171;213;217m▀[0m[38;2;172;212;218m[48;2;170;210;215m▀[0m[38;2;170;211;216m[48;2;170;210;215m▀[0m[38;2;170;210;215m[48;2;169;210;215m▀[0m[38;2;169;210;215m[48;2;170;210;215m▀[0m[38;2;169;210;215m[48;2;170;211;216m▀[0m[38;2;169;210;217m[48;2;170;211;216m▀[0m[38;2;169;210;216m[48;2;169;210;215m▀[0m[38;2;169;210;215m[48;2;157;191;195m▀[0m[38;2;157;192;197m[48;2;148;179;184m▀[0m[38;2;152;184;188m[48;2;147;178;183m▀[0m[38;2;150;183;188m[48;2;144;176;181m▀[0m[38;2;146;180;186m[48;2;138;168;174m▀[0m[38;2;149;183;188m[48;2;137;167;173m▀[0m[38;2;151;185;191m[48;2;135;164;171m▀[0m[38;2;156;193;200m[48;2;132;161;169m▀[0m[38;2;144;175;182m[48;2;129;160;168m▀[0m[38;2;136;164;170m[48;2;129;159;168m▀[0m[38;2;117;148;152m[48;2;128;159;168m▀[0m[38;2;44;130;141m[48;2;46;131;142m▀[0m[38;2;45;133;142m[48;2;45;134;144m▀[0m[38;2;46;138;150m[48;2;47;139;151m▀[0m[38;2;48;142;153m[48;2;47;142;152m▀[0m[38;2;38;115;122m[48;2;47;153;163m▀[0m  
           [38;2;152;187;191m▀[0m[38;2;190;216;217m[48;2;165;201;206m▀[0m[38;2;180;213;216m[48;2;170;211;215m▀[0m[38;2;170;210;215m[48;2;170;211;216m▀[0m[38;2;170;210;215m[48;2;170;211;216m▀[0m[38;2;170;210;215m[48;2;169;210;215m▀[0m[38;2;170;210;215m[48;2;169;210;215m▀[0m[38;2;170;210;215m[48;2;169;210;216m▀[0m[38;2;170;211;216m[48;2;154;188;193m▀[0m[38;2;168;209;214m[48;2;143;171;177m▀[0m[38;2;144;173;178m[48;2;137;165;171m▀[0m[38;2;4;4;4m[48;2;139;168;174m▀[0m[38;2;145;175;181m[48;2;141;171;177m▀[0m[38;2;143;174;180m[48;2;135;167;173m▀[0m[38;2;139;171;177m[48;2;134;165;172m▀[0m[38;2;135;165;171m[48;2;81;98;102m▀[0m[38;2;135;165;172m[48;2;13;15;16m▀[0m[38;2;134;163;170m[48;2;139;169;175m▀[0m[38;2;131;161;168m[48;2;152;189;197m▀[0m[38;2;129;159;167m[48;2;143;177;185m▀[0m[38;2;129;159;168m[48;2;51;56;54m▀[0m[38;2;129;159;167m[48;2;46;138;148m▀[0m[38;2;46;133;143m[48;2;45;137;148m▀[0m[38;2;46;133;144m[48;2;48;152;163m▀[0m[38;2;47;137;147m[48;2;11;31;33m▀[0m[38;2;47;139;149m▀[0m[38;2;51;159;170m▀[0m  
             [38;2;32;38;39m▀[0m[38;2;142;169;175m▀[0m[38;2;141;170;175m[48;2;146;176;180m▀[0m[38;2;141;168;173m[48;2;143;172;176m▀[0m[38;2;140;168;174m[48;2;140;169;175m▀[0m[38;2;138;166;172m[48;2;135;164;171m▀[0m[38;2;138;165;172m[48;2;135;163;170m▀[0m[38;2;138;166;172m[48;2;135;164;171m▀[0m[38;2;135;164;171m[48;2;135;163;171m▀[0m[38;2;135;163;171m[48;2;135;164;171m▀[0m[38;2;135;164;171m[48;2;137;167;173m▀[0m[38;2;136;165;172m[48;2;136;167;174m▀[0m[38;2;135;166;173m[48;2;144;180;188m▀[0m[38;2;142;176;184m▀[0m             
                 [38;2;3;3;3m▀[0m[38;2;154;185;190m▀[0m[38;2;141;169;175m▀[0m[38;2;138;167;173m▀[0m[38;2;138;166;173m▀[0m[38;2;144;176;181m▀[0m[38;2;140;171;177m▀[0m                
                                        
                                        
                                        
