                                        
                                        
                                        
                      [38;2;255;229;89m▄[0m                 
                     [38;2;245;210;67m▀[0m[38;2;243;211;73m[48;2;194;164;58m▀[0m[38;2;95;83;29m▀[0m                
                      [38;2;219;187;63m[48;2;244;210;67m▀[0m                 
                   [38;2;133;130;125m▄[0m[38;2;205;202;193m▄[0m[38;2;201;178;70m[48;2;200;197;190m▀[0m[38;2;243;208;67m[48;2;185;185;183m▀[0m[38;2;185;184;185m▄[0m[38;2;53;53;53m▄[0m      [38;2;200;199;194m▄[0m[38;2;191;189;186m▄[0m[38;2;203;201;192m▄[0m      
           [38;2;7;7;7m[48;2;126;128;132m▀[0m[38;2;93;91;90m[48;2;117;119;124m▀[0m[38;2;189;188;185m[48;2;117;120;125m▀[0m[38;2;70;72;75m▄[0m[38;2;182;181;182m▄[0m[38;2;88;87;82m[48;2;182;182;182m▀[0m[38;2;201;198;190m[48;2;200;198;189m▀[0m[38;2;222;222;216m[48;2;205;201;193m▀[0m[38;2;203;199;190m[48;2;194;191;187m▀[0m[38;2;203;200;191m[48;2;187;187;185m▀[0m[38;2;188;187;184m[48;2;186;186;186m▀[0m[38;2;181;180;180m[48;2;187;187;186m▀[0m[38;2;182;181;181m[48;2;187;186;185m▀[0m[38;2;88;87;86m[48;2;187;185;185m▀[0m[38;2;184;184;183m[48;2;186;185;185m▀[0m[38;2;158;156;157m[48;2;148;143;143m▀[0m[38;2;130;128;128m[48;2;147;143;143m▀[0m[38;2;152;151;150m▄[0m  [38;2;117;119;124m[48;2;122;125;130m▀[0m[38;2;116;118;124m[48;2;118;120;127m▀[0m[38;2;115;118;123m[48;2;117;120;125m▀[0m[38;2;56;54;53m[48;2;115;118;124m▀[0m[38;2;190;189;190m▄[0m    
           [38;2;188;211;222m▄[0m[38;2;123;125;131m[48;2;129;146;157m▀[0m[38;2;147;147;143m[48;2;205;221;220m▀[0m[38;2;72;71;68m[48;2;255;251;247m▀[0m[38;2;254;247;242m[48;2;255;251;245m▀[0m[38;2;255;253;248m[48;2;145;84;78m▀[0m[38;2;118;96;96m[48;2;210;122;112m▀[0m[38;2;255;250;243m[48;2;27;19;18m▀[0m[38;2;255;250;243m[48;2;243;239;234m▀[0m[38;2;255;248;244m[48;2;241;237;232m▀[0m[38;2;255;250;245m[48;2;186;208;222m▀[0m[38;2;182;203;217m[48;2;177;198;211m▀[0m[38;2;180;201;215m[48;2;177;198;211m▀[0m[38;2;179;200;213m[48;2;176;197;210m▀[0m[38;2;179;199;212m[48;2;158;173;186m▀[0m[38;2;145;157;167m[48;2;152;165;177m▀[0m[38;2;53;52;52m[48;2;144;155;164m▀[0m[38;2;159;155;154m[48;2;190;210;222m▀[0m[38;2;146;142;141m[48;2;234;239;239m▀[0m[38;2;37;36;36m[48;2;202;214;213m▀[0m[38;2;54;53;53m[48;2;178;199;211m▀[0m[38;2;111;109;109m[48;2;118;130;138m▀[0m[38;2;133;132;134m▀[0m[38;2;125;126;130m▀[0m     
        [38;2;188;210;224m▄[0m[38;2;242;241;237m[48;2;245;241;237m▀[0m[38;2;251;245;236m[48;2;244;243;242m▀[0m[38;2;189;211;225m[48;2;178;199;212m▀[0m[38;2;180;202;216m[48;2;178;199;212m▀[0m[38;2;181;202;215m[48;2;179;199;213m▀[0m[38;2;70;69;67m[48;2;178;199;213m▀[0m[38;2;239;234;230m[48;2;221;220;219m▀[0m[38;2;222;94;88m[48;2;238;234;230m▀[0m[38;2;222;94;88m[48;2;239;234;230m▀[0m[38;2;239;234;230m[48;2;249;249;248m▀[0m[38;2;236;232;228m[48;2;182;203;217m▀[0m[38;2;81;92;98m[48;2;181;203;217m▀[0m[38;2;176;196;211m[48;2;181;202;216m▀[0m[38;2;177;198;211m[48;2;182;204;218m▀[0m[38;2;178;199;212m[48;2;166;184;194m▀[0m[38;2;173;193;205m[48;2;150;163;173m▀[0m[38;2;156;171;181m[48;2;154;169;180m▀[0m[38;2;154;168;179m[48;2;149;161;171m▀[0m[38;2;183;205;219m[48;2;180;201;215m▀[0m[38;2;235;234;230m[48;2;242;239;236m▀[0m[38;2;247;241;228m[48;2;240;235;231m▀[0m[38;2;248;242;232m[48;2;243;240;234m▀[0m[38;2;180;200;213m[48;2;180;201;215m▀[0m[38;2;164;182;193m[48;2;149;162;171m▀[0m[38;2;163;178;189m[48;2;153;168;178m▀[0m      
      [38;2;177;192;197m▄[0m[38;2;123;142;159m▄[0m[38;2;179;199;212m[48;2;83;103;124m▀[0m[38;2;170;191;205m[48;2;88;109;131m▀[0m[38;2;35;38;38m[48;2;86;106;127m▀[0m[38;2;196;219;234m[48;2;45;55;65m▀[0m[38;2;181;200;212m[48;2;60;75;89m▀[0m[38;2;180;196;204m[48;2;87;107;129m▀[0m[38;2;124;143;159m[48;2;87;107;129m▀[0m[38;2;95;116;138m[48;2;87;107;129m▀[0m[38;2;85;106;128m[48;2;85;105;126m▀[0m[38;2;84;105;126m[48;2;85;105;126m▀[0m[38;2;81;102;124m[48;2;85;105;126m▀[0m[38;2;83;103;124m[48;2;85;105;126m▀[0m[38;2;85;105;127m[48;2;85;105;125m▀[0m[38;2;86;108;130m[48;2;85;105;126m▀[0m[38;2;99;120;139m[48;2;85;107;128m▀[0m[38;2;146;165;180m[48;2;82;102;122m▀[0m[38;2;187;209;224m[48;2;53;65;77m▀[0m[38;2;113;123;131m[48;2;88;109;131m▀[0m[38;2;104;115;122m[48;2;76;94;112m▀[0m[38;2;42;47;49m[48;2;83;103;123m▀[0m[38;2;168;180;180m[48;2;86;106;129m▀[0m[38;2;180;193;193m[48;2;85;106;127m▀[0m[38;2;155;165;164m[48;2;86;106;128m▀[0m[38;2;41;45;45m[48;2;80;99;119m▀[0m[38;2;23;25;25m[48;2;34;41;47m▀[0m[38;2;158;171;181m[48;2;89;108;131m▀[0m[38;2;121;131;139m[48;2;86;105;126m▀[0m[38;2;85;105;126m▄[0m[38;2;83;104;125m▄[0m[38;2;161;184;198m▄[0m  
     [38;2;131;130;127m▄[0m[38;2;61;60;60m[48;2;94;93;94m▀[0m[38;2;91;89;88m[48;2;58;57;60m▀[0m[38;2;83;82;81m[48;2;57;57;58m▀[0m[38;2;30;37;44m[48;2;58;58;58m▀[0m[38;2;85;105;126m[48;2;86;106;126m▀[0m[38;2;85;105;126m[48;2;63;78;91m▀[0m[38;2;85;105;126m[48;2;86;106;128m▀[0m[38;2;86;106;127m[48;2;86;106;128m▀[0m[38;2;86;106;127m[48;2;86;106;127m▀[0m[38;2;86;105;126m[48;2;85;107;127m▀[0m[38;2;86;106;127m[48;2;86;106;127m▀[0m[38;2;85;105;126m[48;2;86;107;128m▀[0m[38;2;86;105;126m[48;2;86;107;129m▀[0m[38;2;85;105;126m[48;2;86;106;128m▀[0m[38;2;85;106;127m[48;2;86;106;127m▀[0m[38;2;86;107;129m[48;2;84;105;126m▀[0m[38;2;86;107;128m[48;2;86;105;127m▀[0m[38;2;85;105;126m[48;2;86;106;128m▀[0m[38;2;85;105;126m[48;2;84;105;126m▀[0m[38;2;85;105;126m[48;2;84;104;124m▀[0m[38;2;86;105;127m[48;2;85;105;126m▀[0m[38;2;85;105;126m[48;2;114;112;110m▀[0m[38;2;76;74;73m[48;2;12;13;12m▀[0m[38;2;28;28;27m[48;2;58;58;59m▀[0m[38;2;58;58;59m[48;2;58;58;59m▀[0m[38;2;89;111;133m[48;2;57;57;58m▀[0m[38;2;86;107;129m[48;2;50;63;75m▀[0m[38;2;90;114;139m[48;2;74;93;112m▀[0m      
   [38;2;37;107;149m[48;2;99;190;228m▀[0m[38;2;151;150;143m[48;2;70;173;216m▀[0m[38;2;55;55;52m[48;2;57;57;58m▀[0m[38;2;57;57;58m[48;2;56;56;56m▀[0m[38;2;57;57;58m[48;2;57;56;56m▀[0m[38;2;57;58;58m[48;2;49;50;51m▀[0m[38;2;57;57;58m[48;2;57;57;58m▀[0m[38;2;92;117;143m▀[0m[38;2;89;112;136m▀[0m[38;2;112;140;170m▀[0m[38;2;86;106;127m[48;2;9;10;13m▀[0m[38;2;85;106;128m[48;2;87;107;129m▀[0m[38;2;85;106;128m[48;2;89;111;130m▀[0m[38;2;86;106;127m[48;2;96;118;142m▀[0m[38;2;86;105;127m[48;2;95;116;138m▀[0m[38;2;86;106;127m[48;2;93;116;137m▀[0m[38;2;85;105;126m[48;2;87;109;132m▀[0m[38;2;84;104;126m[48;2;83;103;124m▀[0m[38;2;84;104;125m[48;2;85;105;126m▀[0m[38;2;84;104;124m[48;2;86;107;128m▀[0m[38;2;84;104;124m[48;2;88;109;130m▀[0m[38;2;85;105;126m[48;2;89;110;130m▀[0m[38;2;86;107;129m[48;2;31;58;74m▀[0m[38;2;143;141;136m[48;2;72;174;216m▀[0m[38;2;143;141;135m[48;2;64;168;212m▀[0m[38;2;57;57;58m[48;2;57;55;57m▀[0m[38;2;57;58;58m[48;2;56;56;57m▀[0m[38;2;57;57;58m[48;2;56;55;56m▀[0m[38;2;57;57;58m[48;2;21;22;20m▀[0m[38;2;57;56;57m[48;2;56;55;56m▀[0m       
   [38;2;101;186;219m▀[0m[38;2;62;166;211m[48;2;75;72;71m▀[0m[38;2;36;36;35m[48;2;57;58;58m▀[0m[38;2;58;57;58m[48;2;51;52;52m▀[0m[38;2;57;58;59m[48;2;61;61;62m▀[0m[38;2;61;60;61m[48;2;60;60;60m▀[0m[38;2;64;62;64m▀[0m     [38;2;4;5;7m▀[0m[38;2;104;129;151m▀[0m[38;2;93;114;137m▀[0m[38;2;91;114;136m▀[0m[38;2;85;105;126m▀[0m[38;2;86;106;127m[48;2;52;63;76m▀[0m[38;2;84;105;126m[48;2;88;110;130m▀[0m[38;2;84;103;124m[48;2;91;111;131m▀[0m[38;2;88;107;127m[48;2;22;25;28m▀[0m[38;2;88;107;127m[48;2;43;52;72m▀[0m[38;2;88;107;127m[48;2;41;51;70m▀[0m[38;2;75;172;212m[48;2;42;51;71m▀[0m[38;2;101;184;216m[48;2;80;176;214m▀[0m[38;2;55;53;53m[48;2;54;161;213m▀[0m[38;2;57;56;57m[48;2;57;56;58m▀[0m[38;2;56;55;56m[48;2;57;56;57m▀[0m[38;2;38;38;38m[48;2;57;57;57m▀[0m[38;2;59;59;59m[48;2;60;60;60m▀[0m       
  [38;2;231;125;113m▄[0m[38;2;91;89;89m[48;2;227;104;97m▀[0m[38;2;71;67;67m[48;2;55;54;56m▀[0m[38;2;60;60;61m[48;2;56;56;57m▀[0m[38;2;59;59;60m[48;2;63;63;65m▀[0m[38;2;60;59;61m▀[0m               [38;2;42;51;71m[48;2;0;0;0m▀[0m[38;2;41;51;70m[48;2;42;53;71m▀[0m[38;2;42;51;71m[48;2;42;53;70m▀[0m[38;2;41;51;70m[48;2;42;52;70m▀[0m[38;2;42;52;70m[48;2;42;52;70m▀[0m[38;2;41;52;70m[48;2;92;91;90m▀[0m[38;2;67;65;65m[48;2;93;91;91m▀[0m[38;2;61;62;63m[48;2;58;58;60m▀[0m[38;2;58;57;58m[48;2;61;61;63m▀[0m[38;2;65;65;65m[48;2;3;5;3m▀[0m       
  [38;2;236;146;130m[48;2;88;37;35m▀[0m[38;2;235;128;116m[48;2;230;111;102m▀[0m[38;2;57;57;58m▀[0m[38;2;31;32;30m▀[0m                  [38;2;43;54;72m▀[0m[38;2;45;54;69m[48;2;50;57;67m▀[0m[38;2;44;53;71m[48;2;47;55;66m▀[0m[38;2;40;49;66m[48;2;47;53;64m▀[0m[38;2;233;112;102m[48;2;47;53;64m▀[0m[38;2;238;146;130m[48;2;239;146;130m▀[0m[38;2;62;29;27m[48;2;235;134;120m▀[0m[38;2;57;57;58m[48;2;44;45;44m▀[0m        
                         [38;2;43;49;57m▀[0m[38;2;47;54;66m▀[0m[38;2;30;34;39m▀[0m            
                                        
                                        
                                        
