                                        
                                        
                                        
  [38;2;94;210;255m▄[0m[38;2;30;44;55m▄[0m        [38;2;254;226;184m▄[0m[38;2;255;202;105m▄[0m     [38;2;252;229;198m[48;2;245;187;99m▀[0m[38;2;152;120;64m[48;2;245;188;100m▀[0m             [38;2;104;206;255m▄[0m     
  [38;2;87;86;85m[48;2;88;87;85m▀[0m[38;2;55;55;52m▀[0m        [38;2;251;191;101m▀[0m[38;2;230;175;96m[48;2;199;151;86m▀[0m[38;2;253;195;101m▄[0m[38;2;255;214;151m▄[0m[38;2;255;222;174m▄[0m[38;2;255;222;172m▄[0m[38;2;255;201;117m▄[0m[38;2;202;153;86m[48;2;250;212;111m▀[0m[38;2;246;188;100m▄[0m            [38;2;87;87;87m[48;2;87;86;85m▀[0m[38;2;75;79;78m[48;2;88;88;87m▀[0m     
  [38;2;88;88;86m[48;2;66;66;65m▀[0m[38;2;6;6;6m[48;2;67;67;67m▀[0m        [38;2;242;193;116m▄[0m[38;2;251;196;112m[48;2;242;188;108m▀[0m[38;2;253;194;107m[48;2;244;186;99m▀[0m[38;2;253;198;116m[48;2;253;197;110m▀[0m[38;2;252;199;121m[48;2;61;66;70m▀[0m[38;2;253;197;116m[48;2;130;102;64m▀[0m[38;2;251;193;106m[48;2;254;194;102m▀[0m[38;2;249;189;102m[48;2;252;192;101m▀[0m[38;2;250;192;102m[48;2;255;195;101m▀[0m[38;2;40;43;46m[48;2;53;53;53m▀[0m[38;2;22;22;22m[48;2;55;54;55m▀[0m[38;2;255;196;103m▄[0m[38;2;228;173;97m▄[0m    [38;2;46;43;42m▄[0m[38;2;52;52;53m▄[0m[38;2;80;80;81m[48;2;63;63;62m▀[0m[38;2;85;85;85m▀[0m[38;2;86;86;87m▀[0m      
   [38;2;52;51;52m[48;2;58;56;58m▀[0m[38;2;52;51;52m▄[0m[38;2;39;39;40m▄[0m    [38;2;210;162;92m[48;2;197;150;85m▀[0m[38;2;57;57;57m[48;2;223;170;90m▀[0m[38;2;69;69;70m[48;2;51;50;51m▀[0m[38;2;247;192;108m[48;2;50;50;51m▀[0m[38;2;252;192;102m[48;2;184;142;75m▀[0m[38;2;255;195;102m[48;2;252;191;102m▀[0m[38;2;57;56;57m[48;2;252;192;102m▀[0m[38;2;38;41;43m[48;2;255;194;102m▀[0m[38;2;255;197;102m[48;2;151;185;197m▀[0m[38;2;255;196;102m[48;2;74;205;251m▀[0m[38;2;53;53;54m[48;2;50;50;51m▀[0m[38;2;53;53;54m[48;2;24;28;32m▀[0m[38;2;223;177;92m[48;2;237;181;97m▀[0m[38;2;250;190;101m[48;2;237;182;99m▀[0m[38;2;191;147;85m[48;2;190;145;83m▀[0m[38;2;193;148;84m[48;2;191;148;85m▀[0m[38;2;193;147;85m▄[0m[38;2;40;39;38m[48;2;46;44;42m▀[0m[38;2;40;39;38m▀[0m[38;2;39;39;39m▀[0m          
     [38;2;38;39;38m▀[0m[38;2;40;38;38m▀[0m[38;2;43;42;42m▀[0m[38;2;29;29;31m[48;2;247;189;100m▀[0m[38;2;154;118;66m[48;2;190;144;83m▀[0m[38;2;228;175;96m[48;2;124;95;54m▀[0m[38;2;241;184;99m[48;2;240;184;98m▀[0m[38;2;239;186;100m[48;2;239;185;99m▀[0m[38;2;50;50;51m[48;2;240;184;98m▀[0m[38;2;52;53;53m[48;2;237;182;97m▀[0m[38;2;36;94;120m[48;2;247;193;104m▀[0m[38;2;244;186;100m[48;2;242;185;99m▀[0m[38;2;163;127;68m[48;2;241;184;98m▀[0m[38;2;49;49;50m[48;2;216;170;87m▀[0m[38;2;51;50;51m[48;2;114;89;49m▀[0m[38;2;243;187;100m[48;2;248;189;100m▀[0m[38;2;240;186;99m[48;2;248;189;100m▀[0m[38;2;204;156;88m[48;2;197;149;85m▀[0m[38;2;209;159;88m[48;2;207;156;89m▀[0m[38;2;200;151;84m[48;2;204;154;87m▀[0m[38;2;202;153;86m[48;2;254;194;102m▀[0m[38;2;255;196;102m[48;2;251;198;103m▀[0m[38;2;253;209;108m[48;2;85;70;43m▀[0m [38;2;254;193;102m▄[0m[38;2;160;130;69m▄[0m         
      [38;2;242;207;109m[48;2;190;144;83m▀[0m [38;2;238;182;98m[48;2;237;182;99m▀[0m[38;2;206;157;88m[48;2;237;181;99m▀[0m[38;2;187;143;82m[48;2;189;143;82m▀[0m[38;2;192;146;83m[48;2;190;144;83m▀[0m[38;2;188;144;82m[48;2;99;78;45m▀[0m[38;2;189;145;84m[48;2;21;19;15m▀[0m[38;2;241;184;98m[48;2;23;25;27m▀[0m[38;2;197;150;85m[48;2;156;126;76m▀[0m[38;2;113;107;103m[48;2;30;31;33m▀[0m[38;2;89;83;77m[48;2;34;34;35m▀[0m[38;2;203;154;89m[48;2;22;24;26m▀[0m[38;2;160;129;77m[48;2;172;141;87m▀[0m[38;2;233;179;96m[48;2;34;33;36m▀[0m[38;2;196;149;85m[48;2;34;34;35m▀[0m[38;2;196;148;85m[48;2;34;34;34m▀[0m[38;2;196;149;85m[48;2;199;151;86m▀[0m[38;2;250;191;102m[48;2;238;183;97m▀[0m[38;2;248;189;101m[48;2;248;189;101m▀[0m[38;2;166;135;82m[48;2;218;169;90m▀[0m[38;2;133;108;63m[48;2;222;168;94m▀[0m[38;2;249;194;112m[48;2;248;194;115m▀[0m[38;2;250;195;118m[48;2;90;90;89m▀[0m[38;2;131;108;72m[48;2;144;139;137m▀[0m[38;2;69;72;75m[48;2;84;75;60m▀[0m[38;2;1;2;0m[48;2;254;199;117m▀[0m[38;2;254;198;105m▄[0m      
     [38;2;243;188;100m[48;2;238;188;110m▀[0m[38;2;187;145;82m[48;2;206;159;89m▀[0m[38;2;185;142;82m[48;2;190;144;83m▀[0m[38;2;152;127;75m[48;2;197;150;85m▀[0m[38;2;169;130;69m▀[0m[38;2;248;189;100m[48;2;9;9;3m▀[0m[38;2;193;147;85m[48;2;255;199;105m▀[0m[38;2;26;27;29m[48;2;17;18;14m▀[0m[38;2;39;38;37m[48;2;41;40;38m▀[0m[38;2;36;36;37m[48;2;52;54;54m▀[0m[38;2;196;162;97m[48;2;51;51;51m▀[0m[38;2;32;36;41m[48;2;33;37;41m▀[0m[38;2;43;44;46m[48;2;51;51;52m▀[0m[38;2;44;44;48m[48;2;52;51;52m▀[0m[38;2;230;184;105m[48;2;50;50;53m▀[0m[38;2;40;42;42m[48;2;34;28;18m▀[0m[38;2;44;43;43m[48;2;46;48;48m▀[0m[38;2;41;40;38m[48;2;42;41;42m▀[0m[38;2;247;194;103m[48;2;39;40;41m▀[0m[38;2;248;189;101m▀[0m[38;2;247;189;100m▀[0m [38;2;249;189;101m[48;2;245;187;100m▀[0m[38;2;72;74;74m[48;2;50;50;50m▀[0m[38;2;84;86;86m[48;2;246;202;117m▀[0m[38;2;250;202;130m[48;2;245;197;124m▀[0m[38;2;252;208;141m[48;2;248;197;125m▀[0m[38;2;249;194;112m[48;2;80;68;47m▀[0m[38;2;252;199;105m[48;2;101;102;105m▀[0m[38;2;250;190;102m[48;2;101;102;105m▀[0m[38;2;101;102;105m▄[0m[38;2;93;92;93m▄[0m   
   [38;2;82;82;83m▄[0m[38;2;239;189;111m[48;2;117;117;118m▀[0m[38;2;241;190;114m[48;2;250;195;115m▀[0m[38;2;248;189;100m[48;2;248;189;101m▀[0m[38;2;247;189;101m[48;2;248;189;101m▀[0m[38;2;248;189;100m[48;2;247;189;100m▀[0m[38;2;28;23;13m[48;2;56;44;23m▀[0m  [38;2;51;51;51m[48;2;28;28;27m▀[0m[38;2;51;51;52m[48;2;31;33;34m▀[0m[38;2;51;51;52m[48;2;52;52;51m▀[0m[38;2;247;189;101m[48;2;24;21;19m▀[0m[38;2;65;57;38m[48;2;187;150;79m▀[0m[38;2;51;50;51m[48;2;54;53;54m▀[0m[38;2;50;50;51m[48;2;54;53;54m▀[0m[38;2;239;185;99m[48;2;251;192;101m▀[0m[38;2;50;51;51m[48;2;248;207;109m▀[0m[38;2;52;51;52m[48;2;252;199;107m▀[0m[38;2;49;48;49m[48;2;211;166;94m▀[0m[38;2;35;33;34m▀[0m    [38;2;53;52;53m[48;2;55;54;55m▀[0m[38;2;255;196;102m[48;2;255;196;102m▀[0m[38;2;255;204;115m[48;2;255;195;102m▀[0m[38;2;255;200;110m[48;2;232;177;96m▀[0m[38;2;203;156;91m[48;2;193;147;85m▀[0m[38;2;61;46;23m[48;2;190;146;84m▀[0m[38;2;84;89;89m[48;2;79;83;83m▀[0m[38;2;85;87;89m[48;2;75;77;77m▀[0m[38;2;0;0;0m[48;2;88;87;90m▀[0m[38;2;86;87;89m▄[0m  
   [38;2;114;113;114m[48;2;250;210;143m▀[0m[38;2;84;86;86m[48;2;84;86;86m▀[0m[38;2;64;65;67m[48;2;51;51;51m▀[0m[38;2;248;189;101m[48;2;51;51;52m▀[0m[38;2;247;189;101m[48;2;51;51;52m▀[0m[38;2;247;189;101m▀[0m   [38;2;188;149;86m▄[0m[38;2;188;147;86m[48;2;188;149;87m▀[0m[38;2;251;193;102m[48;2;190;148;86m▀[0m[38;2;254;194;102m[48;2;186;145;85m▀[0m[38;2;255;199;103m[48;2;182;142;83m▀[0m[38;2;53;53;54m[48;2;39;38;35m▀[0m[38;2;54;53;54m[48;2;38;38;36m▀[0m[38;2;253;194;102m[48;2;180;140;82m▀[0m[38;2;229;177;97m[48;2;174;138;82m▀[0m[38;2;186;145;84m[48;2;175;137;82m▀[0m[38;2;174;138;82m[48;2;180;143;83m▀[0m[38;2;180;141;84m[48;2;38;40;40m▀[0m[38;2;38;38;39m▄[0m    [38;2;245;187;99m▀[0m[38;2;102;103;106m[48;2;96;98;100m▀[0m[38;2;79;78;78m[48;2;75;76;76m▀[0m[38;2;200;153;88m[48;2;201;152;87m▀[0m[38;2;196;150;85m[48;2;199;152;86m▀[0m[38;2;196;148;85m[48;2;45;45;45m▀[0m[38;2;80;78;79m[48;2;57;58;59m▀[0m[38;2;97;97;99m[48;2;85;84;87m▀[0m[38;2;99;100;103m▀[0m  
  [38;2;32;34;33m▄[0m[38;2;248;196;119m[48;2;249;190;102m▀[0m[38;2;249;193;108m[48;2;253;194;102m▀[0m[38;2;70;55;30m[48;2;255;196;102m▀[0m[38;2;55;55;56m[48;2;255;197;103m▀[0m[38;2;56;55;56m[48;2;215;161;91m▀[0m  [38;2;209;165;97m▄[0m[38;2;38;38;39m[48;2;90;73;43m▀[0m[38;2;25;22;14m[48;2;37;37;36m▀[0m[38;2;176;139;82m[48;2;6;10;12m▀[0m[38;2;176;137;82m[48;2;174;138;82m▀[0m[38;2;185;147;87m▀[0m[38;2;187;147;87m[48;2;121;96;56m▀[0m[38;2;38;37;36m[48;2;42;42;43m▀[0m[38;2;37;37;37m[48;2;41;41;42m▀[0m[38;2;181;143;83m[48;2;98;79;46m▀[0m[38;2;180;143;83m▀[0m[38;2;181;142;83m[48;2;17;13;8m▀[0m[38;2;99;78;45m[48;2;181;143;83m▀[0m[38;2;38;37;36m[48;2;227;181;101m▀[0m[38;2;212;168;97m[48;2;227;181;101m▀[0m[38;2;212;169;96m[48;2;231;185;100m▀[0m[38;2;238;188;103m▄[0m  [38;2;37;38;37m▀[0m[38;2;84;83;85m▀[0m   [38;2;38;39;38m▀[0m[38;2;88;87;89m[48;2;97;99;101m▀[0m[38;2;15;16;15m▀[0m[38;2;97;100;101m▀[0m  
  [38;2;31;32;31m▀[0m[38;2;81;85;85m[48;2;84;84;85m▀[0m  [38;2;206;156;87m[48;2;88;85;88m▀[0m[38;2;4;5;2m▄[0m [38;2;45;35;20m[48;2;165;132;74m▀[0m[38;2;224;177;98m[48;2;217;170;95m▀[0m[38;2;223;177;98m[48;2;232;185;100m▀[0m[38;2;223;177;100m[48;2;231;184;101m▀[0m[38;2;191;151;89m[48;2;32;25;14m▀[0m         [38;2;233;187;102m[48;2;51;52;54m▀[0m[38;2;235;188;102m[48;2;234;187;103m▀[0m[38;2;241;189;102m[48;2;197;155;90m▀[0m[38;2;189;150;81m[48;2;229;182;101m▀[0m             
         [38;2;48;48;49m[48;2;51;52;54m▀[0m[38;2;39;39;39m[48;2;50;50;51m▀[0m[38;2;50;50;50m[48;2;51;51;52m▀[0m[38;2;49;49;50m[48;2;51;52;53m▀[0m[38;2;17;18;18m[48;2;45;46;48m▀[0m        [38;2;197;159;88m[48;2;176;138;82m▀[0m[38;2;49;50;52m[48;2;209;166;97m▀[0m[38;2;49;49;50m[48;2;226;181;100m▀[0m[38;2;49;48;49m[48;2;232;186;103m▀[0m[38;2;49;49;50m[48;2;177;140;83m▀[0m             
        [38;2;190;149;87m[48;2;62;66;69m▀[0m[38;2;192;152;89m[48;2;75;74;78m▀[0m[38;2;221;176;98m[48;2;61;63;67m▀[0m[38;2;237;189;102m[48;2;27;28;30m▀[0m[38;2;237;187;102m[48;2;58;60;62m▀[0m[38;2;189;149;87m[48;2;31;31;32m▀[0m        [38;2;55;58;59m▀[0m[38;2;71;58;35m▀[0m[38;2;35;30;20m[48;2;30;31;31m▀[0m[38;2;40;41;42m[48;2;221;229;230m▀[0m[38;2;142;157;164m[48;2;93;93;93m▀[0m[38;2;145;155;161m[48;2;238;238;240m▀[0m            
       [38;2;225;229;230m▀[0m[38;2;219;223;225m[48;2;234;235;237m▀[0m[38;2;190;190;193m[48;2;223;226;229m▀[0m[38;2;166;165;170m[48;2;17;17;17m▀[0m[38;2;70;70;73m▀[0m[38;2;18;19;19m▀[0m                           
                                        
                                        
                                        
