                                        
                                        
                                        
                     [38;2;60;57;56m▄[0m[38;2;62;59;59m▄[0m[38;2;102;121;160m[48;2;88;119;174m▀[0m [38;2;0;0;0m[48;2;87;118;174m▀[0m              
                 [38;2;124;131;133m▄[0m[38;2;189;201;205m▄[0m[38;2;61;65;66m▄[0m [38;2;86;84;80m▀[0m[38;2;61;57;57m[48;2;60;56;57m▀[0m[38;2;66;64;64m[48;2;68;65;66m▀[0m[38;2;59;92;134m▄[0m[38;2;74;109;158m[48;2;58;92;135m▀[0m  [38;2;111;111;113m▄[0m[38;2;239;246;248m▄[0m[38;2;226;243;245m▄[0m[38;2;254;254;255m▄[0m[38;2;235;244;244m▄[0m[38;2;220;239;246m▄[0m[38;2;141;141;142m▄[0m     
  [38;2;255;122;183m▄[0m[38;2;255;119;180m▄[0m  [38;2;255;177;209m[48;2;119;45;69m▀[0m[38;2;255;111;171m[48;2;255;111;172m▀[0m[38;2;255;113;176m[48;2;255;108;166m▀[0m[38;2;255;108;166m▄[0m      [38;2;240;247;248m▀[0m[38;2;221;241;246m[48;2;41;43;43m▀[0m[38;2;218;240;246m[48;2;250;250;251m▀[0m[38;2;218;240;246m[48;2;216;237;248m▀[0m[38;2;255;255;255m[48;2;245;245;245m▀[0m[38;2;231;245;249m[48;2;0;0;0m▀[0m[38;2;190;192;188m[48;2;55;72;104m▀[0m[38;2;71;70;70m[48;2;80;114;166m▀[0m[38;2;61;95;138m[48;2;82;115;169m▀[0m[38;2;72;106;156m[48;2;82;116;169m▀[0m[38;2;255;255;255m▀[0m[38;2;255;255;255m▀[0m[38;2;249;247;242m▀[0m[38;2;228;241;243m▀[0m[38;2;250;252;252m▀[0m[38;2;244;249;250m▀[0m[38;2;249;248;240m▀[0m[38;2;235;244;247m▀[0m      
  [38;2;255;109;169m[48;2;206;83;127m▀[0m[38;2;255;108;166m[48;2;255;109;168m▀[0m[38;2;255;107;164m[48;2;255;109;169m▀[0m[38;2;255;112;174m[48;2;255;108;166m▀[0m[38;2;255;111;172m▄[0m[38;2;255;109;167m[48;2;177;69;110m▀[0m[38;2;255;109;169m[48;2;255;93;166m▀[0m[38;2;255;98;162m[48;2;255;93;168m▀[0m[38;2;255;97;159m[48;2;255;87;165m▀[0m[38;2;226;226;226m▄[0m          [38;2;131;150;193m[48;2;125;144;191m▀[0m[38;2;246;71;152m[48;2;79;101;151m▀[0m[38;2;68;31;70m[48;2;84;118;174m▀[0m[38;2;77;111;163m[48;2;68;104;150m▀[0m              
   [38;2;255;100;169m▀[0m[38;2;255;99;167m[48;2;255;91;163m▀[0m[38;2;255;97;161m[48;2;255;70;161m▀[0m[38;2;255;89;159m[48;2;255;66;153m▀[0m[38;2;255;84;156m[48;2;255;64;149m▀[0m[38;2;174;42;94m[48;2;239;245;246m▀[0m[38;2;255;67;159m[48;2;238;240;239m▀[0m[38;2;255;67;157m[48;2;85;90;93m▀[0m[38;2;241;42;116m[48;2;225;238;242m▀[0m[38;2;218;241;250m▄[0m     [38;2;57;54;53m▄[0m  [38;2;125;145;189m▄[0m[38;2;95;125;177m[48;2;169;41;107m▀[0m[38;2;24;38;52m[48;2;255;64;151m▀[0m[38;2;80;114;168m[48;2;79;114;166m▀[0m[38;2;61;94;138m[48;2;66;102;146m▀[0m    [38;2;81;81;80m▄[0m[38;2;255;75;162m▄[0m[38;2;255;94;168m▄[0m[38;2;255;111;172m[48;2;255;108;168m▀[0m[38;2;255;111;172m[48;2;255;108;166m▀[0m[38;2;255;108;168m[48;2;255;107;165m▀[0m[38;2;255;109;170m[48;2;153;63;94m▀[0m[38;2;255;108;167m▀[0m  
     [38;2;255;68;157m▀[0m[38;2;255;64;148m[48;2;234;241;240m▀[0m[38;2;255;64;150m[48;2;255;255;255m▀[0m[38;2;125;91;105m[48;2;255;255;255m▀[0m[38;2;226;238;242m[48;2;255;255;255m▀[0m[38;2;218;240;247m[48;2;224;225;225m▀[0m[38;2;254;253;252m[48;2;224;241;246m▀[0m[38;2;254;254;255m[48;2;226;238;242m▀[0m[38;2;77;78;79m▄[0m [38;2;58;54;55m[48;2;59;55;55m▀[0m [38;2;71;73;72m▄[0m[38;2;57;54;54m[48;2;61;57;57m▀[0m[38;2;25;26;25m▄[0m[38;2;131;150;192m▄[0m[38;2;119;139;187m[48;2;255;66;157m▀[0m[38;2;85;120;175m[48;2;255;82;162m▀[0m[38;2;87;122;178m[48;2;73;100;151m▀[0m[38;2;87;121;177m[48;2;69;105;151m▀[0m[38;2;3;5;7m▀[0m [38;2;255;255;255m▄[0m[38;2;22;22;22m[48;2;255;255;255m▀[0m[38;2;227;240;246m[48;2;175;180;183m▀[0m[38;2;255;68;160m[48;2;255;67;157m▀[0m[38;2;252;79;158m[48;2;255;99;165m▀[0m[38;2;255;113;174m[48;2;255;109;169m▀[0m[38;2;255;108;167m[48;2;255;108;166m▀[0m[38;2;255;108;166m[48;2;255;108;166m▀[0m[38;2;255;107;165m[48;2;255;108;166m▀[0m[38;2;255;108;166m▀[0m   
       [38;2;221;241;246m▀[0m[38;2;222;241;246m[48;2;123;123;124m▀[0m[38;2;223;240;246m[48;2;255;255;255m▀[0m[38;2;224;242;246m[48;2;252;253;252m▀[0m[38;2;225;228;230m[48;2;244;243;235m▀[0m[38;2;56;54;52m[48;2;61;56;57m▀[0m[38;2;245;248;249m[48;2;222;230;232m▀[0m[38;2;49;51;51m[48;2;77;74;74m▀[0m[38;2;59;55;54m[48;2;63;59;59m▀[0m[38;2;18;20;20m[48;2;68;67;67m▀[0m[38;2;112;109;105m[48;2;78;77;77m▀[0m[38;2;66;63;64m[48;2;70;69;69m▀[0m[38;2;64;62;60m[48;2;74;73;73m▀[0m[38;2;33;39;60m[48;2;255;94;162m▀[0m[38;2;83;117;170m[48;2;255;68;162m▀[0m[38;2;84;117;171m[48;2;83;117;172m▀[0m[38;2;83;117;170m[48;2;73;106;158m▀[0m[38;2;63;98;141m[48;2;217;226;219m▀[0m[38;2;164;164;165m[48;2;215;234;247m▀[0m[38;2;239;246;249m[48;2;232;238;241m▀[0m[38;2;221;241;246m[48;2;240;240;241m▀[0m[38;2;64;13;30m[48;2;95;100;101m▀[0m[38;2;255;65;152m[48;2;254;73;165m▀[0m[38;2;255;83;157m[48;2;252;92;171m▀[0m[38;2;255;98;162m[48;2;115;98;106m▀[0m[38;2;255;108;166m▀[0m[38;2;255;107;165m▀[0m      
          [38;2;234;246;251m▀[0m[38;2;238;249;253m[48;2;5;5;5m▀[0m[38;2;60;56;56m[48;2;66;62;63m▀[0m[38;2;54;50;50m[48;2;68;67;67m▀[0m[38;2;60;60;60m[48;2;35;41;51m▀[0m[38;2;67;67;67m[48;2;74;73;73m▀[0m[38;2;75;74;74m[48;2;64;98;140m▀[0m[38;2;81;77;80m[48;2;66;102;146m▀[0m[38;2;46;74;110m[48;2;75;111;162m▀[0m[38;2;66;102;146m[48;2;80;114;167m▀[0m[38;2;70;104;150m[48;2;80;114;168m▀[0m[38;2;67;25;39m[48;2;178;172;173m▀[0m[38;2;95;88;90m[48;2;193;186;177m▀[0m[38;2;204;197;183m[48;2;255;255;255m▀[0m[38;2;244;248;249m[48;2;253;254;252m▀[0m[38;2;255;255;255m[48;2;252;253;253m▀[0m[38;2;255;255;255m▀[0m[38;2;255;255;255m▀[0m[38;2;255;255;255m▀[0m           
          [38;2;53;64;94m▄[0m[38;2;85;82;83m[48;2;80;78;79m▀[0m[38;2;71;68;69m[48;2;76;74;74m▀[0m[38;2;74;73;73m[48;2;59;92;136m▀[0m[38;2;86;120;176m[48;2;63;99;142m▀[0m[38;2;59;93;136m[48;2;71;104;149m▀[0m[38;2;66;101;145m[48;2;80;114;167m▀[0m[38;2;74;109;159m[48;2;80;114;167m▀[0m[38;2;80;116;167m[48;2;80;114;169m▀[0m[38;2;43;69;115m[48;2;55;75;111m▀[0m[38;2;196;189;192m[48;2;80;114;167m▀[0m[38;2;196;189;192m[48;2;81;115;168m▀[0m[38;2;128;130;134m[48;2;255;105;167m▀[0m                 
        [38;2;145;51;89m▄[0m[38;2;255;66;153m[48;2;105;55;65m▀[0m[38;2;154;169;203m[48;2;146;163;200m▀[0m[38;2;79;77;77m[48;2;101;130;184m▀[0m[38;2;79;114;166m[48;2;83;116;168m▀[0m[38;2;59;94;133m[48;2;80;114;167m▀[0m[38;2;67;102;152m[48;2;59;93;136m▀[0m[38;2;67;102;151m[48;2;71;104;151m▀[0m[38;2;69;105;154m[48;2;58;88;126m▀[0m[38;2;49;66;54m[48;2;255;64;151m▀[0m[38;2;81;115;168m[48;2;80;114;168m▀[0m[38;2;78;113;165m[48;2;87;123;174m▀[0m[38;2;255;64;153m[48;2;255;93;162m▀[0m[38;2;78;113;165m[48;2;57;93;125m▀[0m[38;2;246;53;124m▀[0m                 
       [38;2;47;48;54m[48;2;53;53;62m▀[0m[38;2;230;112;153m[48;2;65;19;35m▀[0m[38;2;61;18;34m[48;2;255;65;154m▀[0m[38;2;104;129;178m[48;2;255;65;154m▀[0m[38;2;81;115;168m[48;2;54;74;114m▀[0m[38;2;80;114;167m[48;2;52;51;91m▀[0m[38;2;80;114;167m[48;2;255;68;160m▀[0m[38;2;72;107;155m[48;2;255;98;165m▀[0m[38;2;61;81;127m[48;2;130;49;75m▀[0m[38;2;255;66;155m[48;2;255;110;172m▀[0m[38;2;255;64;153m[48;2;0;1;0m▀[0m[38;2;38;48;85m[48;2;61;98;140m▀[0m[38;2;71;106;151m[48;2;63;98;140m▀[0m[38;2;140;36;86m▀[0m[38;2;0;0;0m[48;2;41;42;47m▀[0m[38;2;44;44;49m▄[0m[38;2;18;19;18m[48;2;6;8;7m▀[0m[38;2;41;41;47m▀[0m[38;2;42;42;45m[48;2;40;41;46m▀[0m              
       [38;2;52;52;61m[48;2;53;54;63m▀[0m[38;2;0;1;3m▀[0m[38;2;192;53;106m[48;2;59;17;32m▀[0m[38;2;136;154;196m[48;2;85;117;170m▀[0m[38;2;132;150;192m[48;2;83;117;171m▀[0m[38;2;84;118;173m[48;2;84;118;173m▀[0m[38;2;255;65;154m[48;2;198;58;109m▀[0m[38;2;255;109;171m[48;2;255;61;144m▀[0m[38;2;225;95;143m[48;2;79;18;40m▀[0m[38;2;64;23;36m[48;2;244;62;141m▀[0m[38;2;254;55;128m▀[0m [38;2;60;57;58m▀[0m[38;2;68;66;66m▄[0m [38;2;71;71;70m▄[0m[38;2;74;71;72m▀[0m[38;2;74;75;74m▀[0m               
          [38;2;58;85;128m▀[0m[38;2;60;90;136m▀[0m[38;2;251;253;246m[48;2;197;180;182m▀[0m[38;2;255;62;147m▀[0m[38;2;175;42;96m▀[0m   [38;2;17;18;17m▄[0m[38;2;73;72;73m▄[0m[38;2;70;69;69m▀[0m[38;2;17;17;15m[48;2;101;99;96m▀[0m[38;2;82;81;79m▀[0m                 
                  [38;2;103;101;99m▀[0m                     
                                        
                                        
                                        
