                                        
                                        
                          [38;2;58;68;68m▄[0m             
                         [38;2;41;50;50m[48;2;35;43;43m▀[0m[38;2;181;224;222m[48;2;180;224;221m▀[0m[38;2;103;124;123m[48;2;146;175;173m▀[0m            
                          [38;2;185;226;223m[48;2;183;226;222m▀[0m[38;2;66;111;132m[48;2;65;110;128m▀[0m[38;2;148;178;175m[48;2;74;86;82m▀[0m[38;2;151;184;181m▄[0m          
                          [38;2;182;225;222m[48;2;23;27;27m▀[0m[38;2;57;69;68m[48;2;183;225;222m▀[0m[38;2;81;141;157m[48;2;81;143;158m▀[0m[38;2;152;187;185m[48;2;153;187;186m▀[0m          
                  [38;2;139;164;160m▄[0m[38;2;196;230;222m▄[0m[38;2;192;231;225m▄[0m   [38;2;110;127;124m▄[0m[38;2;189;228;222m▄[0m[38;2;103;177;189m▄[0m[38;2;186;227;225m[48;2;148;179;175m▀[0m[38;2;83;148;164m[48;2;188;235;231m▀[0m[38;2;158;191;188m▀[0m          
  [38;2;77;154;154m[48;2;77;154;155m▀[0m[38;2;78;155;156m[48;2;77;154;154m▀[0m[38;2;77;154;154m▄[0m[38;2;35;68;68m▄[0m        [38;2;74;89;88m▄[0m[38;2;185;230;227m[48;2;158;195;193m▀[0m[38;2;181;225;221m[48;2;146;175;172m▀[0m[38;2;181;225;221m[48;2;50;65;67m▀[0m[38;2;185;227;223m[48;2;80;142;157m▀[0m[38;2;169;206;203m[48;2;80;142;157m▀[0m[38;2;171;210;206m[48;2;81;142;156m▀[0m[38;2;181;225;222m[48;2;80;142;156m▀[0m[38;2;154;189;187m[48;2;138;164;161m▀[0m[38;2;196;230;221m[48;2;179;224;220m▀[0m[38;2;188;227;222m[48;2;189;237;233m▀[0m[38;2;114;190;201m[48;2;82;176;197m▀[0m[38;2;76;161;180m[48;2;82;176;197m▀[0m[38;2;103;185;199m[48;2;82;177;198m▀[0m[38;2;86;186;207m[48;2;90;181;200m▀[0m[38;2;85;186;208m[48;2;117;202;214m▀[0m          
  [38;2;77;152;153m[48;2;42;81;81m▀[0m[38;2;77;153;154m[48;2;77;153;154m▀[0m[38;2;77;153;154m[48;2;77;153;154m▀[0m[38;2;78;153;154m[48;2;67;145;149m▀[0m[38;2;69;151;157m[48;2;62;136;144m▀[0m         [38;2;148;178;176m▀[0m[38;2;154;189;186m▀[0m[38;2;154;190;186m[48;2;66;80;79m▀[0m[38;2;163;199;196m[48;2;160;195;194m▀[0m[38;2;160;196;194m[48;2;141;174;171m▀[0m[38;2;145;175;173m▀[0m[38;2;145;175;172m[48;2;181;222;221m▀[0m[38;2;146;176;174m[48;2;185;226;225m▀[0m[38;2;89;191;213m[48;2;81;161;180m▀[0m[38;2;100;187;203m[48;2;81;146;162m▀[0m[38;2;108;190;203m[48;2;81;144;158m▀[0m[38;2;110;191;203m[48;2;81;152;168m▀[0m[38;2;84;169;188m[48;2;81;144;158m▀[0m[38;2;89;160;177m[48;2;46;78;85m▀[0m[38;2;66;109;129m▄[0m         
   [38;2;66;145;149m[48;2;58;131;139m▀[0m[38;2;71;148;150m[48;2;58;131;140m▀[0m[38;2;63;136;144m[48;2;58;130;140m▀[0m[38;2;58;130;139m[48;2;58;131;141m▀[0m[38;2;42;91;97m[48;2;58;131;140m▀[0m               [38;2;185;226;223m[48;2;185;226;223m▀[0m[38;2;83;183;206m[48;2;49;93;102m▀[0m[38;2;100;121;119m[48;2;197;242;239m▀[0m[38;2;170;210;207m[48;2;45;89;95m▀[0m[38;2;171;213;210m[48;2;179;223;219m▀[0m[38;2;185;226;223m[48;2;184;226;222m▀[0m[38;2;117;126;125m[48;2;155;187;184m▀[0m  [38;2;77;131;151m▀[0m [38;2;63;113;123m▄[0m     
    [38;2;59;73;73m▀[0m[38;2;58;131;141m▀[0m[38;2;58;131;140m[48;2;181;225;222m▀[0m[38;2;58;130;140m[48;2;185;228;225m▀[0m[38;2;184;226;222m[48;2;186;226;224m▀[0m[38;2;185;226;224m▄[0m[38;2;51;61;60m▄[0m          [38;2;52;74;74m▄[0m[38;2;51;113;120m[48;2;179;224;221m▀[0m[38;2;181;225;221m[48;2;181;224;221m▀[0m[38;2;167;205;202m[48;2;182;225;221m▀[0m[38;2;82;176;197m[48;2;83;177;198m▀[0m[38;2;175;219;216m[48;2;6;6;6m▀[0m[38;2;163;200;198m▀[0m[38;2;154;185;183m▀[0m     [38;2;79;140;155m▀[0m[38;2;55;94;103m[48;2;49;101;107m▀[0m[38;2;49;101;106m▄[0m   
        [38;2;189;232;228m▀[0m[38;2;184;226;223m▀[0m[38;2;153;187;184m▀[0m[38;2;146;176;173m▀[0m[38;2;93;112;110m▀[0m [38;2;195;229;221m▄[0m[38;2;190;223;215m[48;2;196;230;221m▀[0m[38;2;202;235;226m[48;2;196;230;221m▀[0m[38;2;68;147;152m[48;2;192;229;223m▀[0m[38;2;60;133;143m[48;2;56;130;139m▀[0m[38;2;58;130;139m[48;2;62;136;146m▀[0m[38;2;58;129;138m[48;2;183;225;222m▀[0m[38;2;181;225;221m[48;2;185;226;223m▀[0m[38;2;181;225;222m[48;2;181;225;221m▀[0m[38;2;182;225;222m[48;2;180;224;222m▀[0m[38;2;181;225;221m[48;2;180;225;222m▀[0m[38;2;88;187;210m[48;2;181;226;223m▀[0m[38;2;82;177;198m[48;2;82;176;197m▀[0m[38;2;81;174;195m[48;2;85;184;205m▀[0m[38;2;85;185;207m▄[0m[38;2;72;144;159m▄[0m     [38;2;49;102;108m▀[0m[38;2;49;102;108m[48;2;49;101;108m▀[0m[38;2;49;102;108m[48;2;52;107;115m▀[0m  
             [38;2;183;226;223m[48;2;185;226;223m▀[0m[38;2;193;229;223m[48;2;184;226;223m▀[0m[38;2;192;229;223m[48;2;182;225;222m▀[0m[38;2;191;228;224m[48;2;181;225;221m▀[0m[38;2;185;226;224m[48;2;182;225;222m▀[0m[38;2;185;226;223m[48;2;184;226;222m▀[0m[38;2;181;225;222m[48;2;184;226;223m▀[0m[38;2;180;225;222m[48;2;184;226;223m▀[0m[38;2;181;225;222m[48;2;185;226;223m▀[0m[38;2;181;225;222m[48;2;185;226;223m▀[0m[38;2;184;226;223m[48;2;185;226;223m▀[0m[38;2;185;226;224m[48;2;185;226;224m▀[0m[38;2;184;226;223m[48;2;185;226;224m▀[0m[38;2;85;185;208m▀[0m[38;2;48;107;113m[48;2;84;181;202m▀[0m[38;2;58;131;140m[48;2;62;137;145m▀[0m[38;2;64;142;148m[48;2;67;147;150m▀[0m[38;2;71;155;160m[48;2;67;146;150m▀[0m      [38;2;53;108;116m▀[0m  
             [38;2;184;226;222m[48;2;183;225;222m▀[0m[38;2;184;226;222m[48;2;184;226;222m▀[0m[38;2;184;226;223m[48;2;185;226;223m▀[0m[38;2;184;226;223m[48;2;184;226;223m▀[0m[38;2;178;217;215m[48;2;155;185;183m▀[0m[38;2;185;226;224m[48;2;136;164;162m▀[0m[38;2;185;227;225m▀[0m[38;2;178;219;218m▀[0m[38;2;153;188;185m▀[0m[38;2;150;182;179m[48;2;111;140;149m▀[0m[38;2;184;226;223m[48;2;184;226;222m▀[0m[38;2;184;226;223m[48;2;184;226;222m▀[0m[38;2;185;226;224m[48;2;74;90;88m▀[0m  [38;2;64;143;148m▀[0m[38;2;67;146;151m▀[0m[38;2;67;146;150m▀[0m         
           [38;2;157;195;192m▄[0m[38;2;183;225;222m[48;2;184;226;223m▀[0m[38;2;182;225;222m[48;2;185;226;223m▀[0m[38;2;182;225;222m[48;2;183;226;223m▀[0m[38;2;185;226;223m▀[0m[38;2;1;1;1m▀[0m     [38;2;110;138;147m[48;2;107;134;143m▀[0m[38;2;184;226;222m[48;2;180;224;222m▀[0m[38;2;181;225;221m[48;2;180;224;222m▀[0m               
           [38;2;146;177;175m[48;2;146;175;172m▀[0m[38;2;148;179;177m[48;2;36;81;85m▀[0m[38;2;112;140;149m[48;2;39;75;85m▀[0m        [38;2;151;182;179m[48;2;50;103;109m▀[0m[38;2;186;226;223m[48;2;184;226;222m▀[0m[38;2;196;239;236m[48;2;58;130;139m▀[0m               
           [38;2;51;106;112m[48;2;12;24;24m▀[0m[38;2;50;103;109m[48;2;49;102;108m▀[0m[38;2;40;77;87m[48;2;33;65;73m▀[0m[38;2;45;87;97m▄[0m       [38;2;38;77;81m▀[0m[38;2;59;130;139m[48;2;58;130;139m▀[0m[38;2;58;130;139m[48;2;58;130;139m▀[0m               
            [38;2;49;100;106m▀[0m[38;2;45;93;99m▀[0m          [38;2;9;17;17m▀[0m               
                                        
                                        
