                                        
                                        
                          [38;2;58;64;64m▄[0m             
                         [38;2;51;57;57m[48;2;41;46;46m▀[0m[38;2;208;235;234m[48;2;207;235;233m▀[0m[38;2;114;127;125m[48;2;165;184;182m▀[0m            
                          [38;2;210;237;234m[48;2;209;236;234m▀[0m[38;2;66;122;143m[48;2;65;122;142m▀[0m[38;2;168;187;185m[48;2;76;84;81m▀[0m[38;2;171;192;188m▄[0m          
                          [38;2;208;236;234m[48;2;34;39;37m▀[0m[38;2;57;68;66m[48;2;209;236;231m▀[0m[38;2;81;158;170m[48;2;81;160;171m▀[0m[38;2;174;197;194m[48;2;175;197;194m▀[0m          
                  [38;2;158;175;171m▄[0m[38;2;218;239;232m▄[0m[38;2;215;240;234m▄[0m   [38;2;118;130;127m▄[0m[38;2;213;238;232m▄[0m[38;2;133;193;196m▄[0m[38;2;211;237;233m[48;2;168;191;184m▀[0m[38;2;83;156;164m[48;2;212;242;237m▀[0m[38;2;180;202;198m▀[0m          
  [38;2;52;81;131m[48;2;52;81;131m▀[0m[38;2;52;82;132m[48;2;52;81;130m▀[0m[38;2;52;81;130m▄[0m[38;2;23;37;59m▄[0m        [38;2;85;96;94m▄[0m[38;2;210;239;235m[48;2;182;205;205m▀[0m[38;2;208;236;231m[48;2;165;183;181m▀[0m[38;2;208;236;231m[48;2;50;66;71m▀[0m[38;2;210;237;232m[48;2;80;159;170m▀[0m[38;2;193;217;213m[48;2;80;159;170m▀[0m[38;2;195;221;216m[48;2;81;158;169m▀[0m[38;2;208;236;231m[48;2;80;159;169m▀[0m[38;2;173;195;193m[48;2;148;169;164m▀[0m[38;2;217;239;231m[48;2;206;235;230m▀[0m[38;2;212;238;231m[48;2;212;243;237m▀[0m[38;2;114;210;213m[48;2;82;202;216m▀[0m[38;2;76;184;198m[48;2;82;202;216m▀[0m[38;2;103;206;214m[48;2;82;202;217m▀[0m[38;2;86;213;227m[48;2;90;205;218m▀[0m[38;2;86;212;229m[48;2;117;224;228m▀[0m[38;2;21;46;48m▄[0m         
  [38;2;52;80;130m[48;2;27;41;68m▀[0m[38;2;52;81;130m[48;2;52;81;130m▀[0m[38;2;52;81;130m[48;2;52;81;130m▀[0m[38;2;52;81;131m[48;2;49;76;122m▀[0m[38;2;50;78;127m[48;2;46;71;115m▀[0m         [38;2;168;187;186m▀[0m[38;2;177;199;197m▀[0m[38;2;177;200;198m[48;2;71;79;78m▀[0m[38;2;187;210;206m[48;2;185;206;206m▀[0m[38;2;183;206;203m[48;2;157;177;176m▀[0m[38;2;163;183;179m▀[0m[38;2;163;182;178m[48;2;203;229;225m▀[0m[38;2;165;184;181m[48;2;210;236;233m▀[0m[38;2;93;218;234m[48;2;81;182;197m▀[0m[38;2;100;210;219m[48;2;81;163;176m▀[0m[38;2;108;211;218m[48;2;81;161;171m▀[0m[38;2;110;212;217m[48;2;81;171;183m▀[0m[38;2;84;191;206m[48;2;81;161;171m▀[0m[38;2;89;179;192m[48;2;39;63;84m▀[0m[38;2;66;121;143m▄[0m         
   [38;2;49;75;122m[48;2;44;68;110m▀[0m[38;2;50;77;126m[48;2;44;68;110m▀[0m[38;2;46;71;115m[48;2;44;68;110m▀[0m[38;2;44;68;110m[48;2;44;68;110m▀[0m[38;2;40;58;76m[48;2;44;68;109m▀[0m               [38;2;210;236;232m[48;2;210;236;234m▀[0m[38;2;90;209;225m[48;2;49;98;102m▀[0m[38;2;108;120;122m[48;2;216;247;244m▀[0m[38;2;195;221;218m[48;2;31;49;78m▀[0m[38;2;198;224;220m[48;2;207;235;232m▀[0m[38;2;210;236;234m[48;2;210;236;234m▀[0m[38;2;120;126;125m[48;2;177;197;195m▀[0m  [38;2;77;145;166m▀[0m [38;2;62;122;130m▄[0m     
    [38;2;54;63;65m▀[0m[38;2;44;68;110m▀[0m[38;2;44;68;110m[48;2;208;236;234m▀[0m[38;2;44;68;110m[48;2;211;238;236m▀[0m[38;2;210;236;234m[48;2;211;236;235m▀[0m[38;2;210;236;235m▄[0m[38;2;53;60;58m▄[0m          [38;2;42;57;66m▄[0m[38;2;44;57;80m[48;2;206;235;233m▀[0m[38;2;208;236;233m[48;2;208;235;233m▀[0m[38;2;192;217;215m[48;2;208;236;233m▀[0m[38;2;82;201;216m[48;2;83;202;217m▀[0m[38;2;202;230;229m[48;2;2;3;3m▀[0m[38;2;188;211;210m▀[0m[38;2;176;195;194m▀[0m     [38;2;79;157;168m▀[0m[38;2;55;105;110m[48;2;34;53;86m▀[0m[38;2;34;53;86m▄[0m   
        [38;2;213;240;238m▀[0m[38;2;210;237;235m▀[0m[38;2;175;197;195m▀[0m[38;2;165;184;183m▀[0m[38;2;103;114;113m▀[0m [38;2;217;238;233m▄[0m[38;2;209;230;225m[48;2;217;239;233m▀[0m[38;2;221;242;237m[48;2;217;239;233m▀[0m[38;2;49;77;124m[48;2;215;239;235m▀[0m[38;2;45;69;112m[48;2;44;67;106m▀[0m[38;2;44;68;110m[48;2;47;71;113m▀[0m[38;2;44;67;109m[48;2;209;236;234m▀[0m[38;2;208;236;234m[48;2;210;236;234m▀[0m[38;2;208;236;234m[48;2;208;236;233m▀[0m[38;2;208;236;234m[48;2;207;235;234m▀[0m[38;2;208;236;233m[48;2;208;236;231m▀[0m[38;2;97;213;229m[48;2;207;236;231m▀[0m[38;2;82;202;218m[48;2;82;202;216m▀[0m[38;2;90;196;211m[48;2;85;210;225m▀[0m[38;2;85;211;227m▄[0m[38;2;72;163;174m▄[0m     [38;2;35;54;87m▀[0m[38;2;35;54;87m[48;2;34;53;86m▀[0m[38;2;35;54;87m[48;2;37;57;91m▀[0m  
             [38;2;209;237;235m[48;2;210;236;234m▀[0m[38;2;215;238;234m[48;2;210;236;234m▀[0m[38;2;215;238;234m[48;2;208;236;234m▀[0m[38;2;215;238;235m[48;2;208;236;233m▀[0m[38;2;210;236;235m[48;2;208;236;234m▀[0m[38;2;210;236;234m[48;2;210;236;234m▀[0m[38;2;208;236;234m[48;2;210;236;234m▀[0m[38;2;207;236;234m[48;2;210;236;234m▀[0m[38;2;208;236;234m[48;2;210;236;234m▀[0m[38;2;208;236;234m[48;2;210;236;234m▀[0m[38;2;210;236;234m[48;2;210;236;234m▀[0m[38;2;210;236;233m[48;2;210;236;233m▀[0m[38;2;210;236;232m[48;2;210;236;233m▀[0m[38;2;101;211;225m▀[0m[38;2;36;56;90m[48;2;84;200;212m▀[0m[38;2;44;68;110m[48;2;46;72;115m▀[0m[38;2;47;74;119m[48;2;49;76;123m▀[0m[38;2;52;80;130m[48;2;49;76;123m▀[0m      [38;2;37;57;92m▀[0m  
             [38;2;210;236;234m[48;2;209;236;234m▀[0m[38;2;210;236;234m[48;2;210;236;234m▀[0m[38;2;210;236;234m[48;2;210;236;234m▀[0m[38;2;210;236;234m[48;2;210;236;234m▀[0m[38;2;201;226;224m[48;2;176;196;195m▀[0m[38;2;210;236;235m[48;2;153;171;169m▀[0m[38;2;210;237;236m▀[0m[38;2;204;231;230m▀[0m[38;2;175;198;196m▀[0m[38;2;171;191;189m[48;2;120;139;145m▀[0m[38;2;210;236;234m[48;2;210;236;234m▀[0m[38;2;210;236;232m[48;2;210;236;234m▀[0m[38;2;210;236;233m[48;2;81;90;88m▀[0m  [38;2;48;74;120m▀[0m[38;2;49;76;123m▀[0m[38;2;49;76;123m▀[0m         
           [38;2;179;203;201m▄[0m[38;2;209;236;234m[48;2;210;236;234m▀[0m[38;2;208;236;234m[48;2;210;236;234m▀[0m[38;2;208;236;234m[48;2;209;237;235m▀[0m[38;2;210;236;234m▀[0m[38;2;17;17;17m▀[0m     [38;2;119;136;143m[48;2;114;131;137m▀[0m[38;2;210;236;234m[48;2;207;235;234m▀[0m[38;2;208;236;233m[48;2;207;236;234m▀[0m               
           [38;2;165;185;183m[48;2;164;183;181m▀[0m[38;2;168;188;186m[48;2;32;54;72m▀[0m[38;2;120;138;145m[48;2;26;41;65m▀[0m        [38;2;172;192;190m[48;2;35;54;88m▀[0m[38;2;211;236;234m[48;2;210;236;234m▀[0m[38;2;217;246;243m[48;2;44;68;110m▀[0m               
           [38;2;36;56;90m[48;2;4;9;14m▀[0m[38;2;35;54;88m[48;2;34;53;87m▀[0m[38;2;27;42;67m[48;2;22;34;56m▀[0m[38;2;30;47;76m▄[0m       [38;2;24;39;65m▀[0m[38;2;44;68;110m[48;2;44;68;110m▀[0m[38;2;44;68;110m[48;2;44;68;110m▀[0m               
            [38;2;34;53;85m▀[0m[38;2;32;49;79m▀[0m          [38;2;4;8;13m▀[0m               
                                        
                                        
