                                        
             [38;2;221;208;151m▄[0m                          
             [38;2;238;221;205m[48;2;181;159;128m▀[0m[38;2;238;219;202m▄[0m                         
             [38;2;237;211;183m[48;2;235;214;195m▀[0m[38;2;232;163;169m[48;2;255;130;154m▀[0m[38;2;242;221;207m[48;2;235;208;179m▀[0m                        
             [38;2;232;205;182m[48;2;227;192;161m▀[0m[38;2;251;81;111m[48;2;255;82;112m▀[0m[38;2;243;98;120m[48;2;255;83;115m▀[0m[38;2;225;188;155m[48;2;213;179;140m▀[0m                       
             [38;2;226;189;151m[48;2;183;171;93m▀[0m[38;2;230;117;131m[48;2;142;132;112m▀[0m[38;2;241;77;106m[48;2;226;72;98m▀[0m[38;2;241;100;122m[48;2;255;88;118m▀[0m[38;2;224;181;147m[48;2;229;190;153m▀[0m[38;2;225;186;150m▄[0m[38;2;224;187;151m▄[0m                    
             [38;2;177;168;99m[48;2;228;197;166m▀[0m[38;2;224;190;154m[48;2;254;90;118m▀[0m[38;2;255;91;121m[48;2;255;149;169m▀[0m[38;2;255;91;120m[48;2;255;148;167m▀[0m[38;2;255;89;120m[48;2;255;88;119m▀[0m[38;2;248;104;127m[48;2;255;83;114m▀[0m[38;2;189;158;123m[48;2;255;84;114m▀[0m[38;2;224;187;152m[48;2;138;38;55m▀[0m[38;2;200;187;102m[48;2;224;181;145m▀[0m[38;2;153;148;73m▄[0m                 
            [38;2;228;197;165m[48;2;227;196;165m▀[0m[38;2;179;130;127m[48;2;255;84;115m▀[0m[38;2;255;127;151m[48;2;255;111;138m▀[0m[38;2;176;176;173m[48;2;255;120;141m▀[0m[38;2;48;75;73m[48;2;37;178;190m▀[0m[38;2;255;91;119m[48;2;245;242;240m▀[0m[38;2;255;83;114m[48;2;255;105;137m▀[0m[38;2;255;83;114m[48;2;255;97;128m▀[0m[38;2;245;81;109m[48;2;255;88;119m▀[0m[38;2;49;189;186m[48;2;37;189;198m▀[0m[38;2;224;186;151m[48;2;224;187;152m▀[0m                 
            [38;2;226;192;157m[48;2;224;184;150m▀[0m[38;2;255;87;117m[48;2;255;89;117m▀[0m[38;2;255;87;117m[48;2;210;69;91m▀[0m[38;2;255;87;117m[48;2;210;69;91m▀[0m[38;2;252;247;243m[48;2;210;69;93m▀[0m[38;2;37;180;190m[48;2;99;33;44m▀[0m[38;2;255;91;120m[48;2;209;69;91m▀[0m[38;2;255;89;119m[48;2;218;72;95m▀[0m[38;2;241;77;105m[48;2;210;69;91m▀[0m[38;2;186;59;80m[48;2;252;97;122m▀[0m[38;2;224;187;151m[48;2;224;186;151m▀[0m                 
            [38;2;228;187;155m▀[0m[38;2;197;165;129m[48;2;224;186;151m▀[0m[38;2;213;70;93m[48;2;161;134;99m▀[0m[38;2;226;73;97m[48;2;255;84;115m▀[0m[38;2;219;70;95m[48;2;223;73;96m▀[0m[38;2;213;70;93m[48;2;220;71;95m▀[0m[38;2;212;70;93m[48;2;238;77;105m▀[0m[38;2;213;70;92m[48;2;239;113;130m▀[0m[38;2;247;79;108m[48;2;223;185;149m▀[0m[38;2;227;191;154m[48;2;137;129;63m▀[0m[38;2;227;185;152m▀[0m[38;2;226;192;157m▀[0m[38;2;228;194;162m[48;2;193;191;92m▀[0m[38;2;223;195;149m[48;2;234;208;185m▀[0m[38;2;255;255;255m▄[0m[38;2;255;255;255m▄[0m[38;2;242;227;213m▄[0m[38;2;231;205;179m▄[0m[38;2;219;201;141m▄[0m         
           [38;2;230;203;177m▄[0m[38;2;227;197;164m[48;2;223;195;158m▀[0m[38;2;213;195;123m▀[0m[38;2;226;184;151m▀[0m[38;2;224;186;150m▀[0m[38;2;224;187;152m[48;2;224;182;146m▀[0m[38;2;255;90;121m[48;2;229;73;100m▀[0m[38;2;255;87;115m[48;2;214;70;93m▀[0m[38;2;255;84;115m[48;2;234;105;123m▀[0m[38;2;224;184;148m[48;2;224;187;152m▀[0m[38;2;209;193;108m▀[0m     [38;2;226;192;158m▀[0m[38;2;241;226;212m[48;2;244;232;223m▀[0m[38;2;255;255;255m[48;2;228;195;166m▀[0m[38;2;229;199;169m▀[0m         
         [38;2;238;222;205m▄[0m[38;2;234;211;189m[48;2;231;203;177m▀[0m[38;2;228;195;165m▀[0m    [38;2;227;182;148m▀[0m[38;2;224;183;148m▀[0m[38;2;226;188;150m[48;2;225;188;154m▀[0m[38;2;224;182;148m[48;2;231;202;177m▀[0m     [38;2;222;181;138m▄[0m[38;2;80;80;36m[48;2;242;229;218m▀[0m[38;2;224;182;146m[48;2;255;255;255m▀[0m[38;2;90;89;41m[48;2;254;253;251m▀[0m[38;2;226;190;157m▄[0m          
       [38;2;225;186;153m▄[0m[38;2;237;218;202m[48;2;224;180;144m▀[0m[38;2;235;212;192m[48;2;155;199;155m▀[0m        [38;2;229;204;174m▀[0m[38;2;237;218;201m[48;2;237;219;202m▀[0m   [38;2;225;190;152m▄[0m[38;2;225;184;148m[48;2;255;255;255m▀[0m[38;2;255;255;255m[48;2;255;255;255m▀[0m[38;2;255;255;255m[48;2;255;255;255m▀[0m[38;2;255;255;255m[48;2;255;255;255m▀[0m[38;2;255;255;255m[48;2;255;255;255m▀[0m[38;2;255;255;255m[48;2;255;255;255m▀[0m[38;2;254;253;252m[48;2;255;255;255m▀[0m[38;2;237;221;203m[48;2;237;219;202m▀[0m[38;2;107;105;45m[48;2;255;255;255m▀[0m[38;2;238;221;204m▄[0m[38;2;114;109;57m▄[0m     
     [38;2;224;182;146m▄[0m[38;2;224;182;146m[48;2;224;182;146m▀[0m[38;2;224;184;148m[48;2;248;240;235m▀[0m[38;2;255;255;255m[48;2;255;255;255m▀[0m[38;2;255;255;255m[48;2;255;255;255m▀[0m[38;2;255;255;255m[48;2;255;255;255m▀[0m[38;2;255;255;255m[48;2;255;255;255m▀[0m[38;2;255;255;254m[48;2;237;218;200m▀[0m[38;2;236;217;198m[48;2;196;184;94m▀[0m[38;2;219;183;137m▀[0m         [38;2;129;128;56m▀[0m[38;2;222;187;144m▀[0m[38;2;225;185;151m▀[0m[38;2;226;192;157m▀[0m[38;2;232;204;179m▀[0m[38;2;235;214;195m▀[0m[38;2;247;236;228m▀[0m[38;2;237;220;204m▀[0m[38;2;255;255;255m▀[0m[38;2;255;255;255m▀[0m[38;2;255;255;255m[48;2;9;9;3m▀[0m[38;2;242;228;215m[48;2;49;51;19m▀[0m[38;2;79;76;37m[48;2;196;190;89m▀[0m[38;2;213;199;137m▄[0m  
       [38;2;125;118;56m[48;2;232;206;182m▀[0m[38;2;248;241;235m[48;2;255;255;255m▀[0m[38;2;255;255;255m[48;2;255;255;255m▀[0m[38;2;255;255;255m[48;2;226;193;159m▀[0m[38;2;230;203;176m▀[0m                            
      [38;2;242;222;208m[48;2;251;248;245m▀[0m[38;2;250;244;240m[48;2;237;216;198m▀[0m[38;2;255;255;255m[48;2;238;221;205m▀[0m[38;2;232;207;184m▀[0m                              
    [38;2;241;222;208m▄[0m[38;2;241;227;213m[48;2;254;251;250m▀[0m[38;2;255;255;255m[48;2;242;219;205m▀[0m[38;2;239;221;206m▀[0m                                
   [38;2;245;234;227m▄[0m[38;2;249;242;237m▀[0m[38;2;193;183;108m▀[0m                                  
  [38;2;242;220;208m▀[0m                                     
                                        
