                                        
               [38;2;13;13;13m▀[0m[38;2;241;241;243m[48;2;241;241;243m▀[0m[38;2;240;240;242m[48;2;241;241;243m▀[0m[38;2;241;241;243m▄[0m                     
                  [38;2;221;224;235m▀[0m[38;2;221;224;235m▀[0m [38;2;16;16;17m▄[0m                  
                  [38;2;179;171;210m▄[0m   [38;2;17;17;17m▀[0m                 
     [38;2;240;241;243m▄[0m[38;2;241;241;243m▄[0m[38;2;241;241;243m▄[0m[38;2;241;241;243m▄[0m[38;2;204;206;217m▄[0m[38;2;195;197;207m▄[0m[38;2;135;136;144m▄[0m[38;2;52;53;55m▄[0m[38;2;0;0;0m▄[0m     [38;2;174;166;206m[48;2;167;163;211m▀[0m[38;2;174;168;207m▄[0m[38;2;4;3;5m▄[0m [38;2;31;32;33m▀[0m[38;2;213;216;227m▄[0m               
     [38;2;243;242;244m▀[0m[38;2;241;241;243m▀[0m[38;2;240;241;243m▀[0m[38;2;208;210;220m▀[0m  [38;2;1;1;2m▄[0m[38;2;56;54;69m▄[0m[38;2;54;52;71m▄[0m[38;2;0;0;0m[48;2;14;14;19m▀[0m[38;2;124;126;132m[48;2;16;16;20m▀[0m[38;2;204;207;217m[48;2;2;2;1m▀[0m[38;2;3;3;3m▀[0m[38;2;19;19;20m▄[0m[38;2;220;222;234m▄[0m[38;2;151;147;194m[48;2;0;0;0m▀[0m[38;2;146;143;191m[48;2;147;142;192m▀[0m[38;2;4;4;6m[48;2;142;139;188m▀[0m[38;2;1;1;1m▄[0m[38;2;142;139;188m▄[0m[38;2;146;147;150m▄[0m[38;2;141;135;190m▄[0m             
           [38;2;12;11;13m▀[0m[38;2;170;165;204m▀[0m[38;2;159;155;198m▀[0m[38;2;143;140;189m▀[0m[38;2;148;142;192m▀[0m[38;2;147;142;192m[48;2;3;3;3m▀[0m[38;2;142;139;189m[48;2;150;147;198m▀[0m[38;2;142;138;188m[48;2;146;142;191m▀[0m[38;2;142;139;190m[48;2;142;138;188m▀[0m[38;2;20;18;30m[48;2;147;143;192m▀[0m[38;2;21;21;23m[48;2;142;139;188m▀[0m[38;2;143;139;190m[48;2;168;169;174m▀[0m[38;2;142;138;188m[48;2;141;139;188m▀[0m[38;2;146;140;192m[48;2;146;140;192m▀[0m[38;2;117;114;175m[48;2;129;124;182m▀[0m[38;2;118;114;175m[48;2;15;15;23m▀[0m[38;2;121;118;180m▄[0m[38;2;1;2;1m[48;2;121;117;179m▀[0m           
            [38;2;2;2;0m▄[0m[38;2;122;118;179m▄[0m[38;2;147;142;193m▄[0m[38;2;108;106;145m[48;2;143;140;190m▀[0m[38;2;147;143;191m[48;2;147;143;193m▀[0m[38;2;142;139;188m[48;2;145;141;192m▀[0m[38;2;142;138;189m[48;2;143;139;188m▀[0m[38;2;147;143;193m[48;2;85;44;62m▀[0m[38;2;147;142;192m[48;2;221;130;165m▀[0m[38;2;146;142;192m[48;2;229;146;183m▀[0m[38;2;142;139;189m[48;2;228;148;187m▀[0m[38;2;118;115;156m[48;2;61;34;46m▀[0m[38;2;142;138;187m[48;2;142;139;188m▀[0m[38;2;147;142;193m[48;2;142;139;188m▀[0m[38;2;142;139;189m[48;2;143;139;190m▀[0m[38;2;171;77;122m[48;2;142;137;187m▀[0m[38;2;218;126;172m[48;2;216;125;170m▀[0m[38;2;230;151;188m[48;2;222;133;175m▀[0m[38;2;226;147;186m▄[0m[38;2;206;119;165m▄[0m        
            [38;2;4;3;3m▄[0m[38;2;61;59;89m[48;2;0;0;0m▀[0m[38;2;146;141;192m[48;2;149;144;199m▀[0m[38;2;142;139;189m[48;2;143;138;190m▀[0m[38;2;142;138;187m[48;2;141;136;188m▀[0m[38;2;147;142;193m[48;2;141;137;188m▀[0m[38;2;153;73;110m[48;2;215;120;166m▀[0m[38;2;221;130;167m[48;2;218;128;171m▀[0m[38;2;218;128;170m[48;2;218;128;171m▀[0m[38;2;232;152;188m[48;2;218;128;169m▀[0m[38;2;233;154;187m[48;2;225;138;177m▀[0m[38;2;233;154;184m[48;2;216;125;171m▀[0m[38;2;31;22;31m[48;2;217;128;171m▀[0m[38;2;141;137;188m[48;2;121;118;177m▀[0m[38;2;141;138;190m[48;2;129;127;181m▀[0m[38;2;122;119;179m[48;2;118;114;175m▀[0m[38;2;205;93;145m[48;2;120;116;177m▀[0m[38;2;212;117;162m[48;2;200;91;142m▀[0m[38;2;196;114;157m[48;2;201;92;143m▀[0m[38;2;211;121;168m[48;2;214;118;162m▀[0m[38;2;115;67;89m[48;2;218;127;172m▀[0m       
            [38;2;125;122;187m▄[0m[38;2;121;116;178m[48;2;122;119;178m▀[0m[38;2;140;136;189m[48;2;121;118;179m▀[0m[38;2;139;134;187m[48;2;118;114;175m▀[0m[38;2;140;136;188m[48;2;119;116;177m▀[0m[38;2;133;129;178m[48;2;98;95;147m▀[0m[38;2;206;104;155m[48;2;201;91;139m▀[0m[38;2;218;128;171m[48;2;217;124;171m▀[0m[38;2;218;127;173m[48;2;200;115;160m▀[0m[38;2;205;119;163m[48;2;206;120;164m▀[0m[38;2;203;118;161m[48;2;217;126;173m▀[0m[38;2;214;125;168m[48;2;218;128;171m▀[0m[38;2;219;129;169m[48;2;202;96;146m▀[0m[38;2;119;115;177m[48;2;122;119;180m▀[0m[38;2;118;114;175m[48;2;122;118;180m▀[0m[38;2;118;114;175m[48;2;98;95;144m▀[0m[38;2;118;114;175m[48;2;209;144;163m▀[0m[38;2;84;81;124m[48;2;210;144;163m▀[0m[38;2;204;92;144m[48;2;206;142;162m▀[0m[38;2;200;90;141m[48;2;188;188;189m▀[0m[38;2;200;91;140m[48;2;201;90;138m▀[0m[38;2;1;1;1m▄[0m      
           [38;2;126;122;185m▄[0m[38;2;118;114;175m[48;2;118;114;175m▀[0m[38;2;118;114;175m[48;2;118;115;176m▀[0m[38;2;118;114;175m[48;2;118;114;175m▀[0m[38;2;120;115;176m[48;2;122;119;178m▀[0m[38;2;118;114;175m[48;2;118;114;175m▀[0m[38;2;120;116;178m[48;2;119;115;176m▀[0m[38;2;199;91;142m[48;2;205;92;144m▀[0m[38;2;199;90;144m[48;2;200;91;139m▀[0m[38;2;205;97;146m[48;2;201;91;141m▀[0m[38;2;208;107;152m[48;2;199;90;143m▀[0m[38;2;203;97;146m[48;2;200;90;141m▀[0m[38;2;200;91;142m[48;2;200;91;139m▀[0m[38;2;209;94;149m[48;2;119;115;177m▀[0m[38;2;118;114;175m[48;2;117;114;175m▀[0m[38;2;121;117;179m[48;2;118;114;175m▀[0m[38;2;223;223;224m[48;2;220;222;230m▀[0m[38;2;194;127;147m[48;2;191;194;205m▀[0m[38;2;180;118;138m[48;2;97;92;151m▀[0m[38;2;177;115;136m[48;2;94;88;142m▀[0m[38;2;215;218;230m[48;2;92;86;139m▀[0m[38;2;134;136;143m[48;2;113;114;119m▀[0m[38;2;105;97;153m[48;2;95;88;141m▀[0m      
          [38;2;33;32;50m▄[0m[38;2;118;114;175m▀[0m[38;2;120;116;177m[48;2;101;95;160m▀[0m[38;2;109;104;166m[48;2;97;91;152m▀[0m[38;2;118;114;175m[48;2;121;117;179m▀[0m[38;2;121;117;178m[48;2;116;113;174m▀[0m[38;2;120;116;178m[48;2;121;118;178m▀[0m[38;2;118;114;175m[48;2;113;108;170m▀[0m[38;2;121;118;178m[48;2;121;118;179m▀[0m[38;2;163;74;119m[48;2;121;118;179m▀[0m[38;2;187;84;136m[48;2;120;116;177m▀[0m[38;2;199;90;143m[48;2;118;114;175m▀[0m[38;2;204;92;141m[48;2;121;118;179m▀[0m[38;2;120;116;178m[48;2;110;106;167m▀[0m[38;2;118;114;175m[48;2;111;107;168m▀[0m[38;2;118;114;175m[48;2;115;112;172m▀[0m[38;2;118;114;175m[48;2;110;107;168m▀[0m[38;2;75;77;78m[48;2;101;96;158m▀[0m[38;2;81;82;86m[48;2;99;94;155m▀[0m[38;2;96;91;147m[48;2;99;92;151m▀[0m[38;2;93;87;140m[48;2;93;87;141m▀[0m[38;2;94;88;141m[48;2;95;88;142m▀[0m[38;2;93;87;140m[48;2;94;88;142m▀[0m[38;2;95;89;143m[48;2;95;88;142m▀[0m[38;2;17;16;24m▀[0m     
            [38;2;100;94;157m▄[0m[38;2;100;95;157m[48;2;100;94;156m▀[0m[38;2;120;117;178m[48;2;100;94;156m▀[0m[38;2;102;97;160m[48;2;100;94;157m▀[0m[38;2;121;116;179m[48;2;110;104;168m▀[0m[38;2;101;97;161m[48;2;100;94;156m▀[0m[38;2;108;103;166m[48;2;100;94;156m▀[0m[38;2;121;117;178m[48;2;115;113;172m▀[0m[38;2;121;117;179m[48;2;121;117;179m▀[0m[38;2;113;111;171m[48;2;100;94;156m▀[0m[38;2;110;106;168m[48;2;99;94;156m▀[0m[38;2;100;95;157m[48;2;141;126;106m▀[0m[38;2;49;46;78m[48;2;179;160;137m▀[0m[38;2;101;95;158m[48;2;142;128;111m▀[0m[38;2;101;95;158m[48;2;100;94;156m▀[0m[38;2;100;95;157m[48;2;100;95;156m▀[0m[38;2;98;94;156m[48;2;98;94;154m▀[0m[38;2;100;94;153m[48;2;95;90;146m▀[0m[38;2;94;88;142m[48;2;93;87;141m▀[0m[38;2;93;86;139m[48;2;93;86;139m▀[0m[38;2;92;86;139m[48;2;65;60;99m▀[0m[38;2;153;140;121m[48;2;157;141;124m▀[0m[38;2;6;6;9m[48;2;142;127;109m▀[0m     
            [38;2;99;94;152m▄[0m[38;2;101;95;158m[48;2;96;91;149m▀[0m[38;2;100;94;157m[48;2;98;94;153m▀[0m[38;2;100;94;156m[48;2;99;94;154m▀[0m[38;2;100;95;157m[48;2;99;94;155m▀[0m[38;2;100;94;157m[48;2;100;94;156m▀[0m[38;2;99;94;156m[48;2;100;94;156m▀[0m[38;2;101;95;157m[48;2;100;94;157m▀[0m[38;2;108;105;167m[48;2;100;94;156m▀[0m[38;2;100;94;156m[48;2;102;97;161m▀[0m[38;2;99;94;157m[48;2;100;94;156m▀[0m[38;2;179;160;138m[48;2;39;35;31m▀[0m[38;2;194;174;150m[48;2;212;196;175m▀[0m[38;2;209;192;173m[48;2;99;94;155m▀[0m[38;2;100;94;158m[48;2;101;94;154m▀[0m[38;2;98;94;153m[48;2;96;91;147m▀[0m[38;2;99;93;152m[48;2;93;88;142m▀[0m[38;2;93;88;142m[48;2;93;87;140m▀[0m[38;2;93;87;140m[48;2;92;86;139m▀[0m[38;2;93;87;139m[48;2;93;87;140m▀[0m[38;2;10;9;8m[48;2;2;2;1m▀[0m[38;2;179;161;138m[48;2;181;162;139m▀[0m[38;2;181;162;142m▀[0m     
             [38;2;93;87;140m[48;2;94;88;141m▀[0m[38;2;94;89;143m[48;2;75;70;110m▀[0m[38;2;96;90;147m[48;2;94;87;141m▀[0m[38;2;96;92;150m[48;2;94;89;142m▀[0m[38;2;98;94;153m[48;2;95;89;144m▀[0m[38;2;99;94;154m[48;2;95;90;148m▀[0m[38;2;99;94;155m[48;2;96;93;150m▀[0m[38;2;99;94;156m[48;2;97;93;151m▀[0m[38;2;99;94;155m[48;2;97;92;150m▀[0m[38;2;98;94;155m[48;2;100;94;153m▀[0m[38;2;98;94;154m[48;2;95;90;147m▀[0m[38;2;98;93;152m[48;2;94;89;145m▀[0m[38;2;96;92;149m[48;2;94;88;142m▀[0m[38;2;99;92;148m[48;2;93;89;141m▀[0m[38;2;93;87;141m[48;2;93;87;140m▀[0m[38;2;92;86;139m[48;2;93;86;139m▀[0m[38;2;93;87;141m[48;2;94;88;141m▀[0m[38;2;93;87;140m[48;2;92;86;140m▀[0m[38;2;93;86;139m[48;2;93;86;139m▀[0m[38;2;93;86;139m[48;2;96;89;143m▀[0m[38;2;101;95;153m[48;2;0;0;0m▀[0m      
               [38;2;92;86;139m[48;2;3;2;3m▀[0m[38;2;93;87;140m[48;2;94;88;140m▀[0m[38;2;93;87;140m[48;2;93;87;140m▀[0m[38;2;94;87;141m[48;2;93;87;140m▀[0m[38;2;94;89;142m[48;2;93;86;139m▀[0m[38;2;93;88;143m[48;2;92;87;139m▀[0m[38;2;93;88;142m[48;2;92;86;139m▀[0m[38;2;97;91;145m[48;2;92;86;139m▀[0m[38;2;94;88;142m[48;2;93;87;139m▀[0m[38;2;93;87;140m[48;2;93;86;140m▀[0m[38;2;92;87;139m[48;2;93;86;139m▀[0m[38;2;92;87;139m[48;2;92;86;139m▀[0m[38;2;93;87;139m[48;2;92;86;140m▀[0m[38;2;93;87;139m[48;2;93;87;141m▀[0m[38;2;61;56;89m[48;2;96;90;145m▀[0m[38;2;93;87;140m[48;2;100;93;149m▀[0m[38;2;93;87;140m[48;2;94;88;142m▀[0m[38;2;0;0;0m▀[0m       
                [38;2;97;93;140m[48;2;174;156;134m▀[0m[38;2;102;97;150m[48;2;179;162;137m▀[0m[38;2;16;15;23m[48;2;175;156;136m▀[0m[38;2;93;87;140m[48;2;59;56;88m▀[0m[38;2;92;86;139m[48;2;82;77;123m▀[0m[38;2;92;86;139m[48;2;93;87;140m▀[0m[38;2;93;86;139m[48;2;92;86;138m▀[0m[38;2;92;86;139m[48;2;94;88;142m▀[0m[38;2;92;86;139m[48;2;96;90;146m▀[0m[38;2;92;86;139m[48;2;3;3;1m▀[0m[38;2;92;86;139m[48;2;7;7;9m▀[0m[38;2;93;86;139m[48;2;29;25;21m▀[0m[38;2;92;86;140m[48;2;92;87;139m▀[0m[38;2;129;114;98m[48;2;175;156;137m▀[0m[38;2;174;156;136m▄[0m[38;2;4;3;3m[48;2;176;158;137m▀[0m[38;2;124;112;97m▄[0m       
             [38;2;1;1;1m▄[0m[38;2;211;195;175m▄[0m[38;2;202;184;159m[48;2;215;198;177m▀[0m[38;2;198;180;153m[48;2;219;202;178m▀[0m[38;2;179;160;137m[48;2;215;199;177m▀[0m[38;2;179;161;138m[48;2;202;184;159m▀[0m[38;2;173;156;136m[48;2;179;159;138m▀[0m      [38;2;145;129;113m▀[0m[38;2;178;160;137m[48;2;0;0;0m▀[0m[38;2;8;8;13m[48;2;174;156;136m▀[0m[38;2;174;156;136m[48;2;189;169;148m▀[0m[38;2;215;199;177m[48;2;212;195;175m▀[0m[38;2;211;195;175m[48;2;215;199;176m▀[0m[38;2;11;10;8m[48;2;215;199;176m▀[0m[38;2;157;144;127m[48;2;13;10;9m▀[0m      
             [38;2;213;197;176m▀[0m[38;2;212;197;175m[48;2;188;167;146m▀[0m[38;2;214;199;177m[48;2;194;175;151m▀[0m[38;2;216;199;176m[48;2;193;174;151m▀[0m[38;2;216;199;176m[48;2;14;12;11m▀[0m[38;2;215;199;177m▀[0m                     
                                        
