                                        
                       [38;2;80;86;73m[48;2;8;16;13m▀[0m[38;2;124;128;109m▀[0m[38;2;218;230;195m▄[0m  [38;2;27;31;32m▄[0m           
                        [38;2;48;83;60m[48;2;25;57;33m▀[0m[38;2;84;159;157m[48;2;182;242;196m▀[0m[38;2;230;249;216m[48;2;97;163;161m▀[0m[38;2;18;24;18m[48;2;211;230;200m▀[0m[38;2;44;72;70m▄[0m[38;2;112;131;135m▀[0m[38;2;99;120;127m▄[0m         
                         [38;2;116;238;154m▀[0m[38;2;127;241;156m[48;2;35;77;83m▀[0m[38;2;46;143;143m[48;2;35;68;64m▀[0m[38;2;204;223;190m[48;2;45;143;143m▀[0m[38;2;145;154;138m[48;2;212;230;195m▀[0m[38;2;46;54;47m▄[0m[38;2;95;114;122m[48;2;27;35;34m▀[0m[38;2;96;123;120m▄[0m       
                           [38;2;44;83;103m▀[0m[38;2;39;83;72m[48;2;44;83;103m▀[0m[38;2;222;238;212m[48;2;33;85;93m▀[0m[38;2;210;228;193m[48;2;204;225;193m▀[0m[38;2;93;160;159m[48;2;58;77;68m▀[0m[38;2;38;59;54m[48;2;46;61;54m▀[0m[38;2;216;229;194m▄[0m  [38;2;0;0;0m▄[0m   
              [38;2;174;181;154m▄[0m              [38;2;41;91;99m[48;2;36;50;46m▀[0m[38;2;97;241;134m[48;2;125;245;158m▀[0m[38;2;206;230;194m[48;2;81;124;81m▀[0m[38;2;205;224;191m[48;2;106;119;102m▀[0m[38;2;83;157;156m[48;2;204;225;193m▀[0m[38;2;100;129;125m[48;2;63;144;121m▀[0m[38;2;40;50;48m▀[0m    
          [38;2;201;211;180m▄[0m[38;2;180;186;159m▄[0m  [38;2;219;229;195m▀[0m[38;2;96;100;85m[48;2;219;229;195m▀[0m[38;2;1;3;3m▄[0m [38;2;134;138;118m▄[0m       [38;2;179;198;168m▀[0m[38;2;148;161;138m[48;2;25;27;25m▀[0m[38;2;129;142;124m[48;2;123;133;119m▀[0m[38;2;49;151;151m[48;2;41;141;140m▀[0m[38;2;104;249;142m[48;2;65;114;77m▀[0m[38;2;61;132;102m[48;2;50;137;141m▀[0m[38;2;203;226;192m[48;2;217;236;200m▀[0m[38;2;37;81;80m[48;2;209;106;112m▀[0m[38;2;162;176;151m[48;2;94;110;100m▀[0m     
           [38;2;212;224;191m▀[0m[38;2;214;225;193m[48;2;214;225;192m▀[0m[38;2;213;224;191m▄[0m[38;2;177;191;162m▄[0m[38;2;213;231;196m▀[0m[38;2;220;229;195m[48;2;212;231;195m▀[0m[38;2;208;226;193m▄[0m[38;2;162;179;159m▀[0m[38;2;171;188;166m▄[0m     [38;2;197;220;186m[48;2;136;150;132m▀[0m[38;2;100;112;95m[48;2;118;130;117m▀[0m[38;2;118;130;117m▄[0m[38;2;38;40;44m[48;2;46;143;143m▀[0m[38;2;105;179;169m[48;2;110;240;143m▀[0m[38;2;47;142;143m[48;2;46;116;126m▀[0m[38;2;47;119;133m[48;2;23;55;59m▀[0m[38;2;223;241;204m▀[0m       
         [38;2;221;231;197m▄[0m[38;2;37;39;34m▄[0m  [38;2;219;230;196m▀[0m[38;2;212;231;195m[48;2;206;224;191m▀[0m[38;2;194;213;193m[48;2;211;230;195m▀[0m[38;2;104;114;96m[48;2;77;84;72m▀[0m[38;2;207;226;192m[48;2;211;230;196m▀[0m[38;2;111;121;104m[48;2;203;222;190m▀[0m[38;2;162;179;158m[48;2;167;183;162m▀[0m[38;2;13;15;13m▄[0m [38;2;107;109;93m▀[0m[38;2;13;13;11m▄[0m[38;2;223;237;202m▄[0m[38;2;122;132;119m▄[0m[38;2;123;133;120m▄[0m[38;2;121;128;128m[48;2;46;143;143m▀[0m[38;2;91;161;158m[48;2;117;251;148m▀[0m[38;2;47;144;146m[48;2;45;93;109m▀[0m[38;2;48;114;130m[48;2;46;129;138m▀[0m         
          [38;2;224;235;207m▀[0m[38;2;214;224;190m▀[0m[38;2;212;226;192m[48;2;206;225;192m▀[0m[38;2;103;111;95m[48;2;204;223;190m▀[0m[38;2;206;225;191m[48;2;212;230;195m▀[0m[38;2;159;174;150m[48;2;211;229;195m▀[0m[38;2;204;223;190m[48;2;209;228;194m▀[0m[38;2;215;237;203m[48;2;212;230;195m▀[0m[38;2;212;230;194m[48;2;182;199;170m▀[0m[38;2;158;173;151m[48;2;132;134;127m▀[0m[38;2;50;54;48m[48;2;129;140;125m▀[0m[38;2;172;186;158m[48;2;124;134;119m▀[0m   [38;2;214;229;195m[48;2;48;124;117m▀[0m[38;2;33;98;97m[48;2;238;247;211m▀[0m[38;2;79;156;155m[48;2;213;234;202m▀[0m[38;2;47;133;139m[48;2;43;81;100m▀[0m[38;2;44;83;103m[48;2;46;71;83m▀[0m[38;2;47;138;144m[48;2;5;6;5m▀[0m[38;2;53;64;55m▀[0m        
              [38;2;87;96;82m▀[0m[38;2;203;222;190m▀[0m[38;2;83;90;76m[48;2;127;135;116m▀[0m[38;2;185;204;175m[48;2;186;204;176m▀[0m[38;2;143;156;137m[48;2;170;244;156m▀[0m[38;2;129;141;125m[48;2;106;165;144m▀[0m[38;2;121;129;117m[48;2;99;162;161m▀[0m[38;2;91;98;89m[48;2;76;154;154m▀[0m[38;2;25;80;81m[48;2;78;156;155m▀[0m[38;2;46;143;143m[48;2;66;151;150m▀[0m[38;2;52;146;145m[48;2;46;143;143m▀[0m[38;2;47;121;134m[48;2;46;143;143m▀[0m[38;2;55;102;108m[48;2;47;119;134m▀[0m[38;2;74;78;66m[48;2;204;227;204m▀[0m[38;2;210;229;193m[48;2;186;201;171m▀[0m[38;2;212;231;195m[48;2;212;231;195m▀[0m[38;2;151;163;139m[48;2;125;134;120m▀[0m[38;2;9;13;9m▀[0m        
    [38;2;126;237;151m▄[0m[38;2;84;137;137m▄[0m        [38;2;44;83;103m▄[0m[38;2;48;149;149m▄[0m[38;2;49;145;145m[48;2;50;145;143m▀[0m[38;2;98;163;161m[48;2;80;114;94m▀[0m[38;2;138;236;156m[48;2;152;236;168m▀[0m[38;2;98;163;161m[48;2;87;152;153m▀[0m[38;2;98;162;160m[48;2;78;155;151m▀[0m[38;2;94;162;160m[48;2;50;145;145m▀[0m[38;2;51;145;144m[48;2;46;141;141m▀[0m[38;2;46;143;143m[48;2;46;143;143m▀[0m[38;2;46;143;143m[48;2;46;132;130m▀[0m[38;2;46;143;143m[48;2;242;249;222m▀[0m[38;2;46;134;137m[48;2;222;235;200m▀[0m[38;2;160;176;156m[48;2;162;165;141m▀[0m[38;2;172;195;169m[48;2;130;143;129m▀[0m[38;2;206;225;191m[48;2;125;135;120m▀[0m[38;2;54;66;87m[48;2;38;50;89m▀[0m[38;2;156;187;173m[48;2;59;76;93m▀[0m        
     [38;2;86;215;134m▀[0m[38;2;58;110;113m[48;2;47;119;133m▀[0m[38;2;74;154;153m[48;2;27;61;52m▀[0m[38;2;46;143;143m[48;2;96;179;119m▀[0m[38;2;46;143;143m[48;2;40;123;121m▀[0m[38;2;41;117;118m[48;2;40;97;102m▀[0m[38;2;40;102;105m[48;2;39;93;101m▀[0m[38;2;39;96;100m[48;2;62;101;82m▀[0m[38;2;38;95;101m[48;2;37;62;56m▀[0m[38;2;22;39;48m[48;2;49;142;142m▀[0m[38;2;46;143;143m[48;2;46;142;140m▀[0m[38;2;48;147;147m[48;2;44;141;141m▀[0m[38;2;104;184;149m[48;2;47;136;139m▀[0m[38;2;57;119;98m[48;2;47;138;141m▀[0m[38;2;119;240;149m[48;2;48;137;140m▀[0m[38;2;46;142;143m[48;2;48;134;142m▀[0m[38;2;46;143;143m[48;2;19;43;50m▀[0m[38;2;46;143;143m[48;2;66;151;149m▀[0m[38;2;46;139;140m[48;2;28;71;64m▀[0m[38;2;148;240;183m[48;2;47;133;138m▀[0m[38;2;41;101;107m[48;2;47;106;123m▀[0m[38;2;42;90;101m[48;2;38;71;82m▀[0m[38;2;123;132;119m[48;2;159;174;154m▀[0m[38;2;120;132;118m[48;2;159;177;157m▀[0m[38;2;133;147;131m[48;2;30;47;69m▀[0m[38;2;37;53;54m[48;2;24;69;58m▀[0m         
       [38;2;46;146;146m▀[0m[38;2;46;139;142m▀[0m[38;2;44;118;126m[48;2;0;0;0m▀[0m[38;2;44;83;103m[48;2;44;133;134m▀[0m[38;2;44;83;103m[48;2;44;89;107m▀[0m[38;2;44;83;103m[48;2;44;137;137m▀[0m[38;2;45;142;142m[48;2;97;163;161m▀[0m[38;2;62;149;148m[48;2;124;240;155m▀[0m[38;2;26;60;42m[48;2;46;134;140m▀[0m[38;2;47;132;137m[48;2;47;119;133m▀[0m[38;2;47;112;129m[48;2;48;115;131m▀[0m[38;2;48;110;127m[48;2;43;89;102m▀[0m[38;2;48;107;124m[48;2;39;77;90m▀[0m[38;2;44;87;106m[48;2;15;32;48m▀[0m[38;2;46;145;144m[48;2;47;143;142m▀[0m[38;2;75;155;153m[48;2;116;244;170m▀[0m[38;2;49;144;142m[48;2;46;134;139m▀[0m[38;2;48;118;133m[48;2;46;129;138m▀[0m[38;2;32;83;88m[48;2;170;186;164m▀[0m[38;2;163;180;159m[48;2;116;129;114m▀[0m[38;2;144;160;142m[48;2;28;32;26m▀[0m[38;2;30;42;59m[48;2;29;55;87m▀[0m[38;2;29;55;86m[48;2;32;64;90m▀[0m[38;2;29;54;86m[48;2;36;70;93m▀[0m[38;2;3;6;12m[48;2;33;83;67m▀[0m        
            [38;2;52;146;144m[48;2;42;121;111m▀[0m[38;2;97;244;133m[48;2;27;43;38m▀[0m[38;2;47;109;90m[48;2;46;75;65m▀[0m[38;2;48;118;133m▀[0m[38;2;34;63;81m▀[0m   [38;2;47;149;149m[48;2;48;143;141m▀[0m[38;2;106;177;176m[48;2;142;240;164m▀[0m[38;2;37;114;113m[48;2;38;111;105m▀[0m[38;2;47;119;133m[48;2;44;82;102m▀[0m[38;2;20;42;56m▄[0m    [38;2;40;74;97m[48;2;49;102;118m▀[0m[38;2;44;83;103m[48;2;47;119;133m▀[0m[38;2;44;98;66m[48;2;29;75;74m▀[0m[38;2;40;93;100m[48;2;29;67;71m▀[0m       
           [38;2;213;231;195m[48;2;207;225;190m▀[0m[38;2;40;105;109m[48;2;39;97;100m▀[0m[38;2;39;96;101m[48;2;39;96;100m▀[0m[38;2;46;49;41m[48;2;118;128;115m▀[0m    [38;2;68;74;64m[48;2;215;230;194m▀[0m[38;2;162;168;148m[48;2;65;109;107m▀[0m[38;2;80;152;119m[48;2;40;94;100m▀[0m[38;2;44;55;51m[48;2;117;127;114m▀[0m[38;2;23;40;63m[48;2;14;17;18m▀[0m[38;2;19;42;66m[48;2;29;57;88m▀[0m    [38;2;97;104;94m[48;2;131;144;125m▀[0m[38;2;50;119;127m[48;2;164;180;159m▀[0m[38;2;52;122;132m[48;2;90;100;96m▀[0m[38;2;49;120;136m[48;2;47;119;133m▀[0m       
          [38;2;41;101;105m▄[0m[38;2;100;107;92m[48;2;106;113;97m▀[0m[38;2;39;97;100m[48;2;128;138;118m▀[0m[38;2;39;98;101m[48;2;16;36;35m▀[0m     [38;2;52;144;137m[48;2;67;74;72m▀[0m[38;2;50;145;145m[48;2;43;124;125m▀[0m[38;2;46;143;143m[48;2;46;143;143m▀[0m[38;2;115;124;112m[48;2;31;54;66m▀[0m[38;2;75;93;88m[48;2;72;89;85m▀[0m[38;2;72;91;87m[48;2;71;87;83m▀[0m[38;2;74;94;87m▄[0m    [38;2;46;126;136m[48;2;46;124;134m▀[0m[38;2;159;174;154m[48;2;163;179;161m▀[0m[38;2;48;121;136m[48;2;47;99;118m▀[0m[38;2;79;86;77m[48;2;130;140;126m▀[0m      
          [38;2;131;143;114m[48;2;211;227;193m▀[0m[38;2;42;89;104m▀[0m[38;2;211;230;194m[48;2;215;234;198m▀[0m[38;2;116;126;115m▀[0m     [38;2;207;226;194m[48;2;223;241;205m▀[0m[38;2;41;106;109m[48;2;39;97;100m▀[0m[38;2;46;146;146m[48;2;39;111;113m▀[0m[38;2;107;117;99m[48;2;207;227;194m▀[0m  [38;2;61;68;58m▀[0m    [38;2;0;0;0m▀[0m[38;2;46;62;58m▀[0m[38;2;162;178;157m[48;2;165;181;160m▀[0m[38;2;140;152;135m[48;2;91;97;86m▀[0m[38;2;160;175;152m[48;2;10;11;10m▀[0m     
                   [38;2;202;217;185m[48;2;223;232;198m▀[0m[38;2;42;108;111m▀[0m[38;2;27;58;60m▀[0m[38;2;212;231;195m▀[0m                 
                                        
