                                        
                                        
                                        
                                        
               [38;2;199;199;197m▄[0m[38;2;187;187;186m▄[0m[38;2;183;183;184m▄[0m[38;2;69;68;68m▄[0m       [38;2;70;41;25m▄[0m             
            [38;2;208;207;199m▄[0m[38;2;215;214;205m[48;2;202;201;188m▀[0m[38;2;205;203;195m[48;2;172;175;175m▀[0m[38;2;200;199;191m[48;2;196;195;185m▀[0m[38;2;198;196;187m[48;2;197;195;186m▀[0m[38;2;183;183;185m[48;2;181;181;183m▀[0m[38;2;147;145;145m[48;2;146;143;145m▀[0m[38;2;124;62;41m[48;2;125;62;41m▀[0m[38;2;123;61;40m[48;2;124;62;41m▀[0m[38;2;140;75;48m[48;2;142;77;47m▀[0m[38;2;60;34;21m[48;2;251;154;65m▀[0m[38;2;122;70;44m[48;2;217;133;58m▀[0m[38;2;140;83;57m[48;2;128;71;44m▀[0m[38;2;140;83;58m[48;2;125;66;42m▀[0m[38;2;135;77;49m[48;2;124;62;40m▀[0m[38;2;98;49;30m[48;2;101;51;32m▀[0m            
         [38;2;210;208;199m[48;2;169;170;173m▀[0m[38;2;182;183;184m[48;2;177;178;181m▀[0m[38;2;183;185;183m[48;2;203;202;196m▀[0m[38;2;176;178;178m[48;2;52;51;51m▀[0m[38;2;186;187;186m[48;2;73;73;72m▀[0m[38;2;111;110;103m[48;2;196;196;189m▀[0m[38;2;200;198;191m[48;2;182;183;184m▀[0m[38;2;187;187;186m[48;2;176;178;177m▀[0m[38;2;124;125;126m[48;2;170;172;172m▀[0m[38;2;177;178;181m[48;2;170;172;171m▀[0m[38;2;179;182;185m[48;2;185;185;185m▀[0m[38;2;136;72;45m[48;2;205;203;194m▀[0m[38;2;238;150;61m[48;2;205;203;194m▀[0m[38;2;175;111;62m[48;2;141;87;61m▀[0m[38;2;177;180;179m[48;2;74;66;62m▀[0m[38;2;169;171;170m[48;2;178;180;183m▀[0m[38;2;140;87;63m[48;2;133;131;132m▀[0m[38;2;182;184;187m[48;2;204;127;58m▀[0m[38;2;99;50;31m[48;2;195;112;51m▀[0m[38;2;105;51;32m▄[0m           
           [38;2;177;178;180m[48;2;88;88;87m▀[0m[38;2;199;198;191m[48;2;152;152;153m▀[0m[38;2;200;198;191m[48;2;163;163;165m▀[0m[38;2;191;192;188m[48;2;149;148;150m▀[0m[38;2;177;178;181m[48;2;144;142;142m▀[0m[38;2;90;88;89m[48;2;126;58;19m▀[0m[38;2;140;138;139m[48;2;227;111;45m▀[0m[38;2;148;147;148m[48;2;171;172;175m▀[0m[38;2;153;153;155m[48;2;45;34;27m▀[0m[38;2;148;147;146m[48;2;122;61;39m▀[0m[38;2;145;142;144m[48;2;197;114;51m▀[0m[38;2;135;77;49m[48;2;247;146;63m▀[0m[38;2;136;77;50m[48;2;242;140;55m▀[0m[38;2;143;89;65m[48;2;123;64;40m▀[0m[38;2;141;84;59m[48;2;124;62;41m▀[0m[38;2;194;117;54m[48;2;106;53;34m▀[0m[38;2;250;143;62m[48;2;96;48;30m▀[0m[38;2;97;49;31m[48;2;97;49;31m▀[0m           
        [38;2;184;185;182m▄[0m[38;2;122;61;40m▄[0m[38;2;22;11;7m[48;2;83;84;86m▀[0m[38;2;199;101;49m[48;2;173;171;165m▀[0m[38;2;151;148;149m[48;2;200;198;191m▀[0m[38;2;144;142;143m[48;2;204;202;195m▀[0m[38;2;84;83;83m[48;2;200;198;191m▀[0m[38;2;248;217;198m[48;2;186;186;185m▀[0m[38;2;168;87;49m[48;2;182;181;177m▀[0m[38;2;158;164;169m[48;2;177;178;181m▀[0m[38;2;126;127;128m[48;2;203;202;193m▀[0m[38;2;47;18;5m[48;2;179;179;182m▀[0m[38;2;124;62;41m[48;2;97;49;31m▀[0m[38;2;175;100;52m[48;2;125;65;41m▀[0m[38;2;210;122;51m[48;2;124;62;41m▀[0m[38;2;121;60;40m[48;2;97;48;30m▀[0m[38;2;112;56;37m[48;2;105;53;34m▀[0m[38;2;106;53;34m[48;2;97;49;31m▀[0m[38;2;97;49;31m[48;2;98;49;31m▀[0m[38;2;125;62;41m[48;2;101;51;32m▀[0m[38;2;125;62;41m[48;2;122;62;40m▀[0m[38;2;174;175;177m[48;2;124;62;40m▀[0m[38;2;178;179;181m[48;2;222;128;51m▀[0m[38;2;141;139;141m[48;2;124;62;41m▀[0m[38;2;121;60;39m▄[0m       
      [38;2;132;72;46m▄[0m[38;2;236;146;61m[48;2;124;63;41m▀[0m[38;2;241;140;55m[48;2;114;56;37m▀[0m[38;2;121;61;39m[48;2;98;49;31m▀[0m[38;2;169;170;173m[48;2;45;44;44m▀[0m[38;2;190;190;185m[48;2;157;157;160m▀[0m[38;2;114;113;109m[48;2;137;135;136m▀[0m[38;2;192;192;188m[48;2;177;178;181m▀[0m[38;2;176;178;180m[48;2;177;177;180m▀[0m[38;2;188;189;192m[48;2;73;71;71m▀[0m[38;2;190;190;186m[48;2;159;159;162m▀[0m[38;2;68;67;68m[48;2;91;90;90m▀[0m[38;2;156;156;159m[48;2;73;71;71m▀[0m[38;2;160;160;164m[48;2;54;53;53m▀[0m[38;2;97;49;31m[48;2;97;49;31m▀[0m[38;2;125;63;41m[48;2;64;33;20m▀[0m[38;2;124;62;41m[48;2;125;64;41m▀[0m[38;2;195;193;189m[48;2;104;50;30m▀[0m[38;2;191;191;191m[48;2;145;142;143m▀[0m[38;2;98;49;31m[48;2;41;23;12m▀[0m[38;2;83;43;25m[48;2;54;28;13m▀[0m[38;2;68;36;20m[48;2;58;60;64m▀[0m [38;2;131;65;42m[48;2;25;32;34m▀[0m[38;2;247;146;63m[48;2;123;62;40m▀[0m[38;2;124;62;41m[48;2;169;170;173m▀[0m[38;2;89;41;24m[48;2;171;172;174m▀[0m[38;2;205;203;194m[48;2;177;178;181m▀[0m[38;2;13;13;13m[48;2;165;165;168m▀[0m     
    [38;2;177;178;181m▄[0m[38;2;157;164;168m[48;2;206;204;194m▀[0m[38;2;124;62;41m[48;2;124;126;128m▀[0m[38;2;201;199;192m[48;2;162;162;165m▀[0m[38;2;153;149;151m[48;2;145;142;143m▀[0m[38;2;145;142;144m[48;2;145;142;143m▀[0m [38;2;3;3;3m▀[0m[38;2;78;75;76m▀[0m[38;2;73;71;71m[48;2;56;57;60m▀[0m[38;2;153;150;152m[48;2;60;60;63m▀[0m[38;2;72;71;71m[48;2;63;63;66m▀[0m[38;2;69;68;67m[48;2;63;62;64m▀[0m[38;2;41;40;38m[48;2;59;59;62m▀[0m[38;2;71;69;69m[48;2;59;59;62m▀[0m[38;2;63;63;63m[48;2;51;52;56m▀[0m[38;2;58;58;61m[48;2;51;52;56m▀[0m[38;2;58;58;61m[48;2;50;52;56m▀[0m[38;2;124;62;41m[48;2;126;62;41m▀[0m[38;2;124;62;41m[48;2;131;71;44m▀[0m[38;2;122;60;40m[48;2;105;50;30m▀[0m[38;2;247;146;63m[48;2;194;112;53m▀[0m[38;2;125;62;41m[48;2;100;49;31m▀[0m[38;2;144;142;143m▄[0m [38;2;99;104;111m▀[0m[38;2;126;128;132m[48;2;109;114;122m▀[0m[38;2;122;121;120m[48;2;94;103;112m▀[0m[38;2;157;157;156m[48;2;128;140;153m▀[0m[38;2;130;130;136m[48;2;101;107;115m▀[0m[38;2;110;116;127m[48;2;102;108;116m▀[0m[38;2;104;110;118m[48;2;20;14;9m▀[0m    
   [38;2;38;25;19m▄[0m[38;2;145;142;144m[48;2;145;142;143m▀[0m[38;2;144;141;142m[48;2;142;138;138m▀[0m[38;2;144;141;142m[48;2;151;149;149m▀[0m[38;2;149;147;148m[48;2;142;140;139m▀[0m[38;2;150;148;150m[48;2;148;146;148m▀[0m[38;2;145;142;143m[48;2;55;30;19m▀[0m[38;2;47;49;53m▄[0m   [38;2;65;34;18m[48;2;91;96;102m▀[0m[38;2;52;53;58m▀[0m[38;2;51;53;57m▀[0m[38;2;51;53;57m▀[0m[38;2;51;52;56m▀[0m[38;2;49;50;54m▀[0m[38;2;50;52;56m▀[0m[38;2;31;32;31m▀[0m[38;2;187;186;178m[48;2;205;204;195m▀[0m[38;2;118;69;45m[48;2;197;195;189m▀[0m[38;2;199;197;191m[48;2;175;177;180m▀[0m[38;2;54;21;11m[48;2;151;151;152m▀[0m[38;2;94;47;29m[48;2;169;172;173m▀[0m[38;2;140;139;139m[48;2;170;172;172m▀[0m [38;2;107;114;124m▄[0m[38;2;110;119;129m[48;2;66;36;20m▀[0m[38;2;72;40;22m[48;2;65;35;20m▀[0m[38;2;99;105;113m[48;2;63;35;19m▀[0m[38;2;64;35;19m[48;2;64;35;19m▀[0m[38;2;222;123;48m[48;2;172;100;52m▀[0m[38;2;218;121;50m[48;2;59;32;18m▀[0m[38;2;66;36;20m[48;2;99;104;111m▀[0m[38;2;104;110;119m▄[0m  
  [38;2;115;116;117m▀[0m[38;2;96;48;30m[48;2;205;203;194m▀[0m[38;2;125;62;41m[48;2;182;183;183m▀[0m[38;2;247;142;62m[48;2;189;109;51m▀[0m[38;2;248;143;62m[48;2;161;93;52m▀[0m[38;2;113;114;115m[48;2;97;49;31m▀[0m[38;2;98;49;31m[48;2;97;46;27m▀[0m[38;2;46;27;19m[48;2;145;143;144m▀[0m[38;2;156;155;158m▄[0m           [38;2;206;203;194m[48;2;176;177;177m▀[0m[38;2;177;178;181m[48;2;169;171;172m▀[0m[38;2;154;151;153m[48;2;178;179;182m▀[0m[38;2;59;59;59m[48;2;174;176;178m▀[0m[38;2;177;178;181m[48;2;90;91;92m▀[0m[38;2;157;158;160m[48;2;178;179;181m▀[0m[38;2;105;53;33m[48;2;95;47;29m▀[0m [38;2;65;36;20m▀[0m[38;2;102;108;116m[48;2;106;110;115m▀[0m[38;2;102;108;116m[48;2;101;107;115m▀[0m[38;2;66;36;20m▀[0m[38;2;66;36;20m▀[0m[38;2;65;36;21m▀[0m[38;2;78;82;87m▀[0m[38;2;97;103;109m▀[0m  
  [38;2;201;200;195m▀[0m[38;2;198;196;186m▀[0m                [38;2;79;78;76m▄[0m[38;2;108;59;32m[48;2;125;62;41m▀[0m[38;2;147;144;146m[48;2;198;115;51m▀[0m[38;2;142;139;138m[48;2;124;62;41m▀[0m[38;2;142;139;137m[48;2;100;50;32m▀[0m[38;2;96;46;28m[48;2;98;49;31m▀[0m[38;2;40;24;17m[48;2;98;49;31m▀[0m[38;2;100;49;30m[48;2;99;49;31m▀[0m[38;2;126;127;129m[48;2;113;114;115m▀[0m[38;2;170;172;172m[48;2;151;149;151m▀[0m[38;2;171;173;174m[48;2;152;150;152m▀[0m         
                      [38;2;120;61;39m▀[0m[38;2;205;203;194m[48;2;206;204;194m▀[0m[38;2;203;201;189m[48;2;196;195;189m▀[0m[38;2;153;150;152m▀[0m[38;2;97;48;30m▀[0m             
                       [38;2;151;149;152m▀[0m[38;2;149;147;148m▀[0m               
                                        
                                        
                                        
                                        
