                                        
                                        
                                        
                                        
               [38;2;57;90;70m▄[0m[38;2;49;112;76m▄[0m[38;2;59;53;33m▄[0m[38;2;249;223;149m[48;2;195;166;93m▀[0m[38;2;206;175;97m[48;2;195;168;94m▀[0m[38;2;207;177;97m[48;2;195;168;94m▀[0m[38;2;129;111;60m[48;2;74;140;93m▀[0m[38;2;72;164;113m[48;2;76;172;117m▀[0m[38;2;90;184;132m[48;2;73;140;93m▀[0m[38;2;18;42;26m[48;2;252;233;145m▀[0m[38;2;155;141;94m[48;2;197;170;95m▀[0m[38;2;235;205;122m[48;2;196;168;94m▀[0m[38;2;207;177;98m▄[0m            
           [38;2;250;223;147m▄[0m[38;2;208;177;98m[48;2;195;166;93m▀[0m[38;2;229;196;109m[48;2;193;165;92m▀[0m[38;2;75;178;121m[48;2;74;141;95m▀[0m[38;2;73;138;95m[48;2;47;41;44m▀[0m[38;2;20;19;18m[48;2;246;220;146m▀[0m[38;2;193;165;93m[48;2;192;164;92m▀[0m[38;2;196;167;93m[48;2;201;172;96m▀[0m[38;2;203;174;97m[48;2;209;178;99m▀[0m[38;2;213;182;100m[48;2;231;232;238m▀[0m[38;2;154;148;155m[48;2;111;109;105m▀[0m[38;2;51;50;49m[48;2;232;233;238m▀[0m[38;2;74;145;96m[48;2;232;200;106m▀[0m[38;2;244;213;125m[48;2;191;163;92m▀[0m[38;2;192;163;92m[48;2;192;163;92m▀[0m[38;2;191;162;91m[48;2;192;165;92m▀[0m[38;2;192;164;92m[48;2;109;110;116m▀[0m[38;2;108;93;52m[48;2;193;164;92m▀[0m           
           [38;2;160;137;77m[48;2;191;162;92m▀[0m[38;2;192;164;93m[48;2;202;172;96m▀[0m[38;2;203;172;96m[48;2;207;177;99m▀[0m[38;2;75;75;73m[48;2;231;233;238m▀[0m[38;2;208;207;211m[48;2;231;232;238m▀[0m[38;2;243;214;127m[48;2;246;211;113m▀[0m[38;2;192;163;92m[48;2;195;165;93m▀[0m[38;2;208;178;99m[48;2;211;180;100m▀[0m[38;2;155;157;165m[48;2;233;234;241m▀[0m[38;2;231;232;237m[48;2;239;241;247m▀[0m[38;2;232;234;240m[48;2;226;85;70m▀[0m[38;2;234;235;241m[48;2;233;235;241m▀[0m[38;2;247;211;113m[48;2;246;211;113m▀[0m[38;2;191;164;92m[48;2;193;165;93m▀[0m[38;2;191;164;91m[48;2;194;165;93m▀[0m[38;2;194;165;93m[48;2;193;191;195m▀[0m[38;2;183;180;184m[48;2;31;30;28m▀[0m[38;2;45;43;43m[48;2;45;42;42m▀[0m[38;2;45;43;42m[48;2;228;229;234m▀[0m[38;2;235;236;237m▄[0m         
           [38;2;191;164;91m[48;2;235;202;109m▀[0m[38;2;203;172;96m[48;2;212;181;100m▀[0m[38;2;188;159;81m[48;2;144;122;61m▀[0m[38;2;189;69;53m[48;2;228;87;68m▀[0m[38;2;109;81;77m[48;2;134;78;69m▀[0m[38;2;244;210;112m[48;2;251;216;115m▀[0m[38;2;195;167;93m[48;2;197;169;94m▀[0m[38;2;211;180;100m[48;2;214;184;101m▀[0m[38;2;235;237;242m[48;2;238;241;249m▀[0m[38;2;73;51;47m[48;2;238;240;249m▀[0m[38;2;225;89;72m[48;2;238;240;249m▀[0m[38;2;236;238;245m[48;2;238;240;247m▀[0m[38;2;248;213;113m[48;2;191;171;89m▀[0m[38;2;195;168;93m[48;2;193;165;92m▀[0m[38;2;196;166;93m[48;2;191;164;92m▀[0m[38;2;185;182;186m[48;2;214;184;100m▀[0m[38;2;22;21;20m[48;2;184;183;185m▀[0m[38;2;209;209;213m[48;2;231;233;239m▀[0m[38;2;101;101;103m[48;2;55;54;54m▀[0m[38;2;53;52;52m[48;2;200;201;203m▀[0m[38;2;229;230;235m[48;2;231;231;237m▀[0m[38;2;232;233;238m▄[0m[38;2;77;77;79m▄[0m      
          [38;2;117;114;111m▄[0m[38;2;254;224;120m[48;2;37;38;37m▀[0m[38;2;210;179;99m[48;2;131;112;63m▀[0m[38;2;206;174;89m[48;2;211;180;99m▀[0m[38;2;237;238;245m[48;2;232;233;235m▀[0m[38;2;242;243;249m[48;2;183;226;225m▀[0m[38;2;165;166;169m[48;2;232;233;239m▀[0m[38;2;216;185;101m[48;2;245;218;136m▀[0m[38;2;210;179;99m[48;2;209;180;99m▀[0m[38;2;232;233;238m[48;2;232;233;238m▀[0m[38;2;26;105;101m[48;2;202;198;202m▀[0m[38;2;56;174;168m[48;2;62;146;141m▀[0m[38;2;231;231;237m[48;2;236;239;245m▀[0m[38;2;182;181;184m[48;2;186;183;186m▀[0m[38;2;192;164;91m[48;2;98;84;47m▀[0m[38;2;192;163;91m[48;2;195;168;93m▀[0m[38;2;210;179;99m[48;2;211;180;99m▀[0m[38;2;211;180;100m▀[0m[38;2;70;70;71m▀[0m[38;2;249;249;253m▀[0m[38;2;43;40;39m[48;2;215;216;220m▀[0m[38;2;233;234;240m[48;2;233;235;240m▀[0m[38;2;224;225;228m[48;2;53;52;51m▀[0m[38;2;231;233;238m[48;2;47;46;45m▀[0m[38;2;57;56;56m▄[0m     
        [38;2;111;109;106m▄[0m[38;2;111;107;104m▄[0m[38;2;234;234;240m[48;2;251;250;251m▀[0m[38;2;43;41;41m[48;2;4;4;4m▀[0m[38;2;183;180;184m[48;2;2;2;2m▀[0m[38;2;143;123;68m▀[0m[38;2;235;236;242m[48;2;102;102;103m▀[0m[38;2;236;237;243m[48;2;120;121;122m▀[0m[38;2;235;236;242m[48;2;140;138;140m▀[0m[38;2;250;220;134m[48;2;253;226;141m▀[0m[38;2;213;183;100m[48;2;222;189;104m▀[0m[38;2;236;237;244m[48;2;234;237;242m▀[0m[38;2;242;243;249m[48;2;159;159;162m▀[0m[38;2;170;169;172m[48;2;139;136;138m▀[0m[38;2;196;196;200m[48;2;183;182;185m▀[0m[38;2;80;79;79m[48;2;31;30;28m▀[0m[38;2;44;42;41m[48;2;30;30;28m▀[0m[38;2;185;183;186m[48;2;51;50;50m▀[0m     [38;2;84;85;85m[48;2;45;44;43m▀[0m[38;2;30;29;29m[48;2;237;239;247m▀[0m[38;2;233;235;240m[48;2;160;164;176m▀[0m[38;2;233;235;241m[48;2;116;120;128m▀[0m     
   [38;2;250;225;147m▄[0m[38;2;250;222;139m▄[0m[38;2;249;216;115m▄[0m[38;2;248;218;129m▄[0m[38;2;223;225;228m[48;2;123;108;59m▀[0m[38;2;238;241;249m[48;2;235;237;244m▀[0m[38;2;239;241;249m[48;2;56;55;55m▀[0m[38;2;18;18;19m[48;2;187;185;188m▀[0m[38;2;187;184;187m[48;2;197;195;198m▀[0m  [38;2;41;40;39m▀[0m[38;2;227;227;233m[48;2;170;167;171m▀[0m[38;2;238;238;244m[48;2;188;185;189m▀[0m[38;2;212;213;220m[48;2;200;199;202m▀[0m[38;2;200;201;203m[48;2;189;186;190m▀[0m[38;2;190;188;192m[48;2;185;183;186m▀[0m[38;2;186;184;188m[48;2;184;182;185m▀[0m[38;2;186;184;187m[48;2;183;181;185m▀[0m[38;2;185;183;186m[48;2;183;180;184m▀[0m[38;2;14;14;12m[48;2;183;180;184m▀[0m[38;2;197;194;198m[48;2;184;182;185m▀[0m[38;2;1;1;3m▄[0m    [38;2;248;219;134m▄[0m[38;2;249;223;147m[48;2;243;209;112m▀[0m[38;2;248;216;123m[48;2;184;163;92m▀[0m[38;2;247;212;113m[48;2;132;124;72m▀[0m[38;2;250;215;114m[48;2;132;125;72m▀[0m[38;2;250;215;115m[48;2;130;124;72m▀[0m[38;2;250;215;114m[48;2;211;182;100m▀[0m[38;2;248;213;113m▄[0m  
  [38;2;253;220;118m[48;2;237;203;109m▀[0m[38;2;247;213;114m[48;2;21;22;21m▀[0m[38;2;240;206;110m[48;2;33;34;36m▀[0m[38;2;245;211;112m[48;2;139;132;74m▀[0m[38;2;244;210;113m[48;2;210;179;99m▀[0m[38;2;248;213;114m[48;2;247;212;113m▀[0m[38;2;252;222;130m[48;2;247;214;117m▀[0m[38;2;73;72;72m[48;2;101;101;106m▀[0m[38;2;46;44;44m[48;2;44;43;42m▀[0m  [38;2;89;88;85m▄[0m[38;2;237;238;245m[48;2;83;83;81m▀[0m[38;2;238;240;248m[48;2;241;242;246m▀[0m[38;2;235;237;243m[48;2;232;234;239m▀[0m[38;2;121;119;121m[48;2;234;235;241m▀[0m[38;2;183;180;184m[48;2;185;182;186m▀[0m[38;2;182;180;184m[48;2;182;180;184m▀[0m[38;2;183;181;184m[48;2;183;180;183m▀[0m[38;2;187;185;188m[48;2;183;180;183m▀[0m[38;2;186;184;188m[48;2;182;181;183m▀[0m[38;2;184;182;186m[48;2;181;180;183m▀[0m[38;2;181;180;184m[48;2;176;175;180m▀[0m[38;2;175;175;179m[48;2;152;158;168m▀[0m[38;2;134;145;160m▄[0m  [38;2;162;139;75m[48;2;227;204;109m▀[0m[38;2;212;182;101m[48;2;131;123;71m▀[0m[38;2;132;124;72m[48;2;32;34;34m▀[0m[38;2;29;31;32m[48;2;32;34;34m▀[0m[38;2;32;34;34m[48;2;33;35;35m▀[0m[38;2;128;140;155m[48;2;127;138;152m▀[0m[38;2;33;34;34m[48;2;133;144;159m▀[0m[38;2;140;131;74m[48;2;33;34;35m▀[0m[38;2;166;148;84m[48;2;134;126;73m▀[0m  
  [38;2;146;135;77m▀[0m[38;2;33;34;34m[48;2;129;141;155m▀[0m[38;2;127;138;152m[48;2;126;137;152m▀[0m[38;2;32;34;34m[48;2;33;34;34m▀[0m[38;2;32;33;34m[48;2;34;34;35m▀[0m[38;2;212;181;100m[48;2;137;129;74m▀[0m[38;2;244;210;112m[48;2;230;197;106m▀[0m[38;2;244;209;112m[48;2;203;173;96m▀[0m  [38;2;186;186;188m[48;2;179;178;181m▀[0m[38;2;231;232;238m[48;2;183;180;184m▀[0m[38;2;177;178;179m[48;2;232;234;239m▀[0m[38;2;62;62;61m[48;2;230;232;238m▀[0m[38;2;240;241;245m[48;2;142;144;146m▀[0m[38;2;241;243;245m▀[0m[38;2;192;192;196m▀[0m[38;2;189;188;192m▀[0m[38;2;182;180;184m▀[0m[38;2;182;180;183m▀[0m[38;2;178;176;181m▀[0m[38;2;172;172;177m[48;2;83;89;98m▀[0m[38;2;163;166;174m[48;2;33;34;34m▀[0m[38;2;37;39;42m[48;2;33;34;34m▀[0m[38;2;32;34;34m[48;2;162;184;208m▀[0m[38;2;138;151;168m▄[0m  [38;2;91;85;48m▀[0m[38;2;128;139;153m[48;2;206;209;215m▀[0m[38;2;129;141;155m[48;2;181;189;200m▀[0m[38;2;33;34;35m[48;2;29;30;31m▀[0m[38;2;30;32;35m[48;2;23;22;12m▀[0m[38;2;237;238;247m[48;2;235;237;244m▀[0m[38;2;172;173;181m[48;2;185;183;185m▀[0m   
  [38;2;134;144;157m[48;2;233;235;240m▀[0m[38;2;229;233;240m[48;2;234;234;241m▀[0m[38;2;10;12;10m[48;2;124;125;127m▀[0m[38;2;32;34;34m[48;2;33;34;34m▀[0m[38;2;126;137;151m[48;2;149;156;167m▀[0m[38;2;30;32;33m[48;2;22;23;24m▀[0m[38;2;204;174;96m[48;2;193;165;92m▀[0m[38;2;194;165;93m[48;2;17;15;8m▀[0m [38;2;58;69;60m[48;2;76;169;118m▀[0m[38;2;183;180;184m[48;2;184;182;185m▀[0m[38;2;182;180;183m[48;2;81;160;113m▀[0m[38;2;182;180;183m[48;2;77;155;105m▀[0m[38;2;186;183;187m[48;2;73;137;92m▀[0m        [38;2;66;71;77m[48;2;42;76;52m▀[0m[38;2;151;172;194m[48;2;14;19;18m▀[0m[38;2;152;173;195m[48;2;65;116;86m▀[0m[38;2;138;154;171m[48;2;57;101;73m▀[0m[38;2;59;103;74m[48;2;59;104;74m▀[0m  [38;2;242;244;248m▀[0m[38;2;236;238;245m▀[0m  [38;2;154;152;155m▀[0m[38;2;186;183;187m[48;2;163;162;164m▀[0m   
  [38;2;235;237;242m▀[0m[38;2;16;16;15m▀[0m [38;2;234;235;241m[48;2;134;134;135m▀[0m[38;2;236;238;246m▀[0m   [38;2;76;178;121m[48;2;82;195;132m▀[0m[38;2;143;208;167m[48;2;76;169;118m▀[0m[38;2;76;172;118m[48;2;76;178;121m▀[0m[38;2;76;171;117m[48;2;76;156;107m▀[0m[38;2;76;178;121m[48;2;74;150;100m▀[0m[38;2;63;112;78m[48;2;64;112;77m▀[0m[38;2;10;18;12m[48;2;54;96;70m▀[0m       [38;2;50;86;62m[48;2;58;102;73m▀[0m[38;2;61;108;78m[48;2;56;99;71m▀[0m[38;2;60;106;76m[48;2;59;103;74m▀[0m[38;2;59;103;74m[48;2;57;101;72m▀[0m[38;2;59;103;74m[48;2;57;101;72m▀[0m[38;2;59;103;73m[48;2;63;112;81m▀[0m          
          [38;2;63;112;79m[48;2;59;103;74m▀[0m[38;2;74;142;97m[48;2;56;98;70m▀[0m[38;2;64;113;79m[48;2;69;129;88m▀[0m[38;2;60;106;74m[48;2;65;115;80m▀[0m[38;2;66;117;80m[48;2;68;124;85m▀[0m[38;2;56;98;71m[48;2;55;98;70m▀[0m[38;2;60;105;76m[48;2;59;104;76m▀[0m       [38;2;59;104;74m▀[0m[38;2;55;99;71m[48;2;55;98;70m▀[0m[38;2;56;99;71m[48;2;23;40;29m▀[0m[38;2;57;100;71m[48;2;58;102;73m▀[0m[38;2;59;104;73m[48;2;59;103;74m▀[0m[38;2;56;99;72m▀[0m          
                                        
                                        
                                        
                                        
