                                        
                            [38;2;232;205;152m▄[0m[38;2;241;206;150m▄[0m[38;2;232;198;145m[48;2;7;7;5m▀[0m         
                          [38;2;41;35;23m▄[0m[38;2;249;218;162m[48;2;250;217;161m▀[0m[38;2;238;208;156m[48;2;224;190;137m▀[0m[38;2;196;160;116m[48;2;139;127;99m▀[0m          
                         [38;2;83;69;43m▄[0m[38;2;246;212;158m[48;2;247;214;160m▀[0m[38;2;245;212;159m[48;2;248;216;160m▀[0m[38;2;192;158;114m[48;2;194;161;115m▀[0m[38;2;135;126;99m[48;2;87;81;62m▀[0m          
       [38;2;44;88;87m▄[0m                 [38;2;252;219;161m[48;2;246;214;159m▀[0m[38;2;251;217;162m[48;2;241;210;157m▀[0m[38;2;248;212;155m[48;2;235;196;137m▀[0m[38;2;193;159;115m[48;2;189;156;113m▀[0m[38;2;88;182;204m[48;2;85;165;189m▀[0m[38;2;107;181;210m[48;2;125;184;218m▀[0m[38;2;90;183;207m▄[0m        
   [38;2;208;250;243m▄[0m[38;2;206;247;239m[48;2;208;249;242m▀[0m[38;2;207;249;243m[48;2;209;249;241m▀[0m[38;2;207;248;240m[48;2;209;250;241m▀[0m[38;2;207;249;241m[48;2;195;242;236m▀[0m[38;2;208;249;240m[48;2;194;242;237m▀[0m[38;2;207;249;241m[48;2;193;242;236m▀[0m[38;2;207;249;241m[48;2;194;242;238m▀[0m[38;2;207;248;240m[48;2;191;241;233m▀[0m[38;2;199;241;241m▄[0m[38;2;206;247;239m▄[0m           [38;2;242;207;150m[48;2;249;207;145m▀[0m[38;2;241;209;157m[48;2;246;206;146m▀[0m[38;2;224;186;131m[48;2;223;183;130m▀[0m[38;2;134;111;80m[48;2;66;55;40m▀[0m[38;2;82;150;173m[48;2;247;203;140m▀[0m[38;2;81;153;176m[48;2;82;145;166m▀[0m[38;2;79;151;173m[48;2;77;145;168m▀[0m        
   [38;2;210;249;240m[48;2;218;254;248m▀[0m[38;2;209;250;244m[48;2;211;249;242m▀[0m[38;2;210;250;241m[48;2;207;249;241m▀[0m[38;2;195;242;237m[48;2;191;238;233m▀[0m[38;2;192;241;237m[48;2;191;237;232m▀[0m[38;2;191;241;235m[48;2;191;237;233m▀[0m[38;2;191;240;234m[48;2;192;237;232m▀[0m[38;2;190;239;232m[48;2;192;238;233m▀[0m[38;2;191;238;234m[48;2;155;219;228m▀[0m[38;2;191;238;234m[48;2;186;237;228m▀[0m[38;2;191;236;231m[48;2;193;240;235m▀[0m[38;2;192;237;232m[48;2;192;241;234m▀[0m[38;2;206;245;236m[48;2;192;240;235m▀[0m[38;2;206;247;239m▄[0m        [38;2;248;206;140m[48;2;27;23;16m▀[0m[38;2;246;203;140m[48;2;246;204;140m▀[0m[38;2;238;198;137m[48;2;248;205;141m▀[0m[38;2;38;33;23m[48;2;180;136;77m▀[0m[38;2;108;164;181m[48;2;140;107;62m▀[0m[38;2;242;202;139m[48;2;245;206;146m▀[0m[38;2;244;202;139m[48;2;245;213;158m▀[0m[38;2;169;140;101m▄[0m[38;2;36;33;26m▄[0m      
    [38;2;207;244;235m[48;2;216;252;248m▀[0m[38;2;206;245;236m[48;2;208;249;242m▀[0m[38;2;191;238;233m[48;2;199;245;241m▀[0m[38;2;192;240;235m[48;2;194;242;236m▀[0m[38;2;192;240;235m[48;2;195;242;235m▀[0m[38;2;150;215;231m[48;2;145;219;229m▀[0m[38;2;142;216;228m[48;2;142;216;229m▀[0m[38;2;142;216;228m[48;2;142;216;228m▀[0m[38;2;142;215;228m[48;2;143;216;229m▀[0m[38;2;141;216;228m[48;2;142;216;229m▀[0m[38;2;142;216;228m[48;2;141;217;229m▀[0m[38;2;192;240;235m[48;2;143;216;229m▀[0m[38;2;192;239;235m[48;2;140;218;230m▀[0m[38;2;206;244;242m[48;2;182;228;237m▀[0m[38;2;209;244;237m▄[0m       [38;2;243;201;139m[48;2;79;50;93m▀[0m[38;2;244;203;139m[48;2;248;205;141m▀[0m[38;2;192;158;114m[48;2;252;208;143m▀[0m[38;2;193;160;114m▀[0m[38;2;190;157;113m▀[0m[38;2;203;167;119m▀[0m[38;2;221;183;129m▀[0m[38;2;112;91;65m[48;2;57;53;41m▀[0m[38;2;138;129;101m[48;2;35;34;28m▀[0m[38;2;30;29;22m▀[0m    
     [38;2;211;249;242m▀[0m[38;2;212;249;241m[48;2;207;249;239m▀[0m[38;2;192;241;235m[48;2;200;243;237m▀[0m[38;2;191;241;236m[48;2;191;238;233m▀[0m[38;2;141;215;228m[48;2;186;238;230m▀[0m[38;2;142;215;229m[48;2;142;216;228m▀[0m[38;2;142;215;228m[48;2;143;216;229m▀[0m    [38;2;128;218;225m▀[0m[38;2;110;219;216m▀[0m[38;2;177;231;238m[48;2;91;207;196m▀[0m[38;2;226;251;251m[48;2;164;226;223m▀[0m     [38;2;100;58;126m[48;2;113;65;151m▀[0m[38;2;144;144;124m[48;2;205;169;121m▀[0m[38;2;195;162;117m[48;2;85;71;53m▀[0m[38;2;203;167;119m▀[0m[38;2;205;170;122m▀[0m          
       [38;2;211;248;236m▀[0m[38;2;185;224;237m[48;2;209;242;241m▀[0m[38;2;188;226;239m[48;2;174;228;234m▀[0m[38;2;126;217;223m[48;2;176;228;234m▀[0m[38;2;128;218;222m[48;2;109;217;217m▀[0m       [38;2;90;212;201m▀[0m[38;2;166;231;234m[48;2;86;207;194m▀[0m   [38;2;119;68;150m[48;2;110;64;145m▀[0m[38;2;110;64;143m[48;2;112;64;143m▀[0m[38;2;240;199;138m[48;2;241;199;138m▀[0m             
         [38;2;196;233;229m▀[0m[38;2;172;221;228m▀[0m[38;2;170;223;227m[48;2;184;230;230m▀[0m[38;2;92;205;195m[48;2;166;228;227m▀[0m[38;2;91;207;196m▄[0m       [38;2;171;226;220m[48;2;85;199;192m▀[0m[38;2;114;79;137m▄[0m[38;2;110;69;139m[48;2;117;82;139m▀[0m[38;2;109;68;140m[48;2;116;66;151m▀[0m[38;2;51;27;71m[48;2;22;16;41m▀[0m[38;2;243;201;140m[48;2;252;209;143m▀[0m             
            [38;2;32;78;76m▀[0m[38;2;164;228;227m▀[0m[38;2;92;206;194m[48;2;79;127;129m▀[0m[38;2;87;211;200m▄[0m  [38;2;1;4;8m▄[0m[38;2;125;95;140m▄[0m[38;2;123;96;138m▄[0m[38;2;122;84;146m[48;2;123;95;134m▀[0m[38;2;126;94;142m[48;2;121;84;142m▀[0m[38;2;120;77;151m[48;2;117;66;151m▀[0m[38;2;116;66;153m[48;2;115;66;151m▀[0m[38;2;39;50;77m[48;2;181;171;131m▀[0m[38;2;249;206;141m[48;2;250;207;142m▀[0m             
            [38;2;134;105;150m▄[0m[38;2;123;95;136m▄[0m[38;2;123;95;134m▄[0m[38;2;119;93;133m[48;2;122;95;135m▀[0m[38;2;103;121;144m[48;2;122;96;134m▀[0m[38;2;87;170;163m[48;2;73;156;161m▀[0m[38;2;121;95;134m[48;2;126;95;140m▀[0m[38;2;122;95;134m[48;2;126;95;140m▀[0m[38;2;123;95;134m[48;2;124;96;137m▀[0m[38;2;118;86;140m[48;2;113;70;145m▀[0m[38;2;122;76;153m[48;2;111;64;146m▀[0m[38;2;115;66;152m[48;2;116;67;149m▀[0m[38;2;114;65;151m[48;2;129;188;225m▀[0m[38;2;171;150;93m[48;2;136;186;226m▀[0m[38;2;52;74;66m[48;2;172;144;91m▀[0m[38;2;71;142;158m▄[0m            
      [38;2;79;47;108m▄[0m[38;2;112;65;148m▄[0m[38;2;132;77;164m▄[0m[38;2;124;76;154m[48;2;76;62;37m▀[0m[38;2;115;75;143m[48;2;252;208;142m▀[0m[38;2;121;83;143m[48;2;248;206;142m▀[0m[38;2;121;79;148m[48;2;242;200;138m▀[0m[38;2;124;84;148m[48;2;63;43;68m▀[0m[38;2;125;94;141m[48;2;121;80;165m▀[0m[38;2;124;95;141m[48;2;88;168;143m▀[0m[38;2;88;171;143m[48;2;114;89;127m▀[0m[38;2;125;95;140m[48;2;113;80;135m▀[0m[38;2;119;92;130m[48;2;111;72;138m▀[0m[38;2;114;86;131m[48;2;110;64;142m▀[0m[38;2;112;68;144m[48;2;109;62;143m▀[0m[38;2;110;64;145m[48;2;110;63;142m▀[0m[38;2;116;67;154m[48;2;77;144;167m▀[0m[38;2;88;179;202m[48;2;92;172;173m▀[0m[38;2;98;182;207m[48;2;88;176;200m▀[0m[38;2;87;180;203m[48;2;207;172;124m▀[0m[38;2;241;200;138m[48;2;198;164;118m▀[0m[38;2;55;94;104m[48;2;77;65;41m▀[0m[38;2;82;157;179m[48;2;51;87;84m▀[0m[38;2;91;207;192m▄[0m          
     [38;2;11;9;5m▀[0m[38;2;10;8;5m▀[0m[38;2;6;6;4m▀[0m    [38;2;89;196;189m▄[0m[38;2;58;169;152m[48;2;91;206;195m▀[0m[38;2;87;168;144m[48;2;83;52;97m▀[0m[38;2;109;62;143m[48;2;111;64;144m▀[0m[38;2;108;62;143m[48;2;111;64;143m▀[0m[38;2;108;63;144m[48;2;111;64;144m▀[0m[38;2;111;64;145m[48;2;111;64;143m▀[0m[38;2;110;64;145m[48;2;111;64;144m▀[0m[38;2;111;64;145m[48;2;110;64;145m▀[0m[38;2;35;23;56m[48;2;42;145;132m▀[0m[38;2;74;159;160m[48;2;66;128;147m▀[0m[38;2;77;144;167m[48;2;196;161;116m▀[0m[38;2;198;164;118m[48;2;190;157;114m▀[0m[38;2;189;157;113m[48;2;189;156;113m▀[0m[38;2;189;156;112m[48;2;191;157;114m▀[0m[38;2;42;63;73m▀[0m  [38;2;92;209;197m▀[0m[38;2;73;184;170m[48;2;111;219;216m▀[0m[38;2;117;221;221m▄[0m       
          [38;2;101;195;199m▄[0m[38;2;118;213;212m[48;2;126;219;224m▀[0m[38;2;115;215;213m[48;2;127;220;224m▀[0m  [38;2;78;50;94m▀[0m[38;2;86;53;106m[48;2;79;50;95m▀[0m[38;2;88;53;109m[48;2;79;50;93m▀[0m[38;2;84;52;103m[48;2;80;49;101m▀[0m[38;2;79;50;93m[48;2;87;169;145m▀[0m[38;2;85;159;154m[48;2;51;126;121m▀[0m[38;2;68;88;107m[48;2;204;168;121m▀[0m[38;2;68;53;36m[48;2;195;161;115m▀[0m[38;2;195;161;115m[48;2;195;161;116m▀[0m[38;2;196;161;115m[48;2;196;161;116m▀[0m[38;2;195;160;115m▀[0m [38;2;92;211;200m▄[0m    [38;2;126;215;222m▀[0m[38;2;141;213;227m[48;2;143;217;229m▀[0m[38;2;145;218;229m▄[0m     
         [38;2;143;216;229m▄[0m[38;2;143;217;229m[48;2;143;215;229m▀[0m[38;2;143;216;229m[48;2;142;214;228m▀[0m  [38;2;136;207;225m▄[0m[38;2;142;216;229m▄[0m[38;2;142;216;229m▄[0m[38;2;125;194;186m[48;2;127;220;224m▀[0m[38;2;106;177;158m▀[0m[38;2;128;165;134m▀[0m[38;2;195;161;116m▀[0m[38;2;196;162;117m▀[0m[38;2;207;172;122m▀[0m[38;2;86;72;51m▀[0m    [38;2;33;100;93m▀[0m[38;2;106;218;215m▀[0m[38;2;71;155;149m[48;2;26;70;65m▀[0m[38;2;142;215;229m▄[0m[38;2;142;215;228m▄[0m[38;2;142;217;228m▄[0m[38;2;145;217;230m[48;2;142;216;229m▀[0m[38;2;143;216;229m[48;2;142;216;229m▀[0m    
        [38;2;135;206;223m[48;2;141;214;227m▀[0m[38;2;142;213;226m[48;2;142;216;228m▀[0m[38;2;142;213;226m[48;2;142;216;228m▀[0m[38;2;143;214;227m[48;2;142;215;228m▀[0m[38;2;141;214;227m[48;2;142;215;228m▀[0m[38;2;142;216;228m[48;2;143;216;227m▀[0m[38;2;142;217;229m[48;2;142;216;228m▀[0m[38;2;142;217;229m▀[0m[38;2;142;216;229m▀[0m                [38;2;147;217;228m▀[0m[38;2;142;213;226m▀[0m[38;2;141;215;228m▀[0m[38;2;146;222;232m▀[0m   
       [38;2;135;205;222m▄[0m[38;2;142;214;226m[48;2;142;213;226m▀[0m[38;2;142;214;226m[48;2;142;213;226m▀[0m[38;2;143;216;228m[48;2;142;215;227m▀[0m[38;2;142;216;228m▀[0m[38;2;142;216;228m▀[0m[38;2;47;122;119m▀[0m                          
                                        
