                                        
               [38;2;13;13;13m▀[0m[38;2;241;241;243m[48;2;241;241;243m▀[0m[38;2;240;240;242m[48;2;241;241;243m▀[0m[38;2;241;241;243m▄[0m                     
                  [38;2;221;224;235m▀[0m[38;2;221;224;235m▀[0m [38;2;16;16;17m▄[0m                  
                  [38;2;183;174;225m▄[0m   [38;2;17;17;17m▀[0m                 
     [38;2;240;241;243m▄[0m[38;2;241;241;243m▄[0m[38;2;241;241;243m▄[0m[38;2;241;241;243m▄[0m[38;2;204;206;217m▄[0m[38;2;195;197;207m▄[0m[38;2;135;136;144m▄[0m[38;2;52;53;55m▄[0m[38;2;0;0;0m▄[0m     [38;2;179;170;222m[48;2;170;164;228m▀[0m[38;2;179;171;223m▄[0m[38;2;4;3;5m▄[0m [38;2;31;32;33m▀[0m[38;2;213;216;227m▄[0m               
     [38;2;243;242;244m▀[0m[38;2;241;241;243m▀[0m[38;2;240;241;243m▀[0m[38;2;208;210;220m▀[0m  [38;2;1;1;2m▄[0m[38;2;56;54;70m▄[0m[38;2;54;53;72m▄[0m[38;2;0;0;0m[48;2;14;14;21m▀[0m[38;2;124;126;132m[48;2;17;16;21m▀[0m[38;2;204;207;217m[48;2;2;2;1m▀[0m[38;2;3;3;3m▀[0m[38;2;19;19;20m▄[0m[38;2;220;222;234m▄[0m[38;2;156;151;213m[48;2;0;0;0m▀[0m[38;2;151;147;210m[48;2;152;146;213m▀[0m[38;2;4;4;6m[48;2;147;143;209m▀[0m[38;2;1;1;1m▄[0m[38;2;147;143;209m▄[0m[38;2;146;147;150m▄[0m[38;2;146;139;212m▄[0m             
           [38;2;12;12;15m▀[0m[38;2;175;168;220m▀[0m[38;2;164;159;216m▀[0m[38;2;148;144;209m▀[0m[38;2;154;146;212m▀[0m[38;2;152;146;212m[48;2;3;3;3m▀[0m[38;2;147;143;210m[48;2;154;149;218m▀[0m[38;2;147;142;209m[48;2;151;146;211m▀[0m[38;2;147;143;211m[48;2;147;142;209m▀[0m[38;2;20;18;30m[48;2;152;147;212m▀[0m[38;2;21;21;23m[48;2;147;143;209m▀[0m[38;2;148;143;211m[48;2;168;169;174m▀[0m[38;2;147;142;209m[48;2;146;143;209m▀[0m[38;2;151;143;213m[48;2;151;144;213m▀[0m[38;2;123;119;200m[48;2;135;128;206m▀[0m[38;2;124;119;200m[48;2;16;15;30m▀[0m[38;2;127;122;205m▄[0m[38;2;1;2;1m[48;2;126;121;204m▀[0m           
            [38;2;2;2;0m▄[0m[38;2;127;122;204m▄[0m[38;2;152;145;213m▄[0m[38;2;112;108;160m[48;2;148;144;211m▀[0m[38;2;152;147;211m[48;2;152;146;213m▀[0m[38;2;147;143;209m[48;2;150;144;212m▀[0m[38;2;147;142;210m[48;2;148;143;209m▀[0m[38;2;152;146;213m[48;2;12;65;100m▀[0m[38;2;152;146;212m[48;2;56;178;255m▀[0m[38;2;151;146;212m[48;2;86;190;255m▀[0m[38;2;147;143;210m[48;2;89;191;255m▀[0m[38;2;123;119;174m[48;2;28;44;64m▀[0m[38;2;148;142;208m[48;2;147;143;209m▀[0m[38;2;152;146;213m[48;2;147;143;209m▀[0m[38;2;147;143;210m[48;2;149;143;212m▀[0m[38;2;0;129;211m[48;2;146;139;206m▀[0m[38;2;53;176;255m[48;2;50;175;255m▀[0m[38;2;93;193;255m[48;2;64;181;255m▀[0m[38;2;86;190;255m▄[0m[38;2;50;167;242m▄[0m        
            [38;2;4;3;3m▄[0m[38;2;65;62;106m[48;2;0;0;0m▀[0m[38;2;151;145;212m[48;2;153;147;219m▀[0m[38;2;147;143;210m[48;2;148;142;211m▀[0m[38;2;148;142;208m[48;2;146;140;209m▀[0m[38;2;152;146;213m[48;2;146;141;209m▀[0m[38;2;48;105;165m[48;2;42;172;255m▀[0m[38;2;58;179;255m[48;2;55;176;255m▀[0m[38;2;55;178;255m[48;2;55;177;255m▀[0m[38;2;95;192;255m[48;2;54;177;255m▀[0m[38;2;99;194;255m[48;2;72;184;255m▀[0m[38;2;97;194;255m[48;2;53;175;254m▀[0m[38;2;31;22;31m[48;2;55;177;255m▀[0m[38;2;146;141;209m[48;2;126;123;202m▀[0m[38;2;146;142;211m[48;2;134;132;204m▀[0m[38;2;127;123;204m[48;2;124;119;200m▀[0m[38;2;3;154;249m[48;2;126;120;202m▀[0m[38;2;36;170;255m[48;2;2;149;245m▀[0m[38;2;46;160;233m[48;2;3;151;247m▀[0m[38;2;47;171;250m[48;2;38;171;255m▀[0m[38;2;30;93;133m[48;2;54;176;255m▀[0m       
            [38;2;128;124;209m▄[0m[38;2;127;120;203m[48;2;128;124;202m▀[0m[38;2;145;140;210m[48;2;126;122;204m▀[0m[38;2;145;138;208m[48;2;124;119;200m▀[0m[38;2;145;140;209m[48;2;125;120;202m▀[0m[38;2;138;133;202m[48;2;102;98;165m▀[0m[38;2;19;160;251m[48;2;0;151;247m▀[0m[38;2;55;177;255m[48;2;48;175;255m▀[0m[38;2;54;177;255m[48;2;45;161;237m▀[0m[38;2;47;168;245m[48;2;46;168;245m▀[0m[38;2;45;166;243m[48;2;52;177;255m▀[0m[38;2;52;173;252m[48;2;55;177;255m▀[0m[38;2;56;178;255m[48;2;6;155;249m▀[0m[38;2;125;119;202m[48;2;127;123;205m▀[0m[38;2;124;119;200m[48;2;127;122;205m▀[0m[38;2;124;119;200m[48;2;105;102;167m▀[0m[38;2;124;119;200m[48;2;89;178;236m▀[0m[38;2;90;87;147m[48;2;86;180;239m▀[0m[38;2;10;151;241m[48;2;86;177;234m▀[0m[38;2;0;150;247m[48;2;188;188;189m▀[0m[38;2;0;152;247m[48;2;0;150;246m▀[0m[38;2;1;1;1m▄[0m      
           [38;2;130;125;210m▄[0m[38;2;124;119;200m[48;2;124;119;200m▀[0m[38;2;124;119;200m[48;2;124;120;201m▀[0m[38;2;124;119;200m[48;2;124;119;200m▀[0m[38;2;126;120;201m[48;2;127;124;202m▀[0m[38;2;124;119;200m[48;2;124;119;200m▀[0m[38;2;126;120;204m[48;2;125;120;201m▀[0m[38;2;0;151;247m[48;2;0;153;251m▀[0m[38;2;0;149;246m[48;2;0;152;247m▀[0m[38;2;9;155;250m[48;2;0;151;248m▀[0m[38;2;23;162;250m[48;2;0;149;247m▀[0m[38;2;8;155;249m[48;2;0;149;246m▀[0m[38;2;0;151;247m[48;2;1;150;245m▀[0m[38;2;9;156;248m[48;2;124;120;202m▀[0m[38;2;124;119;200m[48;2;123;119;200m▀[0m[38;2;126;121;204m[48;2;124;119;200m▀[0m[38;2;223;223;224m[48;2;220;222;230m▀[0m[38;2;68;163;223m[48;2;191;194;205m▀[0m[38;2;65;151;206m[48;2;104;97;183m▀[0m[38;2;63;147;203m[48;2;100;90;178m▀[0m[38;2;215;218;230m[48;2;98;88;177m▀[0m[38;2;134;136;143m[48;2;113;114;119m▀[0m[38;2;115;103;181m[48;2;101;90;177m▀[0m      
          [38;2;34;32;64m▄[0m[38;2;124;119;200m▀[0m[38;2;126;120;202m[48;2;109;101;188m▀[0m[38;2;116;110;193m[48;2;104;96;178m▀[0m[38;2;124;119;200m[48;2;126;121;204m▀[0m[38;2;126;121;204m[48;2;122;118;200m▀[0m[38;2;126;120;203m[48;2;126;122;203m▀[0m[38;2;124;119;200m[48;2;119;113;197m▀[0m[38;2;126;122;203m[48;2;126;122;204m▀[0m[38;2;0;123;202m[48;2;126;122;204m▀[0m[38;2;0;141;231m[48;2;126;120;202m▀[0m[38;2;0;150;247m[48;2;124;119;200m▀[0m[38;2;0;153;251m[48;2;126;122;204m▀[0m[38;2;125;121;203m[48;2;117;112;194m▀[0m[38;2;124;119;200m[48;2;118;113;194m▀[0m[38;2;124;119;200m[48;2;122;117;197m▀[0m[38;2;124;119;200m[48;2;117;113;194m▀[0m[38;2;75;77;78m[48;2;109;103;186m▀[0m[38;2;81;82;86m[48;2;106;99;185m▀[0m[38;2;102;94;181m[48;2;106;96;183m▀[0m[38;2;99;89;177m[48;2;99;88;178m▀[0m[38;2;101;89;178m[48;2;101;90;178m▀[0m[38;2;99;88;177m[48;2;100;91;178m▀[0m[38;2;101;92;178m[48;2;101;91;178m▀[0m[38;2;17;16;24m▀[0m     
            [38;2;108;100;187m▄[0m[38;2;108;101;187m[48;2;108;100;186m▀[0m[38;2;125;121;203m[48;2;107;100;186m▀[0m[38;2;110;104;188m[48;2;108;100;187m▀[0m[38;2;126;120;204m[48;2;117;109;195m▀[0m[38;2;109;104;189m[48;2;108;100;186m▀[0m[38;2;115;109;193m[48;2;108;100;186m▀[0m[38;2;127;121;203m[48;2;121;118;197m▀[0m[38;2;126;121;204m[48;2;126;121;204m▀[0m[38;2;120;116;197m[48;2;108;100;186m▀[0m[38;2;117;112;195m[48;2;107;100;187m▀[0m[38;2;108;101;186m[48;2;141;126;106m▀[0m[38;2;51;47;89m[48;2;179;160;137m▀[0m[38;2;106;98;190m[48;2;142;128;111m▀[0m[38;2;109;101;187m[48;2;108;100;186m▀[0m[38;2;108;101;186m[48;2;108;101;186m▀[0m[38;2;105;99;186m[48;2;105;99;184m▀[0m[38;2;107;99;183m[48;2;101;94;180m▀[0m[38;2;100;89;178m[48;2;99;88;178m▀[0m[38;2;99;88;177m[48;2;99;88;177m▀[0m[38;2;97;87;177m[48;2;69;60;126m▀[0m[38;2;153;140;121m[48;2;157;141;124m▀[0m[38;2;6;6;9m[48;2;142;127;109m▀[0m     
            [38;2;107;100;182m▄[0m[38;2;109;102;187m[48;2;102;95;182m▀[0m[38;2;108;100;187m[48;2;105;99;183m▀[0m[38;2;108;100;186m[48;2;106;99;184m▀[0m[38;2;108;101;187m[48;2;106;99;185m▀[0m[38;2;108;100;186m[48;2;108;100;186m▀[0m[38;2;106;100;186m[48;2;108;100;186m▀[0m[38;2;109;101;186m[48;2;108;100;187m▀[0m[38;2;115;111;194m[48;2;108;100;186m▀[0m[38;2;108;100;186m[48;2;110;103;189m▀[0m[38;2;107;100;187m[48;2;108;100;186m▀[0m[38;2;179;160;138m[48;2;39;35;31m▀[0m[38;2;194;174;150m[48;2;212;196;175m▀[0m[38;2;209;192;173m[48;2;106;99;185m▀[0m[38;2;108;100;187m[48;2;109;99;184m▀[0m[38;2;105;99;183m[48;2;102;95;180m▀[0m[38;2;106;98;183m[48;2;98;90;178m▀[0m[38;2;98;90;178m[48;2;98;89;177m▀[0m[38;2;98;89;177m[48;2;98;88;177m▀[0m[38;2;99;89;176m[48;2;99;89;177m▀[0m[38;2;10;9;8m[48;2;2;2;1m▀[0m[38;2;179;161;138m[48;2;181;162;139m▀[0m[38;2;181;162;142m▀[0m     
             [38;2;99;89;177m[48;2;99;89;177m▀[0m[38;2;100;92;178m[48;2;79;72;135m▀[0m[38;2;102;94;180m[48;2;100;89;177m▀[0m[38;2;102;96;182m[48;2;100;92;177m▀[0m[38;2;105;99;183m[48;2;101;92;179m▀[0m[38;2;106;99;184m[48;2;101;94;181m▀[0m[38;2;106;99;185m[48;2;102;98;181m▀[0m[38;2;106;100;186m[48;2;104;98;182m▀[0m[38;2;106;99;185m[48;2;104;96;183m▀[0m[38;2;105;99;185m[48;2;108;99;184m▀[0m[38;2;105;99;184m[48;2;101;94;181m▀[0m[38;2;105;98;183m[48;2;100;92;180m▀[0m[38;2;102;96;181m[48;2;100;91;177m▀[0m[38;2;107;96;180m[48;2;99;92;176m▀[0m[38;2;98;88;178m[48;2;99;89;177m▀[0m[38;2;97;87;177m[48;2;99;87;177m▀[0m[38;2;98;88;178m[48;2;100;90;177m▀[0m[38;2;99;89;177m[48;2;98;88;177m▀[0m[38;2;99;88;177m[48;2;99;87;177m▀[0m[38;2;99;88;177m[48;2;103;92;178m▀[0m[38;2;110;101;183m[48;2;0;0;0m▀[0m      
               [38;2;98;88;177m[48;2;3;2;3m▀[0m[38;2;99;88;177m[48;2;100;91;176m▀[0m[38;2;99;89;177m[48;2;99;89;177m▀[0m[38;2;100;88;178m[48;2;99;89;177m▀[0m[38;2;100;91;178m[48;2;99;88;177m▀[0m[38;2;99;90;179m[48;2;98;89;176m▀[0m[38;2;99;90;178m[48;2;98;88;177m▀[0m[38;2;104;95;178m[48;2;97;87;177m▀[0m[38;2;100;90;178m[48;2;98;88;177m▀[0m[38;2;99;89;177m[48;2;99;88;177m▀[0m[38;2;98;88;176m[48;2;98;87;177m▀[0m[38;2;98;88;176m[48;2;98;87;177m▀[0m[38;2;98;89;176m[48;2;98;88;177m▀[0m[38;2;98;88;177m[48;2;99;89;178m▀[0m[38;2;62;56;99m[48;2;103;93;179m▀[0m[38;2;98;89;177m[48;2;108;98;180m▀[0m[38;2;99;88;177m[48;2;100;90;178m▀[0m[38;2;0;0;0m▀[0m       
                [38;2;103;98;164m[48;2;174;156;134m▀[0m[38;2;111;102;180m[48;2;179;162;137m▀[0m[38;2;16;15;23m[48;2;175;156;136m▀[0m[38;2;99;89;177m[48;2;60;56;89m▀[0m[38;2;98;88;177m[48;2;86;80;144m▀[0m[38;2;97;88;177m[48;2;99;88;177m▀[0m[38;2;99;87;177m[48;2;98;89;169m▀[0m[38;2;98;88;177m[48;2;100;90;178m▀[0m[38;2;97;87;177m[48;2;103;94;180m▀[0m[38;2;98;87;177m[48;2;3;3;1m▀[0m[38;2;98;87;177m[48;2;7;7;9m▀[0m[38;2;99;87;177m[48;2;29;25;21m▀[0m[38;2;98;88;177m[48;2;98;88;176m▀[0m[38;2;129;114;98m[48;2;175;156;137m▀[0m[38;2;174;156;136m▄[0m[38;2;4;3;3m[48;2;176;158;137m▀[0m[38;2;124;112;97m▄[0m       
             [38;2;1;1;1m▄[0m[38;2;211;195;175m▄[0m[38;2;202;184;159m[48;2;215;198;177m▀[0m[38;2;198;180;153m[48;2;219;202;178m▀[0m[38;2;179;160;137m[48;2;215;199;177m▀[0m[38;2;179;161;138m[48;2;202;184;159m▀[0m[38;2;173;156;136m[48;2;179;159;138m▀[0m      [38;2;145;129;113m▀[0m[38;2;178;160;137m[48;2;0;0;0m▀[0m[38;2;8;8;13m[48;2;174;156;136m▀[0m[38;2;174;156;136m[48;2;189;169;148m▀[0m[38;2;215;199;177m[48;2;212;195;175m▀[0m[38;2;211;195;175m[48;2;215;199;176m▀[0m[38;2;11;10;8m[48;2;215;199;176m▀[0m[38;2;157;144;127m[48;2;13;10;9m▀[0m      
             [38;2;213;197;176m▀[0m[38;2;212;197;175m[48;2;188;167;146m▀[0m[38;2;214;199;177m[48;2;194;175;151m▀[0m[38;2;216;199;176m[48;2;193;174;151m▀[0m[38;2;216;199;176m[48;2;14;12;11m▀[0m[38;2;215;199;177m▀[0m                     
                                        
