                                        
                                        
                                        
                                        
                      [38;2;46;124;123m▄[0m[38;2;65;186;185m▄[0m[38;2;51;141;140m▄[0m[38;2;30;80;79m▄[0m              
                [38;2;4;16;16m▄[0m[38;2;60;150;150m▄[0m[38;2;6;18;18m[48;2;116;223;218m▀[0m[38;2;61;154;154m[48;2;75;222;219m▀[0m[38;2;40;96;95m[48;2;85;223;221m▀[0m[38;2;87;223;219m[48;2;98;222;218m▀[0m[38;2;112;221;217m[48;2;98;222;218m▀[0m[38;2;115;221;216m[48;2;98;222;218m▀[0m[38;2;100;225;220m[48;2;98;222;218m▀[0m[38;2;33;71;69m[48;2;98;222;218m▀[0m[38;2;54;149;149m[48;2;94;222;218m▀[0m[38;2;62;174;174m[48;2;140;223;217m▀[0m[38;2;62;173;173m[48;2;119;222;217m▀[0m[38;2;25;64;64m▄[0m[38;2;61;165;165m▄[0m         
            [38;2;117;221;214m▄[0m[38;2;104;220;213m▄[0m[38;2;93;219;213m▄[0m[38;2;88;233;227m[48;2;94;219;212m▀[0m[38;2;61;223;221m[48;2;90;220;213m▀[0m[38;2;62;223;220m▀[0m[38;2;65;234;233m▀[0m[38;2;32;106;105m▀[0m[38;2;1;6;6m▀[0m  [38;2;11;29;28m▀[0m[38;2;88;225;221m▀[0m[38;2;98;225;220m▀[0m[38;2;98;222;218m▀[0m[38;2;98;222;218m▀[0m[38;2;98;222;218m▀[0m[38;2;97;223;218m[48;2;14;33;33m▀[0m[38;2;102;223;219m[48;2;82;223;220m▀[0m[38;2;29;67;66m[48;2;78;223;220m▀[0m[38;2;62;160;160m[48;2;61;224;221m▀[0m[38;2;61;154;154m▄[0m      
        [38;2;19;44;43m▄[0m[38;2;146;228;220m▄[0m[38;2;66;104;101m[48;2;255;229;155m▀[0m[38;2;237;235;215m[48;2;151;234;225m▀[0m[38;2;142;220;212m[48;2;122;220;213m▀[0m[38;2;123;220;213m[48;2;120;221;214m▀[0m[38;2;110;219;213m[48;2;93;219;212m▀[0m[38;2;93;219;213m[48;2;93;219;213m▀[0m[38;2;94;219;213m[48;2;68;105;90m▀[0m[38;2;93;219;213m[48;2;165;146;76m▀[0m[38;2;64;229;228m▄[0m             [38;2;55;190;189m▀[0m[38;2;61;223;221m▀[0m[38;2;65;168;166m[48;2;65;232;231m▀[0m[38;2;61;161;160m[48;2;69;246;245m▀[0m[38;2;69;223;221m[48;2;210;231;214m▀[0m[38;2;62;223;221m[48;2;61;166;166m▀[0m  
       [38;2;61;222;220m▄[0m[38;2;255;225;129m[48;2;84;229;224m▀[0m[38;2;128;220;212m[48;2;62;72;51m▀[0m[38;2;126;220;212m[48;2;92;219;213m▀[0m[38;2;122;220;213m[48;2;94;219;213m▀[0m[38;2;119;220;213m[48;2;94;219;213m▀[0m[38;2;102;221;213m[48;2;95;219;213m▀[0m[38;2;92;219;211m[48;2;93;219;212m▀[0m[38;2;93;219;212m[48;2;93;219;212m▀[0m[38;2;255;224;139m[48;2;93;219;213m▀[0m[38;2;255;224;135m[48;2;86;220;216m▀[0m[38;2;76;221;218m[48;2;40;114;109m▀[0m[38;2;255;223;133m▄[0m               [38;2;61;223;221m[48;2;62;223;221m▀[0m[38;2;86;222;218m[48;2;71;223;220m▀[0m[38;2;62;226;224m[48;2;20;68;66m▀[0m  
       [38;2;62;223;221m[48;2;62;222;219m▀[0m[38;2;254;226;111m[48;2;2;59;74m▀[0m[38;2;148;194;198m[48;2;8;89;106m▀[0m[38;2;94;219;213m[48;2;76;221;217m▀[0m[38;2;92;219;213m[48;2;81;221;216m▀[0m[38;2;94;219;213m[48;2;92;219;213m▀[0m[38;2;94;219;213m[48;2;94;219;212m▀[0m[38;2;94;219;212m[48;2;92;219;212m▀[0m[38;2;94;219;213m[48;2;92;218;213m▀[0m[38;2;93;219;213m[48;2;165;143;72m▀[0m[38;2;83;229;224m[48;2;57;54;33m▀[0m[38;2;19;56;56m[48;2;62;223;220m▀[0m[38;2;234;224;108m[48;2;62;223;221m▀[0m                    
       [38;2;61;223;221m[48;2;33;87;86m▀[0m[38;2;253;231;140m[48;2;62;223;221m▀[0m[38;2;183;164;79m[48;2;62;223;220m▀[0m[38;2;63;222;219m[48;2;61;223;221m▀[0m[38;2;62;223;221m[48;2;57;60;61m▀[0m[38;2;61;223;221m[48;2;62;223;221m▀[0m[38;2;65;223;220m[48;2;62;223;220m▀[0m[38;2;76;221;217m[48;2;62;223;220m▀[0m[38;2;214;192;86m[48;2;247;221;108m▀[0m[38;2;4;43;52m[48;2;17;104;118m▀[0m[38;2;5;86;104m[48;2;237;206;100m▀[0m[38;2;61;223;221m[48;2;61;223;220m▀[0m[38;2;61;223;221m[48;2;61;223;221m▀[0m                    
        [38;2;45;116;116m▀[0m[38;2;61;155;155m▀[0m[38;2;62;177;177m[48;2;20;51;51m▀[0m[38;2;61;199;197m[48;2;62;158;158m▀[0m[38;2;255;161;164m[48;2;61;155;155m▀[0m[38;2;66;45;46m[48;2;61;155;155m▀[0m[38;2;61;223;220m[48;2;61;155;155m▀[0m[38;2;61;223;221m[48;2;60;157;157m▀[0m[38;2;255;228;111m[48;2;62;172;171m▀[0m[38;2;61;224;222m[48;2;62;161;161m▀[0m[38;2;61;223;221m[48;2;34;90;90m▀[0m[38;2;43;123;124m▀[0m                    
  [38;2;64;223;221m[48;2;61;223;221m▀[0m[38;2;61;223;221m[48;2;61;223;222m▀[0m[38;2;22;75;74m[48;2;62;223;221m▀[0m[38;2;62;223;220m▄[0m[38;2;61;223;221m▄[0m[38;2;62;223;220m▄[0m[38;2;62;194;193m▄[0m[38;2;15;38;37m[48;2;61;155;155m▀[0m[38;2;60;154;154m[48;2;67;235;232m▀[0m[38;2;30;89;87m[48;2;247;73;72m▀[0m[38;2;49;145;144m[48;2;57;162;161m▀[0m[38;2;61;155;155m[48;2;66;178;177m▀[0m[38;2;62;176;174m▄[0m[38;2;62;219;218m▄[0m                        
   [38;2;61;223;221m▀[0m[38;2;62;223;221m[48;2;64;229;226m▀[0m[38;2;62;223;221m[48;2;62;223;220m▀[0m[38;2;61;223;221m[48;2;61;223;221m▀[0m[38;2;62;223;221m[48;2;62;225;223m▀[0m[38;2;62;195;194m▀[0m[38;2;39;97;96m▀[0m[38;2;136;220;211m[48;2;92;219;213m▀[0m[38;2;255;115;106m[48;2;255;236;136m▀[0m[38;2;92;219;213m[48;2;91;219;214m▀[0m[38;2;71;222;219m[48;2;69;222;220m▀[0m[38;2;61;220;219m[48;2;61;223;221m▀[0m[38;2;62;223;220m[48;2;62;226;223m▀[0m[38;2;68;222;221m[48;2;63;222;219m▀[0m[38;2;75;221;217m[48;2;67;222;221m▀[0m[38;2;93;219;213m[48;2;87;220;216m▀[0m[38;2;92;219;213m[48;2;94;219;213m▀[0m[38;2;152;220;209m[48;2;133;220;211m▀[0m[38;2;141;221;212m[48;2;140;221;213m▀[0m[38;2;126;220;213m[48;2;121;220;213m▀[0m[38;2;76;131;126m▄[0m                
         [38;2;28;68;68m[48;2;62;223;222m▀[0m[38;2;60;183;183m[48;2;61;155;154m▀[0m[38;2;14;10;11m[48;2;61;155;154m▀[0m[38;2;64;223;221m[48;2;61;155;155m▀[0m[38;2;61;223;221m[48;2;61;157;155m▀[0m[38;2;62;223;221m[48;2;62;160;160m▀[0m[38;2;61;177;177m[48;2;62;160;161m▀[0m[38;2;35;121;121m[48;2;62;163;162m▀[0m[38;2;74;221;218m▀[0m[38;2;94;219;213m[48;2;18;40;39m▀[0m[38;2;92;219;213m[48;2;88;173;169m▀[0m[38;2;100;219;212m[48;2;86;165;162m▀[0m[38;2;121;220;213m[48;2;6;12;12m▀[0m[38;2;128;221;213m▀[0m                 
              [38;2;49;123;123m▀[0m[38;2;59;152;151m▀[0m                        
                                        
                                        
                                        
                                        
