                                        
                   [38;2;249;246;142m▄[0m[38;2;245;243;142m▄[0m[38;2;250;249;153m[48;2;31;31;33m▀[0m[38;2;238;236;137m▀[0m[38;2;14;14;6m▀[0m                
                  [38;2;138;136;67m[48;2;240;238;135m▀[0m[38;2;243;240;137m[48;2;17;17;11m▀[0m                    
            [38;2;112;111;51m[48;2;136;137;67m▀[0m [38;2;35;37;19m▄[0m[38;2;137;134;69m▄[0m[38;2;241;239;136m▄[0m[38;2;234;233;137m[48;2;242;240;137m▀[0m[38;2;240;238;135m[48;2;75;76;82m▀[0m[38;2;39;40;43m▀[0m                    
            [38;2;171;172;90m[48;2;249;246;142m▀[0m[38;2;249;246;142m[48;2;244;241;138m▀[0m[38;2;236;233;134m[48;2;244;241;138m▀[0m[38;2;213;211;121m[48;2;64;64;38m▀[0m[38;2;157;156;86m[48;2;74;76;84m▀[0m[38;2;76;77;84m[48;2;53;54;57m▀[0m[38;2;62;63;67m▀[0m                     
           [38;2;43;40;25m[48;2;223;193;89m▀[0m[38;2;247;244;142m[48;2;14;13;9m▀[0m[38;2;244;242;138m[48;2;27;21;29m▀[0m[38;2;230;228;133m[48;2;241;239;135m▀[0m[38;2;83;82;43m[48;2;24;24;18m▀[0m[38;2;73;75;81m[48;2;171;173;89m▀[0m                       
            [38;2;17;18;10m▀[0m[38;2;145;147;73m▀[0m[38;2;179;181;96m[48;2;207;207;111m▀[0m[38;2;173;174;90m[48;2;244;241;139m▀[0m[38;2;190;191;100m[48;2;244;242;139m▀[0m                       
             [38;2;64;65;31m[48;2;249;246;142m▀[0m[38;2;243;241;139m[48;2;242;240;137m▀[0m[38;2;244;242;140m[48;2;243;241;138m▀[0m[38;2;244;242;139m[48;2;25;25;12m▀[0m[38;2;249;247;143m▀[0m [38;2;135;125;60m▄[0m        [38;2;209;188;122m▄[0m           
            [38;2;163;165;85m[48;2;156;157;83m▀[0m[38;2;242;239;137m[48;2;36;36;27m▀[0m[38;2;100;101;51m[48;2;240;238;135m▀[0m[38;2;241;238;135m[48;2;241;239;135m▀[0m[38;2;202;200;113m[48;2;180;180;96m▀[0m  [38;2;136;124;60m[48;2;59;108;63m▀[0m[38;2;152;137;67m[48;2;42;38;19m▀[0m[38;2;122;111;54m▀[0m  [38;2;221;202;141m[48;2;109;99;70m▀[0m[38;2;68;118;60m▄[0m[38;2;80;74;51m[48;2;179;163;104m▀[0m[38;2;220;204;155m▀[0m            
            [38;2;106;105;107m[48;2;106;105;107m▀[0m[38;2;109;107;110m[48;2;165;162;82m▀[0m[38;2;241;239;137m[48;2;242;240;138m▀[0m[38;2;240;238;135m[48;2;242;240;138m▀[0m[38;2;88;87;42m▄[0m[38;2;24;24;13m▄[0m[38;2;98;87;47m[48;2;83;82;36m▀[0m[38;2;102;90;47m[48;2;43;40;22m▀[0m   [38;2;207;184;110m▄[0m[38;2;59;113;61m[48;2;211;185;101m▀[0m[38;2;219;201;138m[48;2;152;138;67m▀[0m    [38;2;185;187;97m▄[0m[38;2;187;188;101m▄[0m        
         [38;2;243;241;145m▄[0m[38;2;243;241;138m▄[0m[38;2;40;40;38m[48;2;242;240;137m▀[0m[38;2;19;18;11m[48;2;242;240;137m▀[0m[38;2;106;104;46m[48;2;243;241;137m▀[0m[38;2;252;252;162m[48;2;172;174;91m▀[0m[38;2;108;106;47m[48;2;173;174;90m▀[0m[38;2;244;242;139m[48;2;174;176;92m▀[0m[38;2;243;241;138m[48;2;246;244;144m▀[0m[38;2;243;241;139m[48;2;243;242;146m▀[0m[38;2;244;242;139m[48;2;243;240;137m▀[0m[38;2;246;246;162m[48;2;241;239;135m▀[0m[38;2;199;172;80m▄[0m[38;2;210;182;84m[48;2;58;57;28m▀[0m[38;2;60;55;26m[48;2;170;170;88m▀[0m[38;2;204;177;83m[48;2;193;167;80m▀[0m[38;2;105;97;41m[48;2;64;59;23m▀[0m[38;2;243;241;137m[48;2;173;174;90m▀[0m[38;2;219;219;124m[48;2;171;173;89m▀[0m[38;2;171;173;89m[48;2;170;171;89m▀[0m[38;2;170;172;89m[48;2;38;36;34m▀[0m[38;2;50;48;54m▀[0m         
        [38;2;245;243;140m▄[0m[38;2;202;201;109m[48;2;104;104;49m▀[0m[38;2;241;239;137m[48;2;246;245;147m▀[0m[38;2;77;76;38m[48;2;241;239;137m▀[0m[38;2;245;243;142m[48;2;32;31;19m▀[0m[38;2;132;133;67m[48;2;50;48;54m▀[0m[38;2;221;221;121m[48;2;68;69;34m▀[0m[38;2;242;240;137m[48;2;170;170;88m▀[0m[38;2;241;239;137m[48;2;170;171;88m▀[0m[38;2;240;238;135m[48;2;208;208;110m▀[0m[38;2;241;239;135m[48;2;241;239;135m▀[0m[38;2;66;61;28m[48;2;241;239;136m▀[0m[38;2;196;171;90m[48;2;241;239;136m▀[0m[38;2;155;134;63m[48;2;146;133;64m▀[0m[38;2;170;172;89m[48;2;170;171;88m▀[0m[38;2;117;118;57m[48;2;172;174;90m▀[0m[38;2;225;205;143m[48;2;215;194;126m▀[0m[38;2;84;83;41m[48;2;178;179;94m▀[0m[38;2;52;50;57m▀[0m[38;2;52;50;57m▀[0m[38;2;46;44;50m▀[0m           
      [38;2;15;15;7m▀[0m[38;2;243;240;138m[48;2;175;176;91m▀[0m[38;2;242;240;137m[48;2;149;149;75m▀[0m[38;2;244;242;139m[48;2;241;240;136m▀[0m[38;2;242;240;136m[48;2;241;239;135m▀[0m[38;2;241;240;139m[48;2;1;1;0m▀[0m [38;2;16;16;14m▀[0m[38;2;47;45;50m▀[0m[38;2;108;106;52m[48;2;101;91;49m▀[0m[38;2;149;151;76m▀[0m[38;2;170;172;89m[48;2;98;97;47m▀[0m[38;2;179;181;94m[48;2;181;183;95m▀[0m[38;2;214;214;116m[48;2;101;100;51m▀[0m[38;2;208;207;111m[48;2;140;127;63m▀[0m[38;2;148;149;78m[48;2;174;176;91m▀[0m[38;2;170;172;89m[48;2;173;174;90m▀[0m[38;2;163;151;106m[48;2;208;186;115m▀[0m[38;2;118;107;46m[48;2;94;94;48m▀[0m[38;2;175;176;94m▀[0m              
        [38;2;107;105;52m[48;2;218;196;124m▀[0m[38;2;244;242;139m[48;2;244;242;139m▀[0m[38;2;246;243;139m[48;2;248;245;141m▀[0m[38;2;16;16;7m[48;2;106;104;51m▀[0m[38;2;124;119;58m▄[0m  [38;2;98;88;47m[48;2;47;83;49m▀[0m[38;2;102;93;49m[48;2;91;81;44m▀[0m[38;2;61;54;28m▀[0m[38;2;106;103;50m[48;2;116;113;54m▀[0m[38;2;41;39;43m[48;2;55;53;61m▀[0m[38;2;150;137;66m[48;2;54;52;61m▀[0m[38;2;153;155;81m[48;2;203;176;82m▀[0m[38;2;169;146;68m[48;2;203;176;82m▀[0m[38;2;195;171;80m[48;2;174;175;90m▀[0m[38;2;174;177;92m[48;2;173;174;90m▀[0m [38;2;196;195;102m▄[0m             
        [38;2;209;181;87m[48;2;154;149;87m▀[0m[38;2;242;239;137m▀[0m [38;2;94;94;45m▀[0m[38;2;106;103;50m[48;2;43;42;20m▀[0m[38;2;92;91;44m▄[0m[38;2;99;90;48m▀[0m[38;2;98;88;47m[48;2;30;26;13m▀[0m[38;2;42;39;19m▄[0m [38;2;109;107;51m▀[0m[38;2;105;103;50m[48;2;102;100;48m▀[0m[38;2;107;105;51m[48;2;225;205;143m▀[0m[38;2;46;87;43m[48;2;73;163;81m▀[0m[38;2;80;75;34m[48;2;67;65;31m▀[0m[38;2;172;173;90m[48;2;34;34;16m▀[0m[38;2;171;173;89m[48;2;170;172;89m▀[0m[38;2;168;169;88m[48;2;173;174;90m▀[0m[38;2;91;92;43m[48;2;92;92;43m▀[0m             
       [38;2;215;198;149m[48;2;109;100;69m▀[0m[38;2;55;49;22m▀[0m   [38;2;10;8;5m▀[0m[38;2;68;67;32m[48;2;102;92;49m▀[0m     [38;2;221;203;146m[48;2;3;3;1m▀[0m[38;2;107;104;50m[48;2;39;38;17m▀[0m[38;2;226;206;144m[48;2;125;115;76m▀[0m  [38;2;173;176;92m[48;2;172;173;89m▀[0m[38;2;173;175;91m[48;2;170;172;89m▀[0m              
                   [38;2;119;116;57m[48;2;101;91;48m▀[0m[38;2;103;101;49m[48;2;103;101;49m▀[0m[38;2;103;102;49m▀[0m [38;2;75;73;35m▄[0m[38;2;170;171;88m[48;2;170;170;88m▀[0m[38;2;170;171;88m[48;2;170;172;89m▀[0m              
                  [38;2;151;136;66m▄[0m[38;2;113;113;56m[48;2;17;17;8m▀[0m  [38;2;197;170;82m▄[0m[38;2;81;78;35m[48;2;189;191;100m▀[0m[38;2;172;173;90m▀[0m               
                  [38;2;141;128;63m▀[0m  [38;2;179;156;73m▄[0m[38;2;205;178;83m[48;2;72;62;30m▀[0m                 
                                        
