                                        
           [38;2;255;155;119m[48;2;255;138;108m▀[0m                            
           [38;2;255;137;107m[48;2;255;138;109m▀[0m[38;2;3;1;1m▄[0m                           
          [38;2;0;0;0m[48;2;80;33;23m▀[0m[38;2;255;120;88m[48;2;255;94;66m▀[0m[38;2;255;93;64m[48;2;255;91;61m▀[0m                           
          [38;2;255;91;59m[48;2;255;100;67m▀[0m[38;2;255;91;61m[48;2;255;90;61m▀[0m[38;2;255;91;61m[48;2;255;90;61m▀[0m                           
          [38;2;255;89;62m[48;2;255;95;65m▀[0m[38;2;255;89;61m[48;2;255;93;65m▀[0m[38;2;255;90;61m[48;2;255;93;65m▀[0m[38;2;116;44;29m[48;2;255;94;65m▀[0m                          
          [38;2;255;96;66m[48;2;255;99;70m▀[0m[38;2;255;96;66m[48;2;255;98;70m▀[0m[38;2;255;97;67m[48;2;255;91;62m▀[0m[38;2;255;95;67m[48;2;255;93;64m▀[0m       [38;2;49;26;18m▄[0m[38;2;255;110;82m▄[0m[38;2;255;110;78m▄[0m[38;2;255;104;75m▄[0m[38;2;255;95;67m▄[0m[38;2;0;1;1m[48;2;255;93;65m▀[0m[38;2;217;75;48m[48;2;255;92;64m▀[0m[38;2;255;94;67m[48;2;106;57;47m▀[0m[38;2;255;91;62m[48;2;183;177;163m▀[0m[38;2;255;90;61m[48;2;179;176;170m▀[0m[38;2;255;90;61m[48;2;179;176;170m▀[0m[38;2;255;91;62m[48;2;201;198;190m▀[0m[38;2;183;64;43m▀[0m[38;2;20;20;14m▀[0m     
          [38;2;255;95;66m[48;2;255;90;62m▀[0m[38;2;255;92;60m[48;2;255;90;62m▀[0m[38;2;255;91;60m[48;2;255;90;60m▀[0m[38;2;255;91;60m[48;2;255;91;60m▀[0m[38;2;79;27;17m[48;2;195;74;48m▀[0m[38;2;255;136;106m▄[0m[38;2;255;139;108m▄[0m[38;2;6;5;5m[48;2;255;136;107m▀[0m[38;2;255;135;105m[48;2;255;140;109m▀[0m[38;2;255;137;106m[48;2;255;138;106m▀[0m[38;2;255;140;107m[48;2;191;105;80m▀[0m[38;2;255;139;108m[48;2;202;196;185m▀[0m[38;2;255;138;108m[48;2;76;75;72m▀[0m[38;2;255;127;95m[48;2;49;48;47m▀[0m[38;2;57;45;39m[48;2;164;161;155m▀[0m[38;2;182;179;172m[48;2;182;179;172m▀[0m[38;2;181;178;171m[48;2;180;177;171m▀[0m[38;2;179;176;170m[48;2;182;179;172m▀[0m[38;2;178;175;168m[48;2;182;179;172m▀[0m[38;2;179;176;170m▀[0m[38;2;193;190;182m▀[0m         
          [38;2;255;93;64m[48;2;255;97;68m▀[0m[38;2;255;95;66m[48;2;255;98;70m▀[0m[38;2;255;91;59m[48;2;255;119;88m▀[0m[38;2;255;124;94m[48;2;255;139;108m▀[0m[38;2;255;138;108m[48;2;255;140;110m▀[0m[38;2;255;139;108m[48;2;249;139;109m▀[0m[38;2;255;139;108m[48;2;185;182;175m▀[0m[38;2;255;130;100m[48;2;31;31;29m▀[0m[38;2;198;193;183m[48;2;47;46;46m▀[0m[38;2;116;115;111m[48;2;49;46;45m▀[0m[38;2;47;46;45m[48;2;47;46;46m▀[0m[38;2;47;46;45m[48;2;102;101;97m▀[0m[38;2;48;47;47m[48;2;184;181;174m▀[0m[38;2;182;179;172m[48;2;220;217;209m▀[0m[38;2;181;178;171m[48;2;252;250;240m▀[0m[38;2;185;182;175m[48;2;253;251;241m▀[0m[38;2;197;194;187m▀[0m[38;2;26;26;26m▀[0m            
        [38;2;40;77;103m▄[0m[38;2;253;251;241m[48;2;250;247;242m▀[0m[38;2;255;109;74m[48;2;98;30;22m▀[0m[38;2;255;100;71m[48;2;255;97;67m▀[0m[38;2;255;133;104m[48;2;243;241;231m▀[0m[38;2;255;124;92m[48;2;252;250;240m▀[0m[38;2;252;250;240m[48;2;252;250;240m▀[0m[38;2;252;250;240m[48;2;23;29;34m▀[0m[38;2;252;250;240m[48;2;49;49;47m▀[0m[38;2;253;251;241m[48;2;252;250;240m▀[0m[38;2;48;47;46m[48;2;252;250;240m▀[0m[38;2;46;46;46m[48;2;229;226;216m▀[0m[38;2;184;181;174m[48;2;252;249;239m▀[0m[38;2;221;218;210m[48;2;252;249;239m▀[0m[38;2;252;250;240m[48;2;252;249;239m▀[0m[38;2;252;249;239m▀[0m[38;2;41;41;40m▀[0m               
       [38;2;36;34;33m[48;2;124;121;115m▀[0m[38;2;0;126;225m[48;2;0;136;232m▀[0m[38;2;89;159;231m[48;2;27;67;96m▀[0m[38;2;224;224;202m[48;2;253;251;244m▀[0m[38;2;252;250;240m[48;2;252;250;241m▀[0m[38;2;252;250;240m[48;2;252;249;239m▀[0m[38;2;252;250;240m[48;2;53;55;53m▀[0m[38;2;0;127;228m[48;2;0;128;228m▀[0m[38;2;252;248;242m[48;2;84;157;227m▀[0m[38;2;255;254;247m[48;2;248;243;235m▀[0m[38;2;0;117;209m[48;2;0;126;225m▀[0m[38;2;252;249;239m[48;2;252;249;239m▀[0m[38;2;252;249;239m[48;2;252;250;240m▀[0m[38;2;252;249;239m[48;2;238;236;227m▀[0m[38;2;253;251;241m▀[0m                  
       [38;2;253;251;241m[48;2;253;251;241m▀[0m[38;2;100;149;166m[48;2;251;248;238m▀[0m[38;2;252;250;240m[48;2;51;50;49m▀[0m[38;2;252;249;239m[48;2;217;215;206m▀[0m[38;2;252;249;239m[48;2;182;180;173m▀[0m[38;2;252;249;239m[48;2;42;42;41m▀[0m[38;2;53;56;56m[48;2;252;249;239m▀[0m[38;2;0;126;224m[48;2;144;205;224m▀[0m[38;2;0;126;225m[48;2;143;205;227m▀[0m[38;2;0;128;229m[48;2;120;188;228m▀[0m[38;2;0;129;230m[48;2;252;249;239m▀[0m[38;2;252;249;239m[48;2;252;249;239m▀[0m[38;2;252;249;239m[48;2;218;215;207m▀[0m                    
        [38;2;252;249;239m▀[0m[38;2;252;249;239m[48;2;210;207;199m▀[0m[38;2;120;72;98m[48;2;233;231;222m▀[0m[38;2;121;72;97m[48;2;221;129;136m▀[0m[38;2;104;63;86m[48;2;62;53;51m▀[0m[38;2;252;249;239m[48;2;252;249;239m▀[0m[38;2;252;249;239m[48;2;238;235;226m▀[0m[38;2;252;249;239m[48;2;203;200;193m▀[0m[38;2;251;248;238m[48;2;179;176;170m▀[0m[38;2;233;230;222m[48;2;178;175;168m▀[0m[38;2;174;171;164m[48;2;179;176;170m▀[0m[38;2;177;174;167m▀[0m [38;2;255;103;74m▄[0m [38;2;234;139;106m▄[0m[38;2;60;59;57m▄[0m[38;2;3;3;3m▄[0m              
        [38;2;83;82;79m▄[0m[38;2;189;186;179m▄[0m[38;2;184;180;174m[48;2;24;24;23m▀[0m[38;2;133;130;125m▀[0m[38;2;179;176;170m▀[0m[38;2;180;177;170m[48;2;193;190;183m▀[0m[38;2;181;178;171m[48;2;182;179;172m▀[0m[38;2;181;178;171m[48;2;141;138;133m▀[0m[38;2;180;177;171m▀[0m[38;2;181;178;171m[48;2;46;44;39m▀[0m[38;2;253;251;243m▄[0m[38;2;252;250;242m▄[0m[38;2;253;251;244m[48;2;255;91;59m▀[0m[38;2;255;96;68m[48;2;31;14;9m▀[0m[38;2;255;92;59m[48;2;254;253;243m▀[0m[38;2;252;250;240m[48;2;253;251;240m▀[0m[38;2;252;250;240m▀[0m               
        [38;2;182;179;172m[48;2;254;254;246m▀[0m[38;2;184;180;173m[48;2;252;250;240m▀[0m[38;2;129;127;124m[48;2;252;250;240m▀[0m[38;2;65;64;61m[48;2;60;60;59m▀[0m[38;2;182;179;173m[48;2;253;251;241m▀[0m[38;2;182;179;172m[48;2;253;251;244m▀[0m[38;2;188;185;179m[48;2;252;250;240m▀[0m[38;2;253;252;241m▀[0m[38;2;252;250;240m▀[0m[38;2;252;250;240m▀[0m[38;2;252;250;240m[48;2;255;255;246m▀[0m[38;2;253;251;240m[48;2;252;250;240m▀[0m[38;2;232;79;54m[48;2;255;254;244m▀[0m[38;2;209;208;199m[48;2;179;176;170m▀[0m[38;2;82;79;73m[48;2;224;221;213m▀[0m[38;2;252;250;240m[48;2;254;253;242m▀[0m[38;2;188;188;180m▀[0m               
      [38;2;255;93;63m[48;2;229;77;53m▀[0m[38;2;252;250;241m[48;2;252;250;240m▀[0m[38;2;252;250;240m[48;2;252;250;240m▀[0m[38;2;252;249;239m[48;2;147;147;141m▀[0m[38;2;102;101;97m[48;2;84;83;81m▀[0m[38;2;128;126;123m[48;2;246;246;237m▀[0m[38;2;253;251;241m[48;2;254;253;246m▀[0m[38;2;253;251;241m[48;2;144;142;137m▀[0m[38;2;253;251;241m[48;2;252;249;239m▀[0m[38;2;144;143;137m[48;2;252;249;239m▀[0m[38;2;252;250;240m▄[0m[38;2;123;121;118m[48;2;130;128;124m▀[0m[38;2;150;147;143m[48;2;146;143;139m▀[0m[38;2;177;174;167m[48;2;174;171;164m▀[0m[38;2;174;171;164m[48;2;177;174;167m▀[0m[38;2;174;171;164m[48;2;177;174;167m▀[0m[38;2;40;38;32m[48;2;187;184;177m▀[0m                 
         [38;2;75;75;72m[48;2;252;250;241m▀[0m[38;2;252;250;242m[48;2;252;250;242m▀[0m[38;2;252;250;242m[48;2;252;250;242m▀[0m[38;2;244;242;235m[48;2;252;249;241m▀[0m[38;2;252;249;241m[48;2;252;249;239m▀[0m[38;2;252;249;239m[48;2;251;248;238m▀[0m[38;2;252;249;239m[48;2;252;249;239m▀[0m[38;2;252;249;239m[48;2;252;249;239m▀[0m[38;2;252;249;239m[48;2;252;249;239m▀[0m[38;2;48;47;45m[48;2;219;216;208m▀[0m[38;2;148;145;141m[48;2;11;11;11m▀[0m[38;2;177;174;167m▀[0m[38;2;165;162;157m▀[0m                  
         [38;2;213;210;202m[48;2;143;140;135m▀[0m[38;2;252;249;239m[48;2;181;178;171m▀[0m[38;2;252;249;239m[48;2;181;178;171m▀[0m[38;2;252;249;239m[48;2;182;179;172m▀[0m[38;2;252;249;239m[48;2;184;181;174m▀[0m[38;2;252;249;239m[48;2;186;183;176m▀[0m[38;2;252;250;240m[48;2;192;189;182m▀[0m[38;2;252;250;240m[48;2;190;187;180m▀[0m[38;2;228;225;217m[48;2;177;174;167m▀[0m[38;2;182;179;172m[48;2;0;2;1m▀[0m                     
         [38;2;231;77;53m▀[0m[38;2;222;75;52m▀[0m    [38;2;213;209;201m▀[0m[38;2;196;192;185m▀[0m[38;2;212;70;48m[48;2;1;1;1m▀[0m                      
                                        
