                                        
                    [38;2;93;36;21m▄[0m[38;2;111;46;24m[48;2;114;46;26m▀[0m[38;2;104;42;23m▄[0m                 
           [38;2;143;58;35m[48;2;144;59;35m▀[0m[38;2;144;60;36m[48;2;143;58;35m▀[0m[38;2;144;59;35m▄[0m[38;2;143;58;35m▄[0m[38;2;0;0;0m▄[0m    [38;2;113;46;27m[48;2;112;46;24m▀[0m[38;2;111;46;25m[48;2;111;46;24m▀[0m[38;2;112;46;25m[48;2;111;45;25m▀[0m[38;2;114;46;25m▄[0m                
           [38;2;144;58;33m▀[0m[38;2;144;60;35m[48;2;127;56;29m▀[0m[38;2;143;58;35m[48;2;116;47;25m▀[0m[38;2;126;55;29m[48;2;114;46;26m▀[0m[38;2;115;46;26m[48;2;111;45;26m▀[0m[38;2;112;46;24m[48;2;111;45;26m▀[0m[38;2;111;45;26m▄[0m[38;2;21;8;4m▄[0m [38;2;112;46;26m[48;2;116;47;26m▀[0m[38;2;111;45;26m[48;2;110;45;26m▀[0m[38;2;111;45;26m[48;2;111;45;26m▀[0m[38;2;111;45;26m[48;2;105;42;24m▀[0m[38;2;83;32;18m▄[0m               
            [38;2;111;45;26m▀[0m[38;2;111;45;25m[48;2;111;45;24m▀[0m[38;2;111;45;25m[48;2;111;45;24m▀[0m[38;2;111;45;25m[48;2;111;45;24m▀[0m[38;2;111;45;25m[48;2;111;45;26m▀[0m[38;2;111;45;26m[48;2;111;45;26m▀[0m[38;2;111;45;26m[48;2;111;46;24m▀[0m[38;2;111;44;26m[48;2;111;46;24m▀[0m[38;2;5;2;2m[48;2;114;46;26m▀[0m[38;2;98;39;22m[48;2;72;28;15m▀[0m[38;2;91;38;20m[48;2;70;29;16m▀[0m[38;2;91;38;20m[48;2;81;33;19m▀[0m[38;2;91;38;20m[48;2;89;36;20m▀[0m               
              [38;2;111;45;25m▀[0m[38;2;112;46;25m[48;2;111;45;26m▀[0m[38;2;111;46;24m[48;2;111;45;26m▀[0m[38;2;111;45;25m[48;2;111;45;25m▀[0m[38;2;111;46;24m[48;2;111;46;24m▀[0m[38;2;111;46;24m[48;2;111;46;24m▀[0m[38;2;111;45;24m[48;2;111;45;25m▀[0m[38;2;115;48;25m[48;2;111;46;24m▀[0m[38;2;74;27;15m[48;2;62;25;13m▀[0m[38;2;74;27;15m[48;2;74;27;15m▀[0m[38;2;74;27;15m[48;2;74;27;15m▀[0m[38;2;1;1;1m▄[0m              
                [38;2;37;16;6m▀[0m[38;2;112;46;26m▀[0m[38;2;112;46;27m[48;2;12;4;2m▀[0m[38;2;111;46;25m[48;2;116;46;26m▀[0m[38;2;111;46;24m[48;2;113;46;28m▀[0m[38;2;113;46;28m[48;2;113;46;28m▀[0m[38;2;113;46;28m[48;2;112;46;24m▀[0m[38;2;72;28;15m[48;2;101;41;22m▀[0m[38;2;74;27;15m[48;2;73;28;15m▀[0m[38;2;10;5;1m▀[0m              
                   [38;2;137;124;42m▄[0m[38;2;255;240;83m▄[0m[38;2;143;58;33m[48;2;143;58;33m▀[0m[38;2;143;58;33m[48;2;143;58;33m▀[0m[38;2;122;50;28m[48;2;143;58;33m▀[0m[38;2;112;46;25m[48;2;120;49;27m▀[0m[38;2;111;45;24m[48;2;111;46;25m▀[0m[38;2;111;45;26m[48;2;111;46;24m▀[0m[38;2;115;46;26m[48;2;113;46;28m▀[0m[38;2;113;46;28m▄[0m[38;2;119;48;26m▄[0m          
    [38;2;1;1;1m▄[0m[38;2;4;3;1m[48;2;237;90;157m▀[0m[38;2;235;96;157m[48;2;238;94;152m▀[0m[38;2;38;19;26m[48;2;237;91;155m▀[0m[38;2;31;17;20m▄[0m        [38;2;6;4;1m▄[0m[38;2;226;206;64m[48;2;252;232;74m▀[0m[38;2;253;236;80m[48;2;252;237;79m▀[0m[38;2;253;235;80m[48;2;252;238;80m▀[0m[38;2;144;59;35m[48;2;255;227;35m▀[0m[38;2;144;59;35m[48;2;139;57;33m▀[0m[38;2;129;53;30m[48;2;114;46;26m▀[0m[38;2;114;46;27m[48;2;115;46;26m▀[0m[38;2;113;46;28m[48;2;112;46;26m▀[0m[38;2;116;47;25m[48;2;115;46;25m▀[0m[38;2;113;46;28m[48;2;114;46;26m▀[0m[38;2;113;46;28m[48;2;113;46;28m▀[0m[38;2;111;45;25m[48;2;251;245;92m▀[0m[38;2;110;45;25m[48;2;170;143;68m▀[0m[38;2;103;42;23m▄[0m        
    [38;2;11;7;4m▀[0m[38;2;226;81;151m[48;2;184;69;127m▀[0m[38;2;236;88;162m[48;2;186;69;127m▀[0m[38;2;236;87;162m[48;2;186;69;126m▀[0m[38;2;221;80;149m[48;2;2;3;2m▀[0m        [38;2;252;229;69m[48;2;251;227;69m▀[0m[38;2;252;232;74m[48;2;251;227;72m▀[0m[38;2;252;234;75m[48;2;251;226;72m▀[0m[38;2;252;231;72m[48;2;251;227;69m▀[0m[38;2;252;230;71m[48;2;251;227;69m▀[0m[38;2;43;34;17m[48;2;251;227;69m▀[0m[38;2;121;55;32m[48;2;90;89;86m▀[0m[38;2;252;250;244m[48;2;102;101;97m▀[0m[38;2;249;248;241m[48;2;248;248;239m▀[0m[38;2;116;47;25m[48;2;154;139;135m▀[0m[38;2;116;47;25m[48;2;113;46;28m▀[0m[38;2;32;16;10m[48;2;250;242;107m▀[0m[38;2;250;243;108m[48;2;250;242;108m▀[0m[38;2;250;242;108m[48;2;250;243;108m▀[0m[38;2;38;19;10m[48;2;251;245;110m▀[0m[38;2;109;44;25m▄[0m       
      [38;2;5;2;2m▀[0m[38;2;11;12;8m▄[0m[38;2;59;56;55m▀[0m[38;2;35;32;37m▄[0m      [38;2;9;6;1m▄[0m[38;2;252;229;69m[48;2;252;230;70m▀[0m[38;2;252;229;69m[48;2;252;230;71m▀[0m[38;2;252;229;70m[48;2;252;230;70m▀[0m[38;2;252;229;70m[48;2;252;229;69m▀[0m[38;2;252;230;71m[48;2;252;229;70m▀[0m[38;2;254;234;66m[48;2;214;192;57m▀[0m[38;2;37;37;32m[48;2;46;43;33m▀[0m[38;2;47;41;34m[48;2;46;41;33m▀[0m[38;2;252;250;242m[48;2;246;245;236m▀[0m[38;2;251;251;242m[48;2;249;249;241m▀[0m[38;2;113;46;28m[48;2;115;47;25m▀[0m[38;2;250;243;108m[48;2;250;244;110m▀[0m[38;2;250;243;108m[48;2;251;245;110m▀[0m[38;2;250;244;110m[48;2;250;244;110m▀[0m[38;2;250;244;110m[48;2;250;244;108m▀[0m[38;2;142;125;52m[48;2;251;243;101m▀[0m       
      [38;2;16;15;15m▀[0m[38;2;33;33;30m▄[0m[38;2;5;6;3m▄[0m[38;2;17;17;15m[48;2;46;18;10m▀[0m[38;2;144;59;35m▄[0m[38;2;144;59;35m[48;2;143;58;35m▀[0m[38;2;143;58;35m[48;2;50;31;15m▀[0m[38;2;62;37;24m[48;2;252;238;80m▀[0m[38;2;252;232;72m[48;2;252;237;79m▀[0m[38;2;252;231;70m[48;2;252;238;78m▀[0m[38;2;252;230;69m[48;2;252;234;72m▀[0m[38;2;252;230;70m[48;2;252;229;69m▀[0m[38;2;252;229;70m[48;2;251;227;69m▀[0m[38;2;252;230;70m[48;2;252;226;71m▀[0m[38;2;252;229;69m[48;2;252;226;72m▀[0m[38;2;251;227;70m[48;2;252;226;70m▀[0m[38;2;226;203;62m[48;2;252;229;70m▀[0m[38;2;73;69;53m[48;2;254;255;250m▀[0m[38;2;50;50;48m[48;2;255;255;250m▀[0m[38;2;255;255;245m[48;2;252;252;243m▀[0m[38;2;253;253;252m[48;2;253;234;73m▀[0m[38;2;114;46;26m[48;2;252;229;69m▀[0m[38;2;145;117;50m[48;2;92;46;26m▀[0m[38;2;250;244;109m[48;2;250;240;106m▀[0m[38;2;251;246;114m[48;2;251;245;117m▀[0m[38;2;251;247;116m[48;2;250;244;117m▀[0m[38;2;251;245;113m[48;2;250;244;118m▀[0m[38;2;250;244;115m▄[0m      
        [38;2;24;22;19m[48;2;112;46;25m▀[0m[38;2;143;58;34m[48;2;111;46;24m▀[0m[38;2;143;58;35m[48;2;113;46;26m▀[0m[38;2;144;60;36m[48;2;255;236;31m▀[0m[38;2;252;237;80m[48;2;252;229;69m▀[0m[38;2;252;237;79m[48;2;253;226;59m▀[0m[38;2;252;229;70m[48;2;252;226;72m▀[0m[38;2;252;229;69m[48;2;252;226;72m▀[0m[38;2;252;227;70m[48;2;252;226;72m▀[0m[38;2;252;226;72m[48;2;252;226;72m▀[0m[38;2;252;227;70m[48;2;252;229;69m▀[0m[38;2;252;227;71m[48;2;252;227;69m▀[0m[38;2;252;229;70m[48;2;252;226;72m▀[0m[38;2;252;230;71m[48;2;252;226;72m▀[0m[38;2;251;228;69m[48;2;252;226;72m▀[0m[38;2;117;105;38m[48;2;245;223;70m▀[0m[38;2;250;250;243m[48;2;252;226;70m▀[0m[38;2;151;137;43m[48;2;252;226;72m▀[0m[38;2;252;226;72m[48;2;252;226;72m▀[0m[38;2;252;226;70m[48;2;252;226;72m▀[0m[38;2;252;226;70m[48;2;252;226;72m▀[0m[38;2;251;226;72m[48;2;251;227;70m▀[0m[38;2;201;199;89m[48;2;237;90;167m▀[0m[38;2;230;94;152m[48;2;236;87;163m▀[0m[38;2;237;92;149m[48;2;236;86;165m▀[0m[38;2;237;93;148m[48;2;236;87;165m▀[0m[38;2;231;88;157m[48;2;236;86;164m▀[0m[38;2;17;8;10m▄[0m    
        [38;2;111;46;24m[48;2;111;45;25m▀[0m[38;2;111;46;24m[48;2;111;45;26m▀[0m[38;2;111;45;25m[48;2;111;45;26m▀[0m[38;2;251;227;70m[48;2;251;224;71m▀[0m[38;2;252;225;71m[48;2;252;225;71m▀[0m[38;2;252;226;72m[48;2;252;225;71m▀[0m[38;2;252;226;72m[48;2;252;225;70m▀[0m[38;2;251;227;69m[48;2;252;226;71m▀[0m[38;2;252;227;69m[48;2;252;227;71m▀[0m[38;2;252;226;72m[48;2;252;226;72m▀[0m[38;2;252;226;70m[48;2;252;226;71m▀[0m[38;2;252;227;70m[48;2;252;226;72m▀[0m[38;2;251;227;69m[48;2;252;226;72m▀[0m[38;2;251;227;70m[48;2;251;225;71m▀[0m[38;2;252;226;72m[48;2;79;70;22m▀[0m[38;2;54;38;44m[48;2;161;124;102m▀[0m[38;2;123;79;100m[48;2;167;127;105m▀[0m[38;2;229;202;65m[48;2;120;74;96m▀[0m[38;2;232;203;66m[48;2;119;74;97m▀[0m[38;2;232;205;67m[48;2;207;180;62m▀[0m[38;2;231;203;67m[48;2;214;185;61m▀[0m[38;2;233;206;67m[48;2;214;185;61m▀[0m[38;2;218;79;148m[48;2;187;70;127m▀[0m[38;2;236;86;163m[48;2;187;70;129m▀[0m[38;2;6;6;3m[48;2;187;70;127m▀[0m[38;2;236;87;165m[48;2;187;70;128m▀[0m[38;2;115;44;79m[48;2;188;69;128m▀[0m[38;2;8;7;6m▀[0m    
        [38;2;111;45;26m[48;2;102;42;23m▀[0m[38;2;111;45;26m[48;2;111;45;25m▀[0m[38;2;117;47;25m[48;2;111;45;25m▀[0m[38;2;252;226;72m[48;2;251;227;69m▀[0m[38;2;252;226;72m[48;2;251;227;69m▀[0m[38;2;252;226;70m[48;2;252;226;72m▀[0m[38;2;252;226;70m[48;2;252;226;71m▀[0m[38;2;252;226;71m[48;2;251;225;71m▀[0m[38;2;252;226;71m[48;2;252;226;72m▀[0m[38;2;252;226;71m[48;2;252;226;72m▀[0m[38;2;251;224;70m[48;2;252;226;72m▀[0m[38;2;251;225;70m[48;2;242;214;66m▀[0m[38;2;251;224;71m[48;2;213;184;61m▀[0m[38;2;223;194;63m[48;2;212;184;62m▀[0m[38;2;155;118;98m[48;2;196;149;122m▀[0m[38;2;163;125;102m[48;2;224;169;143m▀[0m[38;2;165;127;104m[48;2;224;169;144m▀[0m[38;2;50;39;33m[48;2;194;147;123m▀[0m[38;2;118;76;95m[48;2;118;76;96m▀[0m[38;2;119;76;95m[48;2;118;77;95m▀[0m[38;2;118;77;96m[48;2;215;186;60m▀[0m[38;2;217;190;61m[48;2;215;185;60m▀[0m[38;2;216;188;61m[48;2;214;185;61m▀[0m[38;2;220;190;65m[48;2;216;182;65m▀[0m[38;2;87;57;36m▀[0m[38;2;151;130;46m▀[0m      
      [38;2;215;186;62m▄[0m[38;2;213;184;62m[48;2;213;184;60m▀[0m[38;2;91;37;20m[48;2;38;27;15m▀[0m[38;2;91;38;20m[48;2;91;38;20m▀[0m[38;2;103;41;23m[48;2;91;37;20m▀[0m[38;2;246;221;67m[48;2;41;31;10m▀[0m[38;2;251;227;72m[48;2;216;187;61m▀[0m[38;2;252;226;72m[48;2;217;188;61m▀[0m[38;2;252;226;71m[48;2;91;81;28m▀[0m[38;2;252;227;65m[48;2;254;228;52m▀[0m[38;2;253;236;81m[48;2;252;237;79m▀[0m[38;2;251;227;70m[48;2;252;230;70m▀[0m[38;2;252;226;70m[48;2;252;230;72m▀[0m[38;2;218;204;69m[48;2;252;230;72m▀[0m[38;2;216;186;62m[48;2;217;189;61m▀[0m[38;2;215;186;63m[48;2;215;186;60m▀[0m[38;2;82;73;35m[48;2;214;186;60m▀[0m[38;2;224;169;143m[48;2;216;188;62m▀[0m[38;2;224;168;141m[48;2;215;186;60m▀[0m[38;2;223;168;141m[48;2;120;106;36m▀[0m[38;2;86;73;23m[48;2;158;130;66m▀[0m[38;2;215;185;60m[48;2;166;135;67m▀[0m[38;2;213;185;63m[48;2;0;1;0m▀[0m[38;2;71;63;23m▀[0m          
     [38;2;9;8;1m▄[0m[38;2;214;185;61m[48;2;214;185;61m▀[0m[38;2;213;185;62m[48;2;214;186;60m▀[0m[38;2;214;185;62m[48;2;214;186;60m▀[0m[38;2;91;38;20m[48;2;214;183;60m▀[0m[38;2;91;38;20m[48;2;91;38;20m▀[0m[38;2;91;38;20m[48;2;91;38;20m▀[0m[38;2;214;185;61m[48;2;69;32;18m▀[0m[38;2;214;185;61m[48;2;214;186;60m▀[0m[38;2;222;193;63m[48;2;214;186;59m▀[0m[38;2;252;230;65m[48;2;252;229;69m▀[0m[38;2;252;231;72m[48;2;252;230;70m▀[0m[38;2;252;229;70m[48;2;252;229;69m▀[0m[38;2;252;229;69m[48;2;252;230;70m▀[0m[38;2;252;229;70m[48;2;252;229;70m▀[0m[38;2;252;229;70m[48;2;252;229;68m▀[0m[38;2;215;185;60m[48;2;193;167;57m▀[0m[38;2;214;187;59m[48;2;213;186;60m▀[0m[38;2;215;186;61m[48;2;208;179;63m▀[0m[38;2;174;145;66m[48;2;175;146;67m▀[0m[38;2;167;138;67m[48;2;166;135;67m▀[0m[38;2;166;135;67m[48;2;165;134;68m▀[0m[38;2;166;135;67m[48;2;166;136;67m▀[0m[38;2;166;136;67m[48;2;166;135;67m▀[0m[38;2;41;35;17m[48;2;165;134;67m▀[0m[38;2;51;23;12m▄[0m         
     [38;2;26;26;6m▀[0m[38;2;215;186;60m[48;2;251;227;69m▀[0m[38;2;214;186;60m[48;2;237;209;66m▀[0m[38;2;214;185;61m[48;2;214;185;61m▀[0m[38;2;215;185;61m[48;2;3;3;1m▀[0m[38;2;213;183;60m▀[0m[38;2;95;38;20m▀[0m[38;2;91;38;20m▀[0m[38;2;91;38;21m[48;2;2;1;0m▀[0m[38;2;214;187;61m[48;2;46;19;9m▀[0m[38;2;174;150;49m[48;2;38;21;14m▀[0m[38;2;252;230;70m[48;2;232;214;68m▀[0m[38;2;252;228;72m[48;2;252;230;71m▀[0m[38;2;252;230;72m[48;2;252;227;70m▀[0m[38;2;252;230;72m[48;2;252;226;70m▀[0m[38;2;252;229;69m[48;2;251;227;70m▀[0m[38;2;247;226;72m[48;2;252;227;69m▀[0m  [38;2;59;51;22m▀[0m[38;2;165;135;68m▀[0m[38;2;165;135;68m▀[0m[38;2;165;135;66m[48;2;4;6;1m▀[0m[38;2;165;135;68m[48;2;37;24;10m▀[0m[38;2;66;26;14m[48;2;0;0;0m▀[0m[38;2;66;26;14m▀[0m         
      [38;2;252;231;66m▀[0m[38;2;251;227;69m▀[0m         [38;2;252;231;73m▀[0m[38;2;252;226;72m[48;2;15;13;4m▀[0m[38;2;252;226;72m[48;2;251;224;68m▀[0m[38;2;251;225;70m[48;2;111;45;25m▀[0m[38;2;121;87;37m[48;2;111;45;26m▀[0m[38;2;86;37;19m▄[0m                 
                                        
