                                        
                 [38;2;230;143;134m▄[0m[38;2;216;121;107m▄[0m[38;2;226;127;110m[48;2;196;93;77m▀[0m[38;2;243;129;112m▀[0m                   
            [38;2;233;132;116m▄[0m[38;2;225;126;109m▄[0m[38;2;220;124;109m▄[0m[38;2;197;111;96m[48;2;214;110;94m▀[0m[38;2;218;123;109m[48;2;196;93;77m▀[0m[38;2;207;109;94m[48;2;188;92;77m▀[0m[38;2;197;94;77m[48;2;204;98;80m▀[0m                     
          [38;2;100;64;61m▄[0m[38;2;14;7;6m[48;2;225;126;109m▀[0m[38;2;226;127;110m[48;2;226;127;110m▀[0m[38;2;226;127;111m[48;2;226;127;110m▀[0m[38;2;223;122;107m[48;2;225;126;110m▀[0m[38;2;226;128;111m[48;2;226;126;109m▀[0m[38;2;226;127;111m[48;2;226;127;110m▀[0m[38;2;194;94;78m[48;2;188;92;77m▀[0m[38;2;194;93;77m[48;2;188;92;77m▀[0m[38;2;200;97;80m▄[0m                    
          [38;2;154;89;80m▀[0m[38;2;226;128;110m[48;2;218;123;109m▀[0m[38;2;226;127;110m[48;2;226;127;110m▀[0m[38;2;149;96;88m[48;2;202;98;82m▀[0m[38;2;224;125;109m[48;2;217;114;97m▀[0m[38;2;223;124;108m[48;2;1;2;1m▀[0m[38;2;192;180;204m[48;2;239;230;235m▀[0m[38;2;195;93;77m[48;2;146;68;54m▀[0m[38;2;188;93;77m[48;2;197;94;77m▀[0m[38;2;213;115;101m[48;2;197;100;84m▀[0m[38;2;201;109;94m▄[0m                   
          [38;2;221;145;137m▄[0m[38;2;226;127;109m[48;2;226;126;111m▀[0m[38;2;226;127;111m[48;2;224;125;109m▀[0m[38;2;224;125;109m[48;2;226;127;110m▀[0m[38;2;168;82;67m[48;2;225;126;109m▀[0m[38;2;70;39;33m[48;2;219;113;97m▀[0m[38;2;200;103;86m[48;2;196;93;77m▀[0m[38;2;191;92;77m[48;2;194;93;77m▀[0m[38;2;191;93;77m[48;2;188;93;77m▀[0m[38;2;196;94;77m[48;2;195;94;77m▀[0m[38;2;198;93;78m▀[0m                   
          [38;2;226;126;110m[48;2;202;101;86m▀[0m[38;2;227;127;111m[48;2;183;92;78m▀[0m[38;2;209;106;90m[48;2;22;12;10m▀[0m[38;2;188;92;78m[48;2;184;91;78m▀[0m[38;2;178;92;78m[48;2;184;92;79m▀[0m[38;2;191;93;77m[48;2;176;89;77m▀[0m[38;2;197;94;77m[48;2;176;90;78m▀[0m[38;2;190;94;78m[48;2;176;90;77m▀[0m[38;2;186;92;78m[48;2;176;90;78m▀[0m[38;2;184;93;77m▀[0m        [38;2;142;73;73m▄[0m           
            [38;2;193;96;83m▀[0m[38;2;175;89;78m▀[0m[38;2;181;91;78m▀[0m[38;2;194;98;84m[48;2;206;105;89m▀[0m[38;2;176;89;77m[48;2;176;90;77m▀[0m[38;2;176;90;78m[48;2;178;91;79m▀[0m[38;2;176;90;78m[48;2;183;91;78m▀[0m         [38;2;184;92;67m▀[0m[38;2;226;109;54m▄[0m[38;2;229;126;72m▄[0m         
             [38;2;222;126;111m▄[0m[38;2;224;126;110m▄[0m[38;2;219;124;109m[48;2;64;55;50m▀[0m[38;2;224;125;108m[48;2;220;124;109m▀[0m[38;2;178;91;78m[48;2;226;127;110m▀[0m[38;2;180;91;79m[48;2;226;127;110m▀[0m[38;2;212;106;91m[48;2;222;125;109m▀[0m[38;2;229;140;126m▄[0m[38;2;5;3;1m▄[0m       [38;2;231;107;71m▀[0m[38;2;221;80;59m[48;2;248;206;112m▀[0m[38;2;228;116;64m[48;2;234;147;78m▀[0m[38;2;223;89;59m▄[0m       
        [38;2;22;13;12m▄[0m[38;2;216;132;124m▄[0m[38;2;70;36;29m[48;2;214;122;110m▀[0m[38;2;190;97;81m[48;2;189;95;78m▀[0m[38;2;188;94;78m[48;2;0;0;0m▀[0m[38;2;196;94;78m▀[0m[38;2;242;224;210m[48;2;238;219;205m▀[0m[38;2;240;217;205m[48;2;239;220;206m▀[0m[38;2;232;208;188m[48;2;235;212;195m▀[0m[38;2;226;127;109m[48;2;234;211;191m▀[0m[38;2;226;127;110m[48;2;225;126;110m▀[0m[38;2;226;127;111m[48;2;226;126;110m▀[0m[38;2;226;126;110m[48;2;207;102;83m▀[0m[38;2;225;127;110m[48;2;70;38;32m▀[0m[38;2;226;127;111m[48;2;226;127;110m▀[0m[38;2;218;123;109m▄[0m[38;2;226;127;111m▄[0m[38;2;0;0;0m▄[0m   [38;2;137;72;75m[48;2;227;111;73m▀[0m[38;2;235;152;113m[48;2;222;89;59m▀[0m[38;2;251;218;99m[48;2;249;209;103m▀[0m[38;2;229;136;106m[48;2;241;189;146m▀[0m[38;2;248;231;169m[48;2;173;143;102m▀[0m[38;2;226;99;58m▄[0m     
       [38;2;0;0;0m[48;2;223;135;125m▀[0m[38;2;225;136;125m[48;2;225;133;119m▀[0m[38;2;218;128;117m[48;2;207;112;98m▀[0m[38;2;190;95;77m▀[0m  [38;2;239;218;205m[48;2;240;216;205m▀[0m[38;2;240;217;205m[48;2;240;216;203m▀[0m[38;2;240;218;205m[48;2;236;208;197m▀[0m[38;2;238;215;199m[48;2;237;206;188m▀[0m[38;2;231;206;187m[48;2;231;206;187m▀[0m[38;2;220;124;109m[48;2;228;129;113m▀[0m[38;2;224;126;109m[48;2;218;124;109m▀[0m[38;2;197;94;77m[48;2;197;95;77m▀[0m[38;2;210;100;83m[48;2;191;93;77m▀[0m [38;2;41;22;19m▀[0m[38;2;220;124;109m[48;2;226;126;109m▀[0m[38;2;225;127;109m[48;2;222;125;109m▀[0m[38;2;130;63;51m▄[0m  [38;2;247;198;106m[48;2;220;75;58m▀[0m[38;2;249;208;107m[48;2;251;220;110m▀[0m[38;2;251;219;98m[48;2;251;222;124m▀[0m[38;2;227;129;74m[48;2;252;220;99m▀[0m[38;2;247;207;135m[48;2;227;116;65m▀[0m[38;2;227;113;56m[48;2;240;176;87m▀[0m     
     [38;2;194;119;111m▄[0m[38;2;228;147;136m[48;2;218;132;122m▀[0m[38;2;219;131;120m[48;2;242;242;243m▀[0m[38;2;221;122;108m[48;2;198;202;213m▀[0m[38;2;108;54;44m▀[0m  [38;2;247;219;208m[48;2;241;212;200m▀[0m[38;2;241;213;201m[48;2;241;214;202m▀[0m[38;2;241;213;200m[48;2;236;210;194m▀[0m[38;2;226;202;188m[48;2;234;203;186m▀[0m[38;2;225;199;182m[48;2;229;199;182m▀[0m[38;2;233;204;186m[48;2;230;200;183m▀[0m[38;2;49;28;23m[48;2;233;205;190m▀[0m[38;2;219;123;109m[48;2;220;116;101m▀[0m[38;2;195;93;77m[48;2;196;93;77m▀[0m[38;2;188;93;77m[48;2;196;93;77m▀[0m[38;2;7;3;3m[48;2;201;96;79m▀[0m [38;2;226;126;110m[48;2;228;134;118m▀[0m[38;2;223;125;109m[48;2;226;126;109m▀[0m[38;2;207;101;85m[48;2;207;108;93m▀[0m   [38;2;240;173;115m[48;2;245;218;124m▀[0m[38;2;251;220;102m[48;2;251;224;145m▀[0m[38;2;251;223;126m[48;2;246;195;106m▀[0m[38;2;224;97;62m[48;2;251;222;142m▀[0m[38;2;247;196;108m▀[0m     
     [38;2;232;232;232m[48;2;32;32;32m▀[0m[38;2;192;196;207m[48;2;88;90;96m▀[0m[38;2;246;246;246m▀[0m    [38;2;240;213;200m[48;2;225;197;180m▀[0m[38;2;235;211;193m[48;2;233;206;188m▀[0m[38;2;234;209;189m[48;2;228;203;184m▀[0m[38;2;231;206;187m[48;2;228;203;184m▀[0m[38;2;233;203;186m[48;2;231;207;188m▀[0m[38;2;227;198;181m[48;2;225;197;180m▀[0m[38;2;228;199;183m[48;2;204;175;158m▀[0m[38;2;196;94;77m[48;2;188;92;77m▀[0m[38;2;194;92;77m[48;2;201;103;87m▀[0m[38;2;196;93;77m[48;2;224;124;108m▀[0m[38;2;189;92;77m[48;2;196;93;77m▀[0m [38;2;224;146;136m[48;2;61;61;60m▀[0m[38;2;218;123;109m[48;2;210;111;96m▀[0m[38;2;217;111;95m[48;2;118;54;43m▀[0m[38;2;189;92;77m[48;2;188;94;77m▀[0m   [38;2;252;228;136m▀[0m[38;2;203;173;103m[48;2;213;110;92m▀[0m[38;2;205;93;61m▀[0m      
          [38;2;6;3;2m▄[0m[38;2;18;10;8m[48;2;218;123;109m▀[0m[38;2;230;203;187m[48;2;235;132;115m▀[0m[38;2;224;196;180m[48;2;232;201;184m▀[0m[38;2;231;207;188m[48;2;232;204;187m▀[0m[38;2;232;208;189m[48;2;233;205;187m▀[0m[38;2;231;206;187m[48;2;231;203;185m▀[0m[38;2;232;204;186m[48;2;198;172;155m▀[0m[38;2;196;167;152m[48;2;196;167;151m▀[0m[38;2;215;114;99m[48;2;218;123;109m▀[0m[38;2;218;123;109m[48;2;221;125;110m▀[0m[38;2;225;126;110m[48;2;226;127;109m▀[0m[38;2;218;113;96m[48;2;218;123;109m▀[0m[38;2;197;94;77m[48;2;196;93;77m▀[0m[38;2;248;248;248m[48;2;247;247;249m▀[0m [38;2;238;238;240m[48;2;192;196;207m▀[0m[38;2;194;198;209m[48;2;171;175;185m▀[0m[38;2;0;0;0m▀[0m  [38;2;79;39;33m[48;2;213;108;90m▀[0m[38;2;47;23;19m▀[0m       
         [38;2;218;126;112m▄[0m[38;2;224;124;109m[48;2;224;126;110m▀[0m[38;2;225;126;109m[48;2;226;128;110m▀[0m[38;2;218;114;98m[48;2;179;91;77m▀[0m[38;2;199;176;159m[48;2;180;91;79m▀[0m[38;2;200;173;156m[48;2;198;172;155m▀[0m[38;2;197;170;153m[48;2;197;171;155m▀[0m[38;2;198;169;153m[48;2;194;166;150m▀[0m[38;2;196;167;151m[48;2;191;164;148m▀[0m[38;2;193;166;150m[48;2;201;175;158m▀[0m[38;2;226;128;111m[48;2;225;126;109m▀[0m[38;2;218;123;109m[48;2;225;126;109m▀[0m[38;2;224;125;110m[48;2;225;127;110m▀[0m[38;2;226;126;110m[48;2;220;124;109m▀[0m[38;2;200;100;83m[48;2;206;107;94m▀[0m[38;2;190;93;77m[48;2;188;92;77m▀[0m[38;2;140;74;66m[48;2;168;88;79m▀[0m[38;2;0;0;0m[48;2;166;88;79m▀[0m[38;2;173;90;80m▄[0m[38;2;167;88;79m▄[0m[38;2;207;105;89m[48;2;174;90;81m▀[0m[38;2;168;88;78m[48;2;54;47;43m▀[0m[38;2;200;180;163m▀[0m        
        [38;2;10;4;4m▀[0m[38;2;222;151;146m[48;2;218;123;109m▀[0m[38;2;221;125;109m[48;2;201;103;87m▀[0m[38;2;214;109;92m[48;2;176;89;77m▀[0m[38;2;182;92;79m[48;2;176;89;77m▀[0m[38;2;176;89;77m[48;2;178;90;78m▀[0m[38;2;175;89;77m[48;2;181;91;79m▀[0m[38;2;194;171;154m▀[0m[38;2;191;163;149m▀[0m[38;2;194;165;150m▀[0m[38;2;204;175;158m[48;2;97;87;80m▀[0m[38;2;225;126;110m[48;2;226;127;111m▀[0m[38;2;223;131;118m[48;2;227;148;139m▀[0m[38;2;226;127;110m[48;2;225;126;109m▀[0m[38;2;226;127;110m[48;2;220;124;109m▀[0m[38;2;215;110;94m[48;2;198;101;84m▀[0m[38;2;189;92;77m[48;2;196;94;78m▀[0m[38;2;166;88;79m[48;2;165;148;137m▀[0m[38;2;172;89;80m[48;2;166;144;134m▀[0m[38;2;172;89;80m[48;2;166;145;135m▀[0m[38;2;189;101;90m[48;2;173;153;142m▀[0m[38;2;179;156;143m▀[0m          
         [38;2;177;90;78m[48;2;216;110;94m▀[0m[38;2;177;90;77m[48;2;183;91;78m▀[0m[38;2;176;90;77m[48;2;176;90;78m▀[0m[38;2;176;90;77m[48;2;176;90;78m▀[0m[38;2;180;90;78m[48;2;180;90;78m▀[0m     [38;2;214;107;89m▀[0m[38;2;225;127;109m[48;2;196;94;77m▀[0m[38;2;221;124;108m[48;2;197;94;77m▀[0m[38;2;215;109;92m[48;2;197;94;77m▀[0m[38;2;188;92;77m[48;2;188;92;77m▀[0m[38;2;195;92;77m[48;2;188;93;77m▀[0m               
       [38;2;80;82;87m▄[0m[38;2;10;10;10m[48;2;192;196;207m▀[0m[38;2;223;122;107m[48;2;216;217;224m▀[0m[38;2;180;91;78m[48;2;192;96;83m▀[0m[38;2;182;91;78m[48;2;182;92;78m▀[0m[38;2;180;91;79m▀[0m[38;2;176;90;77m▀[0m      [38;2;241;129;112m[48;2;230;129;112m▀[0m[38;2;195;95;78m[48;2;211;108;92m▀[0m[38;2;188;92;77m[48;2;189;93;77m▀[0m[38;2;196;93;77m[48;2;188;92;77m▀[0m[38;2;192;93;77m[48;2;120;58;48m▀[0m[38;2;25;11;9m▄[0m              
        [38;2;162;163;162m▀[0m          [38;2;241;240;241m▀[0m[38;2;70;71;76m▀[0m[38;2;255;255;255m[48;2;13;13;13m▀[0m[38;2;192;196;207m▀[0m[38;2;202;97;81m▀[0m[38;2;198;201;211m[48;2;185;187;192m▀[0m               
                                        
