                                        
                     [38;2;140;212;224m▄[0m                  
                    [38;2;138;203;215m▄[0m[38;2;139;209;222m[48;2;138;203;214m▀[0m[38;2;40;52;51m▄[0m                 
                 [38;2;48;71;73m▄[0m[38;2;143;207;218m▄[0m[38;2;139;205;216m▄[0m[38;2;138;204;215m[48;2;137;203;215m▀[0m[38;2;123;176;182m[48;2;135;200;211m▀[0m[38;2;107;149;151m[48;2;111;153;155m▀[0m                 
              [38;2;102;100;101m[48;2;59;57;57m▀[0m[38;2;47;45;44m[48;2;142;206;216m▀[0m[38;2;143;205;215m[48;2;162;213;220m▀[0m[38;2;161;210;216m[48;2;161;211;218m▀[0m[38;2;161;210;216m[48;2;161;211;218m▀[0m[38;2;162;214;220m[48;2;161;211;218m▀[0m[38;2;157;212;221m[48;2;161;211;218m▀[0m[38;2;138;206;218m[48;2;141;207;218m▀[0m[38;2;138;206;218m[48;2;138;208;219m▀[0m[38;2;138;207;219m[48;2;138;208;220m▀[0m[38;2;93;93;95m▄[0m[38;2;118;114;113m▄[0m              
              [38;2;139;207;219m[48;2;138;210;222m▀[0m[38;2;161;212;219m[48;2;163;216;222m▀[0m[38;2;161;211;218m[48;2;163;215;221m▀[0m[38;2;163;214;220m[48;2;163;216;222m▀[0m[38;2;163;214;220m[48;2;165;218;224m▀[0m[38;2;162;213;220m[48;2;159;219;224m▀[0m[38;2;152;212;221m[48;2;141;212;223m▀[0m[38;2;139;209;222m[48;2;140;212;224m▀[0m[38;2;138;209;222m[48;2;140;212;224m▀[0m[38;2;142;213;224m[48;2;140;212;224m▀[0m[38;2;92;92;95m[48;2;147;221;234m▀[0m[38;2;93;93;96m[48;2;75;73;74m▀[0m              
           [38;2;182;183;184m▀[0m[38;2;50;51;50m▄[0m[38;2;138;211;223m[48;2;141;215;228m▀[0m[38;2;143;213;224m[48;2;139;212;224m▀[0m[38;2;146;214;224m[48;2;133;202;212m▀[0m[38;2;149;214;224m[48;2;138;207;219m▀[0m[38;2;149;214;224m[48;2;138;205;217m▀[0m[38;2;142;213;224m[48;2;138;205;217m▀[0m[38;2;140;212;224m[48;2;138;204;216m▀[0m[38;2;138;207;219m[48;2;138;205;216m▀[0m[38;2;138;207;218m[48;2;114;167;175m▀[0m[38;2;141;211;223m[48;2;137;203;214m▀[0m[38;2;137;204;215m[48;2;137;204;215m▀[0m[38;2;137;204;215m[48;2;129;189;197m▀[0m[38;2;109;150;152m[48;2;109;150;153m▀[0m [38;2;245;245;245m▄[0m            
             [38;2;228;227;227m▀[0m[38;2;139;206;217m[48;2;242;244;247m▀[0m[38;2;40;36;36m[48;2;139;208;220m▀[0m[38;2;29;28;27m[48;2;147;221;235m▀[0m[38;2;139;207;218m[48;2;213;125;124m▀[0m[38;2;139;206;217m[48;2;213;135;133m▀[0m[38;2;138;205;216m[48;2;138;208;221m▀[0m[38;2;26;35;34m[48;2;141;214;227m▀[0m[38;2;59;58;59m[48;2;88;81;79m▀[0m[38;2;139;210;221m[48;2;139;210;223m▀[0m[38;2;139;209;222m[48;2;101;105;105m▀[0m[38;2;111;153;155m[48;2;234;234;235m▀[0m[38;2;235;234;234m▀[0m              
            [38;2;235;235;235m▄[0m [38;2;246;248;251m▀[0m[38;2;138;207;220m▀[0m[38;2;139;209;221m[48;2;143;217;228m▀[0m[38;2;140;211;223m[48;2;141;214;226m▀[0m[38;2;71;105;106m[48;2;143;213;224m▀[0m[38;2;138;208;220m[48;2;102;154;161m▀[0m[38;2;138;208;220m[48;2;138;211;223m▀[0m[38;2;138;209;221m[48;2;113;156;159m▀[0m[38;2;238;242;246m[48;2;111;152;154m▀[0m[38;2;76;80;79m▀[0m[38;2;185;184;185m▄[0m[38;2;166;168;168m▄[0m[38;2;96;129;136m▄[0m[38;2;66;64;66m▄[0m[38;2;66;64;66m▄[0m[38;2;73;72;73m▄[0m          
                  [38;2;89;119;125m[48;2;111;152;154m▀[0m[38;2;65;85;88m[48;2;108;148;152m▀[0m[38;2;93;124;130m[48;2;104;138;146m▀[0m[38;2;95;126;133m[48;2;94;126;132m▀[0m[38;2;97;129;136m[48;2;98;128;136m▀[0m[38;2;93;125;131m[48;2;93;123;131m▀[0m[38;2;95;126;133m[48;2;93;123;131m▀[0m[38;2;94;125;132m[48;2;94;125;130m▀[0m[38;2;95;126;133m[48;2;113;157;168m▀[0m[38;2;60;57;58m▀[0m[38;2;33;33;32m▀[0m[38;2;9;9;5m▀[0m          
                  [38;2;140;212;224m[48;2;138;204;216m▀[0m[38;2;147;214;224m[48;2;148;207;216m▀[0m[38;2;162;211;218m[48;2;161;211;218m▀[0m[38;2;161;211;218m[48;2;164;218;223m▀[0m[38;2;138;205;217m[48;2;141;213;224m▀[0m[38;2;94;125;132m[48;2;138;205;218m▀[0m[38;2;94;126;134m▀[0m               
                 [38;2;127;187;197m[48;2;45;64;89m▀[0m[38;2;138;205;216m[48;2;73;106;154m▀[0m[38;2;38;53;53m[48;2;69;95;134m▀[0m[38;2;138;206;217m[48;2;109;149;152m▀[0m[38;2;138;205;216m[48;2;73;108;113m▀[0m[38;2;139;206;218m[48;2;138;205;217m▀[0m[38;2;139;206;218m[48;2;145;216;228m▀[0m[38;2;93;93;95m[48;2;89;89;91m▀[0m[38;2;13;14;11m[48;2;75;73;74m▀[0m[38;2;40;39;38m[48;2;75;73;74m▀[0m             
               [38;2;177;169;132m▄[0m[38;2;21;31;42m[48;2;236;223;175m▀[0m[38;2;73;107;155m[48;2;73;106;153m▀[0m[38;2;73;106;154m[48;2;74;106;153m▀[0m[38;2;73;106;153m[48;2;73;107;154m▀[0m[38;2;65;84;115m[48;2;73;107;155m▀[0m[38;2;108;147;150m[48;2;69;94;132m▀[0m[38;2;65;84;115m[48;2;74;107;154m▀[0m[38;2;70;97;138m[48;2;73;107;155m▀[0m[38;2;73;106;153m[48;2;74;108;157m▀[0m[38;2;70;99;141m[48;2;74;108;157m▀[0m[38;2;75;74;75m[48;2;179;161;119m▀[0m[38;2;38;35;26m▄[0m            
         [38;2;93;93;95m▄[0m[38;2;93;92;95m▄[0m[38;2;94;93;96m[48;2;93;92;95m▀[0m[38;2;93;93;95m[48;2;90;89;91m▀[0m[38;2;92;92;94m[48;2;27;25;21m▀[0m[38;2;237;224;175m[48;2;240;226;175m▀[0m[38;2;240;227;177m[48;2;240;226;176m▀[0m[38;2;168;158;124m[48;2;242;228;169m▀[0m[38;2;44;48;48m[48;2;239;225;171m▀[0m[38;2;72;107;156m[48;2;76;111;162m▀[0m[38;2;72;107;156m[48;2;73;108;157m▀[0m[38;2;73;107;156m[48;2;73;108;157m▀[0m[38;2;73;108;157m[48;2;73;107;157m▀[0m[38;2;74;108;157m[48;2;73;107;157m▀[0m[38;2;74;108;157m[48;2;73;107;157m▀[0m[38;2;73;107;157m[48;2;73;107;157m▀[0m[38;2;49;71;103m[48;2;74;109;161m▀[0m[38;2;242;228;168m[48;2;176;158;119m▀[0m[38;2;174;157;119m[48;2;175;158;119m▀[0m[38;2;174;158;119m▄[0m           
        [38;2;94;94;97m▀[0m[38;2;93;93;96m[48;2;76;74;75m▀[0m[38;2;84;83;86m[48;2;69;68;70m▀[0m[38;2;74;72;73m[48;2;66;64;67m▀[0m[38;2;73;72;73m[48;2;66;64;67m▀[0m[38;2;84;78;59m[48;2;172;156;117m▀[0m[38;2;255;251;186m[48;2;187;172;129m▀[0m[38;2;238;224;165m[48;2;172;156;118m▀[0m[38;2;249;233;170m[48;2;174;159;119m▀[0m[38;2;209;191;141m[48;2;49;72;104m▀[0m[38;2;73;107;157m[48;2;73;108;157m▀[0m[38;2;73;107;157m[48;2;74;108;157m▀[0m[38;2;73;107;156m[48;2;74;108;157m▀[0m[38;2;73;108;156m[48;2;144;210;217m▀[0m[38;2;73;107;157m[48;2;137;201;210m▀[0m[38;2;73;107;157m[48;2;73;107;155m▀[0m[38;2;73;108;157m[48;2;72;106;155m▀[0m[38;2;73;107;157m[48;2;73;107;155m▀[0m[38;2;187;169;127m[48;2;73;106;154m▀[0m[38;2;142;131;98m[48;2;67;91;127m▀[0m[38;2;173;157;118m[48;2;180;164;125m▀[0m           
          [38;2;14;15;13m▀[0m[38;2;66;64;66m[48;2;74;109;159m▀[0m[38;2;66;63;66m[48;2;73;108;157m▀[0m[38;2;175;159;119m[48;2;73;107;157m▀[0m[38;2;175;158;119m[48;2;73;107;157m▀[0m[38;2;110;102;75m[48;2;73;107;157m▀[0m[38;2;73;107;154m[48;2;73;108;157m▀[0m[38;2;74;108;157m[48;2;73;107;156m▀[0m[38;2;74;108;157m[48;2;113;155;158m▀[0m[38;2;74;108;157m[48;2;121;173;179m▀[0m[38;2;139;211;224m[48;2;136;201;212m▀[0m[38;2;138;205;217m[48;2;137;204;215m▀[0m[38;2;138;206;218m[48;2;137;203;214m▀[0m[38;2;138;205;217m[48;2;137;203;214m▀[0m[38;2;73;107;155m[48;2;127;186;193m▀[0m[38;2;73;106;154m[48;2;115;162;166m▀[0m[38;2;73;106;153m[48;2;41;54;54m▀[0m[38;2;73;107;154m[48;2;74;109;157m▀[0m[38;2;73;107;155m[48;2;73;106;154m▀[0m[38;2;64;85;116m[48;2;73;106;153m▀[0m[38;2;62;90;128m▄[0m         
            [38;2;73;108;158m▀[0m[38;2;73;107;156m[48;2;109;149;151m▀[0m[38;2;72;107;156m[48;2;108;148;150m▀[0m[38;2;66;96;139m[48;2;108;149;152m▀[0m[38;2;112;153;156m[48;2;108;148;152m▀[0m[38;2;108;148;151m[48;2;115;159;164m▀[0m[38;2;108;148;151m▀[0m[38;2;108;148;150m▀[0m[38;2;108;147;151m▀[0m[38;2;107;147;151m▀[0m[38;2;108;148;150m▀[0m[38;2;108;148;151m▀[0m[38;2;109;149;152m▀[0m[38;2;109;149;152m▀[0m[38;2;108;149;152m[48;2;101;137;142m▀[0m[38;2;108;149;151m[48;2;92;123;130m▀[0m[38;2;108;147;151m[48;2;95;126;134m▀[0m           
            [38;2;48;47;46m▄[0m[38;2;109;149;151m[48;2;42;36;36m▀[0m[38;2;108;149;151m[48;2;31;31;29m▀[0m[38;2;99;135;137m▀[0m         [38;2;69;67;70m▀[0m[38;2;65;64;66m[48;2;71;70;72m▀[0m[38;2;66;64;66m[48;2;88;88;89m▀[0m[38;2;93;93;95m▄[0m[38;2;100;100;103m▄[0m          
          [38;2;95;95;97m▄[0m[38;2;75;73;74m[48;2;104;101;103m▀[0m[38;2;76;74;74m[48;2;94;94;96m▀[0m[38;2;76;74;75m[48;2;93;93;96m▀[0m                          
                                        
