                                        
                [38;2;246;234;194m▄[0m                       
  [38;2;243;234;200m▄[0m[38;2;52;50;42m▄[0m            [38;2;229;214;161m[48;2;216;203;147m▀[0m  [38;2;213;200;147m▄[0m[38;2;6;6;5m[48;2;62;59;44m▀[0m                   
    [38;2;237;224;186m▀[0m[38;2;237;224;185m[48;2;156;148;123m▀[0m[38;2;26;26;21m[48;2;222;209;160m▀[0m[38;2;217;204;149m▄[0m[38;2;213;200;145m▄[0m[38;2;211;199;144m▄[0m[38;2;109;104;85m[48;2;90;84;62m▀[0m [38;2;73;69;59m▄[0m[38;2;232;220;186m▄[0m[38;2;220;207;165m[48;2;231;219;183m▀[0m[38;2;228;216;176m[48;2;219;206;157m▀[0m[38;2;215;202;153m[48;2;196;184;133m▀[0m[38;2;212;199;145m[48;2;212;199;144m▀[0m[38;2;232;220;185m[48;2;212;199;144m▀[0m[38;2;213;201;147m[48;2;185;175;128m▀[0m[38;2;151;143;105m[48;2;224;211;162m▀[0m[38;2;227;213;163m▄[0m                  
      [38;2;51;47;35m[48;2;86;81;62m▀[0m[38;2;206;194;140m[48;2;106;100;74m▀[0m[38;2;210;198;144m▀[0m[38;2;207;195;141m[48;2;219;205;149m▀[0m[38;2;212;200;145m[48;2;215;202;146m▀[0m[38;2;216;204;148m[48;2;215;202;147m▀[0m[38;2;215;202;151m[48;2;212;200;145m▀[0m[38;2;214;201;148m[48;2;214;201;146m▀[0m[38;2;211;198;143m[48;2;214;201;147m▀[0m[38;2;218;205;148m[48;2;214;201;145m▀[0m[38;2;215;202;147m[48;2;216;203;147m▀[0m[38;2;237;223;179m[48;2;222;209;151m▀[0m[38;2;231;218;181m[48;2;217;204;147m▀[0m[38;2;230;217;181m[48;2;151;142;106m▀[0m[38;2;232;219;181m[48;2;184;173;144m▀[0m[38;2;233;221;182m[48;2;224;211;167m▀[0m[38;2;128;121;98m[48;2;236;222;184m▀[0m                 
      [38;2;13;13;10m▀[0m [38;2;227;234;245m▄[0m [38;2;238;230;165m[48;2;203;189;136m▀[0m[38;2;218;205;147m[48;2;73;69;53m▀[0m[38;2;217;204;150m[48;2;62;92;132m▀[0m[38;2;235;223;183m[48;2;77;42;34m▀[0m[38;2;213;198;143m[48;2;102;97;92m▀[0m[38;2;221;208;149m[48;2;163;148;109m▀[0m[38;2;221;208;148m[48;2;166;152;112m▀[0m[38;2;227;210;149m[48;2;128;128;130m▀[0m[38;2;162;152;108m[48;2;237;235;233m▀[0m[38;2;245;245;245m[48;2;169;153;112m▀[0m[38;2;222;208;150m[48;2;157;144;106m▀[0m[38;2;215;201;144m[48;2;157;142;107m▀[0m[38;2;222;208;149m[48;2;150;138;103m▀[0m[38;2;144;134;98m[48;2;155;141;106m▀[0m    [38;2;64;63;61m▄[0m[38;2;195;192;190m▄[0m          
        [38;2;234;240;252m[48;2;198;199;205m▀[0m[38;2;167;165;166m[48;2;160;157;159m▀[0m[38;2;106;138;194m[48;2;92;52;40m▀[0m[38;2;63;113;174m[48;2;61;90;129m▀[0m[38;2;64;100;149m[48;2;8;8;6m▀[0m[38;2;60;89;126m[48;2;223;230;240m▀[0m[38;2;62;91;130m[48;2;223;230;240m▀[0m[38;2;145;149;155m[48;2;220;226;236m▀[0m[38;2;224;230;237m[48;2;223;231;241m▀[0m[38;2;236;234;233m[48;2;228;235;243m▀[0m[38;2;238;236;235m[48;2;239;238;235m▀[0m[38;2;153;140;103m[48;2;58;58;55m▀[0m[38;2;172;157;117m[48;2;60;57;42m▀[0m[38;2;167;153;113m[48;2;50;50;45m▀[0m[38;2;169;155;114m[48;2;193;197;205m▀[0m[38;2;168;154;114m[48;2;232;239;249m▀[0m[38;2;1;1;0m[48;2;234;238;242m▀[0m[38;2;239;239;237m▄[0m[38;2;156;155;154m[48;2;238;237;234m▀[0m[38;2;240;239;236m[48;2;238;237;234m▀[0m[38;2;238;237;235m▀[0m  [38;2;54;52;39m▄[0m        
            [38;2;40;33;30m▀[0m[38;2;176;121;129m[48;2;59;79;104m▀[0m[38;2;61;90;128m[48;2;167;165;167m▀[0m[38;2;75;76;75m[48;2;168;165;166m▀[0m[38;2;108;110;113m[48;2;39;40;42m▀[0m[38;2;153;155;160m[48;2;228;236;247m▀[0m[38;2;226;233;243m[48;2;228;236;247m▀[0m[38;2;230;236;247m[48;2;228;236;246m▀[0m[38;2;225;233;244m[48;2;228;236;248m▀[0m[38;2;225;231;241m[48;2;234;238;248m▀[0m[38;2;225;232;241m[48;2;233;237;248m▀[0m[38;2;226;233;242m[48;2;226;233;243m▀[0m[38;2;228;234;242m[48;2;227;234;244m▀[0m[38;2;240;239;236m[48;2;233;236;240m▀[0m[38;2;244;242;241m[48;2;246;246;245m▀[0m[38;2;38;64;97m[48;2;60;90;129m▀[0m[38;2;56;82;116m[48;2;60;89;126m▀[0m[38;2;131;143;143m▄[0m[38;2;4;4;3m[48;2;163;149;113m▀[0m[38;2;213;201;147m[48;2;165;150;112m▀[0m  [38;2;1;1;0m▄[0m[38;2;62;91;130m▄[0m[38;2;62;90;129m▄[0m[38;2;63;90;129m▄[0m  
              [38;2;230;237;249m[48;2;82;85;87m▀[0m [38;2;59;80;113m[48;2;59;80;113m▀[0m[38;2;60;80;113m[48;2;59;80;113m▀[0m[38;2;230;236;246m[48;2;60;90;129m▀[0m[38;2;229;235;248m[48;2;60;89;127m▀[0m[38;2;171;174;180m[48;2;34;51;73m▀[0m[38;2;227;234;244m[48;2;150;154;157m▀[0m[38;2;228;236;246m[48;2;6;7;3m▀[0m[38;2;223;229;240m▀[0m[38;2;199;205;209m▀[0m  [38;2;61;90;129m[48;2;61;89;128m▀[0m[38;2;61;90;128m[48;2;60;89;128m▀[0m[38;2;127;139;139m[48;2;25;28;28m▀[0m[38;2;162;148;113m[48;2;124;136;136m▀[0m[38;2;126;137;138m[48;2;35;50;70m▀[0m[38;2;126;138;139m[48;2;62;88;126m▀[0m[38;2;60;90;129m[48;2;62;88;126m▀[0m[38;2;61;90;129m[48;2;62;88;126m▀[0m[38;2;61;89;128m[48;2;62;88;126m▀[0m[38;2;61;89;127m▀[0m   
                [38;2;60;87;125m[48;2;60;88;125m▀[0m[38;2;60;79;111m[48;2;61;90;128m▀[0m[38;2;61;88;126m[48;2;61;94;139m▀[0m[38;2;61;88;126m[48;2;64;111;170m▀[0m[38;2;64;113;175m[48;2;64;111;170m▀[0m[38;2;64;113;175m[48;2;64;111;169m▀[0m[38;2;11;13;17m[48;2;63;112;171m▀[0m[38;2;69;121;187m▄[0m   [38;2;26;32;38m▀[0m[38;2;58;74;104m[48;2;59;75;103m▀[0m[38;2;90;97;104m[48;2;58;74;104m▀[0m[38;2;61;88;125m[48;2;58;74;104m▀[0m[38;2;62;87;124m[48;2;64;86;121m▀[0m[38;2;62;88;125m▀[0m[38;2;62;88;126m▀[0m[38;2;6;5;1m▀[0m     
               [38;2;67;117;181m[48;2;64;111;170m▀[0m[38;2;39;56;76m[48;2;73;115;171m▀[0m[38;2;79;117;173m[48;2;89;121;174m▀[0m[38;2;64;111;170m[48;2;64;110;168m▀[0m[38;2;64;111;170m[48;2;64;110;169m▀[0m[38;2;64;111;170m[48;2;64;111;169m▀[0m[38;2;65;110;170m[48;2;64;111;170m▀[0m[38;2;64;110;168m[48;2;64;111;169m▀[0m[38;2;63;110;168m[48;2;63;112;172m▀[0m[38;2;65;110;169m[48;2;65;113;173m▀[0m[38;2;64;111;169m[48;2;64;114;175m▀[0m[38;2;63;112;170m[48;2;64;113;174m▀[0m[38;2;63;111;171m[48;2;74;117;177m▀[0m[38;2;76;118;175m[48;2;99;129;181m▀[0m[38;2;67;103;152m[48;2;99;129;182m▀[0m[38;2;80;120;178m▄[0m         
             [38;2;186;177;148m[48;2;40;67;102m▀[0m[38;2;65;113;172m[48;2;69;114;173m▀[0m[38;2;167;193;199m[48;2;162;188;194m▀[0m[38;2;80;119;174m[48;2;140;160;164m▀[0m[38;2;64;112;171m[48;2;64;113;175m▀[0m[38;2;63;112;173m[48;2;175;199;203m▀[0m[38;2;45;82;128m[48;2;169;193;196m▀[0m[38;2;63;112;173m[48;2;92;101;94m▀[0m[38;2;65;114;175m[48;2;63;113;174m▀[0m[38;2;65;114;175m[48;2;121;145;192m▀[0m[38;2;67;114;176m[48;2;64;113;174m▀[0m[38;2;65;114;175m[48;2;65;117;181m▀[0m[38;2;63;113;176m[48;2;236;225;188m▀[0m[38;2;63;113;175m[48;2;63;113;173m▀[0m[38;2;71;115;175m[48;2;64;113;175m▀[0m[38;2;73;117;175m[48;2;64;113;174m▀[0m[38;2;69;114;173m[48;2;64;113;175m▀[0m[38;2;64;114;175m[48;2;64;113;175m▀[0m[38;2;29;44;64m[48;2;63;113;174m▀[0m        
          [38;2;221;207;151m▄[0m[38;2;220;207;153m[48;2;187;174;124m▀[0m[38;2;30;32;29m[48;2;63;112;172m▀[0m[38;2;64;113;174m[48;2;63;113;174m▀[0m[38;2;42;78;123m[48;2;68;119;183m▀[0m[38;2;168;191;196m[48;2;166;190;196m▀[0m[38;2;166;191;196m[48;2;165;191;196m▀[0m[38;2;166;190;196m[48;2;168;192;197m▀[0m[38;2;165;190;195m[48;2;170;193;197m▀[0m[38;2;166;190;196m[48;2;170;193;197m▀[0m[38;2;165;190;195m[48;2;166;192;197m▀[0m[38;2;63;113;174m[48;2;53;88;131m▀[0m[38;2;117;141;188m[48;2;83;120;176m▀[0m[38;2;63;113;175m[48;2;64;112;172m▀[0m[38;2;65;115;179m[48;2;63;111;171m▀[0m[38;2;234;221;184m[48;2;214;201;146m▀[0m[38;2;63;112;174m[48;2;36;58;86m▀[0m[38;2;64;110;169m[48;2;61;88;126m▀[0m[38;2;64;112;173m[48;2;63;112;171m▀[0m[38;2;64;112;173m[48;2;63;112;171m▀[0m[38;2;64;112;173m[48;2;222;209;151m▀[0m[38;2;64;111;171m[48;2;228;216;171m▀[0m[38;2;233;221;184m▄[0m[38;2;53;51;37m▄[0m      
         [38;2;93;89;74m[48;2;224;207;148m▀[0m[38;2;225;210;151m[48;2;64;113;175m▀[0m[38;2;63;113;174m[48;2;77;118;177m▀[0m[38;2;77;118;177m[48;2;63;113;174m▀[0m[38;2;65;114;175m[48;2;64;112;173m▀[0m[38;2;61;90;130m[48;2;60;89;127m▀[0m[38;2;130;140;139m[48;2;49;52;49m▀[0m[38;2;128;139;138m[48;2;128;140;141m▀[0m[38;2;125;136;136m[48;2;122;134;134m▀[0m[38;2;124;136;136m[48;2;122;134;133m▀[0m[38;2;122;133;134m[48;2;123;133;132m▀[0m[38;2;123;134;134m[48;2;122;134;133m▀[0m[38;2;64;111;169m[48;2;64;111;171m▀[0m[38;2;99;128;178m[48;2;88;122;176m▀[0m[38;2;64;110;168m[48;2;208;195;140m▀[0m[38;2;36;58;83m[48;2;232;220;184m▀[0m[38;2;236;224;193m[48;2;232;219;183m▀[0m[38;2;228;216;179m[48;2;219;205;157m▀[0m[38;2;125;136;136m[48;2;217;204;153m▀[0m[38;2;63;112;172m▀[0m[38;2;65;111;169m[48;2;63;110;168m▀[0m[38;2;64;111;169m[48;2;64;110;168m▀[0m[38;2;213;200;145m[48;2;84;79;58m▀[0m[38;2;219;205;157m[48;2;211;199;143m▀[0m[38;2;213;200;145m[48;2;212;199;144m▀[0m[38;2;207;194;142m▄[0m     
        [38;2;75;68;50m[48;2;74;120;179m▀[0m[38;2;63;111;172m[48;2;74;115;172m▀[0m[38;2;72;115;172m[48;2;64;111;170m▀[0m[38;2;64;111;169m[48;2;64;111;170m▀[0m[38;2;64;111;169m[48;2;64;111;170m▀[0m[38;2;63;99;145m[48;2;61;89;127m▀[0m[38;2;60;88;125m[48;2;61;88;126m▀[0m[38;2;61;88;126m[48;2;65;92;132m▀[0m[38;2;111;121;120m▀[0m[38;2;123;134;135m▀[0m[38;2;124;135;136m[48;2;65;73;72m▀[0m[38;2;124;136;135m[48;2;131;145;145m▀[0m[38;2;124;136;136m[48;2;132;145;146m▀[0m[38;2;63;112;171m[48;2;63;111;171m▀[0m[38;2;64;111;170m[48;2;64;111;170m▀[0m[38;2;57;88;137m[48;2;65;111;170m▀[0m[38;2;217;205;150m[48;2;234;220;159m▀[0m[38;2;218;206;154m[48;2;229;218;182m▀[0m[38;2;209;198;148m[48;2;232;220;184m▀[0m[38;2;211;198;144m[48;2;240;227;179m▀[0m [38;2;11;12;14m▀[0m[38;2;63;106;161m[48;2;60;90;130m▀[0m[38;2;63;112;172m[48;2;60;90;129m▀[0m[38;2;216;203;147m[48;2;83;75;52m▀[0m[38;2;239;225;162m[48;2;217;205;147m▀[0m[38;2;136;126;93m[48;2;222;209;151m▀[0m     
       [38;2;128;116;85m[48;2;71;116;175m▀[0m[38;2;100;129;179m[48;2;63;113;174m▀[0m[38;2;64;111;169m[48;2;63;113;174m▀[0m[38;2;64;111;171m[48;2;64;113;174m▀[0m[38;2;63;112;171m[48;2;63;113;175m▀[0m[38;2;63;112;171m▀[0m[38;2;63;104;156m▀[0m        [38;2;64;112;173m[48;2;65;115;179m▀[0m[38;2;64;113;175m[48;2;64;113;175m▀[0m[38;2;221;208;150m[48;2;67;118;183m▀[0m[38;2;222;208;153m[48;2;222;207;149m▀[0m[38;2;234;222;186m[48;2;221;207;149m▀[0m[38;2;222;208;151m[48;2;105;101;85m▀[0m[38;2;174;162;118m[48;2;111;101;74m▀[0m  [38;2;59;88;127m▀[0m[38;2;60;89;126m▀[0m[38;2;54;50;36m[48;2;60;90;129m▀[0m[38;2;62;58;43m[48;2;57;86;124m▀[0m[38;2;40;43;48m▄[0m    
     [38;2;75;74;75m▀[0m[38;2;24;30;35m▀[0m[38;2;82;80;82m▀[0m[38;2;64;107;162m▀[0m[38;2;26;39;55m▀[0m             [38;2;63;113;174m▀[0m[38;2;63;113;174m[48;2;64;112;173m▀[0m[38;2;79;72;50m[48;2;64;112;173m▀[0m[38;2;221;207;152m[48;2;217;205;148m▀[0m[38;2;232;220;182m[48;2;218;205;148m▀[0m[38;2;229;217;171m[48;2;220;206;148m▀[0m[38;2;52;48;35m[48;2;24;21;16m▀[0m    [38;2;11;11;7m▀[0m[38;2;66;63;64m▀[0m    
                         [38;2;64;113;173m[48;2;29;29;28m▀[0m[38;2;64;113;175m[48;2;66;114;174m▀[0m[38;2;37;77;128m[48;2;64;111;170m▀[0m[38;2;64;110;170m[48;2;84;80;79m▀[0m[38;2;32;49;71m[48;2;80;78;80m▀[0m          
                            [38;2;94;90;91m▀[0m[38;2;119;112;111m▀[0m[38;2;124;116;116m▀[0m         
                                        
