                                        
                        [38;2;240;236;234m▄[0m[38;2;238;235;232m▄[0m[38;2;224;221;217m▀[0m             
              [38;2;54;30;27m▄[0m[38;2;146;88;75m▄[0m[38;2;149;93;81m▄[0m[38;2;130;65;58m▄[0m[38;2;80;79;80m▄[0m[38;2;130;64;57m▄[0m[38;2;130;63;57m▄[0m  [38;2;242;239;235m[48;2;243;239;236m▀[0m[38;2;244;241;237m[48;2;244;241;237m▀[0m[38;2;249;246;242m[48;2;246;242;238m▀[0m[38;2;246;242;238m[48;2;246;243;238m▀[0m[38;2;252;249;245m▀[0m            
             [38;2;98;47;41m▄[0m[38;2;136;96;82m[48;2;242;165;146m▀[0m[38;2;148;93;81m[48;2;125;74;64m▀[0m[38;2;149;93;81m[48;2;240;169;150m▀[0m[38;2;108;89;63m[48;2;238;132;117m▀[0m[38;2;230;99;93m[48;2;129;60;53m▀[0m[38;2;77;76;76m[48;2;86;82;84m▀[0m[38;2;132;64;58m[48;2;132;64;58m▀[0m  [38;2;193;192;191m[48;2;5;5;3m▀[0m[38;2;248;245;240m[48;2;252;247;243m▀[0m[38;2;249;246;242m[48;2;169;168;165m▀[0m              
            [38;2;218;205;187m▄[0m[38;2;220;91;90m[48;2;191;181;166m▀[0m[38;2;158;149;142m[48;2;152;144;132m▀[0m[38;2;86;84;85m[48;2;219;206;187m▀[0m[38;2;17;17;17m[48;2;217;204;187m▀[0m[38;2;236;101;93m[48;2;218;204;187m▀[0m[38;2;213;201;188m[48;2;214;201;185m▀[0m[38;2;225;212;194m[48;2;214;200;183m▀[0m[38;2;133;64;57m[48;2;212;199;183m▀[0m[38;2;73;38;33m[48;2;129;63;57m▀[0m[38;2;34;20;17m▄[0m [38;2;242;239;235m[48;2;136;67;60m▀[0m[38;2;205;205;203m[48;2;134;65;58m▀[0m              
            [38;2;217;204;186m[48;2;0;1;0m▀[0m[38;2;180;169;155m[48;2;158;142;130m▀[0m[38;2;177;168;162m[48;2;156;141;129m▀[0m[38;2;179;170;165m[48;2;89;84;78m▀[0m[38;2;213;199;183m[48;2;159;144;131m▀[0m[38;2;213;199;183m[48;2;158;142;129m▀[0m[38;2;214;200;184m[48;2;196;184;167m▀[0m[38;2;213;200;183m[48;2;216;202;184m▀[0m[38;2;214;201;184m[48;2;200;186;169m▀[0m[38;2;132;64;58m[48;2;104;52;48m▀[0m[38;2;134;65;59m▀[0m [38;2;209;174;58m[48;2;250;193;66m▀[0m[38;2;251;192;65m[48;2;250;192;66m▀[0m              
               [38;2;149;133;127m[48;2;161;145;131m▀[0m[38;2;138;123;122m[48;2;161;146;133m▀[0m[38;2;144;130;125m[48;2;161;144;132m▀[0m[38;2;49;46;40m[48;2;150;137;125m▀[0m[38;2;68;56;49m[48;2;104;52;47m▀[0m[38;2;107;54;49m[48;2;145;69;63m▀[0m   [38;2;200;157;55m[48;2;133;64;58m▀[0m[38;2;38;18;21m[48;2;138;67;60m▀[0m              
               [38;2;218;204;188m[48;2;217;203;186m▀[0m[38;2;216;202;185m[48;2;218;204;186m▀[0m[38;2;218;205;189m[48;2;220;207;189m▀[0m[38;2;76;59;53m[48;2;183;150;52m▀[0m[38;2;147;120;43m[48;2;247;191;66m▀[0m[38;2;136;65;59m[48;2;246;190;66m▀[0m   [38;2;255;197;67m[48;2;250;192;66m▀[0m[38;2;254;197;67m[48;2;248;191;67m▀[0m              
             [38;2;132;89;78m▄[0m[38;2;30;14;18m[48;2;248;191;68m▀[0m[38;2;216;203;186m[48;2;214;199;184m▀[0m[38;2;212;198;182m[48;2;214;200;184m▀[0m[38;2;166;157;144m[48;2;246;189;66m▀[0m[38;2;246;190;66m[48;2;248;191;67m▀[0m[38;2;255;196;66m[48;2;253;203;71m▀[0m[38;2;246;190;66m[48;2;253;201;71m▀[0m   [38;2;246;190;66m[48;2;129;64;57m▀[0m[38;2;250;196;68m[48;2;119;59;53m▀[0m              
            [38;2;156;100;88m▄[0m[38;2;136;67;60m[48;2;66;48;41m▀[0m[38;2;68;39;30m[48;2;132;64;57m▀[0m[38;2;54;41;14m[48;2;140;68;62m▀[0m[38;2;98;98;97m[48;2;46;50;49m▀[0m[38;2;246;191;66m[48;2;143;70;63m▀[0m[38;2;109;88;32m[48;2;130;64;58m▀[0m[38;2;129;64;58m[48;2;138;75;66m▀[0m[38;2;142;82;72m[48;2;129;64;57m▀[0m  [38;2;112;55;50m▄[0m[38;2;132;64;58m[48;2;133;65;58m▀[0m               
            [38;2;130;63;57m[48;2;139;66;61m▀[0m[38;2;130;64;58m[48;2;30;20;16m▀[0m[38;2;132;64;57m[48;2;186;140;59m▀[0m[38;2;132;64;58m[48;2;132;64;58m▀[0m[38;2;133;65;59m[48;2;133;64;58m▀[0m[38;2;132;64;57m[48;2;133;65;58m▀[0m[38;2;132;64;58m[48;2;132;64;58m▀[0m[38;2;133;65;58m[48;2;51;28;25m▀[0m[38;2;133;65;58m[48;2;106;54;48m▀[0m  [38;2;133;64;58m[48;2;132;64;57m▀[0m[38;2;132;64;58m[48;2;132;64;58m▀[0m               
             [38;2;254;198;67m[48;2;254;195;65m▀[0m[38;2;251;193;66m[48;2;254;196;67m▀[0m[38;2;199;151;61m[48;2;255;197;68m▀[0m[38;2;219;168;63m[48;2;255;198;68m▀[0m[38;2;137;105;41m[48;2;251;194;67m▀[0m[38;2;136;66;59m[48;2;250;192;66m▀[0m[38;2;64;42;27m[48;2;244;189;66m▀[0m[38;2;254;197;67m[48;2;246;190;66m▀[0m[38;2;202;159;56m[48;2;245;190;66m▀[0m[38;2;11;11;7m▄[0m[38;2;116;58;51m[48;2;98;51;47m▀[0m[38;2;101;52;47m[48;2;55;33;31m▀[0m               
            [38;2;52;30;26m[48;2;250;193;67m▀[0m[38;2;133;64;58m[48;2;253;206;71m▀[0m[38;2;56;38;24m[48;2;128;62;57m▀[0m[38;2;251;195;67m[48;2;130;64;57m▀[0m[38;2;247;191;66m[48;2;130;64;58m▀[0m[38;2;245;189;66m[48;2;130;64;57m▀[0m[38;2;244;188;66m[48;2;131;64;57m▀[0m[38;2;251;197;70m[48;2;130;64;58m▀[0m[38;2;57;33;27m[48;2;43;28;20m▀[0m[38;2;130;64;57m[48;2;245;189;66m▀[0m[38;2;90;50;48m[48;2;90;50;48m▀[0m[38;2;89;50;48m[48;2;89;50;48m▀[0m                
            [38;2;246;189;66m[48;2;130;64;58m▀[0m[38;2;245;189;66m[48;2;137;65;59m▀[0m[38;2;244;189;66m[48;2;253;201;69m▀[0m[38;2;246;189;66m[48;2;252;195;66m▀[0m[38;2;246;190;66m[48;2;252;195;66m▀[0m[38;2;245;189;66m[48;2;255;197;67m▀[0m[38;2;249;192;67m[48;2;250;192;66m▀[0m[38;2;255;196;66m[48;2;247;191;66m▀[0m[38;2;249;192;67m[48;2;214;170;59m▀[0m[38;2;246;189;66m[48;2;137;66;59m▀[0m[38;2;87;48;48m[48;2;71;37;32m▀[0m[38;2;97;52;51m▀[0m                
            [38;2;104;53;47m[48;2;17;13;9m▀[0m[38;2;127;62;55m[48;2;104;53;47m▀[0m[38;2;133;64;58m[48;2;77;40;37m▀[0m[38;2;133;65;58m[48;2;103;53;47m▀[0m[38;2;131;64;57m[48;2;110;54;49m▀[0m[38;2;131;64;57m[48;2;107;54;49m▀[0m[38;2;132;64;58m[48;2;104;53;47m▀[0m[38;2;132;64;58m[48;2;105;53;48m▀[0m[38;2;134;64;58m[48;2;105;53;48m▀[0m[38;2;116;57;50m[48;2;105;53;48m▀[0m[38;2;109;54;48m[48;2;106;53;48m▀[0m                 
             [38;2;90;50;48m[48;2;9;10;6m▀[0m[38;2;90;49;48m[48;2;89;50;48m▀[0m[38;2;91;50;49m[48;2;91;50;48m▀[0m[38;2;108;54;48m[48;2;93;51;50m▀[0m[38;2;105;53;48m[48;2;106;53;48m▀[0m[38;2;105;53;48m[48;2;105;53;48m▀[0m[38;2;104;53;47m[48;2;105;53;47m▀[0m[38;2;105;53;47m[48;2;104;53;47m▀[0m[38;2;104;53;47m[48;2;104;53;47m▀[0m[38;2;55;31;27m▀[0m                 
              [38;2;92;51;49m▀[0m[38;2;90;50;49m[48;2;143;132;142m▀[0m[38;2;91;50;48m▀[0m[38;2;73;39;34m▀[0m[38;2;102;53;47m[48;2;108;55;49m▀[0m[38;2;101;52;47m[48;2;103;53;47m▀[0m[38;2;102;53;47m[48;2;104;52;47m▀[0m[38;2;91;48;43m▀[0m                  
              [38;2;250;248;244m▄[0m[38;2;175;165;160m[48;2;255;254;249m▀[0m  [38;2;190;179;173m[48;2;246;243;239m▀[0m[38;2;3;4;3m[48;2;214;208;203m▀[0m                    
             [38;2;142;141;139m▀[0m[38;2;237;237;236m▀[0m[38;2;243;242;240m▀[0m[38;2;255;255;255m▄[0m[38;2;187;187;184m[48;2;252;247;242m▀[0m[38;2;244;240;236m[48;2;244;241;237m▀[0m[38;2;255;252;249m[48;2;55;54;54m▀[0m                    
                                        
