                                        
                        [38;2;239;236;234m▄[0m[38;2;239;235;232m▄[0m[38;2;213;211;209m[48;2;1;1;1m▀[0m             
              [38;2;55;24;33m▄[0m[38;2;7;4;4m[48;2;158;75;110m▀[0m[38;2;161;80;113m▄[0m[38;2;141;60;100m▄[0m[38;2;78;77;78m▄[0m[38;2;141;59;100m▄[0m[38;2;141;59;100m▄[0m  [38;2;242;239;236m[48;2;244;240;238m▀[0m[38;2;244;241;239m[48;2;244;241;239m▀[0m[38;2;249;246;244m[48;2;246;242;240m▀[0m[38;2;246;242;240m[48;2;246;242;241m▀[0m[38;2;252;249;247m▀[0m            
             [38;2;98;45;42m▄[0m[38;2;126;155;110m[48;2;244;167;156m▀[0m[38;2;160;80;113m[48;2;131;64;92m▀[0m[38;2;161;80;113m[48;2;240;168;157m▀[0m[38;2;94;138;104m[48;2;231;127;118m▀[0m[38;2;230;100;95m[48;2;123;95;71m▀[0m[38;2;77;76;76m[48;2;81;80;81m▀[0m[38;2;142;59;101m[48;2;142;60;101m▀[0m  [38;2;186;185;184m[48;2;16;16;15m▀[0m[38;2;248;245;242m[48;2;252;247;245m▀[0m[38;2;249;246;244m[48;2;158;156;156m▀[0m              
            [38;2;228;213;153m▄[0m[38;2;203;86;83m[48;2;199;184;131m▀[0m[38;2;150;141;134m[48;2;175;161;112m▀[0m[38;2;96;94;96m[48;2;229;213;153m▀[0m[38;2;28;27;23m[48;2;228;212;153m▀[0m[38;2;236;101;96m[48;2;227;212;157m▀[0m[38;2;214;203;146m[48;2;225;209;155m▀[0m[38;2;230;215;155m[48;2;226;208;150m▀[0m[38;2;144;59;100m[48;2;223;207;150m▀[0m[38;2;81;36;57m[48;2;140;59;100m▀[0m[38;2;40;19;28m▄[0m [38;2;242;239;236m[48;2;141;58;99m▀[0m[38;2;198;197;196m[48;2;140;59;99m▀[0m              
            [38;2;228;212;152m[48;2;14;14;7m▀[0m[38;2;190;175;124m[48;2;181;157;107m▀[0m[38;2;195;186;182m[48;2;180;158;107m▀[0m[38;2;185;175;173m[48;2;123;113;100m▀[0m[38;2;225;207;150m[48;2;182;159;108m▀[0m[38;2;225;207;150m[48;2;182;159;107m▀[0m[38;2;224;208;154m[48;2;210;196;141m▀[0m[38;2;225;208;149m[48;2;224;209;154m▀[0m[38;2;226;209;150m[48;2;215;199;140m▀[0m[38;2;143;60;102m[48;2;116;51;84m▀[0m[38;2;144;60;102m▀[0m [38;2;128;225;122m[48;2;138;253;180m▀[0m[38;2;138;253;180m[48;2;138;254;180m▀[0m              
               [38;2;167;143;100m[48;2;183;161;110m▀[0m[38;2;162;137;99m[48;2;183;161;111m▀[0m[38;2;168;146;102m[48;2;180;161;112m▀[0m[38;2;78;71;45m[48;2;162;153;101m▀[0m[38;2;91;74;57m[48;2;115;50;84m▀[0m[38;2;119;52;85m[48;2;152;63;108m▀[0m   [38;2;103;217;145m[48;2;146;60;103m▀[0m[38;2;54;36;43m[48;2;148;61;106m▀[0m              
               [38;2;227;212;157m[48;2;227;211;156m▀[0m[38;2;224;210;154m[48;2;227;212;156m▀[0m[38;2;227;211;158m[48;2;228;214;158m▀[0m[38;2;108;80;76m[48;2;105;184;123m▀[0m[38;2;88;165;117m[48;2;136;252;179m▀[0m[38;2;151;62;106m[48;2;135;252;178m▀[0m   [38;2;141;254;183m[48;2;137;253;180m▀[0m[38;2;140;254;183m[48;2;137;252;179m▀[0m              
             [38;2;130;70;93m▄[0m[38;2;39;28;22m[48;2;135;248;177m▀[0m[38;2;227;210;156m[48;2;224;209;155m▀[0m[38;2;223;207;153m[48;2;224;208;154m▀[0m[38;2;171;178;150m[48;2;135;252;178m▀[0m[38;2;135;252;178m[48;2;137;252;179m▀[0m[38;2;140;254;182m[48;2;140;252;185m▀[0m[38;2;136;252;178m[48;2;138;248;182m▀[0m   [38;2;136;252;178m[48;2;140;59;99m▀[0m[38;2;137;251;180m[48;2;125;52;88m▀[0m              
            [38;2;167;84;118m▄[0m[38;2;143;59;101m[48;2;87;48;61m▀[0m[38;2;73;79;64m[48;2;143;59;100m▀[0m[38;2;39;67;38m[48;2;149;63;106m▀[0m[38;2;105;107;100m[48;2;58;59;57m▀[0m[38;2;136;252;179m[48;2;152;63;107m▀[0m[38;2;67;133;92m[48;2;141;60;101m▀[0m[38;2;140;60;100m[48;2;149;67;105m▀[0m[38;2;154;71;108m[48;2;140;59;99m▀[0m  [38;2;117;50;82m▄[0m[38;2;143;60;102m[48;2;144;60;102m▀[0m[38;2;15;5;11m▀[0m              
            [38;2;141;59;100m[48;2;149;61;107m▀[0m[38;2;141;60;101m[48;2;46;27;35m▀[0m[38;2;143;59;101m[48;2;102;227;141m▀[0m[38;2;143;60;102m[48;2;143;60;102m▀[0m[38;2;144;61;102m[48;2;144;60;102m▀[0m[38;2;143;59;101m[48;2;144;60;102m▀[0m[38;2;143;60;102m[48;2;143;60;102m▀[0m[38;2;144;60;102m[48;2;66;32;48m▀[0m[38;2;144;60;102m[48;2;118;51;83m▀[0m  [38;2;144;60;103m[48;2;143;59;101m▀[0m[38;2;143;60;102m[48;2;143;60;102m▀[0m               
             [38;2;139;253;181m[48;2;139;254;182m▀[0m[38;2;138;254;180m[48;2;140;254;182m▀[0m[38;2;108;237;151m[48;2;141;254;183m▀[0m[38;2;119;240;161m[48;2;141;254;183m▀[0m[38;2;82;159;107m[48;2;139;254;181m▀[0m[38;2;148;62;103m[48;2;138;253;180m▀[0m[38;2;72;89;56m[48;2;134;252;178m▀[0m[38;2;141;255;184m[48;2;136;252;178m▀[0m[38;2;102;213;145m[48;2;136;251;178m▀[0m[38;2;15;10;13m▄[0m[38;2;127;54;89m[48;2;109;50;81m▀[0m[38;2;113;50;82m[48;2;63;34;48m▀[0m               
            [38;2;62;30;44m[48;2;138;252;181m▀[0m[38;2;144;60;102m[48;2;138;250;184m▀[0m[38;2;56;69;64m[48;2;138;67;93m▀[0m[38;2;139;253;183m[48;2;141;59;100m▀[0m[38;2;136;252;178m[48;2;141;60;101m▀[0m[38;2;135;252;178m[48;2;141;59;100m▀[0m[38;2;134;251;177m[48;2;142;59;100m▀[0m[38;2;136;248;179m[48;2;142;60;101m▀[0m[38;2;64;60;58m[48;2;47;57;54m▀[0m[38;2;141;59;100m[48;2;135;252;178m▀[0m[38;2;102;51;79m[48;2;102;51;78m▀[0m[38;2;101;51;78m[48;2;101;51;78m▀[0m                
            [38;2;136;252;178m[48;2;141;60;101m▀[0m[38;2;135;252;178m[48;2;144;61;101m▀[0m[38;2;134;251;178m[48;2;140;253;186m▀[0m[38;2;135;252;178m[48;2;139;254;181m▀[0m[38;2;136;252;178m[48;2;139;254;182m▀[0m[38;2;135;252;178m[48;2;141;254;183m▀[0m[38;2;137;253;179m[48;2;138;253;180m▀[0m[38;2;140;254;182m[48;2;136;252;178m▀[0m[38;2;137;253;179m[48;2;111;219;151m▀[0m[38;2;136;252;178m[48;2;147;61;104m▀[0m[38;2;95;48;76m[48;2;83;38;58m▀[0m[38;2;106;53;83m▀[0m                
            [38;2;115;50;82m[48;2;22;12;17m▀[0m[38;2;138;57;98m[48;2;115;50;82m▀[0m[38;2;144;60;103m[48;2;87;42;65m▀[0m[38;2;144;60;102m[48;2;114;50;81m▀[0m[38;2;142;59;100m[48;2;121;52;86m▀[0m[38;2;142;59;100m[48;2;118;52;85m▀[0m[38;2;143;60;102m[48;2;115;50;82m▀[0m[38;2;143;60;102m[48;2;116;51;83m▀[0m[38;2;144;60;102m[48;2;116;51;84m▀[0m[38;2;126;53;89m[48;2;116;51;84m▀[0m[38;2;120;52;85m[48;2;117;51;84m▀[0m                 
             [38;2;102;51;78m[48;2;14;10;10m▀[0m[38;2;102;51;79m[48;2;101;51;78m▀[0m[38;2;103;52;81m[48;2;103;51;80m▀[0m[38;2;116;50;82m[48;2;104;52;81m▀[0m[38;2;116;51;84m[48;2;117;51;84m▀[0m[38;2;116;51;84m[48;2;116;51;84m▀[0m[38;2;115;50;82m[48;2;116;50;83m▀[0m[38;2;116;50;82m[48;2;115;50;82m▀[0m[38;2;115;50;82m[48;2;115;50;81m▀[0m[38;2;61;30;42m▀[0m                 
              [38;2;100;51;77m▀[0m[38;2;102;52;80m[48;2;143;132;142m▀[0m[38;2;102;51;80m▀[0m[38;2;82;38;59m▀[0m[38;2;113;50;80m[48;2;115;51;82m▀[0m[38;2;113;50;81m[48;2;114;50;81m▀[0m[38;2;113;50;80m[48;2;116;51;83m▀[0m[38;2;97;45;71m▀[0m                  
              [38;2;250;248;245m▄[0m[38;2;175;165;162m[48;2;254;254;251m▀[0m  [38;2;177;167;163m[48;2;245;242;240m▀[0m[38;2;19;17;18m[48;2;213;207;203m▀[0m                    
             [38;2;135;134;134m▀[0m[38;2;228;228;228m▀[0m[38;2;228;228;226m▀[0m[38;2;252;252;251m▄[0m[38;2;177;176;174m[48;2;251;246;243m▀[0m[38;2;244;241;238m[48;2;244;240;238m▀[0m[38;2;254;253;251m[48;2;59;58;57m▀[0m                    
                                        
