                                        
         [38;2;236;173;139m▄[0m[38;2;225;167;137m[48;2;224;168;138m▀[0m         [38;2;227;168;137m▄[0m[38;2;51;40;32m▄[0m                  
         [38;2;222;152;120m[48;2;167;115;93m▀[0m[38;2;221;152;120m[48;2;230;157;124m▀[0m[38;2;114;80;62m▄[0m     [38;2;64;45;35m▄[0m[38;2;117;82;66m[48;2;216;149;117m▀[0m[38;2;218;151;119m[48;2;160;111;90m▀[0m[38;2;220;153;122m[48;2;213;147;116m▀[0m                   
       [38;2;226;156;123m▄[0m[38;2;228;156;121m[48;2;221;152;119m▀[0m[38;2;165;114;91m[48;2;163;112;91m▀[0m[38;2;245;168;132m[48;2;69;58;48m▀[0m[38;2;252;230;192m[48;2;244;224;187m▀[0m    [38;2;216;149;118m▄[0m[38;2;215;149;118m[48;2;162;111;90m▀[0m[38;2;160;111;90m[48;2;161;110;90m▀[0m[38;2;160;111;90m[48;2;161;110;90m▀[0m[38;2;215;148;117m[48;2;215;148;117m▀[0m                   
     [38;2;13;11;10m▄[0m [38;2;218;150;119m[48;2;220;151;121m▀[0m[38;2;192;132;105m[48;2;201;138;110m▀[0m[38;2;161;111;90m[48;2;102;70;56m▀[0m[38;2;244;224;187m[48;2;243;222;184m▀[0m[38;2;244;224;188m[48;2;243;222;186m▀[0m[38;2;255;235;197m[48;2;129;119;100m▀[0m  [38;2;227;157;124m[48;2;217;149;119m▀[0m[38;2;157;110;88m[48;2;162;111;90m▀[0m[38;2;161;111;90m[48;2;161;111;90m▀[0m[38;2;162;111;91m[48;2;170;117;94m▀[0m[38;2;186;129;103m[48;2;216;149;118m▀[0m[38;2;5;3;3m[48;2;212;146;116m▀[0m          [38;2;91;99;128m▄[0m        
     [38;2;243;223;187m[48;2;152;143;118m▀[0m[38;2;247;229;190m[48;2;241;218;178m▀[0m[38;2;161;112;90m[48;2;242;219;179m▀[0m[38;2;179;124;99m[48;2;162;112;91m▀[0m[38;2;242;219;178m[48;2;248;224;182m▀[0m[38;2;242;218;179m[48;2;245;222;180m▀[0m[38;2;244;221;180m[48;2;245;222;180m▀[0m[38;2;154;105;86m[48;2;163;113;91m▀[0m[38;2;176;122;98m[48;2;253;243;197m▀[0m[38;2;203;141;112m[48;2;248;225;182m▀[0m[38;2;200;140;111m[48;2;249;227;185m▀[0m[38;2;46;34;27m[48;2;251;229;191m▀[0m[38;2;254;247;206m[48;2;253;230;192m▀[0m[38;2;250;229;192m[48;2;224;153;119m▀[0m[38;2;218;150;119m[48;2;224;153;119m▀[0m[38;2;219;151;119m[48;2;246;167;132m▀[0m         [38;2;69;74;93m[48;2;83;90;120m▀[0m[38;2;91;98;125m[48;2;91;99;126m▀[0m        
      [38;2;248;225;182m[48;2;249;225;182m▀[0m[38;2;246;223;181m[48;2;250;226;183m▀[0m[38;2;248;225;182m[48;2;252;227;183m▀[0m[38;2;249;225;183m[48;2;255;229;184m▀[0m[38;2;248;225;182m[48;2;255;229;184m▀[0m[38;2;250;226;182m[48;2;254;228;184m▀[0m[38;2;248;224;182m[48;2;249;226;183m▀[0m[38;2;250;226;183m[48;2;246;223;181m▀[0m[38;2;255;230;187m[48;2;246;223;181m▀[0m[38;2;254;228;184m[48;2;249;226;183m▀[0m[38;2;72;61;50m[48;2;196;181;147m▀[0m[38;2;196;135;107m[48;2;216;149;118m▀[0m[38;2;221;153;120m[48;2;216;149;118m▀[0m[38;2;221;153;120m[48;2;154;108;86m▀[0m         [38;2;64;73;104m[48;2;66;76;107m▀[0m[38;2;65;76;108m[48;2;65;75;107m▀[0m[38;2;66;76;108m[48;2;65;74;106m▀[0m        
       [38;2;254;229;185m[48;2;180;174;173m▀[0m[38;2;249;226;183m[48;2;188;165;134m▀[0m[38;2;249;225;182m[48;2;186;165;135m▀[0m[38;2;248;224;182m[48;2;189;167;137m▀[0m[38;2;249;225;182m[48;2;180;157;129m▀[0m[38;2;244;221;181m[48;2;51;45;37m▀[0m[38;2;243;220;179m[48;2;38;37;36m▀[0m[38;2;253;235;191m[48;2;217;149;119m▀[0m[38;2;215;149;118m[48;2;217;149;118m▀[0m[38;2;217;150;118m[48;2;217;150;118m▀[0m[38;2;217;150;119m[48;2;220;152;120m▀[0m[38;2;215;148;118m▀[0m         [38;2;47;54;74m▄[0m[38;2;64;75;107m[48;2;67;76;108m▀[0m[38;2;65;75;107m[48;2;66;76;108m▀[0m[38;2;65;75;107m[48;2;46;52;71m▀[0m[38;2;65;75;107m▄[0m       
      [38;2;162;111;90m[48;2;120;112;91m▀[0m[38;2;244;245;248m[48;2;249;227;184m▀[0m[38;2;28;29;28m[48;2;246;223;181m▀[0m[38;2;176;154;126m[48;2;247;224;182m▀[0m[38;2;177;155;127m[48;2;253;232;189m▀[0m[38;2;36;37;35m[48;2;76;75;74m▀[0m[38;2;60;60;61m[48;2;42;40;38m▀[0m[38;2;58;58;59m[48;2;39;39;37m▀[0m[38;2;217;150;119m[48;2;219;151;119m▀[0m[38;2;217;150;119m[48;2;218;150;119m▀[0m[38;2;219;151;119m[48;2;218;150;119m▀[0m[38;2;204;141;111m[48;2;220;151;119m▀[0m[38;2;224;154;122m[48;2;218;150;119m▀[0m[38;2;220;152;119m[48;2;217;149;118m▀[0m[38;2;222;153;120m▀[0m[38;2;9;7;5m▀[0m      [38;2;53;56;77m[48;2;53;57;79m▀[0m[38;2;52;56;77m[48;2;53;57;78m▀[0m[38;2;56;62;86m[48;2;53;57;78m▀[0m[38;2;63;72;102m[48;2;53;57;78m▀[0m[38;2;67;77;108m▀[0m       
    [38;2;237;216;174m▄[0m[38;2;248;225;182m[48;2;255;230;187m▀[0m[38;2;248;225;182m[48;2;255;230;186m▀[0m[38;2;60;58;59m[48;2;255;229;184m▀[0m[38;2;77;73;72m[48;2;250;226;183m▀[0m[38;2;255;243;197m[48;2;248;224;182m▀[0m[38;2;250;227;184m[48;2;247;224;183m▀[0m[38;2;249;225;182m[48;2;249;225;182m▀[0m[38;2;221;221;222m[48;2;248;224;182m▀[0m[38;2;159;110;85m[48;2;224;155;121m▀[0m[38;2;220;151;119m[48;2;221;153;120m▀[0m[38;2;221;153;120m[48;2;221;153;120m▀[0m[38;2;221;153;120m[48;2;172;116;93m▀[0m[38;2;221;153;120m[48;2;166;114;91m▀[0m[38;2;165;114;92m[48;2;168;116;93m▀[0m         [38;2;53;57;79m[48;2;53;57;78m▀[0m[38;2;53;57;78m[48;2;52;57;78m▀[0m[38;2;53;57;78m[48;2;53;57;78m▀[0m[38;2;54;58;80m▀[0m        
    [38;2;255;230;187m[48;2;255;231;193m▀[0m[38;2;255;229;184m[48;2;247;226;188m▀[0m[38;2;255;229;184m[48;2;245;223;182m▀[0m[38;2;245;223;180m[48;2;249;229;187m▀[0m[38;2;245;222;181m[48;2;247;224;182m▀[0m[38;2;246;223;181m[48;2;206;193;156m▀[0m[38;2;244;221;179m[48;2;248;225;184m▀[0m[38;2;248;224;182m[48;2;249;226;186m▀[0m[38;2;249;225;182m[48;2;250;227;186m▀[0m[38;2;253;228;186m[48;2;248;227;190m▀[0m[38;2;174;119;96m[48;2;26;22;17m▀[0m[38;2;164;114;91m[48;2;52;57;78m▀[0m[38;2;159;109;87m[48;2;53;56;78m▀[0m[38;2;53;57;78m[48;2;52;56;77m▀[0m[38;2;53;57;78m[48;2;57;64;90m▀[0m[38;2;34;37;49m[48;2;64;74;106m▀[0m[38;2;20;23;26m[48;2;66;75;107m▀[0m[38;2;65;75;109m[48;2;69;78;108m▀[0m[38;2;65;76;108m[48;2;69;78;108m▀[0m[38;2;68;78;108m[48;2;66;76;107m▀[0m[38;2;69;78;108m[48;2;65;75;107m▀[0m[38;2;70;78;109m[48;2;66;76;108m▀[0m[38;2;75;85;117m[48;2;73;83;113m▀[0m[38;2;74;84;115m[48;2;73;83;113m▀[0m[38;2;33;38;47m[48;2;73;83;113m▀[0m[38;2;52;56;77m[48;2;73;82;113m▀[0m          
   [38;2;253;232;193m▀[0m[38;2;59;55;45m[48;2;246;236;197m▀[0m[38;2;245;225;188m▀[0m [38;2;255;243;202m▀[0m[38;2;68;65;53m▀[0m[38;2;52;56;77m▄[0m[38;2;253;234;196m[48;2;53;56;77m▀[0m[38;2;247;227;190m[48;2;248;226;189m▀[0m[38;2;248;227;190m[48;2;245;225;189m▀[0m[38;2;116;107;89m[48;2;253;235;197m▀[0m[38;2;254;243;203m[48;2;103;94;76m▀[0m[38;2;52;55;76m[48;2;57;64;89m▀[0m[38;2;54;59;82m[48;2;65;74;107m▀[0m[38;2;63;72;103m[48;2;65;75;107m▀[0m[38;2;65;75;107m[48;2;64;74;107m▀[0m[38;2;68;78;109m[48;2;64;75;107m▀[0m[38;2;64;75;107m[48;2;65;75;107m▀[0m[38;2;64;75;107m[48;2;65;75;107m▀[0m[38;2;64;74;106m[48;2;64;74;107m▀[0m[38;2;64;75;107m[48;2;64;74;106m▀[0m[38;2;64;74;106m[48;2;64;74;106m▀[0m[38;2;64;74;107m[48;2;64;74;105m▀[0m[38;2;69;80;112m[48;2;66;77;108m▀[0m[38;2;73;83;113m[48;2;74;83;112m▀[0m[38;2;73;83;114m[48;2;65;75;106m▀[0m[38;2;73;83;113m[48;2;65;75;107m▀[0m[38;2;67;77;109m[48;2;65;75;107m▀[0m[38;2;51;58;79m[48;2;67;77;108m▀[0m[38;2;68;78;108m▄[0m[38;2;18;20;24m▄[0m      
        [38;2;9;11;7m[48;2;51;55;76m▀[0m[38;2;52;56;77m[48;2;53;56;78m▀[0m[38;2;51;55;76m[48;2;52;56;77m▀[0m[38;2;51;55;75m[48;2;67;78;113m▀[0m[38;2;248;231;195m[48;2;64;74;106m▀[0m[38;2;244;223;188m[48;2;32;38;58m▀[0m[38;2;63;74;105m[48;2;65;74;106m▀[0m[38;2;65;74;106m[48;2;65;74;106m▀[0m[38;2;64;75;107m[48;2;64;74;105m▀[0m[38;2;64;74;107m[48;2;73;82;112m▀[0m[38;2;64;74;107m[48;2;64;73;105m▀[0m[38;2;65;74;106m[48;2;64;73;105m▀[0m[38;2;64;73;105m[48;2;64;74;107m▀[0m[38;2;63;73;104m[48;2;64;74;106m▀[0m[38;2;64;73;104m[48;2;65;75;106m▀[0m[38;2;63;73;105m[48;2;71;81;113m▀[0m[38;2;64;73;105m[48;2;69;79;110m▀[0m[38;2;64;74;107m[48;2;68;77;108m▀[0m[38;2;74;83;114m[48;2;72;79;111m▀[0m[38;2;70;80;111m[48;2;77;86;116m▀[0m[38;2;68;78;108m[48;2;69;78;108m▀[0m[38;2;68;78;108m[48;2;68;77;108m▀[0m[38;2;69;78;108m[48;2;66;76;108m▀[0m[38;2;69;78;108m[48;2;65;75;107m▀[0m[38;2;69;78;108m[48;2;65;75;107m▀[0m[38;2;67;77;108m[48;2;65;75;107m▀[0m[38;2;68;78;108m[48;2;66;76;108m▀[0m[38;2;66;76;108m▄[0m    
         [38;2;36;38;50m[48;2;52;56;77m▀[0m[38;2;52;55;76m[48;2;52;56;77m▀[0m[38;2;49;53;72m[48;2;52;56;77m▀[0m[38;2;66;76;107m[48;2;64;75;107m▀[0m[38;2;64;74;106m[48;2;64;74;106m▀[0m[38;2;64;73;106m[48;2;162;111;91m▀[0m[38;2;64;73;105m[48;2;82;56;44m▀[0m[38;2;64;73;105m[48;2;66;75;107m▀[0m[38;2;67;77;109m[48;2;65;75;107m▀[0m[38;2;36;40;50m[48;2;66;76;108m▀[0m[38;2;75;84;116m[48;2;69;78;108m▀[0m[38;2;65;75;107m[48;2;71;80;110m▀[0m[38;2;69;78;109m[48;2;71;80;110m▀[0m[38;2;78;87;117m[48;2;68;77;108m▀[0m[38;2;70;79;109m[48;2;68;77;108m▀[0m[38;2;69;78;108m[48;2;68;77;108m▀[0m[38;2;77;86;116m[48;2;68;77;108m▀[0m[38;2;75;84;116m[48;2;66;76;107m▀[0m[38;2;70;79;109m[48;2;67;77;108m▀[0m[38;2;66;75;107m[48;2;67;77;108m▀[0m[38;2;65;75;107m[48;2;66;76;107m▀[0m[38;2;67;77;108m[48;2;68;77;108m▀[0m[38;2;65;75;107m[48;2;68;77;108m▀[0m[38;2;68;77;108m[48;2;68;78;108m▀[0m[38;2;67;77;108m[48;2;68;78;108m▀[0m[38;2;68;78;110m[48;2;67;77;108m▀[0m[38;2;68;77;109m▀[0m[38;2;68;78;108m▀[0m   
         [38;2;52;56;77m[48;2;53;58;79m▀[0m[38;2;56;60;84m▀[0m[38;2;46;49;72m[48;2;39;40;64m▀[0m[38;2;219;151;119m[48;2;222;152;119m▀[0m[38;2;70;80;113m[48;2;221;153;120m▀[0m[38;2;219;152;119m[48;2;190;130;103m▀[0m[38;2;219;151;119m[48;2;203;139;110m▀[0m[38;2;232;159;125m[48;2;223;154;120m▀[0m[38;2;69;77;108m[48;2;222;153;120m▀[0m[38;2;69;78;109m[48;2;224;154;121m▀[0m[38;2;68;78;108m[48;2;220;152;120m▀[0m[38;2;68;78;108m[48;2;69;78;108m▀[0m[38;2;68;77;108m[48;2;69;79;109m▀[0m[38;2;68;78;108m[48;2;68;78;108m▀[0m[38;2;70;80;111m[48;2;72;82;115m▀[0m[38;2;68;77;108m[48;2;66;76;107m▀[0m[38;2;69;78;108m[48;2;66;77;108m▀[0m[38;2;67;76;108m[48;2;66;76;108m▀[0m[38;2;69;78;108m[48;2;77;55;42m▀[0m[38;2;68;78;108m[48;2;67;76;108m▀[0m[38;2;68;77;108m[48;2;66;75;107m▀[0m[38;2;67;77;108m[48;2;65;75;107m▀[0m[38;2;155;107;85m[48;2;65;75;107m▀[0m[38;2;65;75;107m[48;2;161;111;90m▀[0m[38;2;66;77;108m[48;2;163;111;91m▀[0m[38;2;67;77;108m[48;2;23;26;30m▀[0m[38;2;3;4;0m[48;2;70;81;116m▀[0m    
           [38;2;40;40;64m▀[0m[38;2;0;1;0m▀[0m[38;2;218;151;119m[48;2;221;152;119m▀[0m[38;2;221;152;119m[48;2;226;153;119m▀[0m[38;2;221;153;121m[48;2;225;153;119m▀[0m[38;2;74;53;42m▀[0m[38;2;221;152;119m▀[0m[38;2;226;154;119m[48;2;220;152;119m▀[0m[38;2;225;153;119m[48;2;216;149;118m▀[0m[38;2;221;153;119m[48;2;217;150;119m▀[0m[38;2;65;75;107m[48;2;217;150;119m▀[0m[38;2;65;76;107m[48;2;65;75;107m▀[0m[38;2;66;75;107m[48;2;64;74;105m▀[0m[38;2;81;58;46m[48;2;6;6;4m▀[0m[38;2;65;75;107m[48;2;121;86;83m▀[0m[38;2;64;74;106m[48;2;63;46;43m▀[0m[38;2;126;88;85m[48;2;16;17;19m▀[0m[38;2;122;87;83m[48;2;123;87;83m▀[0m[38;2;165;113;92m▀[0m[38;2;31;38;52m[48;2;177;122;98m▀[0m[38;2;66;76;108m[48;2;173;119;97m▀[0m[38;2;162;111;90m[48;2;171;118;95m▀[0m[38;2;160;111;90m[48;2;164;114;91m▀[0m      
             [38;2;225;154;121m[48;2;219;151;120m▀[0m[38;2;221;152;120m[48;2;216;150;119m▀[0m[38;2;219;151;119m[48;2;213;147;117m▀[0m[38;2;7;7;4m▄[0m [38;2;8;7;4m▀[0m[38;2;216;149;118m[48;2;215;148;117m▀[0m[38;2;212;147;117m[48;2;217;149;118m▀[0m[38;2;213;148;117m[48;2;217;150;118m▀[0m[38;2;138;96;76m▀[0m   [38;2;122;86;83m[48;2;121;86;83m▀[0m[38;2;121;86;83m[48;2;121;86;83m▀[0m[38;2;130;92;88m[48;2;133;94;90m▀[0m  [38;2;215;149;118m[48;2;216;149;118m▀[0m[38;2;216;149;118m[48;2;216;149;118m▀[0m[38;2;215;149;118m[48;2;217;149;118m▀[0m      
            [38;2;34;25;19m[48;2;213;148;118m▀[0m[38;2;216;152;122m[48;2;227;158;125m▀[0m[38;2;215;148;118m[48;2;215;149;118m▀[0m[38;2;215;149;118m[48;2;216;149;118m▀[0m   [38;2;216;149;119m[48;2;217;149;119m▀[0m[38;2;216;149;118m[48;2;222;153;120m▀[0m[38;2;216;149;118m[48;2;217;150;119m▀[0m    [38;2;121;85;82m[48;2;165;113;94m▀[0m[38;2;141;99;87m[48;2;167;114;93m▀[0m[38;2;125;88;76m▀[0m [38;2;112;79;61m▄[0m[38;2;218;150;119m[48;2;222;153;120m▀[0m[38;2;220;152;119m[48;2;222;153;120m▀[0m[38;2;220;152;120m[48;2;207;143;113m▀[0m      
                  [38;2;203;150;122m[48;2;180;124;99m▀[0m[38;2;223;166;136m[48;2;75;54;43m▀[0m[38;2;216;149;118m[48;2;177;122;98m▀[0m[38;2;230;158;125m▀[0m        [38;2;186;129;103m▀[0m[38;2;192;132;105m▀[0m[38;2;195;134;107m▀[0m       
                                        
