                                        
                                        
                                        
         [38;2;140;121;45m▄[0m      [38;2;88;57;32m▄[0m[38;2;211;149;104m▄[0m                      
      [38;2;189;132;93m[48;2;198;115;63m▀[0m [38;2;234;198;125m▄[0m[38;2;235;199;126m[48;2;235;197;125m▀[0m [38;2;14;10;5m▄[0m[38;2;93;61;27m▄[0m[38;2;91;55;30m[48;2;199;116;63m▀[0m[38;2;200;121;70m[48;2;55;84;65m▀[0m[38;2;208;139;91m[48;2;204;120;67m▀[0m[38;2;217;154;110m▀[0m                       
   [38;2;206;167;61m▀[0m[38;2;235;198;127m▄[0m[38;2;94;53;29m[48;2;230;215;106m▀[0m[38;2;149;83;46m[48;2;161;91;49m▀[0m[38;2;94;65;22m[48;2;235;204;113m▀[0m[38;2;234;194;110m[48;2;235;196;111m▀[0m[38;2;192;166;80m[48;2;18;15;7m▀[0m[38;2;127;71;39m[48;2;235;195;110m▀[0m[38;2;235;200;128m[48;2;211;143;37m▀[0m[38;2;53;77;62m[48;2;50;65;58m▀[0m[38;2;61;91;71m[48;2;148;82;45m▀[0m[38;2;197;114;62m▀[0m[38;2;9;6;3m▀[0m                        
    [38;2;234;220;129m▀[0m[38;2;233;194;103m[48;2;232;189;100m▀[0m[38;2;233;193;104m[48;2;232;188;99m▀[0m[38;2;233;193;103m[48;2;231;188;99m▀[0m[38;2;110;85;27m[48;2;226;175;75m▀[0m[38;2;232;190;102m[48;2;58;45;19m▀[0m[38;2;203;136;36m[48;2;138;76;41m▀[0m[38;2;209;140;37m[48;2;148;82;45m▀[0m[38;2;149;83;45m[48;2;93;55;29m▀[0m[38;2;148;82;45m▀[0m                [38;2;6;6;4m▄[0m         
    [38;2;100;75;28m▀[0m[38;2;189;129;39m[48;2;120;95;34m▀[0m[38;2;214;146;44m[48;2;48;41;14m▀[0m[38;2;203;137;36m[48;2;55;55;57m▀[0m[38;2;143;120;60m[48;2;215;203;106m▀[0m[38;2;118;100;44m[48;2;234;197;123m▀[0m[38;2;234;197;122m[48;2;234;197;118m▀[0m[38;2;233;192;103m[48;2;234;194;106m▀[0m[38;2;196;113;62m[48;2;208;140;37m▀[0m[38;2;84;49;27m[48;2;199;116;63m▀[0m[38;2;151;84;45m▄[0m[38;2;137;77;42m[48;2;3;3;1m▀[0m[38;2;33;20;11m▀[0m         [38;2;240;233;215m▄[0m[38;2;236;229;211m▄[0m[38;2;239;231;213m[48;2;236;229;211m▀[0m[38;2;237;229;211m[48;2;235;228;210m▀[0m[38;2;235;228;210m[48;2;234;227;210m▀[0m[38;2;234;227;210m[48;2;235;228;210m▀[0m[38;2;234;228;210m[48;2;235;228;210m▀[0m[38;2;238;231;213m▄[0m[38;2;235;227;210m▄[0m[38;2;240;234;220m▄[0m[38;2;242;237;226m[48;2;239;234;223m▀[0m[38;2;239;235;222m▀[0m  
    [38;2;228;210;118m[48;2;236;195;113m▀[0m[38;2;235;201;126m[48;2;236;196;114m▀[0m[38;2;236;217;123m[48;2;236;195;112m▀[0m[38;2;234;196;109m[48;2;17;16;11m▀[0m[38;2;234;194;110m[48;2;209;139;37m▀[0m[38;2;234;196;111m[48;2;223;169;64m▀[0m[38;2;234;194;108m[48;2;224;168;64m▀[0m[38;2;236;195;111m[48;2;216;154;45m▀[0m[38;2;210;142;37m[48;2;205;140;36m▀[0m[38;2;210;141;37m[48;2;205;139;36m▀[0m[38;2;212;182;73m[48;2;232;190;101m▀[0m[38;2;105;81;27m[48;2;232;191;101m▀[0m[38;2;232;190;101m▄[0m[38;2;232;191;105m▄[0m[38;2;236;229;211m▄[0m[38;2;240;235;224m▄[0m[38;2;118;115;107m▄[0m[38;2;61;91;71m▄[0m[38;2;44;65;51m▄[0m[38;2;240;233;215m▄[0m[38;2;97;94;87m[48;2;242;236;218m▀[0m[38;2;237;230;212m[48;2;242;236;216m▀[0m[38;2;237;230;212m[48;2;245;238;218m▀[0m[38;2;236;228;210m[48;2;246;238;218m▀[0m[38;2;239;231;212m[48;2;244;237;217m▀[0m[38;2;240;233;214m[48;2;242;236;217m▀[0m[38;2;240;233;214m[48;2;241;235;216m▀[0m[38;2;234;227;209m[48;2;240;233;214m▀[0m[38;2;235;228;210m[48;2;240;233;214m▀[0m[38;2;237;230;212m[48;2;240;233;214m▀[0m[38;2;240;232;212m[48;2;52;51;46m▀[0m[38;2;243;236;217m[48;2;249;242;223m▀[0m    
    [38;2;234;192;108m[48;2;203;136;36m▀[0m[38;2;235;208;116m[48;2;175;119;33m▀[0m[38;2;47;34;9m[48;2;203;137;36m▀[0m[38;2;151;84;46m[48;2;149;83;46m▀[0m[38;2;81;52;23m[48;2;149;82;45m▀[0m[38;2;207;142;42m[48;2;149;83;46m▀[0m[38;2;105;74;19m[48;2;194;131;35m▀[0m[38;2;206;144;38m[48;2;209;142;37m▀[0m[38;2;205;138;36m[48;2;208;144;37m▀[0m[38;2;205;138;36m[48;2;207;140;37m▀[0m[38;2;232;192;102m[48;2;232;194;103m▀[0m[38;2;232;191;102m[48;2;233;193;104m▀[0m[38;2;232;191;102m[48;2;233;193;103m▀[0m[38;2;233;192;103m[48;2;233;193;105m▀[0m[38;2;233;195;107m[48;2;238;231;213m▀[0m[38;2;234;199;125m[48;2;246;239;224m▀[0m[38;2;242;236;221m[48;2;250;243;229m▀[0m[38;2;245;238;218m[48;2;246;239;224m▀[0m[38;2;247;238;218m[48;2;244;237;218m▀[0m[38;2;250;240;218m[48;2;242;234;216m▀[0m[38;2;247;237;218m[48;2;245;237;217m▀[0m[38;2;245;238;218m[48;2;245;238;218m▀[0m[38;2;243;236;216m[48;2;242;236;216m▀[0m[38;2;241;235;216m[48;2;243;236;216m▀[0m[38;2;240;233;215m[48;2;241;234;215m▀[0m[38;2;241;235;216m[48;2;240;233;215m▀[0m[38;2;242;235;216m[48;2;240;233;215m▀[0m[38;2;239;232;213m[48;2;202;193;177m▀[0m[38;2;240;233;214m[48;2;174;163;149m▀[0m[38;2;215;206;189m▀[0m      
     [38;2;207;142;37m▀[0m[38;2;199;142;59m[48;2;172;160;147m▀[0m[38;2;158;88;49m[48;2;123;92;80m▀[0m[38;2;19;26;21m[48;2;51;67;59m▀[0m[38;2;54;71;62m[48;2;51;67;59m▀[0m[38;2;20;28;22m[48;2;51;67;59m▀[0m[38;2;207;139;37m[48;2;105;70;24m▀[0m[38;2;207;140;37m[48;2;221;163;56m▀[0m[38;2;225;171;70m[48;2;235;195;112m▀[0m[38;2;233;194;105m[48;2;235;195;110m▀[0m[38;2;233;192;103m[48;2;235;194;110m▀[0m[38;2;233;193;105m[48;2;235;194;110m▀[0m[38;2;234;195;106m[48;2;235;194;110m▀[0m[38;2;234;218;170m[48;2;236;194;113m▀[0m[38;2;247;241;227m[48;2;246;236;216m▀[0m[38;2;246;241;227m[48;2;247;238;220m▀[0m[38;2;247;242;228m[48;2;246;238;218m▀[0m[38;2;250;239;218m[48;2;243;236;217m▀[0m[38;2;248;239;218m[48;2;247;238;218m▀[0m[38;2;243;236;217m[48;2;243;236;217m▀[0m[38;2;240;235;216m[48;2;240;233;214m▀[0m[38;2;243;237;217m[48;2;241;234;215m▀[0m[38;2;243;237;217m[48;2;244;237;217m▀[0m[38;2;244;236;217m[48;2;179;168;153m▀[0m[38;2;238;230;211m[48;2;177;167;150m▀[0m[38;2;178;166;150m[48;2;178;166;150m▀[0m[38;2;179;167;150m▀[0m        
      [38;2;117;118;131m[48;2;79;79;85m▀[0m[38;2;120;121;134m[48;2;161;161;170m▀[0m[38;2;148;148;156m[48;2;164;163;173m▀[0m[38;2;58;86;69m[48;2;77;102;88m▀[0m[38;2;62;92;71m[48;2;108;129;119m▀[0m[38;2;62;92;71m[48;2;61;90;72m▀[0m[38;2;168;167;177m[48;2;115;135;126m▀[0m[38;2;235;194;110m[48;2;164;164;173m▀[0m[38;2;235;195;110m[48;2;209;184;87m▀[0m[38;2;235;196;110m[48;2;235;196;110m▀[0m[38;2;235;195;111m[48;2;236;196;111m▀[0m[38;2;233;192;106m[48;2;234;196;119m▀[0m[38;2;243;238;222m[48;2;232;193;113m▀[0m[38;2;243;236;220m[48;2;231;213;172m▀[0m[38;2;240;234;216m[48;2;187;175;160m▀[0m[38;2;240;232;213m[48;2;186;173;156m▀[0m[38;2;214;206;190m[48;2;179;167;150m▀[0m[38;2;173;162;148m[48;2;178;166;150m▀[0m[38;2;176;165;149m[48;2;176;165;150m▀[0m[38;2;179;167;150m[48;2;175;165;150m▀[0m[38;2;179;167;150m[48;2;174;163;148m▀[0m[38;2;179;167;150m[48;2;174;164;148m▀[0m[38;2;176;165;149m[48;2;173;162;147m▀[0m[38;2;176;165;149m[48;2;50;65;58m▀[0m[38;2;48;63;56m▄[0m         
    [38;2;63;63;65m▀[0m[38;2;165;164;173m▀[0m[38;2;165;165;174m[48;2;164;163;172m▀[0m[38;2;166;165;174m[48;2;164;163;172m▀[0m[38;2;165;164;174m[48;2;164;163;172m▀[0m[38;2;165;164;173m[48;2;164;163;172m▀[0m[38;2;169;168;178m[48;2;79;81;81m▀[0m[38;2;226;164;123m[48;2;194;111;60m▀[0m[38;2;221;159;115m[48;2;195;111;60m▀[0m[38;2;124;124;132m[48;2;195;113;61m▀[0m[38;2;163;162;171m[48;2;165;164;173m▀[0m[38;2;163;162;171m[48;2;163;162;171m▀[0m[38;2;110;113;122m[48;2;163;162;171m▀[0m[38;2;141;140;150m[48;2;163;162;171m▀[0m[38;2;156;155;163m[48;2;164;163;172m▀[0m[38;2;156;155;163m[48;2;163;162;171m▀[0m[38;2;164;163;172m[48;2;163;162;172m▀[0m[38;2;163;162;171m[48;2;163;162;172m▀[0m[38;2;163;162;171m[48;2;162;161;170m▀[0m[38;2;168;166;176m[48;2;162;162;170m▀[0m[38;2;192;182;165m[48;2;161;161;169m▀[0m[38;2;178;167;151m[48;2;162;161;170m▀[0m[38;2;180;169;154m[48;2;163;162;171m▀[0m[38;2;46;45;44m[48;2;162;161;170m▀[0m[38;2;50;66;58m[48;2;163;162;172m▀[0m[38;2;122;125;127m[48;2;137;137;143m▀[0m[38;2;96;102;101m[48;2;135;135;140m▀[0m[38;2;135;135;140m[48;2;136;136;140m▀[0m[38;2;137;137;142m[48;2;135;135;140m▀[0m[38;2;136;136;141m▄[0m      
    [38;2;146;146;152m▄[0m[38;2;163;162;171m[48;2;135;135;140m▀[0m[38;2;160;159;168m[48;2;134;135;139m▀[0m[38;2;135;135;140m[48;2;134;134;139m▀[0m[38;2;134;134;138m[48;2;134;134;139m▀[0m[38;2;133;133;138m[48;2;134;134;139m▀[0m[38;2;133;133;138m[48;2;134;134;138m▀[0m[38;2;141;141;146m[48;2;135;135;140m▀[0m[38;2;178;171;169m[48;2;135;135;140m▀[0m[38;2;147;81;44m[48;2;134;134;139m▀[0m[38;2;95;96;97m[48;2;134;134;138m▀[0m[38;2;157;156;165m[48;2;133;133;138m▀[0m[38;2;77;77;78m[48;2;133;133;138m▀[0m[38;2;162;161;170m[48;2;109;109;112m▀[0m[38;2;133;133;138m[48;2;134;134;139m▀[0m[38;2;134;134;138m[48;2;133;133;138m▀[0m[38;2;133;133;138m[48;2;134;134;138m▀[0m[38;2;134;134;138m[48;2;134;134;139m▀[0m[38;2;133;133;138m[48;2;136;136;141m▀[0m[38;2;145;145;150m[48;2;138;138;142m▀[0m[38;2;145;145;151m[48;2;137;138;142m▀[0m[38;2;159;159;167m[48;2;138;138;142m▀[0m[38;2;150;150;156m[48;2;137;138;142m▀[0m[38;2;161;160;169m[48;2;135;135;140m▀[0m[38;2;136;136;141m[48;2;136;136;141m▀[0m[38;2;136;136;141m[48;2;136;136;141m▀[0m[38;2;137;137;141m[48;2;134;134;139m▀[0m[38;2;136;136;140m[48;2;135;135;140m▀[0m[38;2;44;46;44m▀[0m       
   [38;2;71;72;72m▀[0m[38;2;0;0;0m▄[0m[38;2;61;62;62m[48;2;150;83;45m▀[0m[38;2;87;87;90m[48;2;145;81;45m▀[0m[38;2;135;135;140m[48;2;113;61;44m▀[0m[38;2;129;129;133m[48;2;96;97;99m▀[0m[38;2;135;135;139m[48;2;135;135;140m▀[0m[38;2;135;135;140m[48;2;132;132;137m▀[0m[38;2;135;135;139m[48;2;135;135;140m▀[0m[38;2;134;134;139m[48;2;135;135;140m▀[0m[38;2;134;134;139m[48;2;136;137;141m▀[0m[38;2;135;135;140m[48;2;132;133;137m▀[0m[38;2;135;135;140m[48;2;136;136;141m▀[0m[38;2;135;135;140m[48;2;136;136;141m▀[0m[38;2;133;133;138m[48;2;137;137;141m▀[0m[38;2;135;135;140m[48;2;136;136;141m▀[0m[38;2;136;136;141m[48;2;136;136;141m▀[0m[38;2;138;138;142m[48;2;135;135;140m▀[0m[38;2;138;138;142m[48;2;136;136;141m▀[0m[38;2;137;137;141m[48;2;136;136;141m▀[0m[38;2;136;136;141m[48;2;137;138;142m▀[0m[38;2;136;136;141m[48;2;137;137;141m▀[0m[38;2;136;136;141m[48;2;136;137;141m▀[0m[38;2;137;137;142m[48;2;135;135;140m▀[0m[38;2;135;135;140m[48;2;135;135;140m▀[0m[38;2;135;135;139m▀[0m[38;2;88;89;91m[48;2;151;84;46m▀[0m[38;2;62;63;63m[48;2;150;84;46m▀[0m         
  [38;2;7;5;3m[48;2;200;125;74m▀[0m[38;2;210;142;94m[48;2;203;123;71m▀[0m[38;2;215;154;108m[48;2;204;127;76m▀[0m[38;2;171;96;52m[48;2;209;126;74m▀[0m[38;2;145;79;44m▀[0m  [38;2;138;138;143m▀[0m[38;2;74;75;76m[48;2;47;47;47m▀[0m[38;2;142;142;147m▀[0m[38;2;136;136;141m▀[0m[38;2;58;58;58m▀[0m[38;2;136;136;141m▀[0m[38;2;62;62;64m[48;2;69;70;71m▀[0m[38;2;136;136;141m▀[0m [38;2;138;138;143m▀[0m[38;2;150;150;156m▀[0m   [38;2;95;96;90m▀[0m[38;2;160;159;167m▀[0m[38;2;156;156;164m▀[0m[38;2;86;87;89m▀[0m  [38;2;188;181;180m▀[0m[38;2;103;100;98m▀[0m         
    [38;2;155;156;157m▀[0m                                   
                                        
                                        
                                        
