                                        
                            [38;2;105;89;116m▄[0m[38;2;135;111;148m▄[0m[38;2;135;113;150m[48;2;97;81;105m▀[0m         
                         [38;2;1;1;1m▄[0m[38;2;119;98;138m▄[0m[38;2;132;110;147m[48;2;124;103;141m▀[0m[38;2;133;110;147m[48;2;125;104;142m▀[0m[38;2;132;110;147m[48;2;126;105;142m▀[0m          
                       [38;2;117;95;137m▄[0m[38;2;100;81;115m[48;2;116;94;136m▀[0m[38;2;116;93;135m[48;2;116;94;136m▀[0m[38;2;116;93;135m[48;2;116;94;137m▀[0m[38;2;116;93;136m[48;2;223;115;168m▀[0m[38;2;121;97;141m[48;2;119;96;141m▀[0m[38;2;115;93;135m[48;2;67;56;78m▀[0m          
           [38;2;57;50;62m▀[0m[38;2;123;102;136m[48;2;85;72;92m▀[0m[38;2;130;109;146m▄[0m[38;2;123;101;141m▄[0m[38;2;116;94;136m▄[0m[38;2;116;94;135m▄[0m[38;2;121;97;141m▄[0m[38;2;43;36;49m▄[0m[38;2;131;109;146m▄[0m[38;2;56;47;62m[48;2;133;110;147m▀[0m[38;2;118;97;138m[48;2;132;110;146m▀[0m[38;2;116;94;136m[48;2;122;100;141m▀[0m[38;2;116;94;136m[48;2;116;94;137m▀[0m[38;2;116;94;138m[48;2;116;94;137m▀[0m[38;2;116;94;136m[48;2;120;97;142m▀[0m[38;2;54;30;40m[48;2;216;111;162m▀[0m[38;2;212;109;160m[48;2;215;111;162m▀[0m[38;2;117;94;136m[48;2;116;94;138m▀[0m           
             [38;2;130;109;145m[48;2;135;112;150m▀[0m[38;2;131;109;145m[48;2;130;108;143m▀[0m[38;2;127;106;143m[48;2;132;110;146m▀[0m[38;2;120;98;140m[48;2;131;110;146m▀[0m[38;2;116;93;136m[48;2;132;110;147m▀[0m[38;2;130;109;146m[48;2;133;110;147m▀[0m[38;2;130;109;146m[48;2;132;110;146m▀[0m[38;2;131;110;146m[48;2;132;110;147m▀[0m[38;2;132;110;146m[48;2;133;111;148m▀[0m[38;2;132;110;146m[48;2;133;111;148m▀[0m[38;2;116;95;137m[48;2;117;94;138m▀[0m[38;2;116;94;137m[48;2;241;142;187m▀[0m[38;2;215;111;162m[48;2;223;130;172m▀[0m[38;2;215;110;162m[48;2;219;112;164m▀[0m[38;2;218;111;164m[48;2;217;112;163m▀[0m[38;2;119;95;139m[48;2;117;94;136m▀[0m           
              [38;2;61;41;48m[48;2;106;89;117m▀[0m[38;2;131;109;145m[48;2;226;131;173m▀[0m[38;2;133;111;147m[48;2;135;111;149m▀[0m[38;2;133;111;148m[48;2;133;111;148m▀[0m[38;2;133;111;148m[48;2;133;111;148m▀[0m[38;2;133;111;148m[48;2;133;111;148m▀[0m[38;2;133;111;148m[48;2;133;111;148m▀[0m[38;2;133;111;148m[48;2;133;111;148m▀[0m[38;2;133;111;148m[48;2;132;110;147m▀[0m[38;2;134;111;149m[48;2;221;130;171m▀[0m[38;2;222;129;171m[48;2;215;124;166m▀[0m[38;2;219;128;170m[48;2;211;110;160m▀[0m[38;2;211;109;160m[48;2;211;109;160m▀[0m[38;2;210;109;160m[48;2;172;88;128m▀[0m[38;2;115;93;135m[48;2;115;94;136m▀[0m[38;2;29;25;32m[48;2;116;93;136m▀[0m          
               [38;2;219;129;171m[48;2;219;113;165m▀[0m[38;2;220;129;171m[48;2;217;126;168m▀[0m[38;2;131;110;146m[48;2;225;132;175m▀[0m[38;2;86;85;71m[48;2;113;94;127m▀[0m[38;2;130;109;145m[48;2;143;120;160m▀[0m[38;2;130;109;145m[48;2;131;109;146m▀[0m[38;2;153;151;124m[48;2;216;211;175m▀[0m[38;2;127;104;143m[48;2;120;97;140m▀[0m[38;2;212;112;161m[48;2;216;111;163m▀[0m[38;2;211;109;160m[48;2;63;126;72m▀[0m[38;2;194;100;146m[48;2;179;176;180m▀[0m[38;2;219;220;224m[48;2;240;245;250m▀[0m[38;2;117;94;139m[48;2;117;95;139m▀[0m[38;2;116;94;137m[48;2;116;94;138m▀[0m[38;2;116;94;137m[48;2;115;94;137m▀[0m[38;2;122;100;142m[48;2;116;94;136m▀[0m[38;2;8;8;5m[48;2;71;61;78m▀[0m        
                [38;2;214;110;162m[48;2;134;137;137m▀[0m[38;2;216;115;164m[48;2;40;49;41m▀[0m[38;2;109;91;127m[48;2;18;25;17m▀[0m[38;2;243;239;196m[48;2;117;94;138m▀[0m[38;2;119;96;139m[48;2;117;94;138m▀[0m[38;2;121;97;143m[48;2;118;95;139m▀[0m[38;2;123;98;145m[48;2;119;96;140m▀[0m[38;2;220;222;219m[48;2;57;129;69m▀[0m[38;2;73;162;87m[48;2;106;172;106m▀[0m[38;2;72;163;88m[48;2;189;185;154m▀[0m[38;2;112;91;134m[48;2;252;247;200m▀[0m[38;2;119;96;141m[48;2;245;241;197m▀[0m[38;2;116;94;137m[48;2;104;85;121m▀[0m[38;2;117;95;138m[48;2;50;41;53m▀[0m[38;2;117;95;138m▀[0m[38;2;34;30;36m▀[0m        
        [38;2;82;70;89m▄[0m[38;2;22;21;22m▄[0m     [38;2;140;117;157m▄[0m[38;2;117;95;139m[48;2;121;98;141m▀[0m[38;2;192;194;194m[48;2;250;246;200m▀[0m[38;2;83;161;90m[48;2;252;246;200m▀[0m[38;2;28;52;30m[48;2;253;247;199m▀[0m[38;2;123;101;142m[48;2;164;161;134m▀[0m[38;2;123;99;141m[48;2;41;41;42m▀[0m[38;2;77;75;65m[48;2;250;245;199m▀[0m[38;2;254;248;200m[48;2;247;243;198m▀[0m[38;2;255;248;200m[48;2;213;207;169m▀[0m[38;2;246;242;198m[48;2;180;170;138m▀[0m[38;2;206;198;163m[48;2;7;6;5m▀[0m[38;2;76;61;86m▀[0m            
       [38;2;35;31;38m▀[0m[38;2;135;111;148m[48;2;106;90;117m▀[0m[38;2;135;111;148m[48;2;132;110;147m▀[0m[38;2;133;111;147m[48;2;133;110;147m▀[0m[38;2;0;0;0m[48;2;132;109;146m▀[0m    [38;2;67;56;77m▀[0m[38;2;126;100;148m▀[0m[38;2;255;248;200m▀[0m[38;2;251;247;199m▀[0m[38;2;253;250;209m[48;2;21;19;15m▀[0m[38;2;255;254;211m[48;2;84;81;65m▀[0m[38;2;95;93;76m[48;2;27;26;21m▀[0m[38;2;174;166;136m[48;2;136;126;119m▀[0m[38;2;173;163;132m[48;2;138;126;119m▀[0m[38;2;43;40;37m[48;2;138;126;119m▀[0m              
         [38;2;132;110;146m[48;2;123;100;143m▀[0m[38;2;133;111;148m[48;2;122;99;141m▀[0m[38;2;132;110;147m[48;2;122;100;142m▀[0m[38;2;123;101;142m[48;2;117;95;138m▀[0m          [38;2;140;130;121m[48;2;92;75;106m▀[0m[38;2;133;123;116m[48;2;200;194;159m▀[0m[38;2;134;125;116m[48;2;215;209;171m▀[0m[38;2;236;232;190m▄[0m             
         [38;2;33;28;35m▀[0m[38;2;115;94;137m[48;2;115;94;136m▀[0m [38;2;122;99;144m▀[0m         [38;2;118;95;139m[48;2;115;94;135m▀[0m[38;2;116;93;136m[48;2;118;94;138m▀[0m[38;2;106;106;84m[48;2;119;95;139m▀[0m[38;2;235;229;188m[48;2;247;244;201m▀[0m[38;2;237;233;191m[48;2;245;240;197m▀[0m             
          [38;2;116;93;136m[48;2;115;93;136m▀[0m         [38;2;240;236;193m▄[0m[38;2;65;62;58m[48;2;116;94;137m▀[0m[38;2;115;94;136m[48;2;185;182;147m▀[0m[38;2;237;232;191m[48;2;255;249;201m▀[0m[38;2;244;241;196m[48;2;255;249;201m▀[0m[38;2;119;95;139m[48;2;127;102;148m▀[0m[38;2;52;40;64m[48;2;117;95;139m▀[0m             
          [38;2;116;94;136m[48;2;117;94;137m▀[0m[38;2;42;36;46m▄[0m      [38;2;168;165;142m▄[0m[38;2;253;253;217m[48;2;253;247;203m▀[0m[38;2;255;248;199m[48;2;132;109;146m▀[0m[38;2;120;96;139m[48;2;129;105;145m▀[0m[38;2;252;247;200m[48;2;249;245;198m▀[0m[38;2;247;244;198m[48;2;248;245;199m▀[0m[38;2;247;244;198m[48;2;252;248;200m▀[0m[38;2;116;94;138m[48;2;111;88;127m▀[0m[38;2;118;95;139m[48;2;95;76;105m▀[0m             
          [38;2;103;83;117m▀[0m[38;2;108;87;124m[48;2;95;75;105m▀[0m[38;2;97;78;108m▄[0m    [38;2;251;247;200m▄[0m[38;2;247;243;199m[48;2;255;249;201m▀[0m[38;2;227;226;195m[48;2;123;99;141m▀[0m[38;2;133;111;148m[48;2;120;96;139m▀[0m[38;2;120;96;140m[48;2;116;94;138m▀[0m[38;2;255;250;201m[48;2;113;111;91m▀[0m[38;2;248;245;198m[48;2;218;216;175m▀[0m[38;2;242;238;195m[48;2;240;235;193m▀[0m[38;2;95;76;105m[48;2;94;75;104m▀[0m[38;2;35;33;29m[48;2;133;123;116m▀[0m             
           [38;2;4;5;1m▀[0m[38;2;95;76;105m▀[0m[38;2;94;74;104m[48;2;92;73;104m▀[0m[38;2;80;64;97m▄[0m[38;2;16;14;17m▄[0m[38;2;255;254;214m[48;2;116;94;137m▀[0m[38;2;255;252;207m[48;2;116;94;137m▀[0m[38;2;117;94;138m[48;2;116;94;136m▀[0m[38;2;116;94;136m[48;2;115;93;135m▀[0m[38;2;115;93;135m[48;2;115;93;135m▀[0m[38;2;116;94;136m[48;2;115;93;135m▀[0m[38;2;90;74;105m[48;2;98;80;113m▀[0m[38;2;112;90;132m[48;2;117;94;136m▀[0m[38;2;57;47;66m[48;2;116;94;136m▀[0m[38;2;62;51;73m[48;2;78;64;95m▀[0m[38;2;28;24;30m[48;2;8;8;5m▀[0m             
                [38;2;115;93;135m[48;2;97;78;109m▀[0m[38;2;115;93;136m[48;2;94;75;104m▀[0m[38;2;116;94;136m[48;2;96;77;106m▀[0m[38;2;116;94;136m[48;2;94;76;104m▀[0m[38;2;108;87;125m[48;2;94;76;104m▀[0m[38;2;96;77;108m[48;2;94;76;104m▀[0m[38;2;94;75;104m[48;2;94;76;104m▀[0m[38;2;117;94;137m[48;2;117;95;138m▀[0m[38;2;116;94;136m[48;2;116;94;136m▀[0m[38;2;78;64;94m[48;2;78;64;95m▀[0m[38;2;33;28;38m[48;2;79;64;95m▀[0m             
                 [38;2;94;75;104m▀[0m[38;2;94;75;104m▀[0m[38;2;95;75;105m▀[0m[38;2;180;170;138m[48;2;45;44;35m▀[0m[38;2;178;167;136m[48;2;132;125;102m▀[0m[38;2;178;167;137m[48;2;9;9;5m▀[0m[38;2;41;39;35m▀[0m[38;2;123;102;141m[48;2;133;111;149m▀[0m[38;2;51;42;61m[48;2;136;113;151m▀[0m[38;2;95;75;105m▀[0m             
                                        
