                                        
           [38;2;140;215;162m▄[0m[38;2;119;182;137m[48;2;127;194;146m▀[0m[38;2;127;195;147m[48;2;127;195;146m▀[0m[38;2;126;194;146m▄[0m                         
           [38;2;127;195;146m[48;2;125;196;147m▀[0m[38;2;127;195;146m[48;2;126;194;146m▀[0m[38;2;127;195;147m[48;2;126;194;146m▀[0m[38;2;128;197;147m[48;2;127;194;146m▀[0m[38;2;106;163;121m[48;2;126;193;146m▀[0m[38;2;126;193;146m▄[0m                       
           [38;2;126;196;146m[48;2;126;192;146m▀[0m[38;2;126;192;146m[48;2;126;191;146m▀[0m[38;2;125;191;146m[48;2;126;192;146m▀[0m[38;2;126;192;146m[48;2;126;192;146m▀[0m[38;2;126;192;146m[48;2;126;193;146m▀[0m[38;2;126;193;148m[48;2;126;192;146m▀[0m[38;2;58;107;75m[48;2;88;182;128m▀[0m                      
           [38;2;49;72;54m[48;2;72;180;123m▀[0m[38;2;126;191;145m[48;2;96;186;132m▀[0m[38;2;127;192;145m[48;2;112;188;139m▀[0m[38;2;125;191;145m[48;2;108;187;138m▀[0m[38;2;76;181;125m[48;2;72;179;123m▀[0m[38;2;71;180;122m[48;2;69;180;122m▀[0m[38;2;70;179;122m[48;2;69;180;122m▀[0m[38;2;42;96;66m[48;2;69;180;122m▀[0m                     
           [38;2;70;182;122m[48;2;71;183;123m▀[0m[38;2;69;182;122m[48;2;70;183;123m▀[0m[38;2;70;182;123m[48;2;72;186;125m▀[0m[38;2;69;182;122m[48;2;70;183;123m▀[0m[38;2;69;182;123m[48;2;69;184;124m▀[0m[38;2;70;183;123m[48;2;69;183;124m▀[0m[38;2;71;185;125m[48;2;69;181;122m▀[0m[38;2;70;183;123m[48;2;70;179;122m▀[0m[38;2;14;26;17m[48;2;28;57;39m▀[0m                    
           [38;2;70;183;124m[48;2;70;179;122m▀[0m[38;2;69;183;124m[48;2;70;179;122m▀[0m[38;2;69;180;122m[48;2;61;176;120m▀[0m[38;2;71;180;122m[48;2;68;180;123m▀[0m[38;2;70;179;122m[48;2;71;179;122m▀[0m[38;2;71;180;122m[48;2;70;179;122m▀[0m[38;2;70;179;122m[48;2;69;182;123m▀[0m[38;2;71;178;122m[48;2;70;181;122m▀[0m[38;2;70;178;122m[48;2;69;180;122m▀[0m                    
       [38;2;62;92;68m▄[0m[38;2;17;24;18m▄[0m  [38;2;98;97;96m▄[0m[38;2;69;182;123m[48;2;69;183;123m▀[0m[38;2;70;182;124m[48;2;56;152;102m▀[0m[38;2;161;141;96m[48;2;69;183;124m▀[0m[38;2;53;158;108m[48;2;66;181;122m▀[0m[38;2;70;181;122m[48;2;70;183;124m▀[0m[38;2;70;181;122m[48;2;68;184;123m▀[0m[38;2;70;181;123m[48;2;69;183;124m▀[0m[38;2;69;184;124m[48;2;84;76;81m▀[0m[38;2;15;31;20m[48;2;62;176;115m▀[0m[38;2;38;75;51m▄[0m[38;2;73;181;123m▄[0m[38;2;126;194;145m▄[0m[38;2;126;195;147m[48;2;175;224;188m▀[0m[38;2;127;195;146m[48;2;167;214;180m▀[0m[38;2;126;193;146m[48;2;166;213;179m▀[0m[38;2;126;193;146m[48;2;129;199;150m▀[0m[38;2;126;193;146m[48;2;126;196;147m▀[0m           
     [38;2;44;66;50m[48;2;107;165;123m▀[0m[38;2;130;201;150m[48;2;177;225;188m▀[0m[38;2;109;134;112m[48;2;169;215;180m▀[0m[38;2;130;201;150m[48;2;166;212;178m▀[0m[38;2;128;196;147m[48;2;144;207;167m▀[0m[38;2;83;185;129m[48;2;69;181;122m▀[0m[38;2;31;74;50m▄[0m[38;2;252;252;254m[48;2;246;249;252m▀[0m[38;2;70;183;123m[48;2;38;86;58m▀[0m[38;2;70;183;123m[48;2;60;128;88m▀[0m[38;2;70;183;123m[48;2;64;143;98m▀[0m[38;2;71;183;123m[48;2;62;137;94m▀[0m[38;2;71;177;120m[48;2;244;246;252m▀[0m[38;2;227;224;226m[48;2;245;247;252m▀[0m[38;2;245;247;252m[48;2;236;239;244m▀[0m[38;2;70;183;123m[48;2;70;179;122m▀[0m[38;2;73;191;128m[48;2;29;69;47m▀[0m[38;2;36;81;56m[48;2;135;201;162m▀[0m[38;2;140;204;166m[48;2;142;207;167m▀[0m[38;2;142;202;165m[48;2;143;207;167m▀[0m[38;2;144;207;167m[48;2;145;209;169m▀[0m[38;2;169;215;180m[48;2;70;181;123m▀[0m[38;2;119;193;143m[48;2;71;186;125m▀[0m[38;2;6;8;5m▀[0m           
      [38;2;76;182;126m▀[0m[38;2;144;204;166m[48;2;70;184;124m▀[0m[38;2;136;201;162m[48;2;143;209;169m▀[0m[38;2;139;205;166m[48;2;139;206;166m▀[0m[38;2;138;205;166m[48;2;136;204;163m▀[0m[38;2;70;181;122m[48;2;69;180;122m▀[0m[38;2;71;71;70m[48;2;239;210;141m▀[0m[38;2;47;47;47m[48;2;38;35;33m▀[0m[38;2;51;112;76m[48;2;234;206;139m▀[0m[38;2;62;137;94m[48;2;226;199;135m▀[0m[38;2;31;74;50m[48;2;236;208;140m▀[0m[38;2;39;39;39m[48;2;238;238;241m▀[0m[38;2;242;244;248m[48;2;245;248;252m▀[0m[38;2;236;208;140m[48;2;236;207;140m▀[0m[38;2;34;124;84m[48;2;70;178;122m▀[0m[38;2;144;207;168m[48;2;138;203;164m▀[0m[38;2;137;204;164m[48;2;134;199;161m▀[0m[38;2;137;203;164m[48;2;96;140;114m▀[0m[38;2;72;186;127m[48;2;70;178;122m▀[0m[38;2;70;179;122m▀[0m[38;2;69;175;120m[48;2;64;145;100m▀[0m  [38;2;70;180;122m▄[0m[38;2;70;180;122m▄[0m         
        [38;2;62;134;92m[48;2;242;218;161m▀[0m[38;2;63;140;96m▀[0m[38;2;106;147;118m▀[0m[38;2;18;23;17m▀[0m[38;2;246;217;146m[48;2;3;3;2m▀[0m[38;2;233;204;138m[48;2;218;190;129m▀[0m[38;2;234;205;138m[48;2;183;161;109m▀[0m[38;2;45;44;38m[48;2;236;207;140m▀[0m[38;2;237;208;140m[48;2;132;117;79m▀[0m[38;2;236;209;140m[48;2;102;91;62m▀[0m[38;2;236;207;139m[48;2;199;172;119m▀[0m[38;2;236;207;139m[48;2;169;145;102m▀[0m[38;2;220;190;131m[48;2;169;163;161m▀[0m[38;2;67;145;101m[48;2;170;164;163m▀[0m  [38;2;58;118;90m▄[0m[38;2;63;137;94m[48;2;59;116;89m▀[0m[38;2;61;133;93m[48;2;59;116;89m▀[0m[38;2;59;118;90m[48;2;65;139;95m▀[0m[38;2;62;134;92m[48;2;65;137;94m▀[0m[38;2;62;136;94m[48;2;65;137;94m▀[0m[38;2;63;137;94m[48;2;62;135;93m▀[0m[38;2;62;137;94m▄[0m        
      [38;2;57;87;65m▄[0m[38;2;5;7;4m▄[0m[38;2;237;209;142m[48;2;239;211;142m▀[0m[38;2;237;208;140m▄[0m[38;2;101;89;61m▄[0m [38;2;46;44;42m[48;2;246;248;249m▀[0m[38;2;172;166;165m[48;2;234;237;242m▀[0m[38;2;147;144;144m[48;2;193;189;189m▀[0m[38;2;177;152;105m[48;2;176;150;105m▀[0m[38;2;185;158;110m[48;2;156;136;103m▀[0m[38;2;89;77;54m[48;2;174;150;105m▀[0m[38;2;160;157;162m[48;2;214;214;215m▀[0m[38;2;172;166;164m[48;2;254;255;255m▀[0m[38;2;196;194;194m[48;2;254;254;254m▀[0m[38;2;244;247;250m[48;2;245;249;253m▀[0m[38;2;192;188;184m[48;2;248;250;253m▀[0m[38;2;70;183;124m▄[0m[38;2;69;182;123m▄[0m[38;2;58;116;89m[48;2;70;183;123m▀[0m[38;2;58;116;89m[48;2;70;184;124m▀[0m[38;2;27;36;26m[48;2;69;182;122m▀[0m[38;2;23;48;32m[48;2;70;182;123m▀[0m[38;2;126;194;145m[48;2;68;180;121m▀[0m[38;2;62;135;93m[48;2;9;13;9m▀[0m [38;2;34;30;21m▄[0m[38;2;243;219;162m▄[0m      
     [38;2;129;196;148m▄[0m[38;2;76;172;120m[48;2;74;180;124m▀[0m[38;2;238;209;141m[48;2;240;211;142m▀[0m[38;2;238;210;141m[48;2;244;215;143m▀[0m[38;2;238;209;141m[48;2;238;208;139m▀[0m[38;2;243;217;146m[48;2;69;150;102m▀[0m[38;2;63;136;93m[48;2;62;137;94m▀[0m[38;2;58;115;88m▀[0m[38;2;175;169;168m▀[0m[38;2;189;185;185m[48;2;44;39;26m▀[0m[38;2;241;213;142m[48;2;244;214;143m▀[0m[38;2;246;214;143m[48;2;242;212;142m▀[0m[38;2;246;215;143m[48;2;243;213;143m▀[0m[38;2;244;247;252m[48;2;243;214;143m▀[0m[38;2;243;246;251m[48;2;255;239;159m▀[0m[38;2;246;248;252m▀[0m  [38;2;44;106;72m▀[0m[38;2;69;184;124m▀[0m[38;2;70;181;122m[48;2;73;189;127m▀[0m[38;2;70;181;122m[48;2;70;180;122m▀[0m[38;2;71;181;122m[48;2;69;180;122m▀[0m[38;2;72;186;125m[48;2;248;224;151m▀[0m[38;2;19;72;49m[48;2;235;206;139m▀[0m[38;2;237;209;140m[48;2;226;198;134m▀[0m[38;2;238;210;141m[48;2;174;150;105m▀[0m[38;2;238;210;141m[48;2;172;147;103m▀[0m[38;2;237;210;140m▄[0m[38;2;242;217;161m▄[0m     
      [38;2;70;182;123m[48;2;69;180;122m▀[0m[38;2;44;102;70m[48;2;69;169;114m▀[0m[38;2;176;151;105m[48;2;61;135;93m▀[0m[38;2;174;149;104m[48;2;62;135;93m▀[0m[38;2;26;51;35m▀[0m [38;2;128;196;146m▄[0m[38;2;252;219;146m▄[0m[38;2;245;215;143m[48;2;23;35;27m▀[0m[38;2;250;218;143m[48;2;95;95;66m▀[0m[38;2;115;179;134m[48;2;126;193;146m▀[0m[38;2;251;218;143m[48;2;234;204;138m▀[0m[38;2;251;218;143m[48;2;131;200;152m▀[0m[38;2;236;208;139m[48;2;234;205;139m▀[0m[38;2;128;196;149m▄[0m[38;2;77;114;86m▄[0m   [38;2;72;185;126m▀[0m[38;2;70;179;122m[48;2;24;32;24m▀[0m[38;2;73;190;129m[48;2;59;117;90m▀[0m[38;2;241;216;146m[48;2;65;144;100m▀[0m[38;2;234;205;138m[48;2;235;205;140m▀[0m[38;2;173;148;104m[48;2;22;20;13m▀[0m[38;2;171;146;102m[48;2;237;209;140m▀[0m[38;2;240;211;141m[48;2;92;82;56m▀[0m[38;2;236;208;140m▄[0m      
       [38;2;71;183;123m[48;2;56;139;95m▀[0m[38;2;7;7;5m▀[0m[38;2;67;144;98m▀[0m [38;2;73;191;129m[48;2;69;177;121m▀[0m[38;2;69;180;122m[48;2;71;179;121m▀[0m[38;2;78;182;126m[48;2;70;179;122m▀[0m[38;2;90;182;129m[48;2;71;178;122m▀[0m[38;2;118;190;142m[48;2;71;178;122m▀[0m[38;2;103;184;135m[48;2;71;179;122m▀[0m[38;2;119;191;144m[48;2;70;179;122m▀[0m[38;2;77;178;123m[48;2;70;179;122m▀[0m[38;2;149;121;83m[48;2;70;179;122m▀[0m[38;2;70;179;122m[48;2;70;179;122m▀[0m[38;2;70;179;122m[48;2;70;181;123m▀[0m[38;2;70;181;124m▀[0m   [38;2;59;113;87m[48;2;57;115;88m▀[0m[38;2;59;114;87m▀[0m [38;2;242;218;161m▀[0m[38;2;134;121;90m▀[0m [38;2;74;67;46m▀[0m       
          [38;2;70;177;122m▄[0m[38;2;70;177;121m[48;2;69;180;122m▀[0m[38;2;69;177;122m[48;2;70;182;122m▀[0m[38;2;70;177;122m[48;2;70;182;123m▀[0m[38;2;70;179;122m[48;2;62;137;94m▀[0m[38;2;70;179;122m[48;2;65;138;95m▀[0m[38;2;69;179;122m[48;2;66;141;97m▀[0m[38;2;69;180;122m[48;2;63;139;95m▀[0m[38;2;70;184;124m[48;2;61;135;93m▀[0m[38;2;70;182;123m[48;2;71;179;122m▀[0m[38;2;70;179;122m[48;2;70;180;122m▀[0m[38;2;70;178;122m[48;2;70;184;124m▀[0m[38;2;70;184;124m▄[0m  [38;2;62;123;93m[48;2;59;116;88m▀[0m[38;2;57;115;88m[48;2;32;61;46m▀[0m             
       [38;2;62;159;107m▄[0m[38;2;25;58;39m▄[0m[38;2;54;138;94m[48;2;70;184;124m▀[0m[38;2;70;181;122m[48;2;70;183;123m▀[0m[38;2;71;183;124m[48;2;69;184;124m▀[0m[38;2;70;183;123m▀[0m    [38;2;58;115;88m▀[0m[38;2;59;118;90m[48;2;59;116;89m▀[0m[38;2;58;116;89m▄[0m[38;2;70;183;123m[48;2;46;90;70m▀[0m[38;2;70;183;123m[48;2;69;183;123m▀[0m[38;2;70;183;123m[48;2;69;184;123m▀[0m[38;2;74;193;130m[48;2;70;184;124m▀[0m[38;2;58;116;89m[48;2;60;121;92m▀[0m[38;2;57;116;89m▀[0m              
       [38;2;81;71;49m▄[0m[38;2;69;182;123m[48;2;23;63;43m▀[0m[38;2;70;183;123m[48;2;70;180;122m▀[0m[38;2;70;180;122m[48;2;70;181;122m▀[0m[38;2;3;3;3m[48;2;18;37;23m▀[0m       [38;2;10;16;10m▀[0m[38;2;75;199;135m▀[0m[38;2;69;182;123m[48;2;70;180;122m▀[0m[38;2;70;181;122m[48;2;37;105;71m▀[0m[38;2;71;181;122m[48;2;22;61;41m▀[0m[38;2;70;181;122m[48;2;47;134;91m▀[0m[38;2;71;182;123m[48;2;57;51;37m▀[0m              
      [38;2;242;217;161m[48;2;178;153;107m▀[0m[38;2;242;217;161m[48;2;186;161;111m▀[0m[38;2;241;217;161m[48;2;183;157;109m▀[0m[38;2;240;216;161m[48;2;190;165;113m▀[0m[38;2;240;216;160m[48;2;184;159;109m▀[0m          [38;2;238;208;141m▀[0m[38;2;238;211;150m[48;2;178;153;107m▀[0m[38;2;240;215;160m[48;2;174;149;104m▀[0m[38;2;139;125;89m[48;2;108;94;65m▀[0m[38;2;240;214;153m[48;2;174;149;104m▀[0m[38;2;238;212;148m▀[0m             
                                        
