                                        
           [38;2;211;128;137m▄[0m[38;2;189;114;122m▀[0m[38;2;110;67;86m[48;2;109;67;86m▀[0m[38;2;102;62;81m▄[0m [38;2;137;86;91m▄[0m[38;2;219;133;142m▄[0m[38;2;69;45;45m▄[0m                     
          [38;2;209;127;136m▄[0m  [38;2;207;127;134m▄[0m[38;2;213;129;139m[48;2;213;129;139m▀[0m[38;2;212;129;139m▀[0m[38;2;215;130;140m▀[0m[38;2;52;36;35m▀[0m[38;2;23;18;15m▀[0m[38;2;221;125;138m▀[0m[38;2;121;62;73m▀[0m[38;2;49;26;29m▄[0m                  
          [38;2;213;128;138m[48;2;208;99;121m▀[0m[38;2;16;17;15m[48;2;229;108;132m▀[0m[38;2;199;97;117m[48;2;207;98;121m▀[0m[38;2;199;97;117m[48;2;175;82;101m▀[0m[38;2;203;96;119m[48;2;206;98;120m▀[0m[38;2;206;98;120m[48;2;206;99;120m▀[0m[38;2;216;131;141m[48;2;210;104;126m▀[0m[38;2;224;134;145m▀[0m   [38;2;108;66;85m[48;2;69;44;55m▀[0m          [38;2;12;14;11m▄[0m[38;2;35;33;31m▄[0m      
          [38;2;210;99;121m[48;2;237;213;111m▀[0m[38;2;209;99;121m[48;2;225;200;84m▀[0m[38;2;215;101;124m[48;2;95;46;54m▀[0m[38;2;150;152;157m[48;2;105;100;71m▀[0m[38;2;121;125;124m[48;2;208;99;121m▀[0m[38;2;213;98;121m[48;2;36;27;27m▀[0m     [38;2;16;13;12m[48;2;159;78;95m▀[0m        [38;2;96;91;91m▄[0m[38;2;95;91;91m[48;2;161;163;166m▀[0m[38;2;96;91;91m[48;2;96;92;93m▀[0m       
          [38;2;55;48;24m[48;2;107;66;84m▀[0m[38;2;63;56;33m[48;2;107;106;107m▀[0m[38;2;51;41;42m[48;2;114;113;114m▀[0m[38;2;44;51;48m[48;2;41;42;40m▀[0m[38;2;61;59;60m[48;2;61;60;61m▀[0m[38;2;61;59;60m▀[0m     [38;2;157;76;92m[48;2;157;77;93m▀[0m     [38;2;32;32;31m▄[0m[38;2;24;25;21m[48;2;50;52;52m▀[0m[38;2;97;93;94m[48;2;85;83;85m▀[0m[38;2;12;12;12m[48;2;105;107;110m▀[0m[38;2;96;92;93m[48;2;80;79;80m▀[0m[38;2;93;89;90m▀[0m       
        [38;2;113;68;87m▄[0m[38;2;109;66;86m[48;2;50;32;39m▀[0m [38;2;74;73;73m[48;2;43;43;41m▀[0m[38;2;116;114;116m[48;2;33;34;33m▀[0m[38;2;66;64;65m[48;2;77;76;78m▀[0m[38;2;78;76;78m[48;2;75;76;78m▀[0m    [38;2;207;98;122m▄[0m[38;2;159;77;94m[48;2;164;81;97m▀[0m[38;2;47;27;30m▀[0m    [38;2;78;77;79m▄[0m[38;2;45;46;46m[48;2;113;116;119m▀[0m[38;2;16;17;14m[48;2;132;135;139m▀[0m[38;2;29;29;28m[48;2;155;158;165m▀[0m[38;2;81;79;81m[48;2;78;79;82m▀[0m[38;2;77;76;78m▀[0m        
       [38;2;209;99;122m▄[0m[38;2;112;68;87m▀[0m  [38;2;30;30;28m[48;2;75;75;77m▀[0m[38;2;75;76;78m[48;2;75;76;78m▀[0m[38;2;75;76;78m[48;2;75;76;78m▀[0m[38;2;75;75;77m[48;2;75;76;78m▀[0m[38;2;76;76;78m▄[0m[38;2;20;20;18m▄[0m[38;2;115;63;72m▄[0m[38;2;157;76;92m[48;2;206;98;120m▀[0m[38;2;208;99;122m▀[0m    [38;2;35;35;35m▄[0m[38;2;75;76;78m[48;2;122;124;129m▀[0m[38;2;63;64;65m[48;2;126;127;130m▀[0m[38;2;77;76;79m[48;2;115;114;115m▀[0m[38;2;80;81;83m[48;2;117;116;118m▀[0m[38;2;75;75;78m[48;2;54;54;57m▀[0m[38;2;76;75;77m▀[0m         
       [38;2;202;97;116m▀[0m  [38;2;76;76;78m[48;2;76;75;77m▀[0m[38;2;75;76;78m[48;2;75;75;77m▀[0m[38;2;75;76;78m[48;2;75;74;76m▀[0m[38;2;75;76;78m[48;2;75;75;77m▀[0m[38;2;75;75;78m[48;2;75;75;77m▀[0m[38;2;75;75;78m[48;2;22;28;25m▀[0m[38;2;105;55;64m[48;2;202;96;119m▀[0m[38;2;206;98;120m[48;2;157;158;161m▀[0m[38;2;160;161;164m[48;2;157;157;160m▀[0m[38;2;161;161;165m[48;2;157;158;161m▀[0m[38;2;159;160;163m[48;2;158;159;162m▀[0m[38;2;149;152;157m▄[0m[38;2;152;156;162m▄[0m[38;2;26;27;27m▄[0m[38;2;56;55;57m[48;2;85;88;99m▀[0m[38;2;49;49;54m[48;2;67;69;76m▀[0m[38;2;50;49;54m[48;2;82;85;95m▀[0m[38;2;49;49;54m[48;2;86;89;101m▀[0m[38;2;49;49;54m[48;2;50;49;54m▀[0m[38;2;50;50;55m▀[0m          
      [38;2;25;18;17m▀[0m  [38;2;77;76;78m[48;2;60;59;60m▀[0m[38;2;73;74;76m[48;2;76;76;78m▀[0m[38;2;76;75;77m[48;2;80;80;82m▀[0m[38;2;94;91;91m[48;2;70;70;72m▀[0m[38;2;75;76;78m[48;2;76;75;77m▀[0m[38;2;76;75;77m[48;2;211;128;136m▀[0m[38;2;201;96;119m[48;2;43;44;44m▀[0m[38;2;158;159;161m[48;2;161;162;165m▀[0m[38;2;158;159;162m[48;2;159;160;164m▀[0m[38;2;158;158;161m[48;2;159;160;163m▀[0m[38;2;158;158;161m[48;2;159;160;163m▀[0m[38;2;158;159;162m[48;2;150;153;158m▀[0m[38;2;146;149;155m[48;2;143;147;153m▀[0m[38;2;75;75;77m[48;2;77;76;78m▀[0m[38;2;75;75;77m[48;2;98;100;103m▀[0m[38;2;29;29;30m[48;2;38;38;40m▀[0m[38;2;49;49;55m[48;2;26;26;27m▀[0m[38;2;82;85;95m[48;2;51;50;55m▀[0m[38;2;49;49;54m[48;2;25;24;23m▀[0m            
       [38;2;8;9;5m▄[0m [38;2;75;75;78m[48;2;76;77;79m▀[0m[38;2;85;84;87m[48;2;75;76;78m▀[0m[38;2;75;75;77m[48;2;74;75;78m▀[0m[38;2;75;75;77m[48;2;75;75;78m▀[0m[38;2;75;75;76m[48;2;103;67;71m▀[0m[38;2;44;116;82m[48;2;66;166;119m▀[0m[38;2;55;50;54m[48;2;61;156;111m▀[0m[38;2;154;156;160m[48;2;151;154;160m▀[0m[38;2;160;161;165m[48;2;148;151;157m▀[0m[38;2;150;152;159m[48;2;151;154;161m▀[0m[38;2;147;150;156m[48;2;149;151;157m▀[0m[38;2;159;163;169m[48;2;147;150;156m▀[0m[38;2;75;76;78m[48;2;75;76;78m▀[0m[38;2;75;76;78m[48;2;148;151;158m▀[0m[38;2;79;80;82m[48;2;148;151;157m▀[0m[38;2;147;149;155m[48;2;146;149;155m▀[0m[38;2;76;77;79m[48;2;58;58;60m▀[0m[38;2;50;50;55m[48;2;75;76;79m▀[0m[38;2;0;1;0m[48;2;76;76;79m▀[0m[38;2;98;93;93m[48;2;79;78;80m▀[0m[38;2;96;93;93m[48;2;76;73;73m▀[0m          
          [38;2;76;76;78m[48;2;75;77;78m▀[0m[38;2;66;170;122m[48;2;40;82;61m▀[0m[38;2;76;76;78m[48;2;75;75;77m▀[0m[38;2;49;36;36m[48;2;75;75;78m▀[0m[38;2;30;58;44m[48;2;75;76;78m▀[0m[38;2;76;76;78m[48;2;75;75;77m▀[0m[38;2;65;160;116m[48;2;62;146;106m▀[0m[38;2;147;150;156m[48;2;33;61;44m▀[0m[38;2;147;150;156m[48;2;43;43;43m▀[0m[38;2;80;81;83m[48;2;77;76;78m▀[0m[38;2;75;76;78m[48;2;54;55;56m▀[0m[38;2;76;76;79m[48;2;24;23;22m▀[0m[38;2;101;103;106m[48;2;149;151;157m▀[0m[38;2;147;150;156m[48;2;149;151;157m▀[0m[38;2;148;151;157m[48;2;149;151;157m▀[0m[38;2;34;34;34m[48;2;75;76;78m▀[0m[38;2;78;76;78m[48;2;73;74;76m▀[0m[38;2;78;77;78m[48;2;61;59;61m▀[0m[38;2;71;68;69m▀[0m           
           [38;2;62;144;104m▀[0m[38;2;38;66;51m[48;2;59;120;86m▀[0m[38;2;72;71;73m[48;2;60;122;88m▀[0m[38;2;63;137;99m[48;2;60;122;88m▀[0m[38;2;26;33;27m[48;2;61;122;88m▀[0m[38;2;62;124;89m[48;2;61;122;88m▀[0m[38;2;61;124;89m[48;2;60;123;89m▀[0m[38;2;26;50;35m[48;2;59;121;87m▀[0m[38;2;43;43;41m[48;2;58;119;87m▀[0m[38;2;75;75;75m[48;2;61;59;60m▀[0m[38;2;126;127;130m[48;2;61;59;61m▀[0m[38;2;126;126;129m[48;2;61;59;60m▀[0m[38;2;128;127;130m[48;2;61;59;61m▀[0m[38;2;59;59;59m[48;2;63;63;64m▀[0m[38;2;61;59;60m▀[0m[38;2;59;57;59m▀[0m             
             [38;2;61;125;90m▀[0m[38;2;33;62;44m[48;2;63;136;97m▀[0m[38;2;62;132;96m[48;2;59;120;86m▀[0m[38;2;63;133;97m[48;2;58;93;76m▀[0m[38;2;39;77;56m[48;2;58;93;76m▀[0m[38;2;60;120;87m▀[0m[38;2;59;120;87m[48;2;61;122;88m▀[0m[38;2;60;120;87m[48;2;60;123;88m▀[0m[38;2;60;120;87m[48;2;60;123;89m▀[0m[38;2;20;35;25m▀[0m                 
                [38;2;15;13;12m▀[0m[38;2;52;52;57m[48;2;76;78;85m▀[0m  [38;2;51;50;50m▀[0m[38;2;62;60;61m[48;2;120;118;119m▀[0m                  
                [38;2;54;57;61m[48;2;83;86;96m▀[0m[38;2;83;87;96m▄[0m   [38;2;113;112;113m[48;2;116;115;117m▀[0m[38;2;109;109;110m▄[0m                 
               [38;2;145;148;154m▄[0m[38;2;85;88;97m[48;2;146;150;155m▀[0m   [38;2;146;149;155m▄[0m[38;2;47;48;46m▀[0m                  
            [38;2;52;52;52m[48;2;75;75;76m▀[0m[38;2;67;69;70m[48;2;44;45;44m▀[0m[38;2;142;146;152m[48;2;141;144;150m▀[0m[38;2;143;147;153m[48;2;145;147;154m▀[0m[38;2;144;147;153m▀[0m[38;2;18;18;16m▄[0m[38;2;153;156;163m▄[0m[38;2;140;144;149m▄[0m[38;2;142;146;152m[48;2;147;149;155m▀[0m[38;2;143;146;152m▄[0m                  
                [38;2;89;84;83m▀[0m[38;2;78;77;80m[48;2;108;102;100m▀[0m[38;2;51;52;52m▀[0m[38;2;167;171;179m[48;2;93;91;91m▀[0m[38;2;147;151;156m▀[0m                   
                                        
