                                        
                          [38;2;245;245;244m[48;2;253;252;246m▀[0m             
                          [38;2;254;253;249m[48;2;255;255;253m▀[0m[38;2;28;28;25m[48;2;249;244;237m▀[0m            
                     [38;2;198;190;183m[48;2;171;160;154m▀[0m[38;2;35;34;31m▄[0m[38;2;4;4;3m▄[0m [38;2;238;234;228m▄[0m[38;2;249;244;238m[48;2;239;234;228m▀[0m[38;2;243;238;232m[48;2;236;231;225m▀[0m[38;2;32;31;30m▄[0m           
                  [38;2;247;242;235m▄[0m[38;2;29;28;27m▄[0m[38;2;135;127;122m▄[0m[38;2;58;56;56m[48;2;58;57;57m▀[0m[38;2;30;30;28m[48;2;27;49;52m▀[0m[38;2;172;163;156m[48;2;177;167;160m▀[0m[38;2;35;35;32m[48;2;172;162;156m▀[0m[38;2;234;229;224m[48;2;242;237;231m▀[0m[38;2;235;230;224m[48;2;243;238;232m▀[0m[38;2;235;230;225m[48;2;236;231;224m▀[0m[38;2;232;227;222m[48;2;236;231;226m▀[0m           
                  [38;2;205;195;187m[48;2;1;1;0m▀[0m[38;2;181;172;165m[48;2;174;163;157m▀[0m[38;2;181;173;168m[48;2;108;105;107m▀[0m[38;2;78;77;77m[48;2;96;94;95m▀[0m[38;2;59;57;57m[48;2;96;94;95m▀[0m[38;2;95;94;95m[48;2;96;95;95m▀[0m[38;2;95;93;94m[48;2;96;95;96m▀[0m[38;2;52;52;53m[48;2;96;94;96m▀[0m[38;2;247;241;234m[48;2;97;95;96m▀[0m [38;2;22;21;20m▀[0m           
                  [38;2;177;166;160m▄[0m[38;2;171;162;155m[48;2;28;28;25m▀[0m[38;2;93;91;92m[48;2;93;91;92m▀[0m[38;2;94;92;93m[48;2;93;92;92m▀[0m[38;2;71;68;43m[48;2;75;187;220m▀[0m[38;2;234;217;112m[48;2;77;192;225m▀[0m[38;2;94;94;94m[48;2;64;61;38m▀[0m[38;2;95;93;95m[48;2;94;93;93m▀[0m[38;2;108;104;103m[48;2;94;93;94m▀[0m[38;2;109;106;105m[48;2;100;97;99m▀[0m[38;2;57;55;55m▄[0m           
                  [38;2;69;66;61m▀[0m[38;2;101;99;101m[48;2;94;93;94m▀[0m[38;2;95;93;94m[48;2;94;93;93m▀[0m[38;2;94;92;94m[48;2;94;93;94m▀[0m[38;2;147;203;220m[48;2;77;77;81m▀[0m[38;2;71;175;207m[48;2;241;222;113m▀[0m[38;2;41;41;37m[48;2;94;94;94m▀[0m[38;2;94;93;93m[48;2;95;93;94m▀[0m[38;2;94;93;93m[48;2;94;94;94m▀[0m[38;2;58;57;57m[48;2;58;57;57m▀[0m[38;2;76;72;70m[48;2;58;57;56m▀[0m[38;2;75;71;69m[48;2;76;72;70m▀[0m[38;2;77;73;71m▄[0m         
                   [38;2;95;93;95m[48;2;254;247;238m▀[0m[38;2;95;93;95m[48;2;26;25;26m▀[0m[38;2;87;84;85m[48;2;77;75;75m▀[0m[38;2;86;84;85m[48;2;78;74;74m▀[0m[38;2;95;94;95m[48;2;78;74;74m▀[0m[38;2;95;93;95m[48;2;80;77;77m▀[0m[38;2;94;94;95m[48;2;77;74;74m▀[0m[38;2;94;94;95m[48;2;77;74;74m▀[0m[38;2;60;59;60m[48;2;77;75;75m▀[0m[38;2;59;58;58m[48;2;37;36;35m▀[0m[38;2;59;57;57m▀[0m          
          [38;2;16;16;16m▀[0m[38;2;171;160;154m▄[0m[38;2;189;179;172m▄[0m     [38;2;18;18;17m[48;2;94;93;94m▀[0m[38;2;251;245;238m[48;2;183;179;173m▀[0m[38;2;253;248;240m[48;2;237;233;226m▀[0m[38;2;196;186;179m[48;2;253;250;242m▀[0m[38;2;138;131;125m[48;2;83;81;81m▀[0m[38;2;78;75;75m[48;2;77;73;73m▀[0m[38;2;77;75;75m[48;2;80;77;76m▀[0m               
          [38;2;76;73;70m▀[0m[38;2;136;128;121m[48;2;94;93;93m▀[0m[38;2;101;98;98m[48;2;93;91;92m▀[0m[38;2;21;20;19m[48;2;233;229;223m▀[0m[38;2;237;233;227m[48;2;232;226;221m▀[0m[38;2;235;230;224m[48;2;101;99;99m▀[0m[38;2;93;92;93m[48;2;99;96;96m▀[0m[38;2;95;94;95m[48;2;99;96;97m▀[0m[38;2;102;99;99m[48;2;103;100;99m▀[0m[38;2;103;101;101m[48;2;94;92;93m▀[0m[38;2;94;92;93m[48;2;94;92;93m▀[0m[38;2;14;15;13m[48;2;94;92;93m▀[0m[38;2;176;175;172m[48;2;94;93;93m▀[0m[38;2;89;87;88m[48;2;93;92;92m▀[0m[38;2;63;61;59m[48;2;41;41;39m▀[0m               
          [38;2;96;95;96m[48;2;83;80;81m▀[0m[38;2;96;94;95m[48;2;95;94;96m▀[0m[38;2;97;95;96m[48;2;100;99;102m▀[0m[38;2;240;236;229m[48;2;69;69;70m▀[0m[38;2;236;232;226m[48;2;255;255;255m▀[0m[38;2;93;91;92m[48;2;95;94;95m▀[0m[38;2;93;91;92m[48;2;94;92;92m▀[0m[38;2;37;37;36m[48;2;93;91;92m▀[0m[38;2;96;95;96m[48;2;83;81;78m▀[0m[38;2;180;177;173m[48;2;236;231;224m▀[0m[38;2;144;141;138m[48;2;231;226;220m▀[0m[38;2;94;93;93m[48;2;232;227;220m▀[0m[38;2;93;92;93m[48;2;233;228;224m▀[0m[38;2;94;91;92m[48;2;237;232;226m▀[0m[38;2;93;92;92m[48;2;241;236;231m▀[0m               
         [38;2;14;14;12m▄[0m[38;2;77;74;75m[48;2;77;75;75m▀[0m[38;2;76;73;73m[48;2;77;74;73m▀[0m[38;2;77;74;74m[48;2;77;75;75m▀[0m[38;2;85;83;83m[48;2;77;75;74m▀[0m[38;2;112;111;109m[48;2;78;75;74m▀[0m[38;2;95;94;96m[48;2;77;75;74m▀[0m[38;2;95;94;96m[48;2;77;74;74m▀[0m[38;2;95;95;97m[48;2;80;78;79m▀[0m[38;2;95;93;94m[48;2;85;83;83m▀[0m[38;2;93;91;93m[48;2;89;89;90m▀[0m[38;2;244;239;233m[48;2;92;90;90m▀[0m[38;2;239;234;228m[48;2;97;94;95m▀[0m[38;2;238;234;227m[48;2;55;54;51m▀[0m[38;2;236;231;225m[48;2;32;32;29m▀[0m[38;2;239;234;228m[48;2;77;73;72m▀[0m               
         [38;2;60;56;53m[48;2;11;11;10m▀[0m[38;2;77;74;73m[48;2;173;163;156m▀[0m[38;2;77;74;73m[48;2;177;167;161m▀[0m[38;2;77;74;74m[48;2;46;45;41m▀[0m[38;2;77;74;73m[48;2;96;90;84m▀[0m[38;2;77;74;74m[48;2;43;43;43m▀[0m[38;2;77;75;74m[48;2;55;52;55m▀[0m[38;2;77;75;75m[48;2;77;74;74m▀[0m[38;2;77;75;74m[48;2;78;74;75m▀[0m[38;2;77;74;74m[48;2;77;75;76m▀[0m[38;2;77;75;75m[48;2;77;76;76m▀[0m[38;2;78;75;74m[48;2;77;75;75m▀[0m[38;2;78;74;74m[48;2;77;75;75m▀[0m[38;2;77;75;75m[48;2;77;74;74m▀[0m[38;2;48;46;46m[48;2;77;74;75m▀[0m[38;2;77;74;73m[48;2;76;73;73m▀[0m               
          [38;2;239;235;229m[48;2;94;92;93m▀[0m[38;2;204;195;189m[48;2;95;93;93m▀[0m[38;2;171;160;154m[48;2;95;93;94m▀[0m[38;2;106;96;101m[48;2;46;44;45m▀[0m[38;2;108;99;103m[48;2;96;89;90m▀[0m[38;2;109;100;104m[48;2;110;101;105m▀[0m[38;2;27;26;24m[48;2;107;98;102m▀[0m[38;2;76;74;73m[48;2;74;73;73m▀[0m[38;2;75;74;73m[48;2;74;73;72m▀[0m[38;2;77;74;73m[48;2;75;73;72m▀[0m [38;2;77;75;76m[48;2;80;77;76m▀[0m[38;2;77;75;76m[48;2;77;74;73m▀[0m[38;2;77;75;76m[48;2;77;74;75m▀[0m[38;2;1;3;0m▀[0m               
         [38;2;139;138;134m▄[0m[38;2;99;97;98m[48;2;244;239;232m▀[0m[38;2;93;91;92m[48;2;249;248;243m▀[0m [38;2;26;25;23m▄[0m[38;2;53;50;53m[48;2;109;100;105m▀[0m[38;2;53;51;53m[48;2;96;88;92m▀[0m [38;2;75;74;73m[48;2;77;75;75m▀[0m[38;2;75;74;73m[48;2;77;75;76m▀[0m  [38;2;65;64;63m[48;2;86;84;85m▀[0m[38;2;75;73;73m[48;2;85;83;83m▀[0m[38;2;77;75;75m▀[0m                
         [38;2;254;251;243m[48;2;251;246;239m▀[0m[38;2;246;242;235m[48;2;251;246;238m▀[0m[38;2;217;213;207m[48;2;247;247;246m▀[0m [38;2;179;168;161m[48;2;179;168;161m▀[0m[38;2;158;148;145m[48;2;180;170;162m▀[0m [38;2;99;97;98m[48;2;245;240;233m▀[0m[38;2;93;92;93m[48;2;239;234;228m▀[0m   [38;2;94;92;93m[48;2;254;254;248m▀[0m[38;2;93;92;93m[48;2;251;247;239m▀[0m                 
         [38;2;27;25;24m▀[0m[38;2;246;241;234m[48;2;252;246;239m▀[0m[38;2;255;251;243m[48;2;254;248;238m▀[0m [38;2;175;164;157m▀[0m[38;2;181;173;167m[48;2;45;43;42m▀[0m [38;2;253;247;239m[48;2;254;251;248m▀[0m[38;2;254;247;239m[48;2;255;254;250m▀[0m[38;2;0;0;0m▄[0m  [38;2;240;235;228m[48;2;255;248;242m▀[0m[38;2;245;239;233m[48;2;254;251;245m▀[0m                 
          [38;2;6;6;6m▀[0m[38;2;64;61;61m▀[0m  [38;2;47;45;44m▀[0m[38;2;34;33;31m▀[0m[38;2;14;14;12m▀[0m[38;2;61;59;59m[48;2;60;58;58m▀[0m[38;2;4;4;2m[48;2;86;80;78m▀[0m  [38;2;115;114;110m▀[0m[38;2;58;57;57m[48;2;83;78;76m▀[0m[38;2;6;6;3m▄[0m                
                                        
