                                        
           [38;2;255;255;255m[48;2;112;115;115m▀[0m                            
       [38;2;239;243;247m[48;2;170;162;160m▀[0m  [38;2;241;245;250m[48;2;246;251;254m▀[0m                             
      [38;2;19;19;17m[48;2;159;151;148m▀[0m[38;2;157;149;146m[48;2;154;146;144m▀[0m [38;2;246;248;249m[48;2;233;235;238m▀[0m[38;2;235;237;240m[48;2;233;235;238m▀[0m [38;2;56;55;54m▄[0m[38;2;4;79;91m▄[0m[38;2;109;103;101m[48;2;13;15;13m▀[0m                         
      [38;2;152;145;143m▀[0m[38;2;161;153;151m[48;2;161;153;151m▀[0m[38;2;80;78;75m[48;2;34;33;32m▀[0m[38;2;131;124;121m[48;2;211;213;212m▀[0m[38;2;234;236;240m[48;2;120;120;120m▀[0m[38;2;237;238;242m[48;2;76;74;75m▀[0m[38;2;1;112;142m[48;2;83;80;82m▀[0m[38;2;48;47;46m[48;2;159;161;160m▀[0m[38;2;99;100;102m[48;2;241;244;248m▀[0m                         
       [38;2;139;141;139m[48;2;93;88;87m▀[0m[38;2;80;77;79m[48;2;100;94;93m▀[0m[38;2;199;199;199m[48;2;82;79;80m▀[0m[38;2;80;77;79m[48;2;80;77;79m▀[0m[38;2;80;77;79m[48;2;80;77;79m▀[0m[38;2;81;78;79m[48;2;80;77;79m▀[0m[38;2;255;255;255m[48;2;239;241;245m▀[0m[38;2;243;245;250m[48;2;172;166;164m▀[0m                         
      [38;2;32;32;29m[48;2;85;83;84m▀[0m[38;2;97;98;96m[48;2;82;80;81m▀[0m[38;2;97;91;91m[48;2;79;77;78m▀[0m[38;2;79;77;78m[48;2;56;50;50m▀[0m[38;2;247;227;115m[48;2;229;221;159m▀[0m[38;2;21;20;19m[48;2;80;78;79m▀[0m[38;2;32;32;30m[48;2;241;245;251m▀[0m[38;2;251;252;253m[48;2;80;77;79m▀[0m[38;2;158;150;148m[48;2;49;49;48m▀[0m[38;2;157;149;147m[48;2;157;150;147m▀[0m                        
     [38;2;49;49;48m[48;2;81;77;75m▀[0m[38;2;252;254;255m[48;2;76;71;70m▀[0m[38;2;80;78;78m[48;2;43;41;39m▀[0m[38;2;80;77;78m[48;2;81;78;79m▀[0m[38;2;80;77;79m[48;2;80;78;79m▀[0m[38;2;81;78;79m[48;2;60;58;57m▀[0m[38;2;41;39;38m[48;2;59;57;57m▀[0m[38;2;59;57;56m[48;2;54;52;52m▀[0m[38;2;151;146;144m[48;2;169;160;157m▀[0m[38;2;81;78;79m[48;2;80;77;79m▀[0m[38;2;159;152;149m[48;2;158;150;148m▀[0m[38;2;162;152;149m[48;2;153;146;143m▀[0m [38;2;29;29;27m▄[0m [38;2;255;255;255m▄[0m [38;2;238;242;244m▄[0m[38;2;245;248;251m[48;2;84;85;84m▀[0m[38;2;106;108;108m▄[0m[38;2;242;244;249m▄[0m[38;2;247;249;253m▄[0m[38;2;243;246;249m[48;2;245;247;252m▀[0m[38;2;244;247;250m▀[0m           
     [38;2;67;64;63m▀[0m[38;2;45;44;43m▀[0m[38;2;54;52;51m▀[0m[38;2;26;26;25m▀[0m[38;2;122;116;113m[48;2;61;59;59m▀[0m[38;2;59;56;56m[48;2;59;56;56m▀[0m[38;2;58;56;56m[48;2;59;57;57m▀[0m[38;2;158;150;148m[48;2;112;107;104m▀[0m[38;2;61;58;58m[48;2;157;149;147m▀[0m[38;2;82;79;81m[48;2;73;71;71m▀[0m[38;2;46;46;45m[48;2;80;77;79m▀[0m[38;2;163;155;152m[48;2;46;45;43m▀[0m[38;2;159;152;149m[48;2;121;114;112m▀[0m[38;2;54;52;50m[48;2;157;149;146m▀[0m[38;2;205;204;204m[48;2;160;151;148m▀[0m[38;2;245;247;249m[48;2;38;38;36m▀[0m[38;2;235;238;242m[48;2;80;77;79m▀[0m[38;2;241;243;248m[48;2;79;77;78m▀[0m[38;2;249;249;252m[48;2;80;78;79m▀[0m[38;2;248;249;252m[48;2;101;102;104m▀[0m[38;2;242;246;251m[48;2;235;238;241m▀[0m[38;2;241;244;247m[48;2;204;206;208m▀[0m[38;2;240;243;247m▄[0m[38;2;113;114;114m▄[0m           
         [38;2;216;217;220m[48;2;18;18;17m▀[0m[38;2;59;57;56m[48;2;183;178;177m▀[0m[38;2;39;38;36m[48;2;155;147;145m▀[0m[38;2;156;149;147m[48;2;155;147;145m▀[0m[38;2;165;156;154m[48;2;66;64;63m▀[0m[38;2;79;77;78m[48;2;78;77;78m▀[0m[38;2;83;80;82m[48;2;226;227;228m▀[0m[38;2;79;77;78m[48;2;79;77;78m▀[0m[38;2;81;79;80m[48;2;79;77;78m▀[0m[38;2;236;239;242m[48;2;245;247;250m▀[0m[38;2;82;80;81m[48;2;235;238;241m▀[0m[38;2;78;77;78m[48;2;79;77;78m▀[0m[38;2;79;77;78m[48;2;251;251;253m▀[0m[38;2;82;79;80m[48;2;81;78;78m▀[0m[38;2;147;148;147m[48;2;87;81;80m▀[0m[38;2;98;93;92m[48;2;237;236;236m▀[0m[38;2;237;238;240m[48;2;239;240;240m▀[0m[38;2;235;238;242m[48;2;217;219;219m▀[0m[38;2;235;237;240m▀[0m[38;2;233;234;238m[48;2;160;153;150m▀[0m[38;2;237;239;243m▀[0m[38;2;237;240;244m▀[0m         
         [38;2;151;152;152m▄[0m[38;2;27;27;27m[48;2;86;84;85m▀[0m[38;2;76;76;73m[48;2;80;77;79m▀[0m[38;2;69;66;66m[48;2;79;77;78m▀[0m[38;2;79;77;78m[48;2;245;247;250m▀[0m[38;2;244;246;248m[48;2;237;239;242m▀[0m[38;2;81;76;77m[48;2;242;241;242m▀[0m[38;2;109;103;103m[48;2;238;239;240m▀[0m[38;2;98;92;91m[48;2;98;93;92m▀[0m[38;2;81;78;80m[48;2;86;83;84m▀[0m[38;2;232;234;238m[48;2;79;77;78m▀[0m[38;2;233;236;240m[48;2;85;87;87m▀[0m[38;2;235;237;240m[48;2;255;255;255m▀[0m[38;2;79;77;78m[48;2;82;78;79m▀[0m[38;2;97;92;92m[48;2;84;81;82m▀[0m[38;2;248;248;246m[48;2;249;252;254m▀[0m[38;2;99;93;93m[48;2;81;79;80m▀[0m[38;2;22;23;23m[48;2;80;78;79m▀[0m  [38;2;176;167;164m▀[0m          
        [38;2;105;100;98m▄[0m[38;2;55;54;53m[48;2;86;83;80m▀[0m[38;2;235;239;242m[48;2;29;28;27m▀[0m[38;2;27;27;26m[48;2;240;244;247m▀[0m[38;2;237;241;244m[48;2;246;248;253m▀[0m[38;2;240;242;247m[48;2;85;82;84m▀[0m[38;2;241;243;244m[48;2;244;247;252m▀[0m[38;2;242;243;243m[48;2;100;94;93m▀[0m[38;2;220;221;221m[48;2;87;84;84m▀[0m[38;2;89;85;86m[48;2;68;66;67m▀[0m[38;2;82;78;79m[48;2;80;77;79m▀[0m[38;2;80;78;79m[48;2;80;78;79m▀[0m[38;2;23;23;21m[48;2;70;72;71m▀[0m[38;2;46;44;44m[48;2;81;78;79m▀[0m[38;2;80;78;79m[48;2;81;78;79m▀[0m[38;2;51;49;49m[48;2;80;78;79m▀[0m[38;2;80;78;79m[48;2;80;77;78m▀[0m[38;2;81;78;79m[48;2;240;243;248m▀[0m[38;2;245;246;248m[48;2;240;243;246m▀[0m[38;2;15;16;12m[48;2;3;4;3m▀[0m  [38;2;193;193;195m▀[0m[38;2;68;68;68m▄[0m[38;2;122;123;124m▄[0m       
      [38;2;80;77;79m▄[0m[38;2;80;78;79m[48;2;80;77;79m▀[0m[38;2;59;56;56m[48;2;59;57;56m▀[0m[38;2;62;59;59m[48;2;59;57;56m▀[0m[38;2;59;57;56m[48;2;48;47;47m▀[0m[38;2;59;57;56m[48;2;58;57;56m▀[0m[38;2;59;57;56m[48;2;59;57;56m▀[0m[38;2;50;49;47m[48;2;140;140;139m▀[0m[38;2;80;78;79m[48;2;82;78;79m▀[0m[38;2;81;79;80m[48;2;81;78;79m▀[0m[38;2;80;78;79m[48;2;81;78;79m▀[0m[38;2;53;50;50m[48;2;57;55;54m▀[0m[38;2;71;67;67m[48;2;59;56;56m▀[0m[38;2;66;62;62m[48;2;59;56;56m▀[0m[38;2;133;127;123m[48;2;59;56;56m▀[0m[38;2;59;57;56m[48;2;64;61;61m▀[0m[38;2;80;77;78m▀[0m[38;2;79;77;78m[48;2;232;234;237m▀[0m[38;2;241;242;243m[48;2;234;235;239m▀[0m[38;2;235;237;241m[48;2;79;77;78m▀[0m[38;2;80;79;80m[48;2;79;77;78m▀[0m   [38;2;239;242;245m[48;2;122;123;124m▀[0m[38;2;235;237;241m[48;2;238;241;245m▀[0m[38;2;235;237;240m[48;2;238;241;244m▀[0m[38;2;237;239;243m▄[0m[38;2;44;44;45m▄[0m     
     [38;2;32;32;29m▀[0m[38;2;79;77;78m[48;2;81;78;79m▀[0m[38;2;79;77;78m[48;2;53;52;52m▀[0m[38;2;70;67;67m▀[0m[38;2;60;57;57m▀[0m  [38;2;50;48;47m▀[0m[38;2;17;18;15m▀[0m[38;2;80;77;79m[48;2;78;76;77m▀[0m[38;2;79;77;78m[48;2;79;77;78m▀[0m[38;2;79;76;77m[48;2;79;76;78m▀[0m[38;2;59;56;56m▀[0m[38;2;58;56;56m▀[0m[38;2;59;56;55m[48;2;52;47;48m▀[0m[38;2;51;47;48m[48;2;52;48;48m▀[0m[38;2;52;47;48m[48;2;51;48;48m▀[0m [38;2;28;28;26m▀[0m[38;2;73;71;71m▀[0m[38;2;70;67;68m[48;2;59;56;56m▀[0m[38;2;62;60;60m[48;2;128;121;119m▀[0m   [38;2;219;222;224m▀[0m [38;2;235;237;241m▀[0m       
       [38;2;239;243;246m[48;2;34;34;33m▀[0m[38;2;77;75;76m[48;2;72;69;70m▀[0m     [38;2;79;77;78m[48;2;231;232;231m▀[0m[38;2;78;77;78m[48;2;241;244;249m▀[0m    [38;2;52;49;49m▀[0m[38;2;115;104;105m[48;2;124;112;113m▀[0m   [38;2;170;161;158m▀[0m[38;2;157;150;147m[48;2;61;58;58m▀[0m[38;2;6;7;4m▄[0m            
        [38;2;60;57;56m▀[0m[38;2;117;105;106m[48;2;118;106;106m▀[0m[38;2;28;27;26m▄[0m[38;2;56;53;53m▄[0m  [38;2;248;249;252m[48;2;79;77;78m▀[0m[38;2;239;240;240m[48;2;80;78;78m▀[0m     [38;2;52;49;49m[48;2;52;49;49m▀[0m    [38;2;59;57;57m[48;2;81;78;79m▀[0m             
          [38;2;52;48;49m▀[0m[38;2;11;11;9m▀[0m[38;2;86;81;82m[48;2;7;9;4m▀[0m [38;2;79;77;78m[48;2;153;155;155m▀[0m[38;2;80;77;79m[48;2;248;250;252m▀[0m    [38;2;0;0;0m[48;2;135;125;124m▀[0m[38;2;118;106;107m[48;2;16;16;13m▀[0m   [38;2;97;98;98m[48;2;248;250;252m▀[0m[38;2;240;243;249m[48;2;230;233;233m▀[0m             
              [38;2;240;243;247m[48;2;86;82;85m▀[0m[38;2;149;149;150m▀[0m   [38;2;98;93;93m▄[0m[38;2;57;54;54m[48;2;85;83;82m▀[0m   [38;2;93;89;90m▄[0m[38;2;79;77;78m[48;2;80;77;78m▀[0m              
             [38;2;80;77;78m[48;2;159;154;152m▀[0m[38;2;79;77;78m[48;2;129;129;132m▀[0m         [38;2;172;166;163m▀[0m[38;2;136;136;139m▀[0m              
                                        
