                                        
           [38;2;255;255;255m[48;2;112;115;114m▀[0m                            
       [38;2;239;243;247m[48;2;170;162;160m▀[0m  [38;2;241;245;250m[48;2;246;251;254m▀[0m                             
      [38;2;17;17;15m[48;2;159;151;148m▀[0m[38;2;157;149;146m[48;2;154;146;144m▀[0m [38;2;246;248;249m[48;2;233;235;238m▀[0m[38;2;235;237;240m[48;2;233;235;238m▀[0m [38;2;72;49;80m▄[0m[38;2;33;107;37m▄[0m[38;2;113;91;113m[48;2;27;17;33m▀[0m                         
      [38;2;152;145;143m▀[0m[38;2;161;153;151m[48;2;161;153;151m▀[0m[38;2;80;78;75m[48;2;45;31;50m▀[0m[38;2;131;124;121m[48;2;211;213;212m▀[0m[38;2;234;236;240m[48;2;122;121;122m▀[0m[38;2;237;238;242m[48;2;91;63;97m▀[0m[38;2;21;140;58m[48;2;97;67;103m▀[0m[38;2;67;47;67m[48;2;159;161;159m▀[0m[38;2;97;99;99m[48;2;241;244;248m▀[0m                         
       [38;2;141;141;143m[48;2;105;74;107m▀[0m[38;2;94;65;101m[48;2;111;79;112m▀[0m[38;2;199;199;199m[48;2;96;67;101m▀[0m[38;2;94;65;101m[48;2;94;65;101m▀[0m[38;2;94;65;101m[48;2;94;65;101m▀[0m[38;2;95;66;101m[48;2;94;65;101m▀[0m[38;2;255;255;255m[48;2;239;241;245m▀[0m[38;2;243;245;250m[48;2;172;166;164m▀[0m                         
      [38;2;47;30;55m[48;2;99;70;104m▀[0m[38;2;110;100;115m[48;2;95;67;102m▀[0m[38;2;108;77;111m[48;2;93;65;99m▀[0m[38;2;93;65;100m[48;2;63;48;62m▀[0m[38;2;247;227;115m[48;2;229;221;159m▀[0m[38;2;43;22;51m[48;2;94;66;101m▀[0m[38;2;54;38;66m[48;2;241;245;251m▀[0m[38;2;251;252;253m[48;2;94;65;101m▀[0m[38;2;158;150;148m[48;2;68;45;77m▀[0m[38;2;157;149;147m[48;2;157;150;147m▀[0m                        
     [38;2;65;45;74m[48;2;81;77;75m▀[0m[38;2;252;254;255m[48;2;76;71;70m▀[0m[38;2;94;66;100m[48;2;48;42;48m▀[0m[38;2;94;65;99m[48;2;95;66;100m▀[0m[38;2;94;65;100m[48;2;94;66;100m▀[0m[38;2;95;66;100m[48;2;77;49;82m▀[0m[38;2;60;36;67m[48;2;76;49;82m▀[0m[38;2;76;49;81m[48;2;71;47;79m▀[0m[38;2;151;146;144m[48;2;169;160;157m▀[0m[38;2;95;66;101m[48;2;94;65;101m▀[0m[38;2;159;152;149m[48;2;158;150;148m▀[0m[38;2;162;152;149m[48;2;153;146;143m▀[0m [38;2;26;27;24m▄[0m [38;2;255;255;255m▄[0m [38;2;238;242;244m▄[0m[38;2;245;248;251m[48;2;83;84;83m▀[0m[38;2;106;108;108m▄[0m[38;2;242;244;249m▄[0m[38;2;247;249;253m▄[0m[38;2;243;246;249m[48;2;245;247;252m▀[0m[38;2;244;247;250m▀[0m           
     [38;2;67;64;63m▀[0m[38;2;45;44;43m▀[0m[38;2;54;52;51m▀[0m[38;2;42;27;50m▀[0m[38;2;122;116;113m[48;2;78;50;84m▀[0m[38;2;76;48;81m[48;2;76;48;81m▀[0m[38;2;74;49;81m[48;2;76;49;82m▀[0m[38;2;158;150;148m[48;2;112;107;104m▀[0m[38;2;78;50;83m[48;2;157;149;147m▀[0m[38;2;96;67;102m[48;2;88;61;95m▀[0m[38;2;66;44;75m[48;2;94;65;100m▀[0m[38;2;163;155;152m[48;2;52;44;52m▀[0m[38;2;159;152;149m[48;2;121;114;112m▀[0m[38;2;54;52;50m[48;2;157;149;146m▀[0m[38;2;205;204;204m[48;2;160;151;148m▀[0m[38;2;245;247;249m[48;2;58;39;67m▀[0m[38;2;235;238;242m[48;2;94;65;100m▀[0m[38;2;241;243;248m[48;2;93;65;100m▀[0m[38;2;249;249;252m[48;2;94;66;100m▀[0m[38;2;248;249;252m[48;2;106;105;111m▀[0m[38;2;242;246;251m[48;2;235;238;241m▀[0m[38;2;241;244;247m[48;2;204;206;208m▀[0m[38;2;240;243;247m▄[0m[38;2;112;114;113m▄[0m           
         [38;2;216;217;220m[48;2;28;20;33m▀[0m[38;2;76;49;81m[48;2;183;178;177m▀[0m[38;2;39;38;36m[48;2;155;147;145m▀[0m[38;2;156;149;147m[48;2;155;147;145m▀[0m[38;2;165;156;154m[48;2;82;54;87m▀[0m[38;2;93;65;100m[48;2;92;65;99m▀[0m[38;2;96;68;103m[48;2;226;227;228m▀[0m[38;2;93;65;99m[48;2;93;65;99m▀[0m[38;2;95;67;100m[48;2;93;65;99m▀[0m[38;2;236;239;242m[48;2;245;247;250m▀[0m[38;2;96;67;102m[48;2;235;238;241m▀[0m[38;2;92;65;99m[48;2;92;64;99m▀[0m[38;2;93;65;99m[48;2;251;251;253m▀[0m[38;2;96;67;101m[48;2;95;66;100m▀[0m[38;2;147;148;147m[48;2;99;69;102m▀[0m[38;2;109;79;111m[48;2;237;236;236m▀[0m[38;2;237;238;240m[48;2;239;240;240m▀[0m[38;2;235;238;242m[48;2;217;219;219m▀[0m[38;2;235;237;240m▀[0m[38;2;233;234;238m[48;2;160;153;150m▀[0m[38;2;237;239;243m▀[0m[38;2;237;240;244m▀[0m         
         [38;2;151;152;151m▄[0m[38;2;43;32;53m[48;2;99;71;106m▀[0m[38;2;76;76;73m[48;2;94;65;100m▀[0m[38;2;85;57;90m[48;2;93;65;100m▀[0m[38;2;93;65;100m[48;2;245;247;250m▀[0m[38;2;244;246;248m[48;2;237;239;242m▀[0m[38;2;94;66;99m[48;2;242;241;242m▀[0m[38;2;118;87;120m[48;2;238;239;239m▀[0m[38;2;109;78;110m[48;2;109;79;111m▀[0m[38;2;95;66;101m[48;2;99;70;104m▀[0m[38;2;232;234;238m[48;2;93;65;99m▀[0m[38;2;233;236;240m[48;2;86;88;88m▀[0m[38;2;235;237;240m[48;2;255;255;255m▀[0m[38;2;93;65;99m[48;2;96;66;100m▀[0m[38;2;108;78;111m[48;2;98;68;103m▀[0m[38;2;248;248;246m[48;2;249;252;254m▀[0m[38;2;110;79;112m[48;2;95;67;101m▀[0m[38;2;44;34;54m[48;2;94;66;100m▀[0m  [38;2;176;167;164m▀[0m          
        [38;2;105;99;97m▄[0m[38;2;72;46;78m[48;2;96;71;101m▀[0m[38;2;235;239;242m[48;2;50;29;57m▀[0m[38;2;49;29;58m[48;2;240;244;247m▀[0m[38;2;237;241;244m[48;2;246;248;253m▀[0m[38;2;240;242;247m[48;2;98;69;104m▀[0m[38;2;241;244;244m[48;2;244;247;252m▀[0m[38;2;242;243;242m[48;2;111;80;112m▀[0m[38;2;220;221;220m[48;2;100;71;104m▀[0m[38;2;102;72;106m[48;2;84;56;90m▀[0m[38;2;96;66;100m[48;2;94;65;100m▀[0m[38;2;94;66;100m[48;2;94;66;100m▀[0m[38;2;46;29;56m[48;2;71;72;72m▀[0m[38;2;61;42;67m[48;2;95;66;101m▀[0m[38;2;94;66;100m[48;2;95;66;100m▀[0m[38;2;69;46;77m[48;2;94;66;100m▀[0m[38;2;94;66;100m[48;2;94;65;100m▀[0m[38;2;95;66;100m[48;2;240;243;248m▀[0m[38;2;245;246;248m[48;2;240;243;246m▀[0m[38;2;37;17;46m[48;2;2;3;2m▀[0m  [38;2;193;193;195m▀[0m[38;2;67;67;68m▄[0m[38;2;122;123;124m▄[0m       
      [38;2;94;65;101m▄[0m[38;2;94;66;101m[48;2;94;65;101m▀[0m[38;2;76;48;81m[48;2;76;49;81m▀[0m[38;2;79;50;84m[48;2;76;49;81m▀[0m[38;2;76;49;81m[48;2;67;40;73m▀[0m[38;2;76;49;81m[48;2;75;49;81m▀[0m[38;2;76;49;81m[48;2;76;49;81m▀[0m[38;2;68;43;74m[48;2;143;132;146m▀[0m[38;2;94;66;100m[48;2;96;66;100m▀[0m[38;2;95;67;101m[48;2;95;66;100m▀[0m[38;2;94;66;100m[48;2;95;66;100m▀[0m[38;2;71;44;76m[48;2;73;49;81m▀[0m[38;2;87;57;90m[48;2;76;48;81m▀[0m[38;2;82;52;86m[48;2;76;48;81m▀[0m[38;2;133;127;123m[48;2;76;48;81m▀[0m[38;2;76;49;81m[48;2;80;52;85m▀[0m[38;2;94;65;100m▀[0m[38;2;93;65;100m[48;2;232;234;237m▀[0m[38;2;241;242;242m[48;2;234;235;239m▀[0m[38;2;235;237;241m[48;2;93;65;100m▀[0m[38;2;94;66;101m[48;2;93;65;100m▀[0m   [38;2;239;242;245m[48;2;122;123;124m▀[0m[38;2;235;237;241m[48;2;238;241;245m▀[0m[38;2;235;237;240m[48;2;238;241;244m▀[0m[38;2;237;239;243m▄[0m[38;2;44;44;45m▄[0m     
     [38;2;52;29;58m▀[0m[38;2;93;65;100m[48;2;95;66;101m▀[0m[38;2;93;65;100m[48;2;71;44;77m▀[0m[38;2;86;57;91m▀[0m[38;2;77;49;82m▀[0m  [38;2;69;41;74m▀[0m[38;2;40;17;47m▀[0m[38;2;94;65;100m[48;2;92;64;99m▀[0m[38;2;93;65;100m[48;2;93;65;100m▀[0m[38;2;93;64;99m[48;2;94;64;100m▀[0m[38;2;76;48;81m▀[0m[38;2;75;48;81m▀[0m[38;2;76;48;80m[48;2;71;40;74m▀[0m[38;2;70;40;74m[48;2;70;41;74m▀[0m[38;2;71;40;74m[48;2;69;41;74m▀[0m [38;2;48;29;56m▀[0m[38;2;89;60;93m▀[0m[38;2;86;57;92m[48;2;76;48;81m▀[0m[38;2;79;51;85m[48;2;128;121;119m▀[0m   [38;2;218;221;223m▀[0m [38;2;235;237;241m▀[0m       
       [38;2;239;243;246m[48;2;50;31;57m▀[0m[38;2;92;64;98m[48;2;87;58;93m▀[0m     [38;2;93;65;100m[48;2;231;232;231m▀[0m[38;2;92;65;100m[48;2;241;244;249m▀[0m    [38;2;70;42;75m▀[0m[38;2;115;104;105m[48;2;124;112;113m▀[0m   [38;2;170;161;158m▀[0m[38;2;157;150;147m[48;2;78;49;83m▀[0m[38;2;32;19;45m▄[0m            
        [38;2;77;48;81m▀[0m[38;2;117;105;106m[48;2;118;106;106m▀[0m[38;2;50;24;56m▄[0m[38;2;54;51;52m▄[0m  [38;2;248;249;252m[48;2;93;65;100m▀[0m[38;2;239;240;240m[48;2;94;66;100m▀[0m     [38;2;70;42;75m[48;2;70;42;75m▀[0m    [38;2;76;49;82m[48;2;95;66;101m▀[0m             
          [38;2;70;41;75m▀[0m[38;2;35;23;47m▀[0m[38;2;86;81;82m[48;2;4;6;3m▀[0m [38;2;93;65;100m[48;2;153;155;154m▀[0m[38;2;94;65;101m[48;2;248;250;252m▀[0m    [38;2;0;0;0m[48;2;135;125;124m▀[0m[38;2;118;106;107m[48;2;15;15;13m▀[0m   [38;2;97;98;98m[48;2;248;250;252m▀[0m[38;2;240;243;249m[48;2;230;233;232m▀[0m             
              [38;2;240;243;247m[48;2;99;69;106m▀[0m[38;2;149;149;150m▀[0m   [38;2;97;89;94m▄[0m[38;2;75;46;80m[48;2;85;83;82m▀[0m   [38;2;105;75;109m▄[0m[38;2;93;65;100m[48;2;94;65;100m▀[0m              
             [38;2;94;65;100m[48;2;159;154;152m▀[0m[38;2;93;64;100m[48;2;129;129;132m▀[0m         [38;2;172;166;163m▀[0m[38;2;136;136;139m▀[0m              
                                        
