                                        
                [38;2;179;147;112m▄[0m[38;2;192;157;119m[48;2;180;149;113m▀[0m[38;2;179;148;112m[48;2;174;145;109m▀[0m[38;2;23;19;14m[48;2;168;138;105m▀[0m[38;2;114;87;61m▄[0m[38;2;3;5;3m▄[0m                  
               [38;2;0;0;0m[48;2;167;130;90m▀[0m[38;2;84;70;53m[48;2;154;121;82m▀[0m[38;2;172;142;107m[48;2;174;144;108m▀[0m[38;2;172;142;108m[48;2;179;146;108m▀[0m[38;2;172;143;107m[48;2;19;14;10m▀[0m[38;2;117;88;62m[48;2;124;91;63m▀[0m[38;2;118;89;62m[48;2;122;90;63m▀[0m[38;2;100;78;55m[48;2;131;97;67m▀[0m                 
               [38;2;161;125;87m[48;2;161;126;87m▀[0m[38;2;168;128;87m[48;2;159;124;86m▀[0m[38;2;194;156;117m[48;2;159;124;86m▀[0m[38;2;185;149;110m[48;2;115;87;62m▀[0m[38;2;115;88;63m[48;2;114;86;62m▀[0m[38;2;117;89;62m[48;2;109;84;60m▀[0m[38;2;115;87;62m[48;2;112;86;61m▀[0m[38;2;118;90;65m[48;2;48;39;28m▀[0m                 
                [38;2;158;123;86m[48;2;154;120;84m▀[0m[38;2;150;118;81m[48;2;154;120;85m▀[0m[38;2;113;86;62m[48;2;112;85;62m▀[0m[38;2;110;84;61m[48;2;112;84;61m▀[0m[38;2;107;82;59m[48;2;107;82;60m▀[0m[38;2;106;82;59m[48;2;107;82;60m▀[0m[38;2;7;8;6m▀[0m                 
                [38;2;83;66;47m▀[0m[38;2;156;122;85m[48;2;155;121;85m▀[0m[38;2;112;86;61m[48;2;126;97;69m▀[0m[38;2;107;82;59m[48;2;112;85;62m▀[0m[38;2;112;85;61m[48;2;112;86;61m▀[0m[38;2;108;83;59m[48;2;8;9;6m▀[0m                  
               [38;2;83;98;124m▄[0m[38;2;83;97;123m▄[0m[38;2;157;122;85m[48;2;84;98;126m▀[0m[38;2;156;120;85m[48;2;84;98;125m▀[0m[38;2;27;21;13m[48;2;83;97;124m▀[0m[38;2;14;20;26m[48;2;83;98;125m▀[0m[38;2;10;12;9m[48;2;84;97;124m▀[0m[38;2;51;61;76m▄[0m[38;2;50;68;99m▄[0m[38;2;46;62;92m▄[0m               
             [38;2;83;100;128m▄[0m[38;2;83;97;126m[48;2;83;96;118m▀[0m[38;2;84;98;126m[48;2;84;98;126m▀[0m[38;2;83;96;124m[48;2;84;98;125m▀[0m[38;2;83;97;124m[48;2;84;98;125m▀[0m[38;2;83;97;124m[48;2;83;99;127m▀[0m[38;2;85;99;127m[48;2;50;69;101m▀[0m[38;2;49;68;100m[48;2;50;69;102m▀[0m[38;2;50;68;101m[48;2;50;69;102m▀[0m[38;2;49;69;101m[48;2;49;70;103m▀[0m[38;2;49;69;101m[48;2;50;70;105m▀[0m[38;2;50;69;101m[48;2;50;71;105m▀[0m[38;2;50;70;103m[48;2;50;70;105m▀[0m[38;2;51;70;105m▄[0m             
           [38;2;6;6;4m▄[0m[38;2;56;78;113m[48;2;81;97;127m▀[0m[38;2;83;97;121m[48;2;84;99;128m▀[0m[38;2;83;97;120m[48;2;84;99;128m▀[0m[38;2;84;99;128m[48;2;84;99;128m▀[0m[38;2;84;99;128m[48;2;76;93;123m▀[0m[38;2;84;99;128m[48;2;75;91;122m▀[0m[38;2;80;97;127m[48;2;54;72;106m▀[0m[38;2;49;70;103m[48;2;53;72;105m▀[0m[38;2;49;70;103m[48;2;52;71;105m▀[0m[38;2;51;71;105m[48;2;55;74;108m▀[0m[38;2;53;71;105m[48;2;59;77;103m▀[0m[38;2;53;71;105m[48;2;50;71;105m▀[0m[38;2;51;70;105m[48;2;51;71;106m▀[0m[38;2;51;70;105m[48;2;50;71;105m▀[0m[38;2;51;70;103m[48;2;50;70;102m▀[0m[38;2;51;71;105m[48;2;49;69;101m▀[0m[38;2;53;73;107m▄[0m           
          [38;2;78;95;124m▄[0m[38;2;52;72;106m[48;2;55;73;107m▀[0m[38;2;46;62;90m[48;2;52;71;105m▀[0m[38;2;86;100;129m[48;2;89;107;139m▀[0m[38;2;87;100;129m[48;2;29;34;39m▀[0m[38;2;79;93;118m[48;2;1;2;0m▀[0m[38;2;73;89;114m[48;2;8;9;5m▀[0m[38;2;76;92;123m[48;2;51;70;101m▀[0m[38;2;50;70;102m[48;2;50;70;102m▀[0m[38;2;50;70;102m[48;2;50;68;99m▀[0m[38;2;49;68;94m[48;2;50;68;100m▀[0m[38;2;50;70;102m[48;2;50;68;100m▀[0m[38;2;61;77;108m[48;2;50;68;99m▀[0m[38;2;51;69;100m[48;2;50;68;98m▀[0m[38;2;50;68;99m[48;2;48;65;92m▀[0m[38;2;50;68;99m[48;2;49;67;98m▀[0m[38;2;50;68;99m[48;2;49;68;98m▀[0m[38;2;49;68;98m[48;2;49;67;97m▀[0m[38;2;49;67;97m[48;2;34;43;59m▀[0m[38;2;22;28;34m[48;2;38;48;67m▀[0m          
         [38;2;6;6;7m[48;2;84;99;127m▀[0m[38;2;84;99;128m[48;2;84;99;128m▀[0m[38;2;54;74;106m[48;2;53;72;104m▀[0m[38;2;51;71;104m[48;2;6;6;2m▀[0m[38;2;81;64;40m[48;2;161;126;72m▀[0m[38;2;167;130;73m[48;2;164;128;73m▀[0m[38;2;163;128;73m[48;2;162;126;72m▀[0m[38;2;162;126;72m[48;2;161;126;72m▀[0m[38;2;121;96;56m[48;2;62;50;31m▀[0m[38;2;49;68;100m[48;2;6;6;2m▀[0m[38;2;49;68;99m[48;2;50;68;96m▀[0m[38;2;50;68;100m[48;2;50;68;101m▀[0m[38;2;49;68;99m[48;2;49;68;99m▀[0m[38;2;50;69;100m[48;2;50;69;100m▀[0m[38;2;49;67;98m[48;2;49;69;101m▀[0m[38;2;49;68;98m[48;2;49;70;102m▀[0m[38;2;50;68;99m[48;2;50;70;102m▀[0m[38;2;49;68;98m[48;2;49;68;101m▀[0m[38;2;45;59;86m[48;2;40;50;71m▀[0m[38;2;40;51;72m[48;2;39;50;66m▀[0m[38;2;41;52;72m[48;2;39;50;67m▀[0m          
         [38;2;84;97;125m[48;2;65;81;110m▀[0m[38;2;70;86;116m[48;2;51;68;99m▀[0m[38;2;50;68;99m[48;2;48;66;92m▀[0m[38;2;8;9;6m[48;2;6;7;5m▀[0m[38;2;162;126;72m[48;2;162;126;71m▀[0m[38;2;162;126;72m[48;2;165;129;72m▀[0m[38;2;152;119;68m[48;2;171;133;74m▀[0m[38;2;98;79;45m[48;2;35;35;35m▀[0m[38;2;22;21;18m[48;2;36;35;35m▀[0m[38;2;166;130;73m[48;2;19;16;10m▀[0m[38;2;49;68;94m[48;2;8;9;5m▀[0m[38;2;49;69;102m[48;2;50;70;102m▀[0m[38;2;51;71;103m[48;2;50;69;97m▀[0m[38;2;50;70;102m[48;2;50;70;103m▀[0m[38;2;49;70;103m[48;2;50;70;103m▀[0m[38;2;50;70;104m[48;2;46;62;90m▀[0m[38;2;50;70;104m[48;2;5;5;0m▀[0m[38;2;39;50;71m[48;2;39;50;70m▀[0m[38;2;39;50;67m[48;2;40;51;71m▀[0m[38;2;39;50;67m[48;2;38;49;66m▀[0m[38;2;40;50;67m[48;2;38;49;67m▀[0m          
         [38;2;51;70;103m[48;2;49;70;103m▀[0m[38;2;49;68;94m[48;2;50;70;104m▀[0m[38;2;50;69;100m[48;2;49;68;101m▀[0m[38;2;1;3;3m[48;2;27;24;16m▀[0m[38;2;167;130;72m[48;2;20;17;11m▀[0m[38;2;167;130;72m[48;2;211;166;87m▀[0m[38;2;64;52;30m[48;2;243;196;98m▀[0m[38;2;35;35;35m[48;2;37;36;37m▀[0m[38;2;36;36;37m[48;2;47;47;48m▀[0m[38;2;36;36;36m[48;2;39;39;39m▀[0m[38;2;133;104;59m[48;2;243;193;95m▀[0m[38;2;48;64;94m[48;2;40;51;72m▀[0m[38;2;25;31;39m[48;2;39;50;67m▀[0m[38;2;39;49;68m[48;2;40;51;72m▀[0m[38;2;39;49;69m[48;2;39;50;71m▀[0m[38;2;39;50;71m[48;2;40;51;72m▀[0m[38;2;38;49;70m[48;2;40;51;71m▀[0m[38;2;40;51;74m[48;2;40;51;71m▀[0m[38;2;39;50;70m[48;2;40;51;72m▀[0m[38;2;39;49;70m[48;2;40;51;72m▀[0m[38;2;38;49;69m[48;2;41;51;72m▀[0m          
         [38;2;29;36;46m[48;2;34;41;55m▀[0m[38;2;43;52;72m[48;2;39;50;67m▀[0m[38;2;42;52;73m[48;2;39;50;66m▀[0m[38;2;12;14;13m[48;2;40;51;72m▀[0m[38;2;241;193;95m[48;2;2;2;1m▀[0m[38;2;241;192;95m[48;2;239;190;96m▀[0m[38;2;243;192;95m[48;2;239;191;94m▀[0m[38;2;44;43;44m[48;2;245;196;98m▀[0m[38;2;47;47;48m[48;2;247;206;126m▀[0m[38;2;49;48;49m[48;2;236;201;125m▀[0m[38;2;246;194;94m[48;2;253;214;125m▀[0m[38;2;40;51;69m[48;2;39;50;67m▀[0m[38;2;39;50;67m[48;2;39;50;67m▀[0m[38;2;40;51;72m[48;2;41;51;72m▀[0m[38;2;40;51;72m[48;2;41;51;72m▀[0m[38;2;41;51;72m[48;2;41;51;72m▀[0m[38;2;42;51;72m[48;2;40;51;71m▀[0m[38;2;41;51;72m[48;2;40;51;72m▀[0m[38;2;39;50;67m[48;2;41;51;72m▀[0m[38;2;37;46;63m[48;2;39;51;71m▀[0m[38;2;40;51;72m[48;2;21;26;32m▀[0m          
          [38;2;38;49;66m▀[0m[38;2;39;50;70m[48;2;39;49;70m▀[0m[38;2;40;51;71m[48;2;38;50;71m▀[0m[38;2;39;50;71m[48;2;39;49;66m▀[0m[38;2;244;197;100m[48;2;39;51;68m▀[0m[38;2;239;192;95m[48;2;242;193;94m▀[0m[38;2;140;118;76m[48;2;244;204;126m▀[0m[38;2;244;204;126m[48;2;245;204;125m▀[0m[38;2;244;203;126m[48;2;247;205;126m▀[0m[38;2;0;0;0m[48;2;10;12;11m▀[0m[38;2;40;51;72m[48;2;39;50;71m▀[0m[38;2;41;51;72m[48;2;40;51;72m▀[0m[38;2;40;51;72m[48;2;40;51;72m▀[0m[38;2;40;51;72m[48;2;40;50;71m▀[0m[38;2;40;51;71m[48;2;40;51;72m▀[0m[38;2;39;50;67m[48;2;38;48;64m▀[0m[38;2;39;50;66m[48;2;39;49;69m▀[0m[38;2;40;50;71m[48;2;41;54;76m▀[0m[38;2;44;59;86m▀[0m           
            [38;2;39;50;69m[48;2;8;8;4m▀[0m[38;2;39;50;71m[48;2;40;51;71m▀[0m[38;2;38;49;67m[48;2;39;50;70m▀[0m[38;2;33;41;54m[48;2;40;51;72m▀[0m[38;2;6;7;4m[48;2;34;41;59m▀[0m[38;2;7;8;4m[48;2;34;42;60m▀[0m[38;2;7;8;4m[48;2;34;41;61m▀[0m[38;2;40;51;73m[48;2;35;42;64m▀[0m[38;2;40;51;71m[48;2;34;43;64m▀[0m[38;2;41;51;72m[48;2;39;49;69m▀[0m[38;2;40;50;71m[48;2;39;49;68m▀[0m[38;2;39;49;69m[48;2;39;49;69m▀[0m[38;2;38;48;65m[48;2;39;49;69m▀[0m[38;2;39;49;69m[48;2;39;50;71m▀[0m[38;2;41;54;76m▀[0m             
          [38;2;3;5;2m▄[0m[38;2;150;117;83m▄[0m[38;2;162;126;88m[48;2;150;119;82m▀[0m[38;2;159;123;86m[48;2;158;123;86m▀[0m[38;2;35;44;62m[48;2;136;104;73m▀[0m[38;2;39;50;70m[48;2;103;78;59m▀[0m[38;2;34;42;63m[48;2;13;18;23m▀[0m[38;2;34;42;63m[48;2;34;43;63m▀[0m[38;2;34;41;62m[48;2;32;39;59m▀[0m[38;2;34;41;62m[48;2;26;32;45m▀[0m[38;2;33;41;58m[48;2;8;9;5m▀[0m[38;2;33;41;60m▀[0m[38;2;34;42;61m[48;2;4;6;2m▀[0m[38;2;17;21;24m[48;2;95;73;58m▀[0m[38;2;40;52;73m[48;2;96;73;58m▀[0m[38;2;122;91;65m[48;2;142;110;78m▀[0m[38;2;108;84;59m[48;2;156;121;85m▀[0m[38;2;128;99;69m[48;2;156;122;85m▀[0m[38;2;156;120;84m▄[0m           
         [38;2;17;14;11m[48;2;68;58;44m▀[0m[38;2;178;146;111m[48;2;175;144;110m▀[0m[38;2;169;140;107m[48;2;175;143;110m▀[0m[38;2;170;141;106m[48;2;160;129;97m▀[0m[38;2;96;74;59m[48;2;92;70;56m▀[0m[38;2;93;72;56m[48;2;95;72;58m▀[0m[38;2;95;73;58m[48;2;95;73;58m▀[0m[38;2;95;72;58m[48;2;98;74;59m▀[0m[38;2;95;72;58m[48;2;99;76;57m▀[0m    [38;2;94;72;57m[48;2;94;72;57m▀[0m[38;2;94;72;57m[48;2;106;81;59m▀[0m[38;2;102;76;59m[48;2;113;86;62m▀[0m[38;2;114;86;61m[48;2;113;86;61m▀[0m[38;2;155;121;85m[48;2;179;145;110m▀[0m[38;2;158;123;88m[48;2;172;141;109m▀[0m[38;2;167;135;102m[48;2;172;142;108m▀[0m[38;2;185;148;111m[48;2;172;142;109m▀[0m[38;2;40;34;26m▄[0m         
           [38;2;5;6;3m▀[0m[38;2;5;7;4m▀[0m[38;2;8;9;6m▀[0m[38;2;7;9;5m▀[0m[38;2;15;14;9m▀[0m[38;2;83;65;47m▀[0m      [38;2;112;84;61m▀[0m[38;2;110;84;61m[48;2;6;7;4m▀[0m[38;2;111;84;61m[48;2;111;85;61m▀[0m[38;2;110;84;60m[48;2;113;86;62m▀[0m[38;2;13;12;8m[48;2;113;86;62m▀[0m[38;2;159;128;99m[48;2;115;88;63m▀[0m[38;2;172;141;108m[48;2;42;34;24m▀[0m[38;2;112;85;62m▀[0m         
                                        
