                                        
                                        
                   [38;2;70;80;103m▄[0m[38;2;45;52;76m▄[0m                   
                  [38;2;23;26;29m[48;2;72;81;108m▀[0m[38;2;55;69;103m[48;2;54;68;101m▀[0m[38;2;54;67;101m[48;2;55;68;101m▀[0m[38;2;34;39;54m[48;2;45;51;73m▀[0m                  
              [38;2;172;86;69m[48;2;173;86;69m▀[0m[38;2;170;85;68m[48;2;169;85;68m▀[0m[38;2;27;16;11m[48;2;174;86;68m▀[0m[38;2;27;38;55m▄[0m[38;2;56;69;99m[48;2;58;71;106m▀[0m[38;2;52;65;95m[48;2;53;67;97m▀[0m[38;2;54;68;102m[48;2;55;69;104m▀[0m[38;2;48;57;84m[48;2;29;35;46m▀[0m[38;2;55;69;103m▄[0m[38;2;22;27;35m▄[0m[38;2;233;112;85m▄[0m[38;2;210;122;97m[48;2;233;112;85m▀[0m[38;2;241;139;110m[48;2;233;112;85m▀[0m[38;2;174;86;68m▄[0m            
       [38;2;241;140;111m▄[0m     [38;2;189;92;71m▀[0m[38;2;231;112;86m[48;2;233;112;85m▀[0m[38;2;170;85;68m[48;2;29;16;12m▀[0m[38;2;17;24;30m[48;2;55;69;104m▀[0m[38;2;54;68;102m[48;2;57;70;104m▀[0m[38;2;54;69;104m[48;2;57;71;105m▀[0m[38;2;55;68;103m[48;2;59;73;106m▀[0m[38;2;55;69;104m[48;2;59;72;106m▀[0m[38;2;56;70;102m[48;2;59;71;104m▀[0m[38;2;55;69;103m[48;2;60;73;106m▀[0m[38;2;53;67;99m[48;2;58;72;104m▀[0m[38;2;83;43;32m[48;2;58;71;104m▀[0m[38;2;239;114;86m[48;2;59;72;106m▀[0m[38;2;244;117;87m[48;2;233;112;86m▀[0m[38;2;177;87;68m[48;2;170;85;68m▀[0m[38;2;174;86;68m[48;2;144;73;58m▀[0m           
      [38;2;0;0;0m▀[0m[38;2;236;136;107m[48;2;148;89;70m▀[0m[38;2;237;137;108m[48;2;240;138;108m▀[0m[38;2;230;130;102m[48;2;212;113;86m▀[0m[38;2;176;85;67m▄[0m  [38;2;57;70;105m▄[0m[38;2;57;71;104m[48;2;57;71;105m▀[0m[38;2;62;74;106m[48;2;69;83;117m▀[0m[38;2;60;72;104m[48;2;51;64;95m▀[0m[38;2;60;72;106m[48;2;54;68;103m▀[0m[38;2;79;91;124m[48;2;82;93;123m▀[0m[38;2;60;73;106m[48;2;54;68;101m▀[0m[38;2;60;73;106m[48;2;54;68;101m▀[0m[38;2;57;71;105m[48;2;54;68;100m▀[0m[38;2;55;70;105m[48;2;53;67;100m▀[0m[38;2;55;69;104m[48;2;52;66;95m▀[0m[38;2;54;68;101m[48;2;54;67;101m▀[0m[38;2;54;68;100m[48;2;54;67;101m▀[0m[38;2;54;68;102m[48;2;54;68;101m▀[0m[38;2;54;68;101m[48;2;39;46;66m▀[0m[38;2;54;66;99m[48;2;55;69;102m▀[0m[38;2;57;71;105m▄[0m  [38;2;231;112;85m▄[0m[38;2;230;134;106m[48;2;233;134;106m▀[0m[38;2;29;21;17m[48;2;173;86;68m▀[0m[38;2;75;40;30m▄[0m    
       [38;2;242;117;88m▀[0m[38;2;229;136;106m[48;2;231;123;97m▀[0m[38;2;197;110;85m[48;2;229;111;85m▀[0m[38;2;177;87;68m[48;2;171;86;68m▀[0m[38;2;177;87;68m[48;2;168;85;68m▀[0m[38;2;56;71;106m[48;2;53;66;97m▀[0m[38;2;54;69;103m[48;2;65;77;104m▀[0m[38;2;53;67;99m[48;2;57;71;105m▀[0m[38;2;54;68;103m[48;2;66;78;109m▀[0m[38;2;42;53;78m[48;2;29;33;44m▀[0m[38;2;54;68;103m[48;2;47;55;80m▀[0m[38;2;46;52;66m[48;2;34;41;58m▀[0m[38;2;54;67;101m[48;2;51;62;90m▀[0m[38;2;54;68;102m[48;2;47;56;82m▀[0m[38;2;53;67;100m[48;2;45;53;76m▀[0m[38;2;55;68;104m[48;2;5;5;3m▀[0m[38;2;55;68;100m[48;2;60;73;106m▀[0m[38;2;58;72;106m[48;2;61;72;105m▀[0m[38;2;58;72;105m[48;2;60;72;106m▀[0m[38;2;59;72;106m[48;2;56;70;105m▀[0m[38;2;54;66;100m[48;2;56;70;105m▀[0m[38;2;54;66;98m[48;2;55;70;104m▀[0m[38;2;56;70;104m[48;2;55;69;104m▀[0m[38;2;57;70;105m[48;2;56;70;104m▀[0m[38;2;230;111;85m[48;2;80;48;42m▀[0m[38;2;227;111;85m[48;2;152;76;61m▀[0m[38;2;170;85;68m[48;2;172;85;68m▀[0m[38;2;172;86;68m[48;2;171;85;68m▀[0m[38;2;91;48;37m▀[0m    
        [38;2;45;24;19m▀[0m[38;2;228;111;85m[48;2;62;36;28m▀[0m[38;2;229;111;85m[48;2;58;71;105m▀[0m[38;2;55;69;104m[48;2;59;72;106m▀[0m[38;2;57;70;100m[48;2;58;71;105m▀[0m[38;2;68;82;116m[48;2;69;82;114m▀[0m[38;2;69;82;114m[48;2;61;73;101m▀[0m[38;2;69;81;115m[48;2;68;81;113m▀[0m[38;2;178;139;77m[48;2;177;138;76m▀[0m[38;2;45;51;72m[48;2;44;52;76m▀[0m[38;2;45;54;78m[48;2;45;53;77m▀[0m[38;2;45;52;76m[48;2;44;52;75m▀[0m[38;2;45;54;77m[48;2;44;51;73m▀[0m[38;2;10;9;5m[48;2;35;35;35m▀[0m[38;2;176;137;75m[48;2;173;136;75m▀[0m[38;2;58;72;106m[48;2;21;18;10m▀[0m[38;2;58;71;106m[48;2;60;73;106m▀[0m[38;2;58;71;105m[48;2;56;70;105m▀[0m[38;2;58;72;105m[48;2;55;69;104m▀[0m[38;2;56;70;105m[48;2;55;70;104m▀[0m[38;2;54;68;99m[48;2;55;69;104m▀[0m[38;2;55;69;102m[48;2;55;69;101m▀[0m[38;2;55;69;104m[48;2;57;71;105m▀[0m[38;2;55;69;104m[48;2;45;53;76m▀[0m[38;2;172;85;68m[48;2;46;54;77m▀[0m[38;2;169;85;68m[48;2;48;55;80m▀[0m[38;2;18;11;9m▀[0m     
    [38;2;43;48;63m▄[0m[38;2;77;87;120m▄[0m[38;2;87;98;136m▄[0m[38;2;82;96;135m▄[0m[38;2;83;97;134m▄[0m[38;2;60;73;106m[48;2;80;94;125m▀[0m[38;2;57;71;105m[48;2;31;37;49m▀[0m[38;2;60;73;106m[48;2;45;52;73m▀[0m[38;2;66;78;107m[48;2;45;54;77m▀[0m[38;2;71;84;118m[48;2;45;53;76m▀[0m[38;2;72;84;118m[48;2;45;54;77m▀[0m[38;2;31;26;15m[48;2;44;53;74m▀[0m[38;2;231;188;92m[48;2;251;197;94m▀[0m[38;2;45;53;77m[48;2;107;86;43m▀[0m[38;2;45;54;78m[48;2;46;54;77m▀[0m[38;2;46;54;77m[48;2;46;54;77m▀[0m[38;2;45;52;72m[48;2;23;28;41m▀[0m[38;2;52;52;53m[48;2;230;186;92m▀[0m[38;2;243;192;94m[48;2;242;196;110m▀[0m[38;2;238;190;95m[48;2;2;4;3m▀[0m[38;2;56;70;104m[48;2;44;50;70m▀[0m[38;2;59;73;106m[48;2;43;50;71m▀[0m[38;2;54;68;100m[48;2;45;51;73m▀[0m[38;2;55;69;104m[48;2;46;53;76m▀[0m[38;2;56;69;104m[48;2;47;54;77m▀[0m[38;2;59;73;109m[48;2;72;83;114m▀[0m[38;2;15;17;18m[48;2;76;89;121m▀[0m[38;2;77;89;121m[48;2;75;88;121m▀[0m[38;2;78;89;122m[48;2;75;88;121m▀[0m[38;2;77;89;122m[48;2;75;88;122m▀[0m[38;2;76;89;122m[48;2;76;89;122m▀[0m[38;2;74;85;111m▄[0m    
   [38;2;75;88;120m▄[0m[38;2;79;90;123m[48;2;74;85;112m▀[0m[38;2;75;88;120m[48;2;74;86;117m▀[0m[38;2;74;86;114m[48;2;73;84;111m▀[0m[38;2;74;87;122m[48;2;76;89;122m▀[0m[38;2;75;87;120m[48;2;76;89;122m▀[0m[38;2;68;80;112m[48;2;59;73;107m▀[0m[38;2;49;58;84m[48;2;45;53;77m▀[0m[38;2;45;52;75m[48;2;26;30;40m▀[0m[38;2;46;53;77m[48;2;45;52;76m▀[0m[38;2;46;53;77m[48;2;45;52;76m▀[0m[38;2;45;54;77m[48;2;45;54;77m▀[0m[38;2;44;52;73m[48;2;46;54;77m▀[0m[38;2;3;4;0m[48;2;45;52;76m▀[0m[38;2;247;203;121m[48;2;45;51;74m▀[0m[38;2;46;54;77m[48;2;45;52;73m▀[0m[38;2;44;52;76m[48;2;37;43;61m▀[0m[38;2;77;62;35m[48;2;44;51;75m▀[0m[38;2;249;199;101m[48;2;45;54;77m▀[0m[38;2;251;209;129m[48;2;46;54;77m▀[0m[38;2;45;53;76m[48;2;45;52;76m▀[0m[38;2;47;53;77m[48;2;44;51;73m▀[0m[38;2;47;54;77m[48;2;44;51;74m▀[0m[38;2;47;54;77m[48;2;45;52;74m▀[0m[38;2;45;53;77m[48;2;44;50;71m▀[0m[38;2;45;53;76m[48;2;17;18;20m▀[0m[38;2;45;53;77m[48;2;44;51;74m▀[0m[38;2;75;88;120m[48;2;76;88;119m▀[0m[38;2;74;86;118m[48;2;74;86;116m▀[0m[38;2;74;86;117m[48;2;70;83;114m▀[0m[38;2;74;86;116m[48;2;74;86;117m▀[0m[38;2;74;86;117m[48;2;54;68;103m▀[0m[38;2;73;86;116m[48;2;57;70;105m▀[0m[38;2;63;74;102m[48;2;59;72;106m▀[0m[38;2;25;31;41m▄[0m  
  [38;2;66;77;110m▄[0m[38;2;74;86;118m[48;2;72;85;118m▀[0m[38;2;75;87;120m[48;2;75;87;121m▀[0m[38;2;76;89;122m[48;2;64;77;112m▀[0m[38;2;76;88;119m[48;2;72;84;117m▀[0m[38;2;76;88;122m[48;2;55;69;104m▀[0m[38;2;61;74;108m[48;2;54;69;104m▀[0m[38;2;53;67;99m[48;2;44;52;75m▀[0m[38;2;44;53;76m[48;2;45;53;76m▀[0m[38;2;37;41;62m[48;2;45;53;75m▀[0m[38;2;44;52;76m[48;2;39;43;63m▀[0m[38;2;43;50;71m[48;2;44;50;72m▀[0m[38;2;160;83;71m[48;2;160;83;71m▀[0m[38;2;19;31;52m[48;2;162;83;71m▀[0m[38;2;43;51;70m[48;2;43;50;70m▀[0m[38;2;45;51;74m[48;2;43;51;71m▀[0m[38;2;44;52;74m[48;2;44;52;74m▀[0m[38;2;45;53;77m[48;2;165;84;72m▀[0m[38;2;45;52;74m[48;2;15;22;31m▀[0m[38;2;44;52;74m[48;2;44;52;74m▀[0m[38;2;43;51;70m[48;2;44;51;74m▀[0m[38;2;37;42;59m[48;2;44;51;73m▀[0m[38;2;21;32;47m[48;2;226;110;85m▀[0m[38;2;41;28;26m[48;2;158;82;71m▀[0m[38;2;45;51;74m[48;2;146;76;66m▀[0m[38;2;45;51;74m[48;2;45;51;74m▀[0m[38;2;44;51;73m[48;2;44;51;73m▀[0m[38;2;44;52;74m[48;2;44;52;74m▀[0m[38;2;44;52;74m[48;2;44;52;75m▀[0m[38;2;27;32;42m[48;2;44;52;75m▀[0m[38;2;55;68;103m[48;2;44;51;72m▀[0m[38;2;56;70;105m[48;2;44;52;73m▀[0m[38;2;55;69;104m[48;2;55;69;99m▀[0m[38;2;55;69;104m[48;2;48;54;79m▀[0m[38;2;55;70;105m[48;2;47;53;77m▀[0m[38;2;45;52;73m[48;2;44;52;74m▀[0m  
  [38;2;17;18;24m[48;2;45;51;73m▀[0m[38;2;56;69;101m[48;2;45;51;73m▀[0m[38;2;55;68;102m[48;2;54;67;101m▀[0m[38;2;54;68;100m[48;2;33;37;52m▀[0m[38;2;54;68;101m[48;2;43;51;70m▀[0m[38;2;40;46;65m[48;2;44;51;72m▀[0m[38;2;44;51;73m[48;2;45;52;74m▀[0m[38;2;44;51;73m[48;2;45;51;74m▀[0m[38;2;44;51;73m[48;2;43;50;69m▀[0m[38;2;44;51;73m[48;2;44;51;73m▀[0m[38;2;41;45;66m▀[0m[38;2;53;32;26m[48;2;39;42;63m▀[0m[38;2;161;83;71m[48;2;148;85;68m▀[0m[38;2;161;83;71m[48;2;159;83;71m▀[0m[38;2;44;51;73m[48;2;35;39;58m▀[0m[38;2;45;51;74m[48;2;37;41;62m▀[0m[38;2;228;111;85m[48;2;226;110;85m▀[0m[38;2;160;83;71m[48;2;160;83;71m▀[0m[38;2;157;82;71m[48;2;160;83;71m▀[0m[38;2;43;51;72m[48;2;35;39;57m▀[0m[38;2;43;51;73m[48;2;36;40;59m▀[0m[38;2;44;51;74m[48;2;36;41;61m▀[0m[38;2;230;130;103m[48;2;235;115;88m▀[0m[38;2;161;83;71m[48;2;169;85;72m▀[0m[38;2;13;22;35m[48;2;39;42;64m▀[0m[38;2;37;41;62m[48;2;41;44;67m▀[0m[38;2;45;53;76m[48;2;43;49;70m▀[0m[38;2;45;53;76m[48;2;46;53;77m▀[0m[38;2;46;53;77m[48;2;45;53;76m▀[0m[38;2;46;52;75m[48;2;45;52;76m▀[0m[38;2;45;51;73m[48;2;44;51;74m▀[0m[38;2;46;52;73m[48;2;44;52;75m▀[0m[38;2;47;55;80m[48;2;44;52;76m▀[0m[38;2;45;53;76m[48;2;45;53;76m▀[0m[38;2;44;51;70m[48;2;45;52;76m▀[0m[38;2;41;48;68m[48;2;7;7;5m▀[0m  
  [38;2;12;15;15m▀[0m[38;2;44;51;72m[48;2;44;52;75m▀[0m[38;2;44;52;76m[48;2;44;52;75m▀[0m[38;2;45;51;74m[48;2;44;52;76m▀[0m[38;2;43;50;70m[48;2;44;52;74m▀[0m[38;2;44;51;73m[48;2;45;51;74m▀[0m[38;2;44;51;73m[48;2;44;50;70m▀[0m[38;2;44;51;71m[48;2;44;52;74m▀[0m[38;2;45;52;76m[48;2;44;52;75m▀[0m[38;2;44;51;74m[48;2;43;51;74m▀[0m  [38;2;227;110;84m▀[0m[38;2;160;83;71m▀[0m[38;2;32;36;50m▀[0m[38;2;37;40;61m▀[0m[38;2;180;88;67m▀[0m[38;2;161;83;71m[48;2;14;11;8m▀[0m[38;2;35;42;75m▀[0m[38;2;39;42;63m[48;2;24;24;32m▀[0m[38;2;39;42;63m[48;2;24;24;32m▀[0m[38;2;18;25;39m[48;2;10;13;20m▀[0m[38;2;244;123;93m[48;2;86;46;38m▀[0m[38;2;168;85;72m[48;2;24;23;32m▀[0m[38;2;24;23;32m[48;2;24;24;32m▀[0m[38;2;24;24;33m▀[0m [38;2;45;52;76m[48;2;45;53;76m▀[0m[38;2;44;52;76m[48;2;45;52;75m▀[0m[38;2;45;53;77m[48;2;46;53;77m▀[0m[38;2;45;52;76m[48;2;46;53;76m▀[0m[38;2;45;53;77m[48;2;46;53;77m▀[0m[38;2;35;42;59m[48;2;48;55;78m▀[0m[38;2;45;53;77m[48;2;45;51;72m▀[0m[38;2;45;53;77m[48;2;44;52;73m▀[0m   
   [38;2;44;52;75m[48;2;52;65;97m▀[0m[38;2;45;53;76m[48;2;43;51;71m▀[0m[38;2;44;52;75m[48;2;45;53;75m▀[0m[38;2;44;51;74m[48;2;45;52;72m▀[0m[38;2;44;52;74m[48;2;45;53;77m▀[0m[38;2;44;52;75m[48;2;45;54;77m▀[0m[38;2;45;52;76m[48;2;46;54;77m▀[0m[38;2;45;52;76m[48;2;45;53;77m▀[0m[38;2;3;3;0m▀[0m         [38;2;91;53;47m[48;2;55;33;29m▀[0m[38;2;91;52;47m[48;2;90;52;47m▀[0m[38;2;94;54;48m[48;2;90;52;47m▀[0m[38;2;91;52;47m[48;2;89;51;46m▀[0m[38;2;91;52;47m[48;2;92;53;48m▀[0m   [38;2;45;52;76m▀[0m[38;2;45;53;77m[48;2;44;52;76m▀[0m[38;2;45;52;72m[48;2;43;51;70m▀[0m[38;2;44;52;74m[48;2;171;85;68m▀[0m[38;2;79;42;32m[48;2;170;85;68m▀[0m[38;2;14;24;36m[48;2;171;86;68m▀[0m[38;2;44;51;72m[48;2;44;52;75m▀[0m[38;2;15;17;17m▀[0m   
    [38;2;45;53;77m▀[0m[38;2;48;55;79m[48;2;213;103;80m▀[0m[38;2;184;91;71m[48;2;176;87;69m▀[0m[38;2;29;38;55m[48;2;172;86;68m▀[0m[38;2;45;52;75m[48;2;173;85;68m▀[0m[38;2;45;54;77m[48;2;80;43;34m▀[0m            [38;2;89;52;47m[48;2;99;55;48m▀[0m[38;2;89;52;47m[48;2;87;52;47m▀[0m[38;2;89;52;47m[48;2;95;54;50m▀[0m      [38;2;213;103;80m[48;2;227;111;85m▀[0m[38;2;182;91;72m[48;2;227;110;85m▀[0m[38;2;168;84;68m[48;2;171;86;68m▀[0m[38;2;169;85;68m[48;2;173;86;68m▀[0m     
      [38;2;241;125;94m[48;2;241;122;92m▀[0m[38;2;179;87;68m[48;2;177;87;68m▀[0m[38;2;179;87;68m[48;2;173;86;68m▀[0m[38;2;60;32;26m▀[0m                     [38;2;225;110;85m[48;2;110;57;44m▀[0m[38;2;225;109;84m[48;2;230;110;84m▀[0m[38;2;170;85;68m[48;2;173;86;68m▀[0m[38;2;0;0;0m▀[0m     
       [38;2;181;89;70m▀[0m[38;2;172;85;68m▀[0m                       [38;2;40;23;17m▀[0m       
                                        
                                        
