                                        
                                        
                                        
                                        
                            [38;2;131;119;114m▄[0m[38;2;129;119;114m▄[0m[38;2;130;119;114m▄[0m[38;2;108;99;96m▄[0m[38;2;81;76;74m▄[0m[38;2;75;71;71m▄[0m[38;2;73;70;69m▄[0m     
        [38;2;112;102;98m▄[0m[38;2;130;119;114m▄[0m[38;2;129;118;114m▄[0m                  [38;2;129;119;113m[48;2;18;17;15m▀[0m[38;2;105;96;93m[48;2;63;60;60m▀[0m[38;2;73;70;69m[48;2;35;33;31m▀[0m[38;2;68;64;64m[48;2;57;54;53m▀[0m[38;2;61;57;57m[48;2;57;53;52m▀[0m[38;2;57;55;54m[48;2;56;53;52m▀[0m[38;2;57;54;53m[48;2;56;53;52m▀[0m[38;2;63;59;58m[48;2;56;53;52m▀[0m[38;2;56;53;52m▄[0m  
    [38;2;65;61;61m▄[0m[38;2;65;61;60m▄[0m[38;2;82;76;75m[48;2;64;61;60m▀[0m[38;2;84;78;76m[48;2;64;60;60m▀[0m[38;2;84;78;77m[48;2;71;67;66m▀[0m[38;2;115;104;100m[48;2;71;68;67m▀[0m[38;2;106;98;95m[48;2;66;63;63m▀[0m         [38;2;201;219;225m▄[0m        [38;2;35;33;32m▄[0m[38;2;56;53;52m[48;2;57;53;53m▀[0m[38;2;57;53;52m[48;2;57;53;53m▀[0m[38;2;45;43;41m[48;2;57;53;53m▀[0m[38;2;56;53;52m[48;2;56;53;53m▀[0m[38;2;57;53;52m[48;2;31;30;28m▀[0m     
   [38;2;57;54;53m▀[0m[38;2;57;54;53m▀[0m[38;2;57;54;53m[48;2;58;54;53m▀[0m[38;2;57;54;53m[48;2;57;54;53m▀[0m[38;2;57;54;53m[48;2;30;29;27m▀[0m[38;2;57;55;54m[48;2;57;54;53m▀[0m[38;2;57;55;54m[48;2;58;54;53m▀[0m[38;2;59;57;56m[48;2;57;54;53m▀[0m    [38;2;203;220;228m[48;2;201;219;224m▀[0m[38;2;201;218;223m▄[0m[38;2;202;220;225m▄[0m[38;2;202;220;226m[48;2;202;220;225m▀[0m[38;2;203;221;227m[48;2;202;219;226m▀[0m[38;2;204;223;228m[48;2;201;219;224m▀[0m[38;2;207;225;231m[48;2;204;222;227m▀[0m[38;2;202;220;225m[48;2;203;221;226m▀[0m[38;2;204;221;227m▄[0m[38;2;204;222;229m[48;2;204;222;227m▀[0m[38;2;204;222;229m[48;2;205;222;228m▀[0m  [38;2;58;54;53m▄[0m[38;2;57;54;53m[48;2;57;54;53m▀[0m[38;2;57;53;53m[48;2;34;33;30m▀[0m[38;2;57;54;53m▀[0m[38;2;57;53;52m▀[0m[38;2;57;53;53m[48;2;13;13;11m▀[0m[38;2;1;3;0m[48;2;38;36;34m▀[0m     
      [38;2;57;54;53m[48;2;57;53;53m▀[0m[38;2;57;53;53m[48;2;57;54;53m▀[0m[38;2;57;53;53m[48;2;55;51;51m▀[0m[38;2;57;53;53m[48;2;10;11;7m▀[0m[38;2;57;54;53m[48;2;39;37;36m▀[0m[38;2;59;55;54m[48;2;57;54;53m▀[0m[38;2;57;54;53m▄[0m [38;2;33;40;42m▄[0m[38;2;198;219;227m[48;2;181;216;234m▀[0m[38;2;203;222;227m[48;2;190;219;232m▀[0m[38;2;204;222;228m[48;2;191;221;235m▀[0m[38;2;204;222;227m[48;2;188;222;243m▀[0m[38;2;205;223;228m[48;2;207;225;231m▀[0m[38;2;205;223;229m[48;2;207;225;232m▀[0m[38;2;206;224;230m[48;2;207;225;232m▀[0m[38;2;207;225;232m[48;2;199;222;231m▀[0m[38;2;189;219;234m[48;2;182;214;231m▀[0m[38;2;200;221;231m[48;2;173;209;229m▀[0m[38;2;179;215;236m[48;2;167;206;226m▀[0m[38;2;168;207;229m[48;2;165;204;225m▀[0m[38;2;57;54;53m[48;2;166;204;225m▀[0m[38;2;58;54;53m[48;2;165;204;225m▀[0m           
      [38;2;8;9;5m▀[0m      [38;2;173;217;241m[48;2;184;227;246m▀[0m[38;2;174;217;244m[48;2;172;212;236m▀[0m[38;2;174;216;238m[48;2;167;206;228m▀[0m[38;2;173;214;238m[48;2;167;206;227m▀[0m[38;2;179;215;236m[48;2;167;205;228m▀[0m[38;2;180;218;236m[48;2;104;70;71m▀[0m[38;2;228;181;175m[48;2;58;54;53m▀[0m[38;2;229;182;179m[48;2;230;184;179m▀[0m[38;2;229;181;177m[48;2;57;54;53m▀[0m[38;2;185;124;127m[48;2;58;54;53m▀[0m[38;2;165;204;225m[48;2;21;25;27m▀[0m[38;2;166;204;225m[48;2;171;211;233m▀[0m[38;2;166;205;226m[48;2;172;213;235m▀[0m[38;2;166;205;226m[48;2;150;184;203m▀[0m[38;2;169;209;230m[48;2;171;212;234m▀[0m[38;2;92;113;122m[48;2;189;234;251m▀[0m           
            [38;2;178;220;243m▄[0m[38;2;168;207;228m[48;2;169;208;230m▀[0m[38;2;167;207;228m[48;2;173;214;237m▀[0m[38;2;168;207;229m[48;2;151;186;200m▀[0m[38;2;169;207;229m[48;2;178;220;238m▀[0m[38;2;171;211;233m[48;2;170;210;231m▀[0m[38;2;58;54;53m[48;2;134;90;93m▀[0m[38;2;57;54;53m[48;2;57;53;53m▀[0m[38;2;57;53;53m[48;2;58;54;53m▀[0m[38;2;57;54;53m[48;2;58;54;53m▀[0m[38;2;57;54;53m[48;2;57;53;53m▀[0m[38;2;207;139;145m[48;2;55;36;37m▀[0m[38;2;184;228;243m[48;2;173;213;237m▀[0m[38;2;184;227;246m[48;2;174;214;238m▀[0m[38;2;181;224;248m[48;2;171;211;234m▀[0m[38;2;168;208;229m[48;2;170;210;231m▀[0m[38;2;169;209;231m[48;2;169;209;231m▀[0m[38;2;188;233;248m▀[0m          
            [38;2;171;212;234m▀[0m[38;2;175;217;243m[48;2;144;170;182m▀[0m[38;2;171;211;233m[48;2;174;215;238m▀[0m[38;2;171;211;233m[48;2;171;212;234m▀[0m[38;2;170;210;232m[48;2;175;216;240m▀[0m[38;2;170;211;232m[48;2;120;87;86m▀[0m[38;2;145;174;188m[48;2;171;212;235m▀[0m[38;2;155;104;108m[48;2;159;194;214m▀[0m[38;2;54;52;51m[48;2;134;158;169m▀[0m[38;2;36;32;29m[48;2;149;176;190m▀[0m[38;2;147;96;99m[48;2;171;211;234m▀[0m[38;2;173;217;242m[48;2;117;86;85m▀[0m[38;2;106;76;74m[48;2;117;85;84m▀[0m[38;2;169;209;231m[48;2;165;203;225m▀[0m[38;2;171;211;234m[48;2;165;202;222m▀[0m[38;2;171;211;234m[48;2;144;170;183m▀[0m[38;2;139;165;176m[48;2;132;152;162m▀[0m           
             [38;2;131;152;161m▄[0m[38;2;132;153;162m[48;2;132;153;162m▀[0m[38;2;134;156;165m[48;2;131;152;162m▀[0m[38;2;156;190;206m[48;2;132;153;162m▀[0m[38;2;116;85;84m[48;2;124;90;88m▀[0m[38;2;116;85;84m[48;2;118;86;85m▀[0m[38;2;118;86;85m[48;2;175;118;122m▀[0m[38;2;178;168;162m[48;2;167;113;119m▀[0m[38;2;201;193;187m[48;2;97;93;91m▀[0m[38;2;116;85;84m[48;2;230;157;166m▀[0m[38;2;119;87;85m[48;2;173;117;121m▀[0m[38;2;121;87;86m[48;2;106;125;132m▀[0m[38;2;132;154;164m[48;2;131;152;161m▀[0m[38;2;131;154;164m[48;2;130;151;160m▀[0m[38;2;132;154;163m[48;2;32;36;35m▀[0m[38;2;131;153;162m▀[0m[38;2;18;21;23m▀[0m          
             [38;2;133;153;162m▀[0m[38;2;130;151;159m▀[0m[38;2;131;151;160m[48;2;128;147;156m▀[0m[38;2;130;150;159m[48;2;128;148;157m▀[0m[38;2;126;144;152m[48;2;128;148;157m▀[0m[38;2;4;5;4m[48;2;130;150;159m▀[0m[38;2;228;155;160m[48;2;129;148;158m▀[0m[38;2;226;153;159m[48;2;128;148;158m▀[0m[38;2;226;153;159m[48;2;129;149;158m▀[0m[38;2;226;153;159m[48;2;130;150;159m▀[0m[38;2;134;155;165m[48;2;128;149;158m▀[0m[38;2;128;148;157m[48;2;128;149;157m▀[0m[38;2;127;148;157m[48;2;129;149;157m▀[0m[38;2;129;147;156m[48;2;128;148;157m▀[0m[38;2;67;77;80m▀[0m            
              [38;2;15;18;18m▀[0m[38;2;135;159;170m▀[0m[38;2;20;23;24m▀[0m[38;2;127;147;157m[48;2;33;39;38m▀[0m[38;2;128;149;158m[48;2;127;146;155m▀[0m[38;2;128;148;158m[48;2;127;146;155m▀[0m[38;2;128;148;158m[48;2;137;158;168m▀[0m[38;2;128;147;156m[48;2;111;128;135m▀[0m[38;2;127;147;156m[48;2;127;147;155m▀[0m[38;2;127;147;155m[48;2;130;149;159m▀[0m[38;2;122;140;149m▀[0m[38;2;0;0;0m▀[0m[38;2;129;149;159m▀[0m             
                  [38;2;128;149;157m▀[0m[38;2;143;171;185m▀[0m   [38;2;147;175;191m▀[0m                
                                        
                                        
                                        
                                        
