                                        
                                        
                                        
                                        
                            [38;2;89;92;140m▄[0m[38;2;88;92;142m▄[0m[38;2;88;92;142m▄[0m[38;2;77;82;133m▄[0m[38;2;62;70;124m▄[0m[38;2;60;68;122m▄[0m[38;2;60;68;117m▄[0m     
        [38;2;82;85;131m▄[0m[38;2;88;92;143m▄[0m[38;2;88;92;143m▄[0m                  [38;2;88;92;142m[48;2;22;25;43m▀[0m[38;2;76;81;132m[48;2;53;63;116m▀[0m[38;2;59;68;121m[48;2;39;50;102m▀[0m[38;2;56;65;119m[48;2;51;60;113m▀[0m[38;2;52;61;115m[48;2;50;60;112m▀[0m[38;2;50;60;113m[48;2;50;60;112m▀[0m[38;2;50;60;113m[48;2;50;60;112m▀[0m[38;2;53;61;115m[48;2;50;60;112m▀[0m[38;2;50;60;113m▄[0m  
    [38;2;54;62;117m▄[0m[38;2;54;64;116m▄[0m[38;2;64;70;124m[48;2;54;64;116m▀[0m[38;2;65;71;125m[48;2;54;62;117m▀[0m[38;2;64;72;125m[48;2;57;66;120m▀[0m[38;2;81;85;136m[48;2;57;66;121m▀[0m[38;2;76;82;133m[48;2;55;62;112m▀[0m         [38;2;212;225;199m▄[0m        [38;2;35;43;83m▄[0m[38;2;50;60;113m[48;2;50;60;113m▀[0m[38;2;50;60;112m[48;2;50;60;113m▀[0m[38;2;44;54;107m[48;2;51;59;113m▀[0m[38;2;50;60;112m[48;2;50;60;113m▀[0m[38;2;50;60;112m[48;2;33;42;80m▀[0m     
   [38;2;50;60;113m▀[0m[38;2;51;61;113m▀[0m[38;2;51;59;113m[48;2;51;59;113m▀[0m[38;2;50;59;113m[48;2;50;60;113m▀[0m[38;2;50;59;113m[48;2;37;48;100m▀[0m[38;2;50;60;113m[48;2;50;60;113m▀[0m[38;2;50;61;113m[48;2;51;59;113m▀[0m[38;2;53;59;100m[48;2;50;59;113m▀[0m    [38;2;212;228;201m[48;2;212;224;199m▀[0m[38;2;211;223;199m▄[0m[38;2;213;225;200m▄[0m[38;2;213;226;200m[48;2;213;225;200m▀[0m[38;2;214;227;201m[48;2;212;226;200m▀[0m[38;2;215;228;202m[48;2;212;224;199m▀[0m[38;2;218;231;205m[48;2;215;227;202m▀[0m[38;2;213;225;200m[48;2;214;226;201m▀[0m[38;2;214;227;202m▄[0m[38;2;212;231;195m[48;2;215;227;202m▀[0m[38;2;211;231;195m[48;2;215;228;203m▀[0m  [38;2;51;59;113m▄[0m[38;2;50;60;113m[48;2;50;59;113m▀[0m[38;2;50;60;113m[48;2;33;38;65m▀[0m[38;2;50;59;113m▀[0m[38;2;50;60;113m▀[0m[38;2;50;60;113m[48;2;15;17;24m▀[0m[38;2;6;12;27m[48;2;39;49;99m▀[0m     
      [38;2;50;60;113m[48;2;50;60;113m▀[0m[38;2;50;60;113m[48;2;50;59;113m▀[0m[38;2;50;60;113m[48;2;49;58;111m▀[0m[38;2;50;60;113m[48;2;13;20;37m▀[0m[38;2;50;60;113m[48;2;39;49;97m▀[0m[38;2;51;61;114m[48;2;50;59;113m▀[0m[38;2;50;59;113m▄[0m [38;2;30;40;37m▄[0m[38;2;211;227;196m[48;2;200;234;176m▀[0m[38;2;215;227;201m[48;2;206;232;187m▀[0m[38;2;215;228;202m[48;2;208;235;188m▀[0m[38;2;215;227;202m[48;2;207;243;184m▀[0m[38;2;216;228;203m[48;2;217;231;205m▀[0m[38;2;216;229;203m[48;2;218;232;205m▀[0m[38;2;217;230;204m[48;2;217;232;205m▀[0m[38;2;218;232;205m[48;2;213;231;197m▀[0m[38;2;207;234;186m[48;2;201;231;179m▀[0m[38;2;213;231;198m[48;2;193;229;169m▀[0m[38;2;198;236;175m[48;2;190;226;163m▀[0m[38;2;190;229;164m[48;2;187;225;161m▀[0m[38;2;50;59;113m[48;2;188;225;162m▀[0m[38;2;51;59;113m[48;2;187;225;161m▀[0m           
      [38;2;10;13;20m▀[0m      [38;2;197;241;169m[48;2;210;246;180m▀[0m[38;2;198;244;170m[48;2;194;236;168m▀[0m[38;2;198;238;170m[48;2;189;228;163m▀[0m[38;2;196;238;169m[48;2;189;227;163m▀[0m[38;2;199;236;175m[48;2;188;228;163m▀[0m[38;2;203;236;177m[48;2;104;70;71m▀[0m[38;2;228;181;175m[48;2;58;54;53m▀[0m[38;2;229;182;179m[48;2;230;184;179m▀[0m[38;2;229;181;177m[48;2;57;54;53m▀[0m[38;2;185;124;127m[48;2;58;54;53m▀[0m[38;2;187;225;161m[48;2;21;26;20m▀[0m[38;2;187;225;162m[48;2;193;233;167m▀[0m[38;2;188;226;162m[48;2;195;235;168m▀[0m[38;2;189;226;162m[48;2;170;203;147m▀[0m[38;2;191;230;165m[48;2;194;234;167m▀[0m[38;2;95;119;90m[48;2;217;251;185m▀[0m           
            [38;2;202;243;174m▄[0m[38;2;189;228;164m[48;2;191;230;165m▀[0m[38;2;190;228;163m[48;2;196;237;169m▀[0m[38;2;190;229;164m[48;2;173;200;148m▀[0m[38;2;190;229;165m[48;2;203;238;174m▀[0m[38;2;194;233;167m[48;2;192;231;166m▀[0m[38;2;58;54;53m[48;2;134;90;93m▀[0m[38;2;57;54;53m[48;2;57;53;53m▀[0m[38;2;57;53;53m[48;2;58;54;53m▀[0m[38;2;57;54;53m[48;2;58;54;53m▀[0m[38;2;57;54;53m[48;2;57;53;53m▀[0m[38;2;207;139;145m[48;2;55;36;37m▀[0m[38;2;211;243;180m[48;2;195;237;169m▀[0m[38;2;210;246;180m[48;2;196;238;170m▀[0m[38;2;206;248;177m[48;2;193;234;167m▀[0m[38;2;191;229;164m[48;2;192;231;166m▀[0m[38;2;192;231;165m[48;2;192;231;165m▀[0m[38;2;217;248;184m▀[0m          
            [38;2;194;234;167m▀[0m[38;2;198;243;171m[48;2;158;182;142m▀[0m[38;2;194;233;167m[48;2;196;238;170m▀[0m[38;2;194;233;167m[48;2;195;234;167m▀[0m[38;2;193;232;166m[48;2;197;240;171m▀[0m[38;2;193;232;166m[48;2;120;87;86m▀[0m[38;2;158;187;143m[48;2;194;235;167m▀[0m[38;2;155;104;108m[48;2;179;214;156m▀[0m[38;2;54;52;51m[48;2;149;169;132m▀[0m[38;2;36;32;29m[48;2;165;190;146m▀[0m[38;2;147;96;99m[48;2;194;234;167m▀[0m[38;2;198;242;169m[48;2;117;86;85m▀[0m[38;2;106;76;74m[48;2;117;85;84m▀[0m[38;2;191;231;165m[48;2;186;225;161m▀[0m[38;2;193;234;167m[48;2;186;222;161m▀[0m[38;2;193;234;167m[48;2;159;183;141m▀[0m[38;2;155;176;137m[48;2;144;162;130m▀[0m           
             [38;2;143;161;129m▄[0m[38;2;145;162;130m[48;2;145;162;130m▀[0m[38;2;148;165;132m[48;2;143;162;129m▀[0m[38;2;176;206;153m[48;2;145;162;130m▀[0m[38;2;116;85;84m[48;2;124;90;88m▀[0m[38;2;116;85;84m[48;2;118;86;85m▀[0m[38;2;118;86;85m[48;2;175;118;122m▀[0m[38;2;178;168;162m[48;2;167;113;119m▀[0m[38;2;201;193;187m[48;2;97;93;91m▀[0m[38;2;116;85;84m[48;2;230;157;166m▀[0m[38;2;119;87;85m[48;2;173;117;121m▀[0m[38;2;121;87;86m[48;2;117;132;104m▀[0m[38;2;145;164;130m[48;2;143;161;129m▀[0m[38;2;145;164;129m[48;2;142;160;128m▀[0m[38;2;145;163;130m[48;2;34;36;32m▀[0m[38;2;144;162;129m▀[0m[38;2;20;23;18m▀[0m          
             [38;2;145;162;131m▀[0m[38;2;143;159;128m▀[0m[38;2;143;160;129m[48;2;139;156;126m▀[0m[38;2;142;159;128m[48;2;139;157;126m▀[0m[38;2;136;152;124m[48;2;139;157;126m▀[0m[38;2;4;5;4m[48;2;141;159;128m▀[0m[38;2;228;155;160m[48;2;139;158;127m▀[0m[38;2;226;153;159m[48;2;140;158;126m▀[0m[38;2;226;153;159m[48;2;140;158;127m▀[0m[38;2;226;153;159m[48;2;141;159;128m▀[0m[38;2;146;165;132m[48;2;141;158;126m▀[0m[38;2;139;157;126m[48;2;139;157;126m▀[0m[38;2;139;157;125m[48;2;141;157;127m▀[0m[38;2;139;156;127m[48;2;139;157;126m▀[0m[38;2;70;79;66m▀[0m            
              [38;2;14;17;17m▀[0m[38;2;150;170;133m▀[0m[38;2;22;24;19m▀[0m[38;2;139;157;125m[48;2;36;38;31m▀[0m[38;2;141;158;126m[48;2;138;155;125m▀[0m[38;2;140;158;126m[48;2;138;155;125m▀[0m[38;2;140;158;126m[48;2;149;168;135m▀[0m[38;2;139;156;126m[48;2;122;135;110m▀[0m[38;2;138;156;125m[48;2;139;155;125m▀[0m[38;2;139;155;125m[48;2;140;159;128m▀[0m[38;2;133;149;120m▀[0m[38;2;0;0;0m▀[0m[38;2;141;159;127m▀[0m             
                  [38;2;141;157;126m▀[0m[38;2;159;185;140m▀[0m   [38;2;162;191;144m▀[0m                
                                        
                                        
                                        
                                        
