                                        
                [38;2;208;204;194m[48;2;248;237;206m▀[0m     [38;2;14;11;9m▄[0m                 
             [38;2;98;91;88m▄[0m[38;2;79;72;68m▄[0m[38;2;0;0;0m▄[0m[38;2;248;231;180m[48;2;250;243;194m▀[0m     [38;2;249;237;196m[48;2;252;234;183m▀[0m                 
             [38;2;99;91;91m[48;2;75;67;68m▀[0m[38;2;93;86;83m[48;2;141;79;85m▀[0m[38;2;19;12;14m[48;2;96;53;57m▀[0m[38;2;208;199;151m[48;2;95;86;62m▀[0m[38;2;10;5;8m▄[0m[38;2;255;226;106m[48;2;255;226;90m▀[0m[38;2;255;227;107m[48;2;255;231;107m▀[0m[38;2;78;60;27m[48;2;179;171;99m▀[0m[38;2;147;134;101m▄[0m[38;2;33;29;20m▀[0m[38;2;19;12;14m▄[0m[38;2;100;92;92m▄[0m[38;2;101;94;86m[48;2;99;91;92m▀[0m[38;2;98;91;87m[48;2;98;91;87m▀[0m[38;2;98;91;88m[48;2;100;92;83m▀[0m            
         [38;2;208;200;167m▄[0m   [38;2;13;8;10m[48;2;19;12;13m▀[0m[38;2;144;81;87m[48;2;156;77;85m▀[0m[38;2;225;114;125m[48;2;246;231;174m▀[0m[38;2;81;68;47m[48;2;246;234;197m▀[0m[38;2;141;130;98m[48;2;129;122;101m▀[0m[38;2;255;232;119m[48;2;217;186;41m▀[0m[38;2;196;179;117m[48;2;165;126;4m▀[0m[38;2;117;82;29m[48;2;233;227;113m▀[0m[38;2;243;227;176m[48;2;244;228;175m▀[0m[38;2;19;12;14m[48;2;7;4;4m▀[0m[38;2;19;12;13m[48;2;126;69;75m▀[0m[38;2;140;78;84m[48;2;141;78;85m▀[0m[38;2;141;79;85m[48;2;140;78;85m▀[0m[38;2;19;12;13m[48;2;68;37;40m▀[0m[38;2;19;12;13m[48;2;19;12;13m▀[0m[38;2;242;225;176m▄[0m[38;2;105;91;66m▄[0m[38;2;243;225;175m▄[0m[38;2;240;227;175m▄[0m        
          [38;2;242;225;175m▀[0m[38;2;120;111;80m▄[0m[38;2;12;11;8m▄[0m[38;2;20;13;15m[48;2;246;228;175m▀[0m[38;2;243;226;175m[48;2;244;228;175m▀[0m[38;2;244;234;202m[48;2;88;86;83m▀[0m[38;2;247;237;202m[48;2;246;235;200m▀[0m[38;2;168;157;131m[48;2;243;233;201m▀[0m[38;2;67;46;1m[48;2;255;226;87m▀[0m[38;2;230;209;88m[48;2;255;216;74m▀[0m[38;2;61;42;11m[48;2;235;209;154m▀[0m[38;2;248;230;172m[48;2;247;230;175m▀[0m[38;2;247;230;174m[48;2;248;230;173m▀[0m[38;2;243;226;176m[48;2;246;230;175m▀[0m[38;2;211;180;128m[48;2;238;218;165m▀[0m[38;2;225;114;124m[48;2;216;185;130m▀[0m[38;2;5;3;6m[48;2;19;12;13m▀[0m[38;2;20;13;14m▀[0m[38;2;210;178;128m▀[0m[38;2;243;225;175m[48;2;226;195;132m▀[0m[38;2;242;225;176m[48;2;37;28;20m▀[0m[38;2;243;225;175m[48;2;234;210;158m▀[0m[38;2;144;122;85m▄[0m       
        [38;2;3;1;0m▄[0m    [38;2;246;231;174m[48;2;245;229;176m▀[0m[38;2;247;243;229m[48;2;245;243;230m▀[0m[38;2;58;56;57m[48;2;6;6;6m▀[0m[38;2;54;51;44m[48;2;248;246;237m▀[0m[38;2;247;235;196m[48;2;243;226;176m▀[0m[38;2;248;230;172m[48;2;248;233;174m▀[0m[38;2;245;231;176m[48;2;245;228;176m▀[0m[38;2;243;225;175m[48;2;242;226;176m▀[0m[38;2;243;225;175m[48;2;75;73;73m▀[0m[38;2;94;91;90m[48;2;253;249;240m▀[0m[38;2;206;202;200m[48;2;243;239;229m▀[0m[38;2;243;226;176m[48;2;146;136;103m▀[0m[38;2;211;181;128m[48;2;211;179;127m▀[0m[38;2;19;13;14m[48;2;214;183;130m▀[0m[38;2;250;235;177m▄[0m[38;2;254;249;188m▄[0m[38;2;0;0;0m[48;2;190;176;129m▀[0m[38;2;241;227;171m[48;2;228;205;157m▀[0m[38;2;253;236;177m[48;2;111;98;74m▀[0m        
          [38;2;32;28;19m▀[0m[38;2;249;236;182m▀[0m [38;2;246;230;175m[48;2;232;207;157m▀[0m[38;2;243;239;229m[48;2;242;224;175m▀[0m[38;2;6;3;3m[48;2;67;66;64m▀[0m[38;2;250;248;239m[48;2;239;230;186m▀[0m[38;2;243;226;176m[48;2;243;228;175m▀[0m[38;2;243;225;176m[48;2;245;228;177m▀[0m[38;2;242;225;176m[48;2;248;231;173m▀[0m[38;2;242;226;176m[48;2;247;231;175m▀[0m[38;2;243;239;228m[48;2;245;240;229m▀[0m[38;2;205;200;191m[48;2;147;143;137m▀[0m[38;2;243;239;229m[48;2;245;242;230m▀[0m[38;2;251;249;243m[48;2;84;81;77m▀[0m[38;2;210;180;127m[48;2;216;186;127m▀[0m[38;2;212;182;129m[48;2;221;192;131m▀[0m [38;2;14;9;5m[48;2;245;229;175m▀[0m[38;2;243;228;177m[48;2;244;227;175m▀[0m[38;2;242;225;176m▀[0m         
              [38;2;211;180;128m▀[0m[38;2;31;31;33m[48;2;217;186;131m▀[0m[38;2;62;56;39m[48;2;213;182;127m▀[0m[38;2;251;241;182m[48;2;163;109;126m▀[0m[38;2;247;232;175m[48;2;194;141;159m▀[0m[38;2;244;228;176m[48;2;194;140;158m▀[0m[38;2;243;225;175m[48;2;194;140;157m▀[0m[38;2;243;225;176m[48;2;229;231;241m▀[0m[38;2;188;179;135m[48;2;211;181;128m▀[0m[38;2;250;240;188m[48;2;211;181;128m▀[0m[38;2;211;180;127m[48;2;211;181;128m▀[0m[38;2;214;184;130m▀[0m[38;2;220;191;134m[48;2;197;174;133m▀[0m[38;2;142;130;96m[48;2;242;226;176m▀[0m[38;2;59;48;32m[48;2;7;5;2m▀[0m[38;2;4;2;1m▀[0m          
               [38;2;255;250;202m▄[0m[38;2;242;224;172m▄[0m[38;2;117;101;71m[48;2;193;170;130m▀[0m[38;2;224;181;194m[48;2;164;140;98m▀[0m[38;2;217;171;186m[48;2;137;106;118m▀[0m[38;2;193;140;158m[48;2;32;21;16m▀[0m[38;2;194;140;158m[48;2;25;22;18m▀[0m[38;2;213;182;126m[48;2;189;170;130m▀[0m[38;2;204;175;122m[48;2;187;169;132m▀[0m[38;2;188;170;133m[48;2;188;168;131m▀[0m[38;2;188;171;131m▀[0m[38;2;193;169;130m▀[0m             
          [38;2;253;247;188m▄[0m[38;2;248;232;174m▄[0m[38;2;251;250;206m[48;2;247;230;175m▀[0m[38;2;244;227;176m[48;2;64;57;41m▀[0m[38;2;248;231;175m▀[0m[38;2;11;10;6m▀[0m[38;2;251;243;190m▄[0m[38;2;240;223;172m[48;2;243;225;176m▀[0m[38;2;192;170;131m[48;2;242;226;174m▀[0m[38;2;187;169;132m[48;2;221;199;153m▀[0m[38;2;188;168;131m[48;2;202;176;130m▀[0m[38;2;188;170;131m[48;2;202;176;130m▀[0m[38;2;205;185;143m▀[0m                 
       [38;2;235;229;178m▄[0m[38;2;0;0;0m[48;2;248;240;195m▀[0m[38;2;248;233;174m[48;2;248;234;177m▀[0m[38;2;248;231;173m[48;2;248;230;174m▀[0m[38;2;242;225;176m▀[0m   [38;2;110;91;62m▄[0m[38;2;243;225;176m[48;2;246;230;175m▀[0m[38;2;243;227;176m[48;2;243;225;176m▀[0m[38;2;243;225;176m[48;2;243;225;176m▀[0m[38;2;246;228;175m[48;2;243;225;175m▀[0m[38;2;248;231;175m[48;2;242;225;176m▀[0m[38;2;242;225;176m[48;2;248;233;174m▀[0m                  
      [38;2;95;88;64m[48;2;94;82;58m▀[0m[38;2;211;205;175m[48;2;242;227;181m▀[0m[38;2;247;236;200m[48;2;249;232;176m▀[0m[38;2;247;237;201m[48;2;246;231;171m▀[0m[38;2;243;227;172m[48;2;218;189;131m▀[0m    [38;2;41;34;23m[48;2;213;183;127m▀[0m[38;2;237;213;154m[48;2;215;184;128m▀[0m[38;2;248;233;174m[48;2;217;188;128m▀[0m[38;2;248;232;173m[48;2;219;192;141m▀[0m[38;2;248;233;173m[48;2;227;201;148m▀[0m[38;2;247;232;177m[48;2;211;179;127m▀[0m[38;2;236;215;158m▀[0m        [38;2;185;92;101m▄[0m[38;2;224;112;123m▄[0m        
             [38;2;154;141;104m▄[0m[38;2;233;210;159m[48;2;243;225;176m▀[0m[38;2;220;189;134m▀[0m [38;2;113;94;64m▀[0m[38;2;218;187;128m▀[0m[38;2;214;183;129m[48;2;215;185;128m▀[0m[38;2;121;98;67m[48;2;169;158;131m▀[0m[38;2;107;95;78m▄[0m      [38;2;221;129;138m▄[0m[38;2;222;131;140m[48;2;216;107;118m▀[0m[38;2;215;106;117m[48;2;139;77;84m▀[0m[38;2;169;88;96m[48;2;38;19;22m▀[0m[38;2;215;106;117m[48;2;161;87;94m▀[0m[38;2;123;61;66m▄[0m      
          [38;2;232;113;124m▄[0m[38;2;220;108;119m▄[0m[38;2;245;232;184m[48;2;220;108;119m▀[0m[38;2;245;229;175m[48;2;230;145;153m▀[0m[38;2;252;245;191m▀[0m   [38;2;254;246;188m▄[0m[38;2;214;184;131m[48;2;214;184;129m▀[0m [38;2;169;160;131m▀[0m[38;2;181;166;131m[48;2;41;34;27m▀[0m[38;2;188;168;131m▄[0m[38;2;188;171;130m▄[0m   [38;2;189;93;101m▀[0m[38;2;217;107;118m[48;2;214;106;117m▀[0m[38;2;133;74;80m[48;2;181;94;102m▀[0m[38;2;133;74;80m[48;2;25;12;14m▀[0m[38;2;189;97;106m[48;2;215;106;118m▀[0m[38;2;189;94;91m▀[0m      
        [38;2;17;9;3m[48;2;55;28;20m▀[0m[38;2;159;78;81m[48;2;222;131;140m▀[0m[38;2;217;107;118m[48;2;219;123;132m▀[0m[38;2;219;108;119m[48;2;217;107;118m▀[0m[38;2;218;107;118m[48;2;14;7;4m▀[0m     [38;2;243;225;177m[48;2;243;225;176m▀[0m[38;2;242;226;176m[48;2;242;225;176m▀[0m    [38;2;18;17;12m▀[0m[38;2;193;171;130m▀[0m[38;2;215;187;130m▀[0m[38;2;246;229;175m▀[0m[38;2;215;107;118m▀[0m[38;2;214;106;117m▀[0m[38;2;215;106;117m▀[0m[38;2;215;107;118m▀[0m        
         [38;2;139;77;84m▀[0m[38;2;194;99;108m▀[0m[38;2;36;19;7m▀[0m     [38;2;47;23;25m[48;2;217;108;118m▀[0m[38;2;215;107;118m[48;2;215;107;118m▀[0m[38;2;215;106;117m[48;2;215;107;118m▀[0m                    
                [38;2;146;74;58m▄[0m[38;2;215;107;118m[48;2;215;107;118m▀[0m[38;2;215;107;118m[48;2;215;106;117m▀[0m[38;2;220;108;119m[48;2;218;107;118m▀[0m                    
                [38;2;220;131;139m[48;2;3;1;0m▀[0m[38;2;219;131;140m[48;2;152;81;88m▀[0m[38;2;219;130;139m[48;2;161;85;92m▀[0m[38;2;219;108;119m[48;2;140;76;82m▀[0m                    
                                        
