                                        
                                        
                      [38;2;113;109;101m▄[0m[38;2;126;123;113m[48;2;169;151;127m▀[0m[38;2;104;99;90m[48;2;165;146;127m▀[0m[38;2;68;61;56m▄[0m    [38;2;104;100;95m▄[0m[38;2;51;47;40m▄[0m[38;2;19;19;19m[48;2;166;147;127m▀[0m[38;2;28;25;22m▄[0m[38;2;18;16;15m▄[0m     
                       [38;2;165;149;127m[48;2;70;63;58m▀[0m[38;2;164;146;126m[48;2;246;227;188m▀[0m[38;2;75;68;58m[48;2;244;225;184m▀[0m[38;2;240;222;179m[48;2;247;240;217m▀[0m[38;2;247;231;190m[48;2;248;241;217m▀[0m[38;2;240;221;183m[48;2;240;221;183m▀[0m[38;2;70;62;58m[48;2;242;223;187m▀[0m[38;2;166;149;127m[48;2;241;222;185m▀[0m[38;2;165;149;127m[48;2;205;189;158m▀[0m[38;2;166;149;127m[48;2;165;147;127m▀[0m[38;2;167;150;127m[48;2;173;155;134m▀[0m[38;2;71;62;57m▀[0m     
                        [38;2;249;231;190m[48;2;140;127;105m▀[0m[38;2;245;235;216m[48;2;243;231;205m▀[0m[38;2;215;109;98m[48;2;158;86;80m▀[0m[38;2;245;237;217m[48;2;240;221;183m▀[0m[38;2;240;221;183m[48;2;240;222;183m▀[0m[38;2;240;221;183m[48;2;165;155;127m▀[0m[38;2;240;221;183m[48;2;105;105;103m▀[0m[38;2;207;190;158m[48;2;208;190;158m▀[0m[38;2;204;183;152m[48;2;195;178;148m▀[0m       
                     [38;2;111;105;91m▄[0m[38;2;101;93;77m▄[0m[38;2;10;8;6m[48;2;87;79;67m▀[0m[38;2;116;105;86m[48;2;241;221;183m▀[0m[38;2;164;89;81m[48;2;239;220;182m▀[0m[38;2;240;221;183m[48;2;240;221;183m▀[0m[38;2;244;225;184m[48;2;240;221;183m▀[0m[38;2;156;155;149m[48;2;245;225;183m▀[0m[38;2;252;250;240m[48;2;39;35;29m▀[0m[38;2;136;137;135m[48;2;221;202;167m▀[0m[38;2;209;190;157m[48;2;214;197;162m▀[0m[38;2;148;136;115m[48;2;130;120;100m▀[0m       
                      [38;2;128;117;96m▀[0m  [38;2;238;219;182m[48;2;185;170;146m▀[0m[38;2;46;41;41m[48;2;220;202;169m▀[0m[38;2;242;224;181m[48;2;182;166;136m▀[0m[38;2;244;224;182m[48;2;143;130;106m▀[0m[38;2;206;189;159m[48;2;66;61;51m▀[0m[38;2;63;58;49m[48;2;78;71;63m▀[0m[38;2;165;151;130m[48;2;202;183;161m▀[0m[38;2;126;115;98m▀[0m[38;2;209;205;181m▄[0m      
                      [38;2;13;13;13m▀[0m[38;2;199;188;155m▄[0m[38;2;19;16;12m[48;2;241;223;183m▀[0m[38;2;221;202;168m[48;2;238;219;180m▀[0m[38;2;194;178;153m[48;2;202;184;156m▀[0m[38;2;39;36;32m[48;2;195;178;153m▀[0m[38;2;197;179;155m[48;2;190;173;152m▀[0m[38;2;190;173;152m[48;2;189;173;152m▀[0m[38;2;190;172;151m[48;2;190;173;151m▀[0m[38;2;195;177;151m[48;2;26;23;21m▀[0m        
     [38;2;198;182;147m▄[0m[38;2;63;58;47m▄[0m             [38;2;246;229;189m▄[0m[38;2;241;223;184m▄[0m[38;2;240;221;183m[48;2;240;221;183m▀[0m[38;2;240;221;183m[48;2;240;221;183m▀[0m[38;2;240;221;183m[48;2;242;223;184m▀[0m[38;2;240;221;184m[48;2;243;224;184m▀[0m[38;2;219;199;169m[48;2;221;203;170m▀[0m[38;2;199;182;157m[48;2;223;205;173m▀[0m[38;2;191;175;153m[48;2;204;185;160m▀[0m[38;2;196;178;154m[48;2;197;181;156m▀[0m[38;2;198;181;154m[48;2;204;187;158m▀[0m         
   [38;2;140;133;115m[48;2;239;220;182m▀[0m[38;2;247;234;204m[48;2;251;243;201m▀[0m[38;2;244;225;183m[48;2;255;252;221m▀[0m[38;2;245;225;184m[48;2;240;221;183m▀[0m[38;2;234;215;175m[48;2;240;221;183m▀[0m    [38;2;7;5;5m▄[0m[38;2;244;226;189m▄[0m[38;2;247;227;187m[48;2;244;232;205m▀[0m[38;2;244;225;183m[48;2;243;230;204m▀[0m[38;2;240;221;183m[48;2;240;222;184m▀[0m[38;2;240;221;183m[48;2;240;221;183m▀[0m[38;2;240;221;183m[48;2;240;221;183m▀[0m[38;2;240;221;183m[48;2;240;221;183m▀[0m[38;2;242;223;183m[48;2;240;221;183m▀[0m[38;2;245;225;183m[48;2;243;224;185m▀[0m[38;2;245;225;183m[48;2;243;224;185m▀[0m[38;2;241;222;184m[48;2;240;222;184m▀[0m[38;2;240;223;184m[48;2;239;221;183m▀[0m[38;2;240;221;183m[48;2;240;221;183m▀[0m[38;2;221;203;170m[48;2;240;221;182m▀[0m[38;2;232;215;178m[48;2;231;213;177m▀[0m[38;2;221;203;169m[48;2;226;207;171m▀[0m[38;2;216;198;166m[48;2;223;205;169m▀[0m[38;2;223;204;168m[48;2;33;31;25m▀[0m         
  [38;2;241;228;198m[48;2;243;225;186m▀[0m[38;2;240;221;183m[48;2;247;227;183m▀[0m[38;2;244;224;184m[48;2;129;119;98m▀[0m[38;2;244;225;184m[48;2;237;218;179m▀[0m[38;2;240;221;183m[48;2;215;197;165m▀[0m[38;2;223;204;170m[48;2;214;196;161m▀[0m   [38;2;247;227;185m▄[0m[38;2;244;232;205m[48;2;247;235;204m▀[0m[38;2;244;232;205m[48;2;246;226;183m▀[0m[38;2;244;224;183m[48;2;247;227;184m▀[0m[38;2;239;221;183m[48;2;243;224;184m▀[0m[38;2;240;221;183m[48;2;243;224;183m▀[0m[38;2;240;221;183m[48;2;240;221;183m▀[0m[38;2;240;221;183m[48;2;240;221;183m▀[0m[38;2;240;221;183m[48;2;242;223;184m▀[0m[38;2;244;225;184m[48;2;248;228;185m▀[0m[38;2;245;225;183m[48;2;245;225;183m▀[0m[38;2;247;227;183m[48;2;243;231;205m▀[0m[38;2;242;223;184m[48;2;240;221;183m▀[0m[38;2;240;221;183m[48;2;240;221;183m▀[0m[38;2;240;221;183m[48;2;240;221;183m▀[0m[38;2;241;220;182m[48;2;239;220;182m▀[0m[38;2;228;209;175m[48;2;222;203;168m▀[0m[38;2;222;204;169m[48;2;212;194;160m▀[0m[38;2;207;190;159m[48;2;207;190;158m▀[0m[38;2;119;108;90m[48;2;207;190;159m▀[0m         
  [38;2;246;225;183m[48;2;247;227;183m▀[0m[38;2;247;227;183m[48;2;247;228;184m▀[0m       [38;2;247;227;185m[48;2;240;220;183m▀[0m[38;2;245;231;201m[48;2;240;221;183m▀[0m[38;2;242;223;184m[48;2;248;228;184m▀[0m[38;2;243;224;184m[48;2;247;228;184m▀[0m[38;2;243;224;183m[48;2;247;227;183m▀[0m[38;2;240;221;183m[48;2;245;226;184m▀[0m[38;2;240;221;183m[48;2;242;223;184m▀[0m[38;2;240;221;183m[48;2;243;224;184m▀[0m[38;2;243;223;183m[48;2;222;204;169m▀[0m[38;2;245;225;183m[48;2;199;183;158m▀[0m[38;2;242;226;194m[48;2;250;238;205m▀[0m[38;2;243;232;205m[48;2;247;227;183m▀[0m[38;2;240;221;184m[48;2;244;225;183m▀[0m[38;2;242;223;184m[48;2;241;222;182m▀[0m[38;2;35;32;27m[48;2;206;189;158m▀[0m[38;2;209;192;157m[48;2;215;197;165m▀[0m[38;2;211;194;157m[48;2;206;189;159m▀[0m[38;2;211;194;157m[48;2;206;189;159m▀[0m[38;2;210;192;157m[48;2;208;190;157m▀[0m[38;2;206;189;158m[48;2;206;189;159m▀[0m         
  [38;2;231;212;174m▀[0m[38;2;247;227;183m[48;2;245;225;183m▀[0m[38;2;247;228;184m▄[0m    [38;2;212;194;158m▄[0m[38;2;214;197;160m[48;2;222;204;165m▀[0m[38;2;240;221;183m[48;2;243;223;184m▀[0m[38;2;242;223;183m[48;2;240;222;184m▀[0m[38;2;247;227;183m[48;2;247;227;183m▀[0m[38;2;247;227;184m[48;2;241;221;181m▀[0m[38;2;245;225;183m[48;2;136;126;104m▀[0m[38;2;180;163;146m[48;2;154;138;136m▀[0m[38;2;175;159;143m[48;2;156;140;137m▀[0m[38;2;174;157;143m[48;2;155;139;137m▀[0m[38;2;176;160;144m▀[0m[38;2;140;127;113m[48;2;97;88;74m▀[0m[38;2;244;229;201m[48;2;243;227;193m▀[0m[38;2;242;223;184m[48;2;246;225;183m▀[0m[38;2;245;225;183m[48;2;240;221;184m▀[0m[38;2;198;183;149m▀[0m  [38;2;206;189;159m▀[0m[38;2;206;190;159m[48;2;206;189;159m▀[0m[38;2;207;190;159m[48;2;208;190;158m▀[0m[38;2;210;192;157m[48;2;209;191;157m▀[0m[38;2;211;194;162m▄[0m        
    [38;2;248;227;183m▀[0m[38;2;247;227;183m[48;2;3;1;1m▀[0m[38;2;242;223;184m[48;2;214;196;159m▀[0m[38;2;206;189;159m[48;2;209;191;157m▀[0m[38;2;209;192;157m[48;2;174;160;130m▀[0m[38;2;211;194;157m▀[0m[38;2;209;192;156m[48;2;208;189;158m▀[0m[38;2;209;191;157m[48;2;206;189;159m▀[0m[38;2;206;189;159m[48;2;207;190;158m▀[0m[38;2;207;190;159m▀[0m[38;2;55;50;43m▀[0m[38;2;154;139;136m[48;2;85;76;77m▀[0m[38;2;152;136;137m[48;2;154;137;137m▀[0m[38;2;152;136;137m[48;2;156;140;137m▀[0m[38;2;68;60;60m▀[0m [38;2;245;225;183m[48;2;225;206;170m▀[0m[38;2;246;226;183m[48;2;230;211;174m▀[0m[38;2;243;224;182m[48;2;233;215;174m▀[0m      [38;2;207;190;159m▀[0m[38;2;206;189;159m[48;2;208;190;158m▀[0m[38;2;206;189;159m[48;2;206;189;159m▀[0m[38;2;222;203;169m[48;2;223;206;171m▀[0m[38;2;240;221;183m▄[0m[38;2;240;221;183m▄[0m[38;2;2;2;2m▄[0m    
         [38;2;242;223;180m[48;2;246;227;183m▀[0m[38;2;211;194;157m[48;2;211;194;157m▀[0m[38;2;211;194;157m[48;2;116;106;87m▀[0m    [38;2;152;135;136m▀[0m[38;2;152;136;137m[48;2;165;149;141m▀[0m[38;2;76;67;67m[48;2;185;168;148m▀[0m[38;2;82;74;62m▀[0m[38;2;223;205;169m[48;2;222;205;169m▀[0m[38;2;224;206;169m[48;2;221;203;170m▀[0m           [38;2;207;190;159m▀[0m[38;2;232;213;176m▀[0m[38;2;240;221;184m[48;2;238;218;182m▀[0m[38;2;244;232;205m[48;2;240;221;183m▀[0m[38;2;67;61;50m▄[0m  
         [38;2;240;221;183m[48;2;248;228;184m▀[0m[38;2;211;193;157m[48;2;209;191;157m▀[0m[38;2;215;197;161m[48;2;209;191;157m▀[0m     [38;2;204;187;157m▀[0m[38;2;207;189;159m[48;2;206;189;158m▀[0m[38;2;220;203;170m[48;2;206;189;159m▀[0m[38;2;229;210;174m[48;2;78;71;59m▀[0m[38;2;221;203;169m[48;2;223;204;170m▀[0m[38;2;167;154;128m[48;2;222;204;170m▀[0m            [38;2;175;161;136m▀[0m[38;2;116;107;90m▀[0m[38;2;215;198;165m[48;2;103;96;80m▀[0m  
         [38;2;90;82;69m▀[0m[38;2;210;193;161m[48;2;206;189;158m▀[0m[38;2;208;190;157m[48;2;191;175;143m▀[0m[38;2;246;226;182m▄[0m[38;2;248;233;190m▄[0m     [38;2;206;189;159m▀[0m[38;2;230;211;176m[48;2;97;89;74m▀[0m[38;2;241;221;181m[48;2;240;221;183m▀[0m[38;2;225;206;171m[48;2;242;223;184m▀[0m[38;2;241;221;182m▄[0m[38;2;185;178;150m▄[0m               
          [38;2;24;21;18m▀[0m[38;2;242;225;191m▀[0m[38;2;215;197;165m▀[0m[38;2;247;228;190m▀[0m[38;2;225;207;173m▀[0m      [38;2;247;228;184m▀[0m[38;2;247;231;193m[48;2;209;192;157m▀[0m[38;2;247;235;205m[48;2;209;190;157m▀[0m[38;2;212;207;187m[48;2;191;176;144m▀[0m[38;2;206;189;155m▀[0m              
                                        
                                        
