                                        
                                        
                                        
                            [38;2;201;200;199m[48;2;202;201;200m▀[0m[38;2;150;149;148m▄[0m          
                 [38;2;115;103;98m▄[0m[38;2;115;103;97m▄[0m[38;2;80;72;70m[48;2;114;102;98m▀[0m[38;2;88;79;77m[48;2;112;101;96m▀[0m[38;2;89;79;77m[48;2;90;79;77m▀[0m[38;2;88;78;76m[48;2;88;79;76m▀[0m[38;2;88;79;77m[48;2;88;78;76m▀[0m[38;2;88;79;76m[48;2;139;142;145m▀[0m[38;2;88;78;76m[48;2;178;181;186m▀[0m[38;2;52;47;45m[48;2;178;182;186m▀[0m[38;2;179;182;187m▄[0m[38;2;179;181;187m[48;2;178;182;186m▀[0m[38;2;180;183;188m[48;2;180;183;187m▀[0m[38;2;186;188;192m▄[0m         
               [38;2;88;78;75m▄[0m[38;2;103;92;88m[48;2;115;103;97m▀[0m[38;2;115;103;98m[48;2;115;103;97m▀[0m[38;2;114;103;98m[48;2;107;95;91m▀[0m[38;2;116;104;97m[48;2;88;79;77m▀[0m[38;2;103;91;87m[48;2;89;80;77m▀[0m[38;2;97;86;83m[48;2;88;79;76m▀[0m[38;2;115;103;97m[48;2;180;183;189m▀[0m[38;2;194;193;193m[48;2;180;182;187m▀[0m[38;2;194;194;195m[48;2;179;182;188m▀[0m[38;2;184;187;191m[48;2;190;192;194m▀[0m[38;2;183;186;191m[48;2;186;189;192m▀[0m[38;2;182;185;190m[48;2;181;185;190m▀[0m[38;2;180;184;189m[48;2;181;185;190m▀[0m[38;2;182;185;190m[48;2;182;186;191m▀[0m[38;2;181;185;190m[48;2;183;187;191m▀[0m[38;2;184;188;192m▄[0m [38;2;202;201;200m▄[0m      
              [38;2;90;80;78m▄[0m[38;2;89;79;77m[48;2;88;79;77m▀[0m[38;2;88;79;76m[48;2;89;79;76m▀[0m[38;2;88;79;76m[48;2;89;79;77m▀[0m[38;2;161;94;96m[48;2;89;79;77m▀[0m[38;2;172;112;109m[48;2;76;68;65m▀[0m[38;2;170;110;107m[48;2;83;75;72m▀[0m[38;2;90;80;78m[48;2;84;74;72m▀[0m[38;2;181;184;189m[48;2;201;197;196m▀[0m[38;2;181;184;189m[48;2;187;189;193m▀[0m[38;2;182;186;191m[48;2;184;187;191m▀[0m[38;2;184;188;191m[48;2;184;188;191m▀[0m[38;2;196;196;197m[48;2;182;186;191m▀[0m[38;2;185;189;193m[48;2;190;191;193m▀[0m[38;2;186;188;192m[48;2;194;193;193m▀[0m[38;2;186;188;191m[48;2;179;182;187m▀[0m[38;2;94;94;96m[48;2;178;181;186m▀[0m[38;2;182;185;190m[48;2;178;181;185m▀[0m[38;2;54;54;54m▄[0m[38;2;196;195;195m[48;2;178;181;185m▀[0m[38;2;184;186;191m▄[0m     
             [38;2;89;78;77m▄[0m[38;2;88;79;77m[48;2;89;80;77m▀[0m[38;2;89;79;77m[48;2;89;80;77m▀[0m[38;2;90;79;77m[48;2;89;79;77m▀[0m[38;2;91;80;77m[48;2;88;79;77m▀[0m[38;2;89;79;77m[48;2;88;79;76m▀[0m[38;2;89;79;77m[48;2;88;79;76m▀[0m[38;2;89;80;77m[48;2;88;78;76m▀[0m[38;2;89;80;77m[48;2;88;78;76m▀[0m[38;2;253;254;255m[48;2;50;48;47m▀[0m[38;2;201;199;198m[48;2;103;54;55m▀[0m[38;2;175;168;166m[48;2;51;45;45m▀[0m[38;2;43;37;35m[48;2;187;181;182m▀[0m[38;2;191;194;200m[48;2;46;40;37m▀[0m[38;2;178;181;186m[48;2;71;63;60m▀[0m[38;2;178;182;186m[48;2;41;38;35m▀[0m[38;2;178;182;186m[48;2;181;184;189m▀[0m[38;2;193;192;192m[48;2;178;181;186m▀[0m[38;2;178;182;186m[48;2;194;194;193m▀[0m[38;2;179;181;186m[48;2;180;183;188m▀[0m[38;2;179;182;187m[48;2;180;183;188m▀[0m[38;2;178;181;185m[48;2;180;183;188m▀[0m     
            [38;2;92;82;79m[48;2;89;79;77m▀[0m[38;2;87;78;76m[48;2;81;73;71m▀[0m[38;2;95;84;81m[48;2;114;102;97m▀[0m[38;2;114;102;97m[48;2;115;103;97m▀[0m[38;2;94;84;80m[48;2;98;88;84m▀[0m[38;2;88;79;76m[48;2;89;79;77m▀[0m[38;2;88;78;76m[48;2;89;79;77m▀[0m[38;2;88;79;76m[48;2;89;79;77m▀[0m[38;2;88;78;76m[48;2;89;80;77m▀[0m[38;2;88;79;76m[48;2;89;80;77m▀[0m[38;2;72;63;61m[48;2;72;63;61m▀[0m[38;2;189;181;179m[48;2;74;65;63m▀[0m[38;2;168;93;97m[48;2;58;51;49m▀[0m[38;2;245;248;252m[48;2;147;144;142m▀[0m[38;2;191;186;185m[48;2;241;243;247m▀[0m[38;2;175;169;167m[48;2;241;244;247m▀[0m[38;2;72;63;61m[48;2;198;195;195m▀[0m[38;2;110;107;104m▄[0m [38;2;184;187;193m▀[0m[38;2;182;185;189m▀[0m[38;2;184;186;190m[48;2;122;124;127m▀[0m[38;2;180;183;188m[48;2;211;208;204m▀[0m[38;2;106;108;109m[48;2;182;185;190m▀[0m    
      [38;2;139;134;124m▄[0m  [38;2;102;89;86m▄[0m[38;2;111;99;94m▄[0m[38;2;89;79;77m[48;2;117;104;100m▀[0m[38;2;93;83;80m[48;2;94;84;81m▀[0m[38;2;102;91;87m[48;2;89;79;77m▀[0m[38;2;91;81;79m[48;2;90;80;77m▀[0m[38;2;89;79;77m[48;2;89;79;77m▀[0m[38;2;87;78;76m[48;2;89;80;77m▀[0m[38;2;48;44;42m[48;2;71;63;61m▀[0m[38;2;88;78;76m[48;2;89;80;77m▀[0m[38;2;89;79;76m[48;2;89;80;77m▀[0m[38;2;89;80;77m[48;2;90;79;77m▀[0m[38;2;89;79;77m[48;2;90;80;77m▀[0m[38;2;80;71;69m[48;2;90;80;77m▀[0m[38;2;71;62;60m[48;2;87;77;75m▀[0m[38;2;46;42;40m[48;2;140;79;82m▀[0m[38;2;50;43;48m[48;2;89;79;77m▀[0m[38;2;33;31;29m[48;2;54;47;52m▀[0m[38;2;240;243;246m[48;2;26;22;23m▀[0m[38;2;205;210;210m[48;2;226;169;166m▀[0m[38;2;215;212;211m[48;2;219;143;146m▀[0m[38;2;32;30;27m[48;2;72;63;61m▀[0m[38;2;9;9;6m▄[0m   [38;2;78;77;76m▀[0m    
      [38;2;157;154;156m[48;2;137;134;135m▀[0m[38;2;67;38;38m[48;2;62;62;60m▀[0m[38;2;115;103;98m[48;2;96;86;82m▀[0m[38;2;99;87;84m[48;2;88;78;76m▀[0m[38;2;89;80;78m[48;2;89;79;77m▀[0m[38;2;90;80;77m[48;2;87;78;75m▀[0m[38;2;89;80;77m[48;2;90;80;77m▀[0m[38;2;89;80;77m[48;2;89;80;77m▀[0m[38;2;90;80;77m[48;2;89;79;77m▀[0m[38;2;89;79;77m[48;2;89;79;77m▀[0m[38;2;88;79;76m[48;2;84;74;71m▀[0m[38;2;90;80;77m[48;2;127;72;73m▀[0m[38;2;42;42;40m[48;2;160;89;93m▀[0m[38;2;159;88;91m[48;2;76;71;68m▀[0m[38;2;89;79;77m[48;2;88;79;76m▀[0m[38;2;89;79;77m[48;2;20;21;18m▀[0m[38;2;89;79;77m[48;2;163;91;94m▀[0m[38;2;155;88;91m[48;2;160;89;92m▀[0m[38;2;159;89;92m[48;2;171;94;98m▀[0m[38;2;88;79;77m[48;2;90;80;77m▀[0m[38;2;57;49;55m[48;2;151;86;87m▀[0m[38;2;54;47;52m[48;2;54;47;52m▀[0m[38;2;7;7;5m[48;2;54;47;52m▀[0m[38;2;12;8;8m[48;2;54;47;52m▀[0m[38;2;125;72;74m[48;2;53;47;51m▀[0m[38;2;72;63;61m[48;2;36;33;30m▀[0m[38;2;62;62;60m[48;2;164;165;168m▀[0m[38;2;136;133;132m▄[0m      
    [38;2;203;202;201m▄[0m[38;2;128;126;125m[48;2;214;212;212m▀[0m[38;2;136;133;133m[48;2;138;135;135m▀[0m[38;2;138;136;136m[48;2;161;161;164m▀[0m[38;2;183;186;190m[48;2;183;186;191m▀[0m[38;2;183;185;190m[48;2;184;187;193m▀[0m[38;2;95;84;82m[48;2;182;185;190m▀[0m[38;2;89;79;77m[48;2;85;75;72m▀[0m[38;2;89;79;77m[48;2;88;79;77m▀[0m[38;2;89;79;77m[48;2;88;78;76m▀[0m[38;2;89;80;77m[48;2;88;78;76m▀[0m[38;2;89;80;77m[48;2;51;32;32m▀[0m[38;2;108;62;63m[48;2;158;88;92m▀[0m[38;2;158;88;91m[48;2;157;89;92m▀[0m[38;2;158;88;92m[48;2;159;88;91m▀[0m[38;2;169;92;95m[48;2;88;78;76m▀[0m[38;2;90;80;77m[48;2;167;94;98m▀[0m[38;2;165;92;95m[48;2;158;88;92m▀[0m[38;2;159;89;92m[48;2;159;88;91m▀[0m[38;2;158;88;91m[48;2;158;89;92m▀[0m[38;2;63;60;57m[48;2;167;93;97m▀[0m[38;2;78;71;68m[48;2;152;83;87m▀[0m[38;2;158;88;92m[48;2;158;88;92m▀[0m [38;2;54;47;51m▀[0m[38;2;54;47;51m▀[0m[38;2;54;47;51m[48;2;97;91;110m▀[0m[38;2;60;53;55m[48;2;113;111;111m▀[0m[38;2;139;136;137m[48;2;136;133;134m▀[0m[38;2;188;190;196m[48;2;181;184;189m▀[0m[38;2;119;116;116m[48;2;147;144;144m▀[0m[38;2;138;135;135m[48;2;138;135;135m▀[0m[38;2;110;111;113m▄[0m   
  [38;2;25;25;24m[48;2;201;200;199m▀[0m[38;2;62;62;60m[48;2;136;132;132m▀[0m[38;2;187;186;185m[48;2;200;198;197m▀[0m[38;2;136;132;132m[48;2;135;132;132m▀[0m[38;2;136;132;132m[48;2;180;183;188m▀[0m[38;2;180;183;188m[48;2;178;182;187m▀[0m[38;2;181;183;188m[48;2;178;181;186m▀[0m[38;2;179;182;187m[48;2;179;183;187m▀[0m[38;2;179;182;186m[48;2;179;182;187m▀[0m[38;2;178;181;186m[48;2;179;181;186m▀[0m[38;2;88;78;76m[48;2;180;183;188m▀[0m[38;2;88;78;76m[48;2;88;79;77m▀[0m[38;2;66;62;60m[48;2;158;88;91m▀[0m[38;2;170;108;106m[48;2;162;107;104m▀[0m[38;2;135;77;80m[48;2;76;67;65m▀[0m[38;2;162;90;93m[48;2;71;62;60m▀[0m[38;2;59;37;36m[48;2;76;67;65m▀[0m[38;2;88;79;76m[48;2;81;72;70m▀[0m[38;2;159;88;91m[48;2;147;84;86m▀[0m[38;2;158;88;92m[48;2;156;87;92m▀[0m[38;2;157;88;91m[48;2;157;88;91m▀[0m[38;2;157;88;91m[48;2;161;90;93m▀[0m[38;2;89;79;77m[48;2;85;75;72m▀[0m[38;2;90;80;77m[48;2;75;66;64m▀[0m[38;2;140;80;83m[48;2;70;61;59m▀[0m     [38;2;64;62;60m▀[0m[38;2;144;141;141m[48;2;36;35;36m▀[0m[38;2;185;188;192m[48;2;182;184;189m▀[0m[38;2;138;135;135m[48;2;38;38;37m▀[0m[38;2;183;187;191m[48;2;182;186;190m▀[0m[38;2;41;40;40m▄[0m  
  [38;2;174;175;177m[48;2;150;148;151m▀[0m[38;2;138;135;135m[48;2;136;133;133m▀[0m[38;2;138;136;136m[48;2;136;133;134m▀[0m[38;2;144;143;144m[48;2;194;194;195m▀[0m[38;2;178;181;186m[48;2;195;197;201m▀[0m[38;2;160;163;167m[48;2;179;182;187m▀[0m[38;2;178;182;186m[48;2;179;182;187m▀[0m[38;2;180;183;188m[48;2;181;184;190m▀[0m[38;2;180;183;189m[48;2;180;183;189m▀[0m[38;2;180;183;188m[48;2;181;184;190m▀[0m[38;2;180;183;188m[48;2;73;63;61m▀[0m[38;2;25;25;22m[48;2;72;63;61m▀[0m[38;2;71;62;60m[48;2;72;63;60m▀[0m[38;2;71;63;60m[48;2;72;63;61m▀[0m[38;2;71;63;61m[48;2;72;63;61m▀[0m[38;2;71;63;61m[48;2;64;57;55m▀[0m[38;2;71;63;60m[48;2;72;63;61m▀[0m[38;2;71;63;60m[48;2;56;52;49m▀[0m[38;2;131;75;77m[48;2;126;72;75m▀[0m[38;2;141;79;81m[48;2;32;25;23m▀[0m[38;2;71;64;61m[48;2;72;63;61m▀[0m[38;2;79;69;66m[48;2;71;63;60m▀[0m[38;2;72;63;61m[48;2;64;56;57m▀[0m[38;2;69;60;59m[48;2;54;47;51m▀[0m[38;2;52;45;50m[48;2;54;47;52m▀[0m[38;2;54;47;52m[48;2;54;47;51m▀[0m[38;2;54;47;52m▄[0m     [38;2;32;32;30m▀[0m[38;2;183;186;192m[48;2;148;146;146m▀[0m [38;2;202;201;200m▀[0m  
  [38;2;137;134;135m[48;2;138;135;134m▀[0m[38;2;137;134;134m[48;2;138;135;135m▀[0m[38;2;170;171;176m[48;2;202;201;200m▀[0m[38;2;200;199;199m[48;2;203;202;202m▀[0m[38;2;201;200;199m[48;2;202;202;200m▀[0m[38;2;186;189;191m[48;2;199;198;198m▀[0m[38;2;181;185;190m[48;2;183;187;191m▀[0m[38;2;182;185;190m[48;2;4;4;3m▀[0m[38;2;152;151;152m[48;2;72;63;61m▀[0m[38;2;72;63;61m[48;2;72;63;61m▀[0m[38;2;72;63;61m[48;2;76;66;63m▀[0m[38;2;78;67;65m[48;2;126;72;75m▀[0m[38;2;72;63;61m[48;2;72;63;61m▀[0m[38;2;71;63;60m[48;2;72;63;61m▀[0m[38;2;72;63;60m[48;2;71;63;61m▀[0m[38;2;72;62;60m[48;2;72;63;61m▀[0m[38;2;72;63;61m[48;2;66;57;57m▀[0m[38;2;134;76;79m[48;2;72;64;61m▀[0m[38;2;24;24;21m[48;2;72;63;61m▀[0m[38;2;72;63;61m[48;2;72;63;61m▀[0m[38;2;72;63;61m[48;2;64;57;57m▀[0m[38;2;70;61;59m[48;2;54;47;52m▀[0m[38;2;54;47;52m[48;2;33;30;31m▀[0m[38;2;54;47;52m[48;2;53;46;51m▀[0m[38;2;54;47;52m[48;2;54;47;51m▀[0m[38;2;54;47;52m[48;2;54;47;51m▀[0m[38;2;59;51;57m[48;2;92;56;65m▀[0m[38;2;5;6;3m[48;2;91;56;65m▀[0m          
  [38;2;137;135;136m[48;2;137;135;135m▀[0m[38;2;176;176;179m[48;2;201;200;200m▀[0m[38;2;37;37;34m[48;2;199;197;196m▀[0m[38;2;202;201;200m[48;2;150;147;148m▀[0m[38;2;201;200;199m▀[0m[38;2;144;142;143m▀[0m  [38;2;18;18;15m▀[0m[38;2;55;48;52m[48;2;57;49;55m▀[0m[38;2;127;71;74m[48;2;55;48;53m▀[0m[38;2;128;72;74m[48;2;54;47;52m▀[0m[38;2;72;63;60m[48;2;57;50;53m▀[0m[38;2;72;63;61m[48;2;60;52;54m▀[0m[38;2;64;56;57m▀[0m[38;2;52;45;50m▀[0m[38;2;54;47;51m▀[0m[38;2;61;54;55m▀[0m[38;2;70;62;62m▀[0m[38;2;63;56;57m▀[0m[38;2;54;47;51m▀[0m[38;2;55;48;52m▀[0m[38;2;54;47;51m▀[0m[38;2;54;47;51m[48;2;37;34;35m▀[0m[38;2;54;47;51m[48;2;49;43;47m▀[0m[38;2;54;47;52m[48;2;35;32;33m▀[0m[38;2;66;42;47m[48;2;11;11;8m▀[0m           
  [38;2;163;163;165m▀[0m[38;2;61;61;60m▀[0m       [38;2;57;50;54m[48;2;83;73;71m▀[0m[38;2;43;37;40m[48;2;68;60;59m▀[0m[38;2;36;32;33m▀[0m              [38;2;43;38;41m▀[0m           
                                        
                                        
                                        
