                                        
                                        
                   [38;2;92;87;78m▄[0m[38;2;27;26;22m▄[0m                   
                [38;2;243;155;165m▄[0m[38;2;1;1;1m[48;2;206;196;177m▀[0m[38;2;210;198;178m[48;2;206;196;177m▀[0m[38;2;210;198;178m[48;2;207;196;177m▀[0m[38;2;208;197;178m[48;2;207;196;177m▀[0m[38;2;206;195;177m[48;2;198;188;169m▀[0m[38;2;205;195;175m[48;2;190;180;160m▀[0m[38;2;193;184;164m[48;2;189;179;160m▀[0m[38;2;200;189;168m[48;2;189;179;160m▀[0m[38;2;189;179;160m▄[0m[38;2;189;179;159m▄[0m[38;2;195;184;165m▄[0m            
              [38;2;0;0;0m▄[0m[38;2;237;152;163m[48;2;231;122;143m▀[0m[38;2;96;95;83m[48;2;197;187;166m▀[0m[38;2;193;183;164m[48;2;189;179;160m▀[0m[38;2;193;183;164m[48;2;189;179;160m▀[0m[38;2;189;179;160m[48;2;189;179;160m▀[0m[38;2;189;179;160m[48;2;189;179;160m▀[0m[38;2;189;179;160m[48;2;189;180;160m▀[0m[38;2;189;179;160m[48;2;189;179;160m▀[0m[38;2;189;179;160m[48;2;189;179;160m▀[0m[38;2;189;179;160m[48;2;190;180;161m▀[0m[38;2;189;179;159m[48;2;191;181;161m▀[0m[38;2;189;179;160m[48;2;193;183;163m▀[0m[38;2;190;180;161m[48;2;194;185;165m▀[0m[38;2;194;184;165m[48;2;206;196;177m▀[0m[38;2;204;194;175m[48;2;205;195;176m▀[0m[38;2;207;196;178m▄[0m         
             [38;2;236;151;161m▄[0m[38;2;208;196;176m[48;2;231;123;144m▀[0m[38;2;231;121;143m[48;2;231;121;143m▀[0m[38;2;203;192;172m[48;2;237;124;146m▀[0m[38;2;189;179;160m[48;2;190;180;161m▀[0m[38;2;189;180;160m[48;2;192;182;163m▀[0m[38;2;189;179;160m[48;2;190;180;161m▀[0m[38;2;189;179;160m[48;2;190;180;161m▀[0m[38;2;190;180;161m[48;2;190;180;161m▀[0m[38;2;192;183;163m[48;2;190;181;161m▀[0m[38;2;190;180;161m[48;2;199;187;168m▀[0m[38;2;189;179;160m[48;2;192;182;162m▀[0m[38;2;189;179;160m[48;2;192;182;162m▀[0m[38;2;189;180;160m[48;2;192;182;162m▀[0m[38;2;195;185;166m[48;2;192;182;162m▀[0m[38;2;205;195;176m[48;2;197;187;167m▀[0m[38;2;205;195;176m[48;2;205;196;176m▀[0m[38;2;205;195;176m[48;2;6;5;5m▀[0m[38;2;186;177;160m▀[0m        
        [38;2;64;61;54m▄[0m[38;2;101;95;85m▄[0m  [38;2;0;0;0m▀[0m[38;2;233;129;148m[48;2;190;180;161m▀[0m[38;2;202;105;125m[48;2;190;180;161m▀[0m[38;2;232;121;144m[48;2;190;180;161m▀[0m[38;2;232;122;143m[48;2;183;173;154m▀[0m[38;2;233;121;143m[48;2;192;182;162m▀[0m[38;2;190;180;161m[48;2;202;192;171m▀[0m[38;2;196;186;166m[48;2;88;90;92m▀[0m[38;2;242;242;244m[48;2;94;96;98m▀[0m[38;2;157;148;132m[48;2;245;248;251m▀[0m[38;2;190;181;161m[48;2;193;184;164m▀[0m[38;2;190;181;161m[48;2;197;185;164m▀[0m[38;2;150;137;121m[48;2;193;184;164m▀[0m[38;2;193;183;164m[48;2;193;184;164m▀[0m[38;2;130;124;110m[48;2;159;151;134m▀[0m             
       [38;2;193;183;163m▀[0m[38;2;191;182;162m[48;2;194;183;163m▀[0m[38;2;172;161;143m[48;2;144;131;115m▀[0m[38;2;138;126;110m[48;2;140;127;111m▀[0m[38;2;139;127;111m[48;2;139;126;111m▀[0m[38;2;101;91;80m[48;2;140;127;111m▀[0m[38;2;193;183;163m[48;2;202;189;167m▀[0m[38;2;193;183;163m[48;2;199;187;165m▀[0m[38;2;193;183;164m[48;2;195;184;164m▀[0m[38;2;194;184;164m[48;2;195;184;164m▀[0m[38;2;195;184;164m[48;2;195;184;164m▀[0m[38;2;86;86;88m[48;2;122;115;113m▀[0m[38;2;86;87;89m[48;2;43;43;44m▀[0m[38;2;252;253;254m[48;2;244;245;247m▀[0m[38;2;249;253;255m[48;2;196;185;166m▀[0m[38;2;194;184;164m[48;2;191;181;161m▀[0m[38;2;194;184;163m[48;2;190;180;160m▀[0m[38;2;191;181;162m[48;2;189;180;161m▀[0m[38;2;191;181;162m[48;2;189;180;160m▀[0m              
         [38;2;141;127;111m▀[0m[38;2;141;127;111m▀[0m[38;2;140;127;111m[48;2;249;162;174m▀[0m[38;2;139;126;110m[48;2;235;143;157m▀[0m[38;2;142;130;113m[48;2;232;122;144m▀[0m[38;2;192;182;162m[48;2;21;16;16m▀[0m[38;2;190;180;161m[48;2;190;180;161m▀[0m[38;2;193;182;163m[48;2;234;234;235m▀[0m[38;2;189;180;161m[48;2;189;179;161m▀[0m[38;2;246;247;248m[48;2;189;180;161m▀[0m[38;2;240;241;243m[48;2;190;180;161m▀[0m[38;2;35;34;31m[48;2;190;180;161m▀[0m[38;2;188;178;160m[48;2;192;182;163m▀[0m[38;2;189;179;160m[48;2;194;184;164m▀[0m[38;2;188;179;160m[48;2;193;183;164m▀[0m[38;2;146;138;123m[48;2;131;132;132m▀[0m[38;2;80;81;83m▀[0m              
          [38;2;40;21;25m▄[0m[38;2;232;124;145m[48;2;194;184;164m▀[0m[38;2;232;122;144m[48;2;10;10;8m▀[0m[38;2;233;122;144m[48;2;234;122;144m▀[0m[38;2;234;122;144m[48;2;233;122;144m▀[0m[38;2;156;147;131m[48;2;56;36;38m▀[0m[38;2;185;185;188m[48;2;138;125;110m▀[0m[38;2;168;159;141m[48;2;198;189;168m▀[0m[38;2;192;182;163m[48;2;13;12;11m▀[0m[38;2;192;182;162m[48;2;194;184;164m▀[0m[38;2;194;184;164m[48;2;197;185;164m▀[0m[38;2;193;184;164m[48;2;87;89;91m▀[0m[38;2;136;128;114m[48;2;89;89;92m▀[0m[38;2;89;83;73m[48;2;121;115;113m▀[0m[38;2;84;84;84m[48;2;121;115;113m▀[0m               
        [38;2;200;187;165m▄[0m[38;2;188;178;160m[48;2;193;183;164m▀[0m[38;2;193;184;164m[48;2;193;183;163m▀[0m[38;2;192;182;163m[48;2;194;184;164m▀[0m[38;2;192;182;163m[48;2;193;184;164m▀[0m[38;2;234;123;145m[48;2;236;123;145m▀[0m[38;2;234;122;145m[48;2;236;123;146m▀[0m[38;2;133;65;80m[48;2;181;176;155m▀[0m[38;2;138;125;110m[48;2;168;156;138m▀[0m[38;2;140;127;111m[48;2;140;127;111m▀[0m[38;2;128;73;99m[48;2;129;73;99m▀[0m[38;2;32;35;33m[48;2;112;107;110m▀[0m[38;2;7;7;6m[48;2;77;73;76m▀[0m[38;2;139;131;117m[48;2;75;56;41m▀[0m[38;2;84;86;88m[48;2;75;57;41m▀[0m[38;2;86;86;88m[48;2;76;57;42m▀[0m[38;2;85;86;88m[48;2;76;58;42m▀[0m[38;2;20;19;19m[48;2;86;62;41m▀[0m[38;2;9;10;11m[48;2;97;68;42m▀[0m[38;2;0;0;0m[48;2;100;70;42m▀[0m[38;2;95;76;54m[48;2;133;95;56m▀[0m[38;2;176;139;100m[48;2;132;93;56m▀[0m[38;2;161;126;92m[48;2;132;94;55m▀[0m[38;2;159;124;90m[48;2;136;98;60m▀[0m[38;2;79;62;46m[48;2;185;155;120m▀[0m[38;2;231;193;150m[48;2;208;174;135m▀[0m[38;2;41;32;26m[48;2;208;174;135m▀[0m[38;2;207;174;135m▄[0m[38;2;210;176;136m▄[0m[38;2;201;161;116m▄[0m  
  [38;2;85;60;35m[48;2;134;94;55m▀[0m[38;2;139;98;58m[48;2;134;94;55m▀[0m[38;2;135;95;55m[48;2;107;74;44m▀[0m[38;2;102;70;41m[48;2;84;59;35m▀[0m[38;2;98;68;42m[48;2;206;195;177m▀[0m[38;2;197;187;167m[48;2;207;196;177m▀[0m[38;2;194;184;164m[48;2;163;155;139m▀[0m[38;2;193;184;163m[48;2;74;55;41m▀[0m[38;2;193;183;163m[48;2;74;55;41m▀[0m[38;2;198;188;168m[48;2;74;56;41m▀[0m[38;2;132;67;79m[48;2;59;43;31m▀[0m[38;2;179;92;108m[48;2;170;161;142m▀[0m[38;2;192;100;117m[48;2;195;184;164m▀[0m[38;2;195;184;164m[48;2;194;185;164m▀[0m[38;2;197;185;164m[48;2;194;183;164m▀[0m[38;2;181;169;149m[48;2;194;184;164m▀[0m[38;2;135;75;103m[48;2;196;186;166m▀[0m[38;2;76;57;42m[48;2;74;56;41m▀[0m[38;2;75;56;41m[48;2;75;56;41m▀[0m[38;2;74;56;41m[48;2;75;56;42m▀[0m[38;2;74;56;41m[48;2;75;56;42m▀[0m[38;2;74;56;41m[48;2;86;62;41m▀[0m[38;2;74;56;41m[48;2;95;66;41m▀[0m[38;2;93;66;42m[48;2;99;68;41m▀[0m[38;2;100;70;42m[48;2;101;69;41m▀[0m[38;2;111;78;46m[48;2;130;92;54m▀[0m[38;2;134;95;56m[48;2;134;95;57m▀[0m[38;2;132;93;55m[48;2;134;96;57m▀[0m[38;2;131;93;55m[48;2;133;95;56m▀[0m[38;2;131;93;56m[48;2;131;93;56m▀[0m[38;2;204;167;124m[48;2;189;150;108m▀[0m[38;2;199;163;122m[48;2;188;150;108m▀[0m[38;2;195;158;115m[48;2;188;151;108m▀[0m[38;2;191;152;108m[48;2;189;151;108m▀[0m[38;2;189;151;108m[48;2;189;151;108m▀[0m[38;2;190;152;109m[48;2;192;153;109m▀[0m  
  [38;2;136;96;56m[48;2;101;70;43m▀[0m[38;2;116;82;50m[48;2;97;68;42m▀[0m[38;2;100;70;42m[48;2;94;66;42m▀[0m[38;2;85;62;41m[48;2;76;57;41m▀[0m[38;2;205;195;176m[48;2;74;56;42m▀[0m[38;2;207;197;178m[48;2;77;58;42m▀[0m[38;2;78;59;43m[48;2;74;56;41m▀[0m[38;2;58;44;33m[48;2;74;55;41m▀[0m[38;2;38;29;21m[48;2;251;166;177m▀[0m[38;2;24;18;14m[48;2;239;152;163m▀[0m[38;2;192;182;163m[48;2;244;127;151m▀[0m[38;2;192;182;163m[48;2;192;182;163m▀[0m[38;2;193;183;163m[48;2;190;180;161m▀[0m[38;2;194;184;164m[48;2;189;179;160m▀[0m[38;2;197;185;164m[48;2;189;180;160m▀[0m[38;2;191;181;162m[48;2;190;180;161m▀[0m[38;2;190;180;161m[48;2;190;181;161m▀[0m[38;2;19;15;11m[48;2;194;184;164m▀[0m[38;2;78;59;43m[48;2;168;89;106m▀[0m[38;2;78;59;43m[48;2;179;93;112m▀[0m[38;2;80;59;41m[48;2;91;65;42m▀[0m[38;2;94;66;41m[48;2;40;27;17m▀[0m[38;2;98;68;41m[48;2;66;45;27m▀[0m[38;2;99;69;41m[48;2;103;72;43m▀[0m[38;2;99;70;41m[48;2;103;72;43m▀[0m[38;2;99;69;42m[48;2;137;98;59m▀[0m[38;2;106;75;45m[48;2;131;93;56m▀[0m[38;2;99;69;42m[48;2;132;94;56m▀[0m[38;2;98;68;41m[48;2;132;94;56m▀[0m[38;2;98;68;41m[48;2;131;94;56m▀[0m[38;2;97;67;41m[48;2;191;152;109m▀[0m[38;2;187;150;107m[48;2;192;154;109m▀[0m[38;2;188;151;107m[48;2;190;152;109m▀[0m[38;2;189;151;108m[48;2;190;152;109m▀[0m[38;2;190;152;108m[48;2;190;152;109m▀[0m[38;2;192;153;109m[48;2;191;153;109m▀[0m  
  [38;2;75;54;36m[48;2;17;13;9m▀[0m[38;2;75;56;41m[48;2;75;57;42m▀[0m[38;2;76;57;42m[48;2;76;57;42m▀[0m[38;2;77;57;42m[48;2;76;57;42m▀[0m[38;2;40;30;22m[48;2;74;56;41m▀[0m[38;2;37;27;20m[48;2;75;56;41m▀[0m[38;2;80;60;44m[48;2;76;57;42m▀[0m[38;2;67;51;37m[48;2;76;57;42m▀[0m[38;2;236;138;154m[48;2;190;180;162m▀[0m[38;2;235;137;154m[48;2;49;50;44m▀[0m[38;2;231;121;143m[48;2;230;121;142m▀[0m[38;2;231;121;143m[48;2;232;121;143m▀[0m[38;2;189;179;160m[48;2;231;122;144m▀[0m[38;2;189;179;160m[48;2;190;180;161m▀[0m[38;2;191;181;162m[48;2;189;180;161m▀[0m[38;2;190;181;161m[48;2;190;180;161m▀[0m[38;2;190;180;161m[48;2;190;180;161m▀[0m[38;2;190;180;161m[48;2;190;180;161m▀[0m[38;2;228;120;141m[48;2;233;119;144m▀[0m[38;2;233;122;144m[48;2;231;121;143m▀[0m[38;2;70;49;28m[48;2;93;65;40m▀[0m[38;2;99;69;41m[48;2;98;69;42m▀[0m[38;2;99;69;41m[48;2;99;69;42m▀[0m[38;2;98;68;41m[48;2;99;69;42m▀[0m[38;2;111;78;46m[48;2;130;93;56m▀[0m[38;2;128;91;54m[48;2;132;95;57m▀[0m[38;2;129;91;55m[48;2;137;100;62m▀[0m[38;2;130;92;54m[48;2;133;95;57m▀[0m[38;2;131;94;57m[48;2;134;96;57m▀[0m[38;2;130;92;55m[48;2;135;96;57m▀[0m[38;2;189;151;108m[48;2;194;154;109m▀[0m[38;2;190;152;108m[48;2;194;154;109m▀[0m[38;2;192;154;109m[48;2;202;164;122m▀[0m[38;2;192;153;109m[48;2;208;174;135m▀[0m[38;2;198;159;115m[48;2;207;174;135m▀[0m[38;2;215;177;134m[48;2;138;116;90m▀[0m  
   [38;2;3;2;1m▀[0m[38;2;1;1;0m▀[0m    [38;2;173;161;143m[48;2;137;124;108m▀[0m[38;2;190;180;161m[48;2;137;124;109m▀[0m[38;2;190;180;161m[48;2;140;126;111m▀[0m[38;2;189;179;160m[48;2;164;153;135m▀[0m[38;2;190;181;161m[48;2;182;172;154m▀[0m[38;2;190;180;161m[48;2;189;179;159m▀[0m[38;2;189;180;161m[48;2;184;174;155m▀[0m[38;2;190;180;161m[48;2;173;161;145m▀[0m[38;2;189;179;160m[48;2;161;150;133m▀[0m[38;2;187;177;158m[48;2;148;136;121m▀[0m[38;2;188;178;159m[48;2;142;129;114m▀[0m[38;2;177;167;148m[48;2;137;124;108m▀[0m[38;2;136;124;109m[48;2;137;124;109m▀[0m[38;2;144;130;114m[48;2;145;132;115m▀[0m                 
         [38;2;138;125;110m[48;2;138;125;110m▀[0m[38;2;138;125;110m[48;2;138;125;110m▀[0m[38;2;138;125;110m[48;2;139;126;111m▀[0m[38;2;138;124;109m[48;2;139;126;110m▀[0m[38;2;137;124;109m[48;2;53;48;43m▀[0m[38;2;137;124;109m▀[0m[38;2;138;125;109m▀[0m[38;2;138;125;110m▀[0m[38;2;139;126;110m▀[0m[38;2;138;125;110m▀[0m[38;2;140;127;111m[48;2;140;127;111m▀[0m[38;2;143;128;111m[48;2;140;127;111m▀[0m[38;2;143;128;111m[48;2;46;41;37m▀[0m                  
         [38;2;139;126;111m[48;2;146;132;115m▀[0m[38;2;138;126;111m[48;2;138;125;110m▀[0m[38;2;139;126;111m[48;2;140;127;111m▀[0m       [38;2;146;133;116m▀[0m[38;2;140;127;111m▀[0m[38;2;140;127;111m▀[0m[38;2;133;123;108m▀[0m                 
        [38;2;65;62;54m▀[0m                               
                                        
                                        
