                                        
                [38;2;247;229;151m▄[0m[38;2;129;122;79m▄[0m [38;2;152;202;85m▄[0m  [38;2;248;230;151m▄[0m                 
                [38;2;248;230;151m[48;2;247;226;124m▀[0m[38;2;254;237;154m[48;2;244;224;130m▀[0m[38;2;153;199;82m[48;2;143;190;82m▀[0m[38;2;148;194;81m[48;2;143;188;81m▀[0m [38;2;70;65;44m[48;2;243;225;137m▀[0m[38;2;246;227;150m[48;2;242;221;122m▀[0m[38;2;142;188;82m[48;2;148;193;82m▀[0m                
                [38;2;153;200;85m[48;2;148;193;83m▀[0m[38;2;241;220;114m[48;2;127;170;72m▀[0m[38;2;143;189;82m[48;2;149;194;83m▀[0m[38;2;148;193;83m[48;2;146;192;81m▀[0m [38;2;241;220;114m[48;2;86;113;49m▀[0m[38;2;114;109;58m[48;2;146;192;81m▀[0m[38;2;143;189;81m[48;2;147;194;81m▀[0m[38;2;30;39;18m[48;2;157;205;86m▀[0m               
               [38;2;39;50;22m[48;2;79;103;45m▀[0m[38;2;148;194;82m[48;2;150;196;82m▀[0m[38;2;148;194;82m[48;2;147;194;81m▀[0m[38;2;121;163;70m[48;2;193;176;92m▀[0m[38;2;149;193;83m[48;2;138;179;79m▀[0m[38;2;156;144;76m▄[0m[38;2;145;192;81m[48;2;120;148;70m▀[0m[38;2;145;191;81m[48;2;118;147;71m▀[0m[38;2;146;191;80m[48;2;118;147;71m▀[0m[38;2;126;159;74m[48;2;118;147;70m▀[0m               
              [38;2;118;147;71m▄[0m[38;2;114;143;69m[48;2;118;147;71m▀[0m[38;2;118;148;70m[48;2;116;146;70m▀[0m[38;2;118;148;70m[48;2;184;168;89m▀[0m[38;2;59;77;39m[48;2;244;226;134m▀[0m[38;2;115;146;71m[48;2;243;223;129m▀[0m[38;2;102;91;50m[48;2;242;221;115m▀[0m[38;2;116;146;71m[48;2;244;223;115m▀[0m[38;2;117;146;71m[48;2;116;146;71m▀[0m[38;2;115;146;71m[48;2;116;145;71m▀[0m[38;2;117;149;73m[48;2;143;192;75m▀[0m               
              [38;2;117;146;71m[48;2;115;145;70m▀[0m[38;2;112;142;70m[48;2;117;147;71m▀[0m[38;2;115;106;57m[48;2;245;224;116m▀[0m[38;2;242;223;129m[48;2;243;223;116m▀[0m[38;2;246;228;155m[48;2;247;229;149m▀[0m[38;2;245;227;150m[48;2;247;228;151m▀[0m[38;2;247;229;150m[48;2;245;226;122m▀[0m[38;2;244;224;115m[48;2;245;225;116m▀[0m[38;2;247;228;117m[48;2;244;224;115m▀[0m[38;2;139;187;73m[48;2;140;186;75m▀[0m[38;2;144;191;74m[48;2;63;84;36m▀[0m               
               [38;2;120;149;71m[48;2;114;143;69m▀[0m[38;2;194;177;95m[48;2;120;150;72m▀[0m[38;2;246;225;116m[48;2;85;77;44m▀[0m[38;2;247;226;116m[48;2;189;169;93m▀[0m[38;2;250;227;116m[48;2;223;203;107m▀[0m[38;2;246;226;116m[48;2;235;212;110m▀[0m[38;2;242;213;210m[48;2;117;75;65m▀[0m[38;2;252;230;118m[48;2;183;163;91m▀[0m[38;2;147;196;74m▀[0m                
                [38;2;44;54;26m▀[0m[38;2;85;106;52m▀[0m[38;2;124;113;62m▀[0m[38;2;177;158;89m[48;2;17;23;16m▀[0m[38;2;179;159;89m▀[0m[38;2;68;89;46m▀[0m[38;2;66;84;51m▀[0m                 
             [38;2;159;208;89m▄[0m[38;2;144;189;81m▄[0m[38;2;78;73;41m[48;2;143;187;82m▀[0m[38;2;242;222;115m[48;2;146;192;82m▀[0m[38;2;80;107;46m[48;2;151;197;83m▀[0m[38;2;68;108;63m[48;2;78;137;75m▀[0m[38;2;69;83;42m[48;2;30;46;25m▀[0m[38;2;209;188;103m[48;2;160;210;89m▀[0m[38;2;242;221;115m▄[0m                  
            [38;2;154;205;87m[48;2;149;194;83m▀[0m[38;2;149;195;82m[48;2;139;183;78m▀[0m [38;2;108;143;64m▀[0m[38;2;21;26;13m▀[0m [38;2;70;116;66m[48;2;70;111;65m▀[0m[38;2;45;71;42m▀[0m[38;2;143;189;81m[48;2;160;199;96m▀[0m[38;2;143;188;83m[48;2;149;195;82m▀[0m[38;2;48;64;32m[48;2;153;199;82m▀[0m                 
           [38;2;166;200;110m[48;2;179;205;128m▀[0m     [38;2;93;123;67m[48;2;184;210;129m▀[0m[38;2;183;209;129m[48;2;179;206;127m▀[0m[38;2;189;216;133m[48;2;111;143;64m▀[0m[38;2;89;113;52m[48;2;109;140;64m▀[0m[38;2;146;192;81m[48;2;132;173;72m▀[0m[38;2;44;57;26m▀[0m                 
           [38;2;182;208;127m[48;2;182;208;128m▀[0m[38;2;188;214;132m[48;2;181;207;130m▀[0m   [38;2;179;205;129m▀[0m[38;2;184;210;129m[48;2;47;75;44m▀[0m[38;2;188;216;132m[48;2;177;158;88m▀[0m[38;2;110;140;64m[48;2;182;162;90m▀[0m[38;2;113;145;64m[48;2;107;135;64m▀[0m[38;2;110;141;64m[48;2;110;142;64m▀[0m[38;2;11;14;7m[48;2;140;186;75m▀[0m                 
           [38;2;60;69;43m▀[0m[38;2;185;211;133m▀[0m    [38;2;68;109;63m[48;2;78;138;75m▀[0m[38;2;54;90;54m[48;2;78;138;75m▀[0m[38;2;25;31;19m[48;2;85;151;82m▀[0m[38;2;77;134;74m[48;2;79;138;76m▀[0m[38;2;82;145;79m[48;2;78;138;75m▀[0m[38;2;139;186;75m[48;2;70;95;41m▀[0m[38;2;144;192;75m[48;2;144;194;75m▀[0m[38;2;139;185;75m▄[0m               
                 [38;2;78;140;75m▀[0m[38;2;78;139;75m[48;2;69;112;64m▀[0m[38;2;87;154;83m[48;2;89;159;86m▀[0m[38;2;99;147;85m[48;2;68;95;60m▀[0m[38;2;79;139;75m[48;2;81;145;78m▀[0m[38;2;78;138;75m[48;2;82;144;78m▀[0m[38;2;143;191;74m[48;2;178;159;89m▀[0m[38;2;139;187;75m[48;2;88;77;46m▀[0m[38;2;143;190;75m[48;2;97;137;51m▀[0m[38;2;51;67;30m▄[0m             
                  [38;2;67;108;63m[48;2;26;35;24m▀[0m[38;2;73;117;67m[48;2;67;108;63m▀[0m[38;2;110;151;95m[48;2;109;151;94m▀[0m[38;2;79;139;75m[48;2;31;50;29m▀[0m[38;2;79;140;75m[48;2;28;46;26m▀[0m[38;2;42;54;31m▀[0m[38;2;83;108;63m[48;2;82;108;62m▀[0m[38;2;63;87;50m[48;2;83;109;64m▀[0m[38;2;43;53;31m[48;2;82;108;64m▀[0m[38;2;23;30;15m[48;2;67;85;48m▀[0m            
                   [38;2;62;92;61m▀[0m[38;2;87;143;79m[48;2;87;153;83m▀[0m[38;2;79;140;75m[48;2;82;146;78m▀[0m    [38;2;100;129;64m▀[0m[38;2;109;141;64m▀[0m[38;2;148;198;79m▀[0m           
                    [38;2;104;101;76m[48;2;0;0;0m▀[0m[38;2;210;193;102m▀[0m                  
                    [38;2;137;126;84m[48;2;254;253;174m▀[0m                   
                                        
