                                        
                [38;2;248;220;157m▄[0m[38;2;136;120;80m▄[0m [38;2;203;229;55m▄[0m  [38;2;249;221;157m▄[0m                 
                [38;2;249;221;157m[48;2;248;214;131m▀[0m[38;2;254;226;160m[48;2;245;213;137m▀[0m[38;2;205;225;52m[48;2;189;218;51m▀[0m[38;2;199;221;50m[48;2;191;216;49m▀[0m [38;2;58;52;34m[48;2;245;214;143m▀[0m[38;2;247;218;155m[48;2;244;209;129m▀[0m[38;2;188;216;50m[48;2;198;220;51m▀[0m                
                [38;2;203;226;55m[48;2;198;220;51m▀[0m[38;2;243;208;121m[48;2;169;192;46m▀[0m[38;2;190;217;50m[48;2;198;221;52m▀[0m[38;2;197;220;52m[48;2;196;220;50m▀[0m [38;2;243;208;121m[48;2;113;129;28m▀[0m[38;2;121;112;56m[48;2;195;220;50m▀[0m[38;2;191;217;49m[48;2;197;221;50m▀[0m[38;2;38;44;10m[48;2;209;231;57m▀[0m               
               [38;2;40;47;14m[48;2;101;114;23m▀[0m[38;2;198;221;51m[48;2;200;223;51m▀[0m[38;2;198;221;51m[48;2;197;222;50m▀[0m[38;2;161;188;40m[48;2;197;168;97m▀[0m[38;2;198;220;52m[48;2;186;208;46m▀[0m[38;2;165;143;80m▄[0m[38;2;194;219;50m[48;2;162;173;41m▀[0m[38;2;194;219;50m[48;2;159;172;41m▀[0m[38;2;195;218;49m[48;2;159;172;41m▀[0m[38;2;169;186;43m[48;2;158;172;41m▀[0m               
              [38;2;159;172;41m▄[0m[38;2;152;168;40m[48;2;159;172;41m▀[0m[38;2;160;173;41m[48;2;154;171;41m▀[0m[38;2;160;173;41m[48;2;191;165;93m▀[0m[38;2;73;84;30m[48;2;246;215;140m▀[0m[38;2;153;171;42m[48;2;245;212;135m▀[0m[38;2;109;94;53m[48;2;244;208;122m▀[0m[38;2;154;171;41m[48;2;245;210;122m▀[0m[38;2;156;171;41m[48;2;154;171;41m▀[0m[38;2;153;171;41m[48;2;155;170;42m▀[0m[38;2;156;174;43m[48;2;193;219;44m▀[0m               
              [38;2;155;171;41m[48;2;152;171;41m▀[0m[38;2;149;166;41m[48;2;157;172;41m▀[0m[38;2;119;102;60m[48;2;246;211;123m▀[0m[38;2;244;212;135m[48;2;245;210;123m▀[0m[38;2;247;220;160m[48;2;248;219;154m▀[0m[38;2;246;218;155m[48;2;248;219;157m▀[0m[38;2;248;220;156m[48;2;246;214;129m▀[0m[38;2;245;211;122m[48;2;246;211;123m▀[0m[38;2;248;214;125m[48;2;246;211;122m▀[0m[38;2;187;213;43m[48;2;190;215;43m▀[0m[38;2;196;219;43m[48;2;85;95;19m▀[0m               
               [38;2;162;174;41m[48;2;150;165;43m▀[0m[38;2;200;171;100m[48;2;160;176;42m▀[0m[38;2;247;212;123m[48;2;94;80;48m▀[0m[38;2;248;212;124m[48;2;197;164;97m▀[0m[38;2;251;214;124m[48;2;228;193;113m▀[0m[38;2;247;213;123m[48;2;237;201;117m▀[0m[38;2;242;215;209m[48;2;119;53;62m▀[0m[38;2;252;217;126m[48;2;192;159;95m▀[0m[38;2;198;224;44m▀[0m                
                [38;2;52;57;18m▀[0m[38;2;112;121;32m▀[0m[38;2;129;109;65m▀[0m[38;2;187;155;93m[48;2;26;35;24m▀[0m[38;2;189;156;93m▀[0m[38;2;88;102;29m▀[0m[38;2;83;96;33m▀[0m                 
             [38;2;210;233;61m▄[0m[38;2;192;217;49m▄[0m[38;2;81;72;45m[48;2;191;215;50m▀[0m[38;2;244;209;122m[48;2;196;220;51m▀[0m[38;2;104;120;28m[48;2;200;222;54m▀[0m[38;2;70;122;40m[48;2;78;147;47m▀[0m[38;2;65;68;33m[48;2;36;54;20m▀[0m[38;2;216;180;109m[48;2;211;235;61m▀[0m[38;2;244;208;122m▄[0m                  
            [38;2;203;230;58m[48;2;199;221;52m▀[0m[38;2;200;222;51m[48;2;186;211;45m▀[0m [38;2;142;164;39m▀[0m[38;2;18;21;6m▀[0m [38;2;71;129;42m[48;2;72;125;41m▀[0m[38;2;50;82;33m▀[0m[38;2;192;218;49m[48;2;210;225;66m▀[0m[38;2;190;216;51m[48;2;200;222;51m▀[0m[38;2;57;66;31m[48;2;204;225;52m▀[0m                 
           [38;2;212;226;81m[48;2;224;230;102m▀[0m     [38;2;126;145;40m[48;2;231;235;105m▀[0m[38;2;229;234;105m[48;2;221;228;106m▀[0m[38;2;236;240;111m[48;2;149;166;36m▀[0m[38;2;87;95;25m[48;2;147;163;36m▀[0m[38;2;196;220;50m[48;2;174;194;46m▀[0m[38;2;56;63;17m▀[0m                 
           [38;2;229;233;103m[48;2;229;233;104m▀[0m[38;2;234;238;109m[48;2;227;232;106m▀[0m   [38;2;225;231;104m▀[0m[38;2;231;235;105m[48;2;51;87;33m▀[0m[38;2;235;239;110m[48;2;187;155;92m▀[0m[38;2;149;163;36m[48;2;191;158;95m▀[0m[38;2;152;168;36m[48;2;143;158;37m▀[0m[38;2;148;164;36m[48;2;147;165;36m▀[0m[38;2;12;16;3m[48;2;189;215;43m▀[0m                 
           [38;2;71;75;33m▀[0m[38;2;231;236;110m▀[0m    [38;2;71;123;40m[48;2;78;147;47m▀[0m[38;2;55;103;37m[48;2;78;147;47m▀[0m[38;2;37;42;30m[48;2;85;159;51m▀[0m[38;2;77;145;46m[48;2;79;148;48m▀[0m[38;2;81;153;49m[48;2;78;147;47m▀[0m[38;2;188;214;43m[48;2;95;113;29m▀[0m[38;2;194;219;44m[48;2;193;221;44m▀[0m[38;2;189;213;43m▄[0m               
                 [38;2;78;149;47m▀[0m[38;2;77;148;46m[48;2;72;125;41m▀[0m[38;2;88;160;51m[48;2;88;164;54m▀[0m[38;2;105;157;54m[48;2;75;110;44m▀[0m[38;2;79;148;46m[48;2;81;152;48m▀[0m[38;2;78;147;47m[48;2;82;152;48m▀[0m[38;2;193;219;43m[48;2;188;156;93m▀[0m[38;2;188;215;43m[48;2;100;82;49m▀[0m[38;2;193;218;43m[48;2;135;153;31m▀[0m[38;2;63;73;20m▄[0m             
                  [38;2;69;123;40m[48;2;27;44;19m▀[0m[38;2;74;130;42m[48;2;68;122;40m▀[0m[38;2;115;164;60m[48;2;116;164;60m▀[0m[38;2;79;148;46m[48;2;36;59;26m▀[0m[38;2;79;148;46m[48;2;25;46;17m▀[0m[38;2;53;62;18m▀[0m[38;2;109;129;38m[48;2;110;128;38m▀[0m[38;2;80;101;31m[48;2;110;129;39m▀[0m[38;2;50;58;19m[48;2;108;128;39m▀[0m[38;2;28;31;11m[48;2;85;98;29m▀[0m            
                   [38;2;59;111;41m▀[0m[38;2;89;152;49m[48;2;86;159;51m▀[0m[38;2;80;148;46m[48;2;81;153;49m▀[0m    [38;2;131;151;37m▀[0m[38;2;146;164;36m▀[0m[38;2;198;225;49m▀[0m           
                    [38;2;120;111;80m[48;2;8;8;8m▀[0m[38;2;216;185;107m▀[0m                  
                    [38;2;147;130;85m[48;2;255;244;179m▀[0m                   
                                        
