                                        
      [38;2;197;123;131m▄[0m                                 
       [38;2;201;125;134m[48;2;166;122;157m▀[0m[38;2;75;57;70m[48;2;153;114;147m▀[0m[38;2;71;46;48m▄[0m                              
   [38;2;27;22;20m▄[0m    [38;2;183;90;110m[48;2;180;80;106m▀[0m[38;2;182;82;106m[48;2;153;93;149m▀[0m[38;2;88;55;81m▄[0m                             
   [38;2;18;14;11m▀[0m[38;2;183;136;175m▀[0m[38;2;174;125;166m[48;2;113;74;115m▀[0m[38;2;173;78;103m[48;2;173;79;104m▀[0m[38;2;152;94;148m▄[0m[38;2;89;47;56m▄[0m[38;2;152;94;148m[48;2;174;79;104m▀[0m[38;2;174;79;104m[48;2;173;79;103m▀[0m[38;2;151;93;147m▄[0m[38;2;11;13;10m[48;2;153;93;149m▀[0m[38;2;181;81;108m▄[0m [38;2;86;91;89m▄[0m[38;2;192;120;128m▄[0m[38;2;192;119;128m▄[0m[38;2;194;121;130m▄[0m[38;2;184;101;116m▄[0m                    
      [38;2;17;12;11m▀[0m[38;2;112;70;103m▀[0m[38;2;113;60;76m[48;2;100;58;74m▀[0m[38;2;178;79;105m[48;2;83;49;62m▀[0m[38;2;177;79;104m[48;2;90;62;93m▀[0m[38;2;153;94;150m[48;2;100;58;74m▀[0m[38;2;102;66;102m[48;2;197;86;116m▀[0m[38;2;177;79;105m[48;2;182;79;105m▀[0m[38;2;197;87;116m[48;2;187;80;106m▀[0m[38;2;178;79;104m[48;2;180;79;104m▀[0m[38;2;183;81;108m[48;2;80;40;48m▀[0m[38;2;180;79;105m[48;2;180;79;105m▀[0m[38;2;179;80;105m[48;2;165;99;160m▀[0m[38;2;181;79;105m[48;2;155;95;151m▀[0m[38;2;182;79;104m[48;2;187;83;110m▀[0m[38;2;113;73;77m▄[0m                  
        [38;2;100;57;71m▀[0m[38;2;95;64;97m▀[0m[38;2;93;63;97m▀[0m[38;2;102;59;75m[48;2;192;111;124m▀[0m[38;2;175;78;104m[48;2;175;79;104m▀[0m[38;2;184;82;108m[48;2;90;93;89m▀[0m[38;2;78;84;81m[48;2;53;57;54m▀[0m[38;2;182;82;109m[48;2;59;51;38m▀[0m[38;2;199;127;135m[48;2;159;89;101m▀[0m[38;2;177;80;105m[48;2;179;81;108m▀[0m[38;2;62;40;56m[48;2;153;94;152m▀[0m[38;2;70;48;75m[48;2;68;33;41m▀[0m[38;2;173;79;103m[48;2;186;82;109m▀[0m[38;2;173;79;103m[48;2;178;79;105m▀[0m[38;2;30;22;21m[48;2;197;123;132m▀[0m                 
           [38;2;177;82;105m[48;2;80;86;81m▀[0m[38;2;187;81;109m[48;2;80;87;82m▀[0m[38;2;80;86;83m▀[0m[38;2;75;81;78m[48;2;90;62;93m▀[0m[38;2;59;62;59m[48;2;39;43;39m▀[0m[38;2;187;138;179m[48;2;62;65;62m▀[0m[38;2;90;56;87m[48;2;60;63;60m▀[0m[38;2;151;68;90m[48;2;176;79;104m▀[0m[38;2;178;79;105m[48;2;74;52;80m▀[0m[38;2;114;50;62m[48;2;55;30;37m▀[0m[38;2;158;96;154m[48;2;155;94;151m▀[0m[38;2;197;123;131m[48;2;195;122;130m▀[0m                 
              [38;2;92;63;94m▄[0m[38;2;103;59;75m[48;2;91;51;65m▀[0m[38;2;59;62;59m[48;2;59;62;59m▀[0m[38;2;177;122;169m[48;2;60;63;59m▀[0m[38;2;92;57;85m[48;2;97;46;57m▀[0m[38;2;53;31;37m[48;2;182;80;107m▀[0m[38;2;163;98;157m[48;2;167;75;98m▀[0m[38;2;186;81;106m[48;2;203;127;136m▀[0m                  
             [38;2;15;13;15m▄[0m[38;2;82;49;61m[48;2;98;56;72m▀[0m[38;2;65;69;66m[48;2;75;83;78m▀[0m[38;2;64;67;63m[48;2;81;88;85m▀[0m[38;2;85;43;52m[48;2;151;93;147m▀[0m[38;2;175;79;104m[48;2;177;80;105m▀[0m[38;2;175;79;103m[48;2;156;95;152m▀[0m[38;2;166;74;97m[48;2;157;68;87m▀[0m[38;2;192;106;121m[48;2;146;93;97m▀[0m                  
             [38;2;46;25;27m[48;2;88;43;53m▀[0m[38;2;78;84;81m[48;2;78;84;81m▀[0m[38;2;78;85;81m[48;2;78;84;81m▀[0m[38;2;59;43;54m[48;2;76;82;78m▀[0m[38;2;116;53;64m[48;2;174;79;103m▀[0m[38;2;176;79;103m[48;2;173;79;104m▀[0m[38;2;152;93;150m[48;2;174;79;104m▀[0m[38;2;153;93;149m[48;2;194;109;124m▀[0m[38;2;37;27;26m▀[0m        [38;2;6;8;5m▄[0m[38;2;122;73;111m▄[0m[38;2;76;40;47m▀[0m [38;2;87;44;53m▄[0m[38;2;119;74;109m▄[0m[38;2;96;48;58m[48;2;116;71;106m▀[0m[38;2;147;69;87m▀[0m  
           [38;2;122;60;76m▄[0m[38;2;125;61;76m[48;2;32;32;30m▀[0m[38;2;78;84;81m[48;2;77;83;79m▀[0m[38;2;77;84;81m[48;2;79;85;82m▀[0m[38;2;77;84;81m[48;2;78;84;81m▀[0m[38;2;77;84;81m[48;2;176;79;104m▀[0m[38;2;174;79;104m[48;2;177;79;104m▀[0m[38;2;177;80;105m[48;2;154;95;151m▀[0m[38;2;174;79;104m[48;2;102;64;99m▀[0m[38;2;191;121;128m[48;2;202;147;189m▀[0m      [38;2;51;28;32m▄[0m[38;2;109;52;62m▄[0m[38;2;102;59;75m▄[0m[38;2;113;71;104m[48;2;73;43;53m▀[0m[38;2;118;90;114m▄[0m [38;2;23;19;21m[48;2;53;31;37m▀[0m[38;2;85;42;49m[48;2;114;70;105m▀[0m[38;2;127;61;77m▀[0m    
          [38;2;110;69;104m▄[0m[38;2;90;62;93m[48;2;38;41;38m▀[0m[38;2;83;88;85m[48;2;91;94;91m▀[0m[38;2;79;85;81m[48;2;90;93;88m▀[0m[38;2;82;87;84m[48;2;89;93;88m▀[0m[38;2;85;90;86m[48;2;95;64;91m▀[0m[38;2;176;76;100m[48;2;157;97;153m▀[0m[38;2;183;79;104m[48;2;179;78;105m▀[0m[38;2;156;95;152m[48;2;179;79;105m▀[0m[38;2;147;91;146m[48;2;194;85;113m▀[0m[38;2;198;90;116m[48;2;171;75;98m▀[0m[38;2;183;88;110m[48;2;188;81;107m▀[0m[38;2;200;125;133m[48;2;183;81;107m▀[0m[38;2;94;61;63m[48;2;176;78;103m▀[0m[38;2;198;124;132m[48;2;191;113;124m▀[0m[38;2;190;119;127m[48;2;177;79;104m▀[0m[38;2;196;123;131m[48;2;197;114;127m▀[0m[38;2;187;119;126m[48;2;177;78;104m▀[0m[38;2;139;65;84m[48;2;195;123;130m▀[0m[38;2;69;49;71m[48;2;181;81;107m▀[0m[38;2;195;122;131m[48;2;177;79;105m▀[0m[38;2;188;106;121m[48;2;174;79;104m▀[0m[38;2;153;94;150m[48;2;127;78;120m▀[0m[38;2;125;60;76m[48;2;130;62;78m▀[0m[38;2;122;76;113m[48;2;77;39;46m▀[0m     
           [38;2;89;93;90m[48;2;88;92;88m▀[0m[38;2;91;94;91m[48;2;90;92;86m▀[0m[38;2;91;94;91m[48;2;92;95;91m▀[0m[38;2;87;91;88m[48;2;83;88;85m▀[0m[38;2;108;79;100m[48;2;79;85;82m▀[0m[38;2;79;86;82m[48;2;78;84;81m▀[0m[38;2;183;79;104m[48;2;79;85;82m▀[0m[38;2;184;79;105m[48;2;124;60;76m▀[0m[38;2;191;83;111m[48;2;128;61;78m▀[0m[38;2;176;79;104m[48;2;29;20;24m▀[0m[38;2;154;94;150m[48;2;80;51;73m▀[0m[38;2;141;88;141m[48;2;152;93;148m▀[0m[38;2;181;81;106m[48;2;170;76;99m▀[0m[38;2;52;32;46m[48;2;66;34;42m▀[0m[38;2;85;43;53m[48;2;65;36;46m▀[0m[38;2;152;93;149m[48;2;154;94;151m▀[0m[38;2;62;32;38m[48;2;61;31;36m▀[0m[38;2;58;39;54m[48;2;77;40;49m▀[0m[38;2;132;83;134m[48;2;124;60;75m▀[0m[38;2;126;61;77m[48;2;52;54;54m▀[0m [38;2;8;8;4m▀[0m[38;2;124;60;76m▀[0m      
           [38;2;79;85;82m[48;2;58;62;59m▀[0m[38;2;79;85;81m[48;2;62;66;62m▀[0m[38;2;77;84;81m[48;2;64;67;64m▀[0m[38;2;77;84;81m[48;2;62;66;63m▀[0m[38;2;75;81;75m[48;2;56;60;57m▀[0m[38;2;63;68;63m[48;2;56;60;56m▀[0m[38;2;49;53;51m[48;2;56;60;57m▀[0m[38;2;124;60;76m[48;2;125;61;76m▀[0m[38;2;124;60;76m[48;2;125;61;76m▀[0m[38;2;139;66;86m[48;2;125;60;76m▀[0m[38;2;112;70;103m[48;2;125;60;76m▀[0m[38;2;69;45;65m[48;2;126;60;77m▀[0m[38;2;125;60;76m[48;2;128;62;78m▀[0m[38;2;112;70;103m[48;2;124;60;76m▀[0m[38;2;134;65;82m[48;2;40;24;24m▀[0m[38;2;36;23;26m[48;2;124;60;76m▀[0m[38;2;120;57;71m[48;2;39;23;25m▀[0m[38;2;124;60;76m[48;2;126;61;77m▀[0m[38;2;112;70;103m[48;2;126;60;77m▀[0m          
           [38;2;53;55;52m▀[0m[38;2;59;62;59m[48;2;59;63;60m▀[0m[38;2;58;62;59m[48;2;58;62;58m▀[0m[38;2;59;62;59m[48;2;60;63;59m▀[0m[38;2;58;62;59m[48;2;60;63;59m▀[0m[38;2;56;60;55m[48;2;59;63;59m▀[0m[38;2;56;60;56m[48;2;58;62;58m▀[0m[38;2;84;41;50m[48;2;59;62;59m▀[0m[38;2;128;61;77m[48;2;41;47;43m▀[0m[38;2;125;60;76m[48;2;126;61;76m▀[0m[38;2;125;60;76m[48;2;72;38;45m▀[0m[38;2;125;60;76m[48;2;128;61;77m▀[0m[38;2;125;61;76m[48;2;127;61;77m▀[0m[38;2;126;60;77m[48;2;127;60;77m▀[0m[38;2;128;61;77m[48;2;67;42;61m▀[0m[38;2;127;61;76m[48;2;40;24;25m▀[0m[38;2;126;60;77m[48;2;128;61;77m▀[0m[38;2;126;60;77m[48;2;127;61;77m▀[0m[38;2;127;60;77m[48;2;127;61;77m▀[0m[38;2;131;63;79m[48;2;126;61;76m▀[0m[38;2;66;36;42m▄[0m        
             [38;2;57;61;57m[48;2;57;36;41m▀[0m[38;2;58;62;58m[48;2;65;38;47m▀[0m[38;2;58;62;59m[48;2;65;68;64m▀[0m[38;2;59;62;59m[48;2;59;62;58m▀[0m[38;2;60;63;59m[48;2;60;63;59m▀[0m[38;2;60;63;60m[48;2;60;62;59m▀[0m[38;2;57;60;56m[48;2;55;57;56m▀[0m[38;2;52;54;53m[48;2;50;52;51m▀[0m[38;2;128;61;77m[48;2;57;61;56m▀[0m[38;2;67;37;43m[48;2;59;63;59m▀[0m[38;2;61;63;60m[48;2;142;68;86m▀[0m[38;2;54;57;56m▀[0m[38;2;128;79;119m▀[0m [38;2;128;61;77m▀[0m[38;2;71;37;44m▀[0m[38;2;127;61;77m[48;2;60;63;59m▀[0m[38;2;57;62;58m[48;2;42;47;43m▀[0m[38;2;33;35;30m▀[0m        
            [38;2;78;84;81m▄[0m[38;2;100;58;73m[48;2;122;60;77m▀[0m[38;2;100;58;74m▀[0m     [38;2;89;44;55m[48;2;127;61;77m▀[0m[38;2;127;61;77m[48;2;126;61;76m▀[0m[38;2;127;60;77m▀[0m     [38;2;46;26;30m▄[0m[38;2;127;60;76m[48;2;125;60;76m▀[0m[38;2;15;11;10m▀[0m         
                   [38;2;43;47;44m▀[0m[38;2;68;73;71m▀[0m                   
                                        
