                                        
               [38;2;103;131;98m[48;2;162;211;158m▀[0m[38;2;92;116;87m[48;2;162;203;154m▀[0m[38;2;34;41;32m▄[0m                      
              [38;2;0;0;0m▄[0m[38;2;162;205;154m[48;2;165;212;158m▀[0m[38;2;164;210;157m[48;2;164;212;158m▀[0m[38;2;164;210;157m[48;2;165;213;159m▀[0m[38;2;164;211;158m▄[0m                     
          [38;2;163;210;157m▄[0m   [38;2;109;139;104m[48;2;127;162;122m▀[0m[38;2;164;210;157m[48;2;163;209;156m▀[0m[38;2;163;207;155m[48;2;157;207;153m▀[0m[38;2;163;208;156m[48;2;142;200;141m▀[0m[38;2;163;208;156m[48;2;142;200;141m▀[0m[38;2;40;54;39m[48;2;117;193;126m▀[0m      [38;2;4;6;4m▄[0m[38;2;164;205;156m▄[0m[38;2;163;209;157m▄[0m[38;2;164;210;157m▄[0m          
          [38;2;163;210;157m[48;2;46;84;52m▀[0m[38;2;103;127;96m[48;2;89;187;112m▀[0m[38;2;129;203;137m[48;2;94;189;114m▀[0m[38;2;90;189;113m▄[0m[38;2;63;100;67m▀[0m[38;2;117;185;126m[48;2;89;178;108m▀[0m[38;2;67;109;73m[48;2;87;175;109m▀[0m[38;2;104;185;117m[48;2;90;180;109m▀[0m[38;2;97;187;114m[48;2;89;180;108m▀[0m[38;2;96;189;115m[48;2;90;186;111m▀[0m[38;2;89;177;108m▄[0m  [38;2;90;188;112m▄[0m[38;2;17;26;17m[48;2;92;189;113m▀[0m[38;2;117;196;128m[48;2;91;187;112m▀[0m[38;2;132;198;136m[48;2;48;88;55m▀[0m[38;2;163;206;156m[48;2;94;181;111m▀[0m[38;2;161;201;154m[48;2;134;202;137m▀[0m[38;2;28;36;27m▀[0m          
           [38;2;90;185;110m[48;2;95;186;115m▀[0m[38;2;90;188;111m[48;2;89;181;108m▀[0m[38;2;93;189;113m[48;2;75;135;85m▀[0m[38;2;86;163;102m[48;2;81;151;92m▀[0m[38;2;89;186;110m[48;2;90;189;112m▀[0m[38;2;89;187;111m[48;2;90;186;110m▀[0m[38;2;92;189;113m[48;2;90;188;112m▀[0m[38;2;91;188;112m[48;2;92;189;113m▀[0m[38;2;89;178;110m[48;2;89;180;109m▀[0m[38;2;88;186;112m[48;2;92;186;111m▀[0m[38;2;83;157;98m▄[0m[38;2;88;175;107m[48;2;86;170;104m▀[0m[38;2;90;181;109m[48;2;93;187;112m▀[0m[38;2;89;181;109m[48;2;92;188;112m▀[0m[38;2;90;187;112m[48;2;97;190;116m▀[0m[38;2;94;189;114m[48;2;97;190;116m▀[0m[38;2;93;189;114m[48;2;0;0;0m▀[0m            
            [38;2;78;144;90m▀[0m[38;2;75;136;85m[48;2;75;141;87m▀[0m[38;2;75;137;85m[48;2;76;141;87m▀[0m[38;2;20;31;20m[48;2;75;139;86m▀[0m[38;2;89;181;111m[48;2;98;191;116m▀[0m[38;2;68;133;82m[48;2;91;184;111m▀[0m[38;2;96;190;115m[48;2;92;186;112m▀[0m[38;2;97;190;116m[48;2;91;188;112m▀[0m[38;2;92;187;111m[48;2;4;6;3m▀[0m[38;2;79;142;87m[48;2;24;39;25m▀[0m[38;2;24;41;26m[48;2;75;138;85m▀[0m[38;2;76;142;87m[48;2;75;136;85m▀[0m[38;2;82;159;96m[48;2;85;168;103m▀[0m[38;2;90;179;110m▀[0m[38;2;2;1;1m▀[0m             
              [38;2;79;146;89m▀[0m[38;2;64;116;80m▀[0m[38;2;65;120;82m[48;2;15;23;16m▀[0m[38;2;95;189;114m[48;2;26;29;20m▀[0m[38;2;94;189;114m[48;2;196;216;137m▀[0m[38;2;90;188;112m[48;2;103;110;72m▀[0m[38;2;31;49;36m[48;2;67;122;84m▀[0m[38;2;74;136;86m[48;2;3;1;0m▀[0m[38;2;75;139;86m▀[0m[38;2;74;136;83m▀[0m                
             [38;2;60;63;45m▄[0m[38;2;206;226;146m▄[0m[38;2;207;230;143m[48;2;213;234;152m▀[0m[38;2;148;164;103m[48;2;204;225;143m▀[0m[38;2;202;224;141m[48;2;202;224;141m▀[0m[38;2;202;224;141m[48;2;204;225;142m▀[0m[38;2;202;224;142m[48;2;205;226;144m▀[0m[38;2;204;225;143m[48;2;210;231;147m▀[0m[38;2;213;234;149m[48;2;209;227;151m▀[0m[38;2;209;228;154m▄[0m                 
           [38;2;171;183;124m▄[0m[38;2;239;248;188m[48;2;227;235;177m▀[0m[38;2;225;233;176m[48;2;226;234;176m▀[0m[38;2;29;30;22m[48;2;225;233;177m▀[0m[38;2;215;230;161m[48;2;225;234;177m▀[0m[38;2;215;230;160m[48;2;226;234;177m▀[0m[38;2;215;229;159m[48;2;225;235;177m▀[0m[38;2;214;228;159m[48;2;225;234;177m▀[0m[38;2;224;232;176m[48;2;225;234;177m▀[0m[38;2;226;234;176m[48;2;226;233;176m▀[0m[38;2;230;238;181m[48;2;153;158;121m▀[0m[38;2;224;232;175m[48;2;226;235;177m▀[0m[38;2;224;232;175m[48;2;226;234;177m▀[0m[38;2;217;231;161m▄[0m               
          [38;2;209;232;146m▄[0m[38;2;203;224;142m[48;2;204;225;142m▀[0m[38;2;205;225;143m[48;2;203;224;142m▀[0m[38;2;218;232;162m[48;2;212;234;148m▀[0m[38;2;227;233;178m[48;2;204;225;143m▀[0m[38;2;226;234;177m[48;2;206;226;145m▀[0m[38;2;226;235;177m[48;2;206;226;146m▀[0m[38;2;226;234;177m[48;2;207;226;148m▀[0m[38;2;225;235;177m[48;2;208;227;149m▀[0m[38;2;227;235;177m[48;2;211;228;153m▀[0m[38;2;226;234;177m[48;2;206;226;147m▀[0m[38;2;227;235;178m[48;2;213;234;150m▀[0m[38;2;210;228;154m[48;2;202;224;142m▀[0m[38;2;204;225;146m[48;2;202;224;141m▀[0m[38;2;205;225;143m[48;2;202;224;140m▀[0m[38;2;202;224;142m[48;2;202;224;140m▀[0m              
          [38;2;202;224;140m[48;2;204;225;144m▀[0m[38;2;204;225;143m[48;2;206;226;145m▀[0m[38;2;206;225;145m[48;2;19;20;12m▀[0m[38;2;241;244;248m[48;2;243;245;249m▀[0m[38;2;204;225;143m[48;2;241;242;243m▀[0m[38;2;205;225;144m[48;2;203;225;142m▀[0m[38;2;204;225;142m[48;2;203;224;142m▀[0m[38;2;204;225;144m[48;2;202;224;142m▀[0m[38;2;205;225;145m[48;2;201;223;139m▀[0m[38;2;206;226;145m[48;2;201;223;140m▀[0m[38;2;202;224;141m[48;2;220;242;152m▀[0m[38;2;227;227;229m[48;2;239;241;244m▀[0m[38;2;201;223;140m[48;2;52;54;45m▀[0m[38;2;202;224;142m[48;2;202;224;141m▀[0m[38;2;208;226;145m[48;2;201;223;140m▀[0m[38;2;207;226;145m[48;2;201;224;140m▀[0m[38;2;206;228;144m[48;2;201;223;140m▀[0m             
          [38;2;204;225;143m[48;2;201;224;140m▀[0m[38;2;203;224;142m[48;2;201;222;139m▀[0m[38;2;240;243;246m[48;2;239;242;244m▀[0m[38;2;241;243;246m[48;2;237;240;243m▀[0m[38;2;241;243;247m[48;2;208;182;176m▀[0m[38;2;238;241;244m[48;2;237;238;240m▀[0m[38;2;202;224;141m[48;2;238;240;243m▀[0m[38;2;201;222;139m[48;2;237;238;241m▀[0m[38;2;200;221;139m[48;2;240;242;245m▀[0m[38;2;56;56;58m[48;2;238;241;243m▀[0m[38;2;239;241;243m[48;2;17;2;2m▀[0m[38;2;238;241;243m[48;2;239;241;243m▀[0m[38;2;239;241;244m[48;2;239;241;243m▀[0m[38;2;202;224;141m[48;2;201;222;140m▀[0m[38;2;202;224;141m[48;2;199;219;138m▀[0m[38;2;202;224;141m[48;2;199;220;138m▀[0m[38;2;201;222;140m[48;2;200;221;139m▀[0m             
          [38;2;173;188;120m▀[0m[38;2;200;221;139m[48;2;166;179;116m▀[0m[38;2;237;239;241m[48;2;118;129;80m▀[0m[38;2;239;241;244m[48;2;236;238;241m▀[0m[38;2;119;43;47m[48;2;169;114;103m▀[0m[38;2;237;239;242m[48;2;241;243;246m▀[0m[38;2;241;243;245m[48;2;238;241;244m▀[0m[38;2;239;241;243m[48;2;236;239;242m▀[0m[38;2;239;241;243m[48;2;236;237;240m▀[0m[38;2;239;241;243m[48;2;237;237;241m▀[0m[38;2;113;36;40m[48;2;176;119;106m▀[0m[38;2;237;236;239m[48;2;238;241;244m▀[0m[38;2;237;237;240m[48;2;239;241;244m▀[0m[38;2;200;222;139m[48;2;201;224;140m▀[0m[38;2;201;222;140m[48;2;172;185;119m▀[0m[38;2;200;220;139m[48;2;153;163;105m▀[0m[38;2;150;160;104m▀[0m             
            [38;2;149;159;104m▀[0m[38;2;178;172;169m[48;2;161;172;112m▀[0m[38;2;204;201;201m[48;2;63;60;61m▀[0m[38;2;241;244;247m[48;2;176;169;168m▀[0m[38;2;238;240;243m[48;2;176;170;168m▀[0m[38;2;239;242;245m[48;2;177;171;168m▀[0m[38;2;238;241;244m[48;2;176;169;167m▀[0m[38;2;241;243;247m[48;2;177;170;168m▀[0m[38;2;244;247;250m[48;2;179;171;169m▀[0m[38;2;208;206;204m[48;2;56;53;52m▀[0m[38;2;107;114;74m[48;2;152;160;105m▀[0m[38;2;154;163;105m[48;2;164;177;115m▀[0m[38;2;154;163;105m▀[0m[38;2;46;49;32m▀[0m              
           [38;2;227;236;177m▄[0m[38;2;225;233;176m▄[0m[38;2;97;192;116m[48;2;205;225;144m▀[0m[38;2;79;152;93m[48;2;185;203;130m▀[0m[38;2;64;117;81m[48;2;160;173;113m▀[0m[38;2;63;116;80m[48;2;66;122;82m▀[0m[38;2;67;68;64m[48;2;64;116;81m▀[0m[38;2;93;89;89m[48;2;65;118;81m▀[0m[38;2;25;44;29m[48;2;27;27;19m▀[0m[38;2;49;93;65m[48;2;62;112;71m▀[0m[38;2;67;122;82m[48;2;88;177;106m▀[0m[38;2;83;161;98m[48;2;99;193;116m▀[0m[38;2;212;229;151m▄[0m[38;2;226;233;176m▄[0m[38;2;228;236;178m▄[0m              
           [38;2;223;231;175m▀[0m[38;2;211;228;153m[48;2;205;229;145m▀[0m[38;2;202;224;142m[48;2;204;225;145m▀[0m[38;2;203;224;142m[48;2;207;226;145m▀[0m[38;2;204;225;144m[48;2;208;226;145m▀[0m[38;2;92;187;113m[48;2;207;226;145m▀[0m[38;2;83;161;97m[48;2;207;226;145m▀[0m[38;2;86;163;98m[48;2;205;225;144m▀[0m[38;2;200;217;137m[48;2;203;225;143m▀[0m[38;2;208;227;146m[48;2;201;223;140m▀[0m[38;2;209;227;146m[48;2;200;220;139m▀[0m[38;2;202;224;141m[48;2;201;222;140m▀[0m[38;2;202;224;140m[48;2;201;222;140m▀[0m[38;2;214;228;159m[48;2;200;220;139m▀[0m[38;2;222;232;170m▀[0m              
            [38;2;155;163;106m[48;2;2;2;1m▀[0m[38;2;207;226;144m[48;2;148;158;104m▀[0m[38;2;205;225;145m[48;2;174;190;121m▀[0m[38;2;204;225;144m[48;2;201;222;139m▀[0m[38;2;203;224;142m[48;2;202;223;140m▀[0m[38;2;202;224;142m[48;2;199;219;138m▀[0m[38;2;202;224;140m[48;2;199;219;138m▀[0m[38;2;200;222;139m[48;2;201;222;140m▀[0m[38;2;200;220;139m[48;2;201;223;140m▀[0m[38;2;199;219;139m[48;2;202;224;140m▀[0m[38;2;199;220;138m[48;2;161;173;113m▀[0m[38;2;3;4;3m▀[0m                
               [38;2;147;158;103m▀[0m[38;2;169;184;118m[48;2;147;158;103m▀[0m[38;2;172;186;120m[48;2;147;158;103m▀[0m[38;2;168;183;118m[48;2;147;157;103m▀[0m[38;2;147;157;103m▀[0m[38;2;147;157;103m▀[0m[38;2;147;158;103m▀[0m[38;2;141;150;98m▀[0m                 
                                        
