                                        
                                        
                                        
                                        
                                    [38;2;92;88;88m[48;2;77;76;77m▀[0m[38;2;79;77;79m▄[0m  
                                  [38;2;211;176;136m▄[0m[38;2;206;173;138m[48;2;205;168;127m▀[0m[38;2;79;77;79m[48;2;202;166;126m▀[0m[38;2;83;82;83m[48;2;79;78;80m▀[0m  
         [38;2;37;36;36m▄[0m[38;2;214;182;144m▄[0m[38;2;212;179;142m▄[0m[38;2;211;178;141m▄[0m[38;2;205;168;127m▄[0m[38;2;205;167;127m▄[0m[38;2;207;170;128m▄[0m[38;2;218;188;154m▄[0m[38;2;212;179;142m▄[0m[38;2;214;182;143m▄[0m[38;2;213;180;142m▄[0m[38;2;215;183;145m▄[0m  [38;2;50;44;36m▄[0m[38;2;217;184;146m▄[0m[38;2;214;181;143m▄[0m[38;2;113;96;76m▄[0m[38;2;2;4;1m[48;2;104;99;98m▀[0m[38;2;2;4;0m[48;2;84;82;82m▀[0m[38;2;80;78;80m▄[0m[38;2;78;76;78m▄[0m[38;2;78;77;79m▄[0m[38;2;220;186;145m[48;2;130;106;80m▀[0m[38;2;214;182;143m[48;2;202;165;125m▀[0m[38;2;206;169;127m[48;2;204;168;127m▀[0m[38;2;203;166;126m[48;2;205;168;127m▀[0m[38;2;202;164;125m[48;2;204;167;126m▀[0m[38;2;6;8;4m▀[0m  
       [38;2;38;36;36m▄[0m[38;2;37;36;36m[48;2;36;35;35m▀[0m[38;2;37;36;35m[48;2;37;35;35m▀[0m[38;2;33;32;32m[48;2;37;36;35m▀[0m[38;2;206;169;127m[48;2;203;166;126m▀[0m[38;2;205;169;127m[48;2;205;169;127m▀[0m[38;2;205;169;127m[48;2;207;171;128m▀[0m[38;2;128;105;80m[48;2;36;35;35m▀[0m[38;2;24;24;24m[48;2;37;35;35m▀[0m[38;2;38;37;36m[48;2;36;35;35m▀[0m[38;2;38;34;28m[48;2;36;35;35m▀[0m[38;2;214;182;144m[48;2;36;35;35m▀[0m[38;2;206;170;129m[48;2;202;165;125m▀[0m[38;2;205;168;129m[48;2;205;169;127m▀[0m[38;2;202;165;125m[48;2;205;169;127m▀[0m[38;2;210;172;130m[48;2;126;104;78m▀[0m[38;2;211;178;141m[48;2;141;116;88m▀[0m[38;2;211;178;142m[48;2;205;168;127m▀[0m[38;2;209;172;134m[48;2;203;166;125m▀[0m[38;2;205;169;127m[48;2;205;168;127m▀[0m[38;2;205;168;127m[48;2;204;167;127m▀[0m[38;2;210;171;129m[48;2;205;168;127m▀[0m[38;2;78;76;78m[48;2;204;166;127m▀[0m[38;2;77;76;77m[48;2;78;76;78m▀[0m[38;2;77;76;77m[48;2;78;77;78m▀[0m[38;2;78;76;78m[48;2;77;76;77m▀[0m[38;2;40;39;38m[48;2;78;76;78m▀[0m[38;2;202;165;125m[48;2;207;169;128m▀[0m[38;2;205;168;127m[48;2;205;168;127m▀[0m[38;2;202;165;125m[48;2;213;175;132m▀[0m   
       [38;2;37;35;35m[48;2;37;36;35m▀[0m[38;2;20;21;19m[48;2;21;21;19m▀[0m[38;2;67;66;67m[48;2;60;58;57m▀[0m[38;2;37;35;35m[48;2;37;36;35m▀[0m[38;2;179;145;111m[48;2;37;36;36m▀[0m[38;2;203;166;126m[48;2;38;36;36m▀[0m[38;2;37;36;36m[48;2;37;36;35m▀[0m[38;2;37;36;35m[48;2;37;36;35m▀[0m[38;2;37;36;35m[48;2;80;78;80m▀[0m[38;2;33;32;31m[48;2;144;139;140m▀[0m[38;2;37;36;35m[48;2;37;36;35m▀[0m[38;2;37;36;35m[48;2;37;35;35m▀[0m[38;2;43;36;26m[48;2;36;35;35m▀[0m[38;2;206;169;127m[48;2;202;165;125m▀[0m[38;2;205;168;127m[48;2;202;165;125m▀[0m[38;2;72;60;44m[48;2;208;170;129m▀[0m[38;2;78;76;78m[48;2;78;76;78m▀[0m[38;2;78;76;78m[48;2;77;76;77m▀[0m[38;2;213;175;132m[48;2;78;76;78m▀[0m[38;2;205;168;127m[48;2;55;56;56m▀[0m[38;2;205;168;127m[48;2;205;168;127m▀[0m[38;2;202;165;125m[48;2;205;168;127m▀[0m[38;2;202;166;125m[48;2;202;165;125m▀[0m[38;2;202;165;125m[48;2;205;169;127m▀[0m[38;2;77;76;78m[48;2;38;38;38m▀[0m[38;2;78;76;78m[48;2;80;79;81m▀[0m[38;2;78;76;78m[48;2;203;167;126m▀[0m[38;2;77;76;78m[48;2;111;92;70m▀[0m[38;2;204;167;127m[48;2;52;45;34m▀[0m    
      [38;2;1;1;0m▄[0m[38;2;20;21;22m[48;2;205;168;127m▀[0m[38;2;36;35;35m[48;2;37;36;35m▀[0m[38;2;37;36;36m[48;2;37;35;35m▀[0m[38;2;37;36;36m[48;2;204;167;127m▀[0m[38;2;37;36;36m[48;2;214;182;143m▀[0m[38;2;37;35;35m[48;2;209;175;137m▀[0m[38;2;36;35;35m[48;2;39;37;37m▀[0m[38;2;37;35;35m[48;2;36;35;35m▀[0m[38;2;79;78;80m[48;2;37;35;35m▀[0m[38;2;104;99;98m[48;2;37;36;35m▀[0m[38;2;37;36;36m[48;2;37;36;35m▀[0m[38;2;36;35;35m[48;2;37;35;35m▀[0m[38;2;37;36;35m[48;2;18;18;12m▀[0m[38;2;206;168;127m[48;2;174;141;108m▀[0m[38;2;201;165;125m[48;2;203;166;127m▀[0m[38;2;202;165;125m[48;2;205;169;127m▀[0m[38;2;77;75;77m[48;2;205;169;127m▀[0m[38;2;78;76;78m[48;2;78;76;78m▀[0m[38;2;78;76;78m[48;2;78;76;79m▀[0m[38;2;78;76;78m[48;2;78;77;79m▀[0m[38;2;81;79;81m[48;2;78;76;78m▀[0m[38;2;205;168;127m[48;2;3;3;3m▀[0m[38;2;202;165;125m[48;2;205;169;127m▀[0m[38;2;205;168;127m[48;2;202;165;125m▀[0m[38;2;207;170;128m[48;2;204;167;127m▀[0m[38;2;207;170;128m[48;2;206;169;127m▀[0m[38;2;205;168;127m[48;2;204;168;126m▀[0m[38;2;202;165;125m[48;2;205;168;127m▀[0m     
       [38;2;182;147;113m[48;2;81;79;81m▀[0m[38;2;170;140;106m[48;2;102;96;95m▀[0m[38;2;78;77;79m[48;2;104;99;98m▀[0m[38;2;107;101;100m[48;2;104;99;98m▀[0m[38;2;226;185;139m[48;2;78;77;78m▀[0m[38;2;205;168;127m[48;2;102;85;64m▀[0m[38;2;205;168;127m[48;2;205;168;127m▀[0m[38;2;40;38;38m[48;2;205;168;127m▀[0m[38;2;37;35;35m[48;2;212;174;131m▀[0m[38;2;37;36;35m[48;2;8;10;7m▀[0m[38;2;36;35;35m[48;2;96;78;60m▀[0m[38;2;36;35;35m[48;2;165;134;102m▀[0m[38;2;151;121;94m[48;2;202;165;125m▀[0m[38;2;202;165;125m[48;2;202;166;126m▀[0m[38;2;205;168;127m[48;2;205;168;127m▀[0m[38;2;202;165;125m[48;2;202;165;125m▀[0m[38;2;206;169;127m[48;2;202;165;125m▀[0m[38;2;77;76;77m[48;2;78;76;78m▀[0m[38;2;78;76;78m[48;2;78;76;78m▀[0m[38;2;78;77;79m[48;2;78;77;78m▀[0m[38;2;78;77;79m[48;2;78;76;78m▀[0m[38;2;78;76;78m[48;2;78;77;79m▀[0m[38;2;205;168;127m[48;2;195;160;121m▀[0m[38;2;203;167;126m[48;2;202;165;125m▀[0m[38;2;205;168;127m[48;2;171;139;107m▀[0m[38;2;202;165;125m[48;2;204;167;126m▀[0m[38;2;202;165;125m[48;2;203;165;126m▀[0m[38;2;205;168;127m[48;2;203;167;126m▀[0m[38;2;7;9;7m[48;2;202;166;125m▀[0m    
  [38;2;213;180;143m▄[0m[38;2;203;172;137m[48;2;214;182;144m▀[0m[38;2;82;68;52m[48;2;207;169;131m▀[0m[38;2;36;32;24m[48;2;207;171;130m▀[0m[38;2;211;178;141m[48;2;180;153;120m▀[0m[38;2;214;182;144m[48;2;179;152;121m▀[0m[38;2;68;66;65m[48;2;207;170;129m▀[0m[38;2;80;78;79m[48;2;35;33;30m▀[0m[38;2;78;76;78m[48;2;77;76;78m▀[0m[38;2;77;76;78m[48;2;78;77;78m▀[0m[38;2;78;76;78m[48;2;78;76;78m▀[0m[38;2;205;168;127m[48;2;204;167;127m▀[0m[38;2;206;168;127m[48;2;202;165;125m▀[0m[38;2;205;168;127m[48;2;205;169;127m▀[0m[38;2;202;165;125m[48;2;204;167;126m▀[0m[38;2;202;165;125m[48;2;206;169;128m▀[0m[38;2;179;145;111m[48;2;151;121;94m▀[0m[38;2;202;165;125m[48;2;151;121;94m▀[0m[38;2;205;168;127m[48;2;167;135;104m▀[0m[38;2;203;166;125m[48;2;169;136;105m▀[0m[38;2;206;169;127m[48;2;154;124;96m▀[0m[38;2;177;144;110m[48;2;136;110;85m▀[0m[38;2;63;61;62m[48;2;161;130;100m▀[0m[38;2;77;76;78m[48;2;202;164;125m▀[0m[38;2;202;165;125m[48;2;214;181;142m▀[0m[38;2;206;169;127m[48;2;205;168;127m▀[0m[38;2;78;76;78m[48;2;60;59;59m▀[0m[38;2;36;32;24m[48;2;80;52;52m▀[0m[38;2;67;56;42m[48;2;175;111;114m▀[0m[38;2;177;112;115m[48;2;3;6;2m▀[0m [38;2;202;166;126m▀[0m[38;2;205;168;127m[48;2;160;128;99m▀[0m[38;2;165;134;102m[48;2;153;124;95m▀[0m[38;2;151;121;93m[48;2;153;124;96m▀[0m[38;2;136;110;85m[48;2;151;121;94m▀[0m  
  [38;2;202;165;125m[48;2;182;150;114m▀[0m[38;2;210;171;130m[48;2;205;168;127m▀[0m[38;2;206;170;129m[48;2;202;165;125m▀[0m[38;2;211;178;142m[48;2;206;169;127m▀[0m[38;2;213;178;140m[48;2;37;35;36m▀[0m[38;2;212;179;143m[48;2;205;169;127m▀[0m[38;2;179;147;111m[48;2;204;167;126m▀[0m[38;2;206;169;127m[48;2;205;168;127m▀[0m[38;2;187;153;115m[48;2;205;168;127m▀[0m[38;2;199;163;124m[48;2;145;118;90m▀[0m[38;2;202;165;125m[48;2;139;112;87m▀[0m[38;2;206;169;127m[48;2;153;123;95m▀[0m[38;2;202;165;125m[48;2;153;124;96m▀[0m[38;2;187;154;116m[48;2;150;121;94m▀[0m[38;2;152;122;95m[48;2;70;57;43m▀[0m[38;2;152;122;94m[48;2;30;23;26m▀[0m[38;2;153;124;95m[48;2;60;50;37m▀[0m[38;2;151;121;94m[48;2;70;59;46m▀[0m[38;2;151;121;94m[48;2;76;49;64m▀[0m[38;2;151;122;94m[48;2;133;87;109m▀[0m[38;2;159;129;99m[48;2;133;88;110m▀[0m[38;2;154;100;113m[48;2;176;112;115m▀[0m[38;2;176;112;115m[48;2;48;33;32m▀[0m[38;2;206;169;128m[48;2;60;59;59m▀[0m[38;2;211;178;141m[48;2;198;161;122m▀[0m[38;2;205;169;127m[48;2;175;142;109m▀[0m[38;2;208;168;128m[48;2;153;123;95m▀[0m[38;2;179;115;116m▀[0m[38;2;5;4;2m▀[0m  [38;2;149;119;93m[48;2;64;62;64m▀[0m[38;2;150;121;94m[48;2;68;66;67m▀[0m[38;2;153;124;95m[48;2;154;123;96m▀[0m[38;2;151;121;94m[48;2;90;73;56m▀[0m[38;2;23;20;15m▀[0m  
    [38;2;70;58;44m▀[0m[38;2;205;168;127m[48;2;164;131;102m▀[0m[38;2;206;169;127m[48;2;197;160;123m▀[0m[38;2;204;167;127m[48;2;188;153;117m▀[0m[38;2;205;168;127m[48;2;160;129;99m▀[0m[38;2;120;97;76m[48;2;127;102;80m▀[0m[38;2;153;124;96m▀[0m[38;2;155;125;97m▀[0m[38;2;55;52;59m▄[0m[38;2;119;96;90m[48;2;115;94;89m▀[0m[38;2;120;97;91m[48;2;118;95;90m▀[0m[38;2;119;96;91m[48;2;119;96;91m▀[0m[38;2;125;82;103m[48;2;116;94;89m▀[0m[38;2;133;88;110m▀[0m[38;2;134;88;111m[48;2;12;12;8m▀[0m[38;2;133;88;110m[48;2;172;109;116m▀[0m[38;2;135;89;111m[48;2;174;111;114m▀[0m[38;2;154;100;113m[48;2;174;111;114m▀[0m[38;2;174;111;114m[48;2;30;32;31m▀[0m[38;2;175;112;114m[48;2;64;62;63m▀[0m[38;2;63;60;61m[48;2;17;17;15m▀[0m[38;2;62;60;61m▀[0m[38;2;167;133;103m[48;2;78;64;50m▀[0m[38;2;150;121;94m[48;2;151;121;94m▀[0m[38;2;153;124;96m[48;2;151;121;94m▀[0m[38;2;128;103;81m[48;2;152;122;95m▀[0m   [38;2;24;24;21m▀[0m [38;2;60;58;58m▀[0m    
             [38;2;55;52;59m▀[0m[38;2;21;21;21m▀[0m[38;2;25;24;25m▀[0m        [38;2;212;174;131m▄[0m[38;2;14;12;9m[48;2;202;165;125m▀[0m[38;2;202;165;125m[48;2;202;165;125m▀[0m[38;2;199;163;122m[48;2;203;166;126m▀[0m[38;2;173;140;108m[48;2;163;134;102m▀[0m[38;2;88;72;55m▀[0m          
                       [38;2;80;78;80m▀[0m[38;2;16;16;15m▄[0m[38;2;78;76;78m▀[0m[38;2;202;165;125m[48;2;78;76;78m▀[0m[38;2;205;167;127m▀[0m            
                                        
                                        
                                        
                                        
