                                        
           [38;2;201;170;135m▄[0m[38;2;209;180;146m[48;2;208;180;146m▀[0m[38;2;207;179;145m[48;2;208;180;146m▀[0m[38;2;64;56;45m[48;2;209;181;146m▀[0m[38;2;203;172;136m▄[0m[38;2;209;181;146m[48;2;204;171;133m▀[0m[38;2;210;182;147m[48;2;202;166;127m▀[0m[38;2;201;164;126m▄[0m                     
         [38;2;196;163;125m▄[0m[38;2;195;162;125m[48;2;199;165;127m▀[0m[38;2;186;154;120m[48;2;136;113;86m▀[0m[38;2;197;163;125m[48;2;36;35;35m▀[0m[38;2;203;167;127m[48;2;84;83;84m▀[0m[38;2;204;167;127m[48;2;36;35;35m▀[0m[38;2;213;175;134m[48;2;35;35;35m▀[0m[38;2;189;157;121m[48;2;36;35;35m▀[0m[38;2;195;162;125m[48;2;35;35;35m▀[0m[38;2;192;158;123m[48;2;35;35;35m▀[0m                     
        [38;2;101;85;66m[48;2;193;160;124m▀[0m[38;2;201;167;127m[48;2;193;160;124m▀[0m[38;2;200;164;126m[48;2;191;158;122m▀[0m[38;2;197;164;126m[48;2;190;157;122m▀[0m[38;2;35;35;35m[48;2;35;35;35m▀[0m[38;2;65;62;60m[48;2;36;35;35m▀[0m[38;2;35;35;34m[48;2;35;34;34m▀[0m[38;2;36;35;34m[48;2;191;159;123m▀[0m[38;2;22;22;20m[48;2;192;160;124m▀[0m[38;2;35;35;35m[48;2;69;69;72m▀[0m[38;2;36;35;35m[48;2;25;25;24m▀[0m[38;2;193;159;123m[48;2;193;160;124m▀[0m                    
        [38;2;166;136;107m▀[0m[38;2;190;156;122m[48;2;145;119;94m▀[0m[38;2;192;158;123m[48;2;145;118;94m▀[0m[38;2;192;159;123m[48;2;143;117;93m▀[0m[38;2;192;159;123m[48;2;168;162;161m▀[0m[38;2;134;112;87m[48;2;147;121;94m▀[0m[38;2;192;160;123m[48;2;126;106;82m▀[0m[38;2;190;156;122m[48;2;183;151;117m▀[0m[38;2;75;75;77m[48;2;78;77;79m▀[0m[38;2;48;49;50m[48;2;192;159;124m▀[0m[38;2;206;177;141m[48;2;201;170;135m▀[0m[38;2;218;189;152m[48;2;206;178;145m▀[0m[38;2;208;180;146m▄[0m[38;2;208;180;146m▄[0m[38;2;209;181;146m▄[0m                 
          [38;2;47;41;31m▀[0m[38;2;168;138;108m[48;2;5;7;4m▀[0m[38;2;163;134;106m[48;2;135;96;111m▀[0m[38;2;150;123;97m[48;2;135;96;111m▀[0m[38;2;146;119;94m[48;2;135;95;111m▀[0m[38;2;146;119;93m[48;2;57;52;43m▀[0m[38;2;168;138;108m[48;2;152;122;95m▀[0m[38;2;195;162;125m[48;2;130;106;84m▀[0m[38;2;114;95;74m[48;2;149;121;95m▀[0m[38;2;199;165;127m[48;2;171;140;109m▀[0m[38;2;200;164;127m[48;2;178;147;113m▀[0m[38;2;201;167;127m[48;2;164;134;104m▀[0m[38;2;199;164;127m[48;2;146;119;94m▀[0m[38;2;190;158;121m[48;2;152;124;99m▀[0m                
           [38;2;100;70;78m[48;2;170;111;115m▀[0m[38;2;138;96;111m[48;2;142;98;112m▀[0m[38;2;135;95;111m[48;2;140;97;111m▀[0m[38;2;135;96;111m[48;2;167;109;113m▀[0m[38;2;122;106;94m[48;2;148;122;96m▀[0m[38;2;145;119;96m[48;2;199;165;129m▀[0m[38;2;12;12;8m▀[0m[38;2;149;121;96m▀[0m[38;2;145;119;94m[48;2;179;173;172m▀[0m[38;2;144;118;93m[48;2;153;125;99m▀[0m[38;2;103;84;68m▀[0m[38;2;154;149;148m▀[0m                 
         [38;2;153;125;99m▄[0m[38;2;146;119;94m[48;2;146;119;94m▀[0m[38;2;61;60;61m[48;2;144;118;94m▀[0m[38;2;43;45;44m[48;2;150;146;145m▀[0m[38;2;30;30;29m[48;2;209;174;134m▀[0m[38;2;66;66;68m[48;2;166;136;105m▀[0m[38;2;22;20;17m[48;2;197;164;129m▀[0m[38;2;202;173;141m[48;2;195;164;127m▀[0m[38;2;53;54;58m[48;2;29;29;29m▀[0m[38;2;59;59;60m[48;2;23;24;23m▀[0m                     
        [38;2;195;161;125m[48;2;75;76;78m▀[0m[38;2;146;119;94m[48;2;57;58;61m▀[0m[38;2;194;161;125m[48;2;46;39;31m▀[0m[38;2;197;164;126m[48;2;196;164;126m▀[0m[38;2;197;162;125m[48;2;75;76;78m▀[0m[38;2;196;163;126m[48;2;75;76;78m▀[0m[38;2;193;161;125m[48;2;197;163;126m▀[0m[38;2;196;163;125m[48;2;169;137;107m▀[0m[38;2;195;162;125m[48;2;132;108;85m▀[0m[38;2;27;30;32m[48;2;145;121;93m▀[0m                      
       [38;2;12;13;10m▀[0m[38;2;78;77;79m▀[0m[38;2;79;79;81m[48;2;34;24;24m▀[0m[38;2;153;125;99m[48;2;227;149;157m▀[0m[38;2;14;10;10m[48;2;228;150;157m▀[0m[38;2;76;76;78m[48;2;248;162;171m▀[0m[38;2;76;76;79m[48;2;189;124;130m▀[0m[38;2;29;27;23m[48;2;232;151;160m▀[0m[38;2;149;122;96m[48;2;217;179;137m▀[0m[38;2;155;127;99m[48;2;76;77;80m▀[0m[38;2;204;167;127m[48;2;75;76;78m▀[0m[38;2;61;60;61m▄[0m[38;2;61;60;61m▄[0m            [38;2;34;34;32m▄[0m       
         [38;2;75;76;78m[48;2;76;76;78m▀[0m[38;2;76;76;79m[48;2;75;76;78m▀[0m[38;2;76;76;78m[48;2;75;76;78m▀[0m[38;2;76;76;79m[48;2;75;76;78m▀[0m[38;2;76;76;78m[48;2;75;76;78m▀[0m[38;2;75;76;78m[48;2;75;75;77m▀[0m[38;2;75;76;78m[48;2;76;75;77m▀[0m[38;2;78;76;78m[48;2;76;75;77m▀[0m[38;2;75;75;77m[48;2;76;75;77m▀[0m[38;2;41;41;41m[48;2;89;75;57m▀[0m[38;2;61;59;60m▀[0m [38;2;63;61;62m▄[0m      [38;2;72;71;73m[48;2;76;75;77m▀[0m[38;2;44;45;45m▄[0m[38;2;194;161;125m▄[0m[38;2;199;166;128m▄[0m[38;2;76;75;77m[48;2;106;101;100m▀[0m[38;2;74;75;77m▄[0m[38;2;194;161;125m▄[0m[38;2;205;170;130m▄[0m[38;2;19;19;13m▄[0m   
       [38;2;199;165;128m▄[0m[38;2;78;53;54m[48;2;228;148;157m▀[0m[38;2;63;67;68m[48;2;223;146;154m▀[0m[38;2;75;75;78m[48;2;222;145;154m▀[0m[38;2;75;76;78m[48;2;219;145;153m▀[0m[38;2;75;75;78m[48;2;220;144;153m▀[0m[38;2;75;75;77m[48;2;222;146;154m▀[0m[38;2;76;75;77m[48;2;222;145;154m▀[0m[38;2;64;65;67m[48;2;223;146;155m▀[0m[38;2;195;162;125m[48;2;196;162;126m▀[0m[38;2;125;105;82m[48;2;192;158;123m▀[0m[38;2;192;159;123m[48;2;193;160;124m▀[0m[38;2;194;161;124m[48;2;192;158;123m▀[0m[38;2;66;64;66m[48;2;192;158;123m▀[0m[38;2;61;60;61m[48;2;44;43;43m▀[0m  [38;2;77;76;78m[48;2;76;75;77m▀[0m[38;2;75;75;77m[48;2;66;66;68m▀[0m[38;2;75;75;78m▄[0m[38;2;193;160;124m▄[0m[38;2;25;27;29m[48;2;209;180;146m▀[0m[38;2;74;74;77m[48;2;77;76;78m▀[0m[38;2;76;75;78m[48;2;71;69;71m▀[0m[38;2;198;164;126m[48;2;16;15;11m▀[0m[38;2;77;77;80m▀[0m       
      [38;2;59;58;58m▄[0m[38;2;193;160;124m[48;2;200;167;131m▀[0m[38;2;222;145;154m[48;2;220;145;153m▀[0m[38;2;221;145;154m[48;2;219;144;153m▀[0m[38;2;223;146;155m[48;2;222;145;154m▀[0m[38;2;223;146;155m[48;2;226;148;156m▀[0m[38;2;222;145;154m[48;2;226;148;157m▀[0m[38;2;226;148;156m[48;2;222;146;155m▀[0m[38;2;224;146;155m[48;2;222;145;154m▀[0m[38;2;223;146;155m[48;2;220;145;154m▀[0m[38;2;200;165;129m[48;2;92;89;90m▀[0m[38;2;191;159;125m[48;2;110;104;104m▀[0m[38;2;191;158;123m[48;2;112;107;106m▀[0m[38;2;188;156;122m[48;2;47;47;47m▀[0m[38;2;193;160;123m[48;2;194;161;125m▀[0m[38;2;192;160;123m[48;2;202;166;127m▀[0m[38;2;126;106;84m[48;2;59;60;62m▀[0m[38;2;197;164;128m[48;2;204;167;126m▀[0m[38;2;203;169;130m[48;2;202;166;125m▀[0m[38;2;78;77;79m[48;2;28;31;34m▀[0m[38;2;107;101;100m[48;2;76;76;79m▀[0m[38;2;76;76;78m[48;2;68;67;68m▀[0m[38;2;203;166;127m[48;2;146;120;94m▀[0m[38;2;60;60;61m▀[0m          
     [38;2;109;104;104m▄[0m[38;2;107;102;101m[48;2;108;102;101m▀[0m[38;2;100;95;95m[48;2;96;92;93m▀[0m[38;2;236;154;163m[48;2;25;25;25m▀[0m[38;2;224;147;155m[48;2;226;148;157m▀[0m[38;2;223;146;155m[48;2;227;149;157m▀[0m[38;2;225;147;156m[48;2;228;149;158m▀[0m[38;2;223;147;155m[48;2;228;149;157m▀[0m[38;2;223;146;155m[48;2;228;149;157m▀[0m[38;2;225;147;155m[48;2;229;150;159m▀[0m[38;2;226;148;157m[48;2;228;149;158m▀[0m[38;2;108;103;101m[48;2;108;103;102m▀[0m[38;2;107;102;101m[48;2;110;104;102m▀[0m[38;2;108;102;102m[48;2;108;103;102m▀[0m[38;2;110;104;102m[48;2;109;103;102m▀[0m[38;2;78;76;78m[48;2;75;76;78m▀[0m[38;2;203;167;127m[48;2;197;163;126m▀[0m[38;2;74;62;49m[48;2;152;126;98m▀[0m[38;2;196;162;125m[48;2;149;121;95m▀[0m[38;2;197;164;126m[48;2;149;121;95m▀[0m[38;2;170;139;109m[48;2;144;117;92m▀[0m[38;2;61;60;61m[48;2;61;60;61m▀[0m[38;2;61;60;61m▀[0m            
     [38;2;202;170;135m[48;2;54;46;36m▀[0m[38;2;208;180;146m[48;2;169;138;106m▀[0m[38;2;195;163;128m[48;2;163;134;104m▀[0m[38;2;194;161;124m[48;2;147;119;95m▀[0m[38;2;75;76;78m[48;2;147;121;95m▀[0m[38;2;138;89;93m[48;2;53;53;58m▀[0m[38;2;230;151;159m[48;2;67;67;69m▀[0m[38;2;230;150;159m[48;2;74;74;76m▀[0m[38;2;244;159;167m[48;2;74;75;77m▀[0m[38;2;10;10;7m[48;2;68;68;71m▀[0m[38;2;76;76;78m[48;2;56;56;61m▀[0m[38;2;201;167;130m[48;2;26;27;27m▀[0m[38;2;211;182;147m[48;2;208;171;131m▀[0m[38;2;209;180;146m[48;2;208;173;132m▀[0m[38;2;204;172;135m[48;2;205;168;127m▀[0m[38;2;198;163;125m[48;2;201;166;127m▀[0m[38;2;203;167;127m[48;2;165;134;106m▀[0m[38;2;148;120;95m[48;2;119;103;91m▀[0m[38;2;146;119;95m[48;2;117;101;91m▀[0m[38;2;137;113;93m[48;2;140;122;108m▀[0m[38;2;67;66;68m▀[0m              
      [38;2;153;125;99m▀[0m[38;2;148;120;95m[48;2;129;106;84m▀[0m[38;2;147;120;95m[48;2;146;120;94m▀[0m[38;2;149;121;95m[48;2;147;120;95m▀[0m[38;2;127;108;92m[48;2;94;77;60m▀[0m [38;2;54;54;59m▀[0m[38;2;54;54;59m▀[0m[38;2;55;54;59m▀[0m[38;2;55;54;59m[48;2;36;37;38m▀[0m[38;2;55;54;59m[48;2;153;108;128m▀[0m[38;2;159;128;100m[48;2;141;100;118m▀[0m[38;2;152;124;98m[48;2;94;67;76m▀[0m[38;2;158;129;102m[48;2;142;116;92m▀[0m[38;2;145;118;94m[48;2;143;117;93m▀[0m[38;2;147;121;95m[48;2;144;118;93m▀[0m[38;2;118;102;91m[48;2;9;10;7m▀[0m                 
      [38;2;8;6;5m▄[0m[38;2;147;120;95m▄[0m[38;2;63;61;62m[48;2;146;119;94m▀[0m[38;2;61;60;61m[48;2;146;120;94m▀[0m[38;2;61;60;61m[48;2;146;119;94m▀[0m[38;2;143;118;93m▄[0m        [38;2;61;59;60m[48;2;145;119;94m▀[0m[38;2;61;59;60m[48;2;145;118;94m▀[0m[38;2;61;59;60m[48;2;146;120;94m▀[0m[38;2;145;119;94m▄[0m                
    [38;2;211;212;213m[48;2;89;90;90m▀[0m[38;2;232;235;237m[48;2;45;45;45m▀[0m[38;2;197;164;126m[48;2;234;238;242m▀[0m[38;2;198;164;126m[48;2;200;166;129m▀[0m[38;2;192;159;123m▀[0m[38;2;165;136;107m▀[0m[38;2;161;132;104m▀[0m        [38;2;200;165;127m[48;2;232;235;239m▀[0m[38;2;194;160;124m[48;2;191;158;123m▀[0m[38;2;192;161;124m[48;2;233;236;240m▀[0m[38;2;191;158;123m[48;2;198;162;126m▀[0m[38;2;194;160;124m[48;2;244;247;252m▀[0m[38;2;1;1;0m[48;2;197;162;125m▀[0m               
                  [38;2;187;190;192m▀[0m[38;2;202;204;207m▀[0m [38;2;241;245;251m[48;2;206;207;207m▀[0m [38;2;246;248;252m[48;2;4;4;4m▀[0m                
                                        
