                                        
                   [38;2;245;113;101m[48;2;231;108;95m▀[0m                    
                  [38;2;167;78;70m▄[0m[38;2;228;108;95m[48;2;226;99;94m▀[0m                    
                  [38;2;226;101;92m[48;2;229;106;95m▀[0m[38;2;228;107;95m[48;2;227;102;93m▀[0m         [38;2;226;100;92m▄[0m[38;2;35;22;18m[48;2;228;105;94m▀[0m[38;2;65;33;28m[48;2;228;106;95m▀[0m[38;2;228;106;95m▀[0m[38;2;90;44;39m▀[0m      
                  [38;2;229;107;95m[48;2;228;107;96m▀[0m[38;2;226;97;92m[48;2;228;106;95m▀[0m     [38;2;54;28;24m▄[0m[38;2;12;8;5m[48;2;228;106;95m▀[0m[38;2;236;110;98m[48;2;228;106;95m▀[0m[38;2;228;107;95m[48;2;228;107;95m▀[0m[38;2;226;99;92m[48;2;228;106;95m▀[0m[38;2;229;106;95m▀[0m         
                  [38;2;251;192;86m[48;2;255;217;79m▀[0m[38;2;228;104;95m[48;2;255;213;81m▀[0m [38;2;190;126;109m▄[0m[38;2;194;135;117m▄[0m[38;2;194;132;115m▄[0m[38;2;228;106;95m▄[0m[38;2;229;107;95m[48;2;228;106;95m▀[0m[38;2;229;106;94m[48;2;228;108;96m▀[0m[38;2;227;106;95m[48;2;229;106;95m▀[0m[38;2;229;105;95m[48;2;49;26;23m▀[0m           
                  [38;2;255;213;80m[48;2;255;210;77m▀[0m[38;2;255;213;80m[48;2;255;209;76m▀[0m[38;2;176;101;87m[48;2;195;136;118m▀[0m[38;2;178;102;89m[48;2;98;83;34m▀[0m[38;2;181;107;92m[48;2;217;193;71m▀[0m[38;2;240;154;89m[48;2;255;209;76m▀[0m[38;2;255;207;83m[48;2;255;213;80m▀[0m[38;2;247;174;88m[48;2;175;98;86m▀[0m[38;2;253;226;83m[48;2;177;100;87m▀[0m[38;2;175;94;82m[48;2;174;92;81m▀[0m[38;2;168;78;70m[48;2;163;74;68m▀[0m[38;2;165;73;67m[48;2;165;73;67m▀[0m[38;2;165;73;67m▄[0m         
                [38;2;177;100;87m▄[0m[38;2;238;181;139m[48;2;193;188;185m▀[0m[38;2;241;241;243m[48;2;102;101;100m▀[0m[38;2;255;209;77m[48;2;245;195;160m▀[0m[38;2;168;107;97m[48;2;244;187;151m▀[0m[38;2;223;183;62m[48;2;53;43;16m▀[0m[38;2;255;214;79m[48;2;96;99;104m▀[0m[38;2;255;212;79m[48;2;255;255;255m▀[0m[38;2;248;179;138m[48;2;243;165;120m▀[0m[38;2;177;101;87m[48;2;179;79;72m▀[0m[38;2;172;88;78m[48;2;161;72;66m▀[0m[38;2;166;75;68m[48;2;165;73;67m▀[0m[38;2;165;73;67m[48;2;165;73;67m▀[0m[38;2;164;73;67m[48;2;166;73;67m▀[0m[38;2;163;73;67m[48;2;163;73;67m▀[0m[38;2;165;73;67m[48;2;165;73;67m▀[0m[38;2;102;48;43m▄[0m       
     [38;2;179;179;179m▄[0m[38;2;131;134;136m[48;2;228;226;223m▀[0m[38;2;151;151;152m[48;2;229;226;223m▀[0m[38;2;225;222;220m▄[0m      [38;2;15;9;8m▄[0m[38;2;177;100;87m[48;2;169;81;72m▀[0m[38;2;79;65;57m[48;2;177;100;87m▀[0m[38;2;242;174;134m[48;2;250;182;139m▀[0m[38;2;242;175;134m[48;2;242;175;134m▀[0m[38;2;242;174;134m[48;2;189;106;93m▀[0m[38;2;33;36;37m[48;2;243;167;124m▀[0m[38;2;60;59;60m[48;2;59;53;49m▀[0m[38;2;201;196;194m[48;2;208;140;101m▀[0m[38;2;249;170;124m[48;2;165;73;67m▀[0m[38;2;165;73;67m[48;2;165;73;67m▀[0m[38;2;164;73;67m[48;2;164;73;67m▀[0m[38;2;165;73;67m[48;2;165;73;67m▀[0m[38;2;165;73;67m[48;2;165;73;67m▀[0m[38;2;164;73;67m[48;2;165;73;67m▀[0m[38;2;165;73;67m[48;2;165;73;67m▀[0m[38;2;165;73;67m[48;2;165;73;67m▀[0m[38;2;165;73;67m[48;2;165;73;67m▀[0m[38;2;170;75;68m▄[0m      
    [38;2;228;225;222m▄[0m[38;2;229;226;223m[48;2;228;226;223m▀[0m[38;2;228;225;222m[48;2;228;226;223m▀[0m[38;2;228;226;223m[48;2;229;227;224m▀[0m[38;2;225;223;220m[48;2;199;195;192m▀[0m[38;2;199;195;192m▀[0m[38;2;135;136;137m▀[0m  [38;2;4;2;1m▄[0m[38;2;23;14;10m[48;2;175;94;82m▀[0m[38;2;175;95;82m[48;2;166;74;68m▀[0m[38;2;172;75;69m[48;2;130;55;50m▀[0m[38;2;125;121;117m[48;2;231;228;227m▀[0m[38;2;166;74;68m[48;2;99;37;33m▀[0m[38;2;167;78;71m[48;2;203;192;188m▀[0m[38;2;172;77;71m[48;2;182;172;168m▀[0m[38;2;165;73;67m[48;2;176;170;166m▀[0m[38;2;174;77;71m[48;2;165;73;67m▀[0m[38;2;161;73;67m[48;2;44;18;16m▀[0m[38;2;165;73;67m[48;2;182;173;168m▀[0m[38;2;186;177;172m[48;2;144;140;135m▀[0m[38;2;165;73;67m[48;2;165;74;67m▀[0m[38;2;165;74;67m[48;2;165;73;67m▀[0m[38;2;166;74;67m[48;2;166;76;68m▀[0m[38;2;165;74;67m[48;2;165;74;67m▀[0m[38;2;165;73;67m[48;2;165;73;67m▀[0m[38;2;166;73;67m[48;2;164;73;67m▀[0m[38;2;165;73;67m[48;2;165;73;67m▀[0m[38;2;165;73;67m[48;2;165;73;67m▀[0m[38;2;165;74;67m▄[0m[38;2;165;74;67m▄[0m    
    [38;2;229;226;223m▀[0m[38;2;199;195;192m▀[0m[38;2;201;197;194m[48;2;199;195;192m▀[0m[38;2;214;211;208m[48;2;128;129;131m▀[0m[38;2;199;195;192m▀[0m   [38;2;165;74;67m▄[0m[38;2;174;92;81m[48;2;175;93;81m▀[0m[38;2;163;74;68m[48;2;165;73;67m▀[0m[38;2;165;73;67m[48;2;165;73;67m▀[0m[38;2;163;73;67m[48;2;150;68;62m▀[0m[38;2;255;255;255m[48;2;115;52;47m▀[0m[38;2;255;255;255m[48;2;255;255;255m▀[0m[38;2;45;45;44m[48;2;255;255;255m▀[0m[38;2;255;255;255m[48;2;255;255;255m▀[0m[38;2;255;255;255m[48;2;255;255;255m▀[0m[38;2;255;255;255m[48;2;255;255;255m▀[0m[38;2;255;255;255m[48;2;255;255;255m▀[0m[38;2;255;255;255m[48;2;113;113;112m▀[0m[38;2;177;77;70m[48;2;165;73;67m▀[0m[38;2;171;75;69m[48;2;175;77;70m▀[0m[38;2;175;94;82m[48;2;175;94;82m▀[0m[38;2;170;85;75m[48;2;165;73;67m▀[0m[38;2;165;73;67m[48;2;166;73;67m▀[0m[38;2;165;73;67m[48;2;165;73;67m▀[0m[38;2;165;73;67m[48;2;165;73;67m▀[0m[38;2;165;73;67m[48;2;165;74;67m▀[0m[38;2;165;73;67m[48;2;165;73;67m▀[0m[38;2;164;74;67m[48;2;158;71;65m▀[0m[38;2;142;66;60m[48;2;118;56;51m▀[0m    
          [38;2;168;74;68m▄[0m[38;2;165;74;67m[48;2;174;93;81m▀[0m[38;2;168;79;70m[48;2;166;74;67m▀[0m[38;2;168;80;72m[48;2;165;73;67m▀[0m[38;2;165;74;67m[48;2;165;73;67m▀[0m[38;2;165;73;67m▀[0m [38;2;157;70;64m[48;2;106;57;59m▀[0m[38;2;129;55;50m[48;2;148;67;62m▀[0m[38;2;255;255;255m[48;2;165;73;67m▀[0m[38;2;255;255;255m[48;2;166;74;68m▀[0m[38;2;255;255;255m[48;2;155;69;63m▀[0m[38;2;255;255;255m[48;2;166;74;67m▀[0m[38;2;255;255;255m[48;2;165;73;67m▀[0m[38;2;165;74;67m[48;2;164;73;67m▀[0m[38;2;165;73;67m[48;2;107;50;45m▀[0m[38;2;160;73;67m[48;2;165;73;67m▀[0m[38;2;169;82;73m[48;2;169;82;73m▀[0m[38;2;165;73;67m[48;2;165;73;67m▀[0m[38;2;165;73;67m[48;2;165;73;67m▀[0m[38;2;165;73;67m[48;2;165;73;67m▀[0m[38;2;165;73;67m[48;2;157;71;65m▀[0m[38;2;165;73;67m[48;2;129;61;56m▀[0m[38;2;149;68;62m[48;2;129;61;56m▀[0m[38;2;129;61;56m[48;2;129;61;56m▀[0m     
         [38;2;163;73;67m▄[0m[38;2;172;88;78m[48;2;173;92;80m▀[0m[38;2;171;88;77m[48;2;165;73;67m▀[0m[38;2;165;73;68m[48;2;161;72;66m▀[0m[38;2;165;73;67m[48;2;166;74;68m▀[0m[38;2;165;73;67m▀[0m   [38;2;141;96;90m▀[0m[38;2;106;58;59m[48;2;106;58;59m▀[0m[38;2;125;88;65m[48;2;136;92;87m▀[0m[38;2;155;70;64m[48;2;88;63;58m▀[0m[38;2;166;73;67m[48;2;115;58;57m▀[0m[38;2;165;73;67m[48;2;178;118;94m▀[0m[38;2;165;74;67m[48;2;133;62;58m▀[0m[38;2;165;73;67m[48;2;165;73;67m▀[0m[38;2;165;73;67m[48;2;168;76;69m▀[0m[38;2;170;85;75m[48;2;175;94;82m▀[0m[38;2;165;73;67m[48;2;165;73;67m▀[0m[38;2;141;65;60m[48;2;108;57;58m▀[0m[38;2;137;64;59m[48;2;106;58;59m▀[0m[38;2;109;59;60m[48;2;60;33;29m▀[0m[38;2;129;61;56m[48;2;129;61;56m▀[0m[38;2;129;61;56m[48;2;129;61;56m▀[0m[38;2;134;63;58m[48;2;81;41;36m▀[0m     
       [38;2;180;92;82m▄[0m[38;2;172;88;78m[48;2;173;93;82m▀[0m[38;2;175;94;82m[48;2;175;94;82m▀[0m[38;2;171;87;77m[48;2;168;84;75m▀[0m[38;2;165;74;68m[48;2;165;74;68m▀[0m[38;2;165;73;67m[48;2;165;73;67m▀[0m[38;2;165;73;67m[48;2;165;73;67m▀[0m     [38;2;142;96;91m▀[0m[38;2;108;58;59m[48;2;137;92;87m▀[0m[38;2;138;93;88m[48;2;142;97;91m▀[0m[38;2;105;58;59m[48;2;118;63;65m▀[0m[38;2;138;93;88m[48;2;110;58;60m▀[0m[38;2;144;63;58m[48;2;165;73;67m▀[0m[38;2;166;73;67m[48;2;169;82;73m▀[0m[38;2;175;94;82m[48;2;168;81;73m▀[0m[38;2;168;80;71m[48;2;165;74;67m▀[0m[38;2;165;73;67m[48;2;165;73;67m▀[0m[38;2;106;58;59m[48;2;116;61;63m▀[0m[38;2;105;58;59m[48;2;55;32;31m▀[0m[38;2;96;47;42m▀[0m[38;2;129;61;56m[48;2;114;58;57m▀[0m[38;2;129;61;56m[48;2;114;58;57m▀[0m[38;2;105;58;59m[48;2;106;58;59m▀[0m     
      [38;2;79;47;41m▀[0m[38;2;175;94;82m[48;2;175;94;82m▀[0m[38;2;176;94;82m[48;2;175;94;82m▀[0m[38;2;175;94;82m[48;2;175;94;82m▀[0m[38;2;175;94;82m[48;2;175;94;82m▀[0m[38;2;169;82;73m[48;2;175;94;82m▀[0m[38;2;165;73;67m[48;2;164;80;72m▀[0m[38;2;165;73;67m[48;2;240;161;117m▀[0m[38;2;242;163;119m▄[0m         [38;2;164;73;67m[48;2;166;74;68m▀[0m[38;2;161;72;67m[48;2;165;73;67m▀[0m[38;2;175;94;82m[48;2;175;95;82m▀[0m[38;2;165;73;67m[48;2;165;73;67m▀[0m[38;2;165;73;67m[48;2;166;74;67m▀[0m[38;2;13;7;5m[48;2;155;70;64m▀[0m [38;2;3;6;3m▄[0m[38;2;141;95;90m[48;2;137;92;87m▀[0m[38;2;105;58;59m[48;2;137;92;87m▀[0m[38;2;106;58;59m[48;2;136;92;87m▀[0m[38;2;136;92;87m▄[0m    
      [38;2;211;140;104m[48;2;4;5;4m▀[0m[38;2;240;161;117m[48;2;182;120;90m▀[0m[38;2;147;79;69m[48;2;237;157;115m▀[0m[38;2;240;165;120m[48;2;240;161;117m▀[0m[38;2;175;94;82m[48;2;244;164;119m▀[0m[38;2;240;159;116m[48;2;219;145;107m▀[0m[38;2;47;26;22m[48;2;187;124;92m▀[0m[38;2;241;161;117m[48;2;177;117;88m▀[0m[38;2;181;120;91m[48;2;177;117;88m▀[0m        [38;2;131;60;54m[48;2;169;81;72m▀[0m[38;2;165;73;67m[48;2;169;80;71m▀[0m[38;2;166;75;68m[48;2;175;94;82m▀[0m[38;2;168;82;74m[48;2;172;87;77m▀[0m[38;2;165;73;67m[48;2;165;73;67m▀[0m[38;2;165;73;67m[48;2;165;73;67m▀[0m[38;2;165;73;67m[48;2;162;73;67m▀[0m  [38;2;62;45;41m▀[0m[38;2;132;89;84m▀[0m[38;2;136;92;87m▀[0m[38;2;136;92;87m▀[0m    
       [38;2;33;25;19m▀[0m[38;2;96;66;49m▀[0m[38;2;177;117;88m[48;2;64;43;32m▀[0m[38;2;166;110;83m[48;2;166;110;83m▀[0m[38;2;177;117;88m[48;2;180;119;90m▀[0m[38;2;177;117;88m▀[0m[38;2;110;75;56m▀[0m        [38;2;185;99;87m[48;2;240;160;117m▀[0m[38;2;88;50;42m[48;2;96;53;46m▀[0m[38;2;175;94;82m[48;2;244;164;119m▀[0m[38;2;175;94;82m[48;2;172;93;82m▀[0m[38;2;175;94;82m[48;2;104;59;51m▀[0m[38;2;171;87;77m[48;2;173;93;82m▀[0m[38;2;165;73;67m[48;2;247;174;127m▀[0m[38;2;165;73;67m[48;2;164;73;67m▀[0m          
                     [38;2;228;153;112m[48;2;3;4;3m▀[0m[38;2;240;161;117m[48;2;177;117;88m▀[0m[38;2;240;161;117m[48;2;240;160;117m▀[0m[38;2;240;161;117m[48;2;240;161;117m▀[0m[38;2;158;86;76m[48;2;240;160;117m▀[0m[38;2;240;160;117m[48;2;240;161;117m▀[0m[38;2;157;109;79m[48;2;240;161;117m▀[0m[38;2;240;160;117m[48;2;240;161;117m▀[0m[38;2;240;160;117m[48;2;199;132;98m▀[0m[38;2;26;19;14m[48;2;59;42;30m▀[0m         
                       [38;2;177;117;88m▀[0m[38;2;178;117;88m[48;2;180;119;89m▀[0m[38;2;203;134;100m[48;2;177;118;88m▀[0m[38;2;197;131;97m[48;2;177;117;88m▀[0m[38;2;176;117;88m[48;2;77;54;40m▀[0m[38;2;177;118;88m▀[0m[38;2;175;116;87m▀[0m          
                                        
