                                        
                   [38;2;242;33;91m[48;2;231;29;85m▀[0m                    
                  [38;2;130;16;49m▄[0m[38;2;228;29;84m[48;2;226;28;90m▀[0m                    
                  [38;2;226;27;86m[48;2;229;29;85m▀[0m[38;2;228;29;85m[48;2;227;28;86m▀[0m         [38;2;226;27;87m▄[0m[38;2;9;1;3m[48;2;228;28;86m▀[0m[38;2;22;2;6m[48;2;228;29;85m▀[0m[38;2;228;29;85m[48;2;5;0;1m▀[0m[38;2;60;8;21m▀[0m      
                  [38;2;229;29;85m[48;2;228;29;86m▀[0m[38;2;226;27;90m[48;2;228;29;85m▀[0m     [38;2;27;3;9m▄[0m[38;2;4;0;1m[48;2;228;29;85m▀[0m[38;2;236;32;89m[48;2;228;29;85m▀[0m[38;2;228;29;85m[48;2;228;29;85m▀[0m[38;2;226;27;87m[48;2;228;29;85m▀[0m[38;2;229;29;85m▀[0m         
                  [38;2;251;173;64m[48;2;255;212;61m▀[0m[38;2;228;29;88m[48;2;255;202;49m▀[0m [38;2;182;66;104m▄[0m[38;2;187;74;109m▄[0m[38;2;187;70;106m▄[0m[38;2;228;29;84m▄[0m[38;2;229;29;84m[48;2;228;29;85m▀[0m[38;2;229;29;85m[48;2;228;37;90m▀[0m[38;2;227;29;84m[48;2;229;29;85m▀[0m[38;2;229;29;86m[48;2;29;9;17m▀[0m           
                  [38;2;255;216;80m[48;2;255;213;77m▀[0m[38;2;255;216;80m[48;2;255;212;76m▀[0m[38;2;165;48;90m[48;2;189;75;109m▀[0m[38;2;168;49;93m[48;2;64;50;16m▀[0m[38;2;172;52;93m[48;2;217;195;71m▀[0m[38;2;240;39;37m[48;2;255;212;76m▀[0m[38;2;255;194;59m[48;2;255;216;80m▀[0m[38;2;247;121;68m[48;2;168;48;92m▀[0m[38;2;253;225;78m[48;2;166;48;92m▀[0m[38;2;164;44;89m[48;2;163;43;90m▀[0m[38;2;156;35;86m[48;2;149;34;84m▀[0m[38;2;152;33;85m[48;2;152;33;85m▀[0m[38;2;152;33;85m▄[0m         
                [38;2;166;48;92m▄[0m[38;2;238;195;161m[48;2;193;189;188m▀[0m[38;2;241;241;243m[48;2;102;101;100m▀[0m[38;2;255;212;77m[48;2;245;208;180m▀[0m[38;2;147;55;91m[48;2;244;201;172m▀[0m[38;2;223;185;62m[48;2;53;44;16m▀[0m[38;2;255;217;79m[48;2;96;99;103m▀[0m[38;2;255;215;79m[48;2;255;255;255m▀[0m[38;2;248;196;164m[48;2;243;185;149m▀[0m[38;2;166;48;92m[48;2;174;36;96m▀[0m[38;2;160;40;88m[48;2;146;33;82m▀[0m[38;2;153;34;85m[48;2;152;33;85m▀[0m[38;2;152;33;85m[48;2;152;33;84m▀[0m[38;2;150;33;84m[48;2;153;33;84m▀[0m[38;2;149;33;83m[48;2;149;33;84m▀[0m[38;2;151;33;84m[48;2;152;33;85m▀[0m[38;2;85;21;49m▄[0m       
     [38;2;168;167;168m▄[0m[38;2;80;81;81m[48;2;228;224;224m▀[0m[38;2;95;95;95m[48;2;229;224;224m▀[0m[38;2;225;221;223m▄[0m      [38;2;7;2;5m▄[0m[38;2;166;48;92m[48;2;157;36;85m▀[0m[38;2;79;69;62m[48;2;166;48;92m▀[0m[38;2;242;191;159m[48;2;250;198;163m▀[0m[38;2;242;191;159m[48;2;242;191;159m▀[0m[38;2;242;191;159m[48;2;186;52;102m▀[0m[38;2;33;35;36m[48;2;243;186;151m▀[0m[38;2;60;59;60m[48;2;59;55;51m▀[0m[38;2;201;195;197m[48;2;208;157;125m▀[0m[38;2;249;190;152m[48;2;152;33;85m▀[0m[38;2;152;33;84m[48;2;152;33;85m▀[0m[38;2;150;33;84m[48;2;150;33;84m▀[0m[38;2;152;33;84m[48;2;152;33;84m▀[0m[38;2;152;33;85m[48;2;152;33;84m▀[0m[38;2;150;33;84m[48;2;152;33;84m▀[0m[38;2;152;33;85m[48;2;152;33;85m▀[0m[38;2;153;33;85m[48;2;152;33;85m▀[0m[38;2;153;33;85m[48;2;152;33;85m▀[0m[38;2;160;34;88m▄[0m      
    [38;2;228;223;224m▄[0m[38;2;229;223;225m[48;2;228;225;224m▀[0m[38;2;228;223;224m[48;2;228;225;224m▀[0m[38;2;228;226;223m[48;2;229;227;224m▀[0m[38;2;225;222;220m[48;2;199;192;193m▀[0m[38;2;199;192;195m▀[0m[38;2;108;109;110m▀[0m  [38;2;1;1;1m▄[0m[38;2;13;4;7m[48;2;164;44;89m▀[0m[38;2;164;44;88m[48;2;153;34;85m▀[0m[38;2;163;34;90m[48;2;115;25;64m▀[0m[38;2;125;118;119m[48;2;231;227;228m▀[0m[38;2;153;33;86m[48;2;76;15;42m▀[0m[38;2;154;36;86m[48;2;203;188;192m▀[0m[38;2;161;36;90m[48;2;182;171;174m▀[0m[38;2;152;33;85m[48;2;176;169;170m▀[0m[38;2;165;36;92m[48;2;152;33;85m▀[0m[38;2;146;33;83m[48;2;32;8;19m▀[0m[38;2;151;33;84m[48;2;182;171;174m▀[0m[38;2;185;171;174m[48;2;141;132;135m▀[0m[38;2;152;33;85m[48;2;152;33;84m▀[0m[38;2;152;33;84m[48;2;152;33;85m▀[0m[38;2;154;33;84m[48;2;154;34;84m▀[0m[38;2;152;33;84m[48;2;152;33;84m▀[0m[38;2;152;33;85m[48;2;152;33;85m▀[0m[38;2;153;33;85m[48;2;150;33;83m▀[0m[38;2;152;33;84m[48;2;151;33;84m▀[0m[38;2;152;33;85m[48;2;152;33;84m▀[0m[38;2;152;33;84m▄[0m[38;2;152;33;84m▄[0m    
    [38;2;229;224;225m▀[0m[38;2;199;192;195m▀[0m[38;2;201;194;197m[48;2;199;192;193m▀[0m[38;2;214;210;209m[48;2;90;90;91m▀[0m[38;2;199;192;193m▀[0m   [38;2;152;33;84m▄[0m[38;2;162;43;89m[48;2;164;43;89m▀[0m[38;2;148;34;84m[48;2;152;33;85m▀[0m[38;2;152;33;84m[48;2;152;33;85m▀[0m[38;2;149;33;84m[48;2;131;30;73m▀[0m[38;2;255;255;255m[48;2;95;24;54m▀[0m[38;2;255;255;255m[48;2;255;255;255m▀[0m[38;2;45;45;44m[48;2;255;255;255m▀[0m[38;2;255;255;255m[48;2;255;255;255m▀[0m[38;2;255;255;255m[48;2;255;255;255m▀[0m[38;2;255;255;255m[48;2;255;255;255m▀[0m[38;2;255;255;255m[48;2;255;255;255m▀[0m[38;2;255;255;255m[48;2;89;89;88m▀[0m[38;2;170;34;93m[48;2;152;33;85m▀[0m[38;2;161;34;89m[48;2;166;35;92m▀[0m[38;2;164;44;89m[48;2;164;44;89m▀[0m[38;2;157;39;86m[48;2;152;33;85m▀[0m[38;2;152;33;85m[48;2;153;33;85m▀[0m[38;2;152;33;84m[48;2;152;33;85m▀[0m[38;2;152;33;84m[48;2;152;33;85m▀[0m[38;2;152;33;84m[48;2;152;33;84m▀[0m[38;2;152;33;84m[48;2;152;33;85m▀[0m[38;2;149;33;83m[48;2;141;32;80m▀[0m[38;2;120;29;68m[48;2;92;24;53m▀[0m    
          [38;2;157;34;87m▄[0m[38;2;151;33;84m[48;2;163;43;88m▀[0m[38;2;157;35;85m[48;2;153;33;85m▀[0m[38;2;156;37;85m[48;2;152;33;85m▀[0m[38;2;152;33;84m[48;2;152;33;85m▀[0m[38;2;152;33;85m▀[0m [38;2;140;31;79m[48;2;75;28;54m▀[0m[38;2;115;24;63m[48;2;128;30;73m▀[0m[38;2;255;255;255m[48;2;152;33;85m▀[0m[38;2;255;255;255m[48;2;154;33;85m▀[0m[38;2;255;255;255m[48;2;140;30;77m▀[0m[38;2;255;255;255m[48;2;154;33;85m▀[0m[38;2;255;255;255m[48;2;151;33;84m▀[0m[38;2;152;33;84m[48;2;150;33;83m▀[0m[38;2;152;33;84m[48;2;87;21;49m▀[0m[38;2;144;33;82m[48;2;151;33;84m▀[0m[38;2;157;37;86m[48;2;156;38;86m▀[0m[38;2;152;33;85m[48;2;152;33;84m▀[0m[38;2;152;33;85m[48;2;152;33;85m▀[0m[38;2;152;33;85m[48;2;152;33;85m▀[0m[38;2;152;33;85m[48;2;140;32;80m▀[0m[38;2;152;33;85m[48;2;103;27;61m▀[0m[38;2;130;30;73m[48;2;103;27;60m▀[0m[38;2;103;27;61m[48;2;103;27;61m▀[0m     
         [38;2;149;33;84m▄[0m[38;2;161;41;89m[48;2;161;43;88m▀[0m[38;2;159;40;87m[48;2;152;33;84m▀[0m[38;2;152;34;85m[48;2;146;33;82m▀[0m[38;2;152;33;85m[48;2;153;33;85m▀[0m[38;2;152;33;84m▀[0m   [38;2;141;106;104m▀[0m[38;2;75;29;54m[48;2;75;29;54m▀[0m[38;2;112;82;65m[48;2;136;102;98m▀[0m[38;2;138;32;77m[48;2;69;49;47m▀[0m[38;2;153;33;85m[48;2;85;28;57m▀[0m[38;2;152;33;85m[48;2;178;132;113m▀[0m[38;2;152;33;84m[48;2;108;29;64m▀[0m[38;2;152;33;84m[48;2;151;33;84m▀[0m[38;2;152;33;85m[48;2;155;35;87m▀[0m[38;2;158;39;87m[48;2;164;44;89m▀[0m[38;2;152;33;84m[48;2;152;33;84m▀[0m[38;2;118;29;68m[48;2;77;28;55m▀[0m[38;2;112;28;65m[48;2;74;29;53m▀[0m[38;2;78;29;56m[48;2;37;13;23m▀[0m[38;2;103;27;61m[48;2;103;27;61m▀[0m[38;2;103;27;61m[48;2;103;27;60m▀[0m[38;2;109;28;63m[48;2;56;16;33m▀[0m     
       [38;2;172;44;94m▄[0m[38;2;160;41;88m[48;2;160;44;88m▀[0m[38;2;164;44;89m[48;2;164;44;89m▀[0m[38;2;159;40;88m[48;2;155;39;86m▀[0m[38;2;152;34;85m[48;2;152;34;85m▀[0m[38;2;152;33;85m[48;2;152;33;85m▀[0m[38;2;152;33;85m[48;2;152;33;85m▀[0m     [38;2;142;106;103m▀[0m[38;2;77;29;56m[48;2;137;102;98m▀[0m[38;2;138;103;99m[48;2;142;107;103m▀[0m[38;2;74;29;54m[48;2;88;31;64m▀[0m[38;2;138;102;99m[48;2;79;29;58m▀[0m[38;2;126;33;74m[48;2;152;33;84m▀[0m[38;2;153;33;84m[48;2;156;38;85m▀[0m[38;2;163;44;89m[48;2;155;37;86m▀[0m[38;2;156;36;84m[48;2;152;33;84m▀[0m[38;2;152;33;85m[48;2;152;33;85m▀[0m[38;2;75;29;54m[48;2;86;31;61m▀[0m[38;2;74;29;53m[48;2;27;11;20m▀[0m[38;2;71;20;42m▀[0m[38;2;103;27;61m[48;2;83;28;56m▀[0m[38;2;103;27;61m[48;2;84;28;57m▀[0m[38;2;74;28;54m[48;2;75;29;54m▀[0m     
      [38;2;58;20;34m▀[0m[38;2;164;44;89m[48;2;163;44;89m▀[0m[38;2;165;44;89m[48;2;164;44;89m▀[0m[38;2;164;44;89m[48;2;164;44;89m▀[0m[38;2;164;44;89m[48;2;164;44;89m▀[0m[38;2;157;37;86m[48;2;164;44;89m▀[0m[38;2;152;33;85m[48;2;148;37;83m▀[0m[38;2;152;33;85m[48;2;240;181;145m▀[0m[38;2;242;183;147m▄[0m         [38;2;151;33;84m[48;2;153;34;86m▀[0m[38;2;145;33;83m[48;2;152;33;84m▀[0m[38;2;164;44;89m[48;2;164;44;88m▀[0m[38;2;152;33;85m[48;2;152;33;85m▀[0m[38;2;152;33;85m[48;2;154;33;84m▀[0m[38;2;6;1;3m[48;2;138;32;78m▀[0m [38;2;1;3;1m▄[0m[38;2;141;105;102m[48;2;137;102;99m▀[0m[38;2;73;29;52m[48;2;137;101;103m▀[0m[38;2;75;29;54m[48;2;136;102;98m▀[0m[38;2;136;102;98m▄[0m    
      [38;2;211;157;129m[48;2;1;2;1m▀[0m[38;2;240;181;145m[48;2;182;136;111m▀[0m[38;2;128;36;72m[48;2;237;177;143m▀[0m[38;2;239;183;146m[48;2;240;181;145m▀[0m[38;2;164;44;89m[48;2;244;184;147m▀[0m[38;2;240;180;144m[48;2;219;163;133m▀[0m[38;2;36;16;21m[48;2;187;139;114m▀[0m[38;2;241;181;146m[48;2;177;132;109m▀[0m[38;2;181;136;112m[48;2;177;132;109m▀[0m        [38;2;115;26;64m[48;2;156;37;85m▀[0m[38;2;152;33;85m[48;2;158;36;85m▀[0m[38;2;153;34;85m[48;2;163;43;89m▀[0m[38;2;155;38;87m[48;2;160;40;88m▀[0m[38;2;152;33;84m[48;2;152;33;85m▀[0m[38;2;152;33;85m[48;2;152;33;85m▀[0m[38;2;152;33;85m[48;2;147;33;83m▀[0m  [38;2;59;45;44m▀[0m[38;2;132;98;95m▀[0m[38;2;136;102;98m▀[0m[38;2;136;102;98m▀[0m    
       [38;2;32;25;20m▀[0m[38;2;96;73;60m▀[0m[38;2;177;132;109m[48;2;64;48;38m▀[0m[38;2;166;124;102m[48;2;166;123;102m▀[0m[38;2;177;132;109m[48;2;180;134;111m▀[0m[38;2;177;132;109m▀[0m[38;2;110;84;68m▀[0m        [38;2;180;47;99m[48;2;240;180;145m▀[0m[38;2;72;24;41m[48;2;82;25;45m▀[0m[38;2;164;44;89m[48;2;244;184;147m▀[0m[38;2;165;44;89m[48;2;159;44;88m▀[0m[38;2;164;44;89m[48;2;84;33;49m▀[0m[38;2;159;40;88m[48;2;161;44;88m▀[0m[38;2;152;33;85m[48;2;247;192;154m▀[0m[38;2;152;33;84m[48;2;151;33;84m▀[0m          
                     [38;2;228;171;139m[48;2;2;3;2m▀[0m[38;2;240;181;145m[48;2;177;132;108m▀[0m[38;2;240;181;145m[48;2;240;180;145m▀[0m[38;2;240;181;145m[48;2;240;181;145m▀[0m[38;2;143;41;82m[48;2;240;181;145m▀[0m[38;2;240;181;145m[48;2;240;181;145m▀[0m[38;2;157;120;97m[48;2;240;181;145m▀[0m[38;2;240;180;145m[48;2;240;181;145m▀[0m[38;2;240;180;145m[48;2;199;149;121m▀[0m[38;2;26;20;16m[48;2;52;40;33m▀[0m         
                       [38;2;177;132;109m▀[0m[38;2;178;132;109m[48;2;180;134;110m▀[0m[38;2;203;151;124m[48;2;177;133;109m▀[0m[38;2;197;147;120m[48;2;177;132;109m▀[0m[38;2;176;132;108m[48;2;77;59;48m▀[0m[38;2;177;133;109m▀[0m[38;2;175;131;107m▀[0m          
                                        
