                                        
                     [38;2;235;149;195m▄[0m[38;2;225;144;188m▄[0m[38;2;238;150;199m▄[0m[38;2;225;144;188m[48;2;224;139;186m▀[0m[38;2;225;143;187m[48;2;222;123;178m▀[0m[38;2;0;3;0m▄[0m             
                     [38;2;225;144;188m▀[0m[38;2;227;144;188m[48;2;222;141;184m▀[0m[38;2;213;115;174m[48;2;213;111;171m▀[0m[38;2;211;112;172m[48;2;220;114;177m▀[0m[38;2;210;111;172m[48;2;235;206;75m▀[0m[38;2;123;66;100m[48;2;234;206;76m▀[0m[38;2;210;112;172m[48;2;214;111;172m▀[0m[38;2;210;112;172m[48;2;181;97;148m▀[0m[38;2;219;141;183m[48;2;250;155;208m▀[0m          
                     [38;2;218;141;183m[48;2;69;103;62m▀[0m[38;2;219;141;182m[48;2;222;143;185m▀[0m[38;2;210;109;171m[48;2;224;143;187m▀[0m[38;2;211;110;171m[48;2;212;112;173m▀[0m[38;2;138;122;50m[48;2;103;144;92m▀[0m[38;2;171;147;64m[48;2;211;110;171m▀[0m[38;2;184;158;68m[48;2;211;112;172m▀[0m[38;2;214;119;176m[48;2;188;99;153m▀[0m[38;2;218;127;180m[48;2;217;127;178m▀[0m[38;2;166;107;139m[48;2;221;143;185m▀[0m         
          [38;2;219;141;183m▄[0m         [38;2;251;238;158m▄[0m[38;2;132;196;120m[48;2;238;210;75m▀[0m[38;2;131;194;119m[48;2;79;110;66m▀[0m[38;2;132;198;120m[48;2;133;200;123m▀[0m[38;2;134;199;122m[48;2;132;196;120m▀[0m[38;2;131;197;120m[48;2;133;198;120m▀[0m[38;2;223;145;185m[48;2;143;203;127m▀[0m[38;2;222;144;186m[48;2;229;145;189m▀[0m[38;2;224;144;187m[48;2;225;144;187m▀[0m [38;2;54;37;44m▀[0m         
        [38;2;211;111;172m▄[0m[38;2;219;140;183m[48;2;224;141;187m▀[0m[38;2;218;141;182m[48;2;222;144;185m▀[0m          [38;2;217;194;69m[48;2;104;146;91m▀[0m[38;2;137;201;123m[48;2;105;146;92m▀[0m[38;2;138;201;125m[48;2;101;141;89m▀[0m[38;2;138;201;125m[48;2;102;142;90m▀[0m[38;2;136;201;124m[48;2;104;145;92m▀[0m[38;2;134;201;122m[48;2;235;206;76m▀[0m[38;2;129;190;118m[48;2;235;208;87m▀[0m            
      [38;2;213;202;117m▄[0m[38;2;84;77;25m[48;2;87;73;38m▀[0m[38;2;213;116;175m[48;2;219;120;176m▀[0m[38;2;215;119;176m[48;2;235;133;190m▀[0m[38;2;225;143;187m[48;2;136;201;122m▀[0m[38;2;137;205;124m[48;2;249;227;147m▀[0m[38;2;137;201;125m[48;2;138;201;126m▀[0m[38;2;134;200;123m▄[0m      [38;2;61;124;122m[48;2;59;121;119m▀[0m[38;2;101;142;89m[48;2;17;24;23m▀[0m[38;2;101;140;89m[48;2;55;94;91m▀[0m[38;2;35;59;59m[48;2;55;94;91m▀[0m[38;2;100;141;89m[48;2;103;144;90m▀[0m[38;2;99;139;88m[48;2;109;153;95m▀[0m[38;2;106;148;94m▀[0m             
      [38;2;221;192;71m[48;2;209;115;171m▀[0m[38;2;214;119;175m[48;2;214;117;175m▀[0m[38;2;73;113;66m[48;2;214;120;177m▀[0m[38;2;134;200;122m[48;2;132;196;119m▀[0m[38;2;136;201;124m[48;2;132;197;120m▀[0m[38;2;239;210;75m[48;2;129;192;119m▀[0m[38;2;136;116;42m[48;2;132;194;119m▀[0m[38;2;132;196;119m[48;2;130;192;117m▀[0m[38;2;131;195;119m[48;2;102;143;90m▀[0m[38;2;33;56;49m▄[0m[38;2;55;96;92m▄[0m[38;2;246;224;147m▄[0m[38;2;246;221;91m▄[0m[38;2;131;199;121m▄[0m[38;2;35;50;31m[48;2;134;198;121m▀[0m[38;2;55;95;92m[48;2;21;34;32m▀[0m[38;2;55;96;92m[48;2;54;96;92m▀[0m[38;2;54;96;92m[48;2;54;96;92m▀[0m[38;2;55;99;95m[48;2;25;39;37m▀[0m[38;2;55;95;92m▀[0m    [38;2;61;124;122m▄[0m         
      [38;2;219;116;179m[48;2;227;131;188m▀[0m[38;2;210;111;172m[48;2;229;146;191m▀[0m[38;2;218;133;180m[48;2;224;144;187m▀[0m[38;2;100;148;90m[48;2;103;145;91m▀[0m[38;2;115;166;103m[48;2;105;146;92m▀[0m[38;2;107;153;96m[48;2;105;144;91m▀[0m[38;2;102;142;90m[48;2;103;145;91m▀[0m[38;2;30;41;29m[48;2;104;146;91m▀[0m[38;2;55;95;91m[48;2;54;97;93m▀[0m[38;2;55;95;92m[48;2;54;96;92m▀[0m[38;2;36;61;60m[48;2;136;201;123m▀[0m[38;2;241;210;74m[48;2;138;202;125m▀[0m[38;2;241;211;75m[48;2;109;106;44m▀[0m[38;2;241;219;79m[48;2;137;201;125m▀[0m[38;2;133;200;122m[48;2;139;205;126m▀[0m[38;2;131;196;119m[48;2;101;86;39m▀[0m[38;2;131;195;120m[48;2;156;134;58m▀[0m[38;2;137;201;124m[48;2;136;201;124m▀[0m[38;2;133;198;121m[48;2;138;201;125m▀[0m[38;2;138;203;126m▄[0m[38;2;14;21;17m▄[0m[38;2;58;123;121m▄[0m[38;2;247;227;148m[48;2;244;215;73m▀[0m[38;2;59;122;119m[48;2;254;228;77m▀[0m[38;2;58;123;121m[48;2;65;56;20m▀[0m[38;2;254;221;73m▄[0m[38;2;208;197;129m▀[0m       
       [38;2;231;146;189m[48;2;72;48;60m▀[0m [38;2;110;152;96m▀[0m[38;2;173;149;64m[48;2;224;207;74m▀[0m[38;2;104;146;92m▀[0m[38;2;102;142;90m▀[0m[38;2;104;146;91m▀[0m[38;2;54;96;92m[48;2;54;96;92m▀[0m[38;2;71;102;61m[48;2;140;205;127m▀[0m[38;2;142;206;127m[48;2;61;52;25m▀[0m[38;2;139;201;124m[48;2;157;138;50m▀[0m[38;2;140;202;125m[48;2;135;200;123m▀[0m[38;2;134;200;122m[48;2;138;202;125m▀[0m[38;2;191;164;68m[48;2;138;206;125m▀[0m[38;2;243;214;73m[48;2;93;87;64m▀[0m[38;2;244;218;100m[48;2;80;70;24m▀[0m[38;2;132;198;121m[48;2;136;201;124m▀[0m[38;2;132;198;120m[48;2;117;167;103m▀[0m[38;2;113;160;100m[48;2;91;129;81m▀[0m[38;2;15;20;13m[48;2;135;200;123m▀[0m[38;2;59;123;121m[48;2;58;123;121m▀[0m[38;2;141;205;127m[48;2;103;145;91m▀[0m[38;2;136;201;123m[48;2;112;159;99m▀[0m[38;2;136;201;124m[48;2;117;168;105m▀[0m[38;2;96;87;36m[48;2;203;176;70m▀[0m[38;2;16;27;25m▄[0m       
               [38;2;139;209;127m▀[0m[38;2;109;102;58m[48;2;137;205;125m▀[0m[38;2;248;226;148m[48;2;136;201;123m▀[0m[38;2;132;196;119m[48;2;132;195;119m▀[0m[38;2;130;193;120m[48;2;125;184;112m▀[0m[38;2;133;199;121m[48;2;103;147;91m▀[0m[38;2;141;202;125m[48;2;101;141;90m▀[0m[38;2;132;192;117m[48;2;101;142;89m▀[0m[38;2;103;144;90m[48;2;100;140;89m▀[0m[38;2;108;153;96m[48;2;131;196;120m▀[0m[38;2;131;195;119m[48;2;130;193;119m▀[0m[38;2;27;55;57m[48;2;59;120;118m▀[0m[38;2;59;121;119m[48;2;61;125;124m▀[0m[38;2;61;105;102m[48;2;82;110;69m▀[0m[38;2;101;141;89m[48;2;55;95;91m▀[0m[38;2;99;139;88m[48;2;54;96;92m▀[0m[38;2;63;51;22m▀[0m[38;2;55;95;91m▀[0m       
                 [38;2;102;142;90m▀[0m[38;2;105;147;92m[48;2;37;59;56m▀[0m[38;2;101;141;89m[48;2;116;167;103m▀[0m[38;2;101;142;90m[48;2;123;177;111m▀[0m[38;2;101;141;89m[48;2;47;64;47m▀[0m[38;2;101;141;89m[48;2;52;68;79m▀[0m[38;2;25;32;32m[48;2;99;141;90m▀[0m[38;2;130;193;118m[48;2;131;196;119m▀[0m[38;2;129;190;118m[48;2;133;198;120m▀[0m[38;2;132;196;119m[48;2;135;200;123m▀[0m[38;2;132;195;119m[48;2;120;173;105m▀[0m[38;2;101;142;89m▀[0m[38;2;56;96;93m▀[0m[38;2;56;104;101m▀[0m         
            [38;2;59;121;119m[48;2;61;126;123m▀[0m[38;2;131;196;120m▄[0m[38;2;92;136;83m[48;2;132;195;119m▀[0m[38;2;131;195;120m[48;2;132;195;119m▀[0m[38;2;127;187;115m[48;2;110;156;97m▀[0m[38;2;101;140;88m[48;2;101;141;89m▀[0m[38;2;103;144;91m[48;2;59;82;51m▀[0m[38;2;53;89;88m[48;2;5;7;5m▀[0m[38;2;52;68;80m[48;2;103;142;90m▀[0m[38;2;52;68;80m[48;2;88;122;73m▀[0m[38;2;53;83;86m[48;2;60;124;121m▀[0m[38;2;135;200;123m[48;2;143;203;127m▀[0m[38;2;139;202;125m▀[0m[38;2;145;212;130m▀[0m              
          [38;2;44;86;83m▄[0m[38;2;40;78;75m[48;2;59;123;120m▀[0m[38;2;133;199;121m[48;2;133;198;121m▀[0m[38;2;133;198;120m[48;2;136;201;124m▀[0m[38;2;131;196;121m[48;2;136;201;124m▀[0m[38;2;135;200;123m[48;2;138;201;125m▀[0m[38;2;103;144;90m[48;2;106;146;91m▀[0m[38;2;103;143;90m[48;2;105;145;91m▀[0m[38;2;32;43;28m[48;2;166;212;148m▀[0m[38;2;132;188;115m[48;2;155;207;138m▀[0m[38;2;135;200;123m[48;2;138;201;126m▀[0m[38;2;137;201;124m[48;2;133;200;123m▀[0m[38;2;133;200;122m[48;2;137;201;125m▀[0m[38;2;133;199;121m[48;2;139;202;125m▀[0m[38;2;17;23;15m▄[0m               
           [38;2;64;135;134m[48;2;11;11;8m▀[0m[38;2;59;101;98m[48;2;166;142;61m▀[0m[38;2;137;201;124m[48;2;55;96;92m▀[0m[38;2;132;197;120m[48;2;76;66;30m▀[0m[38;2;139;203;127m[48;2;31;51;48m▀[0m[38;2;120;170;105m▄[0m[38;2;167;212;148m[48;2;97;141;137m▀[0m[38;2;166;212;147m[48;2;170;213;149m▀[0m[38;2;167;212;148m[48;2;152;207;136m▀[0m[38;2;143;203;126m[48;2;129;193;119m▀[0m[38;2;137;201;124m[48;2;127;188;113m▀[0m[38;2;131;196;120m[48;2;135;202;123m▀[0m[38;2;131;198;120m[48;2;131;196;119m▀[0m[38;2;44;64;40m[48;2;74;108;67m▀[0m               
             [38;2;59;126;124m▀[0m  [38;2;59;123;120m[48;2;56;101;97m▀[0m[38;2;62;122;119m[48;2;59;120;118m▀[0m[38;2;140;195;126m[48;2;129;190;118m▀[0m[38;2;132;195;119m[48;2;108;159;95m▀[0m[38;2;96;139;82m[48;2;59;121;119m▀[0m[38;2;60;120;118m[48;2;59;121;119m▀[0m[38;2;59;121;119m[48;2;59;121;119m▀[0m[38;2;130;193;118m[48;2;129;190;117m▀[0m[38;2;36;51;32m▀[0m               
               [38;2;12;15;14m▄[0m[38;2;54;93;89m[48;2;39;63;60m▀[0m[38;2;55;94;91m[48;2;55;95;91m▀[0m[38;2;90;125;77m[48;2;55;94;91m▀[0m[38;2;57;105;102m[48;2;55;95;91m▀[0m[38;2;57;106;102m[48;2;54;96;92m▀[0m[38;2;55;95;91m[48;2;56;95;91m▀[0m[38;2;55;95;91m[48;2;55;95;91m▀[0m[38;2;55;95;92m▀[0m                
             [38;2;41;80;78m▀[0m[38;2;60;121;118m▀[0m[38;2;59;121;120m▀[0m[38;2;55;95;91m[48;2;58;123;121m▀[0m[38;2;54;97;93m[48;2;59;121;119m▀[0m[38;2;54;96;92m[48;2;57;116;113m▀[0m[38;2;56;96;91m[48;2;57;101;98m▀[0m[38;2;54;94;90m[48;2;55;96;92m▀[0m[38;2;56;98;94m[48;2;54;97;93m▀[0m                  
               [38;2;15;25;23m[48;2;60;126;124m▀[0m[38;2;60;121;119m▀[0m[38;2;59;124;121m▀[0m[38;2;58;123;121m▀[0m[38;2;61;129;127m▀[0m[38;2;59;124;122m▀[0m[38;2;59;123;122m[48;2;62;132;129m▀[0m[38;2;23;38;35m[48;2;59;124;121m▀[0m                 
                                        
