                                        
                [38;2;36;58;74m[48;2;109;182;236m▀[0m    [38;2;106;176;230m▄[0m                  
             [38;2;68;155;220m▄[0m [38;2;9;12;18m[48;2;106;176;230m▀[0m[38;2;85;168;232m[48;2;87;174;234m▀[0m [38;2;20;34;43m▄[0m[38;2;1;3;3m[48;2;86;171;233m▀[0m[38;2;84;169;231m[48;2;84;168;231m▀[0m[38;2;84;173;234m[48;2;23;44;60m▀[0m                  
             [38;2;66;151;218m[48;2;66;151;217m▀[0m[38;2;27;59;85m[48;2;123;185;236m▀[0m[38;2;94;171;231m[48;2;138;190;232m▀[0m[38;2;104;177;232m[48;2;116;179;232m▀[0m[38;2;114;191;247m[48;2;106;176;230m▀[0m[38;2;108;182;235m[48;2;83;166;230m▀[0m[38;2;84;165;230m[48;2;84;165;230m▀[0m[38;2;84;165;230m[48;2;82;164;229m▀[0m[38;2;35;73;105m▄[0m[38;2;75;160;224m▄[0m[38;2;82;168;231m▄[0m[38;2;84;172;233m▄[0m[38;2;3;7;11m▀[0m              
             [38;2;112;186;236m[48;2;156;205;238m▀[0m[38;2;142;195;235m[48;2;255;228;233m▀[0m[38;2;139;191;234m[48;2;142;199;237m▀[0m[38;2;115;185;236m[48;2;111;184;236m▀[0m[38;2;108;182;235m[48;2;90;181;239m▀[0m[38;2;85;171;232m[48;2;74;153;204m▀[0m[38;2;82;165;229m[48;2;73;158;224m▀[0m[38;2;72;158;223m[48;2;72;156;222m▀[0m[38;2;71;156;222m[48;2;72;156;222m▀[0m[38;2;71;156;223m[48;2;71;159;227m▀[0m[38;2;72;156;222m▀[0m                
             [38;2;136;200;244m[48;2;209;218;234m▀[0m[38;2;156;208;248m[48;2;248;167;173m▀[0m[38;2;104;180;233m[48;2;68;150;216m▀[0m[38;2;18;28;38m[48;2;75;164;237m▀[0m[38;2;189;53;72m[48;2;69;152;219m▀[0m[38;2;75;162;226m[48;2;71;155;221m▀[0m[38;2;72;160;224m[48;2;73;156;221m▀[0m[38;2;72;157;223m[48;2;71;155;222m▀[0m[38;2;74;166;234m▀[0m                  
       [38;2;3;6;7m▄[0m[38;2;64;137;197m▄[0m[38;2;102;164;214m[48;2;64;138;196m▀[0m[38;2;88;157;210m[48;2;64;138;196m▀[0m[38;2;65;138;195m[48;2;68;144;206m▀[0m[38;2;64;138;196m[48;2;255;210;213m▀[0m[38;2;255;208;212m[48;2;255;202;206m▀[0m[38;2;44;29;32m[48;2;255;202;206m▀[0m[38;2;255;176;182m[48;2;255;192;197m▀[0m[38;2;255;200;204m[48;2;67;46;51m▀[0m[38;2;230;152;161m[48;2;164;122;134m▀[0m[38;2;83;43;53m[48;2;67;138;196m▀[0m[38;2;68;152;218m[48;2;48;97;137m▀[0m[38;2;20;36;50m[48;2;63;132;190m▀[0m[38;2;63;132;190m▄[0m[38;2;67;138;192m▄[0m[38;2;0;0;0m▄[0m             [38;2;87;170;232m▄[0m  
    [38;2;68;156;217m▄[0m[38;2;68;154;215m▄[0m[38;2;65;140;197m[48;2;70;142;202m▀[0m[38;2;65;142;198m[48;2;64;137;197m▀[0m[38;2;64;140;198m▀[0m[38;2;42;88;126m▀[0m[38;2;4;3;3m[48;2;187;131;134m▀[0m[38;2;255;240;242m[48;2;249;166;173m▀[0m[38;2;255;202;206m▀[0m[38;2;255;175;181m▀[0m[38;2;48;105;153m▀[0m[38;2;163;122;133m[48;2;163;122;133m▀[0m[38;2;163;122;134m[48;2;163;122;133m▀[0m[38;2;166;125;137m[48;2;89;67;72m▀[0m[38;2;65;132;189m[48;2;65;134;190m▀[0m[38;2;64;132;190m[48;2;64;132;190m▀[0m[38;2;65;132;189m[48;2;69;152;217m▀[0m[38;2;124;184;234m[48;2;133;188;234m▀[0m[38;2;107;177;231m[48;2;71;155;222m▀[0m[38;2;107;178;233m[48;2;74;158;224m▀[0m[38;2;112;187;236m[48;2;95;175;234m▀[0m[38;2;113;189;236m[48;2;93;178;235m▀[0m[38;2;112;186;236m[48;2;68;160;225m▀[0m[38;2;101;170;220m[48;2;107;179;233m▀[0m[38;2;108;181;235m[48;2;109;182;235m▀[0m[38;2;15;32;44m[48;2;70;166;232m▀[0m      [38;2;16;27;38m[48;2;89;175;234m▀[0m[38;2;85;166;230m[48;2;71;162;232m▀[0m  
  [38;2;15;26;33m▄[0m[38;2;95;178;235m[48;2;139;83;92m▀[0m[38;2;46;112;158m[48;2;255;202;206m▀[0m[38;2;47;94;132m[48;2;31;37;56m▀[0m[38;2;106;176;228m[48;2;66;152;215m▀[0m[38;2;61;130;185m▀[0m       [38;2;209;163;177m[48;2;214;172;185m▀[0m[38;2;181;133;148m[48;2;104;80;88m▀[0m[38;2;240;161;168m[48;2;65;133;189m▀[0m[38;2;66;136;193m[48;2;65;135;192m▀[0m[38;2;63;142;204m[48;2;64;146;211m▀[0m[38;2;65;146;208m[48;2;64;148;215m▀[0m[38;2;66;151;218m[48;2;67;152;219m▀[0m[38;2;66;154;218m[48;2;67;133;185m▀[0m[38;2;66;151;218m[48;2;66;131;183m▀[0m[38;2;66;151;218m[48;2;22;42;58m▀[0m[38;2;67;159;224m[48;2;107;177;231m▀[0m[38;2;110;183;236m[48;2;112;186;236m▀[0m[38;2;106;176;230m[48;2;83;173;234m▀[0m[38;2;66;153;218m[48;2;71;166;238m▀[0m     [38;2;66;150;217m▄[0m[38;2;70;156;222m[48;2;68;155;219m▀[0m[38;2;67;153;218m[48;2;66;140;194m▀[0m   
  [38;2;216;221;235m▀[0m[38;2;196;196;216m▀[0m [38;2;255;255;255m[48;2;229;233;248m▀[0m          [38;2;104;172;219m[48;2;152;204;239m▀[0m[38;2;106;180;234m[48;2;108;181;235m▀[0m[38;2;64;144;207m[48;2;107;177;232m▀[0m[38;2;64;143;204m[48;2;106;176;230m▀[0m[38;2;66;150;217m[48;2;6;10;14m▀[0m[38;2;67;152;219m[48;2;106;175;230m▀[0m[38;2;106;179;233m[48;2;103;53;62m▀[0m[38;2;85;167;231m[48;2;230;152;161m▀[0m[38;2;70;127;171m[48;2;106;176;230m▀[0m[38;2;106;176;230m[48;2;65;152;218m▀[0m[38;2;106;176;230m[48;2;95;43;53m▀[0m[38;2;107;178;232m[48;2;77;161;225m▀[0m[38;2;0;1;1m▄[0m  [38;2;68;131;183m▄[0m[38;2;67;128;179m▄[0m[38;2;66;127;177m[48;2;69;137;183m▀[0m[38;2;65;151;217m[48;2;66;130;181m▀[0m[38;2;66;130;182m[48;2;66;126;179m▀[0m    
                [38;2;150;195;234m[48;2;122;184;234m▀[0m[38;2;106;176;230m[48;2;106;176;230m▀[0m[38;2;106;176;230m[48;2;106;176;230m▀[0m[38;2;106;176;230m[48;2;106;176;230m▀[0m[38;2;255;255;255m[48;2;114;190;249m▀[0m[38;2;17;43;69m[48;2;106;176;230m▀[0m[38;2;255;203;207m[48;2;106;176;230m▀[0m[38;2;255;205;209m[48;2;59;132;194m▀[0m[38;2;106;176;230m[48;2;92;156;206m▀[0m[38;2;35;85;123m[48;2;31;74;109m▀[0m[38;2;255;172;178m[48;2;255;214;212m▀[0m[38;2;255;213;212m[48;2;29;35;53m▀[0m[38;2;67;155;220m[48;2;19;22;30m▀[0m[38;2;24;44;60m▄[0m[38;2;66;127;178m[48;2;69;134;181m▀[0m[38;2;66;127;177m[48;2;69;134;181m▀[0m[38;2;66;127;178m[48;2;66;127;178m▀[0m[38;2;66;131;181m[48;2;66;127;177m▀[0m[38;2;68;134;181m▀[0m     
               [38;2;5;9;11m[48;2;108;180;235m▀[0m[38;2;106;176;230m[48;2;71;165;235m▀[0m[38;2;106;177;231m[48;2;105;178;233m▀[0m[38;2;105;176;231m[48;2;107;179;233m▀[0m[38;2;106;176;230m[48;2;106;176;230m▀[0m[38;2;106;176;230m[48;2;97;174;232m▀[0m[38;2;106;176;230m[48;2;67;154;219m▀[0m[38;2;77;161;226m[48;2;66;151;218m▀[0m[38;2;64;146;212m[48;2;65;151;217m▀[0m[38;2;182;177;177m[48;2;107;178;232m▀[0m[38;2;38;74;101m[48;2;107;178;233m▀[0m[38;2;66;137;193m[48;2;108;179;233m▀[0m[38;2;65;129;180m[48;2;69;149;208m▀[0m[38;2;74;76;82m[48;2;67;135;183m▀[0m[38;2;69;134;182m[48;2;68;134;183m▀[0m[38;2;69;134;180m[48;2;68;133;182m▀[0m[38;2;67;132;182m[48;2;67;130;181m▀[0m[38;2;66;128;178m[48;2;65;128;177m▀[0m[38;2;20;37;52m▀[0m      
             [38;2;108;179;234m▄[0m[38;2;108;181;236m[48;2;109;182;236m▀[0m[38;2;107;177;231m[48;2;112;186;236m▀[0m[38;2;108;181;236m[48;2;77;165;229m▀[0m[38;2;66;151;217m[48;2;66;151;218m▀[0m[38;2;67;155;220m[48;2;65;152;218m▀[0m[38;2;68;157;221m[48;2;66;155;222m▀[0m[38;2;67;155;220m[48;2;67;160;224m▀[0m[38;2;67;153;219m[48;2;69;158;222m▀[0m[38;2;66;151;218m[48;2;67;155;220m▀[0m[38;2;54;106;147m[48;2;81;164;229m▀[0m[38;2;106;176;230m[48;2;106;176;230m▀[0m[38;2;106;176;230m[48;2;108;179;233m▀[0m[38;2;108;179;232m[48;2;109;182;236m▀[0m[38;2;106;177;230m[48;2;108;179;232m▀[0m[38;2;70;156;218m[48;2;67;152;218m▀[0m[38;2;69;134;181m[48;2;67;131;182m▀[0m[38;2;67;133;182m[48;2;0;0;0m▀[0m[38;2;57;110;153m▀[0m        
            [38;2;106;178;234m[48;2;64;138;199m▀[0m[38;2;106;176;230m[48;2;79;160;224m▀[0m[38;2;106;179;233m[48;2;64;143;203m▀[0m[38;2;74;164;227m[48;2;65;143;198m▀[0m[38;2;69;159;222m[48;2;66;145;200m▀[0m[38;2;65;148;212m▀[0m[38;2;0;0;0m▀[0m[38;2;66;151;217m▀[0m[38;2;69;161;222m▀[0m[38;2;70;161;222m▀[0m[38;2;69;161;221m[48;2;13;29;38m▀[0m[38;2;46;105;148m▀[0m[38;2;106;176;230m[48;2;66;152;218m▀[0m[38;2;107;177;232m[48;2;106;176;230m▀[0m[38;2;107;180;235m[48;2;106;176;230m▀[0m[38;2;108;179;233m[48;2;104;173;230m▀[0m[38;2;72;157;223m[48;2;76;161;227m▀[0m[38;2;70;164;234m▄[0m          
             [38;2;65;137;196m[48;2;49;105;146m▀[0m[38;2;64;137;197m[48;2;65;141;198m▀[0m[38;2;64;139;197m[48;2;64;138;197m▀[0m[38;2;65;140;198m[48;2;64;137;197m▀[0m[38;2;64;141;201m[48;2;64;138;197m▀[0m[38;2;83;163;224m[48;2;15;27;39m▀[0m      [38;2;64;151;216m▀[0m[38;2;75;157;221m[48;2;65;137;195m▀[0m[38;2;64;138;196m[48;2;64;138;196m▀[0m[38;2;64;139;197m[48;2;64;137;197m▀[0m[38;2;66;152;213m[48;2;66;144;200m▀[0m          
         [38;2;92;152;199m▄[0m[38;2;74;147;205m[48;2;101;75;81m▀[0m[38;2;88;175;239m[48;2;84;167;231m▀[0m[38;2;26;57;81m[48;2;72;159;225m▀[0m[38;2;65;146;204m[48;2;39;87;123m▀[0m[38;2;66;144;199m[48;2;65;141;198m▀[0m[38;2;64;139;197m[48;2;64;138;197m▀[0m[38;2;64;138;197m▀[0m        [38;2;83;162;223m▄[0m[38;2;64;137;197m[48;2;64;140;198m▀[0m[38;2;64;138;196m[48;2;64;138;197m▀[0m[38;2;64;138;196m[48;2;65;137;196m▀[0m[38;2;65;141;198m[48;2;65;137;197m▀[0m[38;2;66;143;200m[48;2;64;137;197m▀[0m         
         [38;2;255;255;255m▀[0m[38;2;74;146;204m▀[0m[38;2;255;201;205m[48;2;255;255;255m▀[0m[38;2;110;184;240m[48;2;23;63;90m▀[0m[38;2;98;176;233m▀[0m[38;2;64;142;195m▀[0m          [38;2;14;32;46m[48;2;116;190;248m▀[0m[38;2;75;156;220m[48;2;78;160;225m▀[0m[38;2;65;141;198m[48;2;231;152;161m▀[0m[38;2;96;172;230m[48;2;107;176;230m▀[0m[38;2;64;138;197m[48;2;233;154;161m▀[0m[38;2;69;152;216m[48;2;255;196;200m▀[0m[38;2;87;169;233m[48;2;106;176;230m▀[0m[38;2;5;12;17m▄[0m       
                         [38;2;106;176;230m[48;2;251;252;254m▀[0m[38;2;246;161;169m▀[0m[38;2;255;202;206m[48;2;251;217;211m▀[0m[38;2;106;176;230m[48;2;106;176;231m▀[0m[38;2;123;62;77m[48;2;90;177;247m▀[0m[38;2;255;202;206m▀[0m[38;2;43;87;128m▀[0m[38;2;104;172;228m[48;2;254;255;255m▀[0m       
                            [38;2;187;191;204m▀[0m[38;2;129;129;135m▀[0m          
                                        
