                                        
                                        
                                        
    [38;2;205;172;149m▄[0m[38;2;13;11;9m▄[0m                                  
  [38;2;195;163;142m▄[0m[38;2;191;156;133m[48;2;190;156;134m▀[0m[38;2;195;163;141m[48;2;198;165;144m▀[0m[38;2;192;156;132m[48;2;155;124;107m▀[0m     [38;2;190;183;177m▄[0m     [38;2;14;13;11m▄[0m [38;2;247;237;231m▄[0m[38;2;1;1;0m▄[0m                   
  [38;2;72;58;51m▀[0m[38;2;132;107;90m▀[0m[38;2;163;131;111m▀[0m[38;2;94;76;67m[48;2;170;136;116m▀[0m[38;2;159;127;109m[48;2;168;135;114m▀[0m    [38;2;245;227;213m[48;2;149;121;105m▀[0m[38;2;244;226;213m[48;2;244;226;212m▀[0m[38;2;245;226;213m▄[0m[38;2;205;189;177m▄[0m[38;2;253;240;223m[48;2;209;192;180m▀[0m[38;2;245;227;213m[48;2;246;229;214m▀[0m[38;2;244;226;213m[48;2;245;235;227m▀[0m[38;2;244;226;213m[48;2;247;228;213m▀[0m[38;2;246;228;213m[48;2;246;227;213m▀[0m[38;2;254;247;237m[48;2;245;227;213m▀[0m[38;2;253;239;226m▄[0m[38;2;244;228;216m▄[0m[38;2;8;7;7m▄[0m[38;2;194;189;185m▀[0m     [38;2;195;159;134m▄[0m[38;2;199;167;145m[48;2;191;155;130m▀[0m[38;2;182;148;125m[48;2;192;156;130m▀[0m[38;2;0;0;0m▄[0m      
      [38;2;184;150;128m[48;2;246;228;213m▀[0m[38;2;128;119;112m▄[0m   [38;2;97;76;65m[48;2;255;249;235m▀[0m[38;2;195;155;124m[48;2;107;100;94m▀[0m[38;2;245;227;214m[48;2;247;236;230m▀[0m[38;2;243;226;214m[48;2;249;239;230m▀[0m[38;2;247;236;230m[48;2;249;238;230m▀[0m[38;2;247;237;230m[48;2;247;237;230m▀[0m[38;2;247;236;224m[48;2;245;229;216m▀[0m[38;2;245;227;213m[48;2;244;228;215m▀[0m[38;2;244;225;212m[48;2;245;227;213m▀[0m[38;2;244;226;213m[48;2;245;227;213m▀[0m[38;2;246;228;213m[48;2;150;121;105m▀[0m[38;2;157;126;108m[48;2;151;121;105m▀[0m[38;2;157;145;137m[48;2;255;246;232m▀[0m     [38;2;168;136;116m▄[0m[38;2;188;153;131m[48;2;190;155;131m▀[0m[38;2;194;160;136m[48;2;201;168;146m▀[0m[38;2;193;157;133m[48;2;208;173;149m▀[0m[38;2;201;162;138m[48;2;200;167;145m▀[0m[38;2;0;0;0m▄[0m     
      [38;2;244;226;213m[48;2;245;226;214m▀[0m[38;2;245;226;213m[48;2;244;226;213m▀[0m[38;2;234;216;204m[48;2;244;226;213m▀[0m[38;2;133;122;115m[48;2;204;189;177m▀[0m[38;2;2;1;1m[48;2;245;228;213m▀[0m[38;2;244;226;213m[48;2;245;227;213m▀[0m[38;2;249;239;230m[48;2;247;236;230m▀[0m[38;2;249;238;230m[48;2;249;239;230m▀[0m[38;2;248;238;230m[48;2;250;239;230m▀[0m[38;2;248;237;230m[48;2;247;237;230m▀[0m[38;2;247;237;230m[48;2;248;237;230m▀[0m[38;2;247;236;230m[48;2;249;239;230m▀[0m[38;2;247;238;230m[48;2;247;236;229m▀[0m[38;2;247;228;213m[48;2;244;226;213m▀[0m[38;2;244;226;213m[48;2;245;226;213m▀[0m[38;2;244;226;213m[48;2;244;226;213m▀[0m[38;2;191;152;122m[48;2;244;226;213m▀[0m[38;2;55;51;49m[48;2;210;193;182m▀[0m[38;2;150;138;130m▄[0m   [38;2;248;232;219m▄[0m[38;2;192;157;131m[48;2;192;159;135m▀[0m[38;2;192;156;132m▀[0m[38;2;155;125;109m▀[0m[38;2;52;42;36m▀[0m[38;2;73;59;51m▀[0m      
        [38;2;207;191;177m▀[0m[38;2;205;188;177m▀[0m[38;2;244;226;213m[48;2;245;227;213m▀[0m[38;2;244;226;213m[48;2;244;226;213m▀[0m[38;2;194;180;170m[48;2;251;235;221m▀[0m[38;2;250;240;231m[48;2;236;220;208m▀[0m[38;2;247;236;230m[48;2;247;236;230m▀[0m[38;2;247;237;229m[48;2;247;236;230m▀[0m[38;2;249;239;230m[48;2;245;235;227m▀[0m[38;2;247;236;230m[48;2;244;226;214m▀[0m[38;2;245;233;222m[48;2;246;228;213m▀[0m[38;2;246;228;213m[48;2;244;226;213m▀[0m[38;2;245;227;213m[48;2;244;226;213m▀[0m[38;2;245;226;213m[48;2;244;226;213m▀[0m[38;2;244;226;213m[48;2;225;206;195m▀[0m[38;2;215;197;184m[48;2;219;202;190m▀[0m[38;2;229;211;197m[48;2;222;204;192m▀[0m[38;2;238;219;205m[48;2;246;226;213m▀[0m[38;2;251;240;225m[48;2;246;228;213m▀[0m[38;2;245;226;213m[48;2;244;226;213m▀[0m[38;2;244;226;213m[48;2;244;226;213m▀[0m[38;2;244;226;213m[48;2;245;227;213m▀[0m   [38;2;150;125;113m▄[0m[38;2;85;71;64m[48;2;139;117;105m▀[0m[38;2;165;138;123m[48;2;1;1;1m▀[0m[38;2;165;139;123m[48;2;63;53;47m▀[0m[38;2;166;139;123m[48;2;166;139;123m▀[0m  
         [38;2;115;109;103m▀[0m[38;2;244;226;213m[48;2;247;229;213m▀[0m[38;2;246;228;213m[48;2;247;228;213m▀[0m[38;2;253;237;221m[48;2;245;226;213m▀[0m[38;2;138;73;57m[48;2;209;196;185m▀[0m[38;2;244;226;213m[48;2;57;58;62m▀[0m[38;2;244;228;216m[48;2;140;132;122m▀[0m[38;2;244;226;212m[48;2;221;203;191m▀[0m[38;2;244;226;213m[48;2;239;240;247m▀[0m[38;2;48;47;48m[48;2;233;234;232m▀[0m[38;2;222;224;233m[48;2;78;77;75m▀[0m[38;2;245;226;213m[48;2;244;226;213m▀[0m[38;2;244;226;213m[48;2;224;206;194m▀[0m[38;2;213;196;184m[48;2;213;196;184m▀[0m[38;2;220;203;192m[48;2;212;194;183m▀[0m[38;2;224;206;193m[48;2;46;43;40m▀[0m[38;2;235;218;205m▀[0m[38;2;244;226;213m▀[0m[38;2;243;225;213m▀[0m[38;2;246;228;214m▀[0m[38;2;101;95;88m▀[0m  [38;2;21;18;16m▀[0m[38;2;141;118;105m▀[0m [38;2;137;112;105m▄[0m[38;2;166;139;123m[48;2;157;131;117m▀[0m[38;2;164;137;122m▀[0m  
          [38;2;254;250;237m[48;2;206;190;176m▀[0m[38;2;247;228;213m[48;2;137;125;117m▀[0m[38;2;247;230;213m[48;2;231;214;200m▀[0m[38;2;210;181;191m[48;2;239;221;208m▀[0m[38;2;233;212;219m[48;2;217;175;188m▀[0m[38;2;237;205;216m[48;2;233;189;204m▀[0m[38;2;206;167;179m[48;2;198;161;172m▀[0m[38;2;211;194;183m[48;2;204;188;177m▀[0m[38;2;244;226;213m[48;2;204;188;178m▀[0m[38;2;244;226;213m[48;2;222;205;192m▀[0m[38;2;220;203;191m[48;2;212;194;181m▀[0m[38;2;211;194;181m[48;2;207;191;178m▀[0m[38;2;209;193;180m[48;2;204;188;177m▀[0m[38;2;205;189;178m▀[0m        [38;2;4;4;4m▄[0m[38;2;179;163;161m▄[0m[38;2;134;111;102m[48;2;165;147;145m▀[0m[38;2;135;111;103m▀[0m    
        [38;2;195;180;170m▄[0m[38;2;246;228;213m[48;2;244;226;213m▀[0m[38;2;247;228;213m[48;2;247;229;213m▀[0m[38;2;207;191;177m[48;2;207;191;176m▀[0m[38;2;204;188;177m[48;2;48;44;42m▀[0m[38;2;221;203;192m▀[0m[38;2;212;195;181m[48;2;103;94;88m▀[0m[38;2;207;191;176m[48;2;208;190;179m▀[0m[38;2;207;191;176m[48;2;207;191;177m▀[0m[38;2;204;188;177m[48;2;207;191;176m▀[0m[38;2;204;188;177m[48;2;207;191;176m▀[0m[38;2;205;189;178m[48;2;223;205;190m▀[0m[38;2;204;188;177m[48;2;207;190;177m▀[0m[38;2;205;189;178m[48;2;246;228;213m▀[0m[38;2;215;198;187m[48;2;245;227;213m▀[0m[38;2;223;204;191m[48;2;244;226;213m▀[0m[38;2;37;34;34m▄[0m[38;2;181;164;162m▄[0m[38;2;180;164;163m▄[0m[38;2;178;162;162m▄[0m[38;2;178;161;162m▄[0m[38;2;0;0;0m[48;2;178;161;161m▀[0m[38;2;184;167;165m[48;2;178;161;161m▀[0m[38;2;179;163;162m▀[0m[38;2;178;162;162m▀[0m[38;2;22;20;20m▀[0m      
          [38;2;176;159;157m[48;2;98;78;70m▀[0m[38;2;35;29;26m[48;2;142;113;100m▀[0m[38;2;139;111;99m[48;2;3;3;1m▀[0m[38;2;154;125;110m▀[0m [38;2;58;53;50m▀[0m     [38;2;245;227;213m▀[0m[38;2;245;228;213m[48;2;244;226;213m▀[0m[38;2;247;229;213m[48;2;244;226;213m▀[0m[38;2;245;227;213m[48;2;212;195;187m▀[0m               
      [38;2;193;157;134m▄[0m[38;2;191;160;139m[48;2;178;144;123m▀[0m[38;2;188;153;130m▀[0m[38;2;160;128;109m[48;2;193;157;132m▀[0m[38;2;149;120;103m[48;2;200;162;136m▀[0m[38;2;142;113;100m▀[0m           [38;2;180;164;162m▀[0m[38;2;133;119;120m[48;2;139;111;99m▀[0m               
         [38;2;191;155;130m▀[0m             [38;2;151;120;104m[48;2;155;125;106m▀[0m[38;2;146;116;101m[48;2;149;120;103m▀[0m[38;2;146;117;104m[48;2;150;121;102m▀[0m[38;2;166;133;114m▄[0m             
                      [38;2;87;73;63m[48;2;36;29;25m▀[0m[38;2;188;153;130m[48;2;188;152;130m▀[0m[38;2;44;35;31m▀[0m[38;2;22;19;16m▀[0m[38;2;188;153;130m▀[0m[38;2;190;160;140m[48;2;188;152;129m▀[0m            
                       [38;2;168;134;113m▀[0m                
                                        
                                        
                                        
