                                        
                                        
                                        
                 [38;2;75;76;78m[48;2;99;95;95m▀[0m[38;2;76;76;78m[48;2;77;76;78m▀[0m[38;2;76;76;78m[48;2;76;76;78m▀[0m[38;2;76;76;78m▄[0m                   
                 [38;2;73;69;68m[48;2;75;74;76m▀[0m[38;2;75;76;77m[48;2;76;75;76m▀[0m[38;2;75;75;77m[48;2;75;75;76m▀[0m[38;2;76;75;77m[48;2;75;75;76m▀[0m[38;2;75;75;77m[48;2;75;75;76m▀[0m[38;2;75;74;76m▄[0m                 
             [38;2;49;47;45m▄[0m[38;2;107;101;100m▄[0m[38;2;105;100;98m[48;2;84;81;83m▀[0m[38;2;76;75;77m[48;2;76;75;76m▀[0m[38;2;76;75;77m[48;2;76;75;77m▀[0m[38;2;76;75;76m[48;2;88;38;36m▀[0m[38;2;76;75;77m[48;2;71;71;72m▀[0m[38;2;76;75;77m[48;2;75;75;77m▀[0m[38;2;76;75;77m[48;2;76;75;77m▀[0m[38;2;76;75;77m[48;2;76;75;77m▀[0m[38;2;76;75;77m▄[0m                
            [38;2;92;88;88m▄[0m[38;2;80;78;80m[48;2;76;75;76m▀[0m[38;2;76;75;77m[48;2;76;75;77m▀[0m[38;2;76;75;77m[48;2;76;75;77m▀[0m[38;2;67;69;70m[48;2;225;97;93m▀[0m[38;2;223;98;93m[48;2;225;97;93m▀[0m[38;2;222;97;94m[48;2;226;98;95m▀[0m[38;2;222;98;94m[48;2;227;98;94m▀[0m[38;2;142;63;59m[48;2;227;99;95m▀[0m[38;2;76;76;77m[48;2;76;76;78m▀[0m[38;2;76;76;77m[48;2;75;76;78m▀[0m[38;2;89;85;86m[48;2;103;98;97m▀[0m                
            [38;2;76;76;78m[48;2;77;76;78m▀[0m[38;2;76;76;78m[48;2;78;76;78m▀[0m[38;2;76;76;78m[48;2;77;76;78m▀[0m[38;2;76;76;78m[48;2;77;76;78m▀[0m[38;2;229;98;94m[48;2;230;99;94m▀[0m[38;2;230;100;95m[48;2;231;105;99m▀[0m[38;2;37;36;36m[48;2;243;137;123m▀[0m[38;2;232;109;101m[48;2;231;130;117m▀[0m[38;2;232;110;101m[48;2;230;130;117m▀[0m[38;2;77;76;78m[48;2;76;75;77m▀[0m[38;2;77;76;78m[48;2;76;75;77m▀[0m[38;2;107;101;100m[48;2;89;86;86m▀[0m                
            [38;2;75;76;77m[48;2;41;41;40m▀[0m[38;2;76;76;77m[48;2;76;75;77m▀[0m[38;2;76;75;77m[48;2;76;76;77m▀[0m[38;2;76;75;77m[48;2;76;75;77m▀[0m[38;2;223;100;95m[48;2;76;75;77m▀[0m[38;2;226;118;107m[48;2;231;131;118m▀[0m[38;2;228;129;115m[48;2;229;129;116m▀[0m[38;2;227;129;115m[48;2;200;113;100m▀[0m[38;2;226;129;115m[48;2;232;131;117m▀[0m[38;2;235;134;119m[48;2;54;57;59m▀[0m[38;2;75;74;76m[48;2;75;76;78m▀[0m[38;2;76;75;77m[48;2;76;76;78m▀[0m[38;2;49;48;48m▄[0m               
              [38;2;61;60;61m[48;2;48;49;60m▀[0m[38;2;64;64;65m[48;2;61;60;61m▀[0m[38;2;76;76;78m[48;2;61;60;61m▀[0m[38;2;75;76;78m[48;2;69;68;69m▀[0m[38;2;76;76;78m[48;2;76;76;78m▀[0m[38;2;76;76;77m[48;2;75;76;77m▀[0m[38;2;76;76;78m[48;2;76;76;78m▀[0m[38;2;77;76;78m[48;2;61;60;62m▀[0m[38;2;77;76;78m[48;2;76;75;77m▀[0m[38;2;76;76;78m[48;2;76;76;78m▀[0m[38;2;76;76;78m[48;2;62;60;61m▀[0m               
  [38;2;85;84;86m▄[0m[38;2;0;0;0m[48;2;102;97;97m▀[0m[38;2;107;102;101m[48;2;92;88;87m▀[0m[38;2;88;85;86m[48;2;16;17;15m▀[0m[38;2;64;64;65m[48;2;77;76;78m▀[0m[38;2;76;76;78m[48;2;77;76;78m▀[0m[38;2;51;50;51m▄[0m   [38;2;76;76;78m▄[0m[38;2;47;47;55m[48;2;71;70;71m▀[0m[38;2;43;44;52m▀[0m [38;2;61;60;61m▀[0m[38;2;61;60;61m[48;2;6;7;4m▀[0m[38;2;61;60;61m[48;2;70;68;69m▀[0m[38;2;61;60;61m[48;2;65;64;66m▀[0m[38;2;62;60;61m[48;2;42;44;52m▀[0m[38;2;78;77;78m[48;2;27;28;26m▀[0m[38;2;39;39;38m[48;2;77;76;78m▀[0m[38;2;66;64;66m[48;2;76;76;77m▀[0m        [38;2;2;3;0m▄[0m[38;2;108;104;103m▄[0m[38;2;79;78;79m▄[0m[38;2;53;54;54m▄[0m[38;2;61;60;61m▄[0m   
  [38;2;78;77;78m[48;2;78;76;78m▀[0m[38;2;77;76;78m[48;2;75;76;78m▀[0m[38;2;78;77;78m[48;2;65;63;64m▀[0m[38;2;81;81;83m[48;2;77;76;78m▀[0m[38;2;73;72;74m[48;2;76;75;77m▀[0m[38;2;61;60;61m[48;2;76;76;78m▀[0m[38;2;14;15;12m[48;2;76;76;78m▀[0m[38;2;53;53;53m[48;2;76;76;77m▀[0m[38;2;76;76;78m[48;2;76;76;78m▀[0m[38;2;76;76;78m[48;2;73;71;73m▀[0m[38;2;76;76;78m▀[0m  [38;2;250;205;137m▄[0m[38;2;244;198;124m[48;2;244;203;138m▀[0m[38;2;218;174;111m[48;2;240;198;132m▀[0m[38;2;205;163;105m[48;2;238;196;129m▀[0m[38;2;196;156;102m[48;2;236;191;121m▀[0m[38;2;44;46;54m[48;2;8;9;9m▀[0m[38;2;42;44;52m[48;2;43;44;52m▀[0m[38;2;78;77;79m▀[0m[38;2;76;76;78m[48;2;77;76;78m▀[0m[38;2;77;76;78m[48;2;76;76;77m▀[0m[38;2;77;76;78m[48;2;76;75;77m▀[0m[38;2;79;78;80m[48;2;76;75;77m▀[0m[38;2;11;11;10m[48;2;76;75;77m▀[0m[38;2;76;75;77m▄[0m[38;2;81;81;83m▄[0m[38;2;106;101;100m[48;2;107;101;99m▀[0m[38;2;107;102;100m[48;2;103;98;97m▀[0m[38;2;107;101;100m[48;2;84;81;82m▀[0m[38;2;101;96;95m[48;2;76;75;76m▀[0m[38;2;18;19;18m[48;2;76;75;77m▀[0m[38;2;64;63;64m[48;2;61;60;61m▀[0m[38;2;38;39;38m[48;2;61;60;61m▀[0m[38;2;61;60;61m[48;2;61;60;61m▀[0m  
   [38;2;61;59;60m▀[0m[38;2;61;60;60m[48;2;33;33;32m▀[0m[38;2;63;61;62m[48;2;61;60;61m▀[0m[38;2;62;61;62m[48;2;61;60;61m▀[0m[38;2;63;62;62m[48;2;62;61;62m▀[0m[38;2;61;60;60m[48;2;5;7;2m▀[0m[38;2;61;60;60m▀[0m[38;2;39;39;39m▀[0m   [38;2;237;201;141m[48;2;244;206;145m▀[0m[38;2;241;203;143m[48;2;242;204;144m▀[0m[38;2;241;202;142m[48;2;241;203;143m▀[0m[38;2;240;202;143m[48;2;241;204;143m▀[0m[38;2;245;206;144m[48;2;245;207;145m▀[0m[38;2;243;196;123m[48;2;238;192;121m▀[0m[38;2;236;192;122m[48;2;238;192;122m▀[0m[38;2;42;44;51m[48;2;42;44;51m▀[0m  [38;2;70;69;71m▀[0m[38;2;76;75;77m▀[0m[38;2;76;75;77m[48;2;76;75;76m▀[0m[38;2;76;75;76m[48;2;75;75;76m▀[0m[38;2;76;75;77m[48;2;76;75;77m▀[0m[38;2;82;81;83m[48;2;76;75;77m▀[0m[38;2;77;76;78m[48;2;75;75;76m▀[0m[38;2;78;77;79m[48;2;76;75;77m▀[0m[38;2;76;76;78m[48;2;76;76;78m▀[0m[38;2;76;76;77m[48;2;68;67;68m▀[0m[38;2;64;64;65m[48;2;62;60;61m▀[0m[38;2;66;64;66m[48;2;65;63;65m▀[0m[38;2;61;60;60m[48;2;23;24;21m▀[0m[38;2;62;61;62m▀[0m  
              [38;2;241;203;143m[48;2;241;203;143m▀[0m[38;2;44;39;29m[48;2;224;192;138m▀[0m[38;2;240;203;143m[48;2;237;199;142m▀[0m[38;2;241;203;143m[48;2;237;200;143m▀[0m[38;2;237;196;131m[48;2;235;192;126m▀[0m[38;2;237;192;121m[48;2;235;190;121m▀[0m[38;2;233;188;119m[48;2;236;190;121m▀[0m[38;2;44;45;53m[48;2;43;44;51m▀[0m     [38;2;45;46;45m▀[0m[38;2;76;76;78m▀[0m[38;2;76;76;78m▀[0m[38;2;77;77;78m[48;2;27;27;25m▀[0m[38;2;74;73;75m[48;2;63;62;62m▀[0m[38;2;62;60;61m[48;2;63;62;63m▀[0m[38;2;62;60;61m[48;2;9;10;6m▀[0m[38;2;61;60;61m▀[0m[38;2;52;52;51m▀[0m    
              [38;2;240;199;138m[48;2;242;197;124m▀[0m[38;2;245;207;145m[48;2;249;210;132m▀[0m[38;2;240;202;142m[48;2;208;174;110m▀[0m[38;2;239;195;128m[48;2;248;199;124m▀[0m[38;2;237;192;122m[48;2;241;192;119m▀[0m[38;2;237;193;122m[48;2;184;144;93m▀[0m[38;2;179;140;93m[48;2;180;141;93m▀[0m[38;2;44;46;54m▀[0m                  
              [38;2;179;142;93m[48;2;137;109;73m▀[0m[38;2;181;143;93m[48;2;178;140;93m▀[0m[38;2;207;163;104m[48;2;177;140;93m▀[0m[38;2;200;159;102m[48;2;178;141;93m▀[0m[38;2;181;143;94m[48;2;180;142;93m▀[0m[38;2;178;141;93m[48;2;183;143;93m▀[0m[38;2;16;14;10m[48;2;5;5;1m▀[0m                   
               [38;2;65;63;64m[48;2;63;62;63m▀[0m[38;2;63;61;61m[48;2;61;60;61m▀[0m[38;2;184;144;94m[48;2;61;59;60m▀[0m[38;2;180;141;93m[48;2;64;62;63m▀[0m[38;2;63;61;62m▀[0m                    
                                        
                                        
                                        
