                                        
                                        
                                        
                 [38;2;65;63;114m[48;2;81;79;140m▀[0m[38;2;65;63;114m[48;2;67;64;116m▀[0m[38;2;66;63;115m[48;2;66;63;115m▀[0m[38;2;65;63;114m▄[0m                   
                 [38;2;59;57;102m[48;2;65;63;113m▀[0m[38;2;65;63;114m[48;2;65;63;113m▀[0m[38;2;65;63;113m[48;2;65;63;113m▀[0m[38;2;65;63;114m[48;2;65;63;113m▀[0m[38;2;65;63;114m[48;2;65;63;113m▀[0m[38;2;65;63;112m▄[0m                 
             [38;2;42;41;75m▄[0m[38;2;3;3;6m[48;2;88;86;152m▀[0m[38;2;86;84;149m[48;2;70;69;124m▀[0m[38;2;65;63;114m[48;2;65;63;114m▀[0m[38;2;65;63;114m[48;2;65;63;114m▀[0m[38;2;65;63;114m[48;2;80;59;2m▀[0m[38;2;65;63;114m[48;2;58;55;100m▀[0m[38;2;65;63;114m[48;2;65;63;113m▀[0m[38;2;65;63;114m[48;2;65;63;114m▀[0m[38;2;65;63;114m[48;2;65;63;114m▀[0m[38;2;65;63;115m▄[0m                
            [38;2;77;75;134m▄[0m[38;2;69;67;121m[48;2;65;63;114m▀[0m[38;2;65;63;114m[48;2;65;63;114m▀[0m[38;2;65;63;114m[48;2;65;63;114m▀[0m[38;2;58;56;99m[48;2;216;171;0m▀[0m[38;2;215;171;0m[48;2;216;171;0m▀[0m[38;2;214;169;0m[48;2;217;171;0m▀[0m[38;2;214;169;0m[48;2;218;172;0m▀[0m[38;2;169;136;37m[48;2;218;173;0m▀[0m[38;2;65;63;114m[48;2;66;63;115m▀[0m[38;2;65;63;114m[48;2;65;63;114m▀[0m[38;2;75;72;130m[48;2;85;83;147m▀[0m                
            [38;2;65;63;114m[48;2;66;63;115m▀[0m[38;2;65;63;114m[48;2;67;64;116m▀[0m[38;2;66;63;115m[48;2;67;64;116m▀[0m[38;2;65;63;113m[48;2;67;64;116m▀[0m[38;2;220;172;0m[48;2;220;174;0m▀[0m[38;2;221;175;0m[48;2;222;182;0m▀[0m[38;2;37;36;35m[48;2;227;206;0m▀[0m[38;2;220;185;0m[48;2;217;198;0m▀[0m[38;2;220;186;0m[48;2;216;197;0m▀[0m[38;2;67;64;116m[48;2;65;63;114m▀[0m[38;2;67;64;116m[48;2;65;63;114m▀[0m[38;2;87;86;151m[48;2;75;73;131m▀[0m                
            [38;2;65;63;114m[48;2;35;34;62m▀[0m[38;2;65;63;114m[48;2;65;63;114m▀[0m[38;2;65;63;114m[48;2;65;63;114m▀[0m[38;2;65;63;114m[48;2;65;63;114m▀[0m[38;2;216;173;0m[48;2;65;63;114m▀[0m[38;2;214;190;0m[48;2;220;200;5m▀[0m[38;2;215;196;0m[48;2;216;196;0m▀[0m[38;2;214;195;0m[48;2;182;165;20m▀[0m[38;2;213;195;0m[48;2;221;202;6m▀[0m[38;2;226;203;13m[48;2;50;47;83m▀[0m[38;2;65;63;113m[48;2;65;63;114m▀[0m[38;2;66;63;115m[48;2;65;63;114m▀[0m[38;2;42;41;72m▄[0m               
              [38;2;53;51;91m[48;2;40;40;73m▀[0m[38;2;56;54;98m[48;2;53;51;91m▀[0m[38;2;65;63;114m[48;2;53;51;91m▀[0m[38;2;65;63;114m[48;2;60;58;103m▀[0m[38;2;65;63;114m[48;2;65;63;114m▀[0m[38;2;65;63;114m[48;2;65;63;114m▀[0m[38;2;65;63;114m[48;2;65;63;115m▀[0m[38;2;67;64;116m[48;2;51;49;89m▀[0m[38;2;67;64;116m[48;2;65;63;114m▀[0m[38;2;65;63;114m[48;2;66;63;115m▀[0m[38;2;65;63;114m[48;2;53;52;94m▀[0m               
  [38;2;72;70;126m▄[0m[38;2;3;3;6m[48;2;84;82;146m▀[0m[38;2;82;80;142m[48;2;77;75;132m▀[0m[38;2;74;73;131m[48;2;21;21;36m▀[0m[38;2;52;50;91m[48;2;67;64;116m▀[0m[38;2;65;63;114m[48;2;67;64;116m▀[0m[38;2;42;41;75m▄[0m   [38;2;65;64;115m▄[0m[38;2;41;39;73m[48;2;61;60;107m▀[0m[38;2;40;38;71m▀[0m [38;2;53;51;91m▀[0m[38;2;53;51;91m[48;2;2;2;3m▀[0m[38;2;53;51;91m[48;2;57;55;98m▀[0m[38;2;53;51;91m[48;2;54;52;96m▀[0m[38;2;53;51;94m[48;2;39;38;69m▀[0m[38;2;67;64;116m[48;2;27;26;48m▀[0m[38;2;36;36;64m[48;2;67;64;116m▀[0m[38;2;54;53;97m[48;2;65;63;115m▀[0m        [38;2;6;5;9m▄[0m[38;2;90;88;156m▄[0m[38;2;68;66;118m▄[0m[38;2;46;43;78m▄[0m[38;2;53;51;91m▄[0m[38;2;0;0;1m▄[0m  
  [38;2;67;64;116m[48;2;67;64;116m▀[0m[38;2;67;64;116m[48;2;65;63;114m▀[0m[38;2;67;64;116m[48;2;55;53;97m▀[0m[38;2;70;68;122m[48;2;66;63;115m▀[0m[38;2;63;61;110m[48;2;65;63;114m▀[0m[38;2;53;51;90m[48;2;65;63;114m▀[0m[38;2;12;10;20m[48;2;65;63;114m▀[0m[38;2;44;42;76m[48;2;65;63;114m▀[0m[38;2;65;63;114m[48;2;65;63;114m▀[0m[38;2;65;63;115m[48;2;62;60;109m▀[0m[38;2;66;63;115m▀[0m  [38;2;170;170;170m▄[0m[38;2;159;159;159m[48;2;165;165;165m▀[0m[38;2;130;130;130m[48;2;159;159;159m▀[0m[38;2;113;113;113m[48;2;157;157;157m▀[0m[38;2;105;105;105m[48;2;150;150;150m▀[0m[38;2;39;37;69m[48;2;10;9;15m▀[0m[38;2;39;38;69m[48;2;40;38;71m▀[0m[38;2;65;64;115m▀[0m[38;2;65;63;114m[48;2;66;64;116m▀[0m[38;2;67;64;116m[48;2;65;63;114m▀[0m[38;2;67;64;116m[48;2;65;63;114m▀[0m[38;2;66;64;117m[48;2;65;63;114m▀[0m[38;2;11;10;20m[48;2;65;63;114m▀[0m[38;2;65;63;114m▄[0m[38;2;67;65;116m▄[0m[38;2;84;81;146m[48;2;87;85;151m▀[0m[38;2;88;86;152m[48;2;85;82;147m▀[0m[38;2;88;86;152m[48;2;70;69;124m▀[0m[38;2;83;81;143m[48;2;65;63;114m▀[0m[38;2;22;21;38m[48;2;65;63;114m▀[0m[38;2;55;53;98m[48;2;53;51;91m▀[0m[38;2;33;33;58m[48;2;53;51;92m▀[0m[38;2;53;51;91m[48;2;53;51;91m▀[0m  
   [38;2;53;51;91m▀[0m[38;2;53;51;91m[48;2;29;28;52m▀[0m[38;2;54;52;95m[48;2;53;51;91m▀[0m[38;2;54;52;95m[48;2;53;51;91m▀[0m[38;2;54;52;95m[48;2;53;51;92m▀[0m[38;2;53;51;91m[48;2;6;6;10m▀[0m[38;2;53;51;91m▀[0m[38;2;33;32;59m▀[0m   [38;2;155;155;155m[48;2;165;165;165m▀[0m[38;2;164;164;164m[48;2;166;166;166m▀[0m[38;2;164;164;164m[48;2;164;164;164m▀[0m[38;2;164;164;164m[48;2;159;159;159m▀[0m[38;2;169;169;169m[48;2;164;164;164m▀[0m[38;2;157;157;157m[48;2;153;153;153m▀[0m[38;2;151;151;151m[48;2;153;153;153m▀[0m[38;2;39;38;69m[48;2;39;38;69m▀[0m  [38;2;57;55;100m▀[0m[38;2;65;63;114m▀[0m[38;2;65;63;114m[48;2;65;63;113m▀[0m[38;2;65;63;113m[48;2;65;63;113m▀[0m[38;2;65;63;114m[48;2;65;63;114m▀[0m[38;2;66;64;116m[48;2;65;63;114m▀[0m[38;2;67;64;116m[48;2;65;63;114m▀[0m[38;2;67;65;118m[48;2;65;63;114m▀[0m[38;2;65;63;115m[48;2;65;63;114m▀[0m[38;2;65;63;114m[48;2;59;57;103m▀[0m[38;2;56;54;98m[48;2;54;52;95m▀[0m[38;2;55;53;97m[48;2;54;52;95m▀[0m[38;2;53;51;92m[48;2;24;23;42m▀[0m[38;2;54;52;94m▀[0m  
             [38;2;0;0;0m▄[0m[38;2;164;164;164m[48;2;164;164;164m▀[0m[38;2;27;27;27m[48;2;142;142;142m▀[0m[38;2;164;164;164m[48;2;160;160;160m▀[0m[38;2;164;164;164m[48;2;161;161;161m▀[0m[38;2;157;157;157m[48;2;152;152;152m▀[0m[38;2;155;155;155m[48;2;150;150;150m▀[0m[38;2;146;146;146m[48;2;150;150;150m▀[0m[38;2;41;39;72m[48;2;40;38;71m▀[0m     [38;2;39;36;66m▀[0m[38;2;65;63;114m▀[0m[38;2;65;63;114m▀[0m[38;2;67;64;116m[48;2;24;24;43m▀[0m[38;2;64;62;112m[48;2;53;51;94m▀[0m[38;2;54;52;95m[48;2;53;51;94m▀[0m[38;2;54;52;95m[48;2;10;9;18m▀[0m[38;2;53;51;91m▀[0m[38;2;42;41;72m▀[0m    
             [38;2;0;0;0m▀[0m[38;2;160;160;160m[48;2;157;157;157m▀[0m[38;2;170;170;170m[48;2;162;162;162m▀[0m[38;2;165;165;165m[48;2;124;124;124m▀[0m[38;2;155;155;155m[48;2;161;161;161m▀[0m[38;2;153;153;153m[48;2;152;152;152m▀[0m[38;2;152;152;152m[48;2;93;93;93m▀[0m[38;2;88;88;88m[48;2;89;89;89m▀[0m[38;2;40;38;71m▀[0m                  
              [38;2;89;89;89m[48;2;58;58;58m▀[0m[38;2;92;92;92m[48;2;88;88;88m▀[0m[38;2;115;115;115m[48;2;88;88;88m▀[0m[38;2;109;109;109m[48;2;88;88;88m▀[0m[38;2;92;92;92m[48;2;89;89;89m▀[0m[38;2;88;88;88m[48;2;91;91;91m▀[0m[38;2;19;19;15m[48;2;4;4;8m▀[0m                   
               [38;2;53;51;92m[48;2;53;52;92m▀[0m[38;2;55;53;96m[48;2;53;51;91m▀[0m[38;2;93;93;93m[48;2;53;51;91m▀[0m[38;2;90;90;90m[48;2;54;51;94m▀[0m[38;2;54;52;95m▀[0m                    
                                        
                                        
                                        
