                                        
                                        
                                        
                                        
            [38;2;149;108;69m▄[0m[38;2;242;154;91m▄[0m[38;2;242;155;90m▄[0m[38;2;251;176;110m[48;2;103;70;40m▀[0m[38;2;241;171;107m[48;2;241;157;93m▀[0m[38;2;67;229;140m[48;2;235;162;100m▀[0m[38;2;67;223;137m[48;2;70;232;144m▀[0m[38;2;67;224;140m[48;2;11;229;97m▀[0m[38;2;0;230;91m▄[0m[38;2;9;96;43m▄[0m                  
          [38;2;242;155;91m▄[0m[38;2;241;159;94m[48;2;240;155;90m▀[0m[38;2;235;151;88m[48;2;118;79;46m▀[0m[38;2;236;152;87m[48;2;255;170;100m▀[0m[38;2;243;156;91m[48;2;242;155;91m▀[0m[38;2;191;131;77m[48;2;240;155;89m▀[0m[38;2;241;155;90m[48;2;243;156;91m▀[0m[38;2;174;112;65m[48;2;243;250;246m▀[0m[38;2;236;244;241m[48;2;20;19;17m▀[0m[38;2;239;246;243m[48;2;238;243;241m▀[0m[38;2;12;219;91m[48;2;3;249;100m▀[0m[38;2;7;231;96m[48;2;6;233;98m▀[0m[38;2;8;65;30m▄[0m            [38;2;46;134;83m▄[0m[38;2;67;222;136m▄[0m[38;2;66;214;132m▄[0m  
         [38;2;242;171;108m[48;2;158;116;74m▀[0m[38;2;242;155;91m[48;2;237;154;87m▀[0m[38;2;240;155;90m[48;2;245;158;92m▀[0m[38;2;234;152;87m[48;2;246;157;92m▀[0m[38;2;242;155;91m[48;2;245;158;90m▀[0m[38;2;242;156;91m[48;2;246;158;92m▀[0m[38;2;239;154;88m[48;2;209;135;70m▀[0m[38;2;236;152;89m[48;2;95;67;41m▀[0m[38;2;244;251;248m[48;2;240;155;87m▀[0m[38;2;136;136;138m[48;2;251;254;252m▀[0m[38;2;241;247;246m[48;2;248;253;252m▀[0m[38;2;14;239;106m[48;2;18;233;107m▀[0m[38;2;11;222;92m[48;2;31;163;83m▀[0m[38;2;26;121;63m▀[0m       [38;2;2;230;92m▄[0m[38;2;8;223;91m▄[0m[38;2;16;233;103m[48;2;3;227;91m▀[0m[38;2;48;222;124m[48;2;4;227;92m▀[0m[38;2;66;222;136m[48;2;50;225;127m▀[0m[38;2;67;223;137m[48;2;1;3;3m▀[0m[38;2;36;103;64m▀[0m   
          [38;2;238;153;88m▀[0m[38;2;51;36;21m▀[0m[38;2;248;158;90m[48;2;82;55;33m▀[0m[38;2;236;155;84m[48;2;191;122;73m▀[0m[38;2;243;156;89m[48;2;175;113;69m▀[0m[38;2;240;156;88m[48;2;176;113;69m▀[0m[38;2;241;155;90m[48;2;182;116;71m▀[0m[38;2;243;157;90m[48;2;163;105;63m▀[0m[38;2;218;140;83m[48;2;31;159;80m▀[0m[38;2;32;154;78m[48;2;243;172;108m▀[0m[38;2;31;161;83m[48;2;38;163;86m▀[0m[38;2;32;160;83m[48;2;116;72;57m▀[0m[38;2;147;89;72m▄[0m  [38;2;244;167;101m▄[0m[38;2;240;170;107m[48;2;245;167;101m▀[0m  [38;2;30;158;82m[48;2;248;166;99m▀[0m[38;2;6;243;102m[48;2;11;224;96m▀[0m[38;2;7;236;101m[48;2;7;232;96m▀[0m[38;2;2;229;90m[48;2;2;231;93m▀[0m[38;2;3;228;92m▀[0m      
                [38;2;88;64;40m[48;2;245;171;105m▀[0m[38;2;142;87;70m[48;2;245;159;92m▀[0m[38;2;35;156;81m[48;2;193;124;73m▀[0m[38;2;244;156;90m[48;2;246;158;91m▀[0m[38;2;27;165;80m[48;2;228;146;86m▀[0m[38;2;164;104;72m[48;2;247;157;90m▀[0m[38;2;167;110;63m▄[0m[38;2;117;86;55m[48;2;247;157;90m▀[0m[38;2;107;70;40m[48;2;247;157;91m▀[0m[38;2;247;158;90m[48;2;246;158;92m▀[0m[38;2;246;157;90m[48;2;193;124;72m▀[0m[38;2;188;122;71m▄[0m[38;2;250;179;111m▀[0m           
     [38;2;243;251;249m▄[0m[38;2;252;235;122m[48;2;220;222;115m▀[0m[38;2;240;247;243m[48;2;186;190;187m▀[0m[38;2;110;104;56m▄[0m      [38;2;189;167;75m▄[0m[38;2;240;155;90m[48;2;185;166;76m▀[0m[38;2;245;159;91m[48;2;61;58;29m▀[0m[38;2;246;156;92m[48;2;246;155;91m▀[0m[38;2;245;158;92m[48;2;251;143;93m▀[0m[38;2;53;45;24m[48;2;255;233;101m▀[0m[38;2;92;87;41m[48;2;255;232;102m▀[0m[38;2;31;31;14m[48;2;255;232;101m▀[0m[38;2;244;156;91m[48;2;252;231;99m▀[0m[38;2;240;155;89m[48;2;184;118;71m▀[0m[38;2;216;138;81m[48;2;186;119;71m▀[0m[38;2;182;116;71m[48;2;184;118;71m▀[0m[38;2;183;117;72m▀[0m            
    [38;2;201;192;102m▄[0m[38;2;244;253;143m[48;2;255;232;101m▀[0m[38;2;255;255;255m[48;2;252;232;102m▀[0m[38;2;255;232;103m[48;2;253;233;102m▀[0m[38;2;255;235;99m[48;2;251;231;101m▀[0m[38;2;255;232;101m[48;2;251;232;101m▀[0m[38;2;253;248;117m[48;2;254;235;100m▀[0m[38;2;1;1;1m[48;2;255;234;100m▀[0m[38;2;255;232;101m▄[0m[38;2;194;182;84m[48;2;255;232;102m▀[0m[38;2;255;232;101m[48;2;255;232;102m▀[0m[38;2;186;166;76m[48;2;185;166;77m▀[0m[38;2;185;165;78m▀[0m[38;2;255;233;106m[48;2;255;234;112m▀[0m[38;2;252;232;99m[48;2;255;235;105m▀[0m[38;2;255;232;102m[48;2;254;235;111m▀[0m[38;2;188;178;80m[48;2;250;231;109m▀[0m[38;2;253;233;102m[48;2;248;228;100m▀[0m[38;2;255;234;101m[48;2;249;228;100m▀[0m[38;2;252;232;100m[48;2;253;233;102m▀[0m[38;2;185;128;71m[48;2;255;233;103m▀[0m[38;2;182;116;70m[48;2;187;119;70m▀[0m[38;2;183;117;70m[48;2;36;25;15m▀[0m[38;2;185;119;71m▀[0m            
  [38;2;69;231;142m▄[0m[38;2;10;203;89m[48;2;31;229;115m▀[0m[38;2;9;230;98m[48;2;10;231;99m▀[0m[38;2;4;231;94m[48;2;16;231;104m▀[0m[38;2;232;222;101m[48;2;71;101;34m▀[0m[38;2;249;229;100m[48;2;15;236;107m▀[0m[38;2;255;232;101m[48;2;255;235;101m▀[0m[38;2;255;235;101m[48;2;252;230;101m▀[0m[38;2;254;234;100m[48;2;253;232;100m▀[0m[38;2;254;234;102m[48;2;253;233;102m▀[0m[38;2;253;233;101m▀[0m[38;2;252;231;101m[48;2;53;51;21m▀[0m[38;2;255;234;100m▀[0m  [38;2;243;222;98m▀[0m[38;2;250;231;100m[48;2;185;165;76m▀[0m[38;2;250;232;101m[48;2;184;164;76m▀[0m[38;2;215;196;88m[48;2;182;162;76m▀[0m[38;2;255;240;109m[48;2;182;161;76m▀[0m[38;2;255;233;102m[48;2;248;232;120m▀[0m[38;2;254;233;101m[48;2;248;232;119m▀[0m[38;2;252;230;101m[48;2;249;232;119m▀[0m[38;2;246;230;119m[48;2;249;232;120m▀[0m[38;2;244;225;101m▄[0m[38;2;251;230;103m▄[0m[38;2;251;230;102m▄[0m           
  [38;2;69;243;148m▀[0m[38;2;57;186;115m[48;2;67;226;139m▀[0m[38;2;66;230;141m[48;2;68;223;139m▀[0m[38;2;13;231;102m[48;2;63;223;134m▀[0m[38;2;8;230;98m[48;2;25;226;110m▀[0m[38;2;9;230;99m[48;2;27;228;111m▀[0m[38;2;183;182;68m[48;2;3;231;92m▀[0m[38;2;6;245;103m[48;2;10;227;96m▀[0m[38;2;31;160;83m▀[0m[38;2;200;195;94m▀[0m      [38;2;131;119;83m[48;2;7;7;4m▀[0m[38;2;21;20;13m[48;2;141;88;70m▀[0m[38;2;182;164;75m▀[0m[38;2;183;163;75m[48;2;146;93;57m▀[0m[38;2;105;96;43m▀[0m[38;2;248;228;101m[48;2;248;229;100m▀[0m[38;2;247;229;111m[48;2;247;228;99m▀[0m[38;2;248;228;101m[48;2;251;231;101m▀[0m[38;2;247;228;100m[48;2;252;230;101m▀[0m[38;2;248;229;100m[48;2;254;234;102m▀[0m[38;2;87;81;37m[48;2;255;232;101m▀[0m[38;2;2;131;54m[48;2;255;232;101m▀[0m[38;2;7;231;96m[48;2;23;28;10m▀[0m[38;2;47;229;126m[48;2;19;192;90m▀[0m[38;2;65;232;139m[48;2;1;1;0m▀[0m       
  [38;2;3;4;3m▀[0m[38;2;67;225;138m▀[0m[38;2;50;161;100m▀[0m[38;2;0;0;0m▀[0m[38;2;67;226;139m▀[0m [38;2;68;234;142m▀[0m    [38;2;33;24;13m▄[0m[38;2;223;158;98m▄[0m[38;2;145;99;60m▄[0m[38;2;248;175;111m▄[0m[38;2;174;113;73m▄[0m[38;2;147;90;73m[48;2;170;109;74m▀[0m[38;2;83;61;39m▄[0m[38;2;136;94;52m▄[0m[38;2;177;114;71m[48;2;245;176;105m▀[0m  [38;2;255;233;104m▀[0m[38;2;252;230;99m[48;2;255;233;101m▀[0m[38;2;255;233;102m[48;2;255;233;101m▀[0m[38;2;255;232;103m[48;2;255;234;102m▀[0m[38;2;255;233;106m[48;2;253;232;102m▀[0m[38;2;255;232;102m[48;2;255;234;103m▀[0m[38;2;255;245;112m[48;2;12;232;101m▀[0m[38;2;9;231;99m[48;2;11;230;101m▀[0m[38;2;23;231;111m[48;2;47;232;129m▀[0m[38;2;66;227;139m[48;2;69;242;147m▀[0m[38;2;67;227;139m[48;2;67;230;142m▀[0m[38;2;24;66;42m▄[0m    
             [38;2;35;36;34m▀[0m[38;2;42;44;42m▀[0m[38;2;238;245;242m▀[0m[38;2;245;158;91m▀[0m[38;2;248;157;89m▀[0m [38;2;20;23;17m▀[0m[38;2;89;59;34m▀[0m[38;2;175;178;176m[48;2;77;78;77m▀[0m[38;2;246;156;91m▀[0m[38;2;213;215;215m[48;2;254;254;254m▀[0m [38;2;1;1;0m▀[0m[38;2;255;235;101m[48;2;227;217;100m▀[0m[38;2;254;232;101m[48;2;254;234;101m▀[0m[38;2;255;233;99m[48;2;89;91;88m▀[0m[38;2;255;233;102m[48;2;254;244;114m▀[0m[38;2;251;229;102m[48;2;253;233;100m▀[0m[38;2;15;231;104m[48;2;5;240;100m▀[0m[38;2;35;232;119m[48;2;7;228;96m▀[0m[38;2;66;229;140m[48;2;67;226;139m▀[0m[38;2;67;226;139m[48;2;67;226;138m▀[0m[38;2;66;224;137m▄[0m    
                          [38;2;216;220;218m▀[0m[38;2;203;189;88m▀[0m[38;2;113;105;47m▀[0m[38;2;243;250;246m▀[0m[38;2;24;188;88m▀[0m[38;2;4;230;94m▀[0m[38;2;29;235;117m▀[0m       
                                        
                                        
                                        
                                        
