                                        
                         [38;2;13;151;124m▄[0m[38;2;76;130;124m[48;2;98;180;170m▀[0m[38;2;101;185;174m[48;2;97;168;159m▀[0m            
       [38;2;109;192;182m▄[0m[38;2;50;78;75m▄[0m [38;2;103;186;177m[48;2;69;175;161m▀[0m[38;2;19;156;132m▄[0m          [38;2;200;202;202m▄[0m[38;2;1;57;45m▄[0m[38;2;14;149;123m[48;2;17;156;131m▀[0m[38;2;14;149;123m[48;2;13;152;126m▀[0m[38;2;10;150;124m[48;2;15;78;67m▀[0m[38;2;24;158;134m▄[0m[38;2;98;181;171m▄[0m[38;2;102;184;174m[48;2;104;183;173m▀[0m[38;2;101;184;174m[48;2;104;183;174m▀[0m[38;2;101;185;174m▀[0m        
        [38;2;103;184;174m▀[0m[38;2;85;176;165m[48;2;19;153;129m▀[0m[38;2;5;16;14m[48;2;14;150;124m▀[0m[38;2;10;153;125m[48;2;13;150;123m▀[0m[38;2;10;156;128m[48;2;87;97;92m▀[0m[38;2;145;147;146m▄[0m       [38;2;198;94;65m▄[0m[38;2;7;8;7m[48;2;155;63;41m▀[0m[38;2;13;20;17m[48;2;104;85;54m▀[0m[38;2;232;176;97m[48;2;234;177;97m▀[0m[38;2;11;154;127m[48;2;27;161;137m▀[0m[38;2;15;155;130m[48;2;24;159;135m▀[0m[38;2;19;157;133m[48;2;18;156;131m▀[0m[38;2;64;172;159m[48;2;21;164;138m▀[0m[38;2;92;165;157m[48;2;104;181;172m▀[0m[38;2;104;180;172m▄[0m[38;2;1;1;1m[48;2;103;180;172m▀[0m[38;2;19;35;31m▀[0m       
       [38;2;109;193;183m▀[0m[38;2;103;180;171m[48;2;105;180;171m▀[0m[38;2;9;155;128m[48;2;10;150;124m▀[0m[38;2;9;150;123m[48;2;18;156;132m▀[0m[38;2;1;133;108m[48;2;233;176;96m▀[0m[38;2;154;64;42m[48;2;154;62;41m▀[0m[38;2;33;13;8m[48;2;152;61;39m▀[0m[38;2;69;33;22m[48;2;171;127;72m▀[0m[38;2;171;127;72m▄[0m    [38;2;237;186;103m[48;2;240;189;113m▀[0m[38;2;124;94;52m[48;2;232;176;97m▀[0m[38;2;236;180;98m[48;2;232;174;96m▀[0m[38;2;236;181;99m[48;2;230;173;95m▀[0m[38;2;234;177;97m[48;2;229;172;95m▀[0m[38;2;137;104;55m[48;2;4;124;101m▀[0m[38;2;19;147;123m[48;2;13;150;124m▀[0m[38;2;13;149;123m[48;2;13;150;124m▀[0m[38;2;39;158;138m[48;2;8;152;123m▀[0m[38;2;93;176;166m[48;2;25;39;38m▀[0m[38;2;105;181;172m▀[0m         
        [38;2;99;184;174m▄[0m[38;2;11;50;43m[48;2;22;158;134m▀[0m[38;2;138;99;47m[48;2;37;116;101m▀[0m[38;2;172;127;72m[48;2;182;136;76m▀[0m[38;2;173;128;73m[48;2;170;127;72m▀[0m[38;2;173;128;73m[48;2;171;127;72m▀[0m[38;2;171;128;72m[48;2;167;123;70m▀[0m     [38;2;38;29;19m▀[0m[38;2;234;179;106m▀[0m[38;2;229;172;95m[48;2;234;178;98m▀[0m[38;2;228;172;95m[48;2;234;178;97m▀[0m[38;2;233;175;96m[48;2;234;177;96m▀[0m[38;2;16;163;136m[48;2;15;169;141m▀[0m[38;2;10;151;124m[48;2;9;152;126m▀[0m[38;2;13;163;135m[48;2;10;151;124m▀[0m[38;2;20;163;138m[48;2;9;152;126m▀[0m[38;2;68;170;157m[48;2;68;170;157m▀[0m[38;2;104;180;171m[48;2;108;189;181m▀[0m[38;2;104;181;172m▀[0m        
         [38;2;34;116;100m[48;2;0;198;233m▀[0m[38;2;37;116;100m[48;2;0;159;222m▀[0m[38;2;15;23;21m[48;2;0;168;230m▀[0m[38;2;172;128;74m[48;2;0;168;232m▀[0m[38;2;166;123;70m[48;2;0;115;137m▀[0m[38;2;147;109;62m[48;2;0;169;235m▀[0m       [38;2;234;178;97m[48;2;231;173;94m▀[0m[38;2;234;177;97m[48;2;219;164;92m▀[0m[38;2;232;175;96m[48;2;210;158;87m▀[0m[38;2;19;159;133m[48;2;29;132;113m▀[0m[38;2;14;154;128m[48;2;25;72;62m▀[0m[38;2;14;154;128m[48;2;25;73;64m▀[0m[38;2;6;152;124m▀[0m           
       [38;2;2;120;142m▄[0m[38;2;1;138;160m[48;2;0;176;238m▀[0m[38;2;0;197;233m[48;2;156;74;49m▀[0m[38;2;249;255;255m[48;2;182;90;64m▀[0m[38;2;255;255;255m[48;2;193;91;61m▀[0m[38;2;200;96;66m[48;2;199;95;67m▀[0m[38;2;214;99;67m[48;2;199;95;66m▀[0m[38;2;0;182;248m[48;2;199;96;67m▀[0m[38;2;0;185;232m[48;2;200;96;66m▀[0m[38;2;0;171;234m[48;2;106;62;49m▀[0m[38;2;168;124;71m[48;2;0;179;244m▀[0m[38;2;172;127;72m[48;2;114;97;57m▀[0m[38;2;216;175;96m[48;2;234;178;97m▀[0m[38;2;214;168;93m▄[0m[38;2;1;1;1m[48;2;167;123;71m▀[0m[38;2;172;128;73m[48;2;174;130;73m▀[0m[38;2;99;82;60m[48;2;27;110;92m▀[0m[38;2;35;117;101m[48;2;38;119;104m▀[0m[38;2;36;118;103m[48;2;26;72;63m▀[0m[38;2;36;118;103m[48;2;17;49;44m▀[0m[38;2;36;118;103m[48;2;8;12;11m▀[0m[38;2;36;117;101m▀[0m[38;2;37;119;103m▀[0m          
       [38;2;0;169;231m[48;2;0;19;22m▀[0m[38;2;0;176;240m▀[0m [38;2;105;59;63m[48;2;202;105;112m▀[0m[38;2;185;98;109m[48;2;88;49;52m▀[0m[38;2;200;96;67m[48;2;202;98;69m▀[0m[38;2;199;95;67m▀[0m[38;2;187;85;56m▀[0m[38;2;199;95;67m[48;2;171;127;72m▀[0m[38;2;200;96;67m[48;2;148;60;38m▀[0m[38;2;199;95;67m[48;2;56;37;24m▀[0m[38;2;85;68;40m[48;2;239;185;113m▀[0m[38;2;231;173;96m[48;2;231;173;95m▀[0m[38;2;232;174;96m[48;2;178;133;75m▀[0m[38;2;153;112;62m[48;2;36;117;101m▀[0m[38;2;36;118;102m[48;2;32;105;91m▀[0m[38;2;36;116;101m[48;2;9;152;126m▀[0m[38;2;35;116;100m[48;2;8;150;123m▀[0m[38;2;36;115;99m▀[0m[38;2;29;132;113m▀[0m             
          [38;2;180;110;115m▀[0m[38;2;0;0;0m▀[0m   [38;2;218;165;91m[48;2;230;173;95m▀[0m[38;2;228;172;97m[48;2;229;172;95m▀[0m[38;2;236;183;111m[48;2;228;172;95m▀[0m[38;2;232;177;102m[48;2;224;169;93m▀[0m[38;2;230;173;95m[48;2;225;169;94m▀[0m[38;2;223;167;93m[48;2;230;173;95m▀[0m[38;2;227;170;94m[48;2;233;180;111m▀[0m[38;2;24;140;113m[48;2;232;176;98m▀[0m[38;2;166;123;70m[48;2;174;129;73m▀[0m[38;2;39;30;17m▄[0m               
              [38;2;169;126;72m▄[0m[38;2;97;73;42m[48;2;0;133;169m▀[0m[38;2;226;170;94m[48;2;7;25;35m▀[0m[38;2;235;180;99m[48;2;171;128;73m▀[0m[38;2;168;125;71m[48;2;174;129;71m▀[0m[38;2;166;123;71m[48;2;53;41;24m▀[0m[38;2;97;71;40m[48;2;7;85;109m▀[0m[38;2;236;181;100m[48;2;0;175;245m▀[0m[38;2;236;180;99m[48;2;0;110;147m▀[0m[38;2;189;142;78m[48;2;0;134;178m▀[0m[38;2;171;127;73m[48;2;172;127;73m▀[0m[38;2;171;127;72m[48;2;171;127;73m▀[0m[38;2;169;125;71m[48;2;172;128;73m▀[0m[38;2;0;0;0m[48;2;171;127;72m▀[0m[38;2;53;40;23m[48;2;171;127;72m▀[0m[38;2;29;24;12m▀[0m          
             [38;2;179;115;85m[48;2;237;238;238m▀[0m[38;2;204;101;72m[48;2;171;176;175m▀[0m[38;2;200;97;66m[48;2;152;62;40m▀[0m[38;2;18;30;36m[48;2;153;62;40m▀[0m[38;2;172;128;73m[48;2;57;38;25m▀[0m[38;2;201;98;68m[48;2;105;95;83m▀[0m[38;2;203;102;72m[48;2;181;174;165m▀[0m[38;2;200;95;65m[48;2;190;184;182m▀[0m[38;2;155;63;40m[48;2;77;31;19m▀[0m[38;2;0;137;180m[48;2;149;60;38m▀[0m[38;2;0;133;175m[48;2;0;131;175m▀[0m[38;2;0;133;176m[48;2;0;133;173m▀[0m[38;2;36;120;103m[48;2;0;133;173m▀[0m[38;2;35;116;100m[48;2;36;122;106m▀[0m[38;2;35;116;100m[48;2;36;115;100m▀[0m[38;2;37;115;100m[48;2;38;117;103m▀[0m[38;2;36;117;101m[48;2;20;50;43m▀[0m[38;2;3;11;9m▄[0m         
                [38;2;0;48;72m▀[0m[38;2;0;100;151m[48;2;0;101;150m▀[0m[38;2;0;103;154m[48;2;5;70;85m▀[0m[38;2;167;124;71m[48;2;31;103;88m▀[0m[38;2;166;123;70m[48;2;35;107;93m▀[0m[38;2;0;135;178m[48;2;132;99;55m▀[0m[38;2;176;77;50m[48;2;2;115;149m▀[0m[38;2;151;61;39m[48;2;0;129;171m▀[0m[38;2;0;133;173m[48;2;3;117;148m▀[0m[38;2;36;115;100m[48;2;0;129;171m▀[0m[38;2;36;116;101m[48;2;37;116;101m▀[0m[38;2;36;116;101m[48;2;36;116;99m▀[0m[38;2;37;115;100m[48;2;16;38;33m▀[0m[38;2;33;119;103m[48;2;9;156;128m▀[0m[38;2;13;149;123m[48;2;16;155;131m▀[0m[38;2;10;150;124m[48;2;20;157;133m▀[0m[38;2;26;163;139m▄[0m       
                 [38;2;32;104;88m▀[0m[38;2;30;99;83m[48;2;36;114;92m▀[0m[38;2;30;103;87m[48;2;36;116;101m▀[0m[38;2;13;27;24m[48;2;37;125;109m▀[0m[38;2;31;104;88m▀[0m [38;2;167;123;71m▀[0m[38;2;177;131;75m[48;2;169;126;72m▀[0m[38;2;168;125;71m[48;2;130;56;37m▀[0m[38;2;36;118;102m[48;2;144;62;40m▀[0m[38;2;35;117;101m▀[0m[38;2;24;139;117m[48;2;17;128;107m▀[0m[38;2;21;165;137m▄[0m          
                  [38;2;11;151;126m▀[0m [38;2;16;155;130m▀[0m   [38;2;75;31;19m[48;2;151;61;39m▀[0m[38;2;151;61;39m[48;2;154;62;39m▀[0m[38;2;93;37;22m▀[0m             
                      [38;2;98;38;33m▄[0m[38;2;151;61;39m[48;2;151;61;39m▀[0m[38;2;151;61;39m[48;2;20;8;5m▀[0m[38;2;36;15;9m▀[0m              
                  [38;2;30;104;96m[48;2;11;27;23m▀[0m[38;2;39;111;105m▄[0m[38;2;16;7;6m[48;2;92;37;32m▀[0m[38;2;94;36;32m▀[0m[38;2;76;30;26m▀[0m                 
                [38;2;32;137;118m▀[0m[38;2;31;103;96m▀[0m[38;2;31;104;96m[48;2;32;105;97m▀[0m[38;2;101;40;34m[48;2;31;107;98m▀[0m[38;2;32;106;98m[48;2;30;104;96m▀[0m[38;2;32;110;103m[48;2;5;15;14m▀[0m                  
                  [38;2;9;148;121m[48;2;10;153;127m▀[0m[38;2;12;112;93m▀[0m [38;2;19;155;130m▀[0m                  
                                        
