                                        
                                        
                                        
    [38;2;218;147;100m▄[0m[38;2;13;9;7m▄[0m                                  
  [38;2;207;140;95m▄[0m[38;2;204;131;81m[48;2;203;132;85m▀[0m[38;2;208;139;95m[48;2;210;142;97m▀[0m[38;2;206;129;78m[48;2;165;104;63m▀[0m     [38;2;184;189;153m▄[0m     [38;2;16;13;6m▄[0m [38;2;227;247;202m▄[0m[38;2;1;0;0m▄[0m                   
  [38;2;78;46;34m▀[0m[38;2;145;81;58m▀[0m[38;2;174;108;65m▀[0m[38;2;102;59;46m[48;2;181;113;68m▀[0m[38;2;169;105;64m[48;2;179;112;66m▀[0m    [38;2;208;246;158m[48;2;156;104;67m▀[0m[38;2;207;244;159m[48;2;211;244;159m▀[0m[38;2;206;246;158m▄[0m[38;2;172;206;129m▄[0m[38;2;221;254;178m[48;2;173;210;129m▀[0m[38;2;207;247;158m[48;2;208;248;157m▀[0m[38;2;207;246;160m[48;2;223;247;197m▀[0m[38;2;206;244;159m[48;2;207;250;153m▀[0m[38;2;207;248;158m[48;2;206;247;154m▀[0m[38;2;237;255;209m[48;2;206;247;159m▀[0m[38;2;222;255;183m▄[0m[38;2;213;246;168m▄[0m[38;2;9;7;7m▄[0m[38;2;189;193;170m▀[0m     [38;2;208;133;80m▄[0m[38;2;211;144;98m[48;2;205;129;78m▀[0m[38;2;197;120;78m[48;2;206;129;76m▀[0m[38;2;0;0;0m▄[0m      
      [38;2;195;126;78m[48;2;207;248;155m▀[0m[38;2;117;126;81m▄[0m   [38;2;106;63;33m[48;2;237;255;206m▀[0m[38;2;213;123;63m[48;2;108;104;73m▀[0m[38;2;211;246;163m[48;2;226;248;200m▀[0m[38;2;210;244;163m[48;2;228;251;198m▀[0m[38;2;226;248;199m[48;2;227;250;199m▀[0m[38;2;227;247;200m[48;2;227;249;200m▀[0m[38;2;222;249;185m[48;2;210;246;164m▀[0m[38;2;206;247;158m[48;2;208;245;164m▀[0m[38;2;206;246;159m[48;2;206;247;159m▀[0m[38;2;207;246;160m[48;2;206;247;159m▀[0m[38;2;207;248;155m[48;2;159;103;63m▀[0m[38;2;166;106;64m[48;2;160;103;63m▀[0m[38;2;143;153;114m[48;2;230;255;196m▀[0m     [38;2;179;114;70m▄[0m[38;2;200;128;81m[48;2;203;129;77m▀[0m[38;2;207;135;85m[48;2;213;144;98m▀[0m[38;2;206;132;80m[48;2;221;147;97m▀[0m[38;2;214;136;83m[48;2;212;143;97m▀[0m[38;2;0;0;0m▄[0m     
      [38;2;207;246;160m[48;2;207;246;159m▀[0m[38;2;207;246;159m[48;2;207;244;160m▀[0m[38;2;198;234;150m[48;2;207;246;160m▀[0m[38;2;120;131;86m[48;2;173;206;129m▀[0m[38;2;2;1;1m[48;2;207;247;158m▀[0m[38;2;207;246;160m[48;2;207;246;159m▀[0m[38;2;227;251;197m[48;2;226;248;200m▀[0m[38;2;228;250;197m[48;2;228;250;198m▀[0m[38;2;226;249;200m[48;2;228;251;197m▀[0m[38;2;227;249;200m[48;2;226;248;200m▀[0m[38;2;227;248;200m[48;2;227;249;199m▀[0m[38;2;226;248;199m[48;2;227;251;199m▀[0m[38;2;227;249;200m[48;2;226;248;198m▀[0m[38;2;207;251;153m[48;2;207;245;160m▀[0m[38;2;207;246;160m[48;2;207;246;158m▀[0m[38;2;207;246;159m[48;2;207;246;160m▀[0m[38;2;206;123;62m[48;2;207;245;160m▀[0m[38;2;62;49;37m[48;2;177;211;133m▀[0m[38;2;134;146;96m▄[0m   [38;2;216;249;169m▄[0m[38;2;207;129;78m[48;2;202;140;85m▀[0m[38;2;205;130;78m▀[0m[38;2;163;106;67m▀[0m[38;2;57;32;26m▀[0m[38;2;78;46;31m▀[0m      
        [38;2;171;210;126m▀[0m[38;2;171;206;128m▀[0m[38;2;207;245;160m[48;2;206;247;159m▀[0m[38;2;207;245;160m[48;2;207;246;160m▀[0m[38;2;178;192;124m[48;2;215;254;168m▀[0m[38;2;229;252;196m[48;2;206;235;162m▀[0m[38;2;226;248;199m[48;2;226;247;199m▀[0m[38;2;226;249;199m[48;2;226;248;199m▀[0m[38;2;228;251;198m[48;2;224;247;196m▀[0m[38;2;226;248;199m[48;2;207;245;160m▀[0m[38;2;219;246;181m[48;2;207;248;154m▀[0m[38;2;208;248;157m[48;2;207;246;160m▀[0m[38;2;206;248;159m[48;2;207;245;159m▀[0m[38;2;207;246;160m[48;2;207;246;160m▀[0m[38;2;207;246;160m[48;2;187;225;144m▀[0m[38;2;178;216;132m[48;2;183;220;141m▀[0m[38;2;190;232;139m[48;2;185;222;141m▀[0m[38;2;198;240;146m[48;2;206;247;154m▀[0m[38;2;223;252;183m[48;2;207;248;157m▀[0m[38;2;207;246;158m[48;2;207;245;160m▀[0m[38;2;207;246;160m[48;2;207;245;160m▀[0m[38;2;206;246;159m[48;2;207;246;159m▀[0m   [38;2;157;110;78m▄[0m[38;2;88;62;46m[48;2;146;102;74m▀[0m[38;2;172;120;84m[48;2;1;1;1m▀[0m[38;2;173;121;85m[48;2;69;42;35m▀[0m[38;2;174;121;85m[48;2;174;120;85m▀[0m  
         [38;2;114;109;80m▀[0m[38;2;207;246;160m[48;2;209;249;155m▀[0m[38;2;207;248;158m[48;2;207;250;153m▀[0m[38;2;216;255;167m[48;2;207;246;160m▀[0m[38;2;148;33;23m[48;2;194;208;138m▀[0m[38;2;209;245;158m[48;2;55;58;66m▀[0m[38;2;213;245;168m[48;2;133;140;90m▀[0m[38;2;206;246;159m[48;2;190;220;142m▀[0m[38;2;207;246;160m[48;2;239;240;246m▀[0m[38;2;50;45;44m[48;2;233;234;231m▀[0m[38;2;221;227;212m[48;2;80;76;70m▀[0m[38;2;206;246;157m[48;2;207;246;160m▀[0m[38;2;207;246;160m[48;2;187;224;140m▀[0m[38;2;177;214;134m[48;2;177;214;134m▀[0m[38;2;184;221;143m[48;2;175;212;132m▀[0m[38;2;187;225;139m[48;2;50;42;31m▀[0m[38;2;199;236;152m▀[0m[38;2;207;245;159m▀[0m[38;2;206;244;159m▀[0m[38;2;208;247;160m▀[0m[38;2;109;95;57m▀[0m  [38;2;23;16;13m▀[0m[38;2;149;102;73m▀[0m [38;2;140;101;72m▄[0m[38;2;174;120;85m[48;2;165;115;81m▀[0m[38;2;172;119;85m▀[0m  
          [38;2;241;254;223m[48;2;174;207;125m▀[0m[38;2;207;250;153m[48;2;132;135;74m▀[0m[38;2;207;252;155m[48;2;194;233;145m▀[0m[38;2;215;179;189m[48;2;203;241;155m▀[0m[38;2;234;212;219m[48;2;219;174;188m▀[0m[38;2;239;204;216m[48;2;236;188;204m▀[0m[38;2;209;166;179m[48;2;200;160;172m▀[0m[38;2;181;210;135m[48;2;172;205;129m▀[0m[38;2;207;245;160m[48;2;172;205;130m▀[0m[38;2;207;246;160m[48;2;185;223;141m▀[0m[38;2;184;221;140m[48;2;176;213;128m▀[0m[38;2;176;212;128m[48;2;171;208;127m▀[0m[38;2;173;210;128m[48;2;172;205;129m▀[0m[38;2;173;206;130m▀[0m        [38;2;4;4;4m▄[0m[38;2;155;176;128m▄[0m[38;2;138;98;72m[48;2;152;158;112m▀[0m[38;2;139;98;72m▀[0m    
        [38;2;176;194;124m▄[0m[38;2;207;248;155m[48;2;207;245;160m▀[0m[38;2;207;251;153m[48;2;207;250;154m▀[0m[38;2;171;210;125m[48;2;171;210;124m▀[0m[38;2;173;205;129m[48;2;52;44;29m▀[0m[38;2;184;221;141m▀[0m[38;2;175;215;128m[48;2;94;102;59m▀[0m[38;2;171;210;124m[48;2;171;209;128m▀[0m[38;2;171;210;124m[48;2;171;210;125m▀[0m[38;2;172;205;129m[48;2;171;210;124m▀[0m[38;2;172;205;129m[48;2;171;210;124m▀[0m[38;2;173;206;130m[48;2;187;225;134m▀[0m[38;2;171;205;130m[48;2;174;208;124m▀[0m[38;2;175;206;130m[48;2;207;248;157m▀[0m[38;2;179;216;138m[48;2;207;247;160m▀[0m[38;2;187;223;137m[48;2;207;246;160m▀[0m[38;2;37;35;28m▄[0m[38;2;156;178;126m▄[0m[38;2;157;178;129m▄[0m[38;2;156;174;128m▄[0m[38;2;155;173;127m▄[0m[38;2;0;0;0m[48;2;155;173;127m▀[0m[38;2;158;182;129m[48;2;156;174;129m▀[0m[38;2;156;176;128m▀[0m[38;2;156;175;130m▀[0m[38;2;24;19;16m▀[0m      
          [38;2;156;171;125m[48;2;106;61;47m▀[0m[38;2;37;24;20m[48;2;149;95;60m▀[0m[38;2;146;95;63m[48;2;3;1;1m▀[0m[38;2;163;107;69m▀[0m [38;2;61;55;32m▀[0m     [38;2;207;247;159m▀[0m[38;2;207;247;159m[48;2;207;244;160m▀[0m[38;2;208;249;154m[48;2;207;246;160m▀[0m[38;2;207;247;160m[48;2;181;211;141m▀[0m               
      [38;2;206;132;81m▄[0m[38;2;203;137;94m[48;2;190;120;74m▀[0m[38;2;200;128;78m▀[0m[38;2;170;106;65m[48;2;207;131;79m▀[0m[38;2;159;101;60m[48;2;215;133;80m▀[0m[38;2;149;96;61m▀[0m           [38;2;158;178;128m▀[0m[38;2;124;125;94m[48;2;146;94;62m▀[0m               
         [38;2;205;129;76m▀[0m             [38;2;160;101;61m[48;2;165;104;63m▀[0m[38;2;154;98;60m[48;2;159;101;62m▀[0m[38;2;152;101;65m[48;2;161;100;59m▀[0m[38;2;177;110;69m▄[0m             
                      [38;2;86;56;39m[48;2;39;22;16m▀[0m[38;2;201;127;79m[48;2;201;126;79m▀[0m[38;2;46;30;20m▀[0m[38;2;24;14;11m▀[0m[38;2;200;127;79m▀[0m[38;2;202;137;95m[48;2;201;126;77m▀[0m            
                       [38;2;180;110;64m▀[0m                
                                        
                                        
                                        
