                                        
          [38;2;64;65;99m▄[0m[38;2;1;1;1m▄[0m        [38;2;242;241;245m[48;2;234;230;231m▀[0m[38;2;38;38;38m[48;2;194;191;193m▀[0m[38;2;39;38;58m[48;2;9;10;15m▀[0m[38;2;234;231;232m▄[0m[38;2;236;232;234m▄[0m  [38;2;8;9;12m▄[0m[38;2;71;71;108m▄[0m[38;2;68;67;101m▄[0m[38;2;72;72;109m[48;2;47;47;73m▀[0m         
          [38;2;42;43;66m▀[0m[38;2;71;71;108m[48;2;16;15;24m▀[0m[38;2;71;71;108m[48;2;70;70;105m▀[0m[38;2;37;39;59m[48;2;73;73;109m▀[0m[38;2;70;70;105m▄[0m    [38;2;191;179;183m[48;2;67;69;102m▀[0m[38;2;234;231;233m[48;2;71;71;107m▀[0m[38;2;83;84;126m[48;2;71;71;107m▀[0m[38;2;79;78;79m[48;2;35;36;56m▀[0m[38;2;243;241;246m[48;2;174;163;168m▀[0m[38;2;177;165;170m[48;2;124;115;116m▀[0m[38;2;79;80;120m▄[0m[38;2;84;85;127m[48;2;48;48;74m▀[0m[38;2;84;84;126m[48;2;47;48;74m▀[0m[38;2;47;47;73m▀[0m[38;2;48;48;75m▀[0m          
         [38;2;19;20;31m▄[0m[38;2;74;74;112m▄[0m[38;2;51;51;78m▄[0m[38;2;66;66;100m▄[0m[38;2;70;70;105m[48;2;32;32;49m▀[0m[38;2;48;48;75m[48;2;1;1;3m▀[0m[38;2;71;70;106m[48;2;47;47;73m▀[0m[38;2;71;71;107m▄[0m[38;2;74;73;111m[48;2;83;83;125m▀[0m[38;2;70;70;106m[48;2;84;84;127m▀[0m[38;2;84;84;126m[48;2;84;85;127m▀[0m[38;2;71;71;107m[48;2;71;71;108m▀[0m[38;2;71;71;107m[48;2;71;71;107m▀[0m[38;2;54;54;83m[48;2;47;47;72m▀[0m[38;2;31;30;42m[48;2;35;36;55m▀[0m[38;2;72;72;109m[48;2;34;34;54m▀[0m[38;2;47;48;74m▀[0m[38;2;41;41;63m▀[0m[38;2;5;5;7m▄[0m[38;2;55;55;84m▄[0m[38;2;72;72;109m▄[0m[38;2;70;70;106m▄[0m[38;2;63;63;96m▄[0m[38;2;0;0;0m▄[0m       
           [38;2;24;24;37m▀[0m[38;2;71;71;107m▀[0m[38;2;47;47;73m▀[0m[38;2;48;48;74m▀[0m[38;2;14;14;22m[48;2;73;73;110m▀[0m[38;2;71;71;108m[48;2;63;64;96m▀[0m[38;2;84;86;127m[48;2;71;71;108m▀[0m[38;2;84;86;127m[48;2;71;71;108m▀[0m[38;2;79;80;119m[48;2;69;69;103m▀[0m[38;2;71;71;108m[48;2;70;70;105m▀[0m[38;2;71;71;107m[48;2;5;6;5m▀[0m[38;2;71;71;107m[48;2;70;70;105m▀[0m[38;2;48;48;74m[48;2;26;26;40m▀[0m[38;2;44;45;69m[48;2;31;31;49m▀[0m[38;2;35;35;54m[48;2;0;0;0m▀[0m[38;2;54;54;83m▀[0m[38;2;84;85;127m▀[0m[38;2;83;84;125m▀[0m[38;2;82;84;125m▀[0m[38;2;82;84;126m▀[0m[38;2;15;16;25m▀[0m        
          [38;2;88;89;131m▄[0m[38;2;72;72;110m[48;2;30;31;48m▀[0m[38;2;39;40;62m▀[0m[38;2;50;50;77m▀[0m[38;2;47;47;73m[48;2;0;0;1m▀[0m[38;2;130;129;129m[48;2;47;47;73m▀[0m[38;2;106;27;98m[48;2;244;244;244m▀[0m[38;2;71;71;106m[48;2;127;111;112m▀[0m[38;2;70;70;106m[48;2;206;157;177m▀[0m[38;2;215;167;181m[48;2;243;242;249m▀[0m[38;2;205;158;175m[48;2;174;93;164m▀[0m[38;2;41;40;62m[48;2;24;22;30m▀[0m[38;2;71;71;107m[48;2;60;60;93m▀[0m[38;2;72;73;110m[48;2;47;48;74m▀[0m[38;2;47;48;74m[48;2;71;72;108m▀[0m[38;2;47;48;74m[48;2;71;71;107m▀[0m[38;2;47;47;73m[48;2;67;67;102m▀[0m[38;2;64;63;97m[48;2;74;73;110m▀[0m[38;2;38;39;60m[48;2;72;71;107m▀[0m[38;2;72;71;107m▄[0m[38;2;71;71;107m▄[0m         
            [38;2;73;74;111m▄[0m[38;2;72;72;109m[48;2;53;53;82m▀[0m[38;2;47;47;73m[48;2;24;25;39m▀[0m[38;2;45;45;71m▀[0m [38;2;89;38;59m▀[0m[38;2;209;160;179m▀[0m[38;2;205;158;175m[48;2;33;34;53m▀[0m[38;2;86;69;72m[48;2;7;7;11m▀[0m[38;2;60;61;91m▀[0m[38;2;30;30;47m▀[0m[38;2;55;55;85m[48;2;11;11;17m▀[0m[38;2;47;47;73m[48;2;71;71;108m▀[0m[38;2;47;47;73m[48;2;71;71;107m▀[0m[38;2;71;71;108m▄[0m[38;2;66;66;98m[48;2;41;42;62m▀[0m[38;2;85;87;128m▀[0m[38;2;83;84;126m▀[0m[38;2;71;71;107m▀[0m[38;2;45;44;67m▀[0m        
            [38;2;75;76;114m▀[0m   [38;2;230;229;230m▄[0m[38;2;102;102;102m[48;2;245;244;250m▀[0m[38;2;240;237;240m▄[0m[38;2;35;36;57m[48;2;237;234;236m▀[0m[38;2;90;91;134m▄[0m    [38;2;79;81;120m▀[0m[38;2;68;70;104m[48;2;29;29;45m▀[0m[38;2;71;71;107m[48;2;70;70;105m▀[0m[38;2;73;75;111m[48;2;70;70;106m▀[0m[38;2;6;6;10m▄[0m          
          [38;2;248;247;251m[48;2;240;239;241m▀[0m[38;2;0;0;0m▄[0m[38;2;10;8;13m▄[0m[38;2;74;73;110m▄[0m[38;2;70;70;105m▄[0m[38;2;1;1;1m▄[0m[38;2;236;233;235m[48;2;171;160;165m▀[0m[38;2;236;232;235m[48;2;28;27;41m▀[0m[38;2;236;233;235m[48;2;172;160;165m▀[0m[38;2;178;177;178m[48;2;70;70;106m▀[0m[38;2;75;77;115m[48;2;31;31;49m▀[0m                   
        [38;2;50;41;43m▄[0m[38;2;118;92;97m▀[0m[38;2;239;236;237m[48;2;173;160;165m▀[0m[38;2;71;71;107m▀[0m[38;2;71;71;107m▀[0m[38;2;0;0;0m▀[0m  [38;2;17;16;25m▀[0m[38;2;71;71;107m[48;2;48;48;74m▀[0m[38;2;71;71;107m[48;2;48;49;74m▀[0m[38;2;71;71;106m[48;2;70;70;105m▀[0m[38;2;70;70;106m[48;2;47;47;73m▀[0m[38;2;70;70;105m▀[0m                  
          [38;2;204;195;199m▀[0m    [38;2;236;232;235m[48;2;241;240;244m▀[0m[38;2;179;178;177m[48;2;241;237;239m▀[0m[38;2;237;235;235m[48;2;244;243;247m▀[0m[38;2;50;50;76m[48;2;29;30;47m▀[0m[38;2;71;71;108m[48;2;71;71;107m▀[0m[38;2;71;71;108m[48;2;71;71;108m▀[0m[38;2;74;74;112m[48;2;71;71;107m▀[0m                  
               [38;2;180;169;173m[48;2;71;71;107m▀[0m[38;2;177;167;170m[48;2;71;71;108m▀[0m[38;2;60;59;60m[48;2;71;71;108m▀[0m[38;2;27;27;41m[48;2;69;68;103m▀[0m[38;2;71;71;107m[48;2;248;248;251m▀[0m[38;2;71;71;108m[48;2;237;234;236m▀[0m[38;2;71;71;108m[48;2;230;227;229m▀[0m[38;2;50;50;76m▀[0m                 
             [38;2;238;237;238m▄[0m[38;2;35;36;53m▄[0m[38;2;46;47;73m[48;2;117;115;116m▀[0m[38;2;47;48;74m[48;2;234;230;233m▀[0m[38;2;47;47;73m[48;2;159;149;153m▀[0m[38;2;234;230;232m[48;2;183;172;176m▀[0m[38;2;236;232;235m[48;2;153;117;117m▀[0m[38;2;222;217;220m[48;2;57;57;73m▀[0m[38;2;56;57;87m[48;2;71;71;107m▀[0m[38;2;54;54;82m[48;2;71;71;107m▀[0m                 
             [38;2;236;232;234m[48;2;236;233;235m▀[0m[38;2;228;227;228m[48;2;86;82;83m▀[0m[38;2;236;233;235m[48;2;236;233;235m▀[0m[38;2;236;232;235m[48;2;232;229;230m▀[0m[38;2;46;46;73m[48;2;71;71;107m▀[0m[38;2;19;18;27m[48;2;71;71;107m▀[0m[38;2;128;100;107m[48;2;71;71;108m▀[0m[38;2;197;154;167m[48;2;73;73;110m▀[0m[38;2;71;71;107m[48;2;52;49;57m▀[0m[38;2;70;70;105m[48;2;70;70;105m▀[0m[38;2;74;73;111m[48;2;71;71;108m▀[0m                
             [38;2;176;165;170m[48;2;71;71;108m▀[0m[38;2;55;56;86m[48;2;71;71;107m▀[0m[38;2;179;167;172m[48;2;71;71;107m▀[0m[38;2;186;175;180m[48;2;71;71;107m▀[0m[38;2;71;71;107m[48;2;71;71;107m▀[0m[38;2;70;70;105m[48;2;71;71;108m▀[0m[38;2;70;70;105m[48;2;71;71;107m▀[0m[38;2;71;71;107m[48;2;72;71;107m▀[0m[38;2;71;71;107m[48;2;76;77;116m▀[0m[38;2;71;71;108m[48;2;21;21;32m▀[0m[38;2;71;71;107m[48;2;49;50;76m▀[0m[38;2;72;72;108m▀[0m               
            [38;2;9;9;8m▄[0m[38;2;0;0;0m[48;2;223;223;223m▀[0m[38;2;47;47;73m[48;2;71;71;107m▀[0m[38;2;47;47;73m[48;2;247;246;247m▀[0m[38;2;47;47;73m[48;2;238;238;240m▀[0m[38;2;47;48;74m[48;2;71;71;107m▀[0m[38;2;49;49;76m[48;2;71;71;107m▀[0m[38;2;55;56;84m[48;2;71;71;107m▀[0m[38;2;60;61;93m[48;2;71;71;107m▀[0m[38;2;69;69;105m[48;2;71;71;107m▀[0m[38;2;71;71;108m[48;2;71;71;107m▀[0m[38;2;71;71;108m[48;2;71;71;107m▀[0m[38;2;71;70;107m[48;2;71;71;107m▀[0m               
            [38;2;242;240;243m[48;2;238;238;240m▀[0m[38;2;240;238;242m[48;2;241;240;243m▀[0m[38;2;245;244;245m[48;2;246;245;251m▀[0m[38;2;241;238;242m[48;2;244;242;247m▀[0m[38;2;244;243;249m[48;2;245;241;243m▀[0m[38;2;71;71;108m[48;2;71;71;107m▀[0m[38;2;71;71;108m[48;2;70;70;106m▀[0m[38;2;71;71;107m[48;2;70;70;105m▀[0m[38;2;71;71;107m[48;2;70;70;105m▀[0m[38;2;71;71;107m[48;2;71;70;106m▀[0m[38;2;71;71;107m[48;2;70;70;106m▀[0m[38;2;70;70;106m[48;2;71;71;107m▀[0m[38;2;71;71;107m[48;2;70;70;106m▀[0m[38;2;71;71;107m[48;2;71;71;107m▀[0m              
            [38;2;240;237;239m[48;2;191;181;185m▀[0m[38;2;186;176;179m[48;2;63;62;95m▀[0m[38;2;170;158;163m[48;2;65;65;99m▀[0m[38;2;189;180;183m[48;2;171;160;165m▀[0m[38;2;176;164;168m[48;2;71;71;107m▀[0m[38;2;70;70;105m[48;2;71;71;107m▀[0m[38;2;70;70;105m[48;2;71;71;108m▀[0m[38;2;71;71;107m[48;2;71;71;107m▀[0m[38;2;71;71;107m[48;2;71;71;108m▀[0m[38;2;71;71;108m[48;2;71;71;107m▀[0m[38;2;71;71;108m[48;2;71;71;108m▀[0m[38;2;71;71;108m[48;2;71;71;107m▀[0m[38;2;71;71;108m[48;2;71;71;107m▀[0m[38;2;71;71;108m[48;2;71;71;107m▀[0m[38;2;71;71;108m[48;2;71;71;107m▀[0m[38;2;1;1;1m▄[0m            
            [38;2;0;0;0m[48;2;0;0;0m▀[0m[38;2;71;71;107m[48;2;71;71;107m▀[0m[38;2;71;71;107m[48;2;71;71;107m▀[0m[38;2;71;71;108m[48;2;71;71;107m▀[0m[38;2;71;71;108m[48;2;71;71;107m▀[0m[38;2;71;71;107m[48;2;71;71;107m▀[0m[38;2;71;71;107m[48;2;71;71;107m▀[0m[38;2;71;71;107m[48;2;71;71;107m▀[0m[38;2;71;71;107m[48;2;71;71;107m▀[0m[38;2;71;71;107m[48;2;71;71;107m▀[0m[38;2;70;70;106m[48;2;71;71;107m▀[0m[38;2;70;70;105m[48;2;70;70;105m▀[0m[38;2;72;71;107m[48;2;70;70;106m▀[0m[38;2;71;71;107m[48;2;65;64;97m▀[0m[38;2;70;70;105m▀[0m[38;2;70;70;105m▀[0m            
                                        
