                                        
                                        
                                        
                                        
                                        
               [38;2;101;156;132m▄[0m                        
              [38;2;161;207;172m[48;2;155;205;168m▀[0m[38;2;161;207;172m[48;2;218;235;200m▀[0m[38;2;160;207;172m[48;2;158;206;170m▀[0m[38;2;156;207;168m▄[0m      [38;2;159;206;170m▄[0m[38;2;155;205;167m▄[0m[38;2;154;205;167m▄[0m       [38;2;143;201;162m▄[0m[38;2;138;201;159m▄[0m    
    [38;2;152;205;166m[48;2;147;198;162m▀[0m[38;2;155;205;168m[48;2;155;205;167m▀[0m[38;2;64;117;105m[48;2;150;203;166m▀[0m [38;2;180;214;182m▄[0m[38;2;71;125;111m▄[0m    [38;2;155;205;167m[48;2;155;205;167m▀[0m[38;2;218;235;200m[48;2;185;199;166m▀[0m[38;2;221;236;204m[48;2;182;196;164m▀[0m[38;2;162;207;172m[48;2;135;198;157m▀[0m[38;2;146;204;165m[48;2;139;200;160m▀[0m[38;2;141;201;162m[48;2;135;198;157m▀[0m[38;2;135;198;157m[48;2;135;198;157m▀[0m[38;2;121;182;147m[48;2;135;198;157m▀[0m[38;2;135;198;157m▄[0m[38;2;155;205;167m[48;2;216;230;199m▀[0m[38;2;182;201;176m[48;2;214;229;195m▀[0m[38;2;219;236;204m[48;2;215;229;195m▀[0m[38;2;156;205;168m[48;2;154;205;167m▀[0m      [38;2;155;205;167m[48;2;157;206;169m▀[0m[38;2;155;205;167m[48;2;155;205;167m▀[0m[38;2;155;205;167m▀[0m    
    [38;2;135;198;157m[48;2;135;198;157m▀[0m[38;2;135;198;157m[48;2;135;198;157m▀[0m[38;2;136;200;158m[48;2;145;201;163m▀[0m[38;2;113;173;141m[48;2;106;156;135m▀[0m[38;2;135;198;157m[48;2;145;202;164m▀[0m[38;2;135;199;157m[48;2;101;157;132m▀[0m[38;2;135;198;157m▄[0m   [38;2;135;198;157m▄[0m[38;2;135;198;157m[48;2;167;209;174m▀[0m[38;2;135;198;157m[48;2;244;240;217m▀[0m[38;2;102;146;122m[48;2;242;237;216m▀[0m[38;2;213;229;195m[48;2;188;204;177m▀[0m[38;2;214;230;195m[48;2;210;225;192m▀[0m[38;2;213;230;195m[48;2;211;226;193m▀[0m[38;2;106;153;126m[48;2;213;227;194m▀[0m[38;2;136;199;157m[48;2;219;232;198m▀[0m[38;2;157;170;142m[48;2;135;198;157m▀[0m[38;2;156;171;141m[48;2;135;198;157m▀[0m[38;2;155;205;167m▀[0m[38;2;77;131;115m▀[0m [38;2;85;141;120m▄[0m[38;2;135;198;157m▄[0m[38;2;135;198;157m[48;2;135;198;157m▀[0m[38;2;135;198;157m[48;2;137;199;158m▀[0m[38;2;136;199;158m[48;2;136;199;158m▀[0m[38;2;135;198;157m[48;2;136;199;158m▀[0m[38;2;139;195;159m[48;2;135;198;157m▀[0m[38;2;138;202;159m▄[0m    
  [38;2;153;208;167m[48;2;239;236;215m▀[0m[38;2;142;200;161m[48;2;161;206;172m▀[0m[38;2;135;198;157m[48;2;107;165;136m▀[0m[38;2;135;198;157m[48;2;139;199;160m▀[0m[38;2;164;159;148m[48;2;243;215;202m▀[0m[38;2;219;142;142m[48;2;231;178;171m▀[0m[38;2;220;143;142m[48;2;222;144;144m▀[0m[38;2;125;126;114m[48;2;224;146;146m▀[0m[38;2;135;198;157m[48;2;136;198;158m▀[0m[38;2;142;203;162m[48;2;145;201;163m▀[0m[38;2;135;198;157m▄[0m[38;2;136;199;158m▄[0m[38;2;135;198;157m[48;2;135;198;157m▀[0m[38;2;208;211;192m[48;2;222;234;201m▀[0m[38;2;243;238;216m[48;2;221;236;202m▀[0m[38;2;243;239;217m[48;2;219;236;205m▀[0m[38;2;218;236;199m[48;2;219;236;202m▀[0m[38;2;214;229;194m[48;2;216;235;199m▀[0m[38;2;217;234;199m[48;2;218;235;201m▀[0m[38;2;219;236;205m[48;2;220;236;203m▀[0m[38;2;219;236;205m[48;2;216;234;199m▀[0m[38;2;129;190;151m[48;2;176;196;168m▀[0m[38;2;135;198;157m[48;2;135;198;157m▀[0m[38;2;75;128;112m▄[0m [38;2;135;198;157m▄[0m[38;2;135;198;157m[48;2;227;231;208m▀[0m[38;2;134;199;157m[48;2;161;206;170m▀[0m[38;2;111;150;126m[48;2;224;146;145m▀[0m[38;2;226;151;151m[48;2;224;145;145m▀[0m[38;2;224;145;145m[48;2;223;145;145m▀[0m[38;2;136;200;158m[48;2;163;113;110m▀[0m[38;2;133;197;156m[48;2;135;198;157m▀[0m[38;2;135;198;157m[48;2;138;199;158m▀[0m[38;2;160;206;171m[48;2;157;205;169m▀[0m[38;2;167;210;176m[48;2;98;149;128m▀[0m  
    [38;2;135;198;157m▀[0m[38;2;135;198;157m[48;2;137;200;159m▀[0m[38;2;109;172;137m[48;2;144;201;163m▀[0m[38;2;165;112;108m[48;2;135;198;157m▀[0m[38;2;166;112;108m[48;2;138;200;159m▀[0m[38;2;132;195;154m[48;2;135;198;157m▀[0m[38;2;225;201;157m[48;2;117;179;143m▀[0m[38;2;227;202;158m[48;2;170;154;119m▀[0m[38;2;135;198;157m[48;2;135;198;157m▀[0m[38;2;135;198;157m[48;2;221;237;207m▀[0m[38;2;133;198;156m[48;2;145;201;163m▀[0m[38;2;220;238;202m[48;2;135;198;157m▀[0m[38;2;70;98;89m[48;2;219;237;205m▀[0m[38;2;216;234;199m[48;2;81;97;89m▀[0m[38;2;224;242;206m[48;2;179;125;121m▀[0m[38;2;221;236;204m[48;2;195;128;126m▀[0m[38;2;218;236;205m[48;2;216;231;196m▀[0m[38;2;70;99;89m[48;2;198;216;184m▀[0m[38;2;216;234;198m[48;2;154;169;139m▀[0m[38;2;102;157;127m[48;2;142;201;162m▀[0m[38;2;135;198;157m[48;2;135;199;158m▀[0m[38;2;136;199;158m[48;2;104;159;130m▀[0m[38;2;145;201;163m[48;2;145;201;163m▀[0m[38;2;148;207;167m[48;2;125;129;107m▀[0m[38;2;233;213;179m[48;2;168;153;119m▀[0m[38;2;103;126;104m[48;2;99;155;126m▀[0m[38;2;125;101;96m[48;2;135;198;157m▀[0m[38;2;167;118;114m[48;2;146;202;164m▀[0m[38;2;166;116;111m[48;2;144;201;163m▀[0m[38;2;136;190;155m[48;2;143;200;162m▀[0m[38;2;136;198;158m[48;2;76;125;114m▀[0m     
        [38;2;85;141;122m▀[0m[38;2;135;199;157m▀[0m[38;2;135;198;157m▀[0m[38;2;136;198;158m▀[0m[38;2;138;199;160m▀[0m[38;2;144;204;164m[48;2;136;199;158m▀[0m[38;2;135;198;157m[48;2;135;198;157m▀[0m[38;2;184;198;166m[48;2;135;198;157m▀[0m[38;2;140;199;161m[48;2;140;201;161m▀[0m[38;2;117;141;122m[48;2;126;157;134m▀[0m[38;2;156;170;141m[48;2;214;230;195m▀[0m[38;2;149;166;135m[48;2;214;230;195m▀[0m[38;2;151;167;137m[48;2;216;231;196m▀[0m[38;2;102;143;118m[48;2;139;200;160m▀[0m[38;2;128;192;152m[48;2;137;199;159m▀[0m[38;2;136;199;158m[48;2;145;201;163m▀[0m[38;2;91;128;108m[48;2;135;198;157m▀[0m[38;2;161;174;144m[48;2;94;151;127m▀[0m[38;2;135;198;157m[48;2;120;182;147m▀[0m[38;2;136;198;158m[48;2;85;140;120m▀[0m[38;2;144;201;163m▀[0m[38;2;138;200;160m▀[0m[38;2;135;198;157m▀[0m[38;2;136;198;157m▀[0m[38;2;135;198;157m▀[0m       
              [38;2;135;198;158m▀[0m[38;2;105;156;127m[48;2;135;198;157m▀[0m[38;2;214;231;195m[48;2;111;150;126m▀[0m[38;2;240;239;215m[48;2;159;174;144m▀[0m[38;2;222;238;202m[48;2;194;208;176m▀[0m[38;2;214;229;194m[48;2;195;210;177m▀[0m[38;2;112;136;121m[48;2;155;169;139m▀[0m[38;2;145;201;163m[48;2;135;198;157m▀[0m[38;2;134;198;157m[48;2;134;198;157m▀[0m[38;2;135;198;157m[48;2;135;198;158m▀[0m[38;2;135;198;157m▀[0m               
                [38;2;140;202;161m▀[0m[38;2;145;201;163m[48;2;155;205;167m▀[0m[38;2;145;201;163m[48;2;162;207;173m▀[0m[38;2;144;201;164m[48;2;154;204;167m▀[0m[38;2;144;201;163m[48;2;151;200;164m▀[0m[38;2;139;200;161m▀[0m[38;2;113;174;142m▀[0m                 
                  [38;2;109;159;137m▀[0m                     
                                        
                                        
                                        
                                        
                                        
