                                        
          [38;2;237;242;230m▄[0m[38;2;208;210;209m[48;2;238;244;232m▀[0m                            
         [38;2;205;218;223m▄[0m[38;2;252;253;251m[48;2;241;247;235m▀[0m[38;2;239;245;233m[48;2;239;246;234m▀[0m[38;2;239;244;232m▄[0m[38;2;250;251;248m[48;2;242;244;242m▀[0m[38;2;38;38;36m[48;2;241;243;241m▀[0m[38;2;244;246;242m▄[0m[38;2;236;240;231m▄[0m                       
        [38;2;29;30;27m▄[0m[38;2;243;245;243m[48;2;236;240;231m▀[0m[38;2;236;241;231m[48;2;234;239;229m▀[0m[38;2;234;240;229m[48;2;227;231;221m▀[0m[38;2;234;239;229m[48;2;234;240;229m▀[0m[38;2;204;206;204m[48;2;234;240;230m▀[0m[38;2;236;241;231m[48;2;234;239;228m▀[0m[38;2;233;240;229m[48;2;234;239;229m▀[0m[38;2;220;224;215m[48;2;234;239;229m▀[0m[38;2;242;247;236m▄[0m                      
        [38;2;243;249;239m[48;2;222;202;83m▀[0m[38;2;233;239;229m[48;2;107;108;110m▀[0m[38;2;74;73;74m[48;2;223;235;235m▀[0m[38;2;243;243;243m[48;2;238;240;237m▀[0m[38;2;233;238;228m[48;2;235;240;230m▀[0m[38;2;213;217;209m[48;2;236;240;230m▀[0m[38;2;236;241;230m[48;2;236;241;230m▀[0m[38;2;235;240;230m[48;2;237;242;230m▀[0m[38;2;235;240;230m[48;2;237;242;231m▀[0m[38;2;240;245;235m▀[0m                      
      [38;2;255;223;104m▄[0m[38;2;255;222;95m▀[0m[38;2;72;69;51m▀[0m    [38;2;243;246;238m▀[0m[38;2;239;245;234m[48;2;237;243;231m▀[0m[38;2;147;149;144m[48;2;237;243;231m▀[0m                        
     [38;2;255;235;168m▀[0m        [38;2;236;238;231m▀[0m[38;2;235;241;230m[48;2;235;240;230m▀[0m                        
              [38;2;132;134;128m▄[0m[38;2;238;244;232m[48;2;239;246;233m▀[0m                        
              [38;2;240;246;234m[48;2;240;246;234m▀[0m[38;2;239;246;234m[48;2;240;246;234m▀[0m    [38;2;62;63;61m▄[0m[38;2;240;243;241m▄[0m[38;2;240;243;240m▄[0m[38;2;242;245;244m▄[0m[38;2;248;250;248m▄[0m[38;2;248;250;248m▄[0m[38;2;246;249;247m▄[0m[38;2;97;98;96m▄[0m            
          [38;2;239;245;233m▄[0m[38;2;238;245;233m[48;2;236;242;230m▀[0m[38;2;240;246;233m[48;2;39;39;37m▀[0m[38;2;237;243;232m[48;2;237;242;230m▀[0m[38;2;239;245;233m[48;2;236;242;230m▀[0m[38;2;69;70;67m[48;2;131;142;176m▀[0m[38;2;168;187;205m▄[0m[38;2;20;20;18m▄[0m[38;2;241;243;242m▄[0m[38;2;239;242;240m[48;2;246;249;247m▀[0m[38;2;241;244;242m[48;2;240;243;241m▀[0m[38;2;248;250;247m[48;2;240;242;240m▀[0m[38;2;248;250;248m[48;2;239;242;240m▀[0m[38;2;243;246;245m[48;2;239;242;240m▀[0m[38;2;243;246;244m[48;2;239;242;240m▀[0m[38;2;241;243;241m[48;2;239;242;240m▀[0m[38;2;241;243;241m[48;2;239;242;240m▀[0m[38;2;240;242;240m[48;2;239;242;240m▀[0m[38;2;238;241;239m[48;2;240;242;241m▀[0m[38;2;241;242;242m▄[0m          
         [38;2;172;174;169m[48;2;235;240;229m▀[0m[38;2;236;242;230m[48;2;209;213;205m▀[0m[38;2;238;244;232m[48;2;254;254;254m▀[0m[38;2;237;241;234m[48;2;239;241;239m▀[0m[38;2;233;238;228m[48;2;235;239;229m▀[0m[38;2;248;250;246m[48;2;107;110;103m▀[0m[38;2;133;145;178m[48;2;234;239;229m▀[0m[38;2;46;51;59m[48;2;235;240;229m▀[0m[38;2;238;242;237m[48;2;237;241;236m▀[0m[38;2;240;242;241m[48;2;237;241;236m▀[0m[38;2;241;243;241m[48;2;235;239;232m▀[0m[38;2;240;243;241m[48;2;233;239;229m▀[0m[38;2;239;242;239m[48;2;233;237;227m▀[0m[38;2;238;241;237m[48;2;232;238;229m▀[0m[38;2;239;241;239m[48;2;235;240;230m▀[0m[38;2;239;241;240m[48;2;237;242;231m▀[0m[38;2;238;240;238m[48;2;239;243;238m▀[0m[38;2;240;242;240m[48;2;243;246;244m▀[0m[38;2;238;242;239m[48;2;245;249;246m▀[0m[38;2;241;243;242m[48;2;246;249;247m▀[0m[38;2;241;244;242m[48;2;248;248;246m▀[0m[38;2;242;245;243m[48;2;248;249;247m▀[0m         
         [38;2;234;240;229m[48;2;173;194;210m▀[0m[38;2;210;213;206m[48;2;251;254;248m▀[0m[38;2;239;241;240m[48;2;241;243;241m▀[0m[38;2;237;241;232m[48;2;237;241;231m▀[0m[38;2;236;242;231m[48;2;235;240;230m▀[0m[38;2;178;181;173m[48;2;234;240;229m▀[0m[38;2;244;247;240m[48;2;235;240;230m▀[0m[38;2;233;239;228m[48;2;235;240;230m▀[0m[38;2;233;238;227m[48;2;132;134;128m▀[0m[38;2;234;239;229m[48;2;173;193;211m▀[0m[38;2;233;239;229m[48;2;173;194;211m▀[0m[38;2;237;243;233m[48;2;178;197;214m▀[0m[38;2;238;243;232m[48;2;178;197;214m▀[0m[38;2;237;242;231m[48;2;178;197;214m▀[0m[38;2;239;247;235m[48;2;182;203;221m▀[0m[38;2;241;247;235m[48;2;239;245;234m▀[0m[38;2;241;247;235m[48;2;239;245;234m▀[0m[38;2;245;248;241m[48;2;240;246;237m▀[0m[38;2;246;249;246m[48;2;239;242;235m▀[0m[38;2;243;246;244m[48;2;240;245;239m▀[0m[38;2;241;244;242m[48;2;242;245;242m▀[0m[38;2;241;243;241m[48;2;244;247;246m▀[0m[38;2;232;235;233m[48;2;243;247;241m▀[0m        
         [38;2;145;160;189m[48;2;138;151;186m▀[0m[38;2;238;243;232m[48;2;238;244;233m▀[0m[38;2;239;242;237m[48;2;239;245;233m▀[0m[38;2;238;243;231m[48;2;240;246;234m▀[0m[38;2;238;244;232m[48;2;237;243;231m▀[0m[38;2;238;244;233m[48;2;199;209;210m▀[0m[38;2;238;244;232m[48;2;91;97;96m▀[0m[38;2;239;245;234m[48;2;241;248;235m▀[0m[38;2;212;222;225m[48;2;239;247;235m▀[0m[38;2;178;197;214m[48;2;239;245;234m▀[0m[38;2;176;196;214m[48;2;215;225;225m▀[0m[38;2;175;195;213m[48;2;175;195;213m▀[0m[38;2;175;195;213m[48;2;177;197;214m▀[0m[38;2;175;195;213m[48;2;177;196;214m▀[0m[38;2;175;195;214m[48;2;180;202;221m▀[0m[38;2;239;245;233m[48;2;238;243;232m▀[0m[38;2;239;247;235m[48;2;238;244;232m▀[0m[38;2;239;245;234m[48;2;238;244;232m▀[0m[38;2;239;245;234m[48;2;238;244;232m▀[0m[38;2;241;247;236m[48;2;238;242;231m▀[0m[38;2;240;245;238m[48;2;236;241;230m▀[0m[38;2;240;245;237m[48;2;236;242;231m▀[0m[38;2;239;244;234m[48;2;5;5;3m▀[0m        
         [38;2;227;244;254m[48;2;219;235;249m▀[0m[38;2;252;254;251m[48;2;223;239;251m▀[0m[38;2;239;244;233m[48;2;239;245;234m▀[0m[38;2;239;245;234m[48;2;252;254;248m▀[0m[38;2;215;230;246m[48;2;219;235;249m▀[0m[38;2;218;233;247m[48;2;223;236;249m▀[0m[38;2;218;233;248m[48;2;222;236;249m▀[0m[38;2;239;245;234m[48;2;249;252;246m▀[0m[38;2;239;246;234m[48;2;243;248;235m▀[0m[38;2;243;248;236m[48;2;236;241;230m▀[0m[38;2;243;248;235m[48;2;235;240;229m▀[0m[38;2;223;232;229m[48;2;235;240;230m▀[0m[38;2;186;204;217m[48;2;223;230;226m▀[0m[38;2;174;194;212m[48;2;238;244;234m▀[0m[38;2;237;243;231m[48;2;233;238;227m▀[0m[38;2;236;241;230m[48;2;234;239;228m▀[0m[38;2;235;240;229m[48;2;234;240;229m▀[0m[38;2;235;240;230m[48;2;174;194;212m▀[0m[38;2;235;240;230m[48;2;174;194;211m▀[0m[38;2;182;200;214m[48;2;173;192;209m▀[0m[38;2;173;192;210m[48;2;177;198;216m▀[0m[38;2;177;198;217m▀[0m  [38;2;132;132;131m▄[0m[38;2;243;247;244m▄[0m     
         [38;2;67;83;95m▀[0m[38;2;152;200;236m[48;2;144;197;235m▀[0m[38;2;239;246;231m[48;2;143;196;234m▀[0m[38;2;62;82;98m[48;2;27;37;42m▀[0m[38;2;192;220;243m[48;2;139;195;234m▀[0m[38;2;174;210;240m[48;2;137;194;234m▀[0m[38;2;161;204;237m[48;2;137;193;234m▀[0m[38;2;143;197;237m[48;2;137;193;233m▀[0m[38;2;55;75;87m[48;2;138;194;233m▀[0m[38;2;232;239;229m[48;2;234;240;229m▀[0m[38;2;233;238;227m[48;2;235;240;230m▀[0m[38;2;233;237;227m[48;2;235;240;230m▀[0m[38;2;236;241;229m[48;2;110;112;108m▀[0m[38;2;235;240;230m[48;2;235;240;230m▀[0m[38;2;235;240;230m[48;2;235;240;229m▀[0m[38;2;236;241;230m[48;2;235;239;230m▀[0m[38;2;173;193;211m[48;2;234;239;229m▀[0m[38;2;173;192;209m[48;2;233;238;227m▀[0m[38;2;173;193;210m[48;2;234;239;228m▀[0m[38;2;234;240;229m[48;2;235;240;230m▀[0m[38;2;233;238;227m[48;2;236;241;230m▀[0m[38;2;234;239;229m[48;2;236;241;230m▀[0m[38;2;236;241;230m[48;2;235;240;230m▀[0m[38;2;236;239;232m[48;2;24;24;24m▀[0m[38;2;239;241;240m▀[0m[38;2;3;3;3m▀[0m     
          [38;2;198;212;220m▄[0m[38;2;47;68;81m[48;2;132;144;177m▀[0m[38;2;129;188;229m[48;2;59;64;77m▀[0m[38;2;138;195;234m[48;2;33;45;54m▀[0m[38;2;144;203;236m[48;2;114;171;215m▀[0m[38;2;139;195;234m[48;2;119;180;225m▀[0m[38;2;141;196;235m[48;2;116;175;218m▀[0m[38;2;139;195;234m[48;2;115;174;219m▀[0m[38;2;142;202;244m[48;2;111;171;216m▀[0m[38;2;184;201;214m[48;2;173;193;213m▀[0m[38;2;173;193;210m[48;2;172;190;208m▀[0m[38;2;177;198;216m[48;2;150;166;192m▀[0m[38;2;235;240;230m[48;2;238;243;233m▀[0m[38;2;234;240;229m[48;2;238;243;232m▀[0m[38;2;233;239;229m[48;2;239;247;234m▀[0m[38;2;234;240;229m[48;2;238;244;232m▀[0m[38;2;236;241;231m[48;2;241;245;235m▀[0m[38;2;237;243;232m[48;2;241;246;235m▀[0m[38;2;237;243;231m[48;2;239;246;234m▀[0m[38;2;237;243;231m[48;2;238;244;232m▀[0m[38;2;237;243;232m[48;2;194;210;221m▀[0m[38;2;245;249;241m[48;2;88;98;105m▀[0m[38;2;199;213;219m▀[0m       
            [38;2;82;90;107m▀[0m[38;2;29;32;37m▀[0m [38;2;78;113;157m▀[0m[38;2;101;152;200m[48;2;40;43;52m▀[0m[38;2;90;130;182m[48;2;133;145;179m▀[0m[38;2;90;130;181m[48;2;124;135;167m▀[0m[38;2;133;145;179m[48;2;134;146;181m▀[0m[38;2;151;161;192m[48;2;135;147;181m▀[0m[38;2;45;48;57m[48;2;137;149;183m▀[0m [38;2;75;77;73m▀[0m[38;2;239;245;233m▀[0m[38;2;240;247;234m▀[0m[38;2;237;243;232m[48;2;3;2;1m▀[0m[38;2;204;218;223m[48;2;81;90;98m▀[0m[38;2;175;194;212m[48;2;36;40;42m▀[0m[38;2;29;32;33m▀[0m          
                 [38;2;80;93;117m▄[0m[38;2;82;97;123m▀[0m [38;2;80;94;119m[48;2;81;94;118m▀[0m                   
             [38;2;111;112;115m▀[0m[38;2;108;109;112m▀[0m[38;2;108;109;112m▀[0m[38;2;99;113;129m▀[0m[38;2;89;106;127m[48;2;63;62;62m▀[0m[38;2;16;16;14m[48;2;125;124;126m▀[0m[38;2;112;113;116m[48;2;129;126;129m▀[0m[38;2;108;108;111m[48;2;109;108;110m▀[0m[38;2;8;8;8m[48;2;107;108;111m▀[0m[38;2;3;3;1m▄[0m                 
                                        
