                                        
                   [38;2;2;5;2m▄[0m[38;2;198;132;160m▄[0m[38;2;199;134;162m[48;2;197;131;160m▀[0m                  
                 [38;2;252;228;136m[48;2;251;225;134m▀[0m[38;2;251;224;134m▄[0m[38;2;166;112;143m[48;2;140;94;117m▀[0m[38;2;191;126;158m[48;2;171;114;146m▀[0m[38;2;199;131;162m[48;2;3;4;1m▀[0m                  
               [38;2;251;224;134m[48;2;251;225;135m▀[0m[38;2;250;223;134m[48;2;250;222;118m▀[0m[38;2;253;231;140m[48;2;252;219;87m▀[0m[38;2;249;223;134m[48;2;252;217;71m▀[0m[38;2;89;61;75m[48;2;252;216;72m▀[0m[38;2;134;90;112m[48;2;251;217;72m▀[0m[38;2;251;217;72m▄[0m                  
             [38;2;236;183;186m▄[0m[38;2;236;183;186m▄[0m[38;2;1;1;1m[48;2;236;183;186m▀[0m[38;2;249;215;72m[48;2;229;151;166m▀[0m[38;2;252;216;72m[48;2;50;41;26m▀[0m[38;2;252;217;72m[48;2;237;203;70m▀[0m[38;2;252;217;72m[48;2;251;215;72m▀[0m[38;2;254;221;73m[48;2;251;215;72m▀[0m[38;2;227;151;166m▄[0m[38;2;227;151;166m▄[0m[38;2;237;158;175m[48;2;227;150;166m▀[0m[38;2;229;153;167m[48;2;225;149;164m▀[0m[38;2;237;183;187m[48;2;89;63;70m▀[0m[38;2;236;183;186m[48;2;213;181;70m▀[0m[38;2;234;182;185m[48;2;244;211;72m▀[0m[38;2;233;182;184m[48;2;3;3;2m▀[0m           
           [38;2;250;236;207m▄[0m[38;2;232;165;176m[48;2;186;122;134m▀[0m[38;2;237;184;187m[48;2;87;89;74m▀[0m[38;2;235;180;184m[48;2;252;238;209m▀[0m[38;2;152;148;132m[48;2;249;236;207m▀[0m[38;2;229;151;167m[48;2;38;26;27m▀[0m[38;2;124;82;91m[48;2;226;150;165m▀[0m[38;2;184;156;65m[48;2;229;152;167m▀[0m[38;2;198;166;69m[48;2;223;148;163m▀[0m[38;2;229;152;167m[48;2;221;148;162m▀[0m[38;2;225;149;164m[48;2;179;151;64m▀[0m[38;2;168;112;125m[48;2;190;160;66m▀[0m[38;2;178;150;64m[48;2;206;175;67m▀[0m[38;2;177;150;64m[48;2;243;210;72m▀[0m[38;2;207;177;68m[48;2;243;210;72m▀[0m[38;2;242;209;72m▀[0m[38;2;0;1;0m▀[0m            
         [38;2;77;75;76m▄[0m[38;2;242;230;203m▄[0m[38;2;244;231;203m[48;2;245;232;204m▀[0m[38;2;246;233;204m[48;2;242;229;202m▀[0m[38;2;244;232;204m[48;2;241;227;201m▀[0m[38;2;243;230;203m[48;2;78;76;77m▀[0m[38;2;255;255;255m[48;2;76;74;75m▀[0m[38;2;29;26;23m[48;2;243;230;204m▀[0m[38;2;251;240;211m[48;2;240;227;201m▀[0m[38;2;223;148;163m[48;2;152;101;111m▀[0m[38;2;223;148;163m[48;2;221;147;162m▀[0m[38;2;38;29;29m[48;2;221;147;162m▀[0m[38;2;39;35;17m▀[0m[38;2;17;15;9m▀[0m                 
         [38;2;244;232;204m▀[0m[38;2;242;228;202m[48;2;242;230;202m▀[0m[38;2;241;228;201m[48;2;243;230;203m▀[0m[38;2;241;228;201m[48;2;241;229;201m▀[0m[38;2;241;228;201m[48;2;241;228;201m▀[0m[38;2;120;112;109m[48;2;33;31;29m▀[0m[38;2;104;97;96m[48;2;242;228;202m▀[0m[38;2;183;175;155m[48;2;241;228;202m▀[0m[38;2;241;229;202m[48;2;241;228;202m▀[0m[38;2;57;56;49m[48;2;19;16;14m▀[0m[38;2;223;148;163m[48;2;224;149;164m▀[0m[38;2;221;146;162m[48;2;5;3;3m▀[0m        [38;2;229;160;170m▄[0m[38;2;233;181;184m[48;2;227;154;167m▀[0m         
          [38;2;43;42;37m▀[0m[38;2;242;229;203m▀[0m[38;2;241;229;202m[48;2;202;188;166m▀[0m[38;2;241;228;201m[48;2;212;198;173m▀[0m[38;2;241;228;202m[48;2;212;198;174m▀[0m[38;2;242;229;203m[48;2;214;200;175m▀[0m[38;2;245;232;205m[48;2;212;197;173m▀[0m[38;2;249;235;207m[48;2;81;53;57m▀[0m[38;2;212;140;153m[48;2;177;116;125m▀[0m[38;2;171;112;121m[48;2;67;46;47m▀[0m       [38;2;15;11;11m▄[0m[38;2;229;152;166m[48;2;230;154;171m▀[0m[38;2;230;152;167m[48;2;229;154;168m▀[0m[38;2;229;152;167m[48;2;242;161;176m▀[0m         
              [38;2;158;144;126m▀[0m[38;2;72;47;51m▀[0m[38;2;171;113;122m[48;2;173;114;123m▀[0m[38;2;171;113;121m[48;2;173;114;123m▀[0m[38;2;171;113;122m[48;2;173;114;123m▀[0m      [38;2;3;2;2m▄[0m [38;2;231;153;168m[48;2;224;149;164m▀[0m[38;2;230;153;168m[48;2;222;148;163m▀[0m[38;2;230;153;168m[48;2;198;131;143m▀[0m[38;2;7;5;5m[48;2;133;89;95m▀[0m         
               [38;2;128;86;93m[48;2;214;141;155m▀[0m[38;2;173;114;123m[48;2;212;140;153m▀[0m[38;2;173;114;123m[48;2;228;151;166m▀[0m[38;2;212;140;155m[48;2;227;150;165m▀[0m[38;2;225;149;164m▄[0m[38;2;224;149;163m▄[0m[38;2;223;150;164m▄[0m[38;2;229;165;174m▄[0m[38;2;234;182;185m[48;2;232;178;182m▀[0m[38;2;234;182;185m[48;2;66;56;45m▀[0m[38;2;223;175;179m[48;2;139;127;62m▀[0m[38;2;234;182;185m[48;2;224;149;164m▀[0m[38;2;243;167;180m[48;2;224;149;163m▀[0m[38;2;169;111;120m[48;2;186;124;136m▀[0m[38;2;21;14;15m▀[0m          
               [38;2;67;52;42m[48;2;38;33;20m▀[0m[38;2;231;173;179m[48;2;232;181;184m▀[0m[38;2;228;160;171m[48;2;232;182;184m▀[0m[38;2;224;149;164m[48;2;227;161;171m▀[0m[38;2;224;149;164m[48;2;224;148;164m▀[0m[38;2;224;149;163m[48;2;227;150;165m▀[0m[38;2;224;149;164m[48;2;253;218;71m▀[0m[38;2;224;149;164m[48;2;230;153;167m▀[0m[38;2;225;149;164m[48;2;229;152;166m▀[0m[38;2;208;137;154m[48;2;225;150;164m▀[0m[38;2;229;152;167m[48;2;248;216;73m▀[0m[38;2;251;219;74m[48;2;246;233;204m▀[0m[38;2;236;156;174m[48;2;249;236;207m▀[0m[38;2;227;151;166m[48;2;92;88;75m▀[0m           
              [38;2;7;9;6m▀[0m[38;2;249;236;209m[48;2;250;236;208m▀[0m[38;2;78;70;50m[48;2;51;46;31m▀[0m[38;2;236;183;186m[48;2;233;185;189m▀[0m[38;2;232;164;174m[48;2;233;164;176m▀[0m[38;2;228;151;166m[48;2;230;154;170m▀[0m[38;2;229;152;166m[48;2;229;151;167m▀[0m[38;2;228;152;166m[48;2;253;217;71m▀[0m[38;2;57;51;20m[48;2;250;236;207m▀[0m[38;2;238;157;173m[48;2;250;235;206m▀[0m[38;2;253;225;75m[48;2;251;237;209m▀[0m[38;2;248;234;205m[48;2;251;237;208m▀[0m[38;2;249;236;207m[48;2;250;236;208m▀[0m[38;2;248;235;206m[48;2;252;238;209m▀[0m[38;2;247;234;206m[48;2;252;238;209m▀[0m           
               [38;2;253;241;214m[48;2;254;246;217m▀[0m[38;2;253;241;214m[48;2;250;236;207m▀[0m[38;2;253;250;226m[48;2;251;237;207m▀[0m[38;2;242;216;71m[48;2;255;245;215m▀[0m[38;2;254;219;72m[48;2;249;236;207m▀[0m[38;2;130;116;41m[48;2;250;236;207m▀[0m[38;2;252;238;208m[48;2;250;236;207m▀[0m[38;2;255;247;217m[48;2;24;23;21m▀[0m[38;2;215;200;177m[48;2;127;113;121m▀[0m[38;2;166;150;139m[48;2;136;121;130m▀[0m[38;2;158;154;136m[48;2;138;122;131m▀[0m[38;2;251;238;209m[48;2;251;237;209m▀[0m[38;2;251;237;208m[48;2;252;239;210m▀[0m[38;2;251;238;209m[48;2;251;240;212m▀[0m           
               [38;2;2;3;2m▀[0m[38;2;247;234;205m[48;2;243;231;204m▀[0m[38;2;249;236;207m[48;2;249;235;206m▀[0m[38;2;163;150;130m[48;2;17;17;13m▀[0m[38;2;245;232;205m[48;2;1;1;1m▀[0m[38;2;250;236;207m[48;2;251;237;207m▀[0m[38;2;249;235;206m[48;2;250;237;208m▀[0m[38;2;65;58;61m▀[0m[38;2;136;121;130m[48;2;144;128;138m▀[0m[38;2;136;121;131m[48;2;135;120;130m▀[0m[38;2;136;121;131m[48;2;136;121;130m▀[0m[38;2;252;240;211m[48;2;7;9;5m▀[0m[38;2;252;239;210m[48;2;252;238;209m▀[0m[38;2;252;238;209m[48;2;233;220;193m▀[0m[38;2;4;5;3m[48;2;211;198;174m▀[0m          
                [38;2;254;246;217m[48;2;20;20;16m▀[0m[38;2;249;236;207m[48;2;251;237;208m▀[0m[38;2;99;93;82m[48;2;19;20;15m▀[0m [38;2;251;237;208m[48;2;217;210;184m▀[0m[38;2;249;236;207m[48;2;247;233;206m▀[0m   [38;2;136;121;131m[48;2;3;3;1m▀[0m[38;2;131;116;126m[48;2;177;162;142m▀[0m [38;2;187;173;152m▀[0m[38;2;178;163;142m[48;2;178;163;142m▀[0m[38;2;146;135;117m[48;2;85;80;69m▀[0m         
                [38;2;1;1;1m▄[0m[38;2;246;234;205m[48;2;188;174;153m▀[0m   [38;2;247;233;205m[48;2;218;205;181m▀[0m[38;2;4;5;2m[48;2;11;11;8m▀[0m   [38;2;178;163;142m[48;2;176;161;141m▀[0m  [38;2;179;165;143m[48;2;179;164;143m▀[0m          
                [38;2;174;159;140m[48;2;183;168;147m▀[0m[38;2;176;162;141m[48;2;1;1;0m▀[0m  [38;2;68;62;54m▄[0m[38;2;176;160;141m[48;2;177;162;142m▀[0m   [38;2;34;33;31m▀[0m[38;2;63;60;60m▀[0m [38;2;62;60;60m▄[0m[38;2;178;164;143m[48;2;57;55;56m▀[0m          
               [38;2;15;15;14m▀[0m[38;2;62;60;60m▀[0m   [38;2;91;83;73m[48;2;60;59;60m▀[0m[38;2;30;29;29m▀[0m                  
                                        
