                     [38;2;236;150;163m▄[0m[38;2;80;53;32m▄[0m         [38;2;98;71;51m▄[0m [38;2;96;70;51m▄[0m     
                    [38;2;188;121;131m▀[0m[38;2;240;168;103m[48;2;43;30;31m▀[0m[38;2;229;146;158m[48;2;46;32;19m▀[0m         [38;2;78;51;31m[48;2;211;135;147m▀[0m[38;2;82;56;35m▀[0m      
                      [38;2;66;43;26m[48;2;105;93;63m▀[0m[38;2;229;146;158m▄[0m    [38;2;239;210;138m[48;2;73;47;28m▀[0m[38;2;194;124;136m▄[0m[38;2;230;147;159m▄[0m[38;2;78;51;31m[48;2;77;50;30m▀[0m[38;2;73;48;29m[48;2;5;8;5m▀[0m       
                    [38;2;56;36;22m▀[0m[38;2;58;38;23m▀[0m[38;2;24;18;11m▀[0m[38;2;35;25;15m[48;2;232;148;160m▀[0m[38;2;58;38;23m▄[0m   [38;2;77;50;30m[48;2;77;51;30m▀[0m[38;2;232;147;160m[48;2;78;51;30m▀[0m[38;2;230;146;159m▀[0m[38;2;77;51;30m▀[0m        
                      [38;2;229;146;158m[48;2;61;42;40m▀[0m[38;2;240;168;103m[48;2;229;146;158m▀[0m[38;2;227;144;156m[48;2;233;148;161m▀[0m[38;2;53;35;21m▄[0m [38;2;58;38;23m▄[0m[38;2;69;45;27m▀[0m[38;2;78;55;42m▄[0m[38;2;58;38;23m▄[0m[38;2;132;100;80m▄[0m        
                       [38;2;61;42;41m[48;2;133;95;59m▀[0m[38;2;130;99;79m[48;2;111;78;60m▀[0m[38;2;130;99;79m[48;2;121;87;55m▀[0m[38;2;112;79;61m[48;2;120;86;54m▀[0m[38;2;103;72;55m[48;2;111;79;60m▀[0m[38;2;28;22;17m[48;2;67;48;36m▀[0m[38;2;67;44;27m[48;2;12;12;9m▀[0m[38;2;21;16;11m▀[0m         
                     [38;2;94;68;47m▄[0m[38;2;78;53;32m▄[0m[38;2;110;77;59m[48;2;160;141;93m▀[0m[38;2;111;78;60m[48;2;234;206;136m▀[0m[38;2;51;50;48m[48;2;234;206;136m▀[0m[38;2;236;236;236m[48;2;231;203;134m▀[0m[38;2;236;165;102m[48;2;167;119;75m▀[0m[38;2;111;79;60m[48;2;108;76;59m▀[0m           
                      [38;2;159;136;93m▀[0m[38;2;145;124;86m▀[0m[38;2;160;136;94m[48;2;82;56;43m▀[0m[38;2;158;135;93m[48;2;82;57;43m▀[0m[38;2;160;137;94m[48;2;82;57;43m▀[0m[38;2;65;46;34m[48;2;82;57;43m▀[0m[38;2;93;64;49m[48;2;98;68;52m▀[0m           
                       [38;2;44;32;24m[48;2;111;79;60m▀[0m[38;2;90;63;48m[48;2;111;79;60m▀[0m[38;2;82;57;43m[48;2;76;65;46m▀[0m[38;2;82;56;43m[48;2;163;138;96m▀[0m[38;2;82;57;43m[48;2;160;137;95m▀[0m[38;2;111;79;60m[48;2;112;79;60m▀[0m           
                   [38;2;111;78;60m▄[0m[38;2;111;79;60m▄[0m[38;2;113;80;61m[48;2;111;79;60m▀[0m[38;2;111;78;60m[48;2;111;78;60m▀[0m[38;2;111;78;60m[48;2;111;78;60m▀[0m[38;2;94;66;50m[48;2;237;210;141m▀[0m[38;2;208;182;122m[48;2;234;206;136m▀[0m[38;2;184;159;108m[48;2;234;206;135m▀[0m[38;2;234;206;136m[48;2;234;206;135m▀[0m[38;2;234;206;135m[48;2;234;206;135m▀[0m[38;2;236;209;142m▄[0m[38;2;149;133;96m▄[0m         
        [38;2;111;79;60m▄[0m[38;2;4;6;4m[48;2;111;79;60m▀[0m[38;2;111;78;60m[48;2;39;31;24m▀[0m[38;2;11;11;8m[48;2;130;99;79m▀[0m[38;2;130;99;79m[48;2;130;99;79m▀[0m[38;2;130;99;79m[48;2;130;99;79m▀[0m[38;2;129;98;79m[48;2;112;79;61m▀[0m[38;2;130;99;79m[48;2;33;25;22m▀[0m[38;2;131;100;79m[48;2;111;78;59m▀[0m[38;2;131;100;80m[48;2;111;78;60m▀[0m[38;2;124;93;73m[48;2;111;78;60m▀[0m[38;2;111;79;60m[48;2;112;80;61m▀[0m[38;2;121;89;70m[48;2;111;79;60m▀[0m[38;2;111;78;60m[48;2;111;79;60m▀[0m[38;2;111;79;60m[48;2;110;78;60m▀[0m[38;2;241;214;152m[48;2;111;78;60m▀[0m[38;2;236;210;143m[48;2;77;69;46m▀[0m[38;2;234;206;135m[48;2;234;206;135m▀[0m[38;2;234;206;136m[48;2;234;206;136m▀[0m[38;2;234;206;135m[48;2;234;206;136m▀[0m[38;2;234;206;135m[48;2;234;206;135m▀[0m[38;2;243;214;141m[48;2;234;206;135m▀[0m          
       [38;2;26;21;15m▀[0m[38;2;87;60;46m[48;2;15;14;10m▀[0m[38;2;82;56;43m[48;2;31;24;18m▀[0m[38;2;116;84;65m[48;2;111;79;60m▀[0m[38;2;130;99;79m[48;2;111;78;60m▀[0m[38;2;130;99;79m[48;2;111;79;60m▀[0m[38;2;111;79;60m[48;2;111;79;60m▀[0m[38;2;111;79;60m[48;2;111;78;60m▀[0m[38;2;111;78;60m[48;2;113;80;61m▀[0m[38;2;111;79;60m[48;2;240;168;103m▀[0m[38;2;111;78;60m[48;2;89;64;49m▀[0m[38;2;111;79;60m[48;2;114;80;61m▀[0m[38;2;111;79;60m[48;2;111;79;60m▀[0m[38;2;111;79;60m[48;2;111;78;60m▀[0m[38;2;111;79;60m[48;2;111;78;60m▀[0m[38;2;111;78;60m[48;2;111;79;60m▀[0m[38;2;111;78;60m[48;2;89;64;49m▀[0m[38;2;191;166;112m[48;2;167;115;76m▀[0m[38;2;105;93;62m[48;2;144;124;86m▀[0m[38;2;234;206;135m[48;2;172;147;101m▀[0m[38;2;234;206;135m[48;2;174;150;102m▀[0m[38;2;234;206;136m[48;2;160;136;94m▀[0m           
         [38;2;110;78;59m[48;2;111;79;60m▀[0m[38;2;111;78;60m[48;2;111;79;60m▀[0m[38;2;111;78;60m[48;2;111;79;60m▀[0m[38;2;111;78;60m[48;2;111;79;60m▀[0m[38;2;111;78;60m[48;2;111;78;60m▀[0m[38;2;114;80;61m[48;2;140;120;83m▀[0m[38;2;217;191;126m[48;2;160;136;94m▀[0m[38;2;234;206;136m[48;2;173;149;101m▀[0m[38;2;184;163;108m[48;2;192;167;112m▀[0m[38;2;37;29;20m[48;2;211;184;123m▀[0m[38;2;111;79;60m[48;2;112;79;60m▀[0m[38;2;111;78;60m[48;2;110;78;60m▀[0m[38;2;111;78;60m[48;2;111;79;60m▀[0m[38;2;111;78;60m[48;2;111;78;60m▀[0m[38;2;114;80;61m[48;2;83;58;45m▀[0m[38;2;160;137;94m[48;2;160;137;94m▀[0m[38;2;160;136;94m[48;2;155;132;94m▀[0m[38;2;160;136;94m[48;2;167;145;99m▀[0m[38;2;52;46;32m[48;2;64;44;42m▀[0m[38;2;48;35;32m[48;2;64;44;42m▀[0m           
         [38;2;103;72;55m[48;2;82;56;43m▀[0m[38;2;111;78;60m[48;2;108;76;58m▀[0m[38;2;111;79;60m[48;2;96;67;51m▀[0m[38;2;111;78;60m[48;2;82;56;43m▀[0m[38;2;111;78;60m▀[0m[38;2;150;128;93m[48;2;64;44;43m▀[0m[38;2;160;136;94m[48;2;64;44;43m▀[0m[38;2;158;135;94m[48;2;55;38;37m▀[0m[38;2;160;136;94m[48;2;13;11;10m▀[0m[38;2;160;136;94m[48;2;91;79;55m▀[0m[38;2;111;79;60m[48;2;90;64;49m▀[0m[38;2;111;79;60m[48;2;112;79;60m▀[0m[38;2;111;78;60m[48;2;111;78;60m▀[0m[38;2;111;79;60m[48;2;111;78;60m▀[0m[38;2;118;101;77m▀[0m[38;2;143;120;92m▀[0m[38;2;64;44;43m[48;2;64;44;43m▀[0m[38;2;64;44;42m[48;2;64;44;43m▀[0m[38;2;64;44;43m[48;2;64;44;43m▀[0m[38;2;64;44;43m[48;2;64;44;42m▀[0m[38;2;64;44;43m[48;2;64;44;43m▀[0m[38;2;64;44;43m▄[0m         
        [38;2;81;56;43m▄[0m[38;2;82;56;43m[48;2;82;56;43m▀[0m[38;2;82;56;43m[48;2;69;48;36m▀[0m[38;2;82;56;43m▀[0m  [38;2;64;44;43m▀[0m[38;2;64;44;43m[48;2;64;44;43m▀[0m[38;2;64;44;43m[48;2;64;44;43m▀[0m[38;2;64;44;43m[48;2;34;26;23m▀[0m  [38;2;111;78;60m[48;2;111;79;60m▀[0m[38;2;111;78;60m[48;2;111;78;60m▀[0m[38;2;115;81;62m▀[0m     [38;2;32;24;21m▀[0m[38;2;65;45;43m[48;2;64;44;43m▀[0m[38;2;64;44;43m[48;2;63;43;42m▀[0m[38;2;7;9;6m▀[0m        
       [38;2;111;79;60m[48;2;111;79;60m▀[0m[38;2;81;56;43m[48;2;23;19;13m▀[0m     [38;2;12;11;8m▄[0m[38;2;63;44;42m[48;2;64;44;43m▀[0m[38;2;63;44;42m▀[0m  [38;2;16;14;10m▀[0m[38;2;111;79;60m[48;2;110;78;60m▀[0m[38;2;111;79;60m[48;2;83;59;45m▀[0m      [38;2;124;104;90m[48;2;92;78;68m▀[0m[38;2;64;44;42m[48;2;21;19;15m▀[0m[38;2;32;24;22m▀[0m         
      [38;2;5;6;3m[48;2;238;209;138m▀[0m[38;2;234;206;136m[48;2;234;206;135m▀[0m       [38;2;65;44;43m[48;2;119;100;87m▀[0m[38;2;43;38;32m▄[0m   [38;2;242;213;140m▀[0m[38;2;103;72;56m[48;2;234;206;135m▀[0m      [38;2;2;5;1m[48;2;60;52;42m▀[0m[38;2;121;101;89m[48;2;158;135;94m▀[0m          
      [38;2;234;206;136m[48;2;234;206;136m▀[0m[38;2;237;208;137m[48;2;239;211;138m▀[0m        [38;2;151;128;93m[48;2;160;136;94m▀[0m    [38;2;234;206;135m[48;2;227;200;132m▀[0m[38;2;234;206;135m▄[0m    [38;2;5;6;4m▄[0m[38;2;159;136;94m[48;2;158;134;93m▀[0m[38;2;160;137;94m[48;2;4;3;2m▀[0m          
     [38;2;197;171;115m▀[0m[38;2;234;206;135m[48;2;234;206;136m▀[0m[38;2;41;37;25m▀[0m       [38;2;70;61;42m▄[0m[38;2;160;137;94m[48;2;160;137;94m▀[0m[38;2;160;136;94m▀[0m   [38;2;233;205;135m[48;2;191;166;112m▀[0m[38;2;234;206;136m[48;2;234;206;135m▀[0m     [38;2;160;136;94m[48;2;58;38;23m▀[0m           
      [38;2;77;51;31m▀[0m[38;2;71;53;37m▀[0m        [38;2;58;38;23m▀[0m[38;2;54;36;21m▀[0m   [38;2;86;74;52m▀[0m[38;2;234;206;135m[48;2;77;51;30m▀[0m[38;2;17;17;12m[48;2;98;71;50m▀[0m                
