                                        
                                        
                                        
                                        
       [38;2;57;39;19m▄[0m[38;2;29;20;9m[48;2;157;112;57m▀[0m[38;2;170;122;63m[48;2;139;99;48m▀[0m[38;2;157;112;56m[48;2;131;92;45m▀[0m[38;2;10;7;2m▄[0m[38;2;90;62;30m▄[0m[38;2;143;101;50m▄[0m[38;2;170;122;63m[48;2;141;100;49m▀[0m[38;2;170;122;63m[48;2;173;158;96m▀[0m[38;2;143;101;51m[48;2;173;157;97m▀[0m[38;2;176;160;96m[48;2;172;157;96m▀[0m[38;2;61;53;32m[48;2;172;156;96m▀[0m                     
      [38;2;70;48;23m▄[0m[38;2;138;97;48m[48;2;138;97;48m▀[0m[38;2;138;97;48m[48;2;125;88;42m▀[0m[38;2;131;92;45m[48;2;113;78;38m▀[0m[38;2;116;80;39m[48;2;113;78;38m▀[0m[38;2;47;33;16m[48;2;137;96;48m▀[0m[38;2;138;97;48m[48;2;137;96;48m▀[0m[38;2;137;96;48m[48;2;92;88;87m▀[0m[38;2;177;170;168m[48;2;173;168;165m▀[0m[38;2;175;168;165m[48;2;240;241;245m▀[0m[38;2;127;123;122m[48;2;238;240;243m▀[0m[38;2;193;176;105m[48;2;238;221;124m▀[0m[38;2;212;196;114m[48;2;238;221;124m▀[0m                     
      [38;2;115;80;38m[48;2;24;17;8m▀[0m[38;2;113;78;38m[48;2;113;78;38m▀[0m[38;2;112;79;38m[48;2;131;93;45m▀[0m[38;2;113;78;38m[48;2;174;126;63m▀[0m[38;2;115;80;39m[48;2;154;110;56m▀[0m[38;2;136;97;48m[48;2;137;96;48m▀[0m[38;2;137;96;48m[48;2;199;196;194m▀[0m[38;2;220;220;220m[48;2;143;102;50m▀[0m[38;2;239;241;243m[48;2;242;242;243m▀[0m[38;2;239;241;243m[48;2;240;242;244m▀[0m[38;2;88;88;89m[48;2;239;221;124m▀[0m[38;2;237;221;124m[48;2;187;176;99m▀[0m[38;2;8;8;4m▀[0m                     
      [38;2;244;246;249m▄[0m[38;2;239;241;243m[48;2;242;245;247m▀[0m[38;2;121;85;42m[48;2;242;244;247m▀[0m[38;2;241;243;246m[48;2;244;246;248m▀[0m[38;2;39;29;16m[48;2;244;247;249m▀[0m[38;2;240;243;245m[48;2;255;255;255m▀[0m[38;2;240;241;244m[48;2;103;77;47m▀[0m[38;2;240;241;243m[48;2;244;245;249m▀[0m[38;2;243;244;244m[48;2;244;247;251m▀[0m[38;2;137;97;48m[48;2;100;71;35m▀[0m[38;2;138;97;48m▄[0m                [38;2;14;9;4m▄[0m[38;2;137;96;48m▄[0m[38;2;158;113;57m▄[0m[38;2;169;121;60m▄[0m[38;2;61;41;20m▀[0m  
     [38;2;245;247;247m[48;2;255;255;255m▀[0m[38;2;255;255;255m[48;2;108;78;50m▀[0m[38;2;193;185;179m[48;2;254;254;255m▀[0m[38;2;245;245;249m[48;2;248;250;253m▀[0m[38;2;248;249;253m[48;2;247;250;253m▀[0m[38;2;250;250;253m[48;2;247;249;252m▀[0m[38;2;103;73;47m[48;2;129;93;60m▀[0m[38;2;105;75;49m[48;2;141;138;133m▀[0m[38;2;247;249;253m[48;2;242;244;246m▀[0m[38;2;247;249;253m[48;2;212;213;217m▀[0m[38;2;249;251;253m[48;2;241;243;245m▀[0m[38;2;138;97;48m[48;2;137;96;48m▀[0m[38;2;62;43;21m[48;2;136;95;47m▀[0m           [38;2;121;86;42m▄[0m[38;2;137;97;48m▄[0m[38;2;116;82;39m[48;2;137;96;48m▀[0m[38;2;137;96;48m[48;2;137;96;48m▀[0m[38;2;137;96;48m[48;2;137;96;48m▀[0m[38;2;137;96;48m[48;2;95;67;32m▀[0m[38;2;138;96;48m▀[0m    
     [38;2;244;247;250m[48;2;237;219;123m▀[0m[38;2;70;70;69m[48;2;239;240;243m▀[0m[38;2;244;245;249m[48;2;247;248;250m▀[0m[38;2;185;187;187m[48;2;116;79;95m▀[0m[38;2;110;72;82m[48;2;116;79;94m▀[0m[38;2;129;87;96m[48;2;42;32;32m▀[0m[38;2;108;107;107m[48;2;169;111;117m▀[0m[38;2;240;242;244m[48;2;249;251;255m▀[0m[38;2;239;222;128m[48;2;240;225;151m▀[0m[38;2;240;223;141m[48;2;240;224;141m▀[0m[38;2;239;242;245m[48;2;87;87;85m▀[0m[38;2;136;97;48m[48;2;114;80;39m▀[0m[38;2;114;80;39m[48;2;249;252;253m▀[0m[38;2;244;245;249m▄[0m[38;2;252;252;253m[48;2;246;247;252m▀[0m[38;2;254;255;255m[48;2;251;252;254m▀[0m[38;2;239;239;136m▄[0m    [38;2;7;5;2m▄[0m[38;2;138;97;48m▄[0m[38;2;136;97;48m[48;2;136;97;48m▀[0m[38;2;137;96;48m[48;2;136;97;48m▀[0m[38;2;137;97;48m[48;2;136;97;48m▀[0m[38;2;138;97;48m[48;2;137;96;48m▀[0m[38;2;136;97;48m[48;2;137;96;48m▀[0m[38;2;7;4;1m[48;2;137;96;48m▀[0m[38;2;12;9;3m[48;2;138;97;48m▀[0m[38;2;138;97;48m[48;2;138;97;48m▀[0m[38;2;158;113;57m[48;2;145;104;51m▀[0m[38;2;173;125;63m▀[0m  
  [38;2;252;253;254m▄[0m[38;2;244;247;250m▄[0m[38;2;247;250;253m▄[0m[38;2;241;226;151m[48;2;251;252;253m▀[0m[38;2;240;235;131m[48;2;240;223;145m▀[0m[38;2;242;244;247m[48;2;254;254;255m▀[0m[38;2;122;83;99m[48;2;248;251;254m▀[0m[38;2;173;116;123m[48;2;184;124;131m▀[0m[38;2;207;139;148m[48;2;222;150;161m▀[0m[38;2;182;120;130m[48;2;247;249;253m▀[0m[38;2;244;247;251m[48;2;248;250;253m▀[0m[38;2;239;223;129m[48;2;223;222;224m▀[0m[38;2;236;228;78m[48;2;114;80;39m▀[0m[38;2;113;80;39m[48;2;247;249;253m▀[0m[38;2;243;244;248m[48;2;247;249;253m▀[0m[38;2;245;248;252m[48;2;247;250;253m▀[0m[38;2;244;247;251m[48;2;253;252;254m▀[0m[38;2;244;247;251m[48;2;253;253;253m▀[0m[38;2;36;37;39m[48;2;240;225;137m▀[0m[38;2;239;223;129m[48;2;239;223;135m▀[0m[38;2;240;225;139m[48;2;240;225;141m▀[0m[38;2;236;230;149m▄[0m [38;2;19;12;5m[48;2;86;59;28m▀[0m[38;2;136;97;48m[48;2;110;77;38m▀[0m[38;2;136;97;48m[48;2;127;89;43m▀[0m[38;2;136;97;48m[48;2;138;97;48m▀[0m[38;2;138;97;48m[48;2;138;97;48m▀[0m[38;2;138;97;48m[48;2;138;97;48m▀[0m[38;2;138;97;48m[48;2;138;97;48m▀[0m[38;2;138;97;48m[48;2;138;97;48m▀[0m[38;2;138;97;48m[48;2;136;97;48m▀[0m[38;2;138;97;48m▀[0m[38;2;5;3;1m▀[0m    
   [38;2;248;250;253m[48;2;239;222;129m▀[0m[38;2;251;251;253m[48;2;208;210;212m▀[0m[38;2;251;251;253m[48;2;243;245;248m▀[0m[38;2;243;245;249m[48;2;240;243;245m▀[0m[38;2;91;92;92m[48;2;240;242;245m▀[0m[38;2;242;243;247m[48;2;243;246;250m▀[0m[38;2;237;238;242m[48;2;247;250;253m▀[0m[38;2;216;214;215m[48;2;118;114;111m▀[0m[38;2;198;194;192m[48;2;58;55;51m▀[0m[38;2;180;174;171m[48;2;158;152;150m▀[0m[38;2;114;80;39m[48;2;176;170;167m▀[0m[38;2;47;43;40m[48;2;246;248;251m▀[0m[38;2;249;250;253m[48;2;246;248;252m▀[0m[38;2;248;250;253m[48;2;249;251;254m▀[0m[38;2;247;249;253m[48;2;240;225;127m▀[0m[38;2;131;127;83m[48;2;239;223;125m▀[0m[38;2;241;225;152m[48;2;240;225;150m▀[0m[38;2;241;226;152m[48;2;240;225;150m▀[0m[38;2;240;225;150m[48;2;240;225;150m▀[0m[38;2;240;225;150m[48;2;241;226;152m▀[0m[38;2;240;224;150m[48;2;241;225;153m▀[0m[38;2;86;59;28m[48;2;37;32;23m▀[0m[38;2;86;59;28m[48;2;86;59;28m▀[0m[38;2;86;59;28m[48;2;86;59;28m▀[0m[38;2;111;76;38m[48;2;86;59;28m▀[0m[38;2;121;85;42m[48;2;100;69;34m▀[0m[38;2;131;92;44m[48;2;106;73;35m▀[0m[38;2;137;97;48m[48;2;121;84;41m▀[0m[38;2;137;97;48m[48;2;113;79;38m▀[0m[38;2;128;91;44m[48;2;129;90;44m▀[0m[38;2;138;97;48m[48;2;5;4;2m▀[0m[38;2;4;3;1m▀[0m     
   [38;2;238;221;124m[48;2;161;152;89m▀[0m[38;2;239;221;124m[48;2;239;224;135m▀[0m[38;2;240;223;143m[48;2;241;226;151m▀[0m[38;2;218;219;221m[48;2;241;226;151m▀[0m[38;2;246;248;252m[48;2;240;225;150m▀[0m[38;2;248;250;253m[48;2;239;222;124m▀[0m[38;2;245;247;252m[48;2;242;236;132m▀[0m[38;2;243;245;248m[48;2;243;245;248m▀[0m[38;2;185;180;178m[48;2;240;243;245m▀[0m[38;2;188;183;181m[48;2;238;240;243m▀[0m[38;2;240;243;246m[48;2;237;239;242m▀[0m[38;2;241;244;246m[48;2;238;240;243m▀[0m[38;2;239;241;243m[48;2;239;241;244m▀[0m[38;2;238;241;243m[48;2;241;243;245m▀[0m[38;2;239;241;243m[48;2;240;242;244m▀[0m[38;2;239;221;124m[48;2;248;248;249m▀[0m[38;2;239;224;133m[48;2;239;222;124m▀[0m[38;2;241;226;154m[48;2;239;223;126m▀[0m[38;2;240;225;150m[48;2;239;223;125m▀[0m[38;2;240;223;143m[48;2;239;223;126m▀[0m[38;2;239;222;137m[48;2;238;221;125m▀[0m[38;2;241;229;147m[48;2;237;221;124m▀[0m[38;2;77;54;25m▀[0m[38;2;86;59;28m[48;2;86;59;28m▀[0m[38;2;86;59;28m[48;2;86;59;28m▀[0m[38;2;87;59;28m[48;2;86;59;28m▀[0m[38;2;86;59;28m[48;2;86;59;28m▀[0m[38;2;86;59;28m[48;2;3;1;0m▀[0m[38;2;90;62;29m▀[0m        
    [38;2;240;225;150m▀[0m[38;2;240;224;150m[48;2;240;224;150m▀[0m[38;2;240;224;150m[48;2;240;225;150m▀[0m[38;2;240;225;150m[48;2;240;224;150m▀[0m[38;2;238;222;134m[48;2;240;225;150m▀[0m[38;2;236;219;124m[48;2;239;221;124m▀[0m[38;2;236;238;241m[48;2;31;31;32m▀[0m[38;2;237;239;242m[48;2;237;239;243m▀[0m[38;2;239;241;243m[48;2;242;244;246m▀[0m[38;2;238;240;243m[48;2;240;242;245m▀[0m[38;2;238;240;243m[48;2;240;242;244m▀[0m[38;2;240;242;244m[48;2;237;239;243m▀[0m[38;2;240;242;244m[48;2;238;240;242m▀[0m[38;2;240;242;244m[48;2;236;237;241m▀[0m[38;2;240;242;244m[48;2;236;238;241m▀[0m[38;2;238;220;124m[48;2;205;202;202m▀[0m[38;2;236;218;123m[48;2;204;188;111m▀[0m[38;2;235;217;124m[48;2;189;174;104m▀[0m[38;2;235;218;124m[48;2;170;155;95m▀[0m[38;2;219;202;117m[48;2;172;156;96m▀[0m[38;2;169;154;95m[48;2;60;55;34m▀[0m[38;2;86;59;28m▀[0m[38;2;86;59;28m▀[0m[38;2;86;59;28m▀[0m[38;2;1;2;0m▀[0m           
     [38;2;29;27;19m▀[0m[38;2;240;224;150m▀[0m[38;2;240;223;149m[48;2;238;221;124m▀[0m[38;2;237;220;128m[48;2;238;221;124m▀[0m[38;2;239;223;126m[48;2;240;226;128m▀[0m[38;2;239;223;126m[48;2;173;157;96m▀[0m[38;2;240;243;245m[48;2;190;167;84m▀[0m[38;2;240;243;245m[48;2;205;201;201m▀[0m[38;2;239;242;245m[48;2;196;194;191m▀[0m[38;2;239;241;243m[48;2;189;183;180m▀[0m[38;2;239;242;245m[48;2;177;171;168m▀[0m[38;2;240;242;245m[48;2;177;171;168m▀[0m[38;2;239;243;245m[48;2;178;172;169m▀[0m[38;2;208;205;206m[48;2;181;173;168m▀[0m[38;2;175;167;165m[48;2;181;174;168m▀[0m[38;2;172;156;96m[48;2;190;173;105m▀[0m[38;2;177;160;97m[48;2;189;171;105m▀[0m[38;2;177;160;97m[48;2;60;55;35m▀[0m[38;2;177;160;97m▀[0m                
        [38;2;131;119;74m▀[0m[38;2;173;158;96m▀[0m[38;2;173;158;96m▀[0m[38;2;180;163;100m▀[0m [38;2;188;182;180m▀[0m[38;2;178;174;172m[48;2;174;169;178m▀[0m    [38;2;163;155;161m▀[0m[38;2;154;146;152m[48;2;209;206;219m▀[0m                   
                                        
                                        
                                        
                                        
