                                        
                                        
                                        
                   [38;2;0;0;0m▄[0m[38;2;0;0;0m[48;2;47;72;101m▀[0m           [38;2;113;121;141m▄[0m       
                   [38;2;49;75;104m[48;2;44;69;94m▀[0m[38;2;46;71;100m[48;2;44;69;94m▀[0m[38;2;44;70;98m[48;2;26;35;46m▀[0m[38;2;1;1;1m▄[0m[38;2;29;39;52m▄[0m     [38;2;50;79;108m▄[0m [38;2;13;18;24m[48;2;46;73;102m▀[0m[38;2;47;73;101m[48;2;48;73;101m▀[0m[38;2;0;0;0m[48;2;52;80;111m▀[0m      
                  [38;2;38;59;78m[48;2;3;4;5m▀[0m[38;2;44;71;96m[48;2;72;72;72m▀[0m[38;2;43;70;95m[48;2;255;235;160m▀[0m[38;2;27;36;47m[48;2;255;237;163m▀[0m[38;2;27;36;46m[48;2;255;236;161m▀[0m[38;2;28;35;44m[48;2;255;235;161m▀[0m[38;2;255;233;153m▄[0m[38;2;255;227;111m▄[0m[38;2;243;240;118m▄[0m [38;2;1;1;1m▄[0m[38;2;48;73;100m[48;2;35;46;61m▀[0m[38;2;48;73;101m[48;2;27;37;47m▀[0m[38;2;46;71;100m[48;2;44;65;89m▀[0m[38;2;44;70;98m[48;2;29;38;50m▀[0m[38;2;46;71;100m[48;2;29;38;49m▀[0m[38;2;47;71;102m▄[0m[38;2;21;32;42m▄[0m    
               [38;2;27;50;80m▄[0m[38;2;247;232;111m▄[0m[38;2;23;19;10m[48;2;153;152;153m▀[0m[38;2;175;175;175m[48;2;255;235;161m▀[0m[38;2;255;235;161m[48;2;255;235;160m▀[0m[38;2;255;236;161m[48;2;255;235;144m▀[0m[38;2;255;235;160m[48;2;255;238;138m▀[0m[38;2;255;235;162m[48;2;149;149;149m▀[0m[38;2;23;21;14m[48;2;120;117;120m▀[0m[38;2;128;125;128m[48;2;255;230;116m▀[0m[38;2;11;11;11m[48;2;255;231;118m▀[0m[38;2;255;229;112m[48;2;255;231;119m▀[0m[38;2;255;229;112m[48;2;255;230;114m▀[0m[38;2;253;245;118m[48;2;255;230;112m▀[0m[38;2;29;37;50m[48;2;255;215;111m▀[0m[38;2;29;37;49m[48;2;18;23;28m▀[0m[38;2;29;38;49m[48;2;26;34;45m▀[0m[38;2;27;37;49m[48;2;26;34;46m▀[0m[38;2;27;37;47m[48;2;27;34;45m▀[0m[38;2;31;41;54m[48;2;32;37;50m▀[0m     
             [38;2;255;236;117m▄[0m[38;2;23;36;56m[48;2;17;24;43m▀[0m[38;2;18;28;48m[48;2;111;109;111m▀[0m[38;2;181;178;181m[48;2;255;232;120m▀[0m[38;2;121;118;121m[48;2;123;120;123m▀[0m[38;2;242;212;108m[48;2;123;120;123m▀[0m[38;2;22;19;9m[48;2;122;119;122m▀[0m[38;2;255;248;129m[48;2;123;120;123m▀[0m[38;2;123;120;123m[48;2;255;239;116m▀[0m[38;2;123;120;123m[48;2;118;115;118m▀[0m[38;2;255;233;119m[48;2;118;115;118m▀[0m[38;2;255;231;119m[48;2;40;39;40m▀[0m[38;2;255;231;116m[48;2;114;112;114m▀[0m[38;2;219;199;93m[48;2;115;114;115m▀[0m[38;2;118;115;118m[48;2;126;122;126m▀[0m[38;2;115;112;115m[48;2;114;111;114m▀[0m[38;2;84;82;84m[48;2;13;13;13m▀[0m[38;2;47;73;100m[48;2;44;70;95m▀[0m[38;2;44;70;95m[48;2;44;70;96m▀[0m[38;2;27;34;46m[48;2;15;18;27m▀[0m[38;2;18;23;31m[48;2;4;5;6m▀[0m[38;2;29;37;49m▄[0m     
         [38;2;255;236;143m▄[0m[38;2;231;214;145m[48;2;255;235;162m▀[0m[38;2;240;217;144m▄[0m[38;2;200;160;92m▄[0m[38;2;255;230;113m[48;2;255;225;111m▀[0m[38;2;17;24;43m[48;2;255;233;148m▀[0m[38;2;255;230;113m[48;2;255;235;161m▀[0m[38;2;255;230;114m[48;2;255;235;161m▀[0m[38;2;85;73;42m[48;2;255;235;160m▀[0m[38;2;82;80;82m[48;2;255;227;118m▀[0m[38;2;87;80;39m[48;2;255;226;112m▀[0m[38;2;255;226;111m[48;2;255;227;112m▀[0m[38;2;255;233;115m[48;2;132;117;57m▀[0m[38;2;114;111;114m[48;2;146;129;63m▀[0m[38;2;129;125;129m[48;2;140;122;62m▀[0m[38;2;100;98;100m[48;2;255;237;163m▀[0m[38;2;115;112;115m[48;2;37;33;21m▀[0m[38;2;114;113;114m[48;2;70;68;70m▀[0m[38;2;232;216;145m[48;2;230;213;145m▀[0m[38;2;162;155;99m[48;2;226;205;124m▀[0m[38;2;49;78;108m[48;2;218;194;95m▀[0m[38;2;44;69;95m[48;2;28;37;49m▀[0m[38;2;42;66;90m[48;2;27;36;47m▀[0m[38;2;27;37;48m[48;2;28;34;46m▀[0m[38;2;29;37;49m▀[0m      
        [38;2;209;190;87m[48;2;255;231;133m▀[0m[38;2;255;229;117m[48;2;255;227;112m▀[0m[38;2;255;245;149m[48;2;43;68;95m▀[0m[38;2;87;68;59m[48;2;60;83;105m▀[0m[38;2;142;114;86m[48;2;20;17;11m▀[0m[38;2;255;228;112m[48;2;29;48;67m▀[0m[38;2;255;231;135m[48;2;12;10;3m▀[0m[38;2;255;234;146m[48;2;255;229;110m▀[0m[38;2;255;229;123m[48;2;255;255;255m▀[0m[38;2;255;230;113m[48;2;254;237;113m▀[0m[38;2;255;229;112m[48;2;255;231;113m▀[0m[38;2;255;230;112m[48;2;255;231;116m▀[0m[38;2;255;230;112m[48;2;255;232;122m▀[0m[38;2;255;231;116m[48;2;255;231;115m▀[0m[38;2;255;231;118m[48;2;255;230;117m▀[0m[38;2;255;238;166m[48;2;10;17;26m▀[0m[38;2;255;237;166m[48;2;255;233;135m▀[0m[38;2;255;234;145m[48;2;255;235;147m▀[0m[38;2;4;5;6m[48;2;255;230;114m▀[0m[38;2;173;134;50m[48;2;27;37;49m▀[0m[38;2;217;193;91m[48;2;217;193;93m▀[0m[38;2;218;193;93m[48;2;217;193;92m▀[0m[38;2;218;193;94m[48;2;217;192;92m▀[0m[38;2;27;36;47m[48;2;217;191;92m▀[0m[38;2;25;33;44m▀[0m[38;2;27;37;47m▀[0m      
      [38;2;208;194;97m▄[0m[38;2;255;229;111m[48;2;255;232;122m▀[0m[38;2;255;231;113m[48;2;255;232;121m▀[0m[38;2;255;231;113m[48;2;255;238;118m▀[0m[38;2;148;116;91m[48;2;141;111;86m▀[0m[38;2;28;38;49m[48;2;104;80;63m▀[0m[38;2;93;79;39m[48;2;1;1;3m▀[0m[38;2;255;231;112m[48;2;255;255;255m▀[0m[38;2;255;230;112m[48;2;255;238;119m▀[0m[38;2;255;229;113m[48;2;255;234;120m▀[0m[38;2;55;45;25m[48;2;145;128;65m▀[0m[38;2;255;231;114m[48;2;248;226;113m▀[0m[38;2;255;231;110m[48;2;255;255;255m▀[0m[38;2;255;250;102m[48;2;248;247;248m▀[0m[38;2;255;229;112m[48;2;39;56;77m▀[0m[38;2;255;229;112m[48;2;252;232;118m▀[0m[38;2;255;230;116m[48;2;2;3;5m▀[0m[38;2;47;74;102m[48;2;48;72;103m▀[0m[38;2;255;230;116m[48;2;5;5;5m▀[0m[38;2;255;232;130m[48;2;255;230;120m▀[0m[38;2;255;229;111m[48;2;255;234;136m▀[0m[38;2;255;230;112m[48;2;255;226;112m▀[0m[38;2;23;30;42m[48;2;52;44;23m▀[0m[38;2;218;194;95m[48;2;220;198;97m▀[0m[38;2;219;195;94m[48;2;219;195;98m▀[0m[38;2;220;196;100m[48;2;180;145;76m▀[0m[38;2;187;152;79m[48;2;123;98;54m▀[0m[38;2;120;95;52m▄[0m[38;2;116;92;51m▄[0m[38;2;0;0;0m▄[0m    
    [38;2;255;233;128m▄[0m[38;2;255;238;166m[48;2;255;236;160m▀[0m[38;2;255;238;165m[48;2;255;231;118m▀[0m[38;2;255;231;113m[48;2;255;231;113m▀[0m[38;2;255;229;113m[48;2;255;229;112m▀[0m[38;2;141;110;86m[48;2;145;115;89m▀[0m[38;2;142;112;87m[48;2;139;110;85m▀[0m[38;2;141;111;86m[48;2;141;111;86m▀[0m[38;2;55;86;118m▀[0m[38;2;242;225;110m[48;2;10;9;6m▀[0m[38;2;255;231;120m[48;2;249;206;109m▀[0m[38;2;98;90;43m[48;2;255;220;111m▀[0m[38;2;50;43;25m[48;2;242;209;106m▀[0m[38;2;28;45;63m[48;2;15;15;17m▀[0m[38;2;3;1;1m[48;2;46;72;100m▀[0m[38;2;3;2;1m[48;2;100;111;135m▀[0m[38;2;49;73;102m[48;2;63;60;63m▀[0m[38;2;123;121;123m[48;2;12;11;12m▀[0m[38;2;27;37;49m[48;2;53;49;52m▀[0m[38;2;2;2;3m[48;2;0;0;0m▀[0m[38;2;22;29;39m▀[0m[38;2;255;230;113m[48;2;255;240;123m▀[0m[38;2;255;231;116m[48;2;255;230;113m▀[0m[38;2;255;232;121m[48;2;255;232;122m▀[0m[38;2;255;231;118m[48;2;255;230;115m▀[0m[38;2;255;229;112m▄[0m[38;2;118;94;52m[48;2;234;210;105m▀[0m[38;2;120;94;53m[48;2;112;89;49m▀[0m[38;2;120;95;53m[48;2;114;90;50m▀[0m[38;2;118;93;52m[48;2;113;90;50m▀[0m[38;2;118;94;52m[48;2;114;91;51m▀[0m[38;2;116;92;51m[48;2;115;91;51m▀[0m[38;2;117;93;52m▄[0m[38;2;0;0;0m▄[0m  
   [38;2;38;34;20m[48;2;252;212;111m▀[0m[38;2;255;232;111m[48;2;199;161;90m▀[0m[38;2;255;227;112m[48;2;212;173;95m▀[0m[38;2;255;227;110m[48;2;203;165;92m▀[0m[38;2;255;231;118m[48;2;201;162;91m▀[0m[38;2;255;231;116m[48;2;70;62;45m▀[0m[38;2;247;233;114m[48;2;255;236;162m▀[0m[38;2;148;116;91m[48;2;255;236;162m▀[0m[38;2;93;73;58m[48;2;255;234;142m▀[0m[38;2;255;229;112m▄[0m[38;2;34;53;73m▄[0m[38;2;63;62;63m[48;2;29;39;53m▀[0m[38;2;66;64;66m[48;2;19;23;29m▀[0m[38;2;63;62;63m[48;2;0;0;0m▀[0m[38;2;63;60;63m[48;2;255;245;168m▀[0m[38;2;62;61;62m[48;2;149;141;84m▀[0m[38;2;62;61;62m[48;2;0;0;0m▀[0m[38;2;64;62;64m▀[0m[38;2;65;62;65m▀[0m   [38;2;2;2;1m[48;2;255;237;115m▀[0m[38;2;255;227;112m[48;2;255;229;119m▀[0m[38;2;255;234;161m[48;2;255;233;138m▀[0m[38;2;255;235;161m[48;2;255;228;110m▀[0m[38;2;255;226;112m[48;2;255;227;112m▀[0m[38;2;254;215;111m[48;2;198;160;91m▀[0m[38;2;197;159;90m[48;2;195;157;90m▀[0m[38;2;112;89;49m[48;2;116;92;51m▀[0m[38;2;114;90;50m[48;2;116;91;50m▀[0m[38;2;117;92;52m[48;2;116;92;51m▀[0m[38;2;121;96;53m[48;2;113;89;51m▀[0m[38;2;119;94;52m[48;2;1;2;3m▀[0m   
  [38;2;253;239;156m▀[0m[38;2;255;232;118m[48;2;255;227;112m▀[0m[38;2;202;162;92m[48;2;216;176;97m▀[0m[38;2;199;160;91m[48;2;193;156;89m▀[0m[38;2;199;160;91m[48;2;219;196;98m▀[0m[38;2;255;238;149m[48;2;255;227;113m▀[0m[38;2;255;235;161m[48;2;255;227;112m▀[0m[38;2;255;233;150m[48;2;255;225;113m▀[0m[38;2;255;231;115m[48;2;252;209;111m▀[0m[38;2;255;226;112m[48;2;199;161;93m▀[0m[38;2;254;220;112m[48;2;0;0;0m▀[0m    [38;2;255;235;161m[48;2;255;235;162m▀[0m[38;2;255;231;129m[48;2;255;229;119m▀[0m[38;2;255;235;115m▄[0m     [38;2;220;181;101m▀[0m[38;2;255;226;112m[48;2;198;160;91m▀[0m[38;2;255;224;112m[48;2;201;162;90m▀[0m[38;2;253;209;110m[48;2;202;164;90m▀[0m[38;2;214;173;98m[48;2;204;165;92m▀[0m[38;2;199;160;91m[48;2;202;165;90m▀[0m[38;2;200;161;90m[48;2;202;165;91m▀[0m[38;2;7;6;3m[48;2;209;171;94m▀[0m[38;2;124;98;54m▀[0m[38;2;123;98;54m[48;2;143;114;63m▀[0m[38;2;1;1;0m[48;2;17;23;34m▀[0m[38;2;2;2;2m[48;2;23;29;40m▀[0m   
    [38;2;26;33;37m[48;2;37;58;76m▀[0m[38;2;68;56;29m▀[0m[38;2;244;200;106m[48;2;195;157;90m▀[0m[38;2;227;185;102m[48;2;196;159;91m▀[0m[38;2;195;158;90m[48;2;195;158;90m▀[0m[38;2;197;159;89m▀[0m       [38;2;255;228;134m[48;2;255;229;111m▀[0m[38;2;255;227;112m[48;2;255;228;110m▀[0m[38;2;255;227;112m[48;2;255;227;112m▀[0m     [38;2;15;13;7m▄[0m[38;2;255;231;119m▀[0m[38;2;218;178;98m[48;2;255;231;116m▀[0m[38;2;199;161;90m[48;2;255;230;112m▀[0m[38;2;202;165;90m[48;2;255;229;111m▀[0m[38;2;255;231;114m[48;2;255;231;118m▀[0m[38;2;207;168;92m[48;2;255;229;111m▀[0m[38;2;202;162;92m▀[0m       
      [38;2;222;184;101m▀[0m          [38;2;255;235;144m[48;2;255;231;119m▀[0m[38;2;255;232;120m[48;2;255;227;114m▀[0m[38;2;243;203;106m[48;2;204;164;92m▀[0m       [38;2;45;37;20m▀[0m[38;2;27;37;49m▀[0m[38;2;28;37;49m[48;2;28;37;49m▀[0m[38;2;29;37;50m[48;2;32;42;57m▀[0m[38;2;6;5;2m▀[0m        
                  [38;2;202;164;90m[48;2;94;78;45m▀[0m          [38;2;0;0;0m▀[0m          
                                        
                                        
                                        
