                                        
                                        
                                        
                                  [38;2;170;60;60m▄[0m[38;2;118;42;43m▄[0m    
                               [38;2;136;127;53m[48;2;175;65;65m▀[0m[38;2;181;66;67m[48;2;209;74;67m▀[0m[38;2;175;66;66m[48;2;241;79;71m▀[0m[38;2;175;64;66m[48;2;240;80;71m▀[0m[38;2;176;65;67m[48;2;160;53;50m▀[0m[38;2;179;67;68m[48;2;241;95;90m▀[0m[38;2;176;65;67m[48;2;181;65;66m▀[0m  
                              [38;2;4;4;4m▀[0m[38;2;244;91;86m[48;2;98;42;45m▀[0m[38;2;227;76;67m[48;2;241;114;116m▀[0m[38;2;241;115;119m[48;2;193;92;97m▀[0m[38;2;239;113;118m[48;2;243;78;70m▀[0m[38;2;235;112;114m[48;2;235;112;112m▀[0m[38;2;83;39;44m[48;2;240;82;73m▀[0m[38;2;243;79;69m[48;2;189;70;68m▀[0m  
    [38;2;145;136;57m▄[0m                           [38;2;240;83;70m▀[0m[38;2;62;21;20m[48;2;245;81;68m▀[0m[38;2;242;80;70m[48;2;14;6;7m▀[0m     
  [38;2;175;63;66m▄[0m[38;2;178;66;67m[48;2;181;67;68m▀[0m[38;2;175;64;66m[48;2;175;66;66m▀[0m[38;2;173;66;66m[48;2;176;64;65m▀[0m[38;2;173;66;69m[48;2;174;65;66m▀[0m[38;2;31;13;16m[48;2;176;66;66m▀[0m[38;2;140;130;55m[48;2;179;65;67m▀[0m              [38;2;30;32;13m▄[0m[38;2;120;48;48m▄[0m[38;2;127;51;51m▄[0m[38;2;117;51;57m▄[0m[38;2;117;51;56m▄[0m[38;2;5;2;0m▄[0m  [38;2;236;78;69m▄[0m[38;2;223;75;67m[48;2;246;101;99m▀[0m[38;2;236;87;84m▀[0m      
  [38;2;175;63;66m[48;2;194;71;74m▀[0m[38;2;104;59;66m[48;2;238;116;118m▀[0m[38;2;234;111;119m[48;2;237;112;118m▀[0m[38;2;236;113;116m[48;2;241;78;70m▀[0m[38;2;243;87;78m[48;2;239;113;117m▀[0m[38;2;230;77;65m[48;2;133;64;66m▀[0m[38;2;195;69;68m[48;2;249;82;71m▀[0m             [38;2;38;20;23m▄[0m[38;2;117;51;56m[48;2;66;32;36m▀[0m[38;2;116;51;54m[48;2;115;51;56m▀[0m[38;2;115;51;55m[48;2;132;51;54m▀[0m[38;2;115;51;56m[48;2;179;65;65m▀[0m[38;2;51;31;28m[48;2;103;60;69m▀[0m[38;2;237;79;71m[48;2;118;50;52m▀[0m[38;2;236;87;84m▀[0m[38;2;211;82;79m▀[0m         
  [38;2;140;52;54m▀[0m [38;2;228;111;116m▀[0m[38;2;247;82;73m[48;2;246;81;71m▀[0m[38;2;239;114;121m▀[0m[38;2;246;93;92m[48;2;3;1;0m▀[0m            [38;2;105;96;43m▄[0m[38;2;177;65;65m[48;2;179;170;79m▀[0m[38;2;186;176;82m▄[0m[38;2;116;48;49m[48;2;159;149;68m▀[0m[38;2;154;60;61m[48;2;134;127;56m▀[0m[38;2;38;19;21m[48;2;154;147;67m▀[0m[38;2;117;52;57m[48;2;22;22;8m▀[0m[38;2;44;23;27m▀[0m[38;2;139;54;54m▀[0m[38;2;8;8;3m▄[0m          
     [38;2;5;1;1m▀[0m[38;2;235;79;70m▀[0m[38;2;241;114;118m▄[0m[38;2;241;105;101m▄[0m[38;2;241;93;88m▄[0m[38;2;243;93;91m▄[0m[38;2;251;88;78m▄[0m[38;2;86;30;28m[48;2;15;5;7m▀[0m[38;2;249;87;74m▀[0m[38;2;251;87;74m▀[0m[38;2;4;4;1m[48;2;180;65;67m▀[0m[38;2;48;44;18m▄[0m[38;2;0;0;0m[48;2;75;39;14m▀[0m[38;2;24;22;8m[48;2;176;168;78m▀[0m[38;2;46;42;18m[48;2;177;168;78m▀[0m[38;2;4;2;1m[48;2;176;63;63m▀[0m[38;2;230;134;41m[48;2;74;28;11m▀[0m[38;2;210;124;38m[48;2;86;47;22m▀[0m[38;2;181;65;65m[48;2;60;20;21m▀[0m[38;2;170;161;74m[48;2;177;169;77m▀[0m[38;2;177;169;77m[48;2;176;168;78m▀[0m[38;2;179;168;78m[48;2;55;50;21m▀[0m[38;2;186;176;82m[48;2;140;130;59m▀[0m[38;2;179;170;79m[48;2;178;170;79m▀[0m[38;2;176;168;78m[48;2;183;175;82m▀[0m[38;2;180;173;82m▄[0m         
           [38;2;70;65;28m▄[0m[38;2;22;20;8m▄[0m [38;2;178;169;79m▄[0m[38;2;187;67;67m[48;2;178;67;67m▀[0m[38;2;82;50;16m[48;2;67;33;24m▀[0m[38;2;187;67;69m[48;2;218;212;106m▀[0m[38;2;178;170;79m[48;2;217;212;107m▀[0m[38;2;195;185;88m[48;2;224;219;111m▀[0m[38;2;216;211;106m[48;2;33;31;14m▀[0m[38;2;221;217;111m[48;2;58;54;23m▀[0m[38;2;57;53;22m[48;2;58;54;23m▀[0m[38;2;218;213;107m[48;2;59;55;23m▀[0m[38;2;218;213;106m[48;2;60;56;23m▀[0m[38;2;218;213;106m[48;2;39;37;15m▀[0m[38;2;217;210;105m[48;2;48;45;19m▀[0m[38;2;208;200;98m[48;2;62;57;24m▀[0m[38;2;192;182;85m[48;2;60;56;24m▀[0m[38;2;179;171;79m[48;2;59;55;23m▀[0m[38;2;179;171;79m[48;2;58;54;23m▀[0m[38;2;182;174;81m[48;2;155;146;67m▀[0m[38;2;180;171;79m[48;2;96;91;40m▀[0m       
            [38;2;178;169;78m[48;2;82;77;33m▀[0m[38;2;182;173;81m[48;2;206;198;96m▀[0m[38;2;180;172;82m[48;2;105;101;46m▀[0m[38;2;58;53;23m[48;2;58;54;23m▀[0m[38;2;59;54;23m[48;2;209;203;102m▀[0m[38;2;60;55;23m[48;2;213;207;104m▀[0m[38;2;61;57;24m[48;2;69;67;32m▀[0m[38;2;175;168;81m[48;2;177;168;80m▀[0m[38;2;215;210;107m[48;2;219;212;106m▀[0m[38;2;217;210;105m[48;2;220;214;107m▀[0m[38;2;218;211;105m[48;2;217;210;105m▀[0m[38;2;220;213;106m[48;2;217;210;105m▀[0m[38;2;220;213;106m[48;2;217;210;105m▀[0m[38;2;219;212;106m[48;2;215;208;105m▀[0m[38;2;218;211;105m[48;2;217;211;105m▀[0m[38;2;218;212;106m[48;2;217;210;104m▀[0m[38;2;217;210;104m[48;2;214;207;104m▀[0m[38;2;215;208;105m[48;2;175;167;79m▀[0m[38;2;215;208;104m[48;2;215;208;103m▀[0m[38;2;180;174;85m[48;2;214;207;104m▀[0m[38;2;55;51;22m[48;2;215;207;104m▀[0m       
           [38;2;10;10;1m▄[0m[38;2;203;198;98m[48;2;49;47;21m▀[0m[38;2;58;54;23m[48;2;216;210;108m▀[0m[38;2;217;213;109m[48;2;214;210;107m▀[0m[38;2;214;208;105m[48;2;132;127;62m▀[0m[38;2;214;208;105m[48;2;227;220;112m▀[0m[38;2;216;211;107m[48;2;235;227;118m▀[0m[38;2;197;188;91m[48;2;240;233;122m▀[0m[38;2;231;223;115m[48;2;239;231;121m▀[0m[38;2;236;228;118m[48;2;235;228;118m▀[0m[38;2;234;226;117m[48;2;236;228;118m▀[0m[38;2;235;227;115m[48;2;234;226;116m▀[0m[38;2;235;226;116m[48;2;241;234;122m▀[0m[38;2;234;226;116m[48;2;230;223;115m▀[0m[38;2;235;227;117m[48;2;236;229;118m▀[0m[38;2;235;228;116m[48;2;233;226;115m▀[0m[38;2;234;226;116m[48;2;234;226;116m▀[0m[38;2;236;227;117m[48;2;235;227;117m▀[0m[38;2;236;228;117m[48;2;235;227;117m▀[0m[38;2;219;212;106m[48;2;235;227;117m▀[0m[38;2;217;210;105m[48;2;149;143;68m▀[0m[38;2;59;56;24m▀[0m       
            [38;2;213;207;104m[48;2;148;146;69m▀[0m[38;2;175;167;76m[48;2;235;228;117m▀[0m[38;2;228;219;111m[48;2;99;95;45m▀[0m[38;2;234;226;115m[48;2;233;226;115m▀[0m[38;2;234;226;115m[48;2;240;232;121m▀[0m[38;2;235;228;117m[48;2;63;59;25m▀[0m[38;2;237;229;118m[48;2;236;228;117m▀[0m[38;2;60;55;24m[48;2;236;228;117m▀[0m[38;2;39;36;16m[48;2;236;228;117m▀[0m[38;2;203;195;96m[48;2;236;228;117m▀[0m[38;2;236;228;118m[48;2;238;230;119m▀[0m[38;2;233;225;116m[48;2;38;36;15m▀[0m[38;2;234;226;116m[48;2;227;220;114m▀[0m[38;2;236;229;117m[48;2;236;228;118m▀[0m[38;2;236;227;116m[48;2;236;228;118m▀[0m[38;2;100;93;41m[48;2;235;227;117m▀[0m[38;2;58;54;23m[48;2;236;228;118m▀[0m[38;2;238;230;118m▀[0m[38;2;79;75;33m▀[0m[38;2;222;215;106m▀[0m        
            [38;2;17;16;6m▀[0m  [38;2;242;234;123m▀[0m[38;2;235;228;118m[48;2;210;201;100m▀[0m[38;2;234;226;116m[48;2;49;46;19m▀[0m[38;2;185;178;87m[48;2;235;227;117m▀[0m[38;2;226;219;109m[48;2;235;227;117m▀[0m[38;2;236;228;117m[48;2;237;230;118m▀[0m[38;2;238;230;119m[48;2;237;229;118m▀[0m[38;2;236;227;117m[48;2;236;228;118m▀[0m[38;2;235;227;117m[48;2;239;232;120m▀[0m[38;2;242;235;122m[48;2;147;141;68m▀[0m[38;2;235;227;117m▀[0m[38;2;237;229;117m▀[0m             
                  [38;2;254;247;134m▀[0m     [38;2;234;226;116m▀[0m               
                                        
                                        
                                        
