                                        
                                        
                                        
                                        
            [38;2;184;188;201m▄[0m[38;2;79;81;86m▄[0m                          
       [38;2;187;193;206m[48;2;182;188;200m▀[0m[38;2;184;190;204m[48;2;183;187;199m▀[0m[38;2;74;75;78m▄[0m[38;2;67;69;73m[48;2;142;141;143m▀[0m[38;2;82;83;88m[48;2;88;87;86m▀[0m[38;2;185;191;202m[48;2;184;188;200m▀[0m[38;2;185;190;202m[48;2;164;169;177m▀[0m[38;2;72;71;72m▀[0m     [38;2;178;181;183m[48;2;171;172;177m▀[0m[38;2;172;173;177m[48;2;173;175;178m▀[0m[38;2;171;172;176m[48;2;175;176;179m▀[0m[38;2;88;88;89m▄[0m                
       [38;2;184;189;201m[48;2;93;95;99m▀[0m[38;2;83;84;84m[48;2;132;130;132m▀[0m[38;2;193;198;204m[48;2;225;232;236m▀[0m[38;2;134;133;136m[48;2;80;183;179m▀[0m[38;2;131;130;132m[48;2;125;125;128m▀[0m[38;2;122;122;125m[48;2;112;115;118m▀[0m[38;2;177;186;205m[48;2;110;112;116m▀[0m[38;2;59;60;61m[48;2;182;193;213m▀[0m[38;2;165;167;173m[48;2;189;198;217m▀[0m[38;2;73;75;78m▄[0m[38;2;190;186;186m▄[0m[38;2;183;183;185m▄[0m[38;2;101;101;103m[48;2;182;183;185m▀[0m[38;2;177;178;181m[48;2;182;183;185m▀[0m[38;2;177;178;182m[48;2;182;183;185m▀[0m[38;2;179;181;184m[48;2;180;181;184m▀[0m[38;2;69;74;87m[48;2;176;178;180m▀[0m   [38;2;153;156;163m▄[0m            
     [38;2;195;202;214m[48;2;206;207;218m▀[0m[38;2;196;201;214m[48;2;208;210;218m▀[0m[38;2;141;139;141m[48;2;90;88;87m▀[0m[38;2;137;135;137m[48;2;138;137;138m▀[0m[38;2;110;188;186m[48;2;20;49;45m▀[0m[38;2;118;193;188m[48;2;56;133;125m▀[0m[38;2;59;181;178m[48;2;27;26;25m▀[0m[38;2;251;251;254m[48;2;109;111;115m▀[0m[38;2;101;102;106m[48;2;108;110;115m▀[0m[38;2;188;198;218m[48;2;176;185;205m▀[0m[38;2;187;198;218m[48;2;88;87;88m▀[0m[38;2;79;82;86m[48;2;87;87;88m▀[0m[38;2;35;35;35m[48;2;36;35;35m▀[0m[38;2;26;26;25m[48;2;175;175;179m▀[0m[38;2;194;199;212m[48;2;184;189;202m▀[0m[38;2;187;192;204m[48;2;184;190;204m▀[0m[38;2;85;85;87m[48;2;75;78;86m▀[0m[38;2;136;136;139m[48;2;131;129;132m▀[0m[38;2;158;160;165m[48;2;20;20;20m▀[0m[38;2;155;156;163m[48;2;161;166;172m▀[0m[38;2;124;126;132m[48;2;162;166;172m▀[0m[38;2;155;157;164m[48;2;165;166;173m▀[0m[38;2;154;157;163m[48;2;164;167;173m▀[0m[38;2;156;159;165m[48;2;162;165;171m▀[0m           
     [38;2;94;95;98m▀[0m[38;2;92;91;92m▀[0m[38;2;189;195;209m[48;2;83;85;92m▀[0m[38;2;116;117;121m[48;2;175;184;202m▀[0m[38;2;35;34;34m[48;2;110;112;116m▀[0m[38;2;108;110;114m[48;2;110;113;117m▀[0m[38;2;108;110;114m[48;2;110;113;117m▀[0m[38;2;108;111;114m[48;2;111;117;128m▀[0m[38;2;127;133;145m[48;2;178;188;208m▀[0m[38;2;62;64;69m[48;2;48;50;51m▀[0m[38;2;186;191;204m[48;2;193;200;214m▀[0m[38;2;108;111;117m[48;2;194;200;214m▀[0m[38;2;205;213;228m[48;2;193;199;212m▀[0m[38;2;192;199;212m[48;2;139;141;150m▀[0m[38;2;192;199;212m[48;2;72;172;170m▀[0m[38;2;199;204;217m[48;2;127;128;134m▀[0m[38;2;210;217;231m[48;2;187;197;213m▀[0m[38;2;135;132;134m[48;2;183;193;211m▀[0m[38;2;171;171;176m[48;2;184;194;214m▀[0m[38;2;206;215;237m[48;2;186;197;216m▀[0m[38;2;161;165;171m[48;2;37;36;36m▀[0m[38;2;160;163;170m[48;2;161;164;171m▀[0m[38;2;159;163;170m[48;2;26;28;27m▀[0m[38;2;66;72;83m▀[0m           
       [38;2;201;208;227m▄[0m[38;2;186;197;216m[48;2;185;196;216m▀[0m[38;2;197;201;218m[48;2;47;51;59m▀[0m[38;2;189;198;217m[48;2;32;35;37m▀[0m[38;2;186;197;217m[48;2;132;128;130m▀[0m[38;2;183;193;214m[48;2;193;203;222m▀[0m[38;2;183;194;214m[48;2;186;197;216m▀[0m[38;2;67;72;84m[48;2;91;90;91m▀[0m[38;2;86;97;119m[48;2;136;138;145m▀[0m[38;2;200;206;218m[48;2;201;205;217m▀[0m[38;2;77;160;156m[48;2;112;191;187m▀[0m[38;2;111;190;186m[48;2;230;240;239m▀[0m[38;2;113;190;187m[48;2;114;191;188m▀[0m[38;2;58;180;178m[48;2;59;179;178m▀[0m[38;2;54;164;161m[48;2;55;176;174m▀[0m[38;2;195;200;218m[48;2;189;199;218m▀[0m[38;2;184;194;214m[48;2;194;205;225m▀[0m[38;2;59;64;76m[48;2;67;71;84m▀[0m[38;2;87;87;91m[48;2;133;133;138m▀[0m[38;2;161;164;171m[48;2;163;165;172m▀[0m[38;2;161;164;171m[48;2;164;167;173m▀[0m[38;2;5;5;5m▄[0m           
         [38;2;65;70;82m▀[0m[38;2;49;49;50m▀[0m[38;2;136;133;134m▀[0m[38;2;125;122;124m[48;2;30;31;28m▀[0m[38;2;55;56;55m[48;2;133;134;135m▀[0m[38;2;98;95;95m[48;2;133;138;145m▀[0m[38;2;113;115;119m[48;2;102;101;104m▀[0m[38;2;196;202;215m[48;2;156;160;171m▀[0m[38;2;57;143;137m[48;2;53;57;58m▀[0m[38;2;70;162;158m[48;2;58;133;127m▀[0m[38;2;56;159;156m[48;2;56;130;122m▀[0m[38;2;59;148;142m[48;2;57;132;124m▀[0m[38;2;57;127;121m[48;2;228;227;231m▀[0m[38;2;175;185;204m[48;2;185;194;214m▀[0m[38;2;192;203;223m[48;2;181;191;210m▀[0m[38;2;76;74;74m[48;2;126;123;125m▀[0m[38;2;36;36;35m[48;2;37;37;38m▀[0m[38;2;36;35;36m[48;2;35;34;34m▀[0m[38;2;162;166;173m[48;2;154;158;164m▀[0m[38;2;161;164;171m[48;2;152;155;162m▀[0m[38;2;161;165;171m[48;2;152;155;162m▀[0m[38;2;65;67;67m[48;2;88;88;90m▀[0m         
  [38;2;200;208;224m▄[0m[38;2;24;24;23m[48;2;195;204;222m▀[0m[38;2;207;211;225m[48;2;197;206;222m▀[0m[38;2;204;211;227m[48;2;190;198;214m▀[0m[38;2;215;218;230m[48;2;190;196;213m▀[0m[38;2;202;208;222m[48;2;199;204;218m▀[0m[38;2;222;223;227m[48;2;207;211;222m▀[0m[38;2;223;223;227m[48;2;185;190;202m▀[0m[38;2;222;222;226m[48;2;156;156;164m▀[0m[38;2;222;221;226m[48;2;145;144;152m▀[0m[38;2;202;206;217m[48;2;137;134;141m▀[0m[38;2;183;191;206m[48;2;138;136;142m▀[0m[38;2;185;193;209m[48;2;145;144;149m▀[0m[38;2;186;193;209m[48;2;149;147;154m▀[0m[38;2;186;194;210m[48;2;154;153;161m▀[0m[38;2;191;201;215m[48;2;163;165;175m▀[0m[38;2;194;202;219m[48;2;169;173;186m▀[0m[38;2;186;194;210m[48;2;183;192;208m▀[0m[38;2;186;194;210m[48;2;183;190;207m▀[0m[38;2;192;199;213m[48;2;184;192;209m▀[0m[38;2;187;194;210m[48;2;182;189;207m▀[0m[38;2;187;195;211m[48;2;181;187;203m▀[0m[38;2;178;184;199m[48;2;160;162;174m▀[0m[38;2;146;145;153m[48;2;137;134;141m▀[0m[38;2;119;117;122m[48;2;136;135;142m▀[0m[38;2;114;116;120m[48;2;139;138;145m▀[0m[38;2;163;166;174m[48;2;141;139;146m▀[0m[38;2;155;158;165m[48;2;145;145;152m▀[0m[38;2;71;70;72m[48;2;190;198;213m▀[0m[38;2;203;212;229m▄[0m[38;2;21;23;23m▄[0m       
  [38;2;191;199;216m▀[0m[38;2;37;37;38m▀[0m[38;2;65;78;103m[48;2;64;79;103m▀[0m[38;2;28;35;42m[48;2;98;101;118m▀[0m[38;2;114;113;125m▄[0m[38;2;115;113;125m▄[0m[38;2;118;117;128m▄[0m[38;2;88;90;105m▄[0m  [38;2;130;130;138m[48;2;135;135;144m▀[0m[38;2;74;74;78m[48;2;131;130;139m▀[0m[38;2;59;62;72m[48;2;146;148;161m▀[0m[38;2;61;65;76m[48;2;240;174;163m▀[0m[38;2;46;50;58m[48;2;231;183;172m▀[0m[38;2;53;57;67m[48;2;231;186;174m▀[0m[38;2;56;59;69m[48;2;239;190;177m▀[0m[38;2;128;128;138m[48;2;99;98;103m▀[0m[38;2;134;134;144m[48;2;132;131;140m▀[0m[38;2;57;62;72m[48;2;149;149;158m▀[0m[38;2;58;62;72m[48;2;63;63;66m▀[0m[38;2;58;62;72m[48;2;145;141;147m▀[0m[38;2;93;92;94m[48;2;50;49;48m▀[0m[38;2;84;81;82m[48;2;130;124;122m▀[0m[38;2;120;119;124m[48;2;128;125;126m▀[0m[38;2;150;147;154m▀[0m[38;2;150;145;151m▀[0m[38;2;171;169;179m▀[0m[38;2;197;199;213m▀[0m[38;2;204;209;223m▀[0m[38;2;190;199;216m[48;2;164;166;177m▀[0m[38;2;189;197;213m[48;2;197;205;222m▀[0m[38;2;136;141;152m[48;2;196;204;222m▀[0m[38;2;1;1;1m[48;2;199;208;224m▀[0m[38;2;228;228;232m▄[0m[38;2;60;61;60m▄[0m  
        [38;2;37;38;38m▀[0m[38;2;109;111;124m▀[0m[38;2;66;79;101m▀[0m[38;2;62;75;99m▀[0m[38;2;134;130;129m▀[0m[38;2;129;124;124m[48;2;84;83;84m▀[0m[38;2;56;60;68m▀[0m[38;2;47;47;47m[48;2;22;24;28m▀[0m[38;2;225;147;138m[48;2;73;71;70m▀[0m[38;2;227;150;139m[48;2;128;125;126m▀[0m[38;2;232;145;133m[48;2;124;122;123m▀[0m[38;2;238;138;125m[48;2;125;121;122m▀[0m[38;2;156;152;160m[48;2;125;121;122m▀[0m[38;2;78;76;76m[48;2;125;121;122m▀[0m[38;2;123;119;121m[48;2;127;124;125m▀[0m[38;2;124;120;122m[48;2;57;60;68m▀[0m[38;2;124;120;122m[48;2;147;147;152m▀[0m[38;2;124;121;122m[48;2;164;167;173m▀[0m[38;2;126;123;125m[48;2;160;163;170m▀[0m[38;2;33;39;53m[48;2;90;90;90m▀[0m[38;2;67;81;108m[48;2;63;77;101m▀[0m[38;2;67;81;106m[48;2;64;77;101m▀[0m[38;2;81;89;110m[48;2;68;82;108m▀[0m[38;2;103;105;122m[48;2;92;96;114m▀[0m[38;2;103;105;122m[48;2;5;6;3m▀[0m[38;2;103;105;122m▀[0m[38;2;108;111;129m▀[0m[38;2;76;78;82m▀[0m    
                 [38;2;167;170;177m[48;2;153;152;154m▀[0m[38;2;163;165;172m[48;2;160;163;170m▀[0m[38;2;173;171;175m[48;2;155;157;164m▀[0m[38;2;173;172;175m[48;2;155;158;165m▀[0m[38;2;54;58;66m▀[0m[38;2;54;58;65m▀[0m[38;2;5;5;3m▀[0m [38;2;159;163;169m▀[0m[38;2;88;87;90m▀[0m             
                  [38;2;75;78;79m▀[0m[38;2;87;86;88m▀[0m[38;2;87;85;87m▀[0m                   
                                        
                                        
                                        
                                        
