                                        
                                        
                                        
                                        
            [38;2;204;189;109m▄[0m[38;2;85;78;45m▄[0m                          
       [38;2;208;194;112m[48;2;203;189;109m▀[0m[38;2;206;191;110m[48;2;203;189;108m▀[0m[38;2;88;82;46m▄[0m[38;2;71;66;36m[48;2;141;139;137m▀[0m[38;2;102;94;53m[48;2;87;85;83m▀[0m[38;2;206;191;110m[48;2;204;189;108m▀[0m[38;2;206;191;110m[48;2;178;165;93m▀[0m[38;2;78;71;37m▀[0m     [38;2;187;177;136m[48;2;180;170;131m▀[0m[38;2;181;171;132m[48;2;182;173;133m▀[0m[38;2;179;170;130m[48;2;184;173;133m▀[0m[38;2;101;96;72m▄[0m                
       [38;2;205;190;110m[48;2;110;103;70m▀[0m[38;2;94;95;96m[48;2;127;125;123m▀[0m[38;2;182;187;193m[48;2;212;218;221m▀[0m[38;2;134;132;132m[48;2;11;209;22m▀[0m[38;2;131;129;128m[48;2;127;125;125m▀[0m[38;2;122;121;121m[48;2;113;115;115m▀[0m[38;2;201;188;110m[48;2;110;111;113m▀[0m[38;2;74;68;36m[48;2;207;193;113m▀[0m[38;2;175;166;128m[48;2;211;197;115m▀[0m[38;2;99;91;49m▄[0m[38;2;193;183;141m▄[0m[38;2;190;179;138m▄[0m[38;2;115;108;82m[48;2;190;179;138m▀[0m[38;2;185;175;135m[48;2;190;179;138m▀[0m[38;2;185;175;135m[48;2;190;179;138m▀[0m[38;2;188;177;137m[48;2;188;178;137m▀[0m[38;2;85;82;63m[48;2;184;175;134m▀[0m   [38;2;166;157;122m▄[0m            
     [38;2;214;200;115m[48;2;222;204;118m▀[0m[38;2;215;200;115m[48;2;224;206;118m▀[0m[38;2;138;135;133m[48;2;95;92;87m▀[0m[38;2;137;134;133m[48;2;138;136;134m▀[0m[38;2;54;210;65m[48;2;22;59;20m▀[0m[38;2;64;213;71m[48;2;2;154;2m▀[0m[38;2;0;213;0m[48;2;33;40;25m▀[0m[38;2;247;248;250m[48;2;109;111;111m▀[0m[38;2;98;99;100m[48;2;108;109;111m▀[0m[38;2;211;198;115m[48;2;200;187;109m▀[0m[38;2;210;197;116m[48;2;106;98;52m▀[0m[38;2;105;96;53m[48;2;106;97;52m▀[0m[38;2;35;35;35m[48;2;34;33;34m▀[0m[38;2;27;27;26m[48;2;180;171;132m▀[0m[38;2;213;197;112m[48;2;205;190;109m▀[0m[38;2;207;193;110m[48;2;206;191;110m▀[0m[38;2;102;93;49m[48;2;93;87;48m▀[0m[38;2;140;132;100m[48;2;142;134;102m▀[0m[38;2;170;161;124m[48;2;32;31;25m▀[0m[38;2;167;158;122m[48;2;174;165;128m▀[0m[38;2;132;126;96m[48;2;174;166;128m▀[0m[38;2;167;159;122m[48;2;176;166;128m▀[0m[38;2;167;158;122m[48;2;176;167;128m▀[0m[38;2;167;160;123m[48;2;173;165;127m▀[0m           
     [38;2;104;95;51m▀[0m[38;2;109;100;52m▀[0m[38;2;209;195;112m[48;2;98;92;51m▀[0m[38;2;116;116;117m[48;2;200;187;109m▀[0m[38;2;35;34;34m[48;2;110;111;112m▀[0m[38;2;108;109;110m[48;2;111;112;113m▀[0m[38;2;108;109;110m[48;2;109;112;113m▀[0m[38;2;108;110;110m[48;2;132;123;70m▀[0m[38;2;141;135;101m[48;2;202;189;111m▀[0m[38;2;83;77;43m[48;2;69;64;35m▀[0m[38;2;207;192;110m[48;2;212;198;115m▀[0m[38;2;127;118;71m[48;2;213;199;115m▀[0m[38;2;217;203;117m[48;2;212;198;114m▀[0m[38;2;212;198;113m[48;2;153;143;81m▀[0m[38;2;212;198;114m[48;2;8;191;16m▀[0m[38;2;217;202;115m[48;2;139;132;74m▀[0m[38;2;224;209;120m[48;2;210;196;113m▀[0m[38;2;145;137;103m[48;2;207;193;113m▀[0m[38;2;175;165;127m[48;2;207;195;114m▀[0m[38;2;219;206;131m[48;2;209;196;115m▀[0m[38;2;173;165;127m[48;2;33;33;33m▀[0m[38;2;171;163;125m[48;2;173;164;126m▀[0m[38;2;172;163;126m[48;2;46;45;33m▀[0m[38;2;83;81;61m▀[0m           
       [38;2;217;203;119m▄[0m[38;2;209;196;115m[48;2;207;195;115m▀[0m[38;2;216;200;117m[48;2;68;65;36m▀[0m[38;2;211;197;115m[48;2;52;49;35m▀[0m[38;2;209;196;115m[48;2;144;134;101m▀[0m[38;2;207;194;114m[48;2;206;193;115m▀[0m[38;2;207;194;113m[48;2;210;196;115m▀[0m[38;2;88;82;47m[48;2;109;100;52m▀[0m[38;2;103;101;79m[48;2;148;138;82m▀[0m[38;2;218;203;116m[48;2;218;203;116m▀[0m[38;2;28;178;35m[48;2;57;213;63m▀[0m[38;2;55;211;63m[48;2;222;244;221m▀[0m[38;2;59;211;67m[48;2;60;212;70m▀[0m[38;2;0;213;0m[48;2;0;212;1m▀[0m[38;2;2;189;0m[48;2;0;209;0m▀[0m[38;2;214;200;116m[48;2;211;198;115m▀[0m[38;2;208;194;114m[48;2;215;202;119m▀[0m[38;2;75;71;40m[48;2;83;79;47m▀[0m[38;2;106;98;51m[48;2;145;138;104m▀[0m[38;2;173;164;127m[48;2;175;166;128m▀[0m[38;2;173;164;127m[48;2;176;167;129m▀[0m[38;2;9;7;5m▄[0m           
        [38;2;7;7;3m▀[0m[38;2;88;82;46m▀[0m[38;2;66;60;44m▀[0m[38;2;141;134;101m▀[0m[38;2;137;127;97m[48;2;29;26;20m▀[0m[38;2;71;65;39m[48;2;139;132;100m▀[0m[38;2;103;97;75m[48;2;153;142;79m▀[0m[38;2;126;117;67m[48;2;124;113;62m▀[0m[38;2;215;201;115m[48;2;170;157;89m▀[0m[38;2;0;167;1m[48;2;64;68;30m▀[0m[38;2;6;188;15m[48;2;36;138;36m▀[0m[38;2;0;188;0m[48;2;5;152;4m▀[0m[38;2;0;174;1m[48;2;2;153;3m▀[0m[38;2;7;147;8m[48;2;237;219;124m▀[0m[38;2;200;187;110m[48;2;209;194;113m▀[0m[38;2;214;201;118m[48;2;205;192;112m▀[0m[38;2;92;83;49m[48;2;133;125;93m▀[0m[38;2;36;35;35m[48;2;36;35;37m▀[0m[38;2;36;35;36m[48;2;35;34;35m▀[0m[38;2;175;166;128m[48;2;167;159;122m▀[0m[38;2;173;164;127m[48;2;165;156;121m▀[0m[38;2;172;165;127m[48;2;165;156;120m▀[0m[38;2;82;78;58m[48;2;99;95;71m▀[0m         
  [38;2;219;205;120m▄[0m[38;2;31;29;14m[48;2;216;201;119m▀[0m[38;2;223;207;121m[48;2;215;200;117m▀[0m[38;2;222;208;121m[48;2;211;198;114m▀[0m[38;2;228;213;123m[48;2;209;194;113m▀[0m[38;2;220;205;119m[48;2;217;203;116m▀[0m[38;2;234;216;123m[48;2;221;206;118m▀[0m[38;2;233;217;123m[48;2;205;190;109m▀[0m[38;2;234;216;123m[48;2;179;165;92m▀[0m[38;2;232;215;122m[48;2;164;151;84m▀[0m[38;2;219;203;117m[48;2;154;140;76m▀[0m[38;2;206;192;111m[48;2;155;141;78m▀[0m[38;2;207;194;112m[48;2;164;150;83m▀[0m[38;2;207;194;112m[48;2;168;154;85m▀[0m[38;2;207;195;113m[48;2;174;159;89m▀[0m[38;2;212;199;115m[48;2;186;170;97m▀[0m[38;2;214;200;117m[48;2;192;177;101m▀[0m[38;2;208;195;112m[48;2;204;190;110m▀[0m[38;2;207;195;113m[48;2;205;190;111m▀[0m[38;2;212;198;114m[48;2;206;193;112m▀[0m[38;2;208;195;113m[48;2;204;190;111m▀[0m[38;2;208;195;114m[48;2;203;188;109m▀[0m[38;2;200;186;107m[48;2;182;168;95m▀[0m[38;2;166;153;85m[48;2;157;143;80m▀[0m[38;2;134;123;68m[48;2;157;145;79m▀[0m[38;2;123;114;73m[48;2;159;147;80m▀[0m[38;2;175;166;128m[48;2;160;148;81m▀[0m[38;2;167;159;123m[48;2;167;153;85m▀[0m[38;2;76;71;53m[48;2;211;197;114m▀[0m[38;2;217;204;121m▄[0m[38;2;36;32;17m▄[0m       
  [38;2;210;197;114m▀[0m[38;2;56;50;26m▀[0m[38;2;92;90;55m[48;2;92;91;54m▀[0m[38;2;39;37;22m[48;2;121;112;65m▀[0m[38;2;134;124;70m▄[0m[38;2;135;124;71m▄[0m[38;2;140;128;71m▄[0m[38;2;103;95;55m▄[0m  [38;2;153;140;77m[48;2;157;145;80m▀[0m[38;2;90;82;45m[48;2;152;139;77m▀[0m[38;2;76;72;40m[48;2;148;135;70m▀[0m[38;2;75;71;40m[48;2;248;146;218m▀[0m[38;2;60;57;32m[48;2;247;163;216m▀[0m[38;2;67;63;36m[48;2;248;168;219m▀[0m[38;2;69;65;36m[48;2;232;150;205m▀[0m[38;2;150;137;76m[48;2;105;85;62m▀[0m[38;2;155;142;79m[48;2;153;141;78m▀[0m[38;2;75;71;40m[48;2;167;153;85m▀[0m[38;2;75;71;40m[48;2;82;75;40m▀[0m[38;2;75;71;40m[48;2;158;143;79m▀[0m[38;2;109;99;53m[48;2;73;65;34m▀[0m[38;2;101;94;68m[48;2;140;130;98m▀[0m[38;2;136;125;77m[48;2;139;130;99m▀[0m[38;2;170;156;87m▀[0m[38;2;169;153;84m▀[0m[38;2;190;175;98m▀[0m[38;2;214;198;114m▀[0m[38;2;221;205;119m[48;2;15;13;7m▀[0m[38;2;213;198;115m[48;2;185;171;97m▀[0m[38;2;210;197;114m[48;2;217;202;119m▀[0m[38;2;162;151;86m[48;2;216;201;119m▀[0m[38;2;0;0;0m[48;2;218;205;121m▀[0m[38;2;238;220;125m▄[0m[38;2;76;70;37m▄[0m  
        [38;2;44;40;23m▀[0m[38;2;129;120;68m▀[0m[38;2;95;91;54m▀[0m[38;2;90;89;53m▀[0m[38;2;144;134;101m▀[0m[38;2;140;130;98m[48;2;95;90;67m▀[0m[38;2;66;64;50m▀[0m[38;2;58;54;40m[48;2;15;13;9m▀[0m[38;2;244;124;209m[48;2;83;77;58m▀[0m[38;2;247;118;208m[48;2;139;129;98m▀[0m[38;2;252;111;212m[48;2;135;127;96m▀[0m[38;2;248;107;216m[48;2;135;127;96m▀[0m[38;2;170;154;85m[48;2;135;127;96m▀[0m[38;2;94;87;59m[48;2;135;127;96m▀[0m[38;2;135;127;96m[48;2;139;130;99m▀[0m[38;2;134;126;96m[48;2;69;66;50m▀[0m[38;2;134;126;96m[48;2;159;150;114m▀[0m[38;2;136;126;96m[48;2;176;167;129m▀[0m[38;2;138;129;97m[48;2;172;163;126m▀[0m[38;2;55;53;35m[48;2;102;97;73m▀[0m[38;2;95;92;56m[48;2;91;89;53m▀[0m[38;2;96;92;56m[48;2;92;90;53m▀[0m[38;2;106;101;60m[48;2;95;91;57m▀[0m[38;2;125;116;68m[48;2;110;102;60m▀[0m[38;2;126;116;68m[48;2;6;4;3m▀[0m[38;2;125;116;68m▀[0m[38;2;128;121;69m▀[0m[38;2;98;90;50m▀[0m    
                 [38;2;171;163;125m[48;2;152;143;110m▀[0m[38;2;174;165;127m[48;2;173;163;126m▀[0m[38;2;180;170;131m[48;2;167;159;122m▀[0m[38;2;181;170;131m[48;2;170;161;124m▀[0m[38;2;67;65;49m▀[0m[38;2;67;65;49m▀[0m[38;2;5;4;4m▀[0m [38;2;170;162;125m▀[0m[38;2;100;96;71m▀[0m             
                  [38;2;82;78;58m▀[0m[38;2;101;95;72m▀[0m[38;2;98;93;70m▀[0m                   
                                        
                                        
                                        
                                        
