                                        
                   [38;2;122;120;184m▄[0m[38;2;124;122;187m[48;2;123;120;185m▀[0m                   
                  [38;2;124;121;187m[48;2;123;120;185m▀[0m[38;2;122;120;184m[48;2;123;119;185m▀[0m[38;2;122;120;185m[48;2;122;119;184m▀[0m[38;2;122;120;184m[48;2;123;120;185m▀[0m[38;2;124;122;187m▄[0m                 
                [38;2;105;101;154m▄[0m[38;2;123;120;185m[48;2;123;120;184m▀[0m[38;2;122;120;185m[48;2;122;120;184m▀[0m[38;2;123;120;185m[48;2;122;120;184m▀[0m[38;2;122;119;185m[48;2;122;120;184m▀[0m[38;2;122;120;185m[48;2;122;120;185m▀[0m[38;2;123;120;185m[48;2;123;120;185m▀[0m[38;2;122;120;185m▄[0m                
               [38;2;87;82;123m▄[0m[38;2;122;120;184m[48;2;122;120;184m▀[0m[38;2;122;120;184m[48;2;122;120;184m▀[0m[38;2;122;120;184m[48;2;123;120;185m▀[0m[38;2;123;120;185m[48;2;87;81;128m▀[0m[38;2;123;120;185m[48;2;124;120;186m▀[0m[38;2;122;120;184m[48;2;122;120;184m▀[0m[38;2;123;120;185m[48;2;123;120;185m▀[0m[38;2;122;120;184m[48;2;123;120;185m▀[0m[38;2;114;111;171m▄[0m               
               [38;2;123;127;191m[48;2;117;148;204m▀[0m[38;2;122;120;185m[48;2;117;147;203m▀[0m[38;2;122;122;186m[48;2;117;146;203m▀[0m[38;2;121;124;187m[48;2;118;143;200m▀[0m[38;2;184;183;218m[48;2;183;189;223m▀[0m[38;2;183;181;218m[48;2;183;188;222m▀[0m[38;2;122;120;184m[48;2;121;133;193m▀[0m[38;2;122;120;185m[48;2;121;132;193m▀[0m[38;2;122;120;185m[48;2;119;141;200m▀[0m[38;2;122;127;189m[48;2;119;141;199m▀[0m               
               [38;2;116;158;213m[48;2;93;100;145m▀[0m[38;2;116;155;209m[48;2;115;155;209m▀[0m[38;2;116;156;210m[48;2;116;155;209m▀[0m[38;2;106;133;184m[48;2;92;94;136m▀[0m[38;2;183;195;227m[48;2;182;202;233m▀[0m[38;2;183;193;225m[48;2;182;202;233m▀[0m[38;2;117;150;205m[48;2;116;155;209m▀[0m[38;2;117;153;207m[48;2;116;155;209m▀[0m[38;2;117;152;207m[48;2;116;155;209m▀[0m[38;2;116;155;209m[48;2;113;149;201m▀[0m               
               [38;2;190;211;242m▄[0m[38;2;114;155;209m[48;2;89;99;144m▀[0m[38;2;115;155;209m[48;2;116;156;210m▀[0m[38;2;117;158;214m[48;2;116;155;209m▀[0m[38;2;182;202;233m[48;2;182;202;233m▀[0m[38;2;182;202;232m[48;2;99;119;169m▀[0m[38;2;116;155;210m[48;2;116;155;210m▀[0m[38;2;116;155;210m[48;2;116;155;210m▀[0m[38;2;116;155;209m[48;2;119;161;216m▀[0m[38;2;186;200;231m[48;2;182;202;233m▀[0m[38;2;9;9;5m[48;2;181;191;224m▀[0m[38;2;27;28;27m▄[0m             
            [38;2;19;20;21m▄[0m[38;2;185;192;228m[48;2;179;187;221m▀[0m[38;2;181;202;233m[48;2;181;202;233m▀[0m[38;2;181;202;233m[48;2;182;202;233m▀[0m[38;2;183;202;233m[48;2;182;202;233m▀[0m[38;2;94;104;149m[48;2;182;202;233m▀[0m[38;2;116;155;210m[48;2;182;202;233m▀[0m[38;2;116;156;210m[48;2;148;158;191m▀[0m[38;2;116;155;210m[48;2;133;139;172m▀[0m[38;2;116;156;210m[48;2;184;204;234m▀[0m[38;2;117;158;212m[48;2;182;202;233m▀[0m[38;2;182;202;233m[48;2;182;202;232m▀[0m[38;2;182;202;233m[48;2;183;197;230m▀[0m[38;2;182;202;233m[48;2;183;197;229m▀[0m[38;2;179;188;221m[48;2;179;181;217m▀[0m[38;2;234;235;239m[48;2;239;243;247m▀[0m[38;2;242;245;249m▄[0m           
          [38;2;234;237;240m▄[0m[38;2;237;239;243m[48;2;233;235;238m▀[0m[38;2;85;84;101m[48;2;234;234;239m▀[0m[38;2;178;178;213m[48;2;181;182;218m▀[0m[38;2;179;185;220m[48;2;175;176;211m▀[0m[38;2;181;195;227m[48;2;179;179;215m▀[0m[38;2;182;196;229m[48;2;179;182;218m▀[0m[38;2;182;202;233m[48;2;180;183;218m▀[0m[38;2;182;202;232m[48;2;180;188;221m▀[0m[38;2;182;202;233m[48;2;181;196;230m▀[0m[38;2;182;202;233m[48;2;181;196;228m▀[0m[38;2;182;202;233m[48;2;181;190;224m▀[0m[38;2;182;202;233m[48;2;180;183;218m▀[0m[38;2;181;191;224m[48;2;176;177;213m▀[0m[38;2;181;189;223m[48;2;177;178;214m▀[0m[38;2;178;180;217m[48;2;8;8;8m▀[0m[38;2;65;65;76m[48;2;242;247;251m▀[0m[38;2;245;248;253m[48;2;240;244;248m▀[0m[38;2;253;253;253m[48;2;239;243;246m▀[0m[38;2;246;248;252m[48;2;241;245;249m▀[0m          
         [38;2;242;246;250m▄[0m[38;2;238;242;246m[48;2;242;246;251m▀[0m[38;2;237;241;245m[48;2;241;245;251m▀[0m[38;2;236;241;244m[48;2;248;250;253m▀[0m[38;2;238;243;249m[48;2;252;253;254m▀[0m[38;2;253;253;255m[48;2;255;255;255m▀[0m[38;2;176;177;214m[48;2;240;244;248m▀[0m[38;2;181;181;216m[48;2;240;244;249m▀[0m[38;2;175;177;214m[48;2;243;247;252m▀[0m[38;2;176;179;215m[48;2;243;247;253m▀[0m[38;2;178;179;215m[48;2;241;244;249m▀[0m[38;2;177;178;215m[48;2;245;248;252m▀[0m[38;2;177;178;214m[48;2;243;248;251m▀[0m[38;2;174;176;211m[48;2;243;247;251m▀[0m[38;2;10;10;13m[48;2;241;246;250m▀[0m[38;2;238;241;244m[48;2;243;247;251m▀[0m[38;2;238;242;245m[48;2;245;249;253m▀[0m[38;2;238;242;245m[48;2;250;250;253m▀[0m[38;2;240;243;249m[48;2;246;248;253m▀[0m[38;2;242;246;250m[48;2;245;247;252m▀[0m[38;2;248;249;252m[48;2;238;242;246m▀[0m[38;2;219;221;222m[48;2;240;244;248m▀[0m         
         [38;2;255;255;255m[48;2;247;248;252m▀[0m[38;2;255;255;255m[48;2;248;249;252m▀[0m[38;2;249;250;253m[48;2;239;244;249m▀[0m[38;2;249;249;253m[48;2;237;241;245m▀[0m[38;2;241;244;248m[48;2;238;243;247m▀[0m[38;2;243;246;251m[48;2;239;243;247m▀[0m[38;2;244;247;252m[48;2;236;238;243m▀[0m[38;2;240;244;249m[48;2;241;244;248m▀[0m[38;2;246;249;253m[48;2;241;246;249m▀[0m[38;2;246;248;252m[48;2;242;246;250m▀[0m[38;2;244;247;252m[48;2;246;248;252m▀[0m[38;2;246;248;252m[48;2;247;248;252m▀[0m[38;2;247;248;252m[48;2;247;248;252m▀[0m[38;2;248;248;252m[48;2;246;249;253m▀[0m[38;2;250;250;253m[48;2;243;246;251m▀[0m[38;2;247;248;252m[48;2;246;249;253m▀[0m[38;2;245;247;252m[48;2;240;244;248m▀[0m[38;2;245;247;252m[48;2;238;242;246m▀[0m[38;2;240;243;246m[48;2;236;240;243m▀[0m[38;2;245;248;252m[48;2;235;237;242m▀[0m[38;2;239;243;245m[48;2;235;238;241m▀[0m[38;2;236;239;243m[48;2;239;243;246m▀[0m         
         [38;2;235;239;247m[48;2;149;165;204m▀[0m[38;2;238;243;247m[48;2;195;202;222m▀[0m[38;2;238;243;248m[48;2;232;236;240m▀[0m[38;2;236;239;243m[48;2;244;247;252m▀[0m[38;2;236;239;243m[48;2;241;244;249m▀[0m[38;2;239;242;246m[48;2;239;243;247m▀[0m[38;2;241;244;248m[48;2;244;247;252m▀[0m[38;2;241;244;249m[48;2;240;244;249m▀[0m[38;2;243;247;252m[48;2;237;240;245m▀[0m[38;2;242;246;251m[48;2;238;241;245m▀[0m[38;2;239;243;249m[48;2;240;243;247m▀[0m[38;2;242;245;250m[48;2;245;248;252m▀[0m[38;2;245;248;252m[48;2;238;242;246m▀[0m[38;2;245;247;253m[48;2;234;237;240m▀[0m[38;2;240;243;248m[48;2;234;237;240m▀[0m[38;2;236;238;242m[48;2;231;232;233m▀[0m[38;2;133;134;136m[48;2;240;241;244m▀[0m[38;2;234;235;240m[48;2;244;247;252m▀[0m[38;2;234;237;242m[48;2;241;244;250m▀[0m[38;2;244;247;252m[48;2;202;209;230m▀[0m[38;2;248;248;252m[48;2;170;182;213m▀[0m[38;2;196;203;226m[48;2;146;162;200m▀[0m         
         [38;2;148;165;203m[48;2;151;168;207m▀[0m[38;2;151;168;207m[48;2;150;167;206m▀[0m[38;2;172;185;217m[48;2;150;167;206m▀[0m[38;2;178;190;219m[48;2;149;166;204m▀[0m[38;2;202;209;230m[48;2;147;164;203m▀[0m[38;2;206;213;231m[48;2;168;179;210m▀[0m[38;2;234;237;243m[48;2;170;182;212m▀[0m[38;2;238;241;245m[48;2;171;184;213m▀[0m[38;2;237;241;245m[48;2;168;181;212m▀[0m[38;2;238;241;245m[48;2;165;177;207m▀[0m[38;2;232;235;239m[48;2;152;166;203m▀[0m[38;2;234;236;240m[48;2;147;162;199m▀[0m[38;2;234;237;241m[48;2;148;164;202m▀[0m[38;2;234;236;240m[48;2;148;164;202m▀[0m[38;2;233;238;244m[48;2;147;163;201m▀[0m[38;2;194;203;227m[48;2;147;163;201m▀[0m[38;2;185;195;219m[48;2;147;164;202m▀[0m[38;2;151;166;203m[48;2;148;164;202m▀[0m[38;2;147;163;201m[48;2;148;164;202m▀[0m[38;2;147;163;200m[48;2;148;164;202m▀[0m[38;2;147;163;200m[48;2;147;163;200m▀[0m[38;2;153;170;210m▀[0m         
          [38;2;147;164;202m[48;2;147;162;199m▀[0m[38;2;147;164;201m[48;2;147;164;201m▀[0m[38;2;147;163;201m[48;2;147;163;200m▀[0m[38;2;147;163;201m[48;2;147;161;197m▀[0m[38;2;147;163;200m[48;2;147;162;198m▀[0m[38;2;146;163;198m[48;2;147;163;200m▀[0m[38;2;147;161;197m[48;2;147;163;201m▀[0m[38;2;147;161;198m[48;2;147;162;199m▀[0m[38;2;147;162;199m[48;2;20;22;27m▀[0m[38;2;146;162;199m[48;2;31;36;41m▀[0m[38;2;147;162;198m[48;2;154;171;211m▀[0m[38;2;151;167;206m[48;2;147;163;201m▀[0m[38;2;147;163;201m[48;2;147;163;201m▀[0m[38;2;147;163;201m[48;2;146;162;199m▀[0m[38;2;160;150;83m[48;2;186;169;82m▀[0m[38;2;130;122;67m[48;2;196;176;81m▀[0m[38;2;147;163;201m[48;2;147;162;198m▀[0m[38;2;147;162;199m[48;2;147;161;199m▀[0m[38;2;6;6;8m[48;2;147;163;200m▀[0m           
           [38;2;161;175;210m[48;2;12;13;13m▀[0m[38;2;147;163;200m[48;2;187;193;210m▀[0m[38;2;147;163;200m[48;2;183;192;219m▀[0m[38;2;147;163;200m[48;2;159;170;197m▀[0m[38;2;147;163;200m[48;2;149;165;204m▀[0m[38;2;152;169;208m[48;2;148;164;202m▀[0m[38;2;148;165;204m[48;2;148;164;202m▀[0m[38;2;148;165;203m[48;2;128;142;173m▀[0m[38;2;147;163;201m[48;2;147;163;200m▀[0m[38;2;147;162;199m[48;2;147;163;201m▀[0m[38;2;147;161;198m[48;2;154;171;210m▀[0m[38;2;146;161;197m[48;2;148;164;202m▀[0m[38;2;147;161;199m[48;2;147;164;202m▀[0m[38;2;75;66;26m[48;2;149;165;204m▀[0m[38;2;147;163;200m[48;2;148;164;201m▀[0m[38;2;147;163;201m[48;2;151;167;206m▀[0m[38;2;147;163;200m[48;2;154;170;208m▀[0m[38;2;148;164;201m[48;2;154;169;207m▀[0m[38;2;2;2;2m▄[0m          
           [38;2;149;166;205m[48;2;202;210;228m▀[0m[38;2;147;164;201m[48;2;180;191;217m▀[0m[38;2;139;153;188m▀[0m[38;2;148;164;201m[48;2;149;165;204m▀[0m[38;2;148;164;202m[48;2;149;166;205m▀[0m[38;2;147;164;202m[48;2;149;166;205m▀[0m[38;2;148;164;201m[48;2;149;166;205m▀[0m[38;2;149;165;203m[48;2;149;166;205m▀[0m[38;2;153;170;209m[48;2;151;168;206m▀[0m[38;2;151;168;208m[48;2;150;166;206m▀[0m[38;2;151;167;205m[48;2;150;168;207m▀[0m[38;2;148;165;203m[48;2;151;168;206m▀[0m[38;2;149;166;205m[48;2;154;169;208m▀[0m[38;2;151;168;207m[48;2;151;167;206m▀[0m[38;2;154;169;208m[48;2;151;168;206m▀[0m[38;2;154;169;208m[48;2;155;172;212m▀[0m[38;2;5;5;1m▀[0m[38;2;151;168;207m[48;2;210;217;237m▀[0m[38;2;168;183;218m[48;2;10;10;11m▀[0m          
            [38;2;155;170;208m▄[0m[38;2;150;166;205m[48;2;151;168;207m▀[0m[38;2;151;167;207m[48;2;151;167;206m▀[0m[38;2;151;168;207m[48;2;149;165;205m▀[0m[38;2;152;169;207m[48;2;151;168;207m▀[0m[38;2;152;168;207m[48;2;151;168;207m▀[0m[38;2;151;168;206m[48;2;149;166;204m▀[0m[38;2;153;169;207m[48;2;150;167;206m▀[0m[38;2;153;169;207m[48;2;151;167;207m▀[0m[38;2;151;168;207m[48;2;151;168;207m▀[0m[38;2;151;168;206m[48;2;150;167;206m▀[0m[38;2;151;167;206m[48;2;151;168;207m▀[0m[38;2;151;168;207m[48;2;154;169;208m▀[0m[38;2;151;168;207m[48;2;154;169;207m▀[0m[38;2;150;167;206m[48;2;159;174;210m▀[0m[38;2;2;2;1m[48;2;162;178;212m▀[0m            
            [38;2;192;201;226m▀[0m[38;2;198;206;227m▀[0m[38;2;156;171;209m▀[0m[38;2;154;170;207m▀[0m[38;2;150;166;205m▀[0m[38;2;151;167;207m▀[0m[38;2;151;168;206m[48;2;211;217;236m▀[0m[38;2;151;167;206m[48;2;181;190;220m▀[0m[38;2;152;168;207m[48;2;175;187;218m▀[0m[38;2;154;169;207m[48;2;182;194;222m▀[0m[38;2;154;169;207m[48;2;164;169;182m▀[0m[38;2;167;179;213m▀[0m[38;2;169;180;214m▀[0m[38;2;189;198;222m▀[0m[38;2;187;196;220m▀[0m[38;2;190;200;226m▀[0m            
                                        
