                                        
             [38;2;57;50;33m[48;2;47;40;26m▀[0m[38;2;12;11;5m[48;2;49;41;27m▀[0m[38;2;14;12;7m▄[0m                        
             [38;2;47;41;27m[48;2;49;41;27m▀[0m[38;2;47;40;26m[48;2;49;41;27m▀[0m[38;2;48;41;27m[48;2;48;41;27m▀[0m[38;2;47;41;27m▄[0m              [38;2;34;29;20m▄[0m[38;2;4;3;3m▄[0m       
             [38;2;48;40;26m[48;2;40;34;23m▀[0m[38;2;47;40;26m[48;2;47;40;26m▀[0m[38;2;47;40;26m[48;2;46;40;26m▀[0m[38;2;46;40;26m[48;2;46;40;26m▀[0m[38;2;6;5;2m▄[0m[38;2;24;21;13m▄[0m[38;2;26;23;15m▄[0m[38;2;9;7;6m▄[0m          [38;2;40;34;23m[48;2;42;35;24m▀[0m[38;2;47;40;26m[48;2;47;40;26m▀[0m[38;2;50;41;27m[48;2;47;40;26m▀[0m      
             [38;2;26;24;15m▄[0m[38;2;46;40;26m[48;2;46;40;26m▀[0m[38;2;46;40;26m[48;2;46;40;26m▀[0m[38;2;46;40;26m[48;2;47;40;26m▀[0m[38;2;47;40;26m[48;2;48;40;27m▀[0m[38;2;47;40;26m[48;2;47;40;26m▀[0m[38;2;47;40;26m[48;2;52;45;31m▀[0m[38;2;47;41;27m[48;2;59;52;35m▀[0m[38;2;47;40;27m[48;2;59;52;34m▀[0m[38;2;46;40;26m[48;2;59;52;35m▀[0m[38;2;48;42;27m[48;2;59;52;35m▀[0m[38;2;51;44;30m[48;2;59;52;35m▀[0m[38;2;54;46;30m[48;2;59;52;35m▀[0m[38;2;59;52;35m▄[0m[38;2;59;52;35m▄[0m[38;2;59;52;35m▄[0m  [38;2;49;42;27m[48;2;47;40;26m▀[0m[38;2;48;41;27m[48;2;47;40;26m▀[0m[38;2;49;41;27m[48;2;46;40;26m▀[0m      
           [38;2;7;8;3m▄[0m[38;2;24;20;14m[48;2;47;40;26m▀[0m[38;2;46;40;26m[48;2;46;40;26m▀[0m[38;2;46;40;26m[48;2;57;50;33m▀[0m[38;2;47;40;26m[48;2;59;52;35m▀[0m[38;2;52;45;30m[48;2;59;52;35m▀[0m[38;2;58;51;34m[48;2;59;52;35m▀[0m[38;2;58;51;34m[48;2;60;52;35m▀[0m[38;2;59;52;35m[48;2;59;52;35m▀[0m[38;2;59;52;35m[48;2;21;21;22m▀[0m[38;2;59;52;35m[48;2;179;188;213m▀[0m[38;2;59;52;35m[48;2;142;147;161m▀[0m[38;2;61;53;36m[48;2;141;132;161m▀[0m[38;2;31;30;28m[48;2;191;179;219m▀[0m[38;2;141;130;151m[48;2;186;174;213m▀[0m[38;2;147;136;156m[48;2;184;173;210m▀[0m[38;2;137;127;145m[48;2;182;172;209m▀[0m[38;2;138;129;147m[48;2;170;159;189m▀[0m[38;2;137;125;145m[48;2;16;15;16m▀[0m[38;2;8;8;6m▀[0m[38;2;46;40;26m[48;2;46;39;26m▀[0m[38;2;46;40;26m[48;2;46;40;26m▀[0m[38;2;47;40;26m▀[0m      
          [38;2;51;43;28m▄[0m[38;2;47;41;27m[48;2;59;52;35m▀[0m[38;2;56;49;33m[48;2;59;52;35m▀[0m[38;2;59;52;35m[48;2;60;52;35m▀[0m[38;2;59;52;35m[48;2;59;52;35m▀[0m[38;2;59;52;35m[48;2;148;153;175m▀[0m[38;2;60;53;35m[48;2;200;110;185m▀[0m[38;2;27;25;21m[48;2;198;109;183m▀[0m[38;2;201;110;186m[48;2;196;108;181m▀[0m[38;2;194;204;236m[48;2;134;132;164m▀[0m[38;2;160;167;188m[48;2;137;141;156m▀[0m[38;2;139;145;159m[48;2;137;141;155m▀[0m[38;2;139;144;158m[48;2;137;140;155m▀[0m[38;2;139;144;158m[48;2;137;140;154m▀[0m[38;2;158;147;180m[48;2;137;141;155m▀[0m[38;2;183;172;210m[48;2;182;171;209m▀[0m[38;2;182;172;209m[48;2;82;77;91m▀[0m[38;2;182;172;209m▀[0m  [38;2;48;41;27m▄[0m[38;2;46;40;26m[48;2;47;40;26m▀[0m[38;2;46;40;26m[48;2;7;7;4m▀[0m       
        [38;2;39;34;23m▄[0m[38;2;55;47;32m[48;2;59;52;35m▀[0m[38;2;59;52;35m[48;2;59;51;34m▀[0m[38;2;59;52;35m[48;2;51;46;39m▀[0m[38;2;59;52;35m[48;2;137;141;155m▀[0m[38;2;69;72;79m[48;2;138;142;157m▀[0m[38;2;175;186;212m[48;2;137;142;156m▀[0m[38;2;178;188;215m[48;2;143;150;165m▀[0m[38;2;190;185;207m[48;2;145;94;145m▀[0m[38;2;195;108;180m[48;2;195;108;180m▀[0m[38;2;196;109;181m[48;2;208;114;216m▀[0m[38;2;195;207;239m[48;2;208;113;200m▀[0m[38;2;149;156;174m[48;2;140;145;159m▀[0m[38;2;83;91;108m[48;2;39;63;72m▀[0m[38;2;41;199;253m[48;2;169;237;255m▀[0m[38;2;140;145;160m[48;2;196;206;238m▀[0m[38;2;146;151;168m[48;2;196;206;239m▀[0m[38;2;52;55;61m▄[0m   [38;2;77;60;54m▄[0m[38;2;55;47;33m[48;2;67;55;43m▀[0m[38;2;52;43;32m▀[0m        
       [38;2;59;52;35m▄[0m[38;2;58;51;34m[48;2;60;52;35m▀[0m[38;2;58;51;34m[48;2;142;132;152m▀[0m[38;2;181;169;204m[48;2;188;177;217m▀[0m[38;2;185;173;211m[48;2;188;177;217m▀[0m[38;2;139;143;158m[48;2;140;145;160m▀[0m[38;2;140;145;160m[48;2;140;145;159m▀[0m[38;2;143;147;160m[48;2;38;201;255m▀[0m[38;2;139;145;159m[48;2;139;145;159m▀[0m[38;2;210;112;208m[48;2;210;113;204m▀[0m[38;2;206;123;254m[48;2;205;123;255m▀[0m[38;2;208;124;255m[48;2;197;119;243m▀[0m[38;2;207;125;255m[48;2;206;124;255m▀[0m[38;2;201;118;236m[48;2;206;124;255m▀[0m[38;2;204;217;246m[48;2;204;125;250m▀[0m[38;2;204;219;247m[48;2;203;220;249m▀[0m[38;2;196;210;241m[48;2;204;221;250m▀[0m[38;2;193;205;239m[48;2;202;217;246m▀[0m[38;2;30;32;36m▀[0m  [38;2;54;42;39m[48;2;76;60;54m▀[0m[38;2;77;60;54m[48;2;75;58;53m▀[0m[38;2;50;42;34m▀[0m         
      [38;2;19;18;11m[48;2;62;53;37m▀[0m[38;2;58;50;34m[48;2;142;130;147m▀[0m[38;2;139;129;148m[48;2;141;129;147m▀[0m[38;2;179;168;203m[48;2;190;179;219m▀[0m[38;2;192;180;219m[48;2;188;177;218m▀[0m[38;2;189;178;218m[48;2;190;178;218m▀[0m[38;2;170;178;201m[48;2;198;187;229m▀[0m[38;2;141;146;161m[48;2;160;166;187m▀[0m[38;2;133;228;255m[48;2;206;221;250m▀[0m[38;2;67;73;85m[48;2;199;214;245m▀[0m[38;2;211;131;255m[48;2;123;89;146m▀[0m[38;2;205;126;255m[48;2;206;128;255m▀[0m[38;2;233;188;248m[48;2;207;129;255m▀[0m[38;2;173;136;182m[48;2;234;189;255m▀[0m[38;2;205;126;255m[48;2;207;128;255m▀[0m[38;2;207;129;255m[48;2;206;124;255m▀[0m[38;2;208;223;250m[48;2;208;223;250m▀[0m[38;2;204;221;250m[48;2;203;222;250m▀[0m[38;2;204;220;249m▀[0m [38;2;78;60;55m▄[0m[38;2;77;60;55m[48;2;37;29;25m▀[0m[38;2;80;61;54m▀[0m           
      [38;2;141;129;147m▀[0m[38;2;141;129;148m▀[0m[38;2;157;146;171m▀[0m[38;2;188;177;218m▀[0m[38;2;39;37;43m▀[0m  [38;2;138;147;169m▀[0m[38;2;197;207;239m[48;2;9;9;10m▀[0m[38;2;203;218;247m[48;2;201;216;246m▀[0m[38;2;208;223;250m[48;2;206;223;250m▀[0m[38;2;212;130;255m[48;2;210;225;250m▀[0m[38;2;205;127;255m[48;2;209;230;253m▀[0m[38;2;206;127;255m[48;2;58;51;34m▀[0m[38;2;205;123;255m[48;2;58;51;34m▀[0m[38;2;181;118;222m[48;2;59;51;34m▀[0m[38;2;211;236;253m[48;2;60;52;35m▀[0m[38;2;14;14;16m[48;2;60;53;35m▀[0m[38;2;22;17;15m[48;2;11;10;7m▀[0m[38;2;78;60;53m▀[0m              
                 [38;2;18;21;21m▀[0m[38;2;59;52;34m[48;2;21;17;11m▀[0m[38;2;59;52;35m[48;2;59;52;35m▀[0m[38;2;59;52;35m[48;2;59;51;34m▀[0m[38;2;59;51;34m[48;2;58;51;34m▀[0m[38;2;58;50;34m[48;2;59;51;34m▀[0m                 
               [38;2;79;61;55m▄[0m[38;2;60;50;38m▄[0m[38;2;58;51;34m▀[0m [38;2;58;51;34m[48;2;76;59;54m▀[0m[38;2;61;52;37m[48;2;55;48;32m▀[0m[38;2;75;60;52m[48;2;46;40;26m▀[0m[38;2;69;56;46m[48;2;46;40;26m▀[0m[38;2;60;51;37m[48;2;46;40;26m▀[0m[38;2;48;41;27m▀[0m               
             [38;2;76;60;54m▄[0m[38;2;76;60;54m[48;2;55;43;38m▀[0m[38;2;49;38;33m▀[0m  [38;2;57;50;34m▀[0m[38;2;47;40;26m▀[0m[38;2;46;40;26m▀[0m[38;2;47;40;26m[48;2;39;33;21m▀[0m[38;2;47;41;27m[48;2;49;41;27m▀[0m                 
           [38;2;67;56;44m▄[0m[38;2;74;59;51m[48;2;68;56;44m▀[0m[38;2;78;60;55m▀[0m [38;2;53;45;31m▄[0m                        
          [38;2;49;41;27m▄[0m[38;2;65;54;40m[48;2;47;40;27m▀[0m [38;2;30;26;17m▄[0m[38;2;48;41;27m[48;2;49;41;27m▀[0m[38;2;47;41;27m[48;2;49;41;27m▀[0m[38;2;48;41;27m[48;2;49;41;27m▀[0m                       
         [38;2;18;15;10m▄[0m[38;2;47;40;27m[48;2;49;41;27m▀[0m[38;2;47;41;27m[48;2;3;3;1m▀[0m [38;2;18;16;11m▀[0m[38;2;49;41;27m[48;2;3;3;1m▀[0m[38;2;49;41;27m[48;2;47;40;26m▀[0m[38;2;47;40;26m[48;2;46;40;26m▀[0m[38;2;21;20;13m[48;2;16;13;10m▀[0m                      
         [38;2;37;32;21m[48;2;10;9;6m▀[0m[38;2;47;40;27m[48;2;47;40;26m▀[0m[38;2;26;22;15m[48;2;46;40;26m▀[0m[38;2;1;1;0m▄[0m [38;2;46;40;26m▄[0m[38;2;46;40;26m[48;2;47;40;26m▀[0m[38;2;47;40;26m[48;2;47;40;26m▀[0m                       
          [38;2;46;40;26m▀[0m[38;2;46;40;26m[48;2;47;40;27m▀[0m[38;2;46;40;26m[48;2;47;41;27m▀[0m[38;2;46;40;26m[48;2;47;41;27m▀[0m[38;2;47;40;26m[48;2;51;43;28m▀[0m[38;2;47;40;26m▀[0m                        
                                        
