                                        
                    [38;2;118;116;181m▄[0m                   
                    [38;2;117;115;177m[48;2;116;115;175m▀[0m                   
                    [38;2;117;115;176m▀[0m[38;2;117;115;176m[48;2;118;115;179m▀[0m[38;2;117;116;177m▄[0m                 
                     [38;2;117;116;178m[48;2;118;116;181m▀[0m[38;2;119;117;179m[48;2;118;116;182m▀[0m[38;2;114;113;170m[48;2;119;117;183m▀[0m                
                    [38;2;119;118;183m▄[0m[38;2;120;118;184m[48;2;118;116;178m▀[0m[38;2;119;118;184m[48;2;118;116;179m▀[0m[38;2;119;119;184m[48;2;117;115;177m▀[0m   [38;2;55;55;77m[48;2;98;97;143m▀[0m            
                   [38;2;117;115;177m▄[0m[38;2;116;114;175m[48;2;117;114;177m▀[0m[38;2;116;114;175m[48;2;117;116;178m▀[0m[38;2;117;114;175m[48;2;119;118;183m▀[0m[38;2;116;114;176m[48;2;90;92;119m▀[0m  [38;2;31;31;40m[48;2;126;126;188m▀[0m[38;2;130;128;189m[48;2;129;128;189m▀[0m            
       [38;2;131;130;195m[48;2;125;123;183m▀[0m          [38;2;94;94;124m[48;2;118;116;183m▀[0m[38;2;119;117;180m[48;2;119;117;183m▀[0m[38;2;119;118;184m[48;2;120;118;184m▀[0m[38;2;119;119;184m[48;2;119;117;182m▀[0m[38;2;120;118;184m▀[0m  [38;2;125;124;185m▄[0m[38;2;126;124;184m[48;2;126;125;186m▀[0m[38;2;125;123;183m[48;2;125;122;184m▀[0m      [38;2;15;15;22m▄[0m     
     [38;2;124;122;181m▄[0m[38;2;126;123;184m[48;2;126;124;186m▀[0m[38;2;128;126;188m[48;2;127;126;188m▀[0m           [38;2;118;117;179m[48;2;121;122;186m▀[0m[38;2;118;117;180m[48;2;121;128;191m▀[0m[38;2;119;116;182m[48;2;117;120;180m▀[0m  [38;2;133;168;223m▄[0m[38;2;124;135;191m[48;2;65;64;65m▀[0m[38;2;124;139;196m[48;2;124;165;213m▀[0m[38;2;125;129;189m[48;2;126;168;217m▀[0m      [38;2;134;131;203m[48;2;120;119;184m▀[0m     
    [38;2;65;76;97m▄[0m[38;2;131;135;193m[48;2;126;166;216m▀[0m[38;2;130;143;199m[48;2;104;137;176m▀[0m[38;2;130;129;190m[48;2;124;164;210m▀[0m     [38;2;94;94;142m[48;2;125;122;190m▀[0m    [38;2;58;58;60m▄[0m[38;2;120;159;211m[48;2;118;159;207m▀[0m[38;2;174;201;229m[48;2;168;196;223m▀[0m[38;2;118;161;212m[48;2;128;172;223m▀[0m  [38;2;65;63;64m[48;2;65;63;64m▀[0m[38;2;66;63;64m[48;2;65;64;64m▀[0m[38;2;110;145;188m[48;2;64;63;64m▀[0m[38;2;66;64;65m[48;2;65;63;64m▀[0m     [38;2;101;99;151m▄[0m[38;2;119;117;181m[48;2;118;115;179m▀[0m[38;2;124;122;192m▄[0m    
    [38;2;31;26;22m[48;2;65;63;64m▀[0m[38;2;134;177;231m[48;2;64;63;64m▀[0m[38;2;64;62;63m[48;2;64;63;64m▀[0m[38;2;123;163;208m[48;2;43;42;40m▀[0m    [38;2;119;116;182m[48;2;119;126;187m▀[0m[38;2;118;115;180m[48;2;117;124;185m▀[0m  [38;2;57;58;59m▀[0m[38;2;83;78;79m▄[0m[38;2;65;64;65m[48;2;83;79;80m▀[0m[38;2;88;84;86m[48;2;85;81;83m▀[0m[38;2;6;7;8m[48;2;83;80;81m▀[0m[38;2;78;76;76m[48;2;82;79;79m▀[0m[38;2;117;159;209m[48;2;82;79;79m▀[0m [38;2;64;62;63m[48;2;4;6;2m▀[0m[38;2;64;62;63m[48;2;64;62;63m▀[0m[38;2;63;63;63m[48;2;64;62;63m▀[0m[38;2;63;62;63m[48;2;46;45;46m▀[0m     [38;2;118;123;186m[48;2;118;160;209m▀[0m[38;2;118;128;188m[48;2;58;58;59m▀[0m[38;2;118;121;183m[48;2;120;160;212m▀[0m    
    [38;2;65;63;64m▀[0m[38;2;66;64;64m[48;2;64;62;63m▀[0m[38;2;64;63;64m[48;2;64;62;63m▀[0m[38;2;64;63;64m[48;2;34;35;33m▀[0m   [38;2;119;144;197m[48;2;55;55;56m▀[0m[38;2;120;159;205m[48;2;51;51;51m▀[0m[38;2;56;74;90m[48;2;54;54;54m▀[0m [38;2;182;204;226m▄[0m[38;2;151;169;186m[48;2;56;56;57m▀[0m[38;2;31;32;31m[48;2;171;173;207m▀[0m[38;2;171;173;208m[48;2;171;173;207m▀[0m[38;2;171;173;208m[48;2;168;170;204m▀[0m[38;2;171;173;209m[48;2;19;20;18m▀[0m[38;2;171;173;207m[48;2;168;170;204m▀[0m[38;2;31;31;31m[48;2;169;172;206m▀[0m[38;2;43;47;49m[48;2;33;33;32m▀[0m[38;2;183;205;228m▄[0m [38;2;33;33;32m[48;2;25;25;23m▀[0m[38;2;83;79;80m[48;2;83;79;80m▀[0m[38;2;83;79;79m▀[0m[38;2;83;79;80m▀[0m[38;2;82;79;80m[48;2;63;61;63m▀[0m[38;2;57;57;58m▄[0m [38;2;54;53;53m[48;2;37;35;34m▀[0m[38;2;50;49;48m[48;2;37;36;35m▀[0m[38;2;50;49;50m[48;2;37;35;34m▀[0m    
      [38;2;63;62;63m[48;2;64;62;63m▀[0m   [38;2;77;74;75m▄[0m[38;2;37;34;34m[48;2;82;79;79m▀[0m[38;2;38;36;36m[48;2;83;79;79m▀[0m[38;2;37;35;35m[48;2;182;204;229m▀[0m[38;2;182;205;228m[48;2;114;127;140m▀[0m[38;2;66;72;79m[48;2;61;61;62m▀[0m[38;2;169;172;205m[48;2;163;164;197m▀[0m[38;2;168;169;203m[48;2;27;28;29m▀[0m[38;2;170;172;206m[48;2;24;24;23m▀[0m[38;2;61;61;63m[48;2;237;210;85m▀[0m[38;2;53;46;22m[48;2;253;222;86m▀[0m[38;2;168;169;203m[48;2;35;35;39m▀[0m[38;2;173;176;212m[48;2;181;183;218m▀[0m[38;2;182;189;222m[48;2;179;180;216m▀[0m[38;2;61;60;61m[48;2;110;124;137m▀[0m[38;2;62;60;61m[48;2;58;58;59m▀[0m[38;2;65;63;64m[48;2;65;63;64m▀[0m [38;2;47;46;46m[48;2;14;14;11m▀[0m[38;2;39;37;37m[48;2;37;35;34m▀[0m [38;2;58;59;60m▀[0m[38;2;58;58;59m[48;2;58;58;59m▀[0m [38;2;37;35;35m[48;2;37;35;35m▀[0m     
      [38;2;64;62;63m[48;2;65;64;65m▀[0m [38;2;37;37;36m▄[0m[38;2;57;57;58m[48;2;58;58;59m▀[0m[38;2;24;22;21m[48;2;60;60;62m▀[0m [38;2;38;35;35m[48;2;23;22;22m▀[0m[38;2;56;56;56m[48;2;40;38;37m▀[0m[38;2;31;33;32m[48;2;187;210;233m▀[0m[38;2;34;38;40m[48;2;42;41;40m▀[0m[38;2;170;177;210m[48;2;177;192;225m▀[0m[38;2;175;185;220m[48;2;178;195;227m▀[0m[38;2;181;188;221m[48;2;176;201;231m▀[0m[38;2;62;61;61m[48;2;174;201;231m▀[0m[38;2;246;232;143m[48;2;63;63;65m▀[0m[38;2;52;52;53m[48;2;174;200;231m▀[0m[38;2;175;187;222m[48;2;182;197;227m▀[0m[38;2;176;180;217m[48;2;178;187;221m▀[0m[38;2;199;224;248m[48;2;48;53;57m▀[0m[38;2;37;36;35m[48;2;187;211;235m▀[0m[38;2;67;65;67m[48;2;37;36;35m▀[0m[38;2;65;63;64m▄[0m[38;2;26;24;23m[48;2;37;35;35m▀[0m[38;2;38;35;35m[48;2;38;36;35m▀[0m  [38;2;57;57;58m[48;2;57;57;58m▀[0m [38;2;32;31;30m▀[0m     
       [38;2;34;33;32m[48;2;64;63;64m▀[0m[38;2;58;58;59m[48;2;59;58;59m▀[0m [38;2;58;58;59m[48;2;5;6;4m▀[0m[38;2;43;40;40m[48;2;57;57;58m▀[0m[38;2;57;58;59m▄[0m[38;2;167;191;223m[48;2;41;41;40m▀[0m[38;2;188;212;237m[48;2;189;213;236m▀[0m[38;2;49;47;47m[48;2;195;219;238m▀[0m[38;2;173;200;230m[48;2;175;199;211m▀[0m[38;2;173;200;230m[48;2;180;203;231m▀[0m[38;2;175;200;231m[48;2;180;203;231m▀[0m[38;2;180;203;231m[48;2;169;197;223m▀[0m[38;2;59;58;58m[48;2;23;21;18m▀[0m[38;2;174;200;230m[48;2;170;197;224m▀[0m[38;2;169;196;224m[48;2;169;196;224m▀[0m[38;2;183;208;232m[48;2;184;214;233m▀[0m[38;2;58;58;59m[48;2;157;176;193m▀[0m[38;2;183;205;228m[48;2;182;204;226m▀[0m[38;2;184;206;229m▀[0m[38;2;5;6;3m▀[0m[38;2;63;61;62m[48;2;4;5;1m▀[0m[38;2;63;62;63m▄[0m  [38;2;57;57;58m[48;2;57;57;58m▀[0m[38;2;37;35;35m▀[0m      
        [38;2;34;35;34m[48;2;59;58;59m▀[0m[38;2;13;15;12m▄[0m[38;2;10;11;8m▀[0m [38;2;9;9;6m▀[0m [38;2;43;47;50m▀[0m[38;2;192;224;245m[48;2;35;36;35m▀[0m[38;2;51;51;52m[48;2;47;45;46m▀[0m[38;2;59;59;60m[48;2;37;35;34m▀[0m[38;2;57;57;58m[48;2;36;35;34m▀[0m[38;2;57;57;58m[48;2;37;35;34m▀[0m[38;2;57;57;58m[48;2;37;35;35m▀[0m[38;2;57;56;57m[48;2;37;35;35m▀[0m[38;2;58;58;59m[48;2;37;35;34m▀[0m[38;2;16;16;15m[48;2;47;46;46m▀[0m[38;2;181;205;228m▀[0m[38;2;6;8;5m▀[0m    [38;2;65;64;65m[48;2;57;57;58m▀[0m[38;2;57;57;58m[48;2;58;58;59m▀[0m        
        [38;2;14;14;11m▀[0m[38;2;58;58;59m[48;2;58;58;59m▀[0m[38;2;60;59;62m▄[0m      [38;2;27;26;24m▀[0m[38;2;37;35;34m[48;2;37;35;35m▀[0m[38;2;37;35;34m[48;2;37;35;34m▀[0m[38;2;37;35;34m[48;2;38;36;35m▀[0m[38;2;37;35;35m[48;2;37;35;35m▀[0m[38;2;12;12;9m▀[0m    [38;2;59;60;61m▄[0m[38;2;58;57;59m▄[0m[38;2;57;57;59m[48;2;9;10;7m▀[0m[38;2;59;59;60m▀[0m         
          [38;2;57;57;58m▀[0m[38;2;57;57;58m[48;2;9;10;5m▀[0m[38;2;48;47;47m▄[0m[38;2;37;35;35m▄[0m[38;2;38;36;35m▄[0m[38;2;38;35;35m▄[0m [38;2;38;35;35m▀[0m[38;2;38;35;35m[48;2;26;26;24m▀[0m[38;2;37;35;35m[48;2;37;35;35m▀[0m[38;2;37;35;34m[48;2;37;36;35m▀[0m[38;2;37;35;34m[48;2;7;8;6m▀[0m[38;2;30;29;27m▀[0m[38;2;59;58;59m▀[0m[38;2;58;58;59m▀[0m[38;2;58;58;59m▀[0m[38;2;59;59;59m▀[0m             
                   [38;2;38;36;35m[48;2;38;36;35m▀[0m[38;2;38;35;35m▀[0m                   
                                        
