                                        
                    [38;2;233;154;24m▄[0m                   
                    [38;2;228;151;26m[48;2;225;148;26m▀[0m                   
                    [38;2;226;150;25m▀[0m[38;2;226;151;26m[48;2;231;153;22m▀[0m[38;2;227;151;26m▄[0m                 
                     [38;2;231;150;27m[48;2;232;154;22m▀[0m[38;2;231;153;27m[48;2;235;153;21m▀[0m[38;2;214;141;28m[48;2;236;155;23m▀[0m                
                    [38;2;235;155;28m▄[0m[38;2;237;156;24m[48;2;231;152;26m▀[0m[38;2;236;155;28m[48;2;231;153;25m▀[0m[38;2;237;155;29m[48;2;227;151;26m▀[0m[38;2;8;8;8m▀[0m  [38;2;51;31;12m[48;2;180;113;22m▀[0m            
                   [38;2;8;5;3m[48;2;227;151;25m▀[0m[38;2;225;148;24m[48;2;227;151;22m▀[0m[38;2;225;148;24m[48;2;231;149;27m▀[0m[38;2;225;151;22m[48;2;236;155;28m▀[0m[38;2;227;148;24m[48;2;96;62;19m▀[0m  [38;2;38;24;6m[48;2;240;163;45m▀[0m[38;2;235;170;48m[48;2;241;167;48m▀[0m            
       [38;2;241;173;49m[48;2;232;162;39m▀[0m          [38;2;127;84;32m[48;2;236;155;22m▀[0m[38;2;231;154;24m[48;2;236;155;23m▀[0m[38;2;237;154;26m[48;2;237;157;25m▀[0m[38;2;237;155;29m[48;2;235;156;23m▀[0m[38;2;237;156;24m▀[0m  [38;2;236;162;42m▄[0m[38;2;234;163;40m[48;2;238;163;44m▀[0m[38;2;233;161;39m[48;2;233;163;36m▀[0m      [38;2;10;6;1m▄[0m     
     [38;2;217;159;49m▄[0m[38;2;234;163;37m[48;2;237;163;41m▀[0m[38;2;238;166;44m[48;2;241;163;44m▀[0m           [38;2;232;150;28m[48;2;240;157;36m▀[0m[38;2;233;151;28m[48;2;250;151;36m▀[0m[38;2;234;156;21m[48;2;234;149;33m▀[0m  [38;2;255;147;71m▄[0m[38;2;251;148;50m[48;2;65;64;65m▀[0m[38;2;255;145;50m[48;2;255;116;64m▀[0m[38;2;244;159;48m[48;2;255;120;65m▀[0m      [38;2;250;181;40m[48;2;237;157;28m▀[0m     
    [38;2;100;33;17m▄[0m[38;2;245;168;59m[48;2;255;124;63m▀[0m[38;2;255;156;61m[48;2;240;74;43m▀[0m[38;2;241;169;51m[48;2;255;115;65m▀[0m     [38;2;173;100;18m[48;2;242;166;28m▀[0m    [38;2;60;59;58m▄[0m[38;2;255;113;51m[48;2;255;103;53m▀[0m[38;2;255;200;178m[48;2;255;197;166m▀[0m[38;2;255;105;50m[48;2;255;125;70m▀[0m  [38;2;67;63;64m[48;2;67;63;64m▀[0m[38;2;68;63;64m[48;2;65;64;64m▀[0m[38;2;219;99;54m[48;2;64;63;64m▀[0m[38;2;68;64;65m[48;2;67;63;64m▀[0m     [38;2;178;114;21m▄[0m[38;2;232;153;24m[48;2;231;154;21m▀[0m[38;2;238;165;31m▄[0m    
    [38;2;9;6;14m[48;2;67;63;64m▀[0m[38;2;255;143;79m[48;2;64;63;64m▀[0m[38;2;64;62;63m[48;2;65;63;64m▀[0m[38;2;255;111;65m[48;2;31;22;22m▀[0m    [38;2;234;156;21m[48;2;247;148;33m▀[0m[38;2;232;154;20m[48;2;244;146;30m▀[0m  [38;2;59;58;57m▀[0m[38;2;84;78;80m▄[0m[38;2;65;64;65m[48;2;84;79;81m▀[0m[38;2;90;82;85m[48;2;86;81;83m▀[0m[38;2;5;2;2m[48;2;85;80;82m▀[0m[38;2;80;76;77m[48;2;84;79;80m▀[0m[38;2;255;103;50m[48;2;84;79;80m▀[0m [38;2;66;62;63m[48;2;2;4;2m▀[0m[38;2;66;62;63m[48;2;65;62;63m▀[0m[38;2;63;63;63m[48;2;65;62;63m▀[0m[38;2;63;62;63m[48;2;46;45;46m▀[0m     [38;2;244;150;30m[48;2;255;104;52m▀[0m[38;2;250;143;33m[48;2;59;59;58m▀[0m[38;2;241;150;31m[48;2;255;114;50m▀[0m    
    [38;2;67;63;64m▀[0m[38;2;68;64;65m[48;2;65;62;63m▀[0m[38;2;66;63;64m[48;2;65;62;63m▀[0m[38;2;64;63;64m[48;2;34;32;33m▀[0m   [38;2;255;123;44m[48;2;56;55;55m▀[0m[38;2;255;105;58m[48;2;52;51;51m▀[0m[38;2;100;29;13m[48;2;54;54;54m▀[0m [38;2;224;240;201m▄[0m[38;2;193;203;170m[48;2;56;57;56m▀[0m[38;2;37;37;33m[48;2;198;228;194m▀[0m[38;2;198;229;194m[48;2;198;228;194m▀[0m[38;2;198;229;194m[48;2;195;226;191m▀[0m[38;2;198;229;194m[48;2;28;28;26m▀[0m[38;2;198;228;194m[48;2;195;226;191m▀[0m[38;2;33;33;31m[48;2;197;228;192m▀[0m[38;2;64;67;58m[48;2;33;33;32m▀[0m[38;2;225;241;201m▄[0m [38;2;33;32;33m[48;2;26;23;25m▀[0m[38;2;85;79;81m[48;2;85;79;81m▀[0m[38;2;86;79;80m▀[0m[38;2;86;79;81m▀[0m[38;2;85;79;80m[48;2;65;61;64m▀[0m[38;2;58;58;57m▄[0m [38;2;54;53;52m[48;2;40;33;31m▀[0m[38;2;50;48;51m[48;2;36;35;40m▀[0m[38;2;50;50;50m[48;2;40;33;31m▀[0m    
      [38;2;64;62;63m[48;2;65;62;63m▀[0m   [38;2;79;74;76m▄[0m[38;2;39;34;35m[48;2;82;79;80m▀[0m[38;2;40;35;35m[48;2;83;79;80m▀[0m[38;2;37;35;35m[48;2;224;242;200m▀[0m[38;2;227;241;200m[48;2;150;160;131m▀[0m[38;2;88;94;79m[48;2;61;62;61m▀[0m[38;2;197;227;192m[48;2;187;214;183m▀[0m[38;2;194;225;191m[48;2;38;39;34m▀[0m[38;2;197;228;193m[48;2;28;29;27m▀[0m[38;2;62;63;61m[48;2;255;61;185m▀[0m[38;2;64;18;49m[48;2;255;60;184m▀[0m[38;2;192;220;188m[48;2;47;32;33m▀[0m[38;2;200;231;195m[48;2;206;236;202m▀[0m[38;2;212;238;202m[48;2;204;234;199m▀[0m[38;2;61;60;61m[48;2;142;153;127m▀[0m[38;2;62;60;61m[48;2;58;59;58m▀[0m[38;2;66;63;64m[48;2;65;63;63m▀[0m [38;2;47;46;46m[48;2;15;12;14m▀[0m[38;2;42;37;35m[48;2;37;34;36m▀[0m [38;2;60;59;58m▀[0m[38;2;59;59;58m[48;2;59;59;58m▀[0m [38;2;37;35;37m[48;2;40;35;36m▀[0m     
      [38;2;64;62;63m[48;2;65;64;64m▀[0m [38;2;38;38;35m▄[0m[38;2;58;58;57m[48;2;59;59;58m▀[0m[38;2;21;21;22m[48;2;62;61;60m▀[0m [38;2;39;35;36m[48;2;23;22;22m▀[0m[38;2;56;56;56m[48;2;40;38;40m▀[0m[38;2;41;42;32m[48;2;228;243;204m▀[0m[38;2;55;55;44m[48;2;45;43;41m▀[0m[38;2;202;230;192m[48;2;214;239;196m▀[0m[38;2;209;236;195m[48;2;217;241;197m▀[0m[38;2;211;237;200m[48;2;222;243;194m▀[0m[38;2;62;61;61m[48;2;222;243;191m▀[0m[38;2;255;126;208m[48;2;63;65;62m▀[0m[38;2;53;53;52m[48;2;221;243;191m▀[0m[38;2;211;237;195m[48;2;218;241;201m▀[0m[38;2;204;234;197m[48;2;210;237;198m▀[0m[38;2;240;252;213m[48;2;72;75;61m▀[0m[38;2;37;36;35m[48;2;229;245;205m▀[0m[38;2;67;65;67m[48;2;36;35;36m▀[0m[38;2;66;63;64m▄[0m[38;2;26;23;26m[48;2;38;35;35m▀[0m[38;2;34;37;36m[48;2;39;36;35m▀[0m  [38;2;58;58;56m[48;2;58;58;56m▀[0m [38;2;34;30;31m▀[0m     
       [38;2;31;29;30m[48;2;65;63;64m▀[0m[38;2;59;59;58m[48;2;59;58;59m▀[0m [38;2;59;59;58m[48;2;2;1;1m▀[0m[38;2;44;40;41m[48;2;58;58;57m▀[0m[38;2;59;58;57m▄[0m[38;2;215;238;186m[48;2;41;41;40m▀[0m[38;2;230;246;205m[48;2;231;246;205m▀[0m[38;2;49;48;45m[48;2;240;247;211m▀[0m[38;2;221;242;191m[48;2;223;225;193m▀[0m[38;2;221;242;191m[48;2;222;244;198m▀[0m[38;2;221;243;193m[48;2;222;244;198m▀[0m[38;2;222;244;198m[48;2;219;238;188m▀[0m[38;2;59;58;58m[48;2;23;21;17m▀[0m[38;2;221;242;192m[48;2;220;239;189m▀[0m[38;2;219;239;188m[48;2;219;239;188m▀[0m[38;2;230;244;201m[48;2;238;243;200m▀[0m[38;2;58;59;58m[48;2;203;209;175m▀[0m[38;2;225;242;201m[48;2;224;240;201m▀[0m[38;2;226;242;202m▀[0m[38;2;5;5;3m▀[0m[38;2;64;61;62m[48;2;2;2;2m▀[0m[38;2;63;62;63m▄[0m  [38;2;58;58;57m[48;2;58;58;57m▀[0m[38;2;40;35;36m▀[0m      
        [38;2;34;35;32m[48;2;59;58;59m▀[0m[38;2;10;10;9m▄[0m[38;2;10;10;8m▀[0m [38;2;9;8;8m▀[0m [38;2;48;52;43m▀[0m[38;2;245;251;206m[48;2;35;35;35m▀[0m[38;2;51;52;51m[48;2;47;45;46m▀[0m[38;2;59;59;59m[48;2;37;35;34m▀[0m[38;2;57;58;57m[48;2;36;35;34m▀[0m[38;2;57;58;57m[48;2;37;35;34m▀[0m[38;2;57;58;57m[48;2;37;35;35m▀[0m[38;2;57;57;57m[48;2;37;35;35m▀[0m[38;2;58;58;59m[48;2;37;35;34m▀[0m[38;2;16;16;15m[48;2;47;46;46m▀[0m[38;2;228;241;199m▀[0m[38;2;5;6;3m▀[0m    [38;2;65;64;65m[48;2;58;58;57m▀[0m[38;2;58;57;57m[48;2;59;59;58m▀[0m        
        [38;2;12;11;9m▀[0m[38;2;59;59;58m[48;2;59;59;58m▀[0m[38;2;62;61;58m▄[0m      [38;2;27;26;24m▀[0m[38;2;37;35;34m[48;2;38;35;34m▀[0m[38;2;37;35;34m[48;2;37;35;35m▀[0m[38;2;37;35;34m[48;2;37;35;36m▀[0m[38;2;37;35;35m[48;2;38;35;35m▀[0m[38;2;7;7;6m▀[0m    [38;2;59;61;59m▄[0m[38;2;58;57;58m▄[0m[38;2;58;57;58m[48;2;8;8;7m▀[0m[38;2;60;60;59m▀[0m         
          [38;2;58;58;57m▀[0m[38;2;58;58;57m[48;2;4;4;4m▀[0m[38;2;48;47;47m▄[0m[38;2;35;37;35m▄[0m[38;2;35;38;36m▄[0m[38;2;39;35;36m▄[0m [38;2;39;35;35m▀[0m[38;2;38;36;35m[48;2;27;24;27m▀[0m[38;2;38;35;35m[48;2;38;35;35m▀[0m[38;2;38;35;33m[48;2;36;35;38m▀[0m[38;2;38;35;34m[48;2;6;5;6m▀[0m[38;2;31;28;28m▀[0m[38;2;59;58;58m▀[0m[38;2;59;59;58m▀[0m[38;2;59;59;58m▀[0m[38;2;59;59;58m▀[0m             
                   [38;2;34;38;36m[48;2;34;38;36m▀[0m[38;2;40;35;36m▀[0m                   
                                        
