                                        
                                        
                                        
      [38;2;8;6;5m▄[0m[38;2;146;194;221m▄[0m[38;2;60;98;118m[48;2;153;198;223m▀[0m[38;2;115;181;214m[48;2;153;198;224m▀[0m[38;2;106;177;213m[48;2;109;181;215m▀[0m[38;2;107;178;212m[48;2;110;182;217m▀[0m[38;2;92;171;210m[48;2;110;182;217m▀[0m[38;2;63;166;215m[48;2;207;210;215m▀[0m[38;2;51;129;171m[48;2;33;32;33m▀[0m[38;2;244;243;243m▄[0m[38;2;21;51;68m▄[0m                       
    [38;2;40;60;70m▄[0m[38;2;106;176;210m[48;2;255;255;255m▀[0m[38;2;7;7;8m[48;2;33;33;33m▀[0m[38;2;15;16;16m[48;2;255;255;255m▀[0m[38;2;36;41;46m[48;2;25;25;26m▀[0m[38;2;107;177;213m[48;2;106;178;213m▀[0m[38;2;108;178;213m[48;2;106;178;213m▀[0m[38;2;111;185;217m[48;2;109;178;214m▀[0m[38;2;113;186;218m[48;2;112;186;218m▀[0m[38;2;20;19;21m[48;2;112;185;218m▀[0m[38;2;34;33;33m[48;2;94;95;95m▀[0m[38;2;33;32;33m[48;2;91;92;91m▀[0m[38;2;255;255;255m[48;2;249;250;251m▀[0m[38;2;62;161;209m[48;2;167;168;172m▀[0m[38;2;60;154;203m▄[0m                     
   [38;2;100;181;221m▄[0m[38;2;48;84;104m[48;2;45;44;45m▀[0m[38;2;20;20;20m[48;2;255;255;255m▀[0m[38;2;33;32;33m[48;2;58;57;56m▀[0m[38;2;25;24;24m[48;2;91;91;91m▀[0m[38;2;27;26;27m[48;2;71;72;75m▀[0m[38;2;105;177;212m[48;2;108;178;214m▀[0m[38;2;107;177;212m[48;2;244;189;218m▀[0m[38;2;207;165;188m[48;2;230;185;209m▀[0m[38;2;233;189;211m[48;2;230;184;208m▀[0m[38;2;229;161;197m[48;2;204;142;175m▀[0m[38;2;60;161;208m[48;2;14;25;31m▀[0m[38;2;61;161;211m[48;2;60;156;204m▀[0m[38;2;40;132;179m[48;2;61;158;206m▀[0m[38;2;60;154;203m[48;2;61;160;206m▀[0m[38;2;60;154;203m[48;2;61;156;204m▀[0m[38;2;60;154;203m[48;2;60;156;203m▀[0m[38;2;58;153;201m▄[0m                   
   [38;2;107;177;212m[48;2;106;177;213m▀[0m[38;2;114;188;225m[48;2;107;177;213m▀[0m[38;2;249;251;253m[48;2;89;147;176m▀[0m[38;2;214;215;218m[48;2;91;150;179m▀[0m[38;2;251;251;254m[48;2;107;177;212m▀[0m[38;2;108;182;217m[48;2;106;177;213m▀[0m[38;2;110;179;214m[48;2;53;56;59m▀[0m[38;2;212;147;181m[48;2;217;233;243m▀[0m[38;2;223;165;195m[48;2;178;192;197m▀[0m[38;2;204;142;176m[48;2;208;223;235m▀[0m[38;2;202;140;174m[48;2;212;227;239m▀[0m[38;2;213;228;240m[48;2;213;228;240m▀[0m[38;2;212;228;240m[48;2;211;228;240m▀[0m[38;2;223;236;247m[48;2;212;227;240m▀[0m[38;2;62;163;213m[48;2;213;228;240m▀[0m[38;2;60;160;207m[48;2;5;8;9m▀[0m[38;2;60;161;207m[48;2;60;160;207m▀[0m[38;2;60;157;205m[48;2;60;160;207m▀[0m[38;2;60;155;203m▄[0m                  
  [38;2;101;180;221m[48;2;106;177;213m▀[0m[38;2;107;177;212m[48;2;110;183;216m▀[0m[38;2;107;177;212m[48;2;110;184;217m▀[0m[38;2;106;177;213m[48;2;109;181;215m▀[0m[38;2;109;178;215m[48;2;110;182;215m▀[0m[38;2;110;183;217m[48;2;40;65;78m▀[0m[38;2;166;175;178m[48;2;238;247;250m▀[0m[38;2;237;243;247m[48;2;239;246;249m▀[0m[38;2;237;244;248m[48;2;133;133;133m▀[0m[38;2;131;134;134m[48;2;236;245;249m▀[0m[38;2;126;128;128m[48;2;226;238;245m▀[0m[38;2;211;226;233m[48;2;213;226;239m▀[0m[38;2;205;219;222m[48;2;211;226;239m▀[0m[38;2;3;2;3m[48;2;212;228;240m▀[0m[38;2;9;8;8m[48;2;212;227;240m▀[0m[38;2;213;228;240m[48;2;9;7;8m▀[0m[38;2;213;228;240m[48;2;212;228;240m▀[0m[38;2;14;20;25m[48;2;213;228;240m▀[0m[38;2;61;159;205m[48;2;62;157;204m▀[0m[38;2;59;155;203m[48;2;61;157;203m▀[0m                  
  [38;2;93;169;208m[48;2;62;156;204m▀[0m[38;2;106;177;213m[48;2;106;177;212m▀[0m[38;2;107;178;212m[48;2;106;177;213m▀[0m[38;2;108;178;214m[48;2;92;170;209m▀[0m[38;2;102;179;214m[48;2;62;163;212m▀[0m[38;2;225;241;245m[48;2;217;233;242m▀[0m[38;2;237;245;249m[48;2;220;236;246m▀[0m[38;2;132;134;134m[48;2;157;168;174m▀[0m[38;2;237;245;248m[48;2;213;226;240m▀[0m[38;2;223;237;246m[48;2;9;8;9m▀[0m[38;2;8;8;8m[48;2;214;228;242m▀[0m[38;2;222;237;250m[48;2;8;7;8m▀[0m[38;2;223;239;250m[48;2;8;8;8m▀[0m[38;2;7;6;6m[48;2;213;227;240m▀[0m[38;2;218;232;240m[48;2;8;8;8m▀[0m[38;2;214;227;240m[48;2;217;230;241m▀[0m[38;2;4;4;4m[48;2;8;7;8m▀[0m[38;2;212;227;240m[48;2;213;228;240m▀[0m[38;2;47;123;162m[48;2;50;51;52m▀[0m[38;2;60;155;203m[48;2;66;141;182m▀[0m[38;2;15;18;20m[48;2;30;53;68m▀[0m                 
  [38;2;60;154;203m[48;2;58;155;203m▀[0m[38;2;59;155;203m[48;2;61;159;205m▀[0m[38;2;60;154;203m[48;2;60;154;203m▀[0m[38;2;58;155;203m[48;2;59;155;202m▀[0m[38;2;15;37;51m[48;2;43;104;136m▀[0m[38;2;217;232;242m[48;2;220;235;244m▀[0m[38;2;91;99;102m[48;2;89;96;99m▀[0m[38;2;215;229;240m[48;2;219;235;244m▀[0m[38;2;76;81;85m[48;2;26;28;29m▀[0m[38;2;212;225;239m[48;2;217;231;241m▀[0m[38;2;10;9;10m[48;2;0;0;0m▀[0m[38;2;212;228;240m[48;2;213;228;240m▀[0m[38;2;212;228;240m[48;2;125;133;142m▀[0m[38;2;9;8;9m[48;2;4;3;4m▀[0m[38;2;218;234;244m[48;2;1;0;0m▀[0m[38;2;227;242;250m[48;2;213;226;240m▀[0m[38;2;25;26;27m[48;2;9;8;8m▀[0m[38;2;218;232;241m[48;2;221;236;244m▀[0m[38;2;31;32;32m[48;2;2;2;2m▀[0m[38;2;66;138;179m[48;2;68;143;182m▀[0m[38;2;9;8;8m▀[0m                 
  [38;2;55;144;190m▀[0m[38;2;60;154;203m[48;2;59;154;203m▀[0m[38;2;60;154;203m[48;2;62;156;202m▀[0m[38;2;61;154;203m[48;2;60;156;203m▀[0m[38;2;60;156;203m[48;2;60;155;203m▀[0m[38;2;213;227;240m[48;2;223;237;250m▀[0m[38;2;230;244;249m[48;2;213;228;240m▀[0m[38;2;204;216;218m[48;2;9;7;8m▀[0m[38;2;229;242;246m[48;2;226;241;245m▀[0m[38;2;244;254;255m[48;2;10;9;10m▀[0m[38;2;1;1;1m[48;2;223;239;245m▀[0m[38;2;224;237;245m[48;2;222;236;245m▀[0m[38;2;212;228;239m[48;2;78;83;88m▀[0m[38;2;236;250;255m[48;2;220;235;246m▀[0m[38;2;7;6;6m[48;2;194;210;224m▀[0m[38;2;212;226;240m[48;2;8;8;9m▀[0m[38;2;9;8;8m[48;2;173;193;212m▀[0m[38;2;173;193;212m[48;2;29;32;35m▀[0m[38;2;68;142;182m[48;2;66;139;179m▀[0m[38;2;68;142;182m▀[0m                  
   [38;2;64;156;199m▀[0m[38;2;63;155;199m[48;2;66;140;182m▀[0m[38;2;63;156;201m[48;2;68;143;185m▀[0m[38;2;61;154;201m[48;2;64;144;185m▀[0m[38;2;61;155;201m[48;2;65;143;186m▀[0m[38;2;200;216;230m[48;2;61;136;175m▀[0m[38;2;206;223;236m[48;2;186;204;221m▀[0m[38;2;8;7;8m[48;2;184;204;220m▀[0m[38;2;209;227;238m[48;2;9;8;8m▀[0m[38;2;3;2;3m[48;2;84;92;102m▀[0m[38;2;8;7;8m[48;2;176;196;216m▀[0m[38;2;83;88;95m[48;2;177;199;217m▀[0m[38;2;6;6;6m[48;2;182;202;218m▀[0m[38;2;3;2;2m[48;2;178;200;218m▀[0m[38;2;172;193;213m[48;2;68;75;81m▀[0m[38;2;182;201;222m[48;2;68;142;182m▀[0m[38;2;66;138;179m[48;2;9;12;15m▀[0m[38;2;20;37;46m[48;2;67;137;178m▀[0m[38;2;68;140;180m[48;2;66;138;179m▀[0m[38;2;23;38;48m[48;2;67;141;181m▀[0m[38;2;69;143;182m▄[0m                
     [38;2;66;138;179m▀[0m[38;2;68;139;180m[48;2;69;147;186m▀[0m[38;2;66;138;179m[48;2;68;146;183m▀[0m[38;2;66;138;179m[48;2;69;144;183m▀[0m[38;2;66;138;179m[48;2;66;139;179m▀[0m[38;2;57;63;71m[48;2;67;139;179m▀[0m[38;2;177;197;216m[48;2;68;142;182m▀[0m[38;2;179;200;218m[48;2;68;143;183m▀[0m[38;2;181;202;218m[48;2;69;145;183m▀[0m[38;2;180;200;217m[48;2;69;146;183m▀[0m[38;2;61;68;74m[48;2;68;144;183m▀[0m[38;2;68;143;182m[48;2;28;51;65m▀[0m[38;2;69;145;183m[48;2;7;5;4m▀[0m  [38;2;66;139;179m[48;2;4;2;2m▀[0m[38;2;66;138;179m[48;2;66;138;180m▀[0m[38;2;66;138;179m[48;2;82;166;208m▀[0m[38;2;64;141;185m[48;2;83;167;207m▀[0m[38;2;62;152;197m[48;2;82;168;208m▀[0m[38;2;151;196;214m▄[0m[38;2;151;197;214m▄[0m[38;2;151;196;214m▄[0m[38;2;151;196;214m▄[0m[38;2;157;207;220m▄[0m[38;2;158;206;220m▄[0m[38;2;150;198;215m▄[0m[38;2;151;197;214m▄[0m[38;2;107;138;151m▄[0m      
        [38;2;4;3;1m▀[0m[38;2;16;22;29m[48;2;69;142;181m▀[0m[38;2;54;105;136m[48;2;67;140;179m▀[0m[38;2;35;60;74m[48;2;67;139;179m▀[0m[38;2;8;6;6m▀[0m[38;2;6;3;3m▀[0m[38;2;53;110;138m▀[0m[38;2;69;146;184m▀[0m[38;2;69;146;184m▀[0m[38;2;68;146;184m[48;2;6;5;6m▀[0m[38;2;6;3;3m[48;2;68;145;185m▀[0m[38;2;158;207;226m[48;2;67;139;181m▀[0m[38;2;151;196;214m[48;2;2;2;2m▀[0m[38;2;74;92;101m[48;2;153;201;218m▀[0m[38;2;84;168;209m[48;2;155;204;219m▀[0m[38;2;85;170;211m[48;2;156;204;219m▀[0m[38;2;78;154;190m[48;2;157;207;220m▀[0m[38;2;152;200;218m[48;2;157;208;221m▀[0m[38;2;152;200;218m[48;2;157;207;221m▀[0m[38;2;153;201;218m[48;2;157;206;220m▀[0m[38;2;151;200;217m[48;2;154;202;218m▀[0m[38;2;151;196;213m[48;2;151;195;214m▀[0m[38;2;151;196;214m[48;2;151;195;214m▀[0m[38;2;151;198;214m[48;2;152;197;214m▀[0m[38;2;151;195;214m[48;2;152;198;216m▀[0m[38;2;151;197;215m[48;2;155;202;219m▀[0m[38;2;150;198;216m[48;2;161;205;221m▀[0m[38;2;155;203;220m[48;2;172;212;225m▀[0m[38;2;184;221;233m▄[0m   
         [38;2;68;142;183m[48;2;7;6;6m▀[0m[38;2;66;140;181m[48;2;69;146;184m▀[0m[38;2;67;140;179m[48;2;62;162;209m▀[0m[38;2;67;142;182m[48;2;61;160;208m▀[0m[38;2;60;160;207m▄[0m    [38;2;139;180;192m▀[0m[38;2;151;199;217m[48;2;130;169;180m▀[0m[38;2;43;53;57m[48;2;157;207;220m▀[0m[38;2;67;144;182m[48;2;157;206;221m▀[0m[38;2;69;149;189m[48;2;155;204;219m▀[0m[38;2;154;204;215m[48;2;100;131;139m▀[0m[38;2;157;207;221m[48;2;73;157;196m▀[0m[38;2;157;207;221m[48;2;70;149;189m▀[0m[38;2;157;207;220m[48;2;17;21;24m▀[0m[38;2;157;206;220m[48;2;160;209;228m▀[0m[38;2;155;202;219m[48;2;155;201;218m▀[0m[38;2;151;199;216m[48;2;157;204;221m▀[0m[38;2;152;198;217m[48;2;163;211;227m▀[0m[38;2;156;203;219m[48;2;164;211;226m▀[0m[38;2;160;207;221m[48;2;175;216;228m▀[0m[38;2;172;212;225m[48;2;187;221;233m▀[0m[38;2;183;217;229m[48;2;188;227;236m▀[0m[38;2;185;218;230m[48;2;187;222;233m▀[0m[38;2;186;220;232m[48;2;187;222;233m▀[0m[38;2;193;230;242m[48;2;188;222;234m▀[0m  
          [38;2;62;165;209m[48;2;58;154;199m▀[0m[38;2;94;178;214m[48;2;117;189;219m▀[0m[38;2;113;187;219m[48;2;140;198;222m▀[0m[38;2;90;176;213m[48;2;114;187;218m▀[0m[38;2;25;47;56m[48;2;47;112;141m▀[0m     [38;2;5;4;5m▀[0m[38;2;157;206;220m▀[0m[38;2;157;207;221m[48;2;132;176;186m▀[0m[38;2;157;208;221m[48;2;157;207;221m▀[0m[38;2;157;208;221m[48;2;158;206;221m▀[0m[38;2;158;206;221m[48;2;161;210;223m▀[0m[38;2;155;202;220m[48;2;165;216;226m▀[0m[38;2;97;123;134m[48;2;165;215;228m▀[0m[38;2;16;36;46m[48;2;165;213;226m▀[0m[38;2;69;145;186m[48;2;169;215;228m▀[0m[38;2;68;145;186m[48;2;180;219;230m▀[0m[38;2;62;155;201m[48;2;189;222;233m▀[0m[38;2;61;156;204m[48;2;188;222;233m▀[0m[38;2;76;90;95m[48;2;188;222;233m▀[0m[38;2;191;227;237m[48;2;188;222;233m▀[0m[38;2;191;227;238m[48;2;188;222;233m▀[0m[38;2;189;223;235m[48;2;188;222;233m▀[0m[38;2;190;226;237m[48;2;7;6;6m▀[0m  
           [38;2;109;184;218m▀[0m[38;2;110;183;217m▀[0m[38;2;92;177;214m▀[0m          [38;2;116;150;158m▀[0m[38;2;165;215;227m▀[0m[38;2;170;219;230m▀[0m[38;2;173;223;233m[48;2;131;168;176m▀[0m[38;2;171;220;232m[48;2;172;221;233m▀[0m[38;2;176;221;232m[48;2;188;232;239m▀[0m[38;2;189;225;236m[48;2;197;234;240m▀[0m[38;2;189;225;236m[48;2;196;231;239m▀[0m[38;2;190;226;237m[48;2;188;225;235m▀[0m[38;2;188;222;233m[48;2;189;224;235m▀[0m[38;2;188;222;233m[48;2;11;12;13m▀[0m[38;2;188;222;233m▀[0m[38;2;8;8;8m▀[0m   
                                        
                                        
                                        
