                                        
                                        
                                        
                                        
                       [38;2;89;84;49m▄[0m[38;2;255;232;133m▄[0m[38;2;56;52;31m▄[0m              
                   [38;2;255;231;133m▄[0m[38;2;185;177;103m[48;2;255;232;132m▀[0m[38;2;255;231;133m[48;2;254;229;131m▀[0m[38;2;255;231;133m[48;2;254;228;131m▀[0m[38;2;255;244;140m[48;2;255;228;131m▀[0m[38;2;255;232;132m[48;2;255;231;133m▀[0m[38;2;255;230;132m[48;2;254;229;131m▀[0m[38;2;255;231;132m[48;2;252;227;131m▀[0m[38;2;255;240;140m[48;2;249;225;130m▀[0m[38;2;252;227;131m▄[0m           
                  [38;2;252;225;117m[48;2;249;222;116m▀[0m[38;2;252;226;129m[48;2;246;220;115m▀[0m[38;2;255;229;132m[48;2;247;221;122m▀[0m[38;2;252;227;131m[48;2;246;221;130m▀[0m[38;2;251;226;131m[48;2;246;221;130m▀[0m[38;2;252;229;133m[48;2;255;233;136m▀[0m[38;2;249;224;130m[48;2;247;223;130m▀[0m[38;2;248;224;130m[48;2;247;223;130m▀[0m[38;2;248;224;130m[48;2;247;222;130m▀[0m[38;2;248;223;130m[48;2;248;223;125m▀[0m[38;2;248;224;130m[48;2;247;221;122m▀[0m[38;2;49;44;25m[48;2;248;222;112m▀[0m[38;2;255;230;115m▄[0m         
                 [38;2;254;229;112m[48;2;253;230;112m▀[0m[38;2;247;219;107m[48;2;248;221;108m▀[0m[38;2;247;219;108m[48;2;60;53;52m▀[0m[38;2;248;220;116m[48;2;107;96;89m▀[0m[38;2;101;90;84m[48;2;71;56;46m▀[0m[38;2;75;67;66m[48;2;251;226;131m▀[0m[38;2;41;37;39m[48;2;253;228;131m▀[0m[38;2;108;96;89m[48;2;32;30;27m▀[0m[38;2;101;90;83m[48;2;108;96;89m▀[0m[38;2;253;229;130m[48;2;102;90;84m▀[0m[38;2;253;226;117m[48;2;10;9;4m▀[0m[38;2;244;236;115m[48;2;248;221;107m▀[0m[38;2;255;227;108m[48;2;252;224;108m▀[0m[38;2;255;228;109m[48;2;247;221;107m▀[0m[38;2;78;69;37m▄[0m        
                 [38;2;75;66;37m[48;2;41;37;33m▀[0m[38;2;73;65;62m[48;2;109;98;91m▀[0m[38;2;105;94;88m[48;2;216;161;129m▀[0m[38;2;217;162;131m[48;2;227;170;136m▀[0m[38;2;215;160;130m[48;2;252;227;131m▀[0m[38;2;169;124;104m[48;2;255;229;131m▀[0m[38;2;220;163;132m[48;2;216;161;130m▀[0m[38;2;215;160;129m[48;2;216;161;130m▀[0m[38;2;216;161;129m[48;2;216;161;130m▀[0m[38;2;109;97;90m[48;2;220;163;132m▀[0m[38;2;101;90;83m[48;2;105;93;86m▀[0m[38;2;209;183;94m[48;2;69;59;54m▀[0m[38;2;183;159;84m[48;2;186;161;85m▀[0m[38;2;183;160;85m[48;2;186;161;84m▀[0m[38;2;78;68;37m▀[0m        
               [38;2;26;25;21m▄[0m[38;2;216;160;128m▄[0m[38;2;32;28;26m[48;2;216;161;130m▀[0m[38;2;215;160;129m[48;2;70;65;37m▀[0m[38;2;138;102;87m[48;2;255;229;131m▀[0m[38;2;253;227;131m[48;2;255;230;131m▀[0m[38;2;254;228;131m[48;2;255;231;133m▀[0m[38;2;255;236;136m[48;2;220;163;131m▀[0m[38;2;217;161;130m[48;2;219;163;131m▀[0m[38;2;217;161;129m[48;2;219;163;130m▀[0m[38;2;219;162;130m[48;2;216;157;125m▀[0m[38;2;221;163;130m[48;2;212;152;120m▀[0m[38;2;102;89;83m[48;2;90;79;73m▀[0m[38;2;78;68;63m[48;2;84;74;70m▀[0m[38;2;184;159;85m[48;2;103;92;49m▀[0m[38;2;219;194;97m▀[0m         
  [38;2;125;94;76m▄[0m[38;2;112;100;92m▄[0m[38;2;14;15;11m▄[0m      [38;2;211;147;114m▄[0m[38;2;214;148;114m▄[0m[38;2;232;170;135m[48;2;219;152;117m▀[0m[38;2;217;161;130m[48;2;218;156;123m▀[0m[38;2;219;163;131m[48;2;218;158;126m▀[0m[38;2;220;163;131m[48;2;219;161;128m▀[0m[38;2;223;164;130m[48;2;220;163;130m▀[0m[38;2;255;231;132m[48;2;225;168;134m▀[0m[38;2;255;231;133m[48;2;216;157;125m▀[0m[38;2;255;231;132m[48;2;213;154;123m▀[0m[38;2;220;163;131m[48;2;211;150;119m▀[0m[38;2;219;163;130m[48;2;208;148;117m▀[0m[38;2;214;155;124m[48;2;207;144;113m▀[0m[38;2;213;154;123m[48;2;206;143;112m▀[0m[38;2;208;147;116m[48;2;206;143;112m▀[0m[38;2;206;143;113m[48;2;206;143;113m▀[0m[38;2;87;76;71m[48;2;88;76;71m▀[0m[38;2;86;75;70m[48;2;86;75;70m▀[0m[38;2;16;16;12m[48;2;24;23;19m▀[0m          
   [38;2;218;162;130m▀[0m[38;2;217;161;131m[48;2;232;167;133m▀[0m[38;2;61;56;54m[48;2;215;150;117m▀[0m[38;2;94;82;76m[48;2;214;147;114m▀[0m[38;2;85;74;68m[48;2;82;71;67m▀[0m[38;2;211;147;114m▄[0m[38;2;215;148;114m[48;2;244;246;250m▀[0m[38;2;215;148;114m[48;2;237;239;240m▀[0m[38;2;212;147;114m[48;2;237;241;244m▀[0m[38;2;210;146;114m[48;2;207;145;112m▀[0m[38;2;210;146;114m[48;2;206;176;141m▀[0m[38;2;210;146;114m[48;2;89;78;63m▀[0m[38;2;216;151;118m[48;2;195;167;135m▀[0m[38;2;207;144;113m[48;2;143;119;94m▀[0m[38;2;206;143;113m[48;2;207;143;112m▀[0m[38;2;206;143;112m[48;2;206;143;112m▀[0m[38;2;206;143;113m[48;2;218;151;119m▀[0m[38;2;205;142;112m[48;2;167;116;91m▀[0m[38;2;204;142;112m[48;2;209;146;113m▀[0m[38;2;205;142;112m[48;2;213;148;114m▀[0m[38;2;205;142;112m[48;2;212;148;115m▀[0m[38;2;205;142;112m[48;2;212;147;114m▀[0m[38;2;209;145;113m[48;2;214;148;114m▀[0m[38;2;210;146;114m[48;2;214;148;114m▀[0m[38;2;90;79;74m[48;2;90;79;73m▀[0m[38;2;87;76;71m[48;2;82;70;66m▀[0m[38;2;6;8;5m▀[0m[38;2;87;75;70m▄[0m[38;2;106;94;87m▄[0m[38;2;108;96;89m▄[0m[38;2;108;97;90m▄[0m[38;2;109;97;90m▄[0m[38;2;112;100;93m▄[0m[38;2;88;80;75m▄[0m[38;2;56;51;48m▄[0m  
    [38;2;200;139;109m▀[0m[38;2;211;147;114m[48;2;157;109;88m▀[0m[38;2;134;95;73m[48;2;206;143;112m▀[0m[38;2;175;122;95m[48;2;206;143;112m▀[0m[38;2;208;144;112m[48;2;207;143;113m▀[0m[38;2;235;238;242m[48;2;208;144;112m▀[0m[38;2;236;238;242m[48;2;208;144;112m▀[0m[38;2;64;42;30m[48;2;209;146;113m▀[0m[38;2;69;50;40m[48;2;213;148;114m▀[0m[38;2;178;149;118m[48;2;104;86;67m▀[0m[38;2;182;154;120m[48;2;141;115;91m▀[0m[38;2;169;141;111m[48;2;143;117;92m▀[0m[38;2;141;114;90m[48;2;218;151;118m▀[0m[38;2;210;147;113m[48;2;211;146;113m▀[0m[38;2;186;129;100m[48;2;211;146;114m▀[0m[38;2;238;241;245m[48;2;244;247;251m▀[0m[38;2;42;43;42m[48;2;243;246;250m▀[0m[38;2;244;247;253m[48;2;243;247;252m▀[0m[38;2;213;148;115m[48;2;77;67;59m▀[0m[38;2;217;149;114m[48;2;212;147;114m▀[0m[38;2;214;148;114m[48;2;213;148;114m▀[0m[38;2;212;147;114m[48;2;211;147;114m▀[0m[38;2;211;147;114m[48;2;212;148;114m▀[0m[38;2;87;76;71m[48;2;93;82;76m▀[0m[38;2;88;77;72m[48;2;88;76;71m▀[0m[38;2;87;77;71m[48;2;134;94;72m▀[0m[38;2;97;86;79m[48;2;209;146;113m▀[0m[38;2;93;83;78m[48;2;209;146;114m▀[0m[38;2;231;172;139m[48;2;209;145;114m▀[0m[38;2;215;160;129m[48;2;209;144;112m▀[0m[38;2;214;160;129m[48;2;60;42;33m▀[0m[38;2;216;161;130m▀[0m[38;2;200;150;121m▀[0m   
      [38;2;46;35;28m▀[0m[38;2;219;152;118m[48;2;60;52;47m▀[0m[38;2;211;147;114m[48;2;183;127;99m▀[0m[38;2;210;146;114m[48;2;216;148;114m▀[0m[38;2;210;146;114m[48;2;211;147;114m▀[0m[38;2;212;147;114m[48;2;211;147;114m▀[0m[38;2;210;146;113m[48;2;211;147;114m▀[0m[38;2;210;147;114m[48;2;212;148;114m▀[0m[38;2;210;147;113m[48;2;213;148;114m▀[0m[38;2;211;147;114m[48;2;213;148;114m▀[0m[38;2;210;146;114m[48;2;213;148;114m▀[0m[38;2;211;147;114m[48;2;213;148;114m▀[0m[38;2;212;147;114m[48;2;213;148;114m▀[0m[38;2;209;146;113m[48;2;212;148;115m▀[0m[38;2;209;145;113m[48;2;213;148;115m▀[0m[38;2;208;145;113m[48;2;216;148;114m▀[0m[38;2;209;145;113m[48;2;215;148;114m▀[0m[38;2;211;146;114m[48;2;211;147;114m▀[0m[38;2;214;148;114m[48;2;224;156;121m▀[0m[38;2;209;146;113m[48;2;88;77;71m▀[0m[38;2;87;75;70m[48;2;88;76;71m▀[0m[38;2;86;75;70m[48;2;15;15;11m▀[0m[38;2;87;76;70m[48;2;156;108;87m▀[0m[38;2;203;141;111m[48;2;159;110;88m▀[0m[38;2;207;144;112m[48;2;158;110;87m▀[0m[38;2;209;145;113m[48;2;159;110;87m▀[0m        
        [38;2;74;64;59m▀[0m[38;2;66;46;36m▀[0m[38;2;158;110;87m[48;2;70;60;55m▀[0m[38;2;169;117;93m[48;2;69;60;55m▀[0m[38;2;186;128;100m[48;2;55;49;45m▀[0m[38;2;203;139;107m[48;2;99;69;54m▀[0m[38;2;210;145;112m[48;2;175;120;96m▀[0m[38;2;209;144;112m[48;2;177;120;95m▀[0m[38;2;205;140;109m[48;2;176;120;96m▀[0m[38;2;204;140;108m[48;2;153;106;85m▀[0m[38;2;197;135;104m[48;2;26;24;21m▀[0m[38;2;186;129;100m[48;2;72;63;58m▀[0m[38;2;184;126;100m[48;2;70;59;55m▀[0m[38;2;178;123;97m[48;2;69;59;54m▀[0m[38;2;84;59;46m[48;2;71;61;56m▀[0m[38;2;70;60;55m[48;2;74;64;59m▀[0m[38;2;69;59;54m[48;2;9;9;7m▀[0m[38;2;165;115;91m▀[0m[38;2;156;108;87m▀[0m[38;2;158;110;87m▀[0m[38;2;157;109;86m▀[0m[38;2;101;71;56m▀[0m          
              [38;2;21;20;16m▀[0m[38;2;47;42;38m▀[0m[38;2;46;41;36m▀[0m[38;2;48;43;38m▀[0m[38;2;35;33;28m▀[0m                     
                                        
                                        
                                        
                                        
