                                        
                                        
                                        
                                        
                       [38;2;45;79;90m▄[0m[38;2;121;233;255m▄[0m[38;2;28;49;56m▄[0m              
                   [38;2;120;233;255m▄[0m[38;2;95;162;189m[48;2;119;232;255m▀[0m[38;2;120;234;255m[48;2;118;233;255m▀[0m[38;2;120;233;255m[48;2;118;234;255m▀[0m[38;2;129;223;255m[48;2;117;234;255m▀[0m[38;2;119;233;255m[48;2;120;233;255m▀[0m[38;2;119;234;255m[48;2;118;233;255m▀[0m[38;2;119;233;255m[48;2;118;232;255m▀[0m[38;2;129;227;255m[48;2;118;228;255m▀[0m[38;2;118;232;255m▄[0m           
                  [38;2;103;227;255m[48;2;102;225;255m▀[0m[38;2;116;233;255m[48;2;101;223;253m▀[0m[38;2;119;235;255m[48;2;109;226;254m▀[0m[38;2;119;231;255m[48;2;118;228;252m▀[0m[38;2;119;231;255m[48;2;118;228;252m▀[0m[38;2;121;231;255m[48;2;124;233;255m▀[0m[38;2;118;229;255m[48;2;118;228;254m▀[0m[38;2;118;228;255m[48;2;118;228;254m▀[0m[38;2;118;228;255m[48;2;118;228;254m▀[0m[38;2;118;229;255m[48;2;112;227;255m▀[0m[38;2;118;228;255m[48;2;109;226;254m▀[0m[38;2;22;46;51m[48;2;98;223;255m▀[0m[38;2;101;227;255m▄[0m         
                 [38;2;98;226;255m[48;2;97;224;255m▀[0m[38;2;93;222;255m[48;2;94;223;255m▀[0m[38;2;94;223;255m[48;2;60;49;39m▀[0m[38;2;102;225;254m[48;2;108;88;64m▀[0m[38;2;102;83;61m[48;2;72;64;41m▀[0m[38;2;75;58;47m[48;2;118;231;255m▀[0m[38;2;41;34;29m[48;2;118;232;255m▀[0m[38;2;109;88;64m[48;2;33;28;20m▀[0m[38;2;100;83;61m[48;2;109;88;64m▀[0m[38;2;117;231;255m[48;2;102;83;61m▀[0m[38;2;103;228;255m[48;2;4;9;10m▀[0m[38;2;104;202;247m[48;2;93;223;255m▀[0m[38;2;93;228;255m[48;2;93;225;255m▀[0m[38;2;94;228;255m[48;2;93;221;254m▀[0m[38;2;33;71;79m▄[0m        
                 [38;2;33;68;74m[48;2;41;33;24m▀[0m[38;2;72;59;45m[48;2;109;90;66m▀[0m[38;2;105;86;64m[48;2;220;193;119m▀[0m[38;2;221;193;121m[48;2;231;203;125m▀[0m[38;2;219;191;120m[48;2;119;231;255m▀[0m[38;2;168;150;101m[48;2;118;234;255m▀[0m[38;2;224;195;122m[48;2;220;192;120m▀[0m[38;2;219;191;119m[48;2;220;192;120m▀[0m[38;2;220;193;119m[48;2;220;192;120m▀[0m[38;2;110;89;65m[48;2;224;196;122m▀[0m[38;2;101;83;61m[48;2;105;86;62m▀[0m[38;2;81;191;215m[48;2;68;55;40m▀[0m[38;2;73;170;188m[48;2;74;173;191m▀[0m[38;2;74;171;188m[48;2;73;173;191m▀[0m[38;2;33;70;77m▀[0m        
               [38;2;26;22;15m▄[0m[38;2;220;192;118m▄[0m[38;2;32;27;20m[48;2;220;192;120m▀[0m[38;2;219;191;119m[48;2;47;62;59m▀[0m[38;2;141;120;82m[48;2;118;234;255m▀[0m[38;2;118;233;255m[48;2;118;234;255m▀[0m[38;2;118;233;255m[48;2;120;234;255m▀[0m[38;2;124;229;255m[48;2;224;196;121m▀[0m[38;2;221;193;120m[48;2;223;195;121m▀[0m[38;2;221;193;119m[48;2;223;196;119m▀[0m[38;2;223;194;120m[48;2;220;190;115m▀[0m[38;2;225;196;119m[48;2;216;186;109m▀[0m[38;2;101;82;61m[48;2;90;73;53m▀[0m[38;2;78;63;45m[48;2;84;68;51m▀[0m[38;2;74;171;189m[48;2;44;93;106m▀[0m[38;2;84;198;226m▀[0m         
  [38;2;127;112;71m▄[0m[38;2;113;92;67m▄[0m[38;2;14;11;7m▄[0m      [38;2;215;183;103m▄[0m[38;2;219;185;102m▄[0m[38;2;236;205;124m[48;2;223;189;105m▀[0m[38;2;221;193;120m[48;2;222;191;112m▀[0m[38;2;223;195;121m[48;2;222;192;115m▀[0m[38;2;224;196;120m[48;2;223;194;117m▀[0m[38;2;227;198;119m[48;2;224;196;119m▀[0m[38;2;119;234;255m[48;2;229;201;123m▀[0m[38;2;120;233;255m[48;2;220;190;114m▀[0m[38;2;119;234;255m[48;2;217;187;113m▀[0m[38;2;224;196;120m[48;2;215;184;108m▀[0m[38;2;223;196;120m[48;2;212;181;107m▀[0m[38;2;218;188;114m[48;2;211;179;102m▀[0m[38;2;217;187;113m[48;2;210;177;101m▀[0m[38;2;212;181;105m[48;2;210;177;101m▀[0m[38;2;210;177;102m[48;2;210;177;102m▀[0m[38;2;87;70;52m[48;2;88;70;52m▀[0m[38;2;86;69;51m[48;2;86;69;51m▀[0m[38;2;16;14;9m[48;2;24;20;13m▀[0m          
   [38;2;222;194;120m▀[0m[38;2;221;193;121m[48;2;236;203;121m▀[0m[38;2;61;50;39m[48;2;220;186;106m▀[0m[38;2;94;77;56m[48;2;219;184;103m▀[0m[38;2;85;69;49m[48;2;82;66;49m▀[0m[38;2;216;183;103m▄[0m[38;2;220;186;102m[48;2;244;246;250m▀[0m[38;2;220;185;102m[48;2;237;239;240m▀[0m[38;2;216;183;103m[48;2;237;241;245m▀[0m[38;2;214;181;103m[48;2;211;179;101m▀[0m[38;2;214;181;103m[48;2;211;162;137m▀[0m[38;2;214;181;103m[48;2;91;72;61m▀[0m[38;2;221;187;107m[48;2;200;154;131m▀[0m[38;2;211;178;102m[48;2;148;110;90m▀[0m[38;2;210;178;102m[48;2;211;178;101m▀[0m[38;2;210;177;101m[48;2;210;177;101m▀[0m[38;2;210;177;102m[48;2;223;188;107m▀[0m[38;2;209;176;101m[48;2;171;144;82m▀[0m[38;2;208;176;102m[48;2;214;181;102m▀[0m[38;2;209;176;101m[48;2;218;184;103m▀[0m[38;2;209;176;101m[48;2;216;184;103m▀[0m[38;2;209;176;101m[48;2;217;183;103m▀[0m[38;2;213;180;102m[48;2;219;185;102m▀[0m[38;2;215;181;103m[48;2;219;185;102m▀[0m[38;2;90;73;54m[48;2;90;73;53m▀[0m[38;2;87;70;52m[48;2;82;66;47m▀[0m[38;2;6;5;4m▀[0m[38;2;86;69;52m▄[0m[38;2;107;87;63m▄[0m[38;2;109;88;65m▄[0m[38;2;109;89;65m▄[0m[38;2;110;89;65m▄[0m[38;2;112;92;67m▄[0m[38;2;88;73;54m▄[0m[38;2;56;48;38m▄[0m  
    [38;2;204;173;99m▀[0m[38;2;215;183;103m[48;2;160;134;80m▀[0m[38;2;137;117;66m[48;2;210;177;101m▀[0m[38;2;179;150;85m[48;2;210;177;101m▀[0m[38;2;212;179;101m[48;2;211;177;102m▀[0m[38;2;235;238;243m[48;2;212;179;101m▀[0m[38;2;236;238;243m[48;2;212;179;101m▀[0m[38;2;65;54;26m[48;2;214;181;102m▀[0m[38;2;71;56;37m[48;2;217;184;103m▀[0m[38;2;183;136;114m[48;2;107;78;64m▀[0m[38;2;187;140;115m[48;2;146;104;88m▀[0m[38;2;174;128;107m[48;2;148;106;89m▀[0m[38;2;146;103;87m[48;2;222;188;107m▀[0m[38;2;214;182;102m[48;2;215;182;102m▀[0m[38;2;190;161;90m[48;2;216;182;102m▀[0m[38;2;238;241;246m[48;2;243;247;251m▀[0m[38;2;42;43;42m[48;2;243;246;251m▀[0m[38;2;244;247;254m[48;2;243;247;253m▀[0m[38;2;218;184;103m[48;2;77;74;57m▀[0m[38;2;222;186;102m[48;2;217;183;103m▀[0m[38;2;219;184;103m[48;2;218;184;103m▀[0m[38;2;217;184;103m[48;2;215;183;103m▀[0m[38;2;215;183;102m[48;2;216;184;103m▀[0m[38;2;87;70;52m[48;2;93;76;55m▀[0m[38;2;88;71;53m[48;2;88;70;52m▀[0m[38;2;87;71;52m[48;2;136;116;64m▀[0m[38;2;97;79;58m[48;2;214;181;102m▀[0m[38;2;93;76;56m[48;2;213;181;103m▀[0m[38;2;235;206;128m[48;2;213;180;103m▀[0m[38;2;219;191;119m[48;2;213;180;101m▀[0m[38;2;218;191;119m[48;2;61;52;30m▀[0m[38;2;220;192;120m▀[0m[38;2;203;179;111m▀[0m   
      [38;2;47;41;24m▀[0m[38;2;225;190;107m[48;2;60;48;34m▀[0m[38;2;215;183;103m[48;2;187;158;89m▀[0m[38;2;215;181;103m[48;2;221;186;102m▀[0m[38;2;215;182;103m[48;2;215;183;103m▀[0m[38;2;216;183;103m[48;2;215;183;103m▀[0m[38;2;215;182;102m[48;2;215;183;103m▀[0m[38;2;214;182;103m[48;2;216;184;103m▀[0m[38;2;214;183;102m[48;2;218;184;103m▀[0m[38;2;215;183;102m[48;2;218;184;103m▀[0m[38;2;215;181;103m[48;2;218;184;103m▀[0m[38;2;215;183;103m[48;2;218;184;103m▀[0m[38;2;217;183;103m[48;2;218;184;103m▀[0m[38;2;213;181;102m[48;2;216;184;104m▀[0m[38;2;214;180;102m[48;2;218;184;104m▀[0m[38;2;213;180;102m[48;2;221;185;102m▀[0m[38;2;214;180;102m[48;2;220;185;102m▀[0m[38;2;216;182;103m[48;2;215;183;103m▀[0m[38;2;219;184;103m[48;2;229;193;109m▀[0m[38;2;214;181;102m[48;2;88;71;52m▀[0m[38;2;87;70;51m[48;2;88;70;52m▀[0m[38;2;86;69;51m[48;2;15;14;9m▀[0m[38;2;87;70;51m[48;2;159;133;79m▀[0m[38;2;207;175;100m[48;2;162;136;80m▀[0m[38;2;211;179;101m[48;2;161;136;79m▀[0m[38;2;213;180;102m[48;2;162;136;79m▀[0m        
        [38;2;74;59;42m▀[0m[38;2;68;57;33m▀[0m[38;2;161;136;79m[48;2;70;56;41m▀[0m[38;2;173;144;85m[48;2;69;56;41m▀[0m[38;2;190;160;90m[48;2;55;45;33m▀[0m[38;2;207;174;96m[48;2;101;86;49m▀[0m[38;2;214;181;101m[48;2;179;149;87m▀[0m[38;2;214;180;101m[48;2;181;150;86m▀[0m[38;2;209;176;98m[48;2;179;150;87m▀[0m[38;2;208;175;97m[48;2;156;131;77m▀[0m[38;2;201;169;93m[48;2;26;22;16m▀[0m[38;2;190;160;90m[48;2;72;58;42m▀[0m[38;2;188;157;91m[48;2;70;55;40m▀[0m[38;2;182;153;88m[48;2;69;55;40m▀[0m[38;2;84;68;38m[48;2;71;58;41m▀[0m[38;2;70;56;41m[48;2;74;60;44m▀[0m[38;2;69;55;40m[48;2;9;8;4m▀[0m[38;2;169;142;83m▀[0m[38;2;159;133;79m▀[0m[38;2;161;136;79m▀[0m[38;2;160;135;78m▀[0m[38;2;103;87;51m▀[0m          
              [38;2;18;16;11m▀[0m[38;2;47;39;27m▀[0m[38;2;47;38;27m▀[0m[38;2;48;39;27m▀[0m[38;2;35;29;20m▀[0m                     
                                        
                                        
                                        
                                        
