                                        
            [38;2;168;151;125m▄[0m[38;2;173;156;129m▄[0m                          
           [38;2;233;225;217m▄[0m[38;2;252;221;183m[48;2;36;35;33m▀[0m                           
           [38;2;164;152;147m[48;2;178;165;160m▀[0m[38;2;65;64;63m▄[0m[38;2;229;221;215m▄[0m[38;2;229;222;215m▄[0m[38;2;91;85;93m[48;2;204;197;189m▀[0m[38;2;94;89;82m[48;2;193;175;208m▀[0m[38;2;187;168;205m▄[0m                      
          [38;2;80;73;71m▀[0m[38;2;223;216;215m[48;2;223;217;214m▀[0m[38;2;221;214;211m[48;2;223;216;213m▀[0m[38;2;223;216;213m[48;2;36;34;36m▀[0m[38;2;225;218;214m[48;2;179;158;205m▀[0m[38;2;225;217;213m[48;2;177;157;204m▀[0m[38;2;223;217;213m[48;2;204;198;193m▀[0m[38;2;222;215;212m[48;2;226;218;215m▀[0m[38;2;229;222;219m[48;2;227;219;216m▀[0m[38;2;232;224;218m▄[0m[38;2;121;117;112m▄[0m                   
            [38;2;230;223;219m▀[0m[38;2;228;221;217m[48;2;8;8;8m▀[0m[38;2;231;222;217m[48;2;83;81;78m▀[0m[38;2;235;224;218m[48;2;59;55;52m▀[0m[38;2;229;222;218m[48;2;164;152;147m▀[0m[38;2;229;222;218m[48;2;164;152;147m▀[0m[38;2;229;222;218m▀[0m[38;2;57;56;54m▀[0m                    
           [38;2;201;192;190m▄[0m[38;2;126;120;126m▄[0m [38;2;190;180;175m▄[0m[38;2;83;76;73m[48;2;165;153;148m▀[0m[38;2;222;214;211m[48;2;175;165;159m▀[0m[38;2;73;71;68m[48;2;226;219;216m▀[0m[38;2;227;220;217m▄[0m[38;2;230;222;217m▄[0m[38;2;91;84;68m▄[0m                   
          [38;2;126;122;118m▄[0m[38;2;122;121;135m[48;2;123;122;136m▀[0m[38;2;122;120;135m[48;2;124;121;137m▀[0m[38;2;122;121;135m[48;2;133;130;145m▀[0m[38;2;226;218;215m[48;2;229;222;218m▀[0m[38;2;226;219;216m[48;2;229;222;218m▀[0m[38;2;226;219;216m[48;2;229;222;218m▀[0m  [38;2;239;230;219m▀[0m[38;2;252;221;183m▀[0m[38;2;252;221;183m[48;2;255;236;195m▀[0m[38;2;253;223;184m[48;2;252;222;183m▀[0m[38;2;255;223;185m▀[0m[38;2;108;98;81m▀[0m               
        [38;2;240;232;221m▄[0m[38;2;239;230;220m[48;2;238;230;220m▀[0m[38;2;239;231;220m[48;2;232;225;218m▀[0m[38;2;227;220;216m[48;2;228;220;217m▀[0m[38;2;66;65;71m[48;2;226;219;216m▀[0m[38;2;81;79;78m[48;2;238;231;228m▀[0m[38;2;229;222;218m[48;2;228;221;217m▀[0m[38;2;229;223;219m[48;2;230;222;218m▀[0m[38;2;229;222;218m[48;2;226;219;216m▀[0m[38;2;124;122;137m[48;2;123;120;134m▀[0m               [38;2;115;105;123m▄[0m[38;2;191;173;207m▄[0m[38;2;141;129;152m▄[0m    
       [38;2;246;238;228m[48;2;228;219;214m▀[0m[38;2;238;230;220m[48;2;226;219;213m▀[0m[38;2;232;223;217m[48;2;224;217;214m▀[0m[38;2;232;224;222m[48;2;164;151;146m▀[0m[38;2;225;218;215m[48;2;220;213;210m▀[0m[38;2;225;218;215m[48;2;220;214;211m▀[0m[38;2;223;215;213m[48;2;222;215;212m▀[0m[38;2;221;214;211m[48;2;221;214;211m▀[0m[38;2;223;216;212m[48;2;185;182;179m▀[0m[38;2;222;216;212m[48;2;223;216;213m▀[0m[38;2;123;121;134m[48;2;96;93;104m▀[0m[38;2;153;148;156m[48;2;155;150;157m▀[0m           [38;2;232;225;217m▄[0m[38;2;98;95;91m[48;2;232;224;218m▀[0m[38;2;162;146;175m[48;2;234;226;219m▀[0m[38;2;192;174;207m▀[0m[38;2;193;175;208m▀[0m[38;2;127;116;136m▀[0m    
      [38;2;94;90;88m[48;2;222;214;212m▀[0m[38;2;220;214;212m[48;2;221;214;212m▀[0m[38;2;222;215;212m[48;2;221;215;212m▀[0m[38;2;131;122;117m[48;2;236;228;226m▀[0m[38;2;164;152;147m[48;2;239;232;229m▀[0m[38;2;118;114;110m[48;2;135;131;147m▀[0m[38;2;223;216;213m[48;2;223;216;213m▀[0m[38;2;224;217;214m[48;2;223;216;213m▀[0m[38;2;223;216;213m[48;2;222;215;212m▀[0m[38;2;223;216;213m[48;2;223;216;213m▀[0m[38;2;221;214;212m[48;2;223;216;213m▀[0m[38;2;36;34;33m[48;2;231;225;221m▀[0m          [38;2;228;221;218m▄[0m[38;2;231;222;217m[48;2;57;55;54m▀[0m[38;2;230;220;216m▀[0m         
      [38;2;223;215;212m[48;2;224;217;213m▀[0m[38;2;222;215;212m[48;2;225;218;215m▀[0m[38;2;229;223;219m[48;2;11;11;9m▀[0m[38;2;179;173;170m▀[0m [38;2;76;76;82m[48;2;13;13;12m▀[0m[38;2;231;223;220m[48;2;106;96;133m▀[0m[38;2;226;219;216m[48;2;231;222;218m▀[0m[38;2;227;219;216m[48;2;231;222;217m▀[0m[38;2;226;219;216m[48;2;230;222;218m▀[0m[38;2;227;219;216m[48;2;119;116;113m▀[0m[38;2;229;222;218m[48;2;229;222;218m▀[0m[38;2;230;223;219m▄[0m        [38;2;235;229;225m[48;2;220;213;210m▀[0m[38;2;16;16;14m▀[0m           
     [38;2;192;171;219m[48;2;176;157;204m▀[0m[38;2;125;123;117m[48;2;176;157;204m▀[0m[38;2;192;171;219m[48;2;175;156;203m▀[0m   [38;2;114;104;142m[48;2;107;97;133m▀[0m[38;2;107;97;133m[48;2;109;99;136m▀[0m[38;2;107;97;133m[48;2;16;17;16m▀[0m[38;2;235;229;226m▀[0m[38;2;232;224;222m[48;2;191;171;218m▀[0m[38;2;230;222;219m[48;2;179;160;206m▀[0m[38;2;234;224;218m[48;2;173;154;201m▀[0m[38;2;183;164;206m[48;2;185;166;204m▀[0m[38;2;32;29;35m[48;2;245;236;234m▀[0m      [38;2;229;222;219m[48;2;69;65;62m▀[0m             
   [38;2;10;9;10m▄[0m[38;2;180;161;206m[48;2;194;176;210m▀[0m[38;2;186;166;213m[48;2;166;151;180m▀[0m[38;2;182;161;206m[48;2;185;166;207m▀[0m[38;2;182;161;206m[48;2;162;144;184m▀[0m [38;2;171;153;205m▄[0m[38;2;169;152;201m▀[0m[38;2;170;151;202m[48;2;94;84;109m▀[0m[38;2;152;132;171m▀[0m [38;2;222;215;212m▄[0m[38;2;90;82;97m[48;2;116;113;110m▀[0m[38;2;173;154;201m[48;2;223;216;213m▀[0m[38;2;125;110;141m[48;2;224;217;213m▀[0m[38;2;220;213;210m[48;2;224;217;214m▀[0m[38;2;221;214;211m[48;2;230;222;215m▀[0m[38;2;223;216;213m[48;2;223;216;212m▀[0m[38;2;48;46;45m[48;2;222;215;212m▀[0m[38;2;233;225;222m▄[0m[38;2;166;155;149m▄[0m[38;2;29;29;25m[48;2;164;152;147m▀[0m[38;2;164;152;147m▀[0m              
   [38;2;193;175;208m▀[0m[38;2;3;3;3m▀[0m[38;2;194;176;210m[48;2;191;173;206m▀[0m[38;2;193;174;207m▀[0m     [38;2;0;0;0m[48;2;178;159;204m▀[0m[38;2;243;236;232m[48;2;180;161;205m▀[0m[38;2;222;216;212m[48;2;183;162;206m▀[0m[38;2;222;216;212m[48;2;183;162;206m▀[0m[38;2;223;216;213m[48;2;180;161;205m▀[0m[38;2;225;218;214m[48;2;109;96;127m▀[0m[38;2;228;221;217m[48;2;223;216;212m▀[0m[38;2;229;222;218m[48;2;223;216;213m▀[0m[38;2;230;221;216m[48;2;224;217;214m▀[0m[38;2;223;216;212m[48;2;229;221;216m▀[0m[38;2;222;215;212m[48;2;168;151;191m▀[0m[38;2;174;154;202m[48;2;181;162;206m▀[0m                
    [38;2;192;174;208m▀[0m       [38;2;146;126;159m▀[0m[38;2;161;139;179m[48;2;109;99;137m▀[0m[38;2;165;144;185m[48;2;106;96;133m▀[0m[38;2;170;149;193m[48;2;107;97;135m▀[0m[38;2;174;153;200m▀[0m[38;2;178;158;202m▀[0m[38;2;179;159;205m▀[0m[38;2;180;161;206m▀[0m[38;2;181;161;206m[48;2;179;160;205m▀[0m[38;2;182;162;206m[48;2;179;160;206m▀[0m[38;2;185;165;208m[48;2;180;160;205m▀[0m[38;2;184;164;207m[48;2;181;162;206m▀[0m[38;2;181;160;204m[48;2;178;157;202m▀[0m               
            [38;2;91;81;106m[48;2;255;255;255m▀[0m[38;2;109;99;136m[48;2;21;21;18m▀[0m[38;2;107;97;133m▀[0m[38;2;106;97;133m▀[0m[38;2;77;70;96m▀[0m   [38;2;44;39;48m▀[0m[38;2;178;160;205m▀[0m[38;2;178;158;204m[48;2;66;58;70m▀[0m[38;2;162;141;181m[48;2;135;115;143m▀[0m[38;2;25;21;25m▀[0m               
                       [38;2;135;115;142m[48;2;63;66;62m▀[0m[38;2;135;115;142m[48;2;57;55;59m▀[0m[38;2;217;217;217m▄[0m              
                        [38;2;244;247;249m▀[0m               
                                        
