                                        
            [38;2;103;83;120m▄[0m[38;2;109;87;127m▄[0m                          
           [38;2;237;227;247m▄[0m[38;2;187;149;225m[48;2;42;37;45m▀[0m                           
           [38;2;176;169;196m[48;2;188;181;209m▀[0m[38;2;75;73;79m▄[0m[38;2;234;226;244m▄[0m[38;2;235;226;244m▄[0m[38;2;91;66;80m[48;2;202;190;212m▀[0m[38;2;94;82;104m[48;2;215;126;162m▀[0m[38;2;215;116;162m▄[0m                      
          [38;2;96;84;85m▀[0m[38;2;229;227;237m[48;2;230;226;238m▀[0m[38;2;229;224;237m[48;2;229;225;238m▀[0m[38;2;229;225;238m[48;2;25;22;20m▀[0m[38;2;231;226;240m[48;2;227;100;167m▀[0m[38;2;231;225;240m[48;2;226;99;166m▀[0m[38;2;231;225;239m[48;2;205;197;212m▀[0m[38;2;228;224;237m[48;2;232;227;240m▀[0m[38;2;234;229;242m[48;2;231;227;241m▀[0m[38;2;236;229;246m▄[0m[38;2;110;102;113m▄[0m                   
            [38;2;235;229;242m▀[0m[38;2;233;228;242m[48;2;5;5;5m▀[0m[38;2;235;229;245m[48;2;101;95;109m▀[0m[38;2;235;229;249m[48;2;72;63;81m▀[0m[38;2;234;229;242m[48;2;175;169;197m▀[0m[38;2;234;229;242m[48;2;175;169;197m▀[0m[38;2;234;229;242m▀[0m[38;2;70;67;75m▀[0m                    
           [38;2;210;206;224m▄[0m[38;2;149;139;150m▄[0m [38;2;200;194;217m▄[0m[38;2;93;87;106m[48;2;178;170;197m▀[0m[38;2;229;224;238m[48;2;187;180;206m▀[0m[38;2;91;84;96m[48;2;231;227;241m▀[0m[38;2;232;228;241m▄[0m[38;2;234;228;245m▄[0m[38;2;41;32;46m▄[0m                   
          [38;2;136;131;142m▄[0m[38;2;168;141;165m[48;2;169;142;165m▀[0m[38;2;168;140;164m[48;2;171;141;165m▀[0m[38;2;167;141;165m[48;2;177;150;172m▀[0m[38;2;231;227;240m[48;2;234;229;242m▀[0m[38;2;232;228;240m[48;2;234;229;243m▀[0m[38;2;232;227;240m[48;2;234;229;242m▀[0m  [38;2;241;229;252m▀[0m[38;2;187;149;225m▀[0m[38;2;187;149;224m[48;2;209;166;233m▀[0m[38;2;190;150;226m[48;2;188;149;225m▀[0m[38;2;190;151;230m▀[0m[38;2;59;47;66m▀[0m               
        [38;2;242;230;253m▄[0m[38;2;241;230;252m[48;2;241;230;251m▀[0m[38;2;241;230;251m[48;2;236;229;246m▀[0m[38;2;233;227;241m[48;2;232;228;242m▀[0m[38;2;93;79;91m[48;2;231;227;240m▀[0m[38;2;105;94;108m[48;2;240;236;249m▀[0m[38;2;234;229;242m[48;2;234;228;242m▀[0m[38;2;234;230;242m[48;2;234;229;244m▀[0m[38;2;234;229;242m[48;2;231;228;240m▀[0m[38;2;169;142;166m[48;2;167;141;161m▀[0m               [38;2;101;61;78m▄[0m[38;2;213;123;162m▄[0m[38;2;147;87;113m▄[0m    
       [38;2;246;235;253m[48;2;232;226;243m▀[0m[38;2;241;230;251m[48;2;232;225;241m▀[0m[38;2;235;228;246m[48;2;230;226;239m▀[0m[38;2;233;230;240m[48;2;174;168;197m▀[0m[38;2;231;227;240m[48;2;227;223;236m▀[0m[38;2;231;227;240m[48;2;228;224;235m▀[0m[38;2;228;225;238m[48;2;229;225;237m▀[0m[38;2;228;224;237m[48;2;228;224;236m▀[0m[38;2;230;224;238m[48;2;197;192;201m▀[0m[38;2;229;224;237m[48;2;229;225;238m▀[0m[38;2;166;142;162m[48;2;133;112;128m▀[0m[38;2;183;170;174m[48;2;184;172;175m▀[0m           [38;2;237;227;246m▄[0m[38;2;110;102;115m[48;2;235;229;246m▀[0m[38;2;172;98;131m[48;2;234;226;241m▀[0m[38;2;214;124;163m▀[0m[38;2;215;125;162m▀[0m[38;2;114;68;88m▀[0m    
      [38;2;105;102;112m[48;2;228;225;237m▀[0m[38;2;228;225;236m[48;2;228;225;237m▀[0m[38;2;228;224;237m[48;2;229;225;237m▀[0m[38;2;146;137;163m[48;2;238;235;247m▀[0m[38;2;175;169;197m[48;2;240;236;245m▀[0m[38;2;139;130;146m[48;2;180;151;173m▀[0m[38;2;229;225;238m[48;2;229;225;238m▀[0m[38;2;230;226;239m[48;2;229;225;238m▀[0m[38;2;230;225;238m[48;2;229;225;237m▀[0m[38;2;230;225;238m[48;2;229;225;238m▀[0m[38;2;228;225;237m[48;2;229;225;238m▀[0m[38;2;46;43;49m[48;2;236;231;244m▀[0m          [38;2;232;229;242m▄[0m[38;2;234;228;245m[48;2;61;59;64m▀[0m[38;2;232;227;244m▀[0m         
     [38;2;0;0;0m▄[0m[38;2;229;224;238m[48;2;231;225;239m▀[0m[38;2;228;224;237m[48;2;231;227;240m▀[0m[38;2;234;230;242m[48;2;7;3;7m▀[0m[38;2;187;182;194m▀[0m [38;2;107;94;106m[48;2;5;3;4m▀[0m[38;2;235;231;244m[48;2;114;45;93m▀[0m[38;2;231;227;240m[48;2;234;229;245m▀[0m[38;2;231;227;241m[48;2;234;228;245m▀[0m[38;2;231;228;240m[48;2;234;229;244m▀[0m[38;2;232;228;241m[48;2;133;127;138m▀[0m[38;2;234;229;242m[48;2;234;229;242m▀[0m[38;2;235;229;242m▄[0m        [38;2;239;234;247m[48;2;225;221;234m▀[0m[38;2;19;17;20m▀[0m           
     [38;2;242;116;186m[48;2;225;99;166m▀[0m[38;2;135;133;133m[48;2;225;99;168m▀[0m[38;2;241;118;189m[48;2;224;98;166m▀[0m   [38;2;127;50;104m[48;2;114;46;92m▀[0m[38;2;114;46;92m[48;2;118;47;95m▀[0m[38;2;115;46;92m[48;2;9;4;8m▀[0m[38;2;238;234;243m▀[0m[38;2;235;231;244m[48;2;240;116;184m▀[0m[38;2;234;230;243m[48;2;227;102;171m▀[0m[38;2;235;229;248m[48;2;222;96;164m▀[0m[38;2;224;108;165m[48;2;214;112;160m▀[0m[38;2;11;7;10m[48;2;243;240;250m▀[0m      [38;2;233;230;242m[48;2;82;76;90m▀[0m             
   [38;2;6;4;4m▄[0m[38;2;227;104;171m[48;2;221;127;167m▀[0m[38;2;235;110;177m[48;2;185;105;142m▀[0m[38;2;225;106;163m[48;2;223;111;167m▀[0m[38;2;226;106;163m[48;2;189;88;139m▀[0m [38;2;227;94;176m▄[0m[38;2;223;94;172m▀[0m[38;2;222;93;171m[48;2;82;40;63m▀[0m[38;2;166;77;117m▀[0m [38;2;228;224;237m▄[0m[38;2;89;57;75m[48;2;126;123;127m▀[0m[38;2;220;95;161m[48;2;229;225;238m▀[0m[38;2;137;69;104m[48;2;231;225;239m▀[0m[38;2;227;223;236m[48;2;230;226;239m▀[0m[38;2;228;224;236m[48;2;235;226;244m▀[0m[38;2;229;225;238m[48;2;230;224;238m▀[0m[38;2;47;45;51m[48;2;228;224;237m▀[0m[38;2;236;232;246m▄[0m[38;2;179;171;198m▄[0m[38;2;26;25;29m[48;2;175;169;197m▀[0m[38;2;175;169;197m▀[0m              
   [38;2;218;125;164m▀[0m[38;2;1;0;1m▀[0m[38;2;221;127;167m[48;2;212;123;161m▀[0m[38;2;215;124;161m[48;2;3;1;3m▀[0m     [38;2;0;0;0m[48;2;223;102;167m▀[0m[38;2;244;238;251m[48;2;225;105;168m▀[0m[38;2;229;224;237m[48;2;226;107;163m▀[0m[38;2;230;224;237m[48;2;226;107;163m▀[0m[38;2;230;225;238m[48;2;225;105;166m▀[0m[38;2;231;226;240m[48;2;111;48;84m▀[0m[38;2;234;228;242m[48;2;230;225;238m▀[0m[38;2;234;229;242m[48;2;230;225;238m▀[0m[38;2;234;227;245m[48;2;231;226;239m▀[0m[38;2;229;224;238m[48;2;234;227;243m▀[0m[38;2;228;224;237m[48;2;199;103;160m▀[0m[38;2;222;95;163m[48;2;227;106;168m▀[0m                
    [38;2;217;123;164m▀[0m       [38;2;144;71;97m▀[0m[38;2;178;83;123m[48;2;118;47;98m▀[0m[38;2;188;87;134m[48;2;114;45;92m▀[0m[38;2;205;92;147m[48;2;117;46;95m▀[0m[38;2;218;96;158m▀[0m[38;2;219;101;162m▀[0m[38;2;225;102;166m▀[0m[38;2;227;104;168m[48;2;3;1;1m▀[0m[38;2;227;104;167m[48;2;225;103;169m▀[0m[38;2;226;106;166m[48;2;226;103;170m▀[0m[38;2;227;109;165m[48;2;225;103;168m▀[0m[38;2;227;108;167m[48;2;227;105;167m▀[0m[38;2;215;105;164m[48;2;219;100;158m▀[0m               
            [38;2;87;47;70m[48;2;255;255;255m▀[0m[38;2;117;47;97m[48;2;10;10;9m▀[0m[38;2;115;46;93m▀[0m[38;2;113;46;93m▀[0m[38;2;74;31;60m▀[0m   [38;2;27;14;20m▀[0m[38;2;226;103;170m▀[0m[38;2;223;101;165m[48;2;42;24;29m▀[0m[38;2;182;84;126m[48;2;119;63;76m▀[0m[38;2;6;4;6m▀[0m               
                       [38;2;118;63;76m[48;2;51;54;49m▀[0m[38;2;118;63;76m[48;2;36;31;33m▀[0m[38;2;217;217;216m▄[0m              
                        [38;2;242;247;251m▀[0m               
                                        
