                                        
                                        
                                        
                      [38;2;0;3;0m▄[0m[38;2;97;105;235m▄[0m[38;2;98;106;233m▄[0m[38;2;46;48;109m[48;2;97;106;228m▀[0m[38;2;51;59;133m[48;2;97;105;227m▀[0m[38;2;76;90;219m▄[0m[38;2;68;84;215m▄[0m[38;2;0;3;0m▄[0m   [38;2;250;252;254m▄[0m[38;2;13;13;13m[48;2;252;252;253m▀[0m     
  [38;2;174;174;172m▀[0m[38;2;237;243;248m▄[0m[38;2;238;244;250m▄[0m               [38;2;137;133;136m▄[0m[38;2;100;110;235m[48;2;96;103;221m▀[0m[38;2;97;105;226m[48;2;97;106;220m▀[0m[38;2;97;106;227m[48;2;96;103;220m▀[0m[38;2;98;108;228m[48;2;97;106;226m▀[0m[38;2;101;107;235m[48;2;85;97;220m▀[0m[38;2;89;97;231m[48;2;83;97;221m▀[0m[38;2;78;91;227m[48;2;68;84;215m▀[0m[38;2;39;48;128m[48;2;36;48;145m▀[0m[38;2;59;75;203m[48;2;195;203;211m▀[0m[38;2;69;74;78m[48;2;191;204;212m▀[0m[38;2;193;203;212m[48;2;190;202;211m▀[0m[38;2;203;211;217m[48;2;198;205;214m▀[0m[38;2;237;243;249m[48;2;237;243;247m▀[0m[38;2;237;243;249m[48;2;238;244;250m▀[0m     
    [38;2;233;234;234m▀[0m[38;2;235;242;248m▀[0m[38;2;248;251;253m[48;2;241;247;252m▀[0m[38;2;241;247;252m▄[0m           [38;2;105;107;113m▄[0m[38;2;129;124;128m[48;2;105;106;110m▀[0m[38;2;132;127;129m[48;2;108;108;113m▀[0m[38;2;96;103;222m[48;2;106;108;112m▀[0m[38;2;82;95;216m[48;2;61;76;194m▀[0m[38;2;73;89;213m[48;2;65;83;209m▀[0m[38;2;66;85;210m[48;2;63;84;209m▀[0m[38;2;63;83;207m[48;2;64;83;210m▀[0m[38;2;62;83;209m[48;2;63;84;210m▀[0m[38;2;66;88;220m[48;2;64;84;208m▀[0m[38;2;189;201;211m[48;2;182;192;203m▀[0m[38;2;197;203;212m[48;2;183;193;204m▀[0m[38;2;195;204;213m[48;2;183;195;206m▀[0m[38;2;68;72;70m[48;2;228;237;245m▀[0m[38;2;234;244;252m[48;2;227;235;245m▀[0m[38;2;0;0;0m▀[0m     
       [38;2;242;244;247m▀[0m[38;2;242;246;251m▀[0m[38;2;248;248;252m[48;2;229;234;239m▀[0m[38;2;0;0;0m[48;2;234;241;246m▀[0m[38;2;97;107;227m▄[0m[38;2;72;82;189m▄[0m     [38;2;59;62;62m▄[0m[38;2;103;108;113m[48;2;106;108;112m▀[0m[38;2;100;105;108m[48;2;103;108;113m▀[0m[38;2;104;107;113m[48;2;102;107;111m▀[0m[38;2;104;109;114m[48;2;105;107;112m▀[0m[38;2;104;109;114m[48;2;103;106;112m▀[0m[38;2;104;106;111m[48;2;103;106;112m▀[0m[38;2;95;102;107m[48;2;103;107;112m▀[0m[38;2;65;87;219m[48;2;104;107;112m▀[0m[38;2;63;83;206m[48;2;101;106;109m▀[0m[38;2;64;83;209m[48;2;104;106;111m▀[0m[38;2;182;192;201m[48;2;183;191;202m▀[0m[38;2;182;191;202m[48;2;229;236;245m▀[0m[38;2;221;229;235m[48;2;225;231;238m▀[0m[38;2;222;228;236m[48;2;226;234;241m▀[0m[38;2;16;17;17m▀[0m      
          [38;2;36;38;38m▀[0m[38;2;13;14;31m▀[0m[38;2;66;85;209m[48;2;63;83;206m▀[0m[38;2;67;85;213m[48;2;62;83;207m▀[0m[38;2;57;70;180m[48;2;63;83;209m▀[0m[38;2;63;84;210m▄[0m  [38;2;108;110;115m[48;2;107;109;113m▀[0m[38;2;106;109;113m[48;2;107;109;113m▀[0m[38;2;107;109;113m[48;2;107;109;114m▀[0m[38;2;106;108;114m[48;2;31;32;30m▀[0m[38;2;113;115;122m[48;2;45;43;43m▀[0m[38;2;105;108;112m[48;2;16;18;22m▀[0m[38;2;105;108;112m[48;2;81;86;91m▀[0m[38;2;103;108;113m[48;2;107;109;113m▀[0m[38;2;103;107;112m[48;2;106;108;114m▀[0m[38;2;103;107;112m[48;2;101;106;108m▀[0m[38;2;112;115;122m[48;2;79;81;82m▀[0m[38;2;233;241;249m[48;2;234;243;249m▀[0m[38;2;233;243;251m[48;2;234;243;251m▀[0m[38;2;225;233;241m[48;2;65;67;74m▀[0m[38;2;65;66;74m[48;2;67;69;76m▀[0m       
              [38;2;64;85;213m▀[0m[38;2;63;83;206m▀[0m[38;2;63;83;206m▀[0m[38;2;62;83;206m[48;2;63;86;214m▀[0m[38;2;32;35;40m[48;2;62;83;209m▀[0m[38;2;97;99;105m[48;2;62;83;207m▀[0m[38;2;43;58;148m▄[0m[38;2;88;88;89m▀[0m[38;2;81;80;83m[48;2;62;61;63m▀[0m[38;2;153;145;4m[48;2;80;79;81m▀[0m[38;2;195;176;8m[48;2;166;171;178m▀[0m[38;2;33;34;34m[48;2;182;194;204m▀[0m[38;2;145;138;138m[48;2;186;196;207m▀[0m[38;2;48;47;49m[48;2;169;176;182m▀[0m[38;2;248;249;255m[48;2;186;196;205m▀[0m[38;2;116;116;115m[48;2;19;23;27m▀[0m[38;2;181;159;12m▀[0m[38;2;65;68;76m▀[0m[38;2;14;16;12m▀[0m    [38;2;243;246;252m▄[0m  
                    [38;2;6;6;16m▀[0m[38;2;47;61;158m[48;2;112;113;120m▀[0m[38;2;45;59;151m[48;2;83;80;81m▀[0m[38;2;65;66;74m[48;2;72;73;77m▀[0m[38;2;26;26;22m[48;2;65;67;74m▀[0m[38;2;83;81;82m[48;2;64;67;76m▀[0m[38;2;70;69;70m[48;2;65;67;77m▀[0m[38;2;68;69;71m[48;2;31;50;85m▀[0m     [38;2;66;87;219m▄[0m[38;2;227;234;243m▄[0m[38;2;251;252;255m[48;2;238;245;254m▀[0m[38;2;241;246;252m[48;2;236;246;255m▀[0m[38;2;69;69;69m▀[0m  
                    [38;2;17;17;11m▄[0m[38;2;239;249;255m[48;2;233;245;254m▀[0m[38;2;104;106;111m[48;2;233;245;254m▀[0m[38;2;83;80;81m[48;2;242;249;255m▀[0m[38;2;82;79;80m[48;2;141;139;141m▀[0m[38;2;77;76;79m[48;2;54;55;51m▀[0m[38;2;78;77;78m[48;2;213;214;215m▀[0m[38;2;164;164;176m[48;2;234;244;253m▀[0m[38;2;45;59;154m[48;2;236;246;255m▀[0m[38;2;37;48;119m[48;2;38;46;119m▀[0m[38;2;0;1;1m[48;2;70;86;222m▀[0m[38;2;67;83;215m[48;2;67;84;219m▀[0m[38;2;65;84;214m[48;2;67;84;218m▀[0m[38;2;63;84;210m[48;2;67;84;217m▀[0m[38;2;50;68;174m[48;2;67;84;218m▀[0m[38;2;228;237;245m[48;2;69;87;226m▀[0m    
                    [38;2;82;81;82m[48;2;41;42;40m▀[0m[38;2;249;250;255m[48;2;98;99;104m▀[0m[38;2;248;249;254m[48;2;234;244;255m▀[0m[38;2;58;59;60m[48;2;250;252;254m▀[0m[38;2;106;108;113m[48;2;106;109;114m▀[0m[38;2;107;108;113m[48;2;107;109;113m▀[0m[38;2;26;27;22m[48;2;85;87;90m▀[0m[38;2;249;252;255m[48;2;104;108;111m▀[0m[38;2;234;244;253m[48;2;234;244;252m▀[0m           
                    [38;2;225;232;238m[48;2;241;250;255m▀[0m[38;2;226;234;245m[48;2;226;233;240m▀[0m[38;2;112;114;120m[48;2;225;232;240m▀[0m[38;2;77;80;82m[48;2;16;16;18m▀[0m[38;2;104;106;108m[48;2;196;201;205m▀[0m[38;2;104;109;114m[48;2;71;73;73m▀[0m[38;2;103;107;112m[48;2;38;39;43m▀[0m[38;2;109;114;116m[48;2;232;240;249m▀[0m[38;2;233;242;251m[48;2;231;239;248m▀[0m           
                  [38;2;45;61;158m▄[0m[38;2;45;58;151m[48;2;45;59;151m▀[0m[38;2;48;62;161m▀[0m[38;2;226;233;239m[48;2;0;0;0m▀[0m[38;2;228;235;245m[48;2;224;232;241m▀[0m[38;2;68;69;73m[48;2;92;92;94m▀[0m[38;2;64;65;72m[48;2;85;84;86m▀[0m[38;2;65;66;73m[48;2;84;83;88m▀[0m[38;2;65;66;73m▀[0m[38;2;34;56;97m▀[0m[38;2;229;238;247m[48;2;246;247;247m▀[0m[38;2;38;55;122m▄[0m          
                 [38;2;69;85;221m▄[0m[38;2;63;83;206m[48;2;65;84;211m▀[0m          [38;2;56;76;192m[48;2;65;84;215m▀[0m[38;2;10;13;27m[48;2;63;83;206m▀[0m         
                [38;2;64;86;218m▄[0m[38;2;73;85;222m[48;2;64;86;218m▀[0m[38;2;47;57;144m[48;2;65;85;218m▀[0m          [38;2;66;84;212m▄[0m[38;2;64;84;211m[48;2;71;89;214m▀[0m[38;2;38;47;116m[48;2;73;89;214m▀[0m[38;2;64;86;214m▄[0m       
               [38;2;239;247;253m[48;2;25;24;26m▀[0m[38;2;98;106;232m[48;2;77;89;207m▀[0m[38;2;99;107;235m[48;2;81;83;94m▀[0m[38;2;60;72;185m[48;2;187;188;193m▀[0m          [38;2;26;31;71m▀[0m[38;2;238;241;242m▀[0m[38;2;235;241;247m[48;2;8;10;5m▀[0m[38;2;89;101;223m▀[0m[38;2;25;31;37m▀[0m      
                                        
                                        
                                        
