                                        
                  [38;2;163;134;35m[48;2;183;157;31m▀[0m[38;2;30;25;7m[48;2;165;134;35m▀[0m[38;2;115;96;27m▄[0m     [38;2;35;33;16m[48;2;104;99;59m▀[0m[38;2;255;255;205m▄[0m            
             [38;2;198;191;105m[48;2;150;137;78m▀[0m[38;2;165;136;36m▄[0m[38;2;161;132;38m▄[0m[38;2;159;130;38m▄[0m[38;2;247;251;190m[48;2;162;130;38m▀[0m[38;2;162;132;37m[48;2;47;48;149m▀[0m[38;2;108;101;222m[48;2;95;90;215m▀[0m[38;2;107;101;223m[48;2;94;89;214m▀[0m[38;2;68;72;204m▄[0m[38;2;8;8;20m▄[0m  [38;2;193;188;117m▄[0m[38;2;33;32;16m[48;2;247;245;171m▀[0m[38;2;255;255;205m[48;2;255;252;185m▀[0m[38;2;185;175;93m▄[0m           
             [38;2;184;178;105m▀[0m[38;2;66;53;8m[48;2;140;132;71m▀[0m[38;2;160;130;37m[48;2;160;130;37m▀[0m[38;2;161;131;37m[48;2;160;130;38m▀[0m[38;2;30;33;95m[48;2;46;46;142m▀[0m[38;2;57;59;177m[48;2;58;60;180m▀[0m[38;2;75;76;205m[48;2;66;70;205m▀[0m[38;2;70;73;206m[48;2;30;35;76m▀[0m[38;2;66;70;204m[48;2;106;107;112m▀[0m[38;2;107;108;113m[48;2;106;107;112m▀[0m[38;2;33;33;33m▄[0m [38;2;40;39;16m▀[0m[38;2;80;78;43m[48;2;240;238;160m▀[0m[38;2;23;23;11m[48;2;240;238;159m▀[0m[38;2;195;187;106m[48;2;149;138;78m▀[0m           
              [38;2;193;188;110m▀[0m[38;2;139;131;71m[48;2;184;176;100m▀[0m[38;2;161;131;37m[48;2;146;137;76m▀[0m[38;2;45;47;143m[48;2;79;79;82m▀[0m[38;2;50;50;55m[48;2;80;79;81m▀[0m[38;2;106;107;112m[48;2;29;31;28m▀[0m[38;2;107;107;112m[48;2;198;197;202m▀[0m[38;2;107;107;114m[48;2;79;79;82m▀[0m[38;2;121;118;119m[48;2;65;63;64m▀[0m[38;2;138;138;146m[48;2;115;114;122m▀[0m [38;2;158;154;92m▄[0m[38;2;242;240;159m[48;2;236;233;152m▀[0m[38;2;19;18;8m[48;2;211;201;114m▀[0m[38;2;141;133;73m[48;2;141;133;72m▀[0m           
              [38;2;114;105;231m▄[0m[38;2;110;101;228m▄[0m[38;2;61;64;190m▄[0m[38;2;132;122;71m[48;2;46;46;143m▀[0m[38;2;165;136;35m[48;2;84;84;87m▀[0m[38;2;172;141;34m[48;2;74;74;85m▀[0m[38;2;78;79;82m[48;2;65;67;75m▀[0m[38;2;83;83;87m[48;2;50;53;161m▀[0m[38;2;109;104;236m[48;2;106;99;219m▀[0m[38;2;48;44;103m[48;2;35;48;93m▀[0m[38;2;35;49;93m[48;2;35;49;93m▀[0m[38;2;240;239;159m[48;2;250;248;180m▀[0m[38;2;235;232;152m[48;2;194;189;102m▀[0m[38;2;139;131;70m[48;2;147;138;78m▀[0m[38;2;139;130;70m[48;2;67;60;29m▀[0m[38;2;28;26;14m[48;2;253;252;189m▀[0m          
            [38;2;255;255;205m▄[0m [38;2;106;99;220m▀[0m[38;2;91;87;213m[48;2;67;70;206m▀[0m[38;2;66;70;204m[48;2;67;71;213m▀[0m[38;2;152;125;32m[48;2;106;107;113m▀[0m[38;2;66;67;77m[48;2;106;107;112m▀[0m[38;2;74;72;74m[48;2;30;32;29m▀[0m[38;2;92;91;96m[48;2;252;229;45m▀[0m[38;2;67;71;206m[48;2;61;66;194m▀[0m[38;2;40;51;117m[48;2;36;49;98m▀[0m[38;2;14;16;25m[48;2;68;70;81m▀[0m[38;2;108;109;113m[48;2;38;52;101m▀[0m[38;2;65;65;64m▀[0m[38;2;147;138;76m[48;2;10;9;4m▀[0m[38;2;144;135;75m▀[0m[38;2;182;176;96m[48;2;240;238;158m▀[0m[38;2;250;250;183m[48;2;234;230;147m▀[0m          
           [38;2;255;255;205m▄[0m[38;2;255;255;205m[48;2;249;244;163m▀[0m [38;2;94;96;102m▄[0m[38;2;46;52;59m[48;2;92;90;92m▀[0m[38;2;66;71;207m▀[0m[38;2;106;107;114m[48;2;108;108;113m▀[0m[38;2;106;107;113m[48;2;107;108;114m▀[0m[38;2;117;118;125m[48;2;109;110;115m▀[0m[38;2;184;152;39m[48;2;104;105;110m▀[0m[38;2;32;31;89m[48;2;38;36;117m▀[0m[38;2;42;48;128m▀[0m[38;2;45;47;143m▀[0m    [38;2;253;250;178m[48;2;6;6;2m▀[0m[38;2;24;23;8m▀[0m          
           [38;2;244;242;161m[48;2;239;237;158m▀[0m[38;2;240;238;159m[48;2;237;234;155m▀[0m[38;2;241;239;174m[48;2;77;74;75m▀[0m[38;2;173;166;105m[48;2;58;52;27m▀[0m[38;2;242;239;160m[48;2;76;72;29m▀[0m[38;2;242;239;159m[48;2;221;219;136m▀[0m[38;2;26;27;27m[48;2;60;66;79m▀[0m[38;2;56;62;76m[48;2;167;165;132m▀[0m[38;2;36;39;23m[48;2;250;246;175m▀[0m[38;2;244;239;160m[48;2;255;255;205m▀[0m[38;2;243;240;160m[48;2;255;254;194m▀[0m[38;2;240;238;160m[48;2;79;76;36m▀[0m[38;2;242;240;164m▀[0m                
           [38;2;51;50;25m[48;2;244;243;163m▀[0m[38;2;202;194;109m[48;2;143;135;74m▀[0m[38;2;147;138;77m[48;2;142;134;74m▀[0m[38;2;146;138;75m[48;2;54;52;27m▀[0m[38;2;251;249;181m▄[0m[38;2;234;232;151m▄[0m[38;2;76;77;80m[48;2;233;230;149m▀[0m[38;2;87;87;90m[48;2;29;29;14m▀[0m[38;2;70;76;92m[48;2;32;31;16m▀[0m[38;2;92;95;102m[48;2;252;250;183m▀[0m[38;2;235;233;152m▄[0m[38;2;247;245;172m▄[0m                 
          [38;2;140;132;62m▄[0m[38;2;194;186;100m[48;2;17;16;8m▀[0m[38;2;88;83;50m[48;2;92;87;53m▀[0m[38;2;86;80;49m▀[0m[38;2;255;255;198m[48;2;66;70;203m▀[0m[38;2;215;213;137m[48;2;69;72;204m▀[0m[38;2;33;53;78m[48;2;67;71;206m▀[0m[38;2;22;27;39m[48;2;49;51;140m▀[0m[38;2;61;66;80m[48;2;106;107;113m▀[0m[38;2;22;33;58m[48;2;65;71;204m▀[0m[38;2;236;232;152m[48;2;66;71;201m▀[0m[38;2;101;96;49m[48;2;71;75;206m▀[0m[38;2;232;227;147m[48;2;65;70;203m▀[0m[38;2;42;42;117m[48;2;65;69;202m▀[0m[38;2;69;71;209m▄[0m               
          [38;2;253;251;185m[48;2;84;83;46m▀[0m[38;2;43;40;12m[48;2;88;82;50m▀[0m [38;2;66;70;205m[48;2;82;81;212m▀[0m[38;2;90;87;216m[48;2;91;89;214m▀[0m[38;2;66;70;204m[48;2;67;71;208m▀[0m[38;2;66;70;204m[48;2;66;70;207m▀[0m[38;2;60;63;189m[48;2;66;70;207m▀[0m[38;2;106;107;112m[48;2;81;81;82m▀[0m[38;2;66;70;204m[48;2;67;71;207m▀[0m[38;2;67;70;207m[48;2;69;73;214m▀[0m[38;2;69;72;206m[48;2;84;81;216m▀[0m[38;2;72;73;212m[48;2;67;71;213m▀[0m[38;2;75;74;211m[48;2;67;71;211m▀[0m[38;2;75;74;211m[48;2;66;71;210m▀[0m[38;2;13;13;30m[48;2;56;58;176m▀[0m              
            [38;2;0;0;0m▀[0m[38;2;67;72;208m[48;2;46;47;147m▀[0m[38;2;86;84;217m[48;2;49;51;156m▀[0m[38;2;67;71;211m[48;2;55;57;173m▀[0m[38;2;66;71;208m[48;2;46;47;148m▀[0m[38;2;68;69;211m[48;2;46;47;147m▀[0m[38;2;48;49;154m[48;2;46;47;147m▀[0m[38;2;67;71;212m[48;2;66;71;210m▀[0m[38;2;89;85;219m[48;2;73;72;211m▀[0m[38;2;92;88;221m[48;2;80;77;214m▀[0m[38;2;79;78;216m[48;2;67;71;211m▀[0m[38;2;67;71;213m[48;2;48;49;152m▀[0m[38;2;54;56;174m[48;2;46;47;146m▀[0m[38;2;47;48;149m▀[0m              
              [38;2;46;47;147m▀[0m[38;2;46;47;147m[48;2;46;47;149m▀[0m[38;2;46;47;152m[48;2;36;35;108m▀[0m[38;2;46;47;154m▀[0m  [38;2;49;51;157m▀[0m[38;2;45;46;141m[48;2;21;19;49m▀[0m[38;2;45;47;143m[48;2;44;46;140m▀[0m[38;2;45;47;143m[48;2;46;46;143m▀[0m[38;2;46;46;142m▀[0m               
               [38;2;45;47;145m[48;2;67;69;192m▀[0m[38;2;61;59;24m[48;2;235;232;152m▀[0m      [38;2;45;46;143m[48;2;54;54;29m▀[0m[38;2;48;49;152m[48;2;65;70;203m▀[0m               
              [38;2;232;230;152m[48;2;118;116;61m▀[0m[38;2;234;232;150m[48;2;240;238;160m▀[0m[38;2;236;233;152m▀[0m      [38;2;137;134;82m[48;2;0;0;0m▀[0m[38;2;18;19;67m[48;2;246;244;170m▀[0m[38;2;219;216;152m[48;2;243;240;161m▀[0m              
            [38;2;0;0;0m▄[0m[38;2;125;123;71m[48;2;248;245;170m▀[0m[38;2;243;240;162m[48;2;242;240;160m▀[0m[38;2;242;239;158m▀[0m        [38;2;245;242;162m[48;2;243;240;160m▀[0m[38;2;243;240;162m[48;2;242;240;161m▀[0m[38;2;243;241;163m▄[0m             
           [38;2;1;1;0m[48;2;251;250;198m▀[0m[38;2;255;255;205m▀[0m[38;2;238;235;155m▀[0m[38;2;239;236;158m▀[0m        [38;2;19;19;7m[48;2;229;227;149m▀[0m[38;2;240;238;159m[48;2;240;238;160m▀[0m[38;2;239;236;158m[48;2;249;247;179m▀[0m[38;2;240;237;159m[48;2;237;234;156m▀[0m[38;2;245;243;168m▄[0m            
                       [38;2;0;0;0m▀[0m[38;2;238;236;157m[48;2;96;93;52m▀[0m[38;2;0;0;0m▀[0m[38;2;255;255;205m[48;2;255;255;205m▀[0m[38;2;0;0;0m▀[0m            
                                        
