                                        
                                        
  [38;2;176;109;99m[48;2;171;105;96m▀[0m[38;2;12;8;7m[48;2;106;66;60m▀[0m[38;2;170;104;94m[48;2;170;105;95m▀[0m[38;2;126;80;72m▄[0m[38;2;70;46;40m▄[0m[38;2;170;105;95m▄[0m                          [38;2;110;54;48m▄[0m[38;2;98;94;112m▄[0m[38;2;109;105;124m[48;2;109;104;124m▀[0m[38;2;107;102;121m▀[0m  
  [38;2;47;25;23m▀[0m[38;2;156;78;75m[48;2;152;76;73m▀[0m[38;2;167;90;85m[48;2;151;74;73m▀[0m[38;2;165;95;87m[48;2;152;76;73m▀[0m[38;2;152;75;73m▄[0m[38;2;170;105;95m[48;2;152;75;73m▀[0m[38;2;152;78;75m▄[0m[38;2;55;34;30m▄[0m[38;2;42;28;23m▄[0m                   [38;2;157;78;76m▄[0m[38;2;74;70;84m▄[0m[38;2;161;79;77m[48;2;74;70;85m▀[0m[38;2;73;70;84m[48;2;74;70;85m▀[0m[38;2;82;79;96m[48;2;94;89;110m▀[0m[38;2;109;104;122m[48;2;103;99;119m▀[0m[38;2;108;102;121m[48;2;108;102;122m▀[0m[38;2;94;89;105m▀[0m  
   [38;2;152;76;74m▀[0m[38;2;150;75;73m[48;2;149;75;73m▀[0m[38;2;132;67;65m[48;2;149;75;73m▀[0m[38;2;149;75;73m[48;2;150;75;73m▀[0m[38;2;33;20;17m[48;2;152;76;73m▀[0m[38;2;150;75;73m[48;2;153;76;73m▀[0m[38;2;152;76;73m▄[0m[38;2;150;75;73m[48;2;152;75;73m▀[0m               [38;2;178;121;109m▄[0m[38;2;72;69;83m▄[0m[38;2;158;77;75m[48;2;72;69;83m▀[0m[38;2;73;70;84m[48;2;72;69;83m▀[0m[38;2;72;70;84m[48;2;72;69;83m▀[0m[38;2;72;69;83m[48;2;72;69;83m▀[0m[38;2;65;62;74m[48;2;72;69;83m▀[0m[38;2;77;74;90m[48;2;74;70;83m▀[0m[38;2;89;87;107m[48;2;106;101;121m▀[0m[38;2;67;64;74m[48;2;107;102;120m▀[0m[38;2;99;95;112m▀[0m   
    [38;2;17;11;9m▀[0m[38;2;153;76;74m[48;2;154;77;73m▀[0m[38;2;153;76;74m[48;2;154;76;74m▀[0m[38;2;153;76;73m[48;2;148;73;71m▀[0m[38;2;153;76;74m[48;2;132;66;64m▀[0m[38;2;154;76;73m[48;2;132;66;65m▀[0m[38;2;154;75;73m[48;2;127;64;63m▀[0m[38;2;154;76;74m[48;2;123;64;62m▀[0m[38;2;154;76;74m[48;2;128;65;63m▀[0m            [38;2;194;133;120m[48;2;71;45;46m▀[0m[38;2;72;69;83m[48;2;73;70;84m▀[0m[38;2;73;70;84m[48;2;73;70;84m▀[0m[38;2;71;68;82m[48;2;73;70;84m▀[0m[38;2;72;69;83m[48;2;72;70;84m▀[0m[38;2;72;69;83m[48;2;73;70;84m▀[0m[38;2;73;70;84m[48;2;76;73;88m▀[0m[38;2;73;70;84m[48;2;81;79;97m▀[0m[38;2;87;85;102m[48;2;102;98;118m▀[0m[38;2;107;102;119m[48;2;3;3;3m▀[0m[38;2;0;0;0m▀[0m    
      [38;2;114;60;58m▀[0m[38;2;114;60;58m[48;2;116;61;58m▀[0m[38;2;114;60;58m[48;2;116;60;58m▀[0m[38;2;115;60;57m[48;2;117;60;58m▀[0m[38;2;115;60;58m[48;2;116;61;58m▀[0m[38;2;117;61;58m[48;2;116;60;58m▀[0m[38;2;116;60;58m[48;2;117;61;58m▀[0m[38;2;20;12;9m[48;2;86;46;43m▀[0m[38;2;58;32;29m▄[0m         [38;2;153;76;73m[48;2;92;46;43m▀[0m[38;2;74;70;85m[48;2;73;70;85m▀[0m[38;2;73;70;84m[48;2;73;70;84m▀[0m[38;2;73;70;84m[48;2;73;70;84m▀[0m[38;2;73;70;84m[48;2;73;70;84m▀[0m[38;2;71;69;82m[48;2;79;77;93m▀[0m[38;2;79;76;92m[48;2;85;83;102m▀[0m[38;2;83;81;99m[48;2;91;88;109m▀[0m[38;2;90;87;107m[48;2;109;104;125m▀[0m[38;2;109;103;123m[48;2;109;104;125m▀[0m[38;2;108;103;123m▀[0m     
          [38;2;116;60;58m▀[0m[38;2;116;61;58m[48;2;123;63;61m▀[0m[38;2;116;61;58m[48;2;116;60;57m▀[0m[38;2;116;60;57m[48;2;116;61;58m▀[0m[38;2;33;21;18m[48;2;116;60;58m▀[0m[38;2;124;64;62m▄[0m      [38;2;158;78;75m▄[0m[38;2;151;75;73m[48;2;48;47;55m▀[0m[38;2;73;70;84m[48;2;73;69;84m▀[0m[38;2;73;70;85m[48;2;72;70;84m▀[0m[38;2;74;71;85m[48;2;72;69;84m▀[0m[38;2;74;71;85m[48;2;72;69;83m▀[0m[38;2;74;71;85m[48;2;78;75;92m▀[0m[38;2;85;83;103m[48;2;54;53;62m▀[0m[38;2;90;87;107m[48;2;105;100;117m▀[0m[38;2;100;96;116m[48;2;107;102;121m▀[0m[38;2;106;101;120m▄[0m       
         [38;2;27;27;27m▄[0m[38;2;238;229;209m▄[0m[38;2;129;123;112m▄[0m[38;2;115;60;58m[48;2;39;18;17m▀[0m[38;2;113;60;58m[48;2;88;54;51m▀[0m[38;2;114;60;58m[48;2;123;64;62m▀[0m[38;2;115;60;57m[48;2;92;48;47m▀[0m    [38;2;149;75;73m▄[0m[38;2;14;8;8m[48;2;153;76;74m▀[0m[38;2;152;76;73m[48;2;72;68;82m▀[0m[38;2;72;69;84m[48;2;72;69;83m▀[0m[38;2;72;69;83m[48;2;72;69;83m▀[0m[38;2;72;69;83m[48;2;72;69;83m▀[0m[38;2;72;69;83m[48;2;64;63;75m▀[0m[38;2;73;71;85m[48;2;54;53;63m▀[0m[38;2;89;86;106m[48;2;111;105;125m▀[0m[38;2;106;101;119m[48;2;110;105;124m▀[0m[38;2;107;102;121m▀[0m[38;2;45;42;48m▀[0m        
      [38;2;222;222;221m▄[0m[38;2;246;237;216m[48;2;116;110;98m▀[0m[38;2;237;233;229m[48;2;240;236;232m▀[0m[38;2;230;223;201m[48;2;238;231;207m▀[0m[38;2;233;226;204m[48;2;236;229;205m▀[0m[38;2;242;234;212m[48;2;239;239;216m▀[0m[38;2;241;233;212m[48;2;248;243;238m▀[0m[38;2;78;73;65m[48;2;242;235;210m▀[0m[38;2;232;225;201m[48;2;239;231;207m▀[0m[38;2;149;75;72m[48;2;165;82;79m▀[0m[38;2;149;75;73m[48;2;153;76;73m▀[0m[38;2;151;75;73m[48;2;169;102;92m▀[0m[38;2;167;105;95m[48;2;155;78;76m▀[0m[38;2;154;77;75m[48;2;74;70;86m▀[0m[38;2;72;69;83m[48;2;74;70;85m▀[0m[38;2;73;70;84m[48;2;73;70;85m▀[0m[38;2;74;71;86m[48;2;73;70;84m▀[0m[38;2;74;71;86m[48;2;74;72;86m▀[0m[38;2;73;70;85m[48;2;81;79;96m▀[0m[38;2;74;71;86m[48;2;98;95;116m▀[0m[38;2;95;91;113m[48;2;109;104;123m▀[0m[38;2;109;104;123m[48;2;112;105;126m▀[0m[38;2;112;106;127m▀[0m           
      [38;2;245;240;235m[48;2;252;247;241m▀[0m[38;2;250;247;240m[48;2;119;112;110m▀[0m[38;2;252;248;242m[48;2;249;245;239m▀[0m[38;2;180;170;151m[48;2;247;243;237m▀[0m[38;2;252;251;251m[48;2;245;242;236m▀[0m[38;2;249;246;241m[48;2;251;247;241m▀[0m[38;2;255;254;252m[48;2;179;168;150m▀[0m[38;2;243;235;211m[48;2;215;204;181m▀[0m[38;2;240;233;208m[48;2;228;222;201m▀[0m[38;2;169;83;80m[48;2;117;60;58m▀[0m[38;2;118;61;59m[48;2;111;57;55m▀[0m[38;2;154;76;73m[48;2;117;60;58m▀[0m[38;2;75;72;87m[48;2;74;71;85m▀[0m[38;2;74;70;85m[48;2;72;69;84m▀[0m[38;2;74;69;84m[48;2;88;86;106m▀[0m[38;2;74;71;86m[48;2;92;89;111m▀[0m[38;2;82;81;98m[48;2;99;96;118m▀[0m[38;2;95;92;115m[48;2;97;94;114m▀[0m[38;2;115;60;58m[48;2;97;93;114m▀[0m[38;2;115;60;58m▄[0m              
      [38;2;247;244;239m[48;2;156;154;150m▀[0m[38;2;155;76;74m[48;2;152;76;73m▀[0m[38;2;141;140;139m[48;2;107;53;50m▀[0m[38;2;254;254;248m[48;2;152;76;73m▀[0m[38;2;116;114;112m[48;2;194;184;178m▀[0m[38;2;187;176;156m[48;2;239;235;231m▀[0m[38;2;186;174;155m[48;2;240;236;232m▀[0m[38;2;184;172;153m[48;2;240;236;232m▀[0m[38;2;114;59;57m[48;2;46;43;47m▀[0m[38;2;83;44;41m[48;2;65;59;67m▀[0m[38;2;37;27;26m[48;2;67;62;71m▀[0m[38;2;73;71;85m[48;2;73;70;84m▀[0m[38;2;72;69;83m[48;2;73;70;84m▀[0m[38;2;72;69;83m[48;2;72;70;84m▀[0m[38;2;43;42;48m[48;2;72;69;84m▀[0m[38;2;98;95;116m[48;2;72;69;84m▀[0m[38;2;101;98;119m[48;2;72;69;82m▀[0m[38;2;67;65;77m[48;2;73;70;84m▀[0m[38;2;72;70;84m[48;2;72;69;83m▀[0m[38;2;116;60;58m[48;2;74;43;40m▀[0m[38;2;94;56;55m[48;2;94;56;55m▀[0m[38;2;95;56;54m[48;2;99;57;56m▀[0m[38;2;95;55;55m[48;2;95;56;54m▀[0m[38;2;7;5;5m[48;2;113;60;57m▀[0m[38;2;115;60;58m▄[0m[38;2;118;61;59m▄[0m        
      [38;2;77;41;39m[48;2;245;205;123m▀[0m[38;2;154;77;75m[48;2;34;38;40m▀[0m[38;2;150;75;73m[48;2;83;78;88m▀[0m[38;2;118;111;106m[48;2;92;90;114m▀[0m[38;2;161;158;154m[48;2;153;143;138m▀[0m[38;2;35;34;34m[48;2;250;247;241m▀[0m[38;2;64;59;64m[48;2;255;255;254m▀[0m[38;2;65;59;67m▀[0m[38;2;71;67;78m▀[0m[38;2;72;69;84m[48;2;76;73;89m▀[0m[38;2;69;66;77m[48;2;72;70;84m▀[0m[38;2;69;64;74m[48;2;71;67;81m▀[0m[38;2;74;70;85m[48;2;73;70;84m▀[0m[38;2;73;70;84m[48;2;73;70;84m▀[0m[38;2;72;69;84m[48;2;74;70;85m▀[0m[38;2;72;69;83m[48;2;74;70;85m▀[0m[38;2;72;70;84m[48;2;74;70;85m▀[0m[38;2;72;70;84m[48;2;74;70;85m▀[0m[38;2;71;69;83m[48;2;75;72;86m▀[0m[38;2;96;56;55m[48;2;97;56;55m▀[0m[38;2;95;56;54m[48;2;96;55;55m▀[0m[38;2;95;56;55m[48;2;112;59;58m▀[0m[38;2;103;57;55m[48;2;132;83;66m▀[0m[38;2;116;60;58m[48;2;192;157;98m▀[0m[38;2;116;60;58m[48;2;215;186;111m▀[0m[38;2;153;75;73m[48;2;246;205;124m▀[0m[38;2;232;184;115m[48;2;43;109;177m▀[0m[38;2;140;118;73m[48;2;49;113;179m▀[0m      
     [38;2;15;13;7m[48;2;252;219;157m▀[0m[38;2;255;211;125m[48;2;254;213;127m▀[0m[38;2;255;212;126m▀[0m[38;2;189;157;96m[48;2;209;141;148m▀[0m [38;2;219;219;218m▀[0m    [38;2;71;66;78m[48;2;65;59;65m▀[0m[38;2;74;70;85m[48;2;64;59;65m▀[0m[38;2;74;71;85m[48;2;68;63;73m▀[0m[38;2;74;71;85m[48;2;86;84;104m▀[0m[38;2;74;71;85m[48;2;73;70;85m▀[0m[38;2;72;68;82m[48;2;73;70;85m▀[0m[38;2;74;70;85m[48;2;73;70;84m▀[0m[38;2;74;70;85m[48;2;73;70;84m▀[0m[38;2;74;70;85m[48;2;73;70;84m▀[0m[38;2;73;70;84m[48;2;73;70;84m▀[0m[38;2;57;75;97m▀[0m[38;2;51;85;124m▀[0m[38;2;50;86;126m▀[0m[38;2;54;114;178m▀[0m[38;2;52;112;177m▀[0m[38;2;48;114;182m▀[0m[38;2;34;77;121m▀[0m        
          [38;2;78;76;77m▄[0m[38;2;79;76;77m▄[0m[38;2;213;176;107m▄[0m[38;2;233;196;116m▄[0m[38;2;90;88;110m▄[0m[38;2;64;59;66m[48;2;72;69;83m▀[0m[38;2;64;59;65m[48;2;70;67;80m▀[0m[38;2;64;59;66m[48;2;64;58;64m▀[0m[38;2;11;11;9m▀[0m [38;2;4;4;3m▀[0m[38;2;71;69;81m[48;2;12;13;13m▀[0m[38;2;72;69;83m[48;2;72;69;83m▀[0m[38;2;71;68;82m[48;2;72;70;84m▀[0m[38;2;73;70;84m[48;2;73;70;84m▀[0m               
         [38;2;76;75;75m[48;2;55;53;50m▀[0m[38;2;165;134;86m▀[0m[38;2;92;73;52m▀[0m[38;2;125;99;72m[48;2;172;138;89m▀[0m[38;2;167;135;87m[48;2;174;140;89m▀[0m[38;2;91;91;115m[48;2;46;41;33m▀[0m[38;2;90;89;112m[48;2;91;90;112m▀[0m[38;2;81;79;96m[48;2;69;67;81m▀[0m[38;2;64;59;65m▀[0m[38;2;233;195;117m▄[0m[38;2;86;84;84m▄[0m[38;2;112;95;57m[48;2;177;142;91m▀[0m[38;2;97;95;120m[48;2;250;209;125m▀[0m[38;2;92;90;113m[48;2;82;82;104m▀[0m[38;2;92;90;113m[48;2;90;89;111m▀[0m[38;2;74;70;85m▀[0m               
            [38;2;78;73;70m▄[0m[38;2;134;109;70m[48;2;77;75;76m▀[0m[38;2;71;68;84m▀[0m[38;2;90;88;111m▀[0m  [38;2;78;76;77m▀[0m[38;2;38;36;34m▀[0m[38;2;141;111;80m[48;2;169;137;89m▀[0m[38;2;71;71;73m[48;2;167;134;87m▀[0m[38;2;175;142;90m[48;2;117;94;60m▀[0m[38;2;40;41;46m[48;2;63;58;63m▀[0m                
                    [38;2;26;25;25m▄[0m[38;2;172;138;88m[48;2;56;56;60m▀[0m[38;2;123;101;64m▀[0m                 
                                        
                                        
