                                        
                                        
  [38;2;95;126;186m[48;2;92;123;180m▀[0m[38;2;7;8;10m[48;2;58;76;112m▀[0m[38;2;90;120;179m[48;2;91;121;179m▀[0m[38;2;69;91;133m▄[0m[38;2;39;48;75m▄[0m[38;2;91;121;180m▄[0m                          [38;2;45;70;114m▄[0m[38;2;100;74;52m▄[0m[38;2;112;83;57m[48;2;112;82;58m▀[0m[38;2;110;80;57m▀[0m  
  [38;2;21;33;47m▀[0m[38;2;69;113;165m[48;2;68;109;161m▀[0m[38;2;79;121;177m[48;2;67;110;159m▀[0m[38;2;82;118;174m[48;2;68;109;160m▀[0m[38;2;67;109;160m▄[0m[38;2;91;121;179m[48;2;67;110;160m▀[0m[38;2;70;110;160m▄[0m[38;2;26;36;54m▄[0m[38;2;22;29;44m▄[0m                   [38;2;70;114;166m▄[0m[38;2;76;56;39m▄[0m[38;2;71;117;170m[48;2;76;56;39m▀[0m[38;2;74;56;39m[48;2;76;56;39m▀[0m[38;2;85;62;45m[48;2;96;71;51m▀[0m[38;2;111;82;57m[48;2;105;78;56m▀[0m[38;2;110;80;57m[48;2;110;80;57m▀[0m[38;2;96;70;49m▀[0m  
   [38;2;68;111;161m▀[0m[38;2;68;109;158m[48;2;68;109;157m▀[0m[38;2;60;96;139m[48;2;68;109;157m▀[0m[38;2;68;109;158m[48;2;67;109;158m▀[0m[38;2;18;24;32m[48;2;68;110;161m▀[0m[38;2;68;109;158m[48;2;67;111;162m▀[0m[38;2;67;109;161m▄[0m[38;2;68;109;158m[48;2;67;109;161m▀[0m               [38;2;105;131;187m▄[0m[38;2;73;55;39m▄[0m[38;2;69;114;167m[48;2;73;55;39m▀[0m[38;2;75;56;39m[48;2;73;55;39m▀[0m[38;2;74;56;39m[48;2;73;55;39m▀[0m[38;2;73;55;39m[48;2;73;55;39m▀[0m[38;2;66;49;34m[48;2;73;55;39m▀[0m[38;2;80;59;41m[48;2;75;56;39m▀[0m[38;2;93;68;50m[48;2;109;79;57m▀[0m[38;2;68;50;35m[48;2;110;80;57m▀[0m[38;2;102;75;53m▀[0m   
    [38;2;9;9;16m▀[0m[38;2;68;111;162m[48;2;67;109;163m▀[0m[38;2;68;111;162m[48;2;68;112;163m▀[0m[38;2;67;110;162m[48;2;65;107;157m▀[0m[38;2;68;111;162m[48;2;59;96;139m▀[0m[38;2;67;110;163m[48;2;60;96;139m▀[0m[38;2;67;112;163m[48;2;58;94;134m▀[0m[38;2;68;111;163m[48;2;58;91;130m▀[0m[38;2;68;112;163m[48;2;58;93;135m▀[0m            [38;2;116;143;203m[48;2;44;55;74m▀[0m[38;2;73;55;39m[48;2;74;56;39m▀[0m[38;2;74;56;39m[48;2;74;56;39m▀[0m[38;2;72;54;38m[48;2;74;56;39m▀[0m[38;2;73;55;39m[48;2;74;56;39m▀[0m[38;2;73;55;39m[48;2;74;56;39m▀[0m[38;2;74;56;39m[48;2;79;59;41m▀[0m[38;2;75;56;39m[48;2;85;62;45m▀[0m[38;2;91;66;48m[48;2;104;76;54m▀[0m[38;2;109;80;56m[48;2;3;1;1m▀[0m[38;2;0;0;0m▀[0m    
      [38;2;54;84;120m▀[0m[38;2;54;84;120m[48;2;54;83;123m▀[0m[38;2;54;84;120m[48;2;54;84;123m▀[0m[38;2;53;83;121m[48;2;54;84;123m▀[0m[38;2;54;84;121m[48;2;54;84;122m▀[0m[38;2;54;83;124m[48;2;54;85;122m▀[0m[38;2;54;85;122m[48;2;54;83;124m▀[0m[38;2;9;14;21m[48;2;41;61;91m▀[0m[38;2;28;40;61m▄[0m         [38;2;67;110;162m[48;2;40;64;97m▀[0m[38;2;76;56;39m[48;2;76;56;39m▀[0m[38;2;74;56;39m[48;2;75;56;39m▀[0m[38;2;74;56;39m[48;2;74;56;39m▀[0m[38;2;74;56;39m[48;2;74;56;39m▀[0m[38;2;73;55;38m[48;2;82;61;44m▀[0m[38;2;82;61;43m[48;2;89;65;47m▀[0m[38;2;87;63;46m[48;2;94;70;51m▀[0m[38;2;93;68;49m[48;2;112;82;59m▀[0m[38;2;111;81;58m[48;2;112;82;58m▀[0m[38;2;111;81;58m▀[0m     
          [38;2;54;84;122m▀[0m[38;2;54;83;123m[48;2;56;90;130m▀[0m[38;2;54;84;122m[48;2;53;83;123m▀[0m[38;2;53;85;122m[48;2;54;84;122m▀[0m[38;2;15;26;36m[48;2;53;84;122m▀[0m[38;2;58;90;131m▄[0m      [38;2;69;114;167m▄[0m[38;2;67;110;159m[48;2;49;37;30m▀[0m[38;2;75;56;39m[48;2;74;55;39m▀[0m[38;2;75;56;39m[48;2;74;56;39m▀[0m[38;2;76;57;39m[48;2;74;55;39m▀[0m[38;2;76;57;39m[48;2;74;55;39m▀[0m[38;2;76;57;39m[48;2;81;60;43m▀[0m[38;2;89;65;47m[48;2;58;43;28m▀[0m[38;2;93;68;50m[48;2;107;79;55m▀[0m[38;2;102;76;54m[48;2;110;80;57m▀[0m[38;2;109;79;56m▄[0m       
         [38;2;14;14;13m▄[0m[38;2;240;229;205m▄[0m[38;2;124;119;106m▄[0m[38;2;54;84;121m[48;2;16;26;40m▀[0m[38;2;54;84;119m[48;2;51;69;89m▀[0m[38;2;54;84;120m[48;2;58;90;129m▀[0m[38;2;53;83;121m[48;2;44;68;96m▀[0m    [38;2;68;109;157m▄[0m[38;2;6;9;16m[48;2;69;111;161m▀[0m[38;2;68;109;161m[48;2;73;54;38m▀[0m[38;2;73;55;39m[48;2;73;55;39m▀[0m[38;2;74;55;39m[48;2;73;55;39m▀[0m[38;2;74;55;39m[48;2;73;55;39m▀[0m[38;2;73;55;39m[48;2;66;50;35m▀[0m[38;2;76;57;40m[48;2;57;43;28m▀[0m[38;2;92;67;50m[48;2;113;83;58m▀[0m[38;2;109;79;56m[48;2;113;83;58m▀[0m[38;2;110;80;57m▀[0m[38;2;45;32;23m▀[0m        
      [38;2;222;222;220m▄[0m[38;2;247;237;211m[48;2;117;110;96m▀[0m[38;2;238;233;228m[48;2;241;236;231m▀[0m[38;2;231;223;197m[48;2;239;231;203m▀[0m[38;2;234;226;200m[48;2;237;229;201m▀[0m[38;2;243;234;208m[48;2;239;239;212m▀[0m[38;2;242;233;208m[48;2;249;243;237m▀[0m[38;2;71;70;72m[48;2;244;235;206m▀[0m[38;2;234;225;197m[48;2;241;231;203m▀[0m[38;2;67;107;158m[48;2;72;118;175m▀[0m[38;2;68;109;158m[48;2;67;110;162m▀[0m[38;2;67;110;159m[48;2;87;120;178m▀[0m[38;2;91;120;176m[48;2;70;113;164m▀[0m[38;2;69;112;162m[48;2;76;56;40m▀[0m[38;2;73;55;39m[48;2;76;56;39m▀[0m[38;2;74;56;39m[48;2;76;56;39m▀[0m[38;2;77;57;40m[48;2;74;56;39m▀[0m[38;2;77;57;40m[48;2;77;57;40m▀[0m[38;2;76;56;39m[48;2;85;62;45m▀[0m[38;2;77;57;40m[48;2;101;75;53m▀[0m[38;2;98;72;52m[48;2;112;82;58m▀[0m[38;2;112;82;58m[48;2;114;82;59m▀[0m[38;2;114;83;60m▀[0m           
      [38;2;246;240;234m[48;2;253;247;240m▀[0m[38;2;251;247;239m[48;2;109;115;120m▀[0m[38;2;253;248;241m[48;2;250;245;238m▀[0m[38;2;182;170;148m[48;2;248;243;236m▀[0m[38;2;252;251;250m[48;2;246;242;235m▀[0m[38;2;250;246;240m[48;2;252;247;240m▀[0m[38;2;255;254;252m[48;2;181;168;147m▀[0m[38;2;245;235;207m[48;2;217;204;177m▀[0m[38;2;241;233;203m[48;2;229;222;197m▀[0m[38;2;74;122;178m[48;2;54;84;123m▀[0m[38;2;55;86;124m[48;2;51;80;118m▀[0m[38;2;67;111;163m[48;2;54;85;123m▀[0m[38;2;78;58;40m[48;2;76;56;39m▀[0m[38;2;76;56;39m[48;2;75;55;39m▀[0m[38;2;75;55;39m[48;2;92;68;49m▀[0m[38;2;76;57;40m[48;2;95;70;51m▀[0m[38;2;86;63;46m[48;2;103;75;54m▀[0m[38;2;98;73;52m[48;2;100;74;53m▀[0m[38;2;53;83;121m[48;2;100;74;53m▀[0m[38;2;54;84;121m▄[0m              
      [38;2;248;244;238m[48;2;149;155;156m▀[0m[38;2;68;112;164m[48;2;68;109;161m▀[0m[38;2;141;140;139m[48;2;46;75;113m▀[0m[38;2;254;254;247m[48;2;68;109;161m▀[0m[38;2;113;114;114m[48;2;192;184;180m▀[0m[38;2;189;176;152m[48;2;240;235;230m▀[0m[38;2;188;174;151m[48;2;241;236;231m▀[0m[38;2;186;172;149m[48;2;241;236;231m▀[0m[38;2;53;83;120m[48;2;46;35;23m▀[0m[38;2;38;58;87m[48;2;65;47;32m▀[0m[38;2;25;27;39m[48;2;67;50;34m▀[0m[38;2;78;58;39m[48;2;74;56;39m▀[0m[38;2;73;55;39m[48;2;74;56;39m▀[0m[38;2;73;55;39m[48;2;74;56;39m▀[0m[38;2;45;33;23m[48;2;75;55;39m▀[0m[38;2;101;75;53m[48;2;74;55;39m▀[0m[38;2;104;77;55m[48;2;73;55;38m▀[0m[38;2;69;52;36m[48;2;74;56;39m▀[0m[38;2;74;56;39m[48;2;73;55;39m▀[0m[38;2;54;85;122m[48;2;38;54;76m▀[0m[38;2;52;73;98m[48;2;52;73;98m▀[0m[38;2;51;72;99m[48;2;53;77;104m▀[0m[38;2;52;75;99m[48;2;51;72;99m▀[0m[38;2;1;1;3m[48;2;53;81;119m▀[0m[38;2;54;84;121m▄[0m[38;2;55;86;124m▄[0m        
      [38;2;38;51;82m[48;2;252;204;108m▀[0m[38;2;70;113;162m[48;2;58;27;17m▀[0m[38;2;68;109;158m[48;2;83;78;89m▀[0m[38;2;119;111;104m[48;2;96;71;51m▀[0m[38;2;162;158;153m[48;2;155;143;137m▀[0m[38;2;35;32;26m[48;2;251;247;240m▀[0m[38;2;64;47;31m[48;2;255;255;254m▀[0m[38;2;65;48;31m▀[0m[38;2;72;54;37m▀[0m[38;2;74;55;39m[48;2;78;58;41m▀[0m[38;2;70;52;36m[48;2;74;56;39m▀[0m[38;2;69;51;35m[48;2;73;54;37m▀[0m[38;2;76;56;39m[48;2;74;56;39m▀[0m[38;2;75;56;39m[48;2;74;56;39m▀[0m[38;2;75;55;39m[48;2;76;56;39m▀[0m[38;2;73;55;39m[48;2;76;56;39m▀[0m[38;2;74;56;39m[48;2;76;56;39m▀[0m[38;2;74;56;39m[48;2;76;56;39m▀[0m[38;2;74;55;38m[48;2;78;57;40m▀[0m[38;2;52;74;100m[48;2;52;75;101m▀[0m[38;2;51;72;99m[48;2;52;74;100m▀[0m[38;2;52;73;99m[48;2;54;83;117m▀[0m[38;2;52;76;108m[48;2;63;81;141m▀[0m[38;2;54;84;122m[48;2;198;156;87m▀[0m[38;2;54;85;122m[48;2;218;186;97m▀[0m[38;2;67;111;162m[48;2;248;205;109m▀[0m[38;2;174;150;181m[48;2;195;38;40m▀[0m[38;2;141;118;64m[48;2;198;44;45m▀[0m      
     [38;2;13;9;5m[48;2;255;219;146m▀[0m[38;2;255;211;109m[48;2;255;213;111m▀[0m[38;2;255;212;110m▀[0m[38;2;193;157;85m[48;2;219;138;147m▀[0m [38;2;219;219;218m▀[0m    [38;2;71;53;37m[48;2;64;48;32m▀[0m[38;2;76;56;39m[48;2;64;47;31m▀[0m[38;2;76;57;39m[48;2;68;51;35m▀[0m[38;2;76;57;39m[48;2;90;66;48m▀[0m[38;2;76;57;39m[48;2;76;56;39m▀[0m[38;2;74;54;38m[48;2;76;56;39m▀[0m[38;2;76;56;39m[48;2;74;56;39m▀[0m[38;2;76;56;39m[48;2;74;56;39m▀[0m[38;2;76;56;39m[48;2;74;56;39m▀[0m[38;2;74;56;39m[48;2;75;56;39m▀[0m[38;2;103;57;55m▀[0m[38;2;134;49;48m▀[0m[38;2;137;47;47m▀[0m[38;2;195;50;49m▀[0m[38;2;195;47;47m▀[0m[38;2;201;43;44m▀[0m[38;2;132;31;31m▀[0m        
          [38;2;77;77;78m▄[0m[38;2;79;76;77m▄[0m[38;2;219;175;95m▄[0m[38;2;238;195;102m▄[0m[38;2;94;69;51m▄[0m[38;2;64;48;32m[48;2;74;55;39m▀[0m[38;2;64;47;31m[48;2;72;53;37m▀[0m[38;2;64;48;32m[48;2;63;47;31m▀[0m[38;2;8;7;4m▀[0m [38;2;4;3;2m▀[0m[38;2;73;55;38m[48;2;13;10;7m▀[0m[38;2;73;55;39m[48;2;73;55;39m▀[0m[38;2;72;54;38m[48;2;74;56;39m▀[0m[38;2;74;56;39m[48;2;74;56;39m▀[0m               
         [38;2;76;75;75m[48;2;45;46;49m▀[0m[38;2;170;133;77m▀[0m[38;2;95;73;48m▀[0m[38;2;129;98;67m[48;2;177;137;80m▀[0m[38;2;172;134;78m[48;2;179;139;79m▀[0m[38;2;96;71;52m[48;2;47;38;24m▀[0m[38;2;95;70;52m[48;2;96;71;51m▀[0m[38;2;85;62;45m[48;2;71;53;37m▀[0m[38;2;64;47;31m▀[0m[38;2;237;195;102m▄[0m[38;2;86;84;84m▄[0m[38;2;115;95;51m[48;2;182;141;81m▀[0m[38;2;101;74;54m[48;2;255;208;110m▀[0m[38;2;96;71;51m[48;2;87;65;47m▀[0m[38;2;96;71;51m[48;2;95;70;52m▀[0m[38;2;76;56;39m▀[0m               
            [38;2;73;73;74m▄[0m[38;2;139;108;63m[48;2;76;75;76m▀[0m[38;2;73;54;39m▀[0m[38;2;94;69;51m▀[0m  [38;2;78;76;77m▀[0m[38;2;36;34;30m▀[0m[38;2;145;110;74m[48;2;175;136;80m▀[0m[38;2;71;71;73m[48;2;172;133;78m▀[0m[38;2;181;141;80m[48;2;113;84;45m▀[0m[38;2;43;32;22m[48;2;63;47;30m▀[0m                
                    [38;2;19;18;18m▄[0m[38;2;177;137;79m[48;2;56;56;61m▀[0m[38;2;124;97;54m▀[0m                 
                                        
                                        
