                                        
                      [38;2;125;115;109m▄[0m[38;2;13;13;9m▄[0m [38;2;105;97;93m▄[0m[38;2;123;113;108m▄[0m[38;2;40;37;34m[48;2;99;92;87m▀[0m            
                     [38;2;46;43;39m▄[0m[38;2;97;88;84m[48;2;92;83;80m▀[0m[38;2;28;27;24m[48;2;88;80;77m▀[0m[38;2;124;113;108m[48;2;92;84;81m▀[0m[38;2;125;113;108m[48;2;97;88;85m▀[0m[38;2;127;115;110m▀[0m             
                     [38;2;79;71;68m[48;2;70;62;60m▀[0m[38;2;89;81;78m[48;2;78;69;67m▀[0m[38;2;89;81;78m[48;2;89;81;78m▀[0m[38;2;88;79;77m[48;2;89;80;78m▀[0m[38;2;86;78;76m[48;2;89;81;78m▀[0m[38;2;89;81;78m[48;2;46;42;39m▀[0m[38;2;89;82;79m▀[0m            
                 [38;2;21;16;16m▄[0m[38;2;210;156;162m▄[0m[38;2;214;162;166m▄[0m[38;2;215;163;167m▄[0m[38;2;71;63;60m[48;2;215;164;169m▀[0m[38;2;71;63;60m[48;2;190;131;140m▀[0m[38;2;71;63;60m▀[0m[38;2;74;65;63m▀[0m               
                [38;2;216;148;160m[48;2;202;139;149m▀[0m[38;2;164;113;120m[48;2;232;234;239m▀[0m[38;2;215;163;168m[48;2;229;231;236m▀[0m[38;2;215;163;167m[48;2;205;144;153m▀[0m[38;2;214;163;166m[48;2;213;146;156m▀[0m[38;2;213;159;164m[48;2;236;242;246m▀[0m[38;2;206;143;153m[48;2;88;89;88m▀[0m[38;2;206;142;152m[48;2;206;141;151m▀[0m[38;2;94;66;68m▄[0m               
              [38;2;135;130;127m▄[0m[38;2;206;141;151m[48;2;207;142;153m▀[0m[38;2;207;141;153m[48;2;209;143;154m▀[0m[38;2;77;51;47m[48;2;210;143;154m▀[0m[38;2;227;155;167m[48;2;175;166;160m▀[0m[38;2;111;108;105m[48;2;31;29;27m▀[0m[38;2;206;142;152m[48;2;210;143;154m▀[0m[38;2;223;113;108m[48;2;131;132;132m▀[0m[38;2;130;130;130m[48;2;212;144;155m▀[0m[38;2;209;143;154m[48;2;206;141;152m▀[0m[38;2;208;143;153m[48;2;211;144;156m▀[0m[38;2;101;93;89m▄[0m[38;2;101;92;89m▄[0m             
             [38;2;143;136;131m▀[0m[38;2;140;132;128m[48;2;107;99;95m▀[0m[38;2;137;131;128m[48;2;114;106;103m▀[0m[38;2;137;131;128m[48;2;132;126;124m▀[0m[38;2;210;143;154m[48;2;132;126;124m▀[0m[38;2;211;144;154m[48;2;132;127;124m▀[0m[38;2;84;59;60m[48;2;212;145;157m▀[0m[38;2;205;140;151m[48;2;131;125;123m▀[0m[38;2;109;105;102m[48;2;131;125;122m▀[0m[38;2;87;83;80m[48;2;131;125;123m▀[0m[38;2;91;88;86m[48;2;132;127;125m▀[0m[38;2;132;126;124m[48;2;118;110;107m▀[0m[38;2;132;126;124m[48;2;132;126;124m▀[0m[38;2;135;130;127m▄[0m             
        [38;2;93;85;82m▄[0m[38;2;90;82;79m▄[0m[38;2;90;82;79m▄[0m[38;2;90;82;79m▄[0m[38;2;80;71;68m▄[0m[38;2;104;95;91m[48;2;71;63;60m▀[0m[38;2;99;91;86m[48;2;101;93;89m▀[0m[38;2;101;93;89m[48;2;101;93;89m▀[0m[38;2;108;101;97m[48;2;101;93;89m▀[0m[38;2;131;126;124m[48;2;104;96;92m▀[0m[38;2;130;124;122m[48;2;103;95;90m▀[0m[38;2;132;127;124m[48;2;101;93;89m▀[0m[38;2;132;127;125m[48;2;104;96;92m▀[0m[38;2;113;105;101m[48;2;105;97;92m▀[0m[38;2;137;131;128m[48;2;105;96;92m▀[0m[38;2;103;95;90m[48;2;105;95;91m▀[0m[38;2;104;96;91m[48;2;105;95;91m▀[0m[38;2;106;96;91m[48;2;102;94;90m▀[0m[38;2;72;64;61m▄[0m[38;2;94;85;82m▄[0m[38;2;36;34;31m▄[0m           
    [38;2;35;34;31m▄[0m[38;2;141;134;128m▄[0m[38;2;141;133;129m[48;2;141;133;129m▀[0m[38;2;100;91;87m[48;2;141;133;129m▀[0m[38;2;89;81;79m[48;2;129;121;116m▀[0m[38;2;90;82;79m[48;2;91;83;80m▀[0m[38;2;88;80;78m[48;2;91;83;80m▀[0m[38;2;90;82;79m[48;2;92;83;80m▀[0m[38;2;92;83;81m[48;2;91;83;80m▀[0m[38;2;76;68;66m[48;2;71;64;61m▀[0m[38;2;20;19;16m[48;2;72;64;61m▀[0m[38;2;103;96;92m[48;2;71;63;60m▀[0m[38;2;30;28;25m[48;2;72;63;60m▀[0m[38;2;103;95;91m[48;2;121;114;111m▀[0m[38;2;103;95;91m[48;2;74;66;63m▀[0m[38;2;104;95;91m[48;2;108;100;96m▀[0m[38;2;106;96;91m[48;2;72;64;62m▀[0m[38;2;103;95;91m[48;2;35;34;30m▀[0m[38;2;103;95;91m[48;2;73;65;62m▀[0m[38;2;103;95;91m[48;2;73;64;61m▀[0m[38;2;115;107;103m[48;2;70;62;59m▀[0m[38;2;71;64;61m[48;2;80;71;68m▀[0m[38;2;81;72;69m[48;2;90;81;79m▀[0m[38;2;91;83;80m[48;2;90;82;79m▀[0m[38;2;91;83;80m[48;2;90;82;79m▀[0m[38;2;90;82;80m[48;2;90;82;79m▀[0m[38;2;90;82;80m[48;2;92;83;81m▀[0m[38;2;90;82;79m[48;2;115;106;102m▀[0m[38;2;39;37;34m[48;2;141;133;129m▀[0m[38;2;141;134;129m▄[0m[38;2;154;146;141m▄[0m     
   [38;2;3;3;2m[48;2;111;105;101m▀[0m[38;2;141;133;129m▀[0m[38;2;141;134;128m▀[0m[38;2;106;100;96m[48;2;141;133;129m▀[0m[38;2;141;134;129m[48;2;11;11;9m▀[0m[38;2;141;133;129m[48;2;147;138;134m▀[0m[38;2;141;133;129m[48;2;98;93;88m▀[0m[38;2;141;133;129m[48;2;112;109;115m▀[0m[38;2;43;43;43m[48;2;112;109;114m▀[0m[38;2;50;49;53m[48;2;52;50;54m▀[0m[38;2;73;64;62m[48;2;52;51;56m▀[0m[38;2;79;70;67m[48;2;248;234;212m▀[0m[38;2;252;237;213m[48;2;247;234;212m▀[0m[38;2;179;162;141m[48;2;248;234;212m▀[0m[38;2;72;64;61m[48;2;238;234;212m▀[0m[38;2;75;67;63m[48;2;250;236;212m▀[0m[38;2;72;66;55m[48;2;246;233;212m▀[0m[38;2;73;64;61m[48;2;67;63;54m▀[0m[38;2;73;65;61m[48;2;242;230;210m▀[0m[38;2;73;64;61m[48;2;36;32;29m▀[0m[38;2;70;62;59m[48;2;71;63;60m▀[0m[38;2;72;64;61m[48;2;69;61;59m▀[0m[38;2;91;83;80m[48;2;51;49;54m▀[0m[38;2;92;83;80m[48;2;81;74;71m▀[0m[38;2;90;82;79m[48;2;113;104;100m▀[0m[38;2;89;81;78m[48;2;141;134;129m▀[0m[38;2;106;97;94m[48;2;141;133;129m▀[0m[38;2;141;133;129m[48;2;141;133;129m▀[0m[38;2;141;134;129m[48;2;141;133;129m▀[0m[38;2;141;134;129m[48;2;141;133;129m▀[0m[38;2;141;133;128m▀[0m[38;2;141;133;129m[48;2;122;116;111m▀[0m[38;2;141;134;129m[48;2;142;135;130m▀[0m[38;2;88;83;78m▄[0m   
         [38;2;67;65;68m[48;2;242;227;199m▀[0m[38;2;161;146;131m[48;2;93;87;75m▀[0m[38;2;177;159;138m[48;2;242;227;200m▀[0m[38;2;176;159;138m[48;2;242;227;200m▀[0m[38;2;239;228;208m[48;2;241;225;198m▀[0m[38;2;249;235;212m[48;2;243;229;203m▀[0m[38;2;250;236;212m[48;2;246;232;207m▀[0m[38;2;247;234;213m[48;2;246;233;212m▀[0m[38;2;246;233;212m[48;2;242;231;210m▀[0m[38;2;246;233;212m[48;2;240;227;208m▀[0m[38;2;243;231;210m[48;2;238;226;206m▀[0m[38;2;240;228;208m[48;2;238;226;207m▀[0m[38;2;240;227;208m[48;2;240;226;203m▀[0m[38;2;220;205;182m[48;2;249;229;199m▀[0m[38;2;52;49;54m[48;2;122;109;95m▀[0m[38;2;51;50;54m[48;2;181;163;142m▀[0m[38;2;52;50;54m[48;2;23;23;22m▀[0m[38;2;19;20;19m[48;2;112;109;114m▀[0m[38;2;117;112;119m[48;2;37;34;31m▀[0m[38;2;141;134;129m[48;2;236;221;194m▀[0m[38;2;141;134;129m▀[0m [38;2;143;135;131m▀[0m[38;2;141;133;129m▀[0m[38;2;141;132;128m▀[0m      
         [38;2;244;228;199m[48;2;201;185;161m▀[0m[38;2;242;227;199m[48;2;238;223;197m▀[0m[38;2;238;223;197m[48;2;100;92;89m▀[0m[38;2;238;223;196m[48;2;90;82;79m▀[0m[38;2;241;226;198m[48;2;95;87;83m▀[0m[38;2;244;228;200m[48;2;234;219;193m▀[0m[38;2;238;223;196m[48;2;234;219;193m▀[0m[38;2;89;81;79m[48;2;84;76;73m▀[0m[38;2;201;185;163m[48;2;91;83;80m▀[0m[38;2;189;176;154m[48;2;90;82;79m▀[0m[38;2;91;82;80m[48;2;64;60;52m▀[0m[38;2;245;228;199m[48;2;233;219;193m▀[0m[38;2;241;226;199m[48;2;234;219;193m▀[0m[38;2;237;222;195m[48;2;40;37;35m▀[0m[38;2;234;220;193m[48;2;87;79;76m▀[0m[38;2;239;227;200m[48;2;89;81;79m▀[0m[38;2;170;154;135m[48;2;89;81;79m▀[0m[38;2;119;111;98m[48;2;234;218;193m▀[0m[38;2;233;217;192m[48;2;234;219;193m▀[0m[38;2;233;217;192m[48;2;200;184;162m▀[0m           
         [38;2;173;156;136m[48;2;48;43;37m▀[0m[38;2;116;105;91m[48;2;66;59;56m▀[0m[38;2;89;81;78m[48;2;74;66;63m▀[0m[38;2;89;81;78m[48;2;87;78;76m▀[0m[38;2;89;81;78m[48;2;87;79;76m▀[0m[38;2;91;83;80m[48;2;90;81;79m▀[0m[38;2;234;218;193m[48;2;49;46;40m▀[0m[38;2;240;225;198m[48;2;234;219;193m▀[0m[38;2;71;63;60m[48;2;235;220;193m▀[0m[38;2;38;34;32m[48;2;235;219;193m▀[0m[38;2;235;220;194m[48;2;232;217;191m▀[0m[38;2;234;219;193m[48;2;89;81;78m▀[0m[38;2;90;81;79m[48;2;89;80;78m▀[0m[38;2;89;81;79m[48;2;89;81;78m▀[0m[38;2;89;81;78m[48;2;89;81;78m▀[0m[38;2;88;80;78m[48;2;89;81;79m▀[0m[38;2;88;81;78m[48;2;90;82;79m▀[0m[38;2;26;24;23m[48;2;72;64;61m▀[0m[38;2;176;159;138m[48;2;174;158;138m▀[0m[38;2;181;163;143m▀[0m           
          [38;2;23;20;19m▀[0m[38;2;70;63;60m[48;2;72;63;61m▀[0m[38;2;72;64;61m[48;2;71;63;60m▀[0m[38;2;72;64;61m[48;2;70;63;60m▀[0m[38;2;73;64;61m[48;2;70;62;60m▀[0m[38;2;71;63;60m[48;2;70;62;60m▀[0m[38;2;171;154;135m[48;2;181;163;143m▀[0m[38;2;182;166;146m[48;2;171;155;135m▀[0m[38;2;189;173;152m[48;2;173;156;136m▀[0m[38;2;146;134;117m[48;2;70;62;59m▀[0m[38;2;86;79;76m[48;2;71;63;60m▀[0m[38;2;89;81;78m[48;2;74;65;61m▀[0m[38;2;90;81;79m[48;2;73;64;60m▀[0m[38;2;90;82;79m[48;2;74;65;61m▀[0m[38;2;81;73;70m[48;2;73;64;61m▀[0m[38;2;73;64;61m[48;2;73;65;61m▀[0m[38;2;73;64;61m[48;2;73;65;62m▀[0m[38;2;162;144;126m▀[0m            
           [38;2;71;63;60m▀[0m[38;2;71;63;60m[48;2;70;63;60m▀[0m[38;2;71;63;60m[48;2;72;64;61m▀[0m[38;2;71;63;60m[48;2;72;63;60m▀[0m[38;2;72;63;60m[48;2;72;64;60m▀[0m[38;2;56;51;44m[48;2;53;48;41m▀[0m[38;2;173;157;137m[48;2;181;162;139m▀[0m[38;2;176;158;138m[48;2;178;160;139m▀[0m[38;2;74;65;61m[48;2;72;63;61m▀[0m[38;2;74;65;61m[48;2;72;64;61m▀[0m[38;2;73;64;61m[48;2;72;64;61m▀[0m[38;2;72;64;61m[48;2;72;63;60m▀[0m[38;2;72;64;61m[48;2;72;65;61m▀[0m[38;2;72;64;61m[48;2;73;64;62m▀[0m[38;2;71;63;61m[48;2;72;63;60m▀[0m              
             [38;2;55;52;56m▀[0m[38;2;52;50;55m[48;2;108;84;102m▀[0m[38;2;52;50;55m▀[0m [38;2;181;166;145m▀[0m[38;2;204;187;163m▀[0m[38;2;211;193;169m▀[0m[38;2;61;56;58m▀[0m[38;2;70;63;60m[48;2;35;34;36m▀[0m[38;2;72;63;61m[48;2;51;49;54m▀[0m[38;2;68;61;59m[48;2;53;51;56m▀[0m[38;2;56;52;56m▀[0m               
            [38;2;145;137;133m▄[0m[38;2;149;141;137m▄[0m[38;2;108;83;100m[48;2;216;146;157m▀[0m[38;2;118;85;97m[48;2;216;147;158m▀[0m       [38;2;106;82;99m[48;2;153;107;118m▀[0m[38;2;2;5;1m[48;2;158;110;120m▀[0m               
           [38;2;171;164;158m▀[0m[38;2;107;103;99m▀[0m[38;2;145;138;134m▀[0m[38;2;139;133;130m[48;2;26;26;23m▀[0m[38;2;132;125;122m▀[0m      [38;2;132;127;124m[48;2;172;166;161m▀[0m[38;2;203;139;150m▀[0m[38;2;132;127;124m[48;2;139;134;131m▀[0m[38;2;49;52;47m[48;2;146;141;136m▀[0m[38;2;147;140;136m▀[0m             
                                        
