                                        
                      [38;2;125;84;45m▄[0m[38;2;13;7;3m▄[0m [38;2;107;70;37m▄[0m[38;2;123;83;44m▄[0m[38;2;33;21;11m[48;2;101;66;36m▀[0m            
                     [38;2;46;30;15m▄[0m[38;2;97;64;34m[48;2;92;61;31m▀[0m[38;2;28;17;10m[48;2;88;59;31m▀[0m[38;2;124;83;44m[48;2;92;61;32m▀[0m[38;2;124;83;44m[48;2;97;64;34m▀[0m[38;2;127;84;45m▀[0m             
                     [38;2;79;51;27m[48;2;69;45;25m▀[0m[38;2;89;59;31m[48;2;77;50;26m▀[0m[38;2;89;59;31m[48;2;89;59;31m▀[0m[38;2;87;58;31m[48;2;89;59;31m▀[0m[38;2;86;57;30m[48;2;89;59;31m▀[0m[38;2;89;59;31m[48;2;46;30;16m▀[0m[38;2;90;60;31m▀[0m            
                 [38;2;28;14;13m▄[0m[38;2;255;138;152m▄[0m[38;2;255;145;155m▄[0m[38;2;255;146;157m▄[0m[38;2;70;46;25m[48;2;255;147;159m▀[0m[38;2;70;46;25m[48;2;204;126;139m▀[0m[38;2;70;46;25m▀[0m[38;2;72;47;25m▀[0m               
                [38;2;255;126;155m[48;2;255;118;143m▀[0m[38;2;210;95;115m[48;2;234;232;249m▀[0m[38;2;255;146;158m[48;2;225;232;237m▀[0m[38;2;255;146;157m[48;2;255;123;146m▀[0m[38;2;255;146;154m[48;2;255;124;149m▀[0m[38;2;255;141;153m[48;2;235;240;254m▀[0m[38;2;255;122;147m[48;2;87;89;88m▀[0m[38;2;255;120;146m[48;2;255;119;145m▀[0m[38;2;126;57;65m▄[0m               
              [38;2;139;93;50m▄[0m[38;2;255;118;145m[48;2;255;121;147m▀[0m[38;2;255;118;147m[48;2;255;121;147m▀[0m[38;2;89;59;4m[48;2;255;121;148m▀[0m[38;2;253;132;165m[48;2;180;120;63m▀[0m[38;2;114;78;41m[48;2;30;21;11m▀[0m[38;2;255;121;146m[48;2;255;121;148m▀[0m[38;2;239;126;0m[48;2;131;132;132m▀[0m[38;2;130;130;130m[48;2;255;122;149m▀[0m[38;2;255;121;147m[48;2;255;119;146m▀[0m[38;2;255;121;147m[48;2;255;122;150m▀[0m[38;2;102;67;37m▄[0m[38;2;102;67;36m▄[0m             
             [38;2;146;98;53m▀[0m[38;2;144;95;50m[48;2;108;72;38m▀[0m[38;2;141;94;51m[48;2;116;77;41m▀[0m[38;2;141;94;51m[48;2;136;91;49m▀[0m[38;2;255;121;147m[48;2;136;91;49m▀[0m[38;2;255;122;148m[48;2;136;91;49m▀[0m[38;2;113;51;56m[48;2;255;123;154m▀[0m[38;2;255;118;146m[48;2;135;90;49m▀[0m[38;2;112;76;41m[48;2;135;90;49m▀[0m[38;2;91;60;35m[48;2;135;90;49m▀[0m[38;2;94;63;34m[48;2;136;91;49m▀[0m[38;2;136;91;49m[48;2;120;80;42m▀[0m[38;2;136;91;49m[48;2;136;91;49m▀[0m[38;2;139;93;50m▄[0m             
        [38;2;93;62;32m▄[0m[38;2;90;60;32m▄[0m[38;2;90;60;32m▄[0m[38;2;90;60;31m▄[0m[38;2;79;52;27m▄[0m[38;2;104;69;37m[48;2;70;46;25m▀[0m[38;2;100;66;34m[48;2;102;67;36m▀[0m[38;2;102;68;36m[48;2;102;67;37m▀[0m[38;2;110;73;39m[48;2;102;67;37m▀[0m[38;2;135;91;49m[48;2;105;69;37m▀[0m[38;2;134;90;48m[48;2;104;69;37m▀[0m[38;2;136;91;49m[48;2;102;67;37m▀[0m[38;2;136;91;49m[48;2;105;70;37m▀[0m[38;2;115;76;40m[48;2;106;70;37m▀[0m[38;2;141;94;50m[48;2;105;70;37m▀[0m[38;2;104;69;37m[48;2;105;69;37m▀[0m[38;2;105;69;37m[48;2;105;69;37m▀[0m[38;2;105;70;37m[48;2;103;68;36m▀[0m[38;2;71;47;25m▄[0m[38;2;94;62;32m▄[0m[38;2;37;24;12m▄[0m           
    [38;2;37;24;13m▄[0m[38;2;144;97;51m▄[0m[38;2;145;96;51m[48;2;145;96;51m▀[0m[38;2;100;66;35m[48;2;145;96;51m▀[0m[38;2;89;59;31m[48;2;132;87;46m▀[0m[38;2;90;60;31m[48;2;91;61;32m▀[0m[38;2;88;59;31m[48;2;91;61;32m▀[0m[38;2;90;60;32m[48;2;91;61;32m▀[0m[38;2;91;61;32m[48;2;91;61;32m▀[0m[38;2;77;49;27m[48;2;71;46;25m▀[0m[38;2;20;14;6m[48;2;71;47;25m▀[0m[38;2;105;69;37m[48;2;70;46;25m▀[0m[38;2;30;20;10m[48;2;70;46;25m▀[0m[38;2;104;69;37m[48;2;124;83;44m▀[0m[38;2;104;69;37m[48;2;74;48;25m▀[0m[38;2;104;69;37m[48;2;110;72;39m▀[0m[38;2;105;70;37m[48;2;72;46;25m▀[0m[38;2;104;69;37m[48;2;36;24;13m▀[0m[38;2;104;69;37m[48;2;72;47;25m▀[0m[38;2;104;68;36m[48;2;71;47;26m▀[0m[38;2;117;78;41m[48;2;69;45;24m▀[0m[38;2;71;46;25m[48;2;79;52;27m▀[0m[38;2;80;52;28m[48;2;89;60;31m▀[0m[38;2;91;61;32m[48;2;90;60;32m▀[0m[38;2;91;61;32m[48;2;90;60;32m▀[0m[38;2;90;60;32m[48;2;90;60;32m▀[0m[38;2;90;60;32m[48;2;91;61;32m▀[0m[38;2;90;60;32m[48;2;116;77;40m▀[0m[38;2;39;27;14m[48;2;145;96;51m▀[0m[38;2;144;97;51m▄[0m[38;2;157;105;56m▄[0m     
   [38;2;3;2;1m[48;2;114;76;40m▀[0m[38;2;145;96;51m▀[0m[38;2;144;97;51m▀[0m[38;2;109;72;38m[48;2;145;96;51m▀[0m[38;2;145;96;51m[48;2;11;8;4m▀[0m[38;2;145;96;51m[48;2;150;99;54m▀[0m[38;2;145;96;51m[48;2;99;67;38m▀[0m[38;2;145;96;51m[48;2;111;110;111m▀[0m[38;2;44;37;30m[48;2;111;110;111m▀[0m[38;2;53;35;20m[48;2;54;36;20m▀[0m[38;2;71;47;25m[48;2;55;36;20m▀[0m[38;2;78;51;27m[48;2;239;235;229m▀[0m[38;2;243;238;230m[48;2;239;235;229m▀[0m[38;2;169;163;157m[48;2;239;235;229m▀[0m[38;2;71;47;25m[48;2;234;233;227m▀[0m[38;2;74;48;26m[48;2;241;237;229m▀[0m[38;2;70;66;60m[48;2;237;234;228m▀[0m[38;2;71;47;26m[48;2;64;63;60m▀[0m[38;2;72;47;26m[48;2;235;231;225m▀[0m[38;2;71;47;26m[48;2;36;24;13m▀[0m[38;2;69;45;24m[48;2;70;46;25m▀[0m[38;2;71;47;25m[48;2;68;45;24m▀[0m[38;2;91;61;32m[48;2;53;36;20m▀[0m[38;2;91;61;32m[48;2;81;53;29m▀[0m[38;2;90;60;32m[48;2;114;76;39m▀[0m[38;2;89;59;31m[48;2;144;97;51m▀[0m[38;2;106;70;38m[48;2;145;96;51m▀[0m[38;2;145;96;51m[48;2;145;96;51m▀[0m[38;2;145;96;51m[48;2;145;96;51m▀[0m[38;2;144;96;51m[48;2;145;96;51m▀[0m[38;2;145;96;51m▀[0m[38;2;145;96;51m[48;2;126;84;44m▀[0m[38;2;144;97;51m[48;2;145;98;52m▀[0m[38;2;89;59;32m▄[0m   
         [38;2;66;66;66m[48;2;232;228;219m▀[0m[38;2;152;148;143m[48;2;89;87;84m▀[0m[38;2;166;161;155m[48;2;233;228;219m▀[0m[38;2;166;160;155m[48;2;233;228;219m▀[0m[38;2;233;229;222m[48;2;231;226;218m▀[0m[38;2;240;236;228m[48;2;234;230;222m▀[0m[38;2;241;237;229m[48;2;237;233;225m▀[0m[38;2;239;235;229m[48;2;238;234;228m▀[0m[38;2;238;234;228m[48;2;235;231;225m▀[0m[38;2;238;234;228m[48;2;232;228;222m▀[0m[38;2;236;232;226m[48;2;231;227;221m▀[0m[38;2;233;229;223m[48;2;231;227;221m▀[0m[38;2;232;228;222m[48;2;231;227;219m▀[0m[38;2;210;206;199m[48;2;236;230;221m▀[0m[38;2;53;37;20m[48;2;114;110;106m▀[0m[38;2;54;36;20m[48;2;170;165;158m▀[0m[38;2;54;36;20m[48;2;23;20;16m▀[0m[38;2;21;16;10m[48;2;111;110;111m▀[0m[38;2;115;113;115m[48;2;35;34;34m▀[0m[38;2;144;97;51m[48;2;226;222;213m▀[0m[38;2;144;97;51m▀[0m [38;2;147;98;52m▀[0m[38;2;145;96;51m▀[0m[38;2;143;96;50m▀[0m      
         [38;2;233;229;220m[48;2;191;186;180m▀[0m[38;2;232;228;219m[48;2;228;224;216m▀[0m[38;2;228;224;216m[48;2;101;67;35m▀[0m[38;2;228;224;215m[48;2;90;60;32m▀[0m[38;2;231;227;218m[48;2;96;63;34m▀[0m[38;2;234;229;220m[48;2;224;220;212m▀[0m[38;2;228;224;215m[48;2;224;220;212m▀[0m[38;2;89;59;31m[48;2;84;55;30m▀[0m[38;2;192;187;180m[48;2;91;61;32m▀[0m[38;2;180;177;170m[48;2;90;60;32m▀[0m[38;2;91;60;32m[48;2;62;60;57m▀[0m[38;2;234;229;220m[48;2;224;220;212m▀[0m[38;2;231;227;219m[48;2;224;220;212m▀[0m[38;2;227;223;214m[48;2;40;29;19m▀[0m[38;2;225;221;212m[48;2;87;58;30m▀[0m[38;2;231;228;219m[48;2;89;59;31m▀[0m[38;2;160;155;150m[48;2;89;60;31m▀[0m[38;2;114;112;108m[48;2;224;219;211m▀[0m[38;2;223;218;210m[48;2;224;220;212m▀[0m[38;2;223;218;210m[48;2;190;185;179m▀[0m           
         [38;2;163;158;152m[48;2;45;44;42m▀[0m[38;2;110;102;96m[48;2;66;43;23m▀[0m[38;2;89;59;31m[48;2;73;48;26m▀[0m[38;2;89;59;31m[48;2;86;57;31m▀[0m[38;2;89;59;31m[48;2;87;58;30m▀[0m[38;2;91;60;32m[48;2;89;60;31m▀[0m[38;2;224;219;211m[48;2;47;46;44m▀[0m[38;2;231;226;217m[48;2;224;220;212m▀[0m[38;2;70;46;25m[48;2;225;221;212m▀[0m[38;2;38;26;14m[48;2;225;220;212m▀[0m[38;2;225;221;213m[48;2;223;218;210m▀[0m[38;2;224;220;212m[48;2;89;59;31m▀[0m[38;2;89;60;31m[48;2;88;59;31m▀[0m[38;2;89;59;31m[48;2;89;59;31m▀[0m[38;2;89;59;31m[48;2;89;59;31m▀[0m[38;2;88;59;31m[48;2;89;59;31m▀[0m[38;2;89;59;31m[48;2;90;60;32m▀[0m[38;2;25;17;9m[48;2;71;47;25m▀[0m[38;2;166;160;154m[48;2;164;159;154m▀[0m[38;2;171;165;158m▀[0m           
          [38;2;22;16;9m▀[0m[38;2;70;46;25m[48;2;70;46;25m▀[0m[38;2;71;47;25m[48;2;70;46;25m▀[0m[38;2;71;47;25m[48;2;70;46;25m▀[0m[38;2;71;47;25m[48;2;69;45;25m▀[0m[38;2;70;46;25m[48;2;69;45;25m▀[0m[38;2;160;156;150m[48;2;170;165;159m▀[0m[38;2;172;167;162m[48;2;161;156;151m▀[0m[38;2;179;174;168m[48;2;163;158;152m▀[0m[38;2;139;135;130m[48;2;69;45;25m▀[0m[38;2;87;58;30m[48;2;70;46;25m▀[0m[38;2;89;59;31m[48;2;72;47;26m▀[0m[38;2;89;60;31m[48;2;71;46;25m▀[0m[38;2;90;60;32m[48;2;72;47;26m▀[0m[38;2;81;53;28m[48;2;72;47;26m▀[0m[38;2;71;47;26m[48;2;72;47;26m▀[0m[38;2;71;47;26m[48;2;72;47;26m▀[0m[38;2;151;146;140m▀[0m            
           [38;2;70;46;25m▀[0m[38;2;70;46;25m[48;2;70;45;25m▀[0m[38;2;70;46;25m[48;2;71;47;25m▀[0m[38;2;70;46;25m[48;2;70;46;25m▀[0m[38;2;70;46;25m[48;2;71;46;25m▀[0m[38;2;53;52;50m[48;2;50;49;46m▀[0m[38;2;163;158;153m[48;2;169;164;157m▀[0m[38;2;165;160;154m[48;2;167;162;156m▀[0m[38;2;72;47;26m[48;2;70;46;25m▀[0m[38;2;72;47;26m[48;2;71;47;25m▀[0m[38;2;71;47;26m[48;2;71;47;25m▀[0m[38;2;71;47;25m[48;2;71;46;25m▀[0m[38;2;71;47;25m[48;2;72;47;26m▀[0m[38;2;71;47;25m[48;2;71;47;26m▀[0m[38;2;70;46;25m[48;2;70;46;25m▀[0m              
             [38;2;56;38;21m▀[0m[38;2;54;36;20m[48;2;135;75;120m▀[0m[38;2;54;36;20m▀[0m [38;2;172;167;160m▀[0m[38;2;193;188;181m▀[0m[38;2;200;195;187m▀[0m[38;2;61;41;22m▀[0m[38;2;70;45;25m[48;2;37;25;13m▀[0m[38;2;70;46;25m[48;2;53;36;20m▀[0m[38;2;68;44;24m[48;2;55;37;20m▀[0m[38;2;57;39;21m▀[0m               
            [38;2;156;134;124m▄[0m[38;2;160;138;129m▄[0m[38;2;137;73;116m[48;2;254;124;149m▀[0m[38;2;151;72;97m[48;2;251;124;152m▀[0m       [38;2;133;73;116m[48;2;208;91;119m▀[0m[38;2;0;2;0m[48;2;214;93;118m▀[0m               
           [38;2;180;162;147m▀[0m[38;2;113;102;91m▀[0m[38;2;153;136;126m▀[0m[38;2;145;132;124m[48;2;27;26;18m▀[0m[38;2;140;124;116m▀[0m      [38;2;138;126;118m[48;2;179;165;152m▀[0m[38;2;255;118;145m▀[0m[38;2;139;126;118m[48;2;145;132;125m▀[0m[38;2;46;54;41m[48;2;153;139;127m▀[0m[38;2;155;138;130m▀[0m             
                                        
