                                        
                                        
                                        
                          [38;2;191;178;113m▄[0m[38;2;217;204;130m▄[0m            
              [38;2;249;233;147m[48;2;243;228;142m▀[0m[38;2;225;201;86m[48;2;243;226;143m▀[0m[38;2;238;212;89m▄[0m[38;2;238;212;87m▄[0m[38;2;242;226;143m▄[0m[38;2;36;33;14m[48;2;240;224;136m▀[0m[38;2;240;214;93m[48;2;238;219;121m▀[0m[38;2;238;213;88m[48;2;238;215;101m▀[0m[38;2;238;212;87m[48;2;238;213;94m▀[0m[38;2;92;82;35m[48;2;238;212;87m▀[0m[38;2;238;212;87m[48;2;238;212;87m▀[0m[38;2;238;216;107m[48;2;212;195;162m▀[0m[38;2;167;153;129m[48;2;209;191;158m▀[0m[38;2;210;192;147m[48;2;227;202;87m▀[0m            
              [38;2;246;221;88m▀[0m[38;2;238;212;90m[48;2;242;216;87m▀[0m[38;2;238;212;87m[48;2;242;217;98m▀[0m[38;2;240;225;143m[48;2;242;231;170m▀[0m[38;2;240;224;143m[48;2;239;224;143m▀[0m[38;2;239;225;143m[48;2;239;225;143m▀[0m[38;2;240;224;140m[48;2;240;225;142m▀[0m[38;2;239;219;120m[48;2;239;219;119m▀[0m[38;2;238;213;95m[48;2;243;217;92m▀[0m[38;2;238;212;87m[48;2;238;213;87m▀[0m[38;2;31;29;22m[48;2;240;213;87m▀[0m[38;2;212;194;158m[48;2;23;21;17m▀[0m[38;2;208;191;158m[48;2;233;221;179m▀[0m[38;2;43;39;20m▀[0m            
               [38;2;243;217;88m[48;2;176;159;66m▀[0m[38;2;241;225;143m[48;2;244;220;102m▀[0m[38;2;244;228;143m[48;2;240;225;143m▀[0m[38;2;241;225;142m[48;2;240;225;143m▀[0m[38;2;240;225;143m[48;2;242;227;143m▀[0m[38;2;246;229;141m[48;2;245;226;124m▀[0m[38;2;239;216;105m[48;2;245;219;90m▀[0m[38;2;238;212;87m[48;2;241;215;87m▀[0m[38;2;242;217;87m[48;2;241;214;87m▀[0m[38;2;239;213;88m[48;2;224;200;85m▀[0m[38;2;218;194;85m[48;2;218;194;86m▀[0m[38;2;222;198;89m[48;2;220;195;86m▀[0m[38;2;0;0;0m▄[0m        [38;2;237;211;87m[48;2;238;212;88m▀[0m   
               [38;2;244;220;89m[48;2;242;215;88m▀[0m[38;2;238;212;87m[48;2;239;214;87m▀[0m[38;2;245;230;142m[48;2;241;215;87m▀[0m[38;2;243;228;142m[48;2;243;227;142m▀[0m[38;2;241;223;133m[48;2;241;214;88m▀[0m[38;2;244;223;108m[48;2;239;214;87m▀[0m[38;2;244;218;87m[48;2;240;214;87m▀[0m[38;2;241;215;87m[48;2;221;197;87m▀[0m[38;2;225;200;87m[48;2;218;194;86m▀[0m[38;2;222;198;85m[48;2;218;194;85m▀[0m[38;2;218;194;85m[48;2;218;194;86m▀[0m[38;2;219;195;86m[48;2;218;193;85m▀[0m[38;2;229;203;88m[48;2;192;170;75m▀[0m        [38;2;239;220;121m[48;2;240;218;113m▀[0m[38;2;242;216;88m[48;2;238;212;87m▀[0m  
               [38;2;0;0;0m▀[0m[38;2;239;214;87m▀[0m[38;2;238;212;87m[48;2;240;214;87m▀[0m[38;2;238;212;87m[48;2;244;218;87m▀[0m[38;2;241;215;87m[48;2;244;218;87m▀[0m[38;2;241;215;87m[48;2;244;218;87m▀[0m[38;2;31;28;15m[48;2;218;194;86m▀[0m[38;2;238;212;87m[48;2;217;194;85m▀[0m[38;2;218;194;86m[48;2;1;2;2m▀[0m[38;2;219;195;85m[48;2;24;24;24m▀[0m[38;2;0;0;0m[48;2;160;150;146m▀[0m[38;2;158;147;143m▄[0m[38;2;157;147;143m▄[0m       [38;2;238;212;87m[48;2;239;225;145m▀[0m[38;2;237;212;89m[48;2;238;212;87m▀[0m[38;2;238;212;87m[48;2;238;212;87m▀[0m  
                [38;2;148;135;139m▄[0m[38;2;162;150;146m[48;2;143;131;135m▀[0m[38;2;244;220;88m[48;2;99;83;92m▀[0m[38;2;235;222;160m[48;2;230;212;171m▀[0m[38;2;236;223;168m[48;2;215;197;160m▀[0m[38;2;223;196;85m[48;2;0;1;1m▀[0m[38;2;1;2;2m[48;2;1;2;2m▀[0m[38;2;1;2;2m[48;2;1;2;2m▀[0m[38;2;159;148;143m[48;2;159;148;143m▀[0m[38;2;174;166;160m[48;2;159;148;143m▀[0m[38;2;158;147;143m[48;2;158;147;143m▀[0m[38;2;158;147;143m[48;2;115;98;96m▀[0m[38;2;157;147;143m[48;2;68;57;56m▀[0m[38;2;115;98;96m▄[0m    [38;2;38;36;34m[48;2;234;219;139m▀[0m[38;2;175;166;160m[48;2;38;36;30m▀[0m[38;2;76;68;31m[48;2;135;122;117m▀[0m[38;2;238;213;88m[48;2;242;217;91m▀[0m  
                [38;2;95;79;92m▀[0m[38;2;97;80;94m[48;2;1;1;1m▀[0m[38;2;92;77;92m[48;2;31;25;32m▀[0m[38;2;99;81;98m[48;2;141;131;123m▀[0m[38;2;160;150;143m[48;2;178;169;161m▀[0m[38;2;159;149;143m[48;2;159;148;143m▀[0m[38;2;118;99;96m[48;2;123;107;105m▀[0m[38;2;1;2;2m[48;2;117;99;96m▀[0m[38;2;119;102;97m[48;2;116;98;97m▀[0m[38;2;118;99;96m[48;2;172;150;83m▀[0m[38;2;117;100;97m[48;2;168;147;82m▀[0m[38;2;33;28;28m▀[0m[38;2;32;28;28m▀[0m   [38;2;225;200;90m▄[0m[38;2;236;212;90m[48;2;240;225;143m▀[0m[38;2;244;228;143m[48;2;241;215;87m▀[0m[38;2;238;211;87m[48;2;237;212;87m▀[0m[38;2;244;217;88m[48;2;233;208;87m▀[0m[38;2;17;15;15m▀[0m  
      [38;2;240;225;143m▀[0m[38;2;239;214;92m[48;2;239;213;87m▀[0m[38;2;177;154;82m▄[0m        [38;2;177;155;84m▄[0m[38;2;161;140;82m[48;2;219;198;79m▀[0m[38;2;245;230;142m[48;2;244;229;142m▀[0m[38;2;244;223;116m[48;2;240;215;90m▀[0m[38;2;242;216;87m[48;2;239;214;88m▀[0m[38;2;216;192;84m[48;2;207;184;82m▀[0m[38;2;51;43;44m[48;2;126;111;50m▀[0m[38;2;123;103;100m[48;2;240;226;147m▀[0m[38;2;220;196;86m[48;2;233;210;85m▀[0m[38;2;0;0;0m▀[0m  [38;2;140;122;67m▄[0m[38;2;196;173;86m▄[0m[38;2;211;187;86m[48;2;220;196;88m▀[0m[38;2;237;220;130m[48;2;210;186;84m▀[0m[38;2;244;217;88m[48;2;224;199;87m▀[0m[38;2;241;215;87m[48;2;214;190;86m▀[0m[38;2;228;204;86m[48;2;204;179;85m▀[0m[38;2;225;200;90m▀[0m   
  [38;2;159;151;95m▄[0m[38;2;241;226;143m▄[0m[38;2;28;25;10m[48;2;208;184;84m▀[0m[38;2;237;211;87m▄[0m [38;2;186;163;83m[48;2;215;191;85m▀[0m[38;2;184;162;83m[48;2;177;154;82m▀[0m  [38;2;240;224;143m▄[0m[38;2;240;214;87m[48;2;239;218;112m▀[0m[38;2;217;194;79m[48;2;235;209;86m▀[0m[38;2;234;208;91m▄[0m[38;2;174;166;103m▄[0m[38;2;229;217;133m▄[0m[38;2;162;141;81m[48;2;245;223;111m▀[0m[38;2;245;220;93m[48;2;242;217;87m▀[0m[38;2;241;215;87m[48;2;242;216;87m▀[0m[38;2;242;217;88m[48;2;18;17;9m▀[0m[38;2;0;0;0m[48;2;234;208;91m▀[0m[38;2;74;66;29m[48;2;242;226;143m▀[0m[38;2;240;225;142m[48;2;240;225;143m▀[0m[38;2;240;225;143m[48;2;41;37;17m▀[0m[38;2;238;212;87m[48;2;240;225;143m▀[0m[38;2;26;24;12m[48;2;240;225;142m▀[0m[38;2;170;148;82m[48;2;131;119;66m▀[0m[38;2;169;148;83m[48;2;236;211;86m▀[0m[38;2;171;149;82m[48;2;169;148;82m▀[0m[38;2;176;153;82m[48;2;169;149;82m▀[0m[38;2;178;155;82m[48;2;173;151;83m▀[0m[38;2;181;159;82m[48;2;169;148;82m▀[0m[38;2;174;151;82m[48;2;169;148;82m▀[0m[38;2;171;150;82m[48;2;173;151;84m▀[0m[38;2;0;0;0m▀[0m    
  [38;2;216;192;78m▀[0m  [38;2;178;156;82m▀[0m[38;2;177;154;82m[48;2;185;163;83m▀[0m[38;2;177;154;82m[48;2;178;155;83m▀[0m[38;2;179;157;83m[48;2;190;168;84m▀[0m[38;2;104;93;40m[48;2;190;168;83m▀[0m[38;2;240;225;143m[48;2;218;194;85m▀[0m[38;2;240;225;141m[48;2;219;194;85m▀[0m[38;2;221;197;85m[48;2;222;197;85m▀[0m[38;2;223;197;85m[48;2;221;196;85m▀[0m[38;2;223;197;85m[48;2;234;208;90m▀[0m[38;2;221;196;86m[48;2;219;194;86m▀[0m[38;2;219;194;86m[48;2;217;194;85m▀[0m[38;2;6;5;4m[48;2;221;195;86m▀[0m[38;2;243;217;87m[48;2;57;57;57m▀[0m[38;2;197;177;73m[48;2;190;176;108m▀[0m[38;2;246;227;126m[48;2;241;226;143m▀[0m[38;2;244;219;94m[48;2;241;214;87m▀[0m[38;2;239;213;89m[48;2;247;220;89m▀[0m[38;2;237;212;90m[48;2;13;12;6m▀[0m[38;2;238;212;87m[48;2;241;215;88m▀[0m[38;2;242;225;144m[48;2;225;200;86m▀[0m[38;2;22;20;8m[48;2;177;154;82m▀[0m[38;2;82;73;34m[48;2;241;225;143m▀[0m[38;2;223;198;86m[48;2;240;225;143m▀[0m[38;2;218;194;86m[48;2;217;194;86m▀[0m[38;2;170;148;83m[48;2;170;149;83m▀[0m[38;2;170;149;83m[48;2;172;151;83m▀[0m[38;2;171;150;82m[48;2;36;32;18m▀[0m[38;2;155;136;75m▀[0m      
      [38;2;200;177;88m▀[0m[38;2;191;168;84m[48;2;191;168;83m▀[0m[38;2;190;168;84m[48;2;190;168;83m▀[0m[38;2;191;168;84m[48;2;191;168;84m▀[0m[38;2;217;194;86m[48;2;218;194;85m▀[0m[38;2;217;194;85m[48;2;130;117;52m▀[0m[38;2;220;196;86m[48;2;229;203;89m▀[0m[38;2;220;195;86m[48;2;219;194;86m▀[0m[38;2;156;136;80m▀[0m[38;2;158;137;81m▀[0m[38;2;49;43;27m▀[0m[38;2;39;35;16m[48;2;1;1;0m▀[0m[38;2;240;225;143m[48;2;235;209;85m▀[0m[38;2;66;60;29m[48;2;146;130;54m▀[0m[38;2;246;219;89m[48;2;238;212;87m▀[0m[38;2;222;196;86m[48;2;180;157;82m▀[0m[38;2;195;171;83m[48;2;177;155;82m▀[0m[38;2;177;154;82m[48;2;177;155;82m▀[0m[38;2;179;157;81m[48;2;178;156;83m▀[0m[38;2;178;155;83m[48;2;188;165;83m▀[0m[38;2;16;15;9m[48;2;83;74;36m▀[0m[38;2;29;26;15m[48;2;215;193;84m▀[0m[38;2;238;212;86m[48;2;11;9;5m▀[0m[38;2;179;157;86m▀[0m[38;2;177;155;85m▀[0m         
       [38;2;82;73;38m[48;2;191;168;83m▀[0m[38;2;191;168;84m[48;2;192;169;84m▀[0m[38;2;190;167;83m▀[0m        [38;2;229;215;136m[48;2;241;225;143m▀[0m[38;2;239;225;141m[48;2;140;125;52m▀[0m[38;2;238;212;87m▀[0m[38;2;146;129;64m▀[0m[38;2;182;159;82m[48;2;180;159;78m▀[0m[38;2;192;169;82m[48;2;31;27;14m▀[0m[38;2;192;169;84m▀[0m[38;2;193;170;83m▀[0m[38;2;194;171;84m▀[0m[38;2;184;162;83m[48;2;74;65;32m▀[0m[38;2;244;219;90m[48;2;241;216;87m▀[0m[38;2;242;225;141m▄[0m          
      [38;2;155;137;61m▀[0m[38;2;122;108;53m▀[0m          [38;2;17;16;7m▀[0m                     
                                        
                                        
                                        
