                                        
                                        
                                        
             [38;2;136;122;123m▄[0m[38;2;86;78;79m▄[0m[38;2;87;78;79m▄[0m[38;2;78;63;63m[48;2;85;77;77m▀[0m[38;2;114;95;96m[48;2;85;76;77m▀[0m[38;2;109;88;89m[48;2;87;78;78m▀[0m[38;2;89;72;72m[48;2;89;80;81m▀[0m[38;2;10;1;3m[48;2;99;15;11m▀[0m[38;2;102;13;9m▄[0m[38;2;101;13;10m▄[0m[38;2;78;67;67m▄[0m[38;2;127;119;119m▄[0m[38;2;130;123;123m▄[0m              
          [38;2;126;118;118m▄[0m[38;2;41;34;34m[48;2;98;89;90m▀[0m[38;2;88;79;79m[48;2;89;80;81m▀[0m[38;2;87;78;79m[48;2;89;80;80m▀[0m[38;2;87;78;79m[48;2;86;78;78m▀[0m[38;2;84;75;76m[48;2;85;77;77m▀[0m[38;2;82;74;74m[48;2;83;75;75m▀[0m[38;2;82;74;74m[48;2;82;74;74m▀[0m[38;2;85;77;77m[48;2;81;73;73m▀[0m[38;2;85;77;77m[48;2;84;75;76m▀[0m[38;2;87;79;79m[48;2;84;76;76m▀[0m[38;2;66;11;10m[48;2;99;13;11m▀[0m[38;2;72;19;17m[48;2;99;13;11m▀[0m[38;2;255;116;102m[48;2;99;13;11m▀[0m[38;2;255;114;104m[48;2;45;8;6m▀[0m[38;2;81;73;73m[48;2;255;108;104m▀[0m[38;2;82;74;74m[48;2;89;81;82m▀[0m[38;2;86;78;78m▄[0m            
         [38;2;91;83;83m[48;2;82;74;74m▀[0m[38;2;81;73;73m[48;2;82;74;74m▀[0m[38;2;85;77;77m[48;2;13;12;12m▀[0m[38;2;50;48;48m[48;2;241;240;242m▀[0m[38;2;83;75;75m[48;2;83;75;75m▀[0m[38;2;83;75;75m[48;2;83;75;75m▀[0m[38;2;85;77;77m[48;2;82;74;74m▀[0m[38;2;83;75;75m[48;2;82;74;74m▀[0m[38;2;83;75;75m[48;2;81;73;73m▀[0m[38;2;80;72;72m[48;2;82;74;74m▀[0m[38;2;80;71;72m[48;2;81;73;73m▀[0m[38;2;101;89;89m[48;2;32;8;7m▀[0m[38;2;73;10;8m[48;2;99;13;11m▀[0m[38;2;102;13;11m[48;2;100;13;11m▀[0m[38;2;102;13;10m[48;2;255;106;104m▀[0m[38;2;99;13;11m[48;2;78;10;7m▀[0m[38;2;52;18;18m[48;2;101;13;11m▀[0m[38;2;126;118;118m[48;2;92;84;85m▀[0m[38;2;132;124;125m[48;2;91;83;83m▀[0m[38;2;59;51;52m[48;2;88;79;81m▀[0m[38;2;45;45;45m▄[0m          
        [38;2;83;75;75m[48;2;80;72;72m▀[0m[38;2;80;72;73m[48;2;83;75;75m▀[0m[38;2;86;78;78m[48;2;47;42;42m▀[0m[38;2;85;84;85m▀[0m    [38;2;61;54;55m▀[0m[38;2;64;57;57m[48;2;51;40;40m▀[0m[38;2;81;73;73m[48;2;61;54;54m▀[0m[38;2;85;77;77m[48;2;33;18;16m▀[0m[38;2;42;10;10m[48;2;101;13;9m▀[0m[38;2;102;13;10m[48;2;47;10;9m▀[0m[38;2;102;13;10m[48;2;104;14;10m▀[0m[38;2;102;13;10m[48;2;104;14;10m▀[0m[38;2;255;114;104m[48;2;152;30;27m▀[0m[38;2;112;14;10m[48;2;255;106;104m▀[0m[38;2;103;13;9m[48;2;101;13;10m▀[0m[38;2;36;3;3m[48;2;99;13;11m▀[0m[38;2;87;78;79m[48;2;61;53;54m▀[0m[38;2;28;26;27m[48;2;60;52;53m▀[0m          
       [38;2;28;22;22m[48;2;108;100;101m▀[0m[38;2;86;77;78m[48;2;119;110;110m▀[0m[38;2;66;52;53m▀[0m        [38;2;60;8;7m[48;2;38;7;6m▀[0m[38;2;237;100;96m[48;2;58;8;7m▀[0m[38;2;59;8;7m[48;2;56;8;7m▀[0m[38;2;99;13;11m[48;2;99;13;11m▀[0m[38;2;255;113;104m[48;2;99;13;11m▀[0m[38;2;98;13;11m[48;2;255;112;104m▀[0m[38;2;98;13;11m[48;2;103;13;10m▀[0m[38;2;113;16;13m[48;2;103;13;9m▀[0m[38;2;119;18;15m[48;2;68;16;14m▀[0m[38;2;123;19;15m[48;2;111;14;11m▀[0m[38;2;67;9;7m[48;2;107;99;99m▀[0m[38;2;60;52;53m[48;2;93;84;84m▀[0m[38;2;27;23;24m[48;2;55;50;51m▀[0m         
       [38;2;91;82;83m▀[0m  [38;2;42;35;35m▄[0m[38;2;44;42;42m▄[0m[38;2;126;118;118m▄[0m[38;2;13;12;12m▄[0m[38;2;95;12;10m▄[0m[38;2;66;9;7m▄[0m [38;2;23;20;20m[48;2;61;53;54m▀[0m[38;2;40;7;6m▀[0m[38;2;60;8;6m[48;2;57;15;13m▀[0m[38;2;182;69;64m[48;2;102;13;10m▀[0m[38;2;103;13;9m[48;2;68;10;8m▀[0m[38;2;103;13;9m[48;2;101;13;11m▀[0m[38;2;108;13;10m[48;2;102;13;10m▀[0m[38;2;245;113;101m[48;2;217;88;83m▀[0m[38;2;103;13;9m[48;2;81;10;8m▀[0m[38;2;101;12;9m[48;2;49;46;47m▀[0m[38;2;138;68;65m[48;2;125;118;117m▀[0m[38;2;36;35;35m[48;2;33;31;31m▀[0m[38;2;22;22;22m[48;2;122;114;114m▀[0m[38;2;61;15;13m[48;2;127;118;119m▀[0m[38;2;32;4;3m[48;2;22;21;21m▀[0m[38;2;28;3;3m▄[0m       
         [38;2;22;19;19m[48;2;89;80;81m▀[0m[38;2;43;41;42m[48;2;49;19;23m▀[0m[38;2;129;120;120m[48;2;87;79;79m▀[0m[38;2;39;37;37m[48;2;86;78;78m▀[0m[38;2;26;26;26m[48;2;86;78;78m▀[0m[38;2;88;78;79m[48;2;45;40;39m▀[0m[38;2;60;8;7m[48;2;64;8;6m▀[0m[38;2;60;8;7m[48;2;60;8;7m▀[0m  [38;2;233;98;88m[48;2;238;98;93m▀[0m[38;2;103;13;9m[48;2;104;14;10m▀[0m[38;2;255;117;105m[48;2;247;114;101m▀[0m[38;2;104;14;10m[48;2;102;13;9m▀[0m[38;2;104;13;9m[48;2;102;13;10m▀[0m[38;2;255;118;106m[48;2;255;113;103m▀[0m[38;2;54;38;39m[48;2;85;77;77m▀[0m[38;2;129;119;120m[48;2;254;127;115m▀[0m[38;2;124;28;23m[48;2;20;2;3m▀[0m[38;2;106;16;12m[48;2;103;13;9m▀[0m[38;2;105;97;97m[48;2;103;13;9m▀[0m[38;2;33;30;30m[48;2;85;77;77m▀[0m[38;2;14;13;13m[48;2;61;53;54m▀[0m[38;2;14;7;7m[48;2;60;53;53m▀[0m  [38;2;62;8;5m▄[0m[38;2;0;0;1m▄[0m[38;2;30;4;3m▄[0m  
       [38;2;145;21;10m[48;2;255;104;87m▀[0m[38;2;47;16;15m▄[0m[38;2;255;108;105m[48;2;255;110;105m▀[0m[38;2;150;49;41m[48;2;255;109;104m▀[0m[38;2;24;0;0m[48;2;255;128;116m▀[0m[38;2;85;77;77m[48;2;62;8;6m▀[0m[38;2;20;19;19m[48;2;61;54;55m▀[0m[38;2;15;15;15m[48;2;60;53;53m▀[0m[38;2;44;39;40m[48;2;52;46;46m▀[0m[38;2;68;9;7m▀[0m  [38;2;109;14;11m[48;2;99;13;11m▀[0m[38;2;102;13;10m[48;2;99;13;11m▀[0m[38;2;255;117;103m[48;2;255;112;104m▀[0m[38;2;99;13;11m[48;2;110;13;10m▀[0m[38;2;99;13;11m[48;2;125;117;117m▀[0m[38;2;227;98;87m[48;2;98;13;11m▀[0m[38;2;255;130;115m[48;2;255;129;114m▀[0m[38;2;255;131;116m[48;2;254;127;113m▀[0m[38;2;255;129;116m[48;2;255;113;103m▀[0m[38;2;255;120;117m[48;2;248;108;98m▀[0m[38;2;71;10;7m[48;2;220;91;87m▀[0m[38;2;59;8;7m[48;2;59;8;7m▀[0m[38;2;58;51;52m[48;2;20;18;18m▀[0m[38;2;15;14;14m[48;2;68;60;61m▀[0m  [38;2;59;8;7m[48;2;59;8;7m▀[0m[38;2;59;8;7m[48;2;59;8;7m▀[0m[38;2;60;8;7m[48;2;59;8;7m▀[0m  
   [38;2;249;121;82m▄[0m  [38;2;255;101;86m▄[0m[38;2;255;101;86m[48;2;200;44;28m▀[0m[38;2;248;101;95m[48;2;194;106;100m▀[0m[38;2;255;117;105m[48;2;229;133;125m▀[0m[38;2;255;111;104m[48;2;255;133;120m▀[0m[38;2;255;112;104m[48;2;61;8;6m▀[0m[38;2;60;8;6m[48;2;51;45;46m▀[0m[38;2;59;51;52m[48;2;61;54;55m▀[0m[38;2;16;14;15m[48;2;65;57;58m▀[0m  [38;2;103;13;10m▄[0m[38;2;80;11;9m[48;2;102;13;10m▀[0m[38;2;100;13;11m[48;2;103;13;11m▀[0m[38;2;99;13;11m[48;2;48;9;9m▀[0m[38;2;229;95;83m[48;2;124;117;117m▀[0m[38;2;126;118;118m[48;2;88;80;80m▀[0m[38;2;97;89;89m[48;2;61;8;6m▀[0m[38;2;100;13;11m[48;2;103;13;11m▀[0m[38;2;255;167;161m[48;2;237;156;150m▀[0m[38;2;255;168;162m[48;2;255;118;106m▀[0m[38;2;255;119;107m[48;2;224;92;88m▀[0m[38;2;224;93;90m[48;2;224;94;88m▀[0m[38;2;231;103;100m[48;2;239;102;93m▀[0m[38;2;36;9;9m[48;2;10;10;9m▀[0m[38;2;60;52;53m[48;2;103;13;9m▀[0m  [38;2;45;8;7m▄[0m[38;2;60;8;7m[48;2;38;7;6m▀[0m[38;2;60;8;7m[48;2;55;8;6m▀[0m[38;2;60;8;7m[48;2;59;8;7m▀[0m  
  [38;2;125;11;17m▀[0m[38;2;255;144;94m[48;2;255;101;86m▀[0m[38;2;254;103;89m[48;2;255;104;86m▀[0m[38;2;255;100;86m[48;2;255;100;87m▀[0m[38;2;255;100;86m▀[0m [38;2;117;68;64m▀[0m[38;2;252;169;161m[48;2;31;16;14m▀[0m[38;2;254;170;164m[48;2;3;0;0m▀[0m    [38;2;105;14;10m▄[0m[38;2;99;13;11m[48;2;103;14;11m▀[0m[38;2;99;13;11m[48;2;99;13;11m▀[0m[38;2;99;13;11m[48;2;101;13;10m▀[0m[38;2;104;13;11m[48;2;110;102;102m▀[0m[38;2;124;116;116m[48;2;90;81;82m▀[0m[38;2;82;74;74m[48;2;60;8;7m▀[0m[38;2;200;84;78m[48;2;228;91;88m▀[0m[38;2;67;9;6m[48;2;92;78;79m▀[0m[38;2;123;115;115m[48;2;129;120;120m▀[0m[38;2;148;74;72m[48;2;87;53;53m▀[0m[38;2;98;36;33m[48;2;53;7;5m▀[0m[38;2;114;13;11m[48;2;102;13;10m▀[0m[38;2;104;14;10m[48;2;103;13;9m▀[0m[38;2;103;13;9m[48;2;102;13;9m▀[0m[38;2;103;13;9m[48;2;102;13;10m▀[0m[38;2;101;13;11m[48;2;102;13;10m▀[0m[38;2;106;13;10m[48;2;102;13;10m▀[0m[38;2;19;3;2m[48;2;39;7;6m▀[0m[38;2;39;7;6m[48;2;39;7;6m▀[0m[38;2;39;7;6m[48;2;39;7;6m▀[0m[38;2;39;7;6m[48;2;24;3;3m▀[0m[38;2;5;0;0m▀[0m  
  [38;2;254;101;80m▄[0m[38;2;255;101;86m[48;2;255;119;90m▀[0m[38;2;255;104;86m▀[0m         [38;2;103;85;86m[48;2;104;96;96m▀[0m[38;2;124;19;16m[48;2;88;10;9m▀[0m[38;2;105;14;10m[48;2;102;13;9m▀[0m[38;2;101;13;10m[48;2;103;13;9m▀[0m[38;2;103;13;9m[48;2;102;13;9m▀[0m[38;2;98;89;89m[48;2;62;9;7m▀[0m[38;2;89;80;81m[48;2;70;62;63m▀[0m[38;2;60;8;7m[48;2;62;54;55m▀[0m[38;2;227;94;88m[48;2;230;90;88m▀[0m[38;2;57;50;50m[48;2;93;43;41m▀[0m[38;2;90;82;82m[48;2;61;54;54m▀[0m[38;2;65;9;7m[48;2;37;4;4m▀[0m[38;2;98;13;10m[48;2;97;12;10m▀[0m[38;2;104;14;10m[48;2;102;13;10m▀[0m[38;2;102;13;10m[48;2;102;13;10m▀[0m[38;2;103;13;10m[48;2;101;13;11m▀[0m[38;2;125;19;16m[48;2;87;19;16m▀[0m[38;2;103;13;10m[48;2;106;98;98m▀[0m[38;2;101;13;10m[48;2;83;75;75m▀[0m[38;2;41;7;7m[48;2;59;52;52m▀[0m[38;2;78;73;76m[48;2;83;75;77m▀[0m     
  [38;2;255;152;96m[48;2;255;152;97m▀[0m           [38;2;87;78;79m[48;2;61;54;55m▀[0m[38;2;83;75;75m[48;2;61;54;54m▀[0m[38;2;72;10;7m[48;2;61;54;54m▀[0m[38;2;61;8;6m[48;2;50;38;38m▀[0m[38;2;61;8;6m[48;2;22;3;2m▀[0m[38;2;61;8;6m▀[0m[38;2;18;6;5m▀[0m[38;2;59;52;53m▀[0m[38;2;60;52;53m[48;2;63;56;57m▀[0m[38;2;60;53;54m[48;2;58;51;52m▀[0m[38;2;60;53;53m[48;2;59;51;52m▀[0m[38;2;60;53;54m[48;2;60;52;53m▀[0m[38;2;44;6;6m[48;2;48;47;47m▀[0m[38;2;99;13;11m[48;2;44;43;44m▀[0m[38;2;99;13;11m[48;2;25;21;21m▀[0m[38;2;84;76;76m[48;2;72;65;65m▀[0m[38;2;99;91;91m[48;2;71;63;63m▀[0m[38;2;107;98;99m[48;2;67;60;60m▀[0m[38;2;83;75;75m[48;2;62;55;56m▀[0m[38;2;60;53;53m[48;2;61;54;55m▀[0m      
  [38;2;253;148;97m▀[0m[38;2;235;83;61m▀[0m[38;2;255;138;91m▀[0m        [38;2;202;106;99m▄[0m[38;2;55;48;48m[48;2;51;45;47m▀[0m[38;2;60;53;54m[48;2;221;97;94m▀[0m[38;2;60;52;53m[48;2;43;37;38m▀[0m             [38;2;60;52;53m[48;2;32;26;26m▀[0m[38;2;60;53;53m[48;2;60;53;53m▀[0m[38;2;60;53;53m[48;2;60;53;54m▀[0m[38;2;62;55;55m[48;2;59;51;52m▀[0m      
                               [38;2;225;94;88m[48;2;108;60;59m▀[0m[38;2;59;52;53m▀[0m[38;2;126;52;51m[48;2;140;89;81m▀[0m      
                                        
                                        
                                        
