                                        
                                        
                                        
                                        
                                        
                [38;2;194;194;197m▄[0m[38;2;191;191;193m[48;2;188;189;191m▀[0m[38;2;191;190;192m[48;2;141;140;144m▀[0m[38;2;191;191;192m[48;2;199;199;204m▀[0m[38;2;205;205;209m[48;2;187;187;190m▀[0m[38;2;194;193;197m[48;2;186;187;189m▀[0m[38;2;186;185;188m▄[0m                 
       [38;2;20;21;20m▄[0m[38;2;135;135;139m▄[0m[38;2;122;123;124m[48;2;107;105;104m▀[0m     [38;2;197;198;200m[48;2;134;135;137m▀[0m[38;2;162;161;164m[48;2;136;136;140m▀[0m[38;2;160;160;161m[48;2;131;132;134m▀[0m[38;2;143;143;146m[48;2;45;45;44m▀[0m[38;2;189;190;192m[48;2;132;134;136m▀[0m[38;2;186;187;189m[48;2;170;171;173m▀[0m[38;2;186;187;189m[48;2;171;172;175m▀[0m[38;2;186;186;189m[48;2;51;52;52m▀[0m[38;2;180;181;183m[48;2;169;170;174m▀[0m  [38;2;138;138;138m▄[0m[38;2;188;188;191m▄[0m[38;2;187;187;191m▄[0m           
    [38;2;159;158;161m▄[0m[38;2;155;152;156m▄[0m[38;2;105;103;103m▄[0m[38;2;129;130;129m▀[0m  [38;2;102;100;100m[48;2;86;85;84m▀[0m  [38;2;191;192;194m▄[0m[38;2;188;189;191m▄[0m[38;2;69;69;68m[48;2;186;187;189m▀[0m[38;2;79;80;79m[48;2;156;154;156m▀[0m[38;2;133;133;138m[48;2;159;157;161m▀[0m[38;2;133;133;137m[48;2;90;90;90m▀[0m[38;2;133;134;138m[48;2;132;132;137m▀[0m[38;2;141;143;148m[48;2;131;132;134m▀[0m[38;2;168;169;172m[48;2;171;173;175m▀[0m[38;2;88;88;88m[48;2;169;170;173m▀[0m[38;2;87;88;88m[48;2;170;171;174m▀[0m[38;2;173;174;176m[48;2;80;82;81m▀[0m[38;2;146;145;146m[48;2;143;142;145m▀[0m[38;2;68;69;68m[48;2;149;148;150m▀[0m[38;2;203;203;207m[48;2;154;153;156m▀[0m[38;2;211;211;217m[48;2;187;189;190m▀[0m[38;2;218;218;225m[48;2;189;189;191m▀[0m[38;2;207;207;213m[48;2;188;188;190m▀[0m[38;2;198;197;198m[48;2;186;186;188m▀[0m[38;2;202;201;206m▄[0m       
    [38;2;162;160;161m▀[0m[38;2;145;143;146m[48;2;107;108;110m▀[0m[38;2;117;118;121m▀[0m   [38;2;37;37;35m▄[0m[38;2;99;97;95m[48;2;200;201;203m▀[0m[38;2;187;187;190m[48;2;164;160;160m▀[0m[38;2;216;215;222m[48;2;190;190;192m▀[0m[38;2;187;188;190m[48;2;190;191;193m▀[0m[38;2;189;189;192m[48;2;193;191;193m▀[0m[38;2;144;144;148m[48;2;178;175;176m▀[0m[38;2;137;137;141m[48;2;112;112;113m▀[0m[38;2;171;173;176m[48;2;191;191;192m▀[0m[38;2;107;107;108m[48;2;12;12;10m▀[0m[38;2;123;123;126m[48;2;104;101;101m▀[0m[38;2;150;146;146m[48;2;127;122;122m▀[0m[38;2;130;125;124m[48;2;125;120;120m▀[0m[38;2;128;123;121m[48;2;125;120;120m▀[0m[38;2;127;126;128m[48;2;101;100;100m▀[0m[38;2;135;135;139m[48;2;119;120;120m▀[0m[38;2;133;134;137m[48;2;132;132;136m▀[0m[38;2;133;134;137m[48;2;103;101;103m▀[0m[38;2;136;136;140m[48;2;101;98;100m▀[0m[38;2;177;177;180m[48;2;68;68;68m▀[0m[38;2;182;182;184m[48;2;168;170;173m▀[0m[38;2;186;185;188m[48;2;168;169;173m▀[0m[38;2;183;183;186m[48;2;170;171;175m▀[0m[38;2;173;173;176m[48;2;132;133;135m▀[0m      
        [38;2;62;61;64m▄[0m[38;2;71;68;70m[48;2;62;61;64m▀[0m[38;2;51;49;51m▀[0m[38;2;75;76;74m[48;2;84;84;83m▀[0m[38;2;185;185;188m[48;2;168;168;172m▀[0m[38;2;192;193;194m[48;2;170;172;174m▀[0m[38;2;183;184;186m[48;2;167;168;172m▀[0m[38;2;177;178;181m[48;2;167;168;172m▀[0m[38;2;174;174;178m[48;2;181;182;185m▀[0m[38;2;187;187;190m[48;2;110;111;113m▀[0m[38;2;192;192;195m[48;2;210;129;124m▀[0m[38;2;191;87;90m[48;2;90;100;100m▀[0m[38;2;102;100;100m[48;2;62;60;64m▀[0m[38;2;123;118;117m[48;2;85;83;83m▀[0m[38;2;135;131;131m[48;2;62;61;64m▀[0m[38;2;101;98;99m[48;2;66;64;68m▀[0m[38;2;102;99;100m[48;2;104;102;101m▀[0m[38;2;102;100;100m[48;2;91;90;93m▀[0m[38;2;94;94;96m[48;2;90;88;87m▀[0m[38;2;98;96;97m[48;2;91;90;93m▀[0m[38;2;95;94;96m[48;2;92;90;93m▀[0m[38;2;129;130;130m[48;2;70;69;70m▀[0m[38;2;90;90;92m[48;2;91;91;94m▀[0m[38;2;57;58;59m[48;2;89;89;92m▀[0m[38;2;169;170;173m[48;2;125;121;119m▀[0m[38;2;168;169;173m[48;2;128;124;124m▀[0m[38;2;107;104;104m▄[0m     
      [38;2;18;18;17m▄[0m[38;2;62;60;64m[48;2;62;60;64m▀[0m[38;2;62;61;64m[48;2;69;68;69m▀[0m[38;2;36;36;36m[48;2;27;27;26m▀[0m [38;2;216;106;107m[48;2;8;9;5m▀[0m[38;2;168;168;171m[48;2;179;180;183m▀[0m[38;2;169;170;173m[48;2;181;182;185m▀[0m[38;2;168;168;172m[48;2;73;74;73m▀[0m[38;2;169;169;173m[48;2;151;149;150m▀[0m[38;2;31;36;34m[48;2;103;100;100m▀[0m[38;2;187;189;194m[48;2;76;74;74m▀[0m[38;2;164;165;168m[48;2;101;99;98m▀[0m[38;2;103;100;100m▀[0m[38;2;62;61;64m[48;2;61;60;64m▀[0m[38;2;17;17;14m▀[0m[38;2;63;61;65m[48;2;58;57;60m▀[0m[38;2;62;61;64m[48;2;27;27;25m▀[0m[38;2;99;97;101m[48;2;90;89;92m▀[0m[38;2;95;95;98m[48;2;62;61;65m▀[0m[38;2;69;67;71m[48;2;58;57;61m▀[0m[38;2;90;90;92m[48;2;90;89;92m▀[0m[38;2;90;90;92m[48;2;90;90;92m▀[0m[38;2;61;61;63m[48;2;104;102;102m▀[0m[38;2;91;92;94m[48;2;63;63;63m▀[0m[38;2;89;89;92m[48;2;90;89;92m▀[0m[38;2;67;67;69m[48;2;91;90;93m▀[0m[38;2;124;118;118m[48;2;128;123;121m▀[0m[38;2;102;100;99m[48;2;108;106;106m▀[0m     
     [38;2;65;63;66m▄[0m[38;2;62;61;64m[48;2;63;61;64m▀[0m[38;2;62;61;64m▀[0m[38;2;68;66;68m[48;2;64;62;66m▀[0m[38;2;50;49;52m[48;2;172;173;177m▀[0m[38;2;174;174;176m[48;2;172;173;177m▀[0m[38;2;158;158;160m[48;2;0;0;0m▀[0m[38;2;65;63;67m▀[0m[38;2;85;82;80m[48;2;62;61;64m▀[0m[38;2;128;123;121m[48;2;29;29;29m▀[0m[38;2;127;122;121m▀[0m[38;2;127;122;121m[48;2;174;174;177m▀[0m[38;2;147;146;146m[48;2;176;174;177m▀[0m[38;2;118;113;112m[48;2;175;174;177m▀[0m [38;2;64;63;65m▀[0m[38;2;26;26;24m[48;2;101;100;102m▀[0m[38;2;102;100;102m[48;2;101;100;102m▀[0m[38;2;68;67;67m[48;2;32;32;29m▀[0m[38;2;104;101;101m[48;2;101;99;98m▀[0m[38;2;105;102;102m[48;2;101;100;99m▀[0m[38;2;104;101;101m[48;2;104;101;102m▀[0m[38;2;89;90;92m[48;2;91;90;93m▀[0m[38;2;90;89;92m[48;2;92;90;93m▀[0m[38;2;125;121;120m[48;2;128;123;121m▀[0m[38;2;129;124;123m[48;2;126;121;120m▀[0m[38;2;91;90;93m[48;2;90;90;92m▀[0m[38;2;91;90;93m[48;2;90;90;92m▀[0m[38;2;91;91;94m[48;2;90;90;92m▀[0m      
  [38;2;34;34;33m▄[0m[38;2;71;68;71m▄[0m[38;2;61;60;64m▄[0m[38;2;62;61;64m[48;2;64;63;66m▀[0m[38;2;21;21;21m▀[0m[38;2;52;52;55m[48;2;62;61;64m▀[0m[38;2;112;112;112m[48;2;62;61;64m▀[0m[38;2;177;178;180m[48;2;190;190;192m▀[0m[38;2;180;181;184m[48;2;190;191;192m▀[0m[38;2;181;182;185m[48;2;191;191;194m▀[0m[38;2;197;197;200m[48;2;159;159;161m▀[0m[38;2;95;95;95m[48;2;189;189;191m▀[0m[38;2;195;195;197m[48;2;190;190;192m▀[0m[38;2;178;178;181m[48;2;190;191;193m▀[0m[38;2;174;175;178m[48;2;182;182;185m▀[0m[38;2;173;174;177m[48;2;186;187;190m▀[0m[38;2;174;175;178m[48;2;124;119;118m▀[0m [38;2;90;89;92m▄[0m[38;2;94;92;95m[48;2;91;90;93m▀[0m[38;2;97;94;97m[48;2;28;30;28m▀[0m  [38;2;130;124;123m▀[0m[38;2;127;121;121m▀[0m[38;2;90;90;92m[48;2;89;89;92m▀[0m[38;2;89;89;92m[48;2;89;89;92m▀[0m[38;2;136;133;133m▀[0m[38;2;142;140;141m▀[0m [38;2;89;89;92m[48;2;88;87;90m▀[0m[38;2;89;89;91m[48;2;90;89;92m▀[0m[38;2;89;89;92m[48;2;91;90;93m▀[0m[38;2;10;10;8m▄[0m    
  [38;2;64;63;65m▀[0m[38;2;56;55;58m▀[0m[38;2;63;62;65m▀[0m[38;2;69;67;69m▄[0m[38;2;66;63;66m▄[0m[38;2;62;61;64m[48;2;36;37;37m▀[0m[38;2;62;61;64m[48;2;61;60;64m▀[0m[38;2;131;126;126m▀[0m[38;2;189;189;192m[48;2;62;61;65m▀[0m[38;2;189;190;192m[48;2;125;120;119m▀[0m[38;2;72;73;71m[48;2;139;136;137m▀[0m[38;2;186;186;189m[48;2;149;147;148m▀[0m[38;2;186;187;189m[48;2;141;139;140m▀[0m[38;2;187;186;189m[48;2;67;65;63m▀[0m[38;2;146;143;143m▀[0m[38;2;123;118;117m▀[0m [38;2;16;16;13m▄[0m[38;2;89;89;92m[48;2;89;89;91m▀[0m[38;2;90;89;92m[48;2;40;40;39m▀[0m     [38;2;93;93;96m▀[0m[38;2;89;89;92m[48;2;90;90;92m▀[0m[38;2;93;92;95m▄[0m[38;2;90;89;92m▄[0m[38;2;8;9;6m▄[0m [38;2;46;46;45m▀[0m[38;2;91;90;93m▀[0m[38;2;91;90;93m▀[0m[38;2;94;91;93m▀[0m[38;2;102;99;100m[48;2;71;71;72m▀[0m  
     [38;2;63;63;65m▀[0m [38;2;62;61;64m▀[0m         [38;2;90;90;93m[48;2;10;12;10m▀[0m[38;2;96;96;98m▀[0m[38;2;125;121;122m[48;2;96;96;98m▀[0m[38;2;98;98;100m▀[0m       [38;2;36;36;35m▀[0m[38;2;81;80;82m▀[0m[38;2;31;32;31m▀[0m[38;2;1;2;1m▀[0m[38;2;78;77;78m▀[0m       
                                        
                                        
                                        
                                        
                                        
