                                        
                    [38;2;129;116;112m▄[0m[38;2;126;113;109m[48;2;108;98;95m▀[0m                  
                  [38;2;102;93;92m▄[0m[38;2;114;103;101m[48;2;106;96;95m▀[0m[38;2;113;101;99m[48;2;104;94;93m▀[0m                   
                 [38;2;11;11;10m[48;2;103;95;94m▀[0m[38;2;105;96;95m[48;2;104;95;94m▀[0m[38;2;103;95;94m[48;2;103;95;94m▀[0m                    
         [38;2;55;49;47m▄[0m[38;2;126;112;109m▄[0m[38;2;114;104;102m[48;2;126;113;109m▀[0m[38;2;107;98;97m[48;2;127;113;109m▀[0m[38;2;107;98;97m[48;2;125;112;108m▀[0m[38;2;105;96;95m[48;2;126;113;109m▀[0m[38;2;105;96;95m[48;2;125;113;109m▀[0m[38;2;105;96;95m[48;2;117;107;104m▀[0m[38;2;104;95;94m[48;2;105;96;95m▀[0m[38;2;104;95;94m[48;2;105;96;95m▀[0m[38;2;104;95;94m▄[0m                    
        [38;2;8;9;7m[48;2;103;95;94m▀[0m[38;2;115;104;102m[48;2;104;95;94m▀[0m[38;2;113;102;100m[48;2;104;95;94m▀[0m[38;2;111;102;100m[48;2;104;95;94m▀[0m[38;2;111;101;98m[48;2;105;96;95m▀[0m[38;2;117;106;103m[48;2;105;96;95m▀[0m[38;2;126;113;109m[48;2;104;95;94m▀[0m[38;2;126;112;109m[48;2;107;97;96m▀[0m[38;2;126;113;109m[48;2;113;103;101m▀[0m[38;2;126;112;109m[48;2;125;112;109m▀[0m[38;2;113;103;101m[48;2;126;113;110m▀[0m[38;2;105;95;95m[48;2;117;106;103m▀[0m[38;2;7;7;6m[48;2;106;97;96m▀[0m                   
       [38;2;104;95;94m[48;2;104;95;94m▀[0m[38;2;60;56;53m[48;2;104;96;94m▀[0m[38;2;104;96;94m[48;2;105;96;95m▀[0m[38;2;104;95;94m[48;2;105;96;95m▀[0m[38;2;105;96;95m[48;2;104;96;95m▀[0m[38;2;105;96;95m[48;2;104;95;94m▀[0m[38;2;105;96;95m[48;2;63;59;56m▀[0m[38;2;104;95;94m[48;2;105;96;95m▀[0m[38;2;103;95;94m[48;2;105;96;95m▀[0m[38;2;104;96;95m[48;2;105;96;95m▀[0m[38;2;105;96;95m[48;2;105;96;95m▀[0m[38;2;106;97;96m[48;2;105;96;95m▀[0m[38;2;122;109;107m[48;2;107;97;96m▀[0m[38;2;117;106;103m[48;2;111;100;97m▀[0m[38;2;108;99;97m[48;2;108;98;97m▀[0m                  
       [38;2;88;80;78m[48;2;87;77;75m▀[0m[38;2;107;98;96m[48;2;104;135;173m▀[0m[38;2;104;96;94m[48;2;87;77;75m▀[0m[38;2;106;96;95m[48;2;87;78;75m▀[0m[38;2;96;89;87m[48;2;20;18;16m▀[0m[38;2;87;77;75m[48;2;91;111;136m▀[0m[38;2;104;95;94m[48;2;90;81;79m▀[0m[38;2;105;96;95m[48;2;86;77;75m▀[0m[38;2;106;97;95m[48;2;77;95;116m▀[0m[38;2;98;89;87m[48;2;31;30;29m▀[0m[38;2;107;96;95m[48;2;104;96;95m▀[0m[38;2;106;97;95m[48;2;104;96;95m▀[0m[38;2;106;97;96m[48;2;104;95;94m▀[0m[38;2;106;96;96m[48;2;104;95;94m▀[0m[38;2;107;97;96m[48;2;90;83;82m▀[0m[38;2;105;97;96m[48;2;88;80;77m▀[0m                 
       [38;2;3;3;1m[48;2;7;9;6m▀[0m[38;2;109;144;186m[48;2;119;151;190m▀[0m[38;2;115;154;199m[48;2;118;149;188m▀[0m[38;2;108;143;186m[48;2;107;145;187m▀[0m[38;2;107;145;187m[48;2;107;143;185m▀[0m[38;2;44;45;45m[48;2;106;142;184m▀[0m[38;2;107;145;187m[48;2;106;142;183m▀[0m[38;2;107;143;185m[48;2;35;32;33m▀[0m[38;2;110;149;193m[48;2;60;76;93m▀[0m[38;2;100;92;91m[48;2;88;108;133m▀[0m[38;2;93;85;84m[48;2;82;102;124m▀[0m[38;2;87;78;76m[48;2;87;78;76m▀[0m[38;2;85;77;75m[48;2;85;77;74m▀[0m[38;2;84;76;75m[48;2;83;76;74m▀[0m[38;2;85;77;75m[48;2;88;79;78m▀[0m                  
        [38;2;133;160;196m▀[0m[38;2;129;156;191m▀[0m[38;2;115;149;190m[48;2;16;18;19m▀[0m[38;2;2;2;2m[48;2;10;10;7m▀[0m[38;2;118;88;102m[48;2;134;95;106m▀[0m[38;2;118;88;103m[48;2;111;81;94m▀[0m[38;2;119;89;103m[48;2;89;109;133m▀[0m[38;2;88;109;133m[48;2;89;109;134m▀[0m[38;2;89;108;133m[48;2;84;76;74m▀[0m[38;2;84;76;74m[48;2;87;77;75m▀[0m[38;2;86;77;75m[48;2;87;77;75m▀[0m[38;2;86;77;76m[48;2;87;78;76m▀[0m[38;2;86;77;75m[48;2;4;4;3m▀[0m                   
           [38;2;95;123;155m▀[0m[38;2;99;121;149m▀[0m[38;2;52;61;72m▀[0m[38;2;67;62;63m▀[0m[38;2;76;71;72m▀[0m[38;2;89;80;78m[48;2;76;71;73m▀[0m[38;2;83;77;75m[48;2;81;74;74m▀[0m[38;2;80;74;74m[48;2;87;77;75m▀[0m[38;2;86;77;75m[48;2;87;77;75m▀[0m[38;2;2;4;2m[48;2;87;77;75m▀[0m [38;2;109;100;99m▄[0m[38;2;108;98;96m▄[0m                
               [38;2;5;6;3m▄[0m[38;2;87;77;75m[48;2;76;70;68m▀[0m[38;2;87;77;75m[48;2;87;77;75m▀[0m[38;2;87;77;75m[48;2;87;77;75m▀[0m[38;2;87;78;76m[48;2;96;88;86m▀[0m[38;2;97;88;87m[48;2;103;96;94m▀[0m[38;2;106;96;95m[48;2;105;96;95m▀[0m[38;2;106;97;96m[48;2;105;96;95m▀[0m[38;2;105;95;94m[48;2;71;41;55m▀[0m[38;2;106;97;96m[48;2;104;95;94m▀[0m[38;2;105;96;95m[48;2;104;95;94m▀[0m[38;2;105;96;95m[48;2;104;95;94m▀[0m[38;2;105;96;95m▀[0m            
              [38;2;105;96;95m▀[0m[38;2;105;97;96m[48;2;105;96;95m▀[0m[38;2;108;98;97m[48;2;105;97;95m▀[0m[38;2;105;96;95m[48;2;106;97;96m▀[0m[38;2;106;96;95m[48;2;104;95;93m▀[0m[38;2;107;97;96m[48;2;103;95;94m▀[0m[38;2;107;97;95m[48;2;104;95;94m▀[0m[38;2;104;96;94m[48;2;104;95;94m▀[0m[38;2;104;95;94m[48;2;103;95;94m▀[0m[38;2;104;95;94m[48;2;104;95;94m▀[0m[38;2;103;95;94m[48;2;106;96;95m▀[0m[38;2;105;96;96m[48;2;105;96;95m▀[0m[38;2;107;97;95m[48;2;105;96;95m▀[0m[38;2;107;97;95m[48;2;104;96;95m▀[0m[38;2;40;37;33m▄[0m   [38;2;7;9;5m▄[0m       
             [38;2;127;114;110m▀[0m[38;2;104;96;95m[48;2;0;2;0m▀[0m[38;2;104;96;95m[48;2;104;95;94m▀[0m[38;2;104;95;94m[48;2;107;98;98m▀[0m[38;2;88;79;77m[48;2;97;89;87m▀[0m[38;2;92;85;83m[48;2;85;77;75m▀[0m[38;2;85;77;75m[48;2;61;57;55m▀[0m[38;2;104;95;94m[48;2;104;96;95m▀[0m[38;2;105;96;95m[48;2;104;95;94m▀[0m[38;2;105;96;95m[48;2;104;95;94m▀[0m[38;2;104;95;94m[48;2;110;99;99m▀[0m[38;2;104;95;94m[48;2;71;37;53m▀[0m[38;2;104;96;95m[48;2;104;95;94m▀[0m[38;2;104;96;95m[48;2;104;95;94m▀[0m[38;2;105;96;95m[48;2;105;95;95m▀[0m[38;2;126;113;109m[48;2;113;103;101m▀[0m[38;2;126;113;110m[48;2;111;148;190m▀[0m[38;2;72;88;107m[48;2;88;108;130m▀[0m[38;2;88;109;134m[48;2;88;108;132m▀[0m[38;2;9;10;9m▄[0m       
             [38;2;67;61;58m▀[0m[38;2;103;95;94m[48;2;105;96;95m▀[0m[38;2;46;41;40m[48;2;104;95;94m▀[0m[38;2;53;51;47m[48;2;104;95;94m▀[0m[38;2;103;95;94m[48;2;104;95;94m▀[0m[38;2;85;77;75m[48;2;99;91;90m▀[0m[38;2;105;95;95m[48;2;104;96;95m▀[0m[38;2;104;96;95m[48;2;104;95;94m▀[0m[38;2;104;95;94m[48;2;68;35;51m▀[0m[38;2;104;95;94m[48;2;104;95;93m▀[0m[38;2;153;77;118m[48;2;103;95;94m▀[0m[38;2;152;76;117m[48;2;102;95;94m▀[0m[38;2;103;95;94m[48;2;104;96;95m▀[0m[38;2;103;95;93m[48;2;86;78;75m▀[0m[38;2;94;116;144m[48;2;102;134;172m▀[0m[38;2;105;141;181m[48;2;106;143;185m▀[0m[38;2;105;140;180m[48;2;106;142;184m▀[0m[38;2;70;89;109m[48;2;90;111;137m▀[0m[38;2;88;108;133m▀[0m        
             [38;2;127;113;110m▀[0m[38;2;109;100;98m▀[0m[38;2;110;101;100m[48;2;75;93;119m▀[0m[38;2;104;95;94m[48;2;85;77;75m▀[0m[38;2;103;95;94m[48;2;91;83;81m▀[0m[38;2;104;95;94m[48;2;94;86;85m▀[0m[38;2;103;95;94m[48;2;97;89;87m▀[0m[38;2;103;95;94m[48;2;22;20;19m▀[0m[38;2;104;95;94m[48;2;91;83;82m▀[0m[38;2;104;95;94m[48;2;85;77;75m▀[0m[38;2;104;95;94m[48;2;86;77;75m▀[0m[38;2;90;81;79m[48;2;87;78;75m▀[0m[38;2;85;77;74m[48;2;34;36;36m▀[0m[38;2;92;113;139m[48;2;74;96;120m▀[0m[38;2;108;145;188m[48;2;110;147;189m▀[0m[38;2;110;147;189m[48;2;104;136;173m▀[0m[38;2;102;131;164m[48;2;89;109;134m▀[0m[38;2;92;111;135m[48;2;90;110;135m▀[0m[38;2;94;114;139m[48;2;90;110;135m▀[0m        
               [38;2;74;93;119m[48;2;75;93;120m▀[0m[38;2;86;77;75m[48;2;75;93;121m▀[0m[38;2;86;77;75m[48;2;75;93;119m▀[0m[38;2;87;77;75m[48;2;91;81;80m▀[0m[38;2;71;62;60m[48;2;75;93;120m▀[0m[38;2;87;107;132m[48;2;87;106;132m▀[0m[38;2;19;19;19m[48;2;89;109;134m▀[0m[38;2;87;77;75m[48;2;20;23;28m▀[0m[38;2;86;76;73m[48;2;105;140;181m▀[0m[38;2;99;120;148m[48;2;108;143;185m▀[0m[38;2;107;143;185m[48;2;108;143;186m▀[0m[38;2;85;114;144m[48;2;72;95;119m▀[0m[38;2;100;130;166m[48;2;90;111;136m▀[0m[38;2;90;109;135m[48;2;92;111;136m▀[0m[38;2;91;112;137m[48;2;90;109;134m▀[0m[38;2;90;111;136m[48;2;90;110;135m▀[0m[38;2;89;108;133m[48;2;89;109;134m▀[0m[38;2;83;101;124m▄[0m       
               [38;2;75;94;120m[48;2;79;98;127m▀[0m[38;2;75;94;121m[48;2;75;94;121m▀[0m[38;2;75;94;121m[48;2;75;94;121m▀[0m[38;2;76;93;121m[48;2;75;94;121m▀[0m  [38;2;4;5;0m▀[0m[38;2;89;117;150m[48;2;4;2;0m▀[0m[38;2;108;144;187m[48;2;111;148;189m▀[0m[38;2;107;143;187m[48;2;110;145;187m▀[0m[38;2;108;144;187m[48;2;107;144;186m▀[0m[38;2;109;146;187m[48;2;106;142;185m▀[0m  [38;2;90;109;134m[48;2;89;108;133m▀[0m[38;2;90;110;134m[48;2;89;109;133m▀[0m[38;2;89;110;134m[48;2;87;107;131m▀[0m[38;2;89;109;134m[48;2;87;107;131m▀[0m       
              [38;2;7;7;3m▄[0m[38;2;20;24;28m▄[0m[38;2;75;93;120m[48;2;9;10;10m▀[0m[38;2;75;94;121m▀[0m[38;2;75;93;120m▀[0m   [38;2;110;142;180m▄[0m[38;2;106;143;184m[48;2;129;154;188m▀[0m[38;2;106;142;183m[48;2;116;147;185m▀[0m[38;2;107;143;185m[48;2;106;141;182m▀[0m[38;2;106;141;183m[48;2;105;140;180m▀[0m  [38;2;87;107;131m▀[0m[38;2;88;108;132m▀[0m[38;2;88;108;132m▀[0m[38;2;88;108;132m▀[0m       
                                        
