                                        
                 [38;2;200;108;106m▄[0m[38;2;193;102;101m[48;2;194;104;103m▀[0m                     
                 [38;2;192;103;101m[48;2;192;103;102m▀[0m[38;2;192;103;101m[48;2;195;104;102m▀[0m[38;2;202;107;106m▄[0m                    
                 [38;2;201;106;105m[48;2;196;105;105m▀[0m[38;2;193;103;102m[48;2;190;101;101m▀[0m[38;2;191;102;101m[48;2;190;102;101m▀[0m[38;2;8;9;6m[48;2;142;79;78m▀[0m                   
                [38;2;190;102;100m▄[0m[38;2;187;100;100m[48;2;196;106;99m▀[0m[38;2;187;100;100m[48;2;207;111;95m▀[0m[38;2;187;100;100m[48;2;190;102;100m▀[0m[38;2;11;9;7m▀[0m                   
               [38;2;204;110;102m[48;2;233;124;97m▀[0m[38;2;205;110;97m[48;2;225;122;91m▀[0m[38;2;225;121;91m[48;2;226;122;91m▀[0m[38;2;218;117;93m[48;2;226;122;91m▀[0m[38;2;198;106;98m[48;2;219;117;93m▀[0m                    
    [38;2;187;101;100m▄[0m    [38;2;0;0;0m▄[0m[38;2;247;246;247m▄[0m[38;2;241;242;244m▄[0m[38;2;240;241;244m▄[0m[38;2;242;244;246m▄[0m[38;2;240;243;246m▄[0m[38;2;1;1;1m[48;2;238;240;243m▀[0m[38;2;226;122;91m[48;2;238;240;243m▀[0m[38;2;230;123;91m[48;2;234;236;241m▀[0m[38;2;228;123;91m[48;2;196;106;80m▀[0m[38;2;228;123;92m[48;2;226;122;91m▀[0m         [38;2;0;1;0m▄[0m[38;2;196;103;102m▄[0m[38;2;192;102;101m▄[0m[38;2;63;37;35m▄[0m       
    [38;2;167;91;90m▀[0m[38;2;196;106;98m[48;2;214;115;93m▀[0m[38;2;225;122;91m[48;2;48;30;24m▀[0m[38;2;126;72;54m[48;2;255;255;255m▀[0m[38;2;247;246;247m[48;2;255;255;255m▀[0m[38;2;238;240;243m[48;2;255;255;255m▀[0m[38;2;240;242;245m[48;2;242;243;247m▀[0m[38;2;237;239;243m[48;2;237;239;243m▀[0m[38;2;235;237;242m[48;2;238;241;244m▀[0m[38;2;235;238;241m[48;2;241;243;246m▀[0m[38;2;236;238;242m[48;2;241;244;247m▀[0m[38;2;236;238;242m[48;2;240;243;247m▀[0m[38;2;236;239;242m[48;2;239;243;245m▀[0m[38;2;237;241;244m[48;2;239;242;247m▀[0m[38;2;199;197;197m[48;2;198;196;197m▀[0m[38;2;174;168;167m[48;2;175;170;168m▀[0m[38;2;177;170;168m▄[0m      [38;2;196;105;104m▄[0m[38;2;197;105;104m[48;2;189;102;101m▀[0m[38;2;191;102;101m[48;2;187;101;101m▀[0m[38;2;190;103;101m[48;2;187;100;100m▀[0m[38;2;53;32;30m▀[0m        
     [38;2;57;57;57m[48;2;244;247;249m▀[0m[38;2;255;255;255m[48;2;255;255;255m▀[0m[38;2;255;255;255m[48;2;255;255;255m▀[0m[38;2;255;255;255m[48;2;255;255;255m▀[0m[38;2;255;255;255m[48;2;255;255;255m▀[0m[38;2;255;255;255m[48;2;255;255;255m▀[0m[38;2;255;255;255m[48;2;255;255;255m▀[0m[38;2;255;255;255m[48;2;255;255;255m▀[0m[38;2;255;255;255m[48;2;255;255;255m▀[0m[38;2;255;255;255m[48;2;255;255;255m▀[0m[38;2;253;255;255m[48;2;251;252;254m▀[0m[38;2;248;250;253m[48;2;247;251;254m▀[0m[38;2;254;254;255m[48;2;218;219;219m▀[0m[38;2;189;182;181m[48;2;177;171;168m▀[0m[38;2;177;170;168m[48;2;176;169;168m▀[0m[38;2;177;170;169m[48;2;173;167;166m▀[0m[38;2;177;171;168m[48;2;34;21;17m▀[0m[38;2;229;122;91m▄[0m[38;2;220;117;95m[48;2;228;123;91m▀[0m[38;2;204;109;98m[48;2;226;122;91m▀[0m[38;2;198;106;99m[48;2;226;122;91m▀[0m[38;2;194;104;100m[48;2;214;115;93m▀[0m[38;2;188;101;101m[48;2;188;101;101m▀[0m[38;2;187;100;100m[48;2;187;101;101m▀[0m[38;2;186;100;100m[48;2;187;100;101m▀[0m[38;2;188;101;101m▀[0m         
   [38;2;6;6;4m▄[0m[38;2;242;246;250m[48;2;237;237;237m▀[0m[38;2;242;246;251m[48;2;254;254;255m▀[0m[38;2;255;255;255m[48;2;248;249;252m▀[0m[38;2;255;255;255m[48;2;251;253;255m▀[0m[38;2;255;255;255m[48;2;247;250;253m▀[0m[38;2;253;253;254m[48;2;242;246;250m▀[0m[38;2;253;253;255m[48;2;242;246;250m▀[0m[38;2;241;244;248m[48;2;242;247;251m▀[0m[38;2;242;245;247m[48;2;236;239;242m▀[0m[38;2;248;249;251m[48;2;234;238;242m▀[0m[38;2;247;249;251m[48;2;234;237;241m▀[0m[38;2;241;243;247m[48;2;235;237;242m▀[0m[38;2;235;238;241m[48;2;185;181;180m▀[0m[38;2;178;173;173m[48;2;172;165;163m▀[0m[38;2;171;164;163m[48;2;171;165;163m▀[0m[38;2;171;165;163m[48;2;170;164;162m▀[0m[38;2;170;164;162m[48;2;170;163;162m▀[0m[38;2;226;122;92m[48;2;170;163;162m▀[0m[38;2;218;118;88m[48;2;225;121;91m▀[0m[38;2;224;121;90m[48;2;225;122;91m▀[0m[38;2;224;121;91m[48;2;230;123;91m▀[0m[38;2;225;121;90m[48;2;233;125;92m▀[0m[38;2;199;107;98m▀[0m             
   [38;2;245;248;252m[48;2;223;226;230m▀[0m[38;2;240;243;247m[48;2;240;244;249m▀[0m[38;2;242;242;242m[48;2;236;238;243m▀[0m[38;2;241;244;248m[48;2;236;239;243m▀[0m[38;2;240;244;248m[48;2;47;47;47m▀[0m[38;2;247;248;250m[48;2;235;237;241m▀[0m[38;2;234;237;241m[48;2;240;242;245m▀[0m[38;2;235;237;241m[48;2;235;238;241m▀[0m[38;2;235;238;242m[48;2;235;237;242m▀[0m[38;2;235;237;241m[48;2;242;245;248m▀[0m[38;2;235;238;241m[48;2;234;237;241m▀[0m[38;2;247;247;248m[48;2;189;186;187m▀[0m[38;2;197;194;194m[48;2;0;188;244m▀[0m[38;2;179;173;171m[48;2;62;60;61m▀[0m[38;2;63;62;62m[48;2;62;61;62m▀[0m[38;2;172;166;164m[48;2;174;168;166m▀[0m[38;2;171;166;164m[48;2;174;168;167m▀[0m[38;2;175;169;167m[48;2;176;170;168m▀[0m[38;2;192;186;184m[48;2;177;171;168m▀[0m[38;2;177;171;169m[48;2;17;17;16m▀[0m[38;2;230;123;91m[48;2;177;171;168m▀[0m[38;2;231;124;91m[48;2;179;171;168m▀[0m[38;2;164;164;164m[48;2;210;207;209m▀[0m[38;2;237;237;236m[48;2;226;227;229m▀[0m[38;2;233;235;238m▄[0m[38;2;245;249;251m▄[0m[38;2;1;1;0m▄[0m          
   [38;2;62;63;62m[48;2;235;237;241m▀[0m[38;2;233;235;238m[48;2;235;238;243m▀[0m[38;2;234;235;239m[48;2;239;243;245m▀[0m[38;2;233;234;238m[48;2;240;244;248m▀[0m[38;2;234;236;240m[48;2;240;244;248m▀[0m[38;2;216;218;221m[48;2;240;243;249m▀[0m[38;2;235;238;241m[48;2;239;243;248m▀[0m[38;2;219;220;221m[48;2;247;249;252m▀[0m[38;2;243;247;252m[48;2;63;61;62m▀[0m[38;2;211;210;211m[48;2;62;61;61m▀[0m[38;2;52;43;42m[48;2;63;62;63m▀[0m[38;2;9;93;115m[48;2;75;201;242m▀[0m[38;2;0;190;246m[48;2;32;119;144m▀[0m[38;2;62;61;62m[48;2;62;60;61m▀[0m[38;2;36;35;34m[48;2;174;168;166m▀[0m[38;2;174;168;167m[48;2;173;168;166m▀[0m[38;2;175;169;168m[48;2;174;168;166m▀[0m[38;2;176;169;168m[48;2;173;167;166m▀[0m[38;2;179;171;168m[48;2;182;175;173m▀[0m[38;2;175;169;168m[48;2;173;167;166m▀[0m[38;2;176;169;168m[48;2;173;167;166m▀[0m[38;2;176;170;168m[48;2;173;168;166m▀[0m[38;2;199;196;195m[48;2;192;189;188m▀[0m[38;2;214;213;212m[48;2;202;198;197m▀[0m[38;2;234;238;241m[48;2;235;238;242m▀[0m[38;2;245;249;252m[48;2;236;238;242m▀[0m[38;2;3;3;1m[48;2;209;211;211m▀[0m          
  [38;2;18;18;18m▄[0m[38;2;240;243;246m[48;2;38;39;38m▀[0m[38;2;238;242;246m[48;2;253;253;254m▀[0m[38;2;240;244;250m[48;2;255;255;255m▀[0m[38;2;242;245;250m[48;2;166;163;162m▀[0m[38;2;245;248;252m[48;2;63;60;61m▀[0m[38;2;255;255;255m[48;2;62;60;61m▀[0m[38;2;65;63;64m[48;2;63;61;62m▀[0m[38;2;62;60;61m[48;2;62;61;61m▀[0m[38;2;62;60;62m[48;2;63;61;61m▀[0m[38;2;62;60;61m[48;2;62;60;61m▀[0m[38;2;62;60;61m[48;2;62;61;62m▀[0m[38;2;85;213;252m[48;2;62;61;61m▀[0m[38;2;62;60;61m[48;2;18;18;18m▀[0m[38;2;186;178;176m[48;2;176;170;168m▀[0m[38;2;176;170;168m[48;2;177;170;168m▀[0m[38;2;176;170;168m[48;2;178;170;168m▀[0m[38;2;176;170;168m[48;2;184;175;173m▀[0m[38;2;176;170;168m[48;2;179;171;169m▀[0m[38;2;176;170;168m[48;2;177;171;169m▀[0m[38;2;177;171;168m[48;2;177;170;168m▀[0m[38;2;179;171;168m[48;2;188;183;183m▀[0m[38;2;179;171;168m[48;2;204;202;202m▀[0m[38;2;199;196;195m[48;2;222;222;223m▀[0m[38;2;223;224;226m[48;2;239;242;244m▀[0m[38;2;237;240;243m[48;2;239;243;246m▀[0m[38;2;241;244;248m[48;2;239;242;245m▀[0m[38;2;240;243;246m[48;2;236;239;243m▀[0m[38;2;238;241;244m[48;2;241;243;246m▀[0m[38;2;235;238;242m[48;2;30;28;24m▀[0m[38;2;238;242;245m[48;2;4;5;2m▀[0m[38;2;26;26;26m▀[0m      
  [38;2;255;255;255m▀[0m[38;2;250;250;253m▀[0m[38;2;95;95;94m▀[0m[38;2;78;74;72m[48;2;182;176;175m▀[0m[38;2;175;169;168m[48;2;174;167;166m▀[0m[38;2;63;61;62m[48;2;175;169;167m▀[0m[38;2;62;61;62m[48;2;62;61;62m▀[0m[38;2;62;61;62m[48;2;62;60;61m▀[0m[38;2;62;60;61m[48;2;63;61;62m▀[0m[38;2;63;61;62m[48;2;62;60;61m▀[0m[38;2;62;60;61m[48;2;64;62;63m▀[0m[38;2;62;61;62m[48;2;177;170;168m▀[0m[38;2;53;51;50m[48;2;178;170;168m▀[0m[38;2;177;170;168m[48;2;176;171;169m▀[0m[38;2;179;171;168m[48;2;177;171;168m▀[0m[38;2;180;172;169m[48;2;176;170;168m▀[0m[38;2;178;171;168m[48;2;181;174;172m▀[0m[38;2;177;170;168m[48;2;177;170;168m▀[0m[38;2;177;171;168m[48;2;175;169;168m▀[0m[38;2;177;170;168m[48;2;176;170;169m▀[0m[38;2;180;175;174m[48;2;207;205;207m▀[0m[38;2;223;222;225m[48;2;224;226;229m▀[0m[38;2;228;230;233m[48;2;231;233;237m▀[0m[38;2;230;232;236m[48;2;233;234;238m▀[0m[38;2;231;232;236m[48;2;243;245;248m▀[0m[38;2;236;239;243m[48;2;249;248;250m▀[0m[38;2;239;242;246m[48;2;246;246;246m▀[0m[38;2;243;245;249m[48;2;18;14;10m▀[0m[38;2;247;247;250m[48;2;168;129;88m▀[0m[38;2;242;244;248m[48;2;166;128;87m▀[0m[38;2;35;28;19m[48;2;170;133;94m▀[0m[38;2;177;136;93m[48;2;124;100;74m▀[0m[38;2;165;127;87m▄[0m     
    [38;2;1;1;0m▀[0m[38;2;173;167;165m▀[0m[38;2;172;166;164m[48;2;177;171;169m▀[0m[38;2;174;169;167m[48;2;174;168;167m▀[0m[38;2;175;169;168m[48;2;175;169;167m▀[0m[38;2;180;174;172m[48;2;176;170;168m▀[0m[38;2;176;170;168m[48;2;175;170;168m▀[0m[38;2;176;170;168m[48;2;174;168;166m▀[0m[38;2;176;170;168m[48;2;174;168;166m▀[0m[38;2;175;169;167m[48;2;175;169;167m▀[0m[38;2;176;169;168m[48;2;177;170;168m▀[0m[38;2;176;170;168m[48;2;178;171;168m▀[0m[38;2;177;171;168m[48;2;173;167;166m▀[0m[38;2;178;171;168m[48;2;171;165;164m▀[0m[38;2;174;168;167m[48;2;170;165;163m▀[0m[38;2;172;166;165m[48;2;173;168;166m▀[0m[38;2;228;122;91m[48;2;93;52;38m▀[0m[38;2;226;122;91m[48;2;229;123;91m▀[0m[38;2;226;122;91m[48;2;232;124;92m▀[0m[38;2;231;124;92m[48;2;234;125;91m▀[0m[38;2;249;248;248m[48;2;214;114;96m▀[0m[38;2;239;238;239m[48;2;123;93;65m▀[0m[38;2;241;240;241m[48;2;145;111;77m▀[0m[38;2;243;243;244m[48;2;161;124;86m▀[0m[38;2;166;128;87m[48;2;161;124;85m▀[0m[38;2;182;140;96m[48;2;161;124;86m▀[0m[38;2;163;126;86m[48;2;160;123;86m▀[0m[38;2;163;125;86m[48;2;160;123;85m▀[0m[38;2;162;125;86m[48;2;160;123;85m▀[0m[38;2;161;123;85m[48;2;160;124;85m▀[0m[38;2;180;147;112m[48;2;126;98;67m▀[0m[38;2;162;124;86m[48;2;177;144;108m▀[0m[38;2;79;62;43m▄[0m   
    [38;2;64;37;35m[48;2;193;103;101m▀[0m[38;2;39;34;32m[48;2;149;152;154m▀[0m[38;2;178;170;168m[48;2;229;122;91m▀[0m[38;2;175;169;168m[48;2;80;78;76m▀[0m[38;2;174;169;167m[48;2;58;55;57m▀[0m[38;2;173;168;166m[48;2;174;168;167m▀[0m[38;2;174;168;167m[48;2;174;168;166m▀[0m[38;2;174;168;166m[48;2;173;166;165m▀[0m[38;2;173;168;166m[48;2;170;164;163m▀[0m[38;2;172;166;165m[48;2;170;164;162m▀[0m[38;2;170;165;163m[48;2;171;165;163m▀[0m[38;2;171;166;164m[48;2;168;162;161m▀[0m[38;2;171;165;163m[48;2;61;60;61m▀[0m[38;2;175;169;167m[48;2;62;60;61m▀[0m[38;2;171;165;163m[48;2;34;34;34m▀[0m[38;2;176;170;168m[48;2;185;182;182m▀[0m[38;2;236;125;93m[48;2;187;185;185m▀[0m[38;2;227;122;91m[48;2;216;216;218m▀[0m[38;2;226;122;91m[48;2;199;107;102m▀[0m[38;2;226;122;91m[48;2;191;102;101m▀[0m[38;2;207;111;96m[48;2;189;101;101m▀[0m[38;2;188;101;101m[48;2;188;101;101m▀[0m[38;2;122;91;65m[48;2;188;101;101m▀[0m[38;2;122;91;64m[48;2;118;65;64m▀[0m[38;2;130;99;69m[48;2;121;91;64m▀[0m[38;2;153;116;81m[48;2;122;91;64m▀[0m[38;2;162;125;86m[48;2;127;95;67m▀[0m[38;2;161;124;86m[48;2;127;96;67m▀[0m[38;2;161;124;86m[48;2;138;105;73m▀[0m[38;2;162;124;86m[48;2;153;118;81m▀[0m[38;2;160;123;85m[48;2;165;127;88m▀[0m[38;2;163;127;87m[48;2;163;125;86m▀[0m[38;2;170;132;92m[48;2;163;125;86m▀[0m[38;2;164;126;87m▄[0m  
  [38;2;109;61;59m▀[0m[38;2;189;102;101m▀[0m[38;2;189;101;101m▀[0m[38;2;201;108;98m▀[0m[38;2;31;32;33m[48;2;77;76;78m▀[0m[38;2;62;60;61m[48;2;70;67;68m▀[0m[38;2;61;60;62m[48;2;61;60;61m▀[0m[38;2;173;167;166m[48;2;184;180;180m▀[0m[38;2;170;163;162m[48;2;183;179;179m▀[0m[38;2;170;163;162m[48;2;172;166;166m▀[0m[38;2;170;163;162m[48;2;170;163;162m▀[0m[38;2;170;164;163m[48;2;180;175;174m▀[0m[38;2;172;166;164m[48;2;76;74;76m▀[0m[38;2;68;67;68m[48;2;77;75;77m▀[0m[38;2;62;60;61m[48;2;74;73;75m▀[0m[38;2;62;60;61m[48;2;34;34;33m▀[0m[38;2;170;167;166m[48;2;199;197;197m▀[0m[38;2;192;188;188m[48;2;216;215;218m▀[0m[38;2;218;219;221m[48;2;226;229;231m▀[0m[38;2;227;228;232m[48;2;184;186;188m▀[0m[38;2;232;234;237m[48;2;180;182;184m▀[0m[38;2;131;72;71m[48;2;80;64;52m▀[0m[38;2;187;101;101m[48;2;106;82;63m▀[0m[38;2;187;100;100m[48;2;120;91;64m▀[0m[38;2;187;101;100m[48;2;121;91;64m▀[0m[38;2;187;101;100m[48;2;123;93;65m▀[0m[38;2;188;101;100m[48;2;128;95;67m▀[0m[38;2;121;91;64m[48;2;85;67;45m▀[0m[38;2;124;94;66m[48;2;125;93;65m▀[0m[38;2;123;93;65m[48;2;126;94;66m▀[0m[38;2;123;92;65m[48;2;126;94;66m▀[0m[38;2;123;92;65m[48;2;127;94;66m▀[0m[38;2;78;58;41m[48;2;127;94;66m▀[0m[38;2;127;95;66m[48;2;127;95;67m▀[0m[38;2;132;99;68m[48;2;156;118;80m▀[0m[38;2;135;101;69m▀[0m  
     [38;2;108;103;101m▀[0m[38;2;90;85;87m▀[0m[38;2;77;75;77m▀[0m[38;2;217;217;219m[48;2;0;0;0m▀[0m[38;2;215;215;217m▀[0m[38;2;205;204;205m[48;2;232;234;237m▀[0m[38;2;219;219;222m[48;2;233;235;238m▀[0m[38;2;223;225;227m[48;2;236;239;242m▀[0m[38;2;211;211;213m[48;2;231;233;237m▀[0m[38;2;109;103;102m[48;2;228;230;232m▀[0m[38;2;89;85;86m[48;2;224;226;228m▀[0m[38;2;222;223;225m[48;2;226;228;231m▀[0m[38;2;224;226;229m[48;2;231;233;236m▀[0m[38;2;227;229;232m[48;2;232;234;239m▀[0m[38;2;227;229;233m[48;2;232;234;237m▀[0m[38;2;228;230;234m[48;2;98;78;63m▀[0m[38;2;227;229;233m[48;2;42;42;44m▀[0m[38;2;98;77;63m[48;2;34;34;36m▀[0m[38;2;98;77;63m[48;2;19;20;20m▀[0m[38;2;116;88;64m[48;2;130;97;67m▀[0m[38;2;123;93;65m[48;2;142;106;72m▀[0m[38;2;124;93;65m[48;2;63;61;62m▀[0m[38;2;124;93;66m[48;2;64;61;62m▀[0m[38;2;126;95;66m[48;2;4;6;2m▀[0m[38;2;126;95;66m▀[0m[38;2;127;95;66m▀[0m[38;2;126;94;66m▀[0m[38;2;147;110;75m▀[0m[38;2;44;35;24m▀[0m      
            [38;2;56;56;60m[48;2;61;60;64m▀[0m[38;2;231;233;237m▀[0m[38;2;227;228;232m▀[0m[38;2;228;230;233m[48;2;26;26;26m▀[0m[38;2;239;241;246m▀[0m[38;2;212;215;217m▀[0m[38;2;23;24;23m▀[0m[38;2;231;232;235m▀[0m [38;2;56;55;59m▀[0m[38;2;56;55;60m[48;2;63;60;61m▀[0m[38;2;56;56;60m▀[0m  [38;2;63;61;62m▀[0m[38;2;63;61;62m[48;2;24;24;23m▀[0m[38;2;5;6;2m▀[0m           
                                        
