                                        
                 [38;2;234;197;0m▄[0m[38;2;227;189;0m[48;2;227;191;0m▀[0m                     
                 [38;2;224;190;0m[48;2;226;189;0m▀[0m[38;2;223;190;0m[48;2;229;193;0m▀[0m[38;2;236;197;0m▄[0m                    
                 [38;2;236;197;0m[48;2;231;192;0m▀[0m[38;2;226;190;0m[48;2;224;184;0m▀[0m[38;2;224;188;0m[48;2;223;186;0m▀[0m[38;2;5;10;3m[48;2;165;140;0m▀[0m                   
                [38;2;222;188;0m▄[0m[38;2;219;182;0m[48;2;224;200;0m▀[0m[38;2;220;182;0m[48;2;231;223;0m▀[0m[38;2;219;183;0m[48;2;221;188;0m▀[0m[38;2;11;12;2m▀[0m                   
               [38;2;234;209;0m[48;2;237;248;0m▀[0m[38;2;231;218;0m[48;2;226;244;0m▀[0m[38;2;227;244;0m[48;2;227;245;0m▀[0m[38;2;232;238;0m[48;2;228;245;0m▀[0m[38;2;226;205;0m[48;2;232;239;0m▀[0m                    
    [38;2;219;184;0m▄[0m    [38;2;0;0;0m▄[0m[38;2;248;246;248m▄[0m[38;2;240;242;245m▄[0m[38;2;239;242;246m▄[0m[38;2;239;247;246m▄[0m[38;2;234;246;244m▄[0m[38;2;0;1;0m[48;2;235;241;247m▀[0m[38;2;226;245;0m[48;2;235;240;248m▀[0m[38;2;231;249;0m[48;2;232;236;249m▀[0m[38;2;229;248;0m[48;2;198;212;0m▀[0m[38;2;228;247;0m[48;2;227;245;0m▀[0m         [38;2;0;0;0m▄[0m[38;2;230;194;0m▄[0m[38;2;225;189;0m▄[0m[38;2;74;64;1m▄[0m       
    [38;2;195;164;0m▀[0m[38;2;224;202;0m[48;2;233;235;0m▀[0m[38;2;227;245;0m[48;2;47;60;1m▀[0m[38;2;114;129;0m[48;2;255;255;255m▀[0m[38;2;247;246;249m[48;2;255;255;255m▀[0m[38;2;236;240;246m[48;2;255;255;255m▀[0m[38;2;238;244;246m[48;2;242;243;247m▀[0m[38;2;235;241;244m[48;2;237;239;243m▀[0m[38;2;234;237;247m[48;2;238;243;242m▀[0m[38;2;231;241;240m[48;2;238;246;247m▀[0m[38;2;233;239;244m[48;2;236;248;246m▀[0m[38;2;234;238;246m[48;2;237;247;246m▀[0m[38;2;232;242;242m[48;2;234;247;242m▀[0m[38;2;233;244;244m[48;2;233;246;248m▀[0m[38;2;198;199;194m[48;2;199;197;196m▀[0m[38;2;176;174;157m[48;2;175;175;161m▀[0m[38;2;176;179;155m▄[0m      [38;2;232;191;0m▄[0m[38;2;230;194;0m[48;2;222;185;0m▀[0m[38;2;224;189;0m[48;2;220;182;0m▀[0m[38;2;223;188;0m[48;2;220;183;0m▀[0m[38;2;62;55;0m▀[0m        
     [38;2;57;57;59m[48;2;241;247;254m▀[0m[38;2;255;255;255m[48;2;255;255;255m▀[0m[38;2;255;255;255m[48;2;255;255;255m▀[0m[38;2;255;255;255m[48;2;255;255;255m▀[0m[38;2;255;255;255m[48;2;255;255;255m▀[0m[38;2;255;255;255m[48;2;255;255;255m▀[0m[38;2;255;255;255m[48;2;255;255;255m▀[0m[38;2;255;255;255m[48;2;255;255;255m▀[0m[38;2;255;255;255m[48;2;255;255;255m▀[0m[38;2;255;255;255m[48;2;255;255;255m▀[0m[38;2;252;255;254m[48;2;251;252;254m▀[0m[38;2;244;252;253m[48;2;242;255;252m▀[0m[38;2;254;254;255m[48;2;218;219;219m▀[0m[38;2;189;189;174m[48;2;175;178;160m▀[0m[38;2;176;178;160m[48;2;175;177;160m▀[0m[38;2;177;179;157m[48;2;173;173;155m▀[0m[38;2;173;179;155m[48;2;34;36;5m▀[0m[38;2;232;249;0m▄[0m[38;2;240;242;0m[48;2;229;247;0m▀[0m[38;2;231;215;0m[48;2;227;245;0m▀[0m[38;2;227;203;0m[48;2;227;245;0m▀[0m[38;2;225;194;0m[48;2;232;235;0m▀[0m[38;2;221;183;0m[48;2;221;183;0m▀[0m[38;2;219;183;0m[48;2;220;182;0m▀[0m[38;2;219;182;0m[48;2;221;181;0m▀[0m[38;2;221;184;0m▀[0m         
   [38;2;6;6;4m▄[0m[38;2;233;251;249m[48;2;237;237;237m▀[0m[38;2;234;251;251m[48;2;254;254;255m▀[0m[38;2;255;255;255m[48;2;248;249;252m▀[0m[38;2;255;255;255m[48;2;251;253;255m▀[0m[38;2;255;255;255m[48;2;247;253;251m▀[0m[38;2;253;253;254m[48;2;242;250;248m▀[0m[38;2;253;253;255m[48;2;242;250;248m▀[0m[38;2;241;245;248m[48;2;242;251;248m▀[0m[38;2;242;247;245m[48;2;236;239;242m▀[0m[38;2;248;250;251m[48;2;234;241;239m▀[0m[38;2;247;251;250m[48;2;234;239;240m▀[0m[38;2;241;244;246m[48;2;235;237;242m▀[0m[38;2;235;239;241m[48;2;185;184;180m▀[0m[38;2;179;178;168m[48;2;171;173;156m▀[0m[38;2;171;171;157m[48;2;170;172;156m▀[0m[38;2;170;172;156m[48;2;168;170;154m▀[0m[38;2;168;170;151m[48;2;171;171;151m▀[0m[38;2;227;245;0m[48;2;171;171;152m▀[0m[38;2;218;233;0m[48;2;228;245;0m▀[0m[38;2;225;243;0m[48;2;226;245;0m▀[0m[38;2;225;243;0m[48;2;231;249;0m▀[0m[38;2;227;244;0m[48;2;234;254;0m▀[0m[38;2;227;206;0m▀[0m             
   [38;2;245;248;254m[48;2;223;226;230m▀[0m[38;2;238;247;245m[48;2;240;244;249m▀[0m[38;2;242;242;242m[48;2;236;239;242m▀[0m[38;2;241;246;247m[48;2;236;239;243m▀[0m[38;2;240;246;247m[48;2;47;48;47m▀[0m[38;2;247;248;250m[48;2;235;239;240m▀[0m[38;2;234;237;241m[48;2;240;242;245m▀[0m[38;2;235;237;241m[48;2;235;238;241m▀[0m[38;2;235;239;242m[48;2;235;237;242m▀[0m[38;2;235;238;241m[48;2;242;248;246m▀[0m[38;2;235;241;240m[48;2;234;237;241m▀[0m[38;2;247;247;248m[48;2;189;187;187m▀[0m[38;2;197;195;194m[48;2;15;211;102m▀[0m[38;2;179;179;171m[48;2;62;60;61m▀[0m[38;2;63;62;62m[48;2;62;61;62m▀[0m[38;2;171;173;158m[48;2;173;175;159m▀[0m[38;2;170;171;157m[48;2;175;174;161m▀[0m[38;2;173;175;159m[48;2;175;177;160m▀[0m[38;2;191;193;171m[48;2;174;178;160m▀[0m[38;2;176;178;156m[48;2;17;17;15m▀[0m[38;2;231;249;0m[48;2;174;178;160m▀[0m[38;2;230;250;0m[48;2;179;180;159m▀[0m[38;2;165;164;163m[48;2;212;207;209m▀[0m[38;2;236;237;236m[48;2;225;228;231m▀[0m[38;2;228;236;241m▄[0m[38;2;238;252;248m▄[0m[38;2;0;0;0m▄[0m          
   [38;2;62;64;62m[48;2;235;239;240m▀[0m[38;2;233;235;238m[48;2;235;238;242m▀[0m[38;2;234;235;239m[48;2;239;245;243m▀[0m[38;2;233;234;238m[48;2;240;244;248m▀[0m[38;2;234;236;240m[48;2;240;246;246m▀[0m[38;2;216;218;221m[48;2;240;246;248m▀[0m[38;2;235;239;240m[48;2;239;247;246m▀[0m[38;2;219;221;220m[48;2;247;249;251m▀[0m[38;2;243;247;252m[48;2;63;61;62m▀[0m[38;2;211;211;211m[48;2;62;61;61m▀[0m[38;2;52;51;42m[48;2;63;62;63m▀[0m[38;2;7;91;42m[48;2;52;229;146m▀[0m[38;2;15;211;103m[48;2;20;117;66m▀[0m[38;2;62;61;62m[48;2;62;60;61m▀[0m[38;2;36;36;34m[48;2;173;174;166m▀[0m[38;2;175;174;161m[48;2;172;173;159m▀[0m[38;2;176;175;162m[48;2;173;174;159m▀[0m[38;2;177;177;161m[48;2;173;173;160m▀[0m[38;2;180;181;158m[48;2;181;183;166m▀[0m[38;2;176;176;161m[48;2;174;173;160m▀[0m[38;2;176;176;162m[48;2;173;173;160m▀[0m[38;2;176;177;161m[48;2;173;173;160m▀[0m[38;2;199;199;192m[48;2;192;192;185m▀[0m[38;2;214;214;210m[48;2;201;202;192m▀[0m[38;2;229;243;237m[48;2;231;240;243m▀[0m[38;2;238;252;253m[48;2;234;238;246m▀[0m[38;2;0;0;0m[48;2;207;212;210m▀[0m          
  [38;2;18;18;18m▄[0m[38;2;240;246;245m[48;2;39;39;38m▀[0m[38;2;238;246;245m[48;2;253;253;254m▀[0m[38;2;240;244;250m[48;2;255;255;255m▀[0m[38;2;242;248;249m[48;2;166;166;162m▀[0m[38;2;245;248;252m[48;2;64;61;61m▀[0m[38;2;255;255;255m[48;2;62;60;61m▀[0m[38;2;65;64;64m[48;2;63;61;62m▀[0m[38;2;62;60;61m[48;2;62;61;61m▀[0m[38;2;62;60;62m[48;2;63;61;61m▀[0m[38;2;62;60;61m[48;2;62;60;61m▀[0m[38;2;62;60;61m[48;2;62;61;62m▀[0m[38;2;59;238;157m[48;2;62;61;61m▀[0m[38;2;62;60;61m[48;2;18;18;18m▀[0m[38;2;185;186;176m[48;2;175;176;168m▀[0m[38;2;175;176;168m[48;2;176;177;168m▀[0m[38;2;176;177;161m[48;2;177;179;160m▀[0m[38;2;176;177;161m[48;2;185;185;162m▀[0m[38;2;175;177;160m[48;2;180;180;160m▀[0m[38;2;175;177;160m[48;2;176;178;161m▀[0m[38;2;175;178;160m[48;2;176;178;160m▀[0m[38;2;178;180;158m[48;2;189;188;179m▀[0m[38;2;178;180;159m[48;2;204;203;202m▀[0m[38;2;199;199;192m[48;2;222;222;225m▀[0m[38;2;222;224;228m[48;2;236;243;247m▀[0m[38;2;232;244;240m[48;2;236;244;250m▀[0m[38;2;238;244;252m[48;2;236;242;249m▀[0m[38;2;236;245;246m[48;2;232;240;248m▀[0m[38;2;233;245;240m[48;2;241;243;246m▀[0m[38;2;235;239;242m[48;2;30;28;24m▀[0m[38;2;238;242;245m[48;2;1;2;1m▀[0m[38;2;25;26;26m▀[0m      
  [38;2;255;255;255m▀[0m[38;2;250;250;253m▀[0m[38;2;95;95;94m▀[0m[38;2;77;78;72m[48;2;182;182;175m▀[0m[38;2;175;175;167m[48;2;174;174;164m▀[0m[38;2;63;61;62m[48;2;174;175;165m▀[0m[38;2;62;61;62m[48;2;62;61;62m▀[0m[38;2;62;61;62m[48;2;62;60;61m▀[0m[38;2;62;60;61m[48;2;63;61;62m▀[0m[38;2;63;61;62m[48;2;62;60;61m▀[0m[38;2;62;60;61m[48;2;64;62;63m▀[0m[38;2;62;61;62m[48;2;176;177;168m▀[0m[38;2;52;53;50m[48;2;178;178;168m▀[0m[38;2;176;177;168m[48;2;175;176;169m▀[0m[38;2;178;179;168m[48;2;176;177;168m▀[0m[38;2;179;181;159m[48;2;175;177;160m▀[0m[38;2;177;179;159m[48;2;180;182;163m▀[0m[38;2;176;178;160m[48;2;176;179;155m▀[0m[38;2;175;178;160m[48;2;177;175;158m▀[0m[38;2;176;178;160m[48;2;178;176;159m▀[0m[38;2;181;181;168m[48;2;208;205;209m▀[0m[38;2;223;222;227m[48;2;222;226;234m▀[0m[38;2;226;230;236m[48;2;228;233;244m▀[0m[38;2;228;232;240m[48;2;232;234;239m▀[0m[38;2;231;232;240m[48;2;243;245;248m▀[0m[38;2;236;239;243m[48;2;249;248;250m▀[0m[38;2;239;242;246m[48;2;246;246;246m▀[0m[38;2;243;245;250m[48;2;18;14;10m▀[0m[38;2;247;247;250m[48;2;168;129;88m▀[0m[38;2;242;244;248m[48;2;166;128;87m▀[0m[38;2;35;28;19m[48;2;170;133;94m▀[0m[38;2;177;136;93m[48;2;124;100;74m▀[0m[38;2;165;127;87m▄[0m     
    [38;2;1;1;1m▀[0m[38;2;172;173;154m▀[0m[38;2;172;173;154m[48;2;175;179;156m▀[0m[38;2;174;174;157m[48;2;175;174;157m▀[0m[38;2;175;175;166m[48;2;173;175;155m▀[0m[38;2;179;180;170m[48;2;175;176;166m▀[0m[38;2;175;176;166m[48;2;175;175;166m▀[0m[38;2;175;176;168m[48;2;173;174;164m▀[0m[38;2;175;176;168m[48;2;173;174;166m▀[0m[38;2;174;175;167m[48;2;174;175;167m▀[0m[38;2;176;176;168m[48;2;176;177;168m▀[0m[38;2;175;176;168m[48;2;177;178;168m▀[0m[38;2;175;177;168m[48;2;173;173;164m▀[0m[38;2;175;179;160m[48;2;172;171;158m▀[0m[38;2;175;174;161m[48;2;170;170;157m▀[0m[38;2;173;172;155m[48;2;172;174;155m▀[0m[38;2;230;247;0m[48;2;89;100;0m▀[0m[38;2;227;245;0m[48;2;230;248;0m▀[0m[38;2;228;246;0m[48;2;233;253;0m▀[0m[38;2;233;251;0m[48;2;234;254;0m▀[0m[38;2;250;248;249m[48;2;237;233;0m▀[0m[38;2;239;238;239m[48;2;123;93;65m▀[0m[38;2;241;240;241m[48;2;145;111;77m▀[0m[38;2;243;243;244m[48;2;161;124;86m▀[0m[38;2;166;128;87m[48;2;161;124;85m▀[0m[38;2;182;140;96m[48;2;161;124;86m▀[0m[38;2;163;126;86m[48;2;160;123;86m▀[0m[38;2;163;125;86m[48;2;160;123;85m▀[0m[38;2;162;125;86m[48;2;160;123;85m▀[0m[38;2;161;123;85m[48;2;160;124;85m▀[0m[38;2;180;147;112m[48;2;126;98;67m▀[0m[38;2;162;124;86m[48;2;177;144;108m▀[0m[38;2;79;62;43m▄[0m   
    [38;2;73;65;0m[48;2;225;190;0m▀[0m[38;2;27;56;11m[48;2;145;154;152m▀[0m[38;2;179;180;154m[48;2;230;248;0m▀[0m[38;2;176;175;157m[48;2;80;81;71m▀[0m[38;2;174;175;157m[48;2;60;54;59m▀[0m[38;2;172;173;164m[48;2;175;174;157m▀[0m[38;2;174;174;165m[48;2;174;174;164m▀[0m[38;2;173;174;164m[48;2;172;173;163m▀[0m[38;2;172;173;166m[48;2;170;170;163m▀[0m[38;2;172;172;165m[48;2;170;170;162m▀[0m[38;2;170;170;163m[48;2;170;172;156m▀[0m[38;2;170;171;158m[48;2;168;169;155m▀[0m[38;2;170;172;156m[48;2;63;60;61m▀[0m[38;2;174;176;160m[48;2;63;59;62m▀[0m[38;2;170;172;154m[48;2;34;34;34m▀[0m[38;2;174;178;156m[48;2;186;185;179m▀[0m[38;2;237;254;0m[48;2;187;187;182m▀[0m[38;2;228;246;0m[48;2;216;216;221m▀[0m[38;2;227;245;0m[48;2;230;200;0m▀[0m[38;2;227;245;0m[48;2;223;188;0m▀[0m[38;2;231;222;0m[48;2;222;184;0m▀[0m[38;2;221;183;0m[48;2;221;182;0m▀[0m[38;2;122;91;65m[48;2;221;183;0m▀[0m[38;2;122;91;64m[48;2;138;117;0m▀[0m[38;2;130;99;69m[48;2;121;91;64m▀[0m[38;2;153;116;81m[48;2;122;91;64m▀[0m[38;2;162;125;86m[48;2;127;95;67m▀[0m[38;2;161;124;86m[48;2;127;96;67m▀[0m[38;2;161;124;86m[48;2;138;105;73m▀[0m[38;2;162;124;86m[48;2;153;118;81m▀[0m[38;2;160;123;85m[48;2;165;127;88m▀[0m[38;2;163;127;87m[48;2;163;125;86m▀[0m[38;2;170;132;92m[48;2;163;125;86m▀[0m[38;2;164;126;87m▄[0m  
  [38;2;125;109;0m▀[0m[38;2;222;185;0m▀[0m[38;2;222;184;0m▀[0m[38;2;229;208;0m▀[0m[38;2;28;34;31m[48;2;77;76;79m▀[0m[38;2;65;60;62m[48;2;70;67;68m▀[0m[38;2;62;60;63m[48;2;61;60;61m▀[0m[38;2;172;173;164m[48;2;184;183;180m▀[0m[38;2;170;170;160m[48;2;183;182;179m▀[0m[38;2;170;170;162m[48;2;172;171;166m▀[0m[38;2;169;170;162m[48;2;169;169;162m▀[0m[38;2;170;169;163m[48;2;180;179;174m▀[0m[38;2;172;171;158m[48;2;77;74;77m▀[0m[38;2;69;67;69m[48;2;78;74;78m▀[0m[38;2;64;60;62m[48;2;75;73;76m▀[0m[38;2;64;60;62m[48;2;34;34;31m▀[0m[38;2;171;170;161m[48;2;201;197;197m▀[0m[38;2;193;191;183m[48;2;217;215;223m▀[0m[38;2;216;219;224m[48;2;223;232;229m▀[0m[38;2;225;229;236m[48;2;184;186;187m▀[0m[38;2;232;234;237m[48;2;180;182;184m▀[0m[38;2;151;129;3m[48;2;80;64;52m▀[0m[38;2;221;182;0m[48;2;106;82;63m▀[0m[38;2;219;183;0m[48;2;120;91;64m▀[0m[38;2;219;184;0m[48;2;121;91;64m▀[0m[38;2;219;184;0m[48;2;123;93;65m▀[0m[38;2;220;184;0m[48;2;128;95;67m▀[0m[38;2;121;91;64m[48;2;86;67;45m▀[0m[38;2;124;94;66m[48;2;125;93;65m▀[0m[38;2;123;93;65m[48;2;126;94;66m▀[0m[38;2;123;92;65m[48;2;126;94;66m▀[0m[38;2;123;92;65m[48;2;127;94;66m▀[0m[38;2;78;58;41m[48;2;127;94;66m▀[0m[38;2;127;95;66m[48;2;127;95;67m▀[0m[38;2;132;99;68m[48;2;156;118;80m▀[0m[38;2;135;101;69m▀[0m  
     [38;2;107;108;101m▀[0m[38;2;90;87;86m▀[0m[38;2;77;75;77m▀[0m[38;2;217;217;219m[48;2;0;0;0m▀[0m[38;2;215;215;217m▀[0m[38;2;205;204;205m[48;2;232;234;237m▀[0m[38;2;219;219;222m[48;2;233;235;238m▀[0m[38;2;223;226;226m[48;2;236;242;241m▀[0m[38;2;211;211;213m[48;2;229;233;241m▀[0m[38;2;110;108;96m[48;2;225;233;231m▀[0m[38;2;91;86;84m[48;2;223;227;229m▀[0m[38;2;221;223;226m[48;2;224;230;232m▀[0m[38;2;223;226;232m[48;2;229;233;239m▀[0m[38;2;225;229;234m[48;2;232;234;239m▀[0m[38;2;227;229;233m[48;2;232;234;237m▀[0m[38;2;228;230;234m[48;2;98;78;63m▀[0m[38;2;227;229;233m[48;2;42;42;44m▀[0m[38;2;98;77;63m[48;2;34;34;36m▀[0m[38;2;98;77;63m[48;2;19;20;20m▀[0m[38;2;116;88;64m[48;2;130;97;67m▀[0m[38;2;123;93;65m[48;2;142;106;72m▀[0m[38;2;124;93;65m[48;2;63;61;62m▀[0m[38;2;124;93;66m[48;2;64;61;62m▀[0m[38;2;126;95;66m[48;2;4;6;2m▀[0m[38;2;126;95;66m▀[0m[38;2;127;95;66m▀[0m[38;2;126;94;66m▀[0m[38;2;147;110;75m▀[0m[38;2;44;35;24m▀[0m      
            [38;2;56;56;64m[48;2;61;60;67m▀[0m[38;2;229;233;241m▀[0m[38;2;225;228;236m▀[0m[38;2;227;230;237m[48;2;26;26;26m▀[0m[38;2;237;241;251m▀[0m[38;2;208;218;215m▀[0m[38;2;23;24;21m▀[0m[38;2;231;232;235m▀[0m [38;2;56;55;59m▀[0m[38;2;56;55;60m[48;2;63;60;61m▀[0m[38;2;56;56;60m▀[0m  [38;2;63;61;62m▀[0m[38;2;63;61;62m[48;2;24;24;23m▀[0m[38;2;6;6;2m▀[0m           
                                        
