                                        
                                        
                          [38;2;95;53;51m▄[0m[38;2;194;103;101m▄[0m[38;2;198;104;102m▄[0m[38;2;198;104;102m▄[0m[38;2;0;3;0m[48;2;194;103;102m▀[0m[38;2;114;64;62m▀[0m        
      [38;2;32;21;18m▀[0m[38;2;174;94;92m[48;2;67;37;36m▀[0m[38;2;193;103;102m▄[0m[38;2;193;103;102m▄[0m[38;2;197;105;104m▄[0m            [38;2;192;103;103m▄[0m[38;2;54;31;29m[48;2;188;101;101m▀[0m[38;2;191;102;101m[48;2;188;101;101m▀[0m[38;2;190;102;101m[48;2;188;101;100m▀[0m[38;2;189;102;101m[48;2;179;98;98m▀[0m[38;2;190;101;100m[48;2;188;101;101m▀[0m[38;2;190;102;101m[48;2;201;108;107m▀[0m          
        [38;2;193;103;102m[48;2;87;49;46m▀[0m[38;2;193;104;102m[48;2;193;103;102m▀[0m[38;2;194;103;102m[48;2;190;102;101m▀[0m[38;2;192;103;101m[48;2;189;102;101m▀[0m[38;2;160;87;85m[48;2;189;101;101m▀[0m[38;2;192;103;103m▄[0m    [38;2;209;143;133m▄[0m  [38;2;176;95;94m▄[0m[38;2;190;102;102m[48;2;189;102;101m▀[0m[38;2;188;101;101m[48;2;191;102;101m▀[0m[38;2;188;101;101m[48;2;39;37;37m▀[0m[38;2;189;101;101m[48;2;190;102;101m▀[0m[38;2;189;102;101m[48;2;189;101;100m▀[0m[38;2;40;38;37m[48;2;189;101;101m▀[0m[38;2;190;102;101m[48;2;189;101;100m▀[0m           
         [38;2;189;101;100m[48;2;189;101;100m▀[0m[38;2;102;66;65m[48;2;189;102;101m▀[0m[38;2;116;61;62m[48;2;217;115;93m▀[0m[38;2;121;65;64m[48;2;66;48;43m▀[0m[38;2;189;102;101m[48;2;205;110;93m▀[0m[38;2;208;112;109m[48;2;212;114;96m▀[0m [38;2;68;48;44m▄[0m[38;2;217;148;137m[48;2;207;141;132m▀[0m[38;2;3;5;1m▀[0m [38;2;219;117;93m▄[0m[38;2;193;103;100m[48;2;221;118;93m▀[0m[38;2;192;102;101m[48;2;221;118;93m▀[0m[38;2;96;63;62m[48;2;223;119;93m▀[0m[38;2;37;37;37m[48;2;232;124;90m▀[0m[38;2;191;102;102m[48;2;219;117;93m▀[0m[38;2;191;102;101m[48;2;197;105;100m▀[0m[38;2;192;102;101m[48;2;194;103;102m▀[0m[38;2;192;102;101m[48;2;198;104;102m▀[0m           
        [38;2;102;58;52m▄[0m[38;2;192;103;100m[48;2;215;115;95m▀[0m[38;2;225;119;93m[48;2;244;129;88m▀[0m[38;2;239;128;88m[48;2;243;129;87m▀[0m[38;2;199;124;117m[48;2;90;87;83m▀[0m[38;2;196;112;109m[48;2;80;77;77m▀[0m[38;2;46;43;40m[48;2;89;87;88m▀[0m[38;2;248;132;91m[48;2;77;74;73m▀[0m[38;2;193;108;106m[48;2;166;88;87m▀[0m[38;2;83;59;53m[48;2;198;104;101m▀[0m[38;2;123;68;66m[48;2;196;103;102m▀[0m[38;2;13;9;4m▄[0m[38;2;243;129;88m[48;2;245;132;90m▀[0m[38;2;244;129;88m[48;2;245;132;90m▀[0m[38;2;245;132;90m[48;2;242;129;87m▀[0m[38;2;245;131;90m[48;2;241;128;88m▀[0m[38;2;245;131;89m[48;2;240;129;88m▀[0m[38;2;245;131;89m[48;2;111;71;59m▀[0m[38;2;214;114;96m[48;2;237;126;87m▀[0m[38;2;196;105;99m[48;2;201;108;98m▀[0m[38;2;191;102;100m[48;2;195;105;98m▀[0m           
        [38;2;159;86;59m[48;2;129;71;49m▀[0m[38;2;245;131;89m[48;2;245;131;89m▀[0m[38;2;216;119;85m[48;2;245;131;89m▀[0m[38;2;194;129;122m[48;2;98;55;53m▀[0m[38;2;144;134;129m[48;2;70;67;66m▀[0m[38;2;77;73;73m[48;2;77;73;73m▀[0m[38;2;77;73;73m[48;2;76;73;73m▀[0m[38;2;77;74;74m[48;2;78;75;75m▀[0m[38;2;78;74;75m[48;2;76;73;73m▀[0m[38;2;191;102;101m[48;2;190;102;101m▀[0m[38;2;192;103;102m[48;2;190;101;101m▀[0m[38;2;238;240;243m[48;2;236;238;241m▀[0m[38;2;237;127;87m[48;2;236;238;242m▀[0m[38;2;237;127;88m[48;2;240;133;93m▀[0m[38;2;237;127;88m[48;2;87;80;75m▀[0m[38;2;236;126;88m[48;2;248;133;90m▀[0m[38;2;236;127;88m[48;2;245;130;88m▀[0m[38;2;236;127;88m[48;2;245;130;88m▀[0m[38;2;238;127;87m[48;2;245;132;90m▀[0m[38;2;238;128;88m[48;2;245;132;89m▀[0m[38;2;206;111;87m▀[0m           
         [38;2;238;128;88m[48;2;238;128;87m▀[0m[38;2;238;128;88m[48;2;239;128;88m▀[0m[38;2;189;101;101m[48;2;72;46;45m▀[0m[38;2;134;125;119m[48;2;120;112;110m▀[0m[38;2;76;73;73m[48;2;91;90;91m▀[0m[38;2;77;73;73m[48;2;19;27;28m▀[0m[38;2;110;209;244m[48;2;79;76;76m▀[0m[38;2;78;74;74m[48;2;206;134;126m▀[0m[38;2;197;105;104m[48;2;185;99;98m▀[0m[38;2;149;81;80m[48;2;241;243;248m▀[0m[38;2;240;243;246m[48;2;243;246;251m▀[0m[38;2;242;244;249m[48;2;247;248;252m▀[0m[38;2;181;182;182m[48;2;243;246;250m▀[0m[38;2;177;171;169m[48;2;179;172;170m▀[0m[38;2;246;143;102m[48;2;214;134;99m▀[0m[38;2;245;133;91m[48;2;246;140;98m▀[0m[38;2;245;131;89m[48;2;245;131;89m▀[0m[38;2;242;129;87m[48;2;200;108;73m▀[0m[38;2;46;27;18m▀[0m            
      [38;2;228;130;92m▄[0m[38;2;246;136;95m▄[0m[38;2;246;138;97m▄[0m[38;2;246;143;103m▄[0m[38;2;248;155;115m[48;2;255;184;141m▀[0m[38;2;249;164;126m[48;2;248;165;126m▀[0m[38;2;134;68;66m[48;2;247;249;253m▀[0m[38;2;135;125;121m[48;2;190;183;181m▀[0m[38;2;95;93;93m[48;2;181;175;172m▀[0m[38;2;209;142;132m[48;2;203;199;198m▀[0m[38;2;176;169;167m[48;2;239;239;241m▀[0m[38;2;243;246;250m[48;2;97;94;95m▀[0m[38;2;243;246;250m[48;2;255;255;255m▀[0m[38;2;242;245;250m[48;2;247;248;252m▀[0m[38;2;243;246;250m[48;2;246;248;252m▀[0m[38;2;242;246;250m[48;2;247;250;253m▀[0m[38;2;160;109;82m[48;2;216;218;219m▀[0m[38;2;249;165;127m[48;2;249;165;125m▀[0m[38;2;246;149;109m[48;2;249;165;126m▀[0m[38;2;222;124;86m[48;2;242;151;112m▀[0m[38;2;244;130;88m[48;2;240;134;95m▀[0m[38;2;243;129;87m[48;2;245;132;90m▀[0m[38;2;243;129;87m[48;2;245;132;91m▀[0m[38;2;247;133;91m[48;2;245;131;89m▀[0m[38;2;245;132;90m▄[0m[38;2;254;141;97m▄[0m        
   [38;2;229;120;95m▄[0m[38;2;243;129;88m▄[0m[38;2;245;133;92m[48;2;242;129;88m▀[0m[38;2;245;131;90m[48;2;239;128;88m▀[0m[38;2;241;129;87m[48;2;47;41;40m▀[0m[38;2;244;138;97m[48;2;246;148;108m▀[0m[38;2;247;164;125m[48;2;249;165;127m▀[0m[38;2;245;163;125m[48;2;248;164;125m▀[0m[38;2;134;124;122m[48;2;249;165;126m▀[0m[38;2;93;91;92m[48;2;234;235;238m▀[0m[38;2;243;247;250m[48;2;239;242;246m▀[0m[38;2;247;249;253m[48;2;245;248;251m▀[0m[38;2;247;248;253m[48;2;243;245;250m▀[0m[38;2;150;139;136m[48;2;249;251;254m▀[0m[38;2;103;98;97m[48;2;221;222;225m▀[0m[38;2;244;247;252m[48;2;227;228;231m▀[0m[38;2;242;245;249m[48;2;228;229;232m▀[0m[38;2;240;243;247m[48;2;201;198;198m▀[0m[38;2;205;204;206m[48;2;185;180;179m▀[0m[38;2;172;166;165m[48;2;179;171;168m▀[0m[38;2;246;164;126m[48;2;179;171;168m▀[0m[38;2;247;163;125m[48;2;203;199;198m▀[0m[38;2;249;166;128m[48;2;249;164;125m▀[0m[38;2;248;154;115m[48;2;245;163;125m▀[0m[38;2;246;148;108m[48;2;244;163;124m▀[0m[38;2;41;38;37m[48;2;245;143;103m▀[0m[38;2;244;130;87m[48;2;238;128;88m▀[0m[38;2;243;130;88m[48;2;237;127;88m▀[0m[38;2;243;130;87m[48;2;238;127;88m▀[0m[38;2;238;128;88m[48;2;238;127;88m▀[0m[38;2;238;127;88m▄[0m[38;2;31;19;13m▄[0m     
   [38;2;214;114;96m▀[0m[38;2;238;128;88m[48;2;222;124;85m▀[0m[38;2;241;128;87m[48;2;245;131;89m▀[0m[38;2;245;131;90m[48;2;242;129;87m▀[0m[38;2;245;131;89m[48;2;241;129;88m▀[0m[38;2;247;156;116m[48;2;155;99;78m▀[0m[38;2;248;164;126m[48;2;158;109;83m▀[0m[38;2;246;163;125m[48;2;174;169;166m▀[0m[38;2;134;125;120m[48;2;175;169;166m▀[0m[38;2;93;91;92m[48;2;172;165;163m▀[0m[38;2;214;213;214m[48;2;171;164;162m▀[0m[38;2;212;212;212m[48;2;172;166;164m▀[0m[38;2;191;186;185m[48;2;173;167;165m▀[0m[38;2;135;125;120m[48;2;172;166;163m▀[0m[38;2;96;93;94m[48;2;172;167;165m▀[0m[38;2;176;170;168m[48;2;172;167;165m▀[0m[38;2;179;173;171m[48;2;173;167;165m▀[0m[38;2;174;168;167m[48;2;173;167;166m▀[0m[38;2;172;166;165m[48;2;173;167;166m▀[0m[38;2;172;166;164m[48;2;172;165;164m▀[0m[38;2;90;71;61m[48;2;80;58;46m▀[0m[38;2;243;163;125m[48;2;242;162;124m▀[0m[38;2;244;163;125m[48;2;242;162;125m▀[0m[38;2;242;161;124m[48;2;241;161;124m▀[0m[38;2;243;162;124m[48;2;241;148;109m▀[0m[38;2;242;162;125m[48;2;239;142;103m▀[0m[38;2;239;135;95m[48;2;238;129;89m▀[0m[38;2;238;128;88m[48;2;239;128;88m▀[0m[38;2;239;128;88m[48;2;240;129;88m▀[0m[38;2;243;129;88m[48;2;244;130;88m▀[0m[38;2;244;129;87m[48;2;245;131;90m▀[0m[38;2;241;129;88m[48;2;245;132;90m▀[0m[38;2;224;119;93m[48;2;160;85;67m▀[0m[38;2;120;66;62m▀[0m   
     [38;2;238;128;88m▀[0m[38;2;237;127;88m[48;2;134;75;51m▀[0m[38;2;238;127;88m[48;2;238;128;88m▀[0m[38;2;238;128;88m[48;2;238;127;87m▀[0m[38;2;238;143;105m[48;2;237;240;244m▀[0m[38;2;171;164;162m[48;2;191;186;185m▀[0m[38;2;77;74;73m[48;2;24;24;24m▀[0m[38;2;172;166;164m[48;2;203;201;201m▀[0m[38;2;172;165;164m[48;2;205;201;201m▀[0m[38;2;172;166;164m[48;2;189;185;184m▀[0m[38;2;173;166;165m[48;2;35;35;36m▀[0m[38;2;182;175;173m[48;2;38;37;37m▀[0m[38;2;173;167;165m[48;2;180;174;173m▀[0m[38;2;173;167;165m[48;2;213;213;215m▀[0m[38;2;198;196;196m[48;2;228;228;232m▀[0m[38;2;207;208;209m[48;2;236;237;240m▀[0m[38;2;203;201;201m[48;2;59;76;83m▀[0m[38;2;228;229;232m[48;2;237;239;242m▀[0m[38;2;240;242;245m[48;2;151;158;159m▀[0m[38;2;242;161;124m[48;2;251;169;130m▀[0m[38;2;245;163;125m[48;2;249;166;128m▀[0m[38;2;243;153;114m[48;2;246;142;101m▀[0m[38;2;242;142;102m[48;2;245;135;94m▀[0m[38;2;245;133;92m[48;2;245;135;93m▀[0m[38;2;245;131;90m[48;2;245;131;90m▀[0m[38;2;245;132;91m[48;2;210;118;80m▀[0m[38;2;245;132;91m▀[0m[38;2;250;139;96m▀[0m       
         [38;2;161;162;163m[48;2;174;219;219m▀[0m[38;2;143;173;170m[48;2;98;96;97m▀[0m[38;2;30;31;28m[48;2;135;126;122m▀[0m[38;2;237;240;243m[48;2;93;92;92m▀[0m[38;2;81;78;78m[48;2;93;92;92m▀[0m[38;2;82;79;79m[48;2;31;31;29m▀[0m[38;2;75;72;72m[48;2;89;87;88m▀[0m[38;2;69;68;71m[48;2;73;71;72m▀[0m[38;2;44;44;45m[48;2;180;224;223m▀[0m[38;2;238;241;244m[48;2;43;46;44m▀[0m[38;2;237;241;243m[48;2;252;252;252m▀[0m[38;2;254;255;255m[48;2;104;101;101m▀[0m[38;2;24;28;30m[48;2;113;138;146m▀[0m[38;2;134;132;131m[48;2;64;86;93m▀[0m[38;2;98;62;47m[48;2;246;145;105m▀[0m[38;2;247;153;113m[48;2;245;134;92m▀[0m[38;2;165;95;66m[48;2;243;129;88m▀[0m[38;2;247;132;90m▀[0m[38;2;231;126;85m▀[0m            
        [38;2;92;116;114m[48;2;152;192;191m▀[0m[38;2;176;222;222m[48;2;153;193;192m▀[0m[38;2;93;92;92m[48;2;128;119;117m▀[0m[38;2;94;92;92m[48;2;93;91;92m▀[0m[38;2;93;91;92m[48;2;93;91;92m▀[0m[38;2;93;91;92m[48;2;93;91;92m▀[0m[38;2;94;92;92m[48;2;79;77;76m▀[0m[38;2;82;77;78m[48;2;177;223;223m▀[0m[38;2;180;224;223m[48;2;178;224;223m▀[0m[38;2;179;224;223m[48;2;175;215;214m▀[0m[38;2;177;224;223m[48;2;185;226;224m▀[0m[38;2;177;224;223m[48;2;184;226;224m▀[0m[38;2;177;223;223m[48;2;90;112;121m▀[0m[38;2;108;133;145m[48;2;26;35;36m▀[0m[38;2;246;139;99m[48;2;239;128;89m▀[0m[38;2;245;131;89m[48;2;246;130;89m▀[0m[38;2;244;130;89m[48;2;174;100;75m▀[0m[38;2;241;129;87m[48;2;238;128;88m▀[0m              
        [38;2;176;222;221m[48;2;114;142;140m▀[0m[38;2;24;23;20m[48;2;93;90;90m▀[0m[38;2;122;115;112m[48;2;93;90;92m▀[0m[38;2;93;91;92m[48;2;94;91;92m▀[0m[38;2;98;96;96m[48;2;94;91;92m▀[0m[38;2;90;87;86m[48;2;103;129;128m▀[0m[38;2;185;226;224m[48;2;174;219;219m▀[0m[38;2;73;69;69m[48;2;173;217;218m▀[0m[38;2;187;229;227m[48;2;108;133;131m▀[0m[38;2;179;224;223m[48;2;104;127;137m▀[0m[38;2;180;226;226m[48;2;88;106;111m▀[0m[38;2;104;126;137m[48;2;240;128;89m▀[0m[38;2;47;57;57m[48;2;235;126;87m▀[0m[38;2;237;127;88m[48;2;236;127;87m▀[0m[38;2;237;127;88m[48;2;238;128;88m▀[0m[38;2;126;78;61m[48;2;220;117;92m▀[0m[38;2;220;118;92m[48;2;210;112;96m▀[0m[38;2;209;112;96m[48;2;193;104;100m▀[0m              
       [38;2;38;23;21m▄[0m[38;2;78;43;31m[48;2;217;116;95m▀[0m[38;2;82;79;80m[48;2;26;29;27m▀[0m[38;2;105;100;100m[48;2;93;91;92m▀[0m[38;2;92;91;91m[48;2;47;59;58m▀[0m[38;2;172;214;215m[48;2;104;127;137m▀[0m[38;2;172;215;216m[48;2;116;145;157m▀[0m[38;2;87;106;114m▀[0m[38;2;104;126;136m▀[0m[38;2;132;163;172m▀[0m  [38;2;219;117;93m▀[0m[38;2;219;117;93m[48;2;190;101;101m▀[0m[38;2;209;112;96m[48;2;193;103;102m▀[0m[38;2;205;110;97m[48;2;190;101;101m▀[0m[38;2;198;106;99m[48;2;189;102;101m▀[0m[38;2;189;102;101m[48;2;189;102;101m▀[0m[38;2;190;102;101m[48;2;189;101;101m▀[0m[38;2;191;102;101m▄[0m             
       [38;2;58;33;32m▀[0m[38;2;188;101;101m▀[0m[38;2;201;107;105m▀[0m[38;2;91;90;91m▀[0m[38;2;192;105;73m▀[0m         [38;2;194;104;103m▀[0m[38;2;189;101;101m▀[0m[38;2;190;102;101m▀[0m[38;2;196;103;101m▀[0m[38;2;192;102;101m[48;2;0;1;0m▀[0m[38;2;192;103;101m▀[0m[38;2;192;103;101m▀[0m[38;2;201;107;106m▀[0m           
                                        
                                        
