                                        
                  [38;2;205;233;154m▄[0m[38;2;114;131;79m▄[0m[38;2;213;244;155m▀[0m                   
               [38;2;131;153;94m▄[0m[38;2;79;86;64m[48;2;191;220;138m▀[0m[38;2;200;228;152m[48;2;167;190;118m▀[0m[38;2;189;218;133m[48;2;109;125;77m▀[0m[38;2;5;7;5m▀[0m                    
             [38;2;122;128;98m▄[0m[38;2;100;115;72m[48;2;202;230;152m▀[0m[38;2;189;218;134m[48;2;126;142;88m▀[0m[38;2;144;162;100m▀[0m                       
          [38;2;47;50;45m▄[0m[38;2;175;213;218m▄[0m[38;2;205;230;159m[48;2;199;220;129m▀[0m[38;2;189;218;133m[48;2;221;222;223m▀[0m[38;2;80;79;82m[48;2;18;54;84m▀[0m[38;2;72;70;67m[48;2;64;78;91m▀[0m[38;2;35;38;39m[48;2;53;115;179m▀[0m[38;2;71;99;127m[48;2;52;114;180m▀[0m[38;2;51;112;177m▀[0m                     
         [38;2;23;32;28m▀[0m[38;2;211;242;241m[48;2;4;5;5m▀[0m[38;2;207;240;241m[48;2;76;104;96m▀[0m[38;2;223;249;249m[48;2;33;49;42m▀[0m[38;2;214;242;243m[48;2;155;193;187m▀[0m[38;2;59;108;155m[48;2;69;90;112m▀[0m[38;2;73;125;182m[48;2;52;113;175m▀[0m[38;2;50;113;180m[48;2;51;112;176m▀[0m[38;2;31;65;98m▀[0m                      
           [38;2;0;0;0m▄[0m[38;2;54;85;127m[48;2;9;11;9m▀[0m[38;2;50;70;112m[48;2;120;127;156m▀[0m[38;2;57;117;181m[48;2;52;114;179m▀[0m[38;2;53;112;177m[48;2;51;112;178m▀[0m[38;2;52;113;176m[48;2;51;115;185m▀[0m                       
         [38;2;250;250;253m▄[0m[38;2;91;92;92m[48;2;250;250;253m▀[0m[38;2;248;248;253m[48;2;241;241;248m▀[0m[38;2;254;254;255m[48;2;241;241;248m▀[0m[38;2;251;252;254m[48;2;50;112;177m▀[0m[38;2;51;114;180m[48;2;50;114;180m▀[0m[38;2;80;80;82m[48;2;69;68;63m▀[0m[38;2;52;114;180m[48;2;51;114;179m▀[0m[38;2;25;47;70m[48;2;53;116;184m▀[0m   [38;2;190;220;134m▄[0m                  
        [38;2;241;242;247m▄[0m[38;2;240;241;249m[48;2;236;237;243m▀[0m[38;2;239;240;247m[48;2;245;245;253m▀[0m[38;2;235;237;242m[48;2;246;248;252m▀[0m[38;2;239;240;247m[48;2;180;180;174m▀[0m[38;2;46;106;168m[48;2;239;239;246m▀[0m[38;2;51;113;179m[48;2;51;98;143m▀[0m[38;2;50;112;178m[48;2;51;112;178m▀[0m[38;2;52;113;179m[48;2;52;112;175m▀[0m[38;2;51;115;180m[48;2;52;112;175m▀[0m[38;2;34;70;103m▄[0m[38;2;195;226;137m▄[0m[38;2;190;219;134m[48;2;187;216;132m▀[0m[38;2;42;48;29m▀[0m [38;2;153;177;109m▄[0m[38;2;159;181;111m▄[0m [38;2;210;241;243m▄[0m[38;2;204;237;238m▄[0m[38;2;33;47;47m[48;2;192;228;228m▀[0m[38;2;207;240;241m▀[0m          
        [38;2;76;76;76m▀[0m[38;2;238;239;246m[48;2;169;170;163m▀[0m[38;2;239;240;246m[48;2;170;171;163m▀[0m[38;2;237;239;244m[48;2;170;171;163m▀[0m[38;2;191;189;188m[48;2;169;170;162m▀[0m[38;2;174;175;167m[48;2;170;170;163m▀[0m[38;2;53;113;174m[48;2;169;170;162m▀[0m[38;2;52;113;174m[48;2;52;112;175m▀[0m[38;2;52;112;175m[48;2;52;113;175m▀[0m[38;2;51;112;175m[48;2;52;113;175m▀[0m[38;2;179;203;136m[48;2;154;174;107m▀[0m[38;2;153;174;107m[48;2;142;161;99m▀[0m[38;2;143;162;100m[48;2;152;170;105m▀[0m[38;2;144;162;100m[48;2;149;169;105m▀[0m[38;2;143;161;100m[48;2;155;176;109m▀[0m[38;2;143;162;100m▀[0m[38;2;154;192;186m▄[0m[38;2;172;209;207m[48;2;156;193;187m▀[0m[38;2;151;190;184m[48;2;159;195;189m▀[0m[38;2;153;190;184m[48;2;161;199;192m▀[0m[38;2;159;195;189m▄[0m[38;2;151;189;184m▄[0m          
          [38;2;23;25;23m▀[0m[38;2;169;171;162m▀[0m[38;2;169;170;162m[48;2;57;96;131m▀[0m[38;2;171;171;164m[48;2;209;208;209m▀[0m[38;2;176;176;168m[48;2;215;215;217m▀[0m[38;2;52;113;175m[48;2;53;113;176m▀[0m[38;2;51;111;174m[48;2;50;113;178m▀[0m[38;2;41;76;103m[48;2;142;162;100m▀[0m[38;2;146;165;102m[48;2;168;191;116m▀[0m[38;2;157;179;111m[48;2;56;96;130m▀[0m[38;2;159;180;111m[48;2;56;96;130m▀[0m[38;2;163;187;112m[48;2;161;184;112m▀[0m[38;2;43;50;38m[48;2;161;183;112m▀[0m[38;2;59;128;200m[48;2;40;54;45m▀[0m[38;2;53;115;180m[48;2;51;113;179m▀[0m[38;2;51;114;180m[48;2;50;114;180m▀[0m[38;2;155;193;186m[48;2;51;112;178m▀[0m[38;2;154;192;185m[48;2;156;193;187m▀[0m[38;2;154;192;186m[48;2;56;77;70m▀[0m[38;2;0;0;0m▄[0m          
            [38;2;56;94;129m[48;2;51;114;180m▀[0m[38;2;231;231;236m[48;2;51;112;178m▀[0m[38;2;50;113;179m[48;2;50;113;180m▀[0m[38;2;51;113;178m[48;2;50;114;180m▀[0m[38;2;51;113;179m[48;2;51;114;180m▀[0m[38;2;43;55;47m[48;2;55;115;180m▀[0m[38;2;51;114;181m[48;2;49;114;181m▀[0m[38;2;51;114;180m[48;2;54;115;181m▀[0m[38;2;51;114;180m[48;2;53;115;181m▀[0m[38;2;96;111;64m[48;2;51;112;177m▀[0m[38;2;51;114;180m[48;2;50;113;178m▀[0m[38;2;51;113;180m[48;2;52;113;177m▀[0m[38;2;51;113;178m[48;2;50;112;176m▀[0m[38;2;50;113;179m[48;2;52;113;175m▀[0m[38;2;50;113;178m[48;2;52;113;177m▀[0m[38;2;198;233;233m[48;2;52;115;183m▀[0m[38;2;22;30;30m▀[0m           
            [38;2;51;113;177m[48;2;53;114;180m▀[0m[38;2;54;94;130m[48;2;55;100;142m▀[0m[38;2;53;108;165m[48;2;47;80;106m▀[0m[38;2;55;112;172m[48;2;54;94;129m▀[0m[38;2;51;95;137m[48;2;55;94;128m▀[0m[38;2;90;135;185m[48;2;53;113;174m▀[0m[38;2;50;114;180m[48;2;61;117;175m▀[0m[38;2;52;112;174m[48;2;51;111;174m▀[0m[38;2;51;111;176m[48;2;52;112;174m▀[0m[38;2;55;96;134m[48;2;56;94;128m▀[0m[38;2;55;93;126m[48;2;56;95;127m▀[0m[38;2;52;112;176m[48;2;56;93;126m▀[0m[38;2;96;137;182m[48;2;51;112;174m▀[0m[38;2;52;113;177m[48;2;51;113;175m▀[0m[38;2;45;47;45m[48;2;55;119;183m▀[0m[38;2;52;113;174m[48;2;51;111;173m▀[0m            
           [38;2;6;11;18m[48;2;95;137;182m▀[0m[38;2;52;113;177m[48;2;52;113;175m▀[0m[38;2;51;112;176m[48;2;51;113;175m▀[0m[38;2;55;95;130m[48;2;31;62;91m▀[0m   [38;2;67;120;179m[48;2;51;113;175m▀[0m[38;2;53;113;176m[48;2;53;113;177m▀[0m[38;2;53;113;176m[48;2;50;114;180m▀[0m[38;2;7;9;10m▀[0m  [38;2;52;112;174m▀[0m[38;2;94;136;182m[48;2;51;113;178m▀[0m[38;2;51;114;179m[48;2;89;133;184m▀[0m[38;2;52;113;177m[48;2;52;113;179m▀[0m            
           [38;2;95;136;182m[48;2;51;114;179m▀[0m[38;2;52;112;174m[48;2;52;114;179m▀[0m[38;2;52;112;176m[48;2;44;81;112m▀[0m     [38;2;106;142;184m[48;2;108;146;187m▀[0m[38;2;51;112;176m[48;2;50;115;180m▀[0m[38;2;15;29;40m▄[0m    [38;2;50;114;180m[48;2;57;109;161m▀[0m[38;2;50;113;178m[48;2;54;101;144m▀[0m[38;2;35;60;80m[48;2;55;94;129m▀[0m           
           [38;2;55;92;128m[48;2;50;73;117m▀[0m[38;2;52;77;117m[48;2;49;70;112m▀[0m[38;2;51;74;121m[48;2;46;66;105m▀[0m     [38;2;55;115;181m[48;2;50;112;179m▀[0m[38;2;50;114;180m[48;2;77;77;79m▀[0m[38;2;79;78;81m[48;2;55;59;58m▀[0m     [38;2;55;95;130m[48;2;62;61;62m▀[0m[38;2;54;94;129m[48;2;62;60;61m▀[0m[38;2;13;13;12m[48;2;161;198;191m▀[0m          
            [38;2;49;71;113m[48;2;49;51;58m▀[0m[38;2;49;51;58m[48;2;81;109;141m▀[0m[38;2;77;104;136m[48;2;78;105;137m▀[0m[38;2;80;107;142m▄[0m   [38;2;111;112;104m[48;2;221;246;242m▀[0m[38;2;50;49;49m[48;2;203;236;238m▀[0m[38;2;181;218;216m[48;2;160;198;194m▀[0m     [38;2;155;193;187m[48;2;156;194;187m▀[0m[38;2;27;38;36m[48;2;158;195;188m▀[0m[38;2;155;193;187m[48;2;159;196;189m▀[0m[38;2;1;3;1m[48;2;160;196;189m▀[0m         
            [38;2;76;105;135m[48;2;56;55;59m▀[0m[38;2;78;105;136m[48;2;60;59;61m▀[0m[38;2;76;103;135m[48;2;151;189;182m▀[0m[38;2;103;131;151m[48;2;141;177;176m▀[0m  [38;2;192;228;229m[48;2;114;108;107m▀[0m[38;2;203;237;238m[48;2;83;81;83m▀[0m[38;2;204;238;239m[48;2;5;5;5m▀[0m[38;2;153;191;184m[48;2;159;196;189m▀[0m[38;2;105;138;131m[48;2;162;200;193m▀[0m    [38;2;154;192;187m[48;2;114;147;141m▀[0m[38;2;155;193;187m[48;2;67;65;66m▀[0m[38;2;155;193;186m[48;2;140;176;169m▀[0m[38;2;155;193;187m[48;2;151;189;182m▀[0m         
          [38;2;59;58;59m▀[0m[38;2;72;70;72m[48;2;62;60;62m▀[0m[38;2;62;60;61m[48;2;63;61;62m▀[0m[38;2;62;60;61m[48;2;63;61;62m▀[0m[38;2;64;62;63m▀[0m  [38;2;104;102;98m[48;2;77;76;78m▀[0m[38;2;88;85;85m[48;2;77;76;78m▀[0m[38;2;104;99;99m[48;2;77;75;78m▀[0m[38;2;64;62;63m[48;2;62;60;62m▀[0m[38;2;48;67;61m[48;2;62;60;62m▀[0m[38;2;151;189;183m[48;2;154;192;186m▀[0m   [38;2;64;62;64m[48;2;66;63;66m▀[0m[38;2;62;60;61m[48;2;63;61;62m▀[0m[38;2;62;60;61m[48;2;63;61;62m▀[0m[38;2;62;60;61m[48;2;62;61;62m▀[0m[38;2;101;126;120m[48;2;48;47;46m▀[0m[38;2;90;114;109m[48;2;95;120;115m▀[0m        
                                        
