                                        
               [38;2;195;223;156m▀[0m[38;2;195;222;155m[48;2;41;51;32m▀[0m[38;2;195;223;157m[48;2;160;202;121m▀[0m[38;2;13;16;10m[48;2;165;211;124m▀[0m[38;2;155;201;117m▄[0m                    
                   [38;2;67;81;51m▀[0m[38;2;161;208;119m[48;2;66;82;50m▀[0m[38;2;160;207;119m[48;2;122;150;90m▀[0m[38;2;167;211;126m[48;2;123;153;92m▀[0m[38;2;185;218;145m[48;2;125;162;95m▀[0m[38;2;80;90;64m[48;2;163;209;123m▀[0m[38;2;154;146;146m[48;2;160;208;121m▀[0m[38;2;149;142;141m[48;2;160;207;121m▀[0m[38;2;106;107;110m▄[0m[38;2;103;127;75m▄[0m[38;2;124;152;92m▄[0m[38;2;171;220;128m[48;2;123;152;91m▀[0m[38;2;163;209;122m[48;2;133;165;99m▀[0m[38;2;166;211;125m▀[0m       
                      [38;2;121;150;91m▀[0m[38;2;122;151;91m[48;2;123;152;91m▀[0m[38;2;123;152;91m[48;2;132;164;98m▀[0m[38;2;107;134;79m[48;2;235;239;218m▀[0m[38;2;65;81;50m[48;2;81;82;74m▀[0m[38;2;164;209;123m[48;2;245;248;253m▀[0m[38;2;48;55;41m[48;2;243;245;227m▀[0m[38;2;114;141;82m[48;2;190;216;151m▀[0m          
                   [38;2;246;165;165m▀[0m[38;2;251;169;168m[48;2;244;129;140m▀[0m[38;2;242;128;139m▄[0m [38;2;165;210;124m[48;2;49;63;37m▀[0m[38;2;164;209;124m[48;2;161;206;121m▀[0m[38;2;232;236;216m[48;2;162;208;120m▀[0m[38;2;231;234;215m[48;2;226;229;210m▀[0m[38;2;229;232;213m[48;2;231;235;215m▀[0m[38;2;228;231;212m[48;2;209;210;192m▀[0m[38;2;227;230;211m▀[0m[38;2;73;74;67m▀[0m         
                     [38;2;235;123;136m▀[0m[38;2;178;193;126m[48;2;172;218;127m▀[0m[38;2;147;191;110m[48;2;168;211;124m▀[0m[38;2;191;218;152m[48;2;190;221;150m▀[0m[38;2;162;209;122m[48;2;165;209;124m▀[0m[38;2;127;158;95m▀[0m             
                       [38;2;164;210;125m[48;2;167;211;127m▀[0m[38;2;163;209;121m[48;2;163;209;123m▀[0m[38;2;163;209;123m[48;2;164;212;124m▀[0m              
             [38;2;196;223;157m[48;2;169;214;130m▀[0m[38;2;166;210;124m▄[0m[38;2;124;153;91m[48;2;67;82;50m▀[0m[38;2;127;157;94m▄[0m[38;2;56;69;42m▄[0m    [38;2;32;42;25m[48;2;161;208;122m▀[0m[38;2;179;216;139m[48;2;174;213;135m▀[0m[38;2;164;210;125m[48;2;164;209;123m▀[0m[38;2;163;210;123m[48;2;166;210;124m▀[0m              
           [38;2;182;217;144m▄[0m[38;2;164;210;124m▄[0m[38;2;164;209;123m▄[0m[38;2;118;149;90m[48;2;162;209;123m▀[0m[38;2;166;210;124m[48;2;163;209;123m▀[0m[38;2;166;213;125m[48;2;166;210;124m▀[0m[38;2;129;160;95m[48;2;159;208;120m▀[0m[38;2;159;207;118m▄[0m[38;2;159;207;120m▄[0m[38;2;145;187;110m[48;2;166;210;124m▀[0m[38;2;160;207;119m[48;2;164;210;124m▀[0m[38;2;179;216;139m[48;2;159;208;121m▀[0m[38;2;166;210;125m[48;2;160;208;120m▀[0m[38;2;165;210;124m[48;2;160;208;119m▀[0m[38;2;163;209;124m[48;2;159;206;118m▀[0m              
       [38;2;34;39;27m▄[0m [38;2;196;223;157m▀[0m[38;2;204;234;164m▀[0m[38;2;99;128;75m▀[0m[38;2;2;2;2m[48;2;231;234;215m▀[0m[38;2;54;52;48m[48;2;229;232;213m▀[0m[38;2;125;164;95m[48;2;229;232;214m▀[0m[38;2;198;223;158m[48;2;59;57;53m▀[0m[38;2;193;219;154m[48;2;192;218;154m▀[0m[38;2;200;227;160m[48;2;194;219;154m▀[0m[38;2;163;210;122m[48;2;160;208;119m▀[0m[38;2;160;208;120m[48;2;134;175;101m▀[0m[38;2;160;207;120m[48;2;159;206;118m▀[0m[38;2;160;208;121m[48;2;158;203;118m▀[0m[38;2;161;208;121m[48;2;125;162;95m▀[0m[38;2;160;207;119m[48;2;159;205;118m▀[0m[38;2;164;211;122m[48;2;237;239;221m▀[0m[38;2;159;208;121m[48;2;161;208;121m▀[0m[38;2;144;182;106m[48;2;123;151;91m▀[0m             
            [38;2;230;235;215m[48;2;233;239;219m▀[0m[38;2;229;234;214m[48;2;232;237;217m▀[0m[38;2;232;238;218m[48;2;231;236;216m▀[0m[38;2;61;70;48m[48;2;231;235;215m▀[0m[38;2;193;219;154m[48;2;76;76;70m▀[0m[38;2;166;195;130m[48;2;165;209;125m▀[0m[38;2;158;203;118m[48;2;161;208;121m▀[0m[38;2;158;204;118m[48;2;166;216;125m▀[0m[38;2;55;67;40m[48;2;160;205;119m▀[0m[38;2;158;205;118m[48;2;164;207;121m▀[0m[38;2;162;208;122m[48;2;168;211;126m▀[0m[38;2;162;208;121m[48;2;241;245;224m▀[0m[38;2;239;244;222m[48;2;214;216;197m▀[0m[38;2;109;143;77m[48;2;62;78;45m▀[0m[38;2;116;143;84m[48;2;170;167;151m▀[0m             
           [38;2;176;178;163m[48;2;233;238;217m▀[0m[38;2;235;239;219m[48;2;236;239;220m▀[0m[38;2;233;238;218m[48;2;238;242;221m▀[0m[38;2;235;239;219m[48;2;236;241;220m▀[0m[38;2;235;240;219m[48;2;56;57;58m▀[0m[38;2;156;180;124m[48;2;127;130;137m▀[0m[38;2;164;210;124m[48;2;70;88;52m▀[0m[38;2;168;214;127m[48;2;165;210;124m▀[0m[38;2;167;211;126m[48;2;166;210;124m▀[0m[38;2;166;210;125m[48;2;165;210;124m▀[0m[38;2;164;209;124m[48;2;166;210;125m▀[0m[38;2;164;209;124m[48;2;165;210;124m▀[0m[38;2;172;168;152m[48;2;171;167;152m▀[0m[38;2;171;167;152m[48;2;171;168;152m▀[0m[38;2;73;73;63m[48;2;139;136;126m▀[0m              
           [38;2;237;243;222m[48;2;233;238;218m▀[0m[38;2;235;239;219m[48;2;233;239;219m▀[0m[38;2;238;243;222m[48;2;244;247;232m▀[0m  [38;2;126;130;136m[48;2;129;131;137m▀[0m[38;2;126;130;137m[48;2;128;130;137m▀[0m[38;2;131;133;139m[48;2;129;134;141m▀[0m[38;2;170;215;127m▀[0m[38;2;167;210;125m[48;2;160;208;119m▀[0m[38;2;162;208;122m[48;2;159;207;119m▀[0m[38;2;165;212;124m[48;2;161;207;120m▀[0m[38;2;47;50;50m[48;2;95;121;85m▀[0m[38;2;95;121;85m[48;2;95;122;86m▀[0m[38;2;16;19;13m▀[0m              
         [38;2;246;167;167m▄[0m[38;2;14;10;10m▄[0m[38;2;240;243;222m[48;2;234;239;218m▀[0m[38;2;240;243;222m[48;2;164;167;152m▀[0m   [38;2;124;129;135m[48;2;123;127;134m▀[0m[38;2;124;128;134m[48;2;124;128;135m▀[0m  [38;2;159;204;118m[48;2;96;122;73m▀[0m[38;2;160;208;120m[48;2;159;207;120m▀[0m[38;2;161;209;120m[48;2;161;208;121m▀[0m[38;2;95;122;86m[48;2;96;122;86m▀[0m[38;2;83;105;74m▀[0m               
         [38;2;187;225;147m[48;2;131;169;99m▀[0m[38;2;255;184;184m[48;2;160;208;119m▀[0m[38;2;235;127;138m[48;2;95;50;55m▀[0m   [38;2;127;76;93m[48;2;62;85;56m▀[0m[38;2;124;129;135m[48;2;138;82;102m▀[0m[38;2;137;138;139m[48;2;67;66;62m▀[0m  [38;2;196;223;157m▄[0m[38;2;160;208;120m[48;2;242;161;162m▀[0m[38;2;161;208;120m[48;2;180;227;135m▀[0m[38;2;95;122;85m[48;2;92;117;82m▀[0m                
         [38;2;64;81;48m▀[0m[38;2;162;208;121m[48;2;164;209;123m▀[0m[38;2;164;211;124m[48;2;142;178;104m▀[0m   [38;2;101;129;90m[48;2;15;18;12m▀[0m[38;2;99;125;88m[48;2;96;124;87m▀[0m[38;2;148;82;92m[48;2;99;126;88m▀[0m  [38;2;182;220;142m▀[0m[38;2;172;213;133m[48;2;166;210;125m▀[0m[38;2;83;90;59m[48;2;165;210;125m▀[0m[38;2;37;46;27m▄[0m                
          [38;2;165;210;124m[48;2;161;208;121m▀[0m[38;2;87;85;90m[48;2;107;107;110m▀[0m    [38;2;97;123;86m[48;2;97;123;86m▀[0m[38;2;63;63;70m[48;2;74;77;83m▀[0m   [38;2;163;209;123m▀[0m[38;2;162;208;122m[48;2;163;209;123m▀[0m[38;2;59;73;48m[48;2;78;79;81m▀[0m                
          [38;2;161;208;121m[48;2;162;208;123m▀[0m[38;2;107;107;111m[48;2;108;108;111m▀[0m    [38;2;96;123;86m[48;2;56;72;50m▀[0m[38;2;74;76;83m[48;2;74;76;82m▀[0m    [38;2;160;207;119m[48;2;88;114;66m▀[0m[38;2;67;69;60m[48;2;116;151;85m▀[0m[38;2;31;31;31m[48;2;135;130;131m▀[0m               
          [38;2;157;202;118m▀[0m[38;2;142;137;136m[48;2;138;133;131m▀[0m[38;2;87;84;85m▄[0m    [38;2;73;76;83m▀[0m[38;2;77;79;86m[48;2;30;31;28m▀[0m   [38;2;99;126;89m▀[0m[38;2;174;219;129m[48;2;168;216;127m▀[0m[38;2;151;145;142m[48;2;139;135;134m▀[0m[38;2;3;5;1m[48;2;149;143;141m▀[0m              
                                        
