                                        
               [38;2;247;156;170m▀[0m[38;2;246;155;169m[48;2;55;29;31m▀[0m[38;2;247;157;171m[48;2;231;121;127m▀[0m[38;2;15;8;8m[48;2;242;124;129m▀[0m[38;2;230;117;119m▄[0m                    
                   [38;2;92;51;54m▀[0m[38;2;240;119;123m[48;2;94;50;53m▀[0m[38;2;239;119;122m[48;2;172;90;98m▀[0m[38;2;242;126;130m[48;2;174;92;99m▀[0m[38;2;244;145;158m[48;2;184;95;97m▀[0m[38;2;96;63;73m[48;2;241;123;126m▀[0m[38;2;141;150;191m[48;2;239;121;123m▀[0m[38;2;136;146;186m[48;2;239;121;123m▀[0m[38;2;105;111;148m▄[0m[38;2;146;75;83m▄[0m[38;2;174;92;100m▄[0m[38;2;247;128;134m[48;2;174;91;99m▀[0m[38;2;241;122;126m[48;2;190;99;106m▀[0m[38;2;243;125;129m▀[0m       
                      [38;2;171;91;97m[48;2;1;3;1m▀[0m[38;2;173;91;98m[48;2;174;91;99m▀[0m[38;2;174;91;99m[48;2;188;98;105m▀[0m[38;2;155;79;84m[48;2;237;238;195m▀[0m[38;2;93;50;52m[48;2;81;81;66m▀[0m[38;2;241;123;127m[48;2;245;248;255m▀[0m[38;2;33;28;48m[48;2;244;244;202m▀[0m[38;2;162;82;91m[48;2;232;151;169m▀[0m          
                   [38;2;199;255;165m▀[0m[38;2;203;255;168m[48;2;189;255;129m▀[0m[38;2;188;253;128m▄[0m[38;2;15;20;9m▄[0m[38;2;241;124;129m[48;2;67;34;35m▀[0m[38;2;240;124;128m[48;2;238;121;125m▀[0m[38;2;234;235;193m[48;2;240;120;125m▀[0m[38;2;233;233;191m[48;2;228;228;188m▀[0m[38;2;231;231;190m[48;2;233;234;192m▀[0m[38;2;230;230;189m[48;2;209;210;172m▀[0m[38;2;229;229;188m[48;2;0;0;0m▀[0m[38;2;68;69;56m▀[0m         
                     [38;2;184;246;123m▀[0m[38;2;217;126;160m[48;2;250;127;135m▀[0m[38;2;218;110;113m[48;2;242;124;133m▀[0m[38;2;242;152;167m[48;2;246;150;163m▀[0m[38;2;240;122;126m[48;2;240;124;129m▀[0m[38;2;181;95;103m▀[0m             
                       [38;2;241;125;128m[48;2;242;127;132m▀[0m[38;2;241;121;126m[48;2;241;123;126m▀[0m[38;2;241;123;126m[48;2;245;124;125m▀[0m              
             [38;2;247;157;171m[48;2;245;130;134m▀[0m[38;2;241;124;130m▄[0m[38;2;176;91;100m[48;2;94;50;55m▀[0m[38;2;181;94;102m▄[0m[38;2;73;38;42m▄[0m    [38;2;40;21;21m[48;2;241;122;123m▀[0m[38;2;244;139;148m[48;2;242;135;142m▀[0m[38;2;241;125;128m[48;2;241;123;127m▀[0m[38;2;242;123;126m[48;2;241;124;130m▀[0m              
           [38;2;243;144;154m▄[0m[38;2;241;124;128m▄[0m[38;2;241;123;127m▄[0m[38;2;171;90;93m[48;2;241;123;124m▀[0m[38;2;241;124;131m[48;2;241;123;127m▀[0m[38;2;245;125;128m[48;2;241;124;129m▀[0m[38;2;184;95;104m[48;2;240;120;122m▀[0m[38;2;239;118;122m▄[0m[38;2;239;120;121m▄[0m[38;2;213;110;113m[48;2;241;124;131m▀[0m[38;2;239;119;123m[48;2;241;124;128m▀[0m[38;2;243;139;148m[48;2;240;121;122m▀[0m[38;2;241;125;130m[48;2;241;120;123m▀[0m[38;2;241;124;129m[48;2;241;119;123m▀[0m[38;2;241;124;127m[48;2;238;118;122m▀[0m              
       [38;2;30;20;21m▄[0m [38;2;247;157;172m▀[0m[38;2;254;164;180m▀[0m[38;2;142;73;74m▀[0m[38;2;2;2;2m[48;2;233;233;192m▀[0m[38;2;50;55;44m[48;2;231;231;190m▀[0m[38;2;190;95;95m[48;2;231;232;191m▀[0m[38;2;245;158;175m[48;2;57;57;48m▀[0m[38;2;242;154;171m[48;2;241;154;170m▀[0m[38;2;250;160;175m[48;2;242;154;171m▀[0m[38;2;241;122;126m[48;2;241;119;123m▀[0m[38;2;240;120;123m[48;2;201;101;102m▀[0m[38;2;240;120;123m[48;2;238;118;122m▀[0m[38;2;240;121;122m[48;2;234;118;122m▀[0m[38;2;240;121;124m[48;2;186;95;97m▀[0m[38;2;239;119;123m[48;2;237;118;121m▀[0m[38;2;244;122;125m[48;2;238;239;197m▀[0m[38;2;240;121;122m[48;2;239;121;125m▀[0m[38;2;210;106;112m[48;2;173;91;99m▀[0m             
            [38;2;232;234;192m[48;2;235;238;195m▀[0m[38;2;231;233;191m[48;2;234;236;193m▀[0m[38;2;234;237;194m[48;2;233;235;193m▀[0m[38;2;78;47;51m[48;2;233;234;192m▀[0m[38;2;242;154;171m[48;2;77;73;63m▀[0m[38;2;214;130;142m[48;2;240;125;129m▀[0m[38;2;234;118;122m[48;2;240;121;124m▀[0m[38;2;235;118;122m[48;2;250;125;126m▀[0m[38;2;77;40;45m[48;2;236;119;125m▀[0m[38;2;236;118;122m[48;2;238;121;129m▀[0m[38;2;240;122;125m[48;2;242;126;132m▀[0m[38;2;239;121;125m[48;2;243;245;199m▀[0m[38;2;242;243;198m[48;2;214;215;176m▀[0m[38;2;161;81;81m[48;2;90;45;47m▀[0m[38;2;164;84;94m[48;2;171;166;135m▀[0m             
           [38;2;177;178;146m[48;2;236;238;194m▀[0m[38;2;237;239;195m[48;2;238;239;196m▀[0m[38;2;235;237;194m[48;2;240;242;197m▀[0m[38;2;237;239;195m[48;2;239;240;196m▀[0m[38;2;238;239;195m[48;2;49;50;45m▀[0m[38;2;197;124;135m[48;2;128;130;122m▀[0m[38;2;242;124;128m[48;2;101;52;55m▀[0m[38;2;245;127;131m[48;2;241;124;129m▀[0m[38;2;242;126;131m[48;2;241;124;130m▀[0m[38;2;241;125;130m[48;2;241;124;129m▀[0m[38;2;240;124;128m[48;2;241;125;130m▀[0m[38;2;240;124;128m[48;2;241;124;129m▀[0m[38;2;173;167;136m[48;2;172;166;135m▀[0m[38;2;172;166;136m[48;2;172;167;136m▀[0m[38;2;73;70;57m[48;2;133;138;114m▀[0m              
           [38;2;240;243;198m[48;2;235;237;194m▀[0m[38;2;237;239;195m[48;2;236;238;195m▀[0m[38;2;240;243;198m[48;2;245;246;207m▀[0m  [38;2;127;129;122m[48;2;129;131;123m▀[0m[38;2;127;130;123m[48;2;128;130;122m▀[0m[38;2;131;133;125m[48;2;130;133;128m▀[0m[38;2;247;127;134m▀[0m[38;2;241;125;131m[48;2;241;119;123m▀[0m[38;2;240;122;125m[48;2;239;119;122m▀[0m[38;2;244;124;129m[48;2;239;120;124m▀[0m[38;2;51;46;47m[48;2;134;92;85m▀[0m[38;2;134;93;85m[48;2;135;94;86m▀[0m[38;2;19;14;12m▀[0m              
         [38;2;27;34;22m[48;2;200;249;166m▀[0m[38;2;8;11;7m▄[0m[38;2;240;243;198m[48;2;237;239;195m▀[0m[38;2;240;243;198m[48;2;166;167;136m▀[0m   [38;2;125;128;122m[48;2;124;126;121m▀[0m[38;2;125;127;121m[48;2;125;127;121m▀[0m  [38;2;235;118;124m[48;2;139;72;75m▀[0m[38;2;240;120;123m[48;2;239;120;121m▀[0m[38;2;242;120;123m[48;2;240;121;124m▀[0m[38;2;135;95;86m[48;2;135;94;86m▀[0m[38;2;117;81;74m▀[0m               
         [38;2;252;147;156m[48;2;191;99;103m▀[0m[38;2;213;255;184m[48;2;241;119;123m▀[0m[38;2;184;237;127m[48;2;75;99;50m▀[0m   [38;2;115;130;76m[48;2;97;65;56m▀[0m[38;2;125;128;121m[48;2;125;142;82m▀[0m[38;2;137;137;123m[48;2;68;66;56m▀[0m  [38;2;231;158;177m▄[0m[38;2;241;120;123m[48;2;197;251;161m▀[0m[38;2;240;120;124m[48;2;253;135;144m▀[0m[38;2;135;94;85m[48;2;130;88;82m▀[0m                
         [38;2;76;41;43m▀[0m[38;2;240;121;124m[48;2;241;123;127m▀[0m[38;2;243;124;126m[48;2;206;104;112m▀[0m   [38;2;143;98;90m[48;2;17;12;10m▀[0m[38;2;139;95;88m[48;2;137;96;87m▀[0m[38;2;120;154;82m[48;2;140;96;88m▀[0m  [38;2;248;142;151m▀[0m[38;2;242;133;139m[48;2;241;125;130m▀[0m[38;2;111;78;56m[48;2;241;125;129m▀[0m[38;2;20;12;12m[48;2;43;22;24m▀[0m                
          [38;2;241;124;129m[48;2;240;121;124m▀[0m[38;2;87;92;124m[48;2;105;111;148m▀[0m    [38;2;137;93;86m[48;2;137;94;86m▀[0m[38;2;66;70;95m[48;2;77;83;113m▀[0m   [38;2;241;123;127m[48;2;0;0;0m▀[0m[38;2;239;122;126m[48;2;241;123;126m▀[0m[38;2;80;44;49m[48;2;91;96;117m▀[0m                
          [38;2;240;121;124m[48;2;239;123;126m▀[0m[38;2;105;111;149m[48;2;105;111;149m▀[0m    [38;2;137;94;86m[48;2;80;54;50m▀[0m[38;2;77;83;113m[48;2;77;81;112m▀[0m    [38;2;239;119;123m[48;2;132;66;68m▀[0m[38;2;78;71;94m[48;2;178;90;92m▀[0m[38;2;27;30;40m[48;2;126;134;173m▀[0m               
          [38;2;232;118;122m▀[0m[38;2;131;140;181m[48;2;128;136;176m▀[0m[38;2;86;90;122m▄[0m    [38;2;77;81;112m▀[0m[38;2;80;85;117m[48;2;26;27;38m▀[0m   [38;2;140;97;89m▀[0m[38;2;249;129;138m[48;2;248;127;130m▀[0m[38;2;136;146;187m[48;2;129;137;177m▀[0m[38;2;1;1;3m[48;2;136;145;186m▀[0m              
                                        
