                                        
                    [38;2;244;247;253m▄[0m[38;2;67;67;67m[48;2;239;243;248m▀[0m[38;2;240;243;249m▄[0m  [38;2;48;48;47m[48;2;228;229;232m▀[0m              
                   [38;2;243;243;244m▀[0m[38;2;125;117;173m[48;2;82;79;142m▀[0m[38;2;236;239;244m[48;2;113;113;112m▀[0m[38;2;235;236;241m[48;2;233;234;239m▀[0m[38;2;235;235;240m▄[0m[38;2;235;236;240m[48;2;119;127;107m▀[0m[38;2;191;188;187m[48;2;172;166;162m▀[0m[38;2;172;166;161m[48;2;172;166;162m▀[0m             
                  [38;2;42;43;68m▀[0m[38;2;136;182;91m▄[0m[38;2;131;171;90m[48;2;210;191;125m▀[0m[38;2;156;206;105m[48;2;78;75;65m▀[0m[38;2;93;98;90m[48;2;235;238;243m▀[0m[38;2;125;172;83m[48;2;114;118;105m▀[0m[38;2;137;176;88m[48;2;134;172;86m▀[0m[38;2;183;176;173m[48;2;176;171;166m▀[0m[38;2;174;167;164m[48;2;177;171;167m▀[0m[38;2;175;169;164m[48;2;177;171;167m▀[0m            
                  [38;2;107;92;59m[48;2;238;241;246m▀[0m[38;2;235;237;242m[48;2;60;59;60m▀[0m[38;2;167;169;171m[48;2;58;58;59m▀[0m[38;2;240;243;248m[48;2;83;96;66m▀[0m[38;2;158;150;148m[48;2;162;213;105m▀[0m[38;2;147;194;98m[48;2;144;192;96m▀[0m[38;2;134;173;87m[48;2;134;174;88m▀[0m[38;2;110;144;69m[48;2;133;172;86m▀[0m[38;2;183;174;167m[48;2;173;166;163m▀[0m[38;2;18;18;16m▀[0m            
          [38;2;96;93;163m▄[0m[38;2;93;89;150m▄[0m[38;2;69;63;105m[48;2;255;227;155m▀[0m[38;2;183;152;92m[48;2;255;218;129m▀[0m[38;2;35;30;18m[48;2;65;55;33m▀[0m[38;2;191;157;99m[48;2;67;60;98m▀[0m[38;2;39;39;64m[48;2;61;57;94m▀[0m[38;2;55;59;93m[48;2;53;57;87m▀[0m[38;2;157;208;105m[48;2;159;210;106m▀[0m[38;2;127;167;84m[48;2;158;210;106m▀[0m[38;2;163;213;105m[48;2;157;210;106m▀[0m[38;2;160;213;108m[48;2;162;212;107m▀[0m[38;2;159;211;106m[48;2;134;171;85m▀[0m[38;2;138;177;89m[48;2;177;216;124m▀[0m[38;2;200;220;151m[48;2;98;110;68m▀[0m[38;2;200;219;149m[48;2;152;202;101m▀[0m[38;2;90;86;146m[48;2;70;92;49m▀[0m[38;2;22;21;36m[48;2;71;64;111m▀[0m            
        [38;2;10;10;14m▄[0m[38;2;90;86;149m[48;2;119;111;164m▀[0m[38;2;98;93;154m[48;2;87;83;145m▀[0m[38;2;217;194;113m[48;2;69;62;106m▀[0m[38;2;255;216;128m[48;2;17;16;21m▀[0m[38;2;49;42;27m▀[0m[38;2;10;10;12m▀[0m  [38;2;175;225;117m▄[0m[38;2;175;230;114m[48;2;213;234;161m▀[0m[38;2;157;209;105m[48;2;126;117;176m▀[0m[38;2;111;151;74m[48;2;206;225;153m▀[0m[38;2;70;90;44m[48;2;201;222;149m▀[0m[38;2;199;222;147m[48;2;164;213;105m▀[0m[38;2;201;222;150m[48;2;162;213;105m▀[0m[38;2;89;86;147m[48;2;159;211;106m▀[0m[38;2;164;216;108m[48;2;140;184;92m▀[0m[38;2;134;174;87m[48;2;134;172;86m▀[0m[38;2;117;154;63m[48;2;133;174;88m▀[0m[38;2;140;180;91m[48;2;75;99;48m▀[0m           
        [38;2;84;81;144m[48;2;88;85;147m▀[0m[38;2;83;81;145m[48;2;83;79;139m▀[0m[38;2;84;82;145m[48;2;255;223;130m▀[0m[38;2;68;61;102m▀[0m   [38;2;203;223;153m▄[0m[38;2;202;224;151m[48;2;195;220;145m▀[0m[38;2;162;214;110m[48;2;161;213;106m▀[0m[38;2;161;212;108m[48;2;138;183;93m▀[0m[38;2;170;226;113m[48;2;159;212;107m▀[0m[38;2;159;213;107m[48;2;159;212;107m▀[0m[38;2;171;226;112m[48;2;86;81;147m▀[0m[38;2;89;85;147m[48;2;75;67;118m▀[0m[38;2;89;86;148m[48;2;67;61;102m▀[0m[38;2;138;179;89m[48;2;133;174;87m▀[0m[38;2;31;30;45m[48;2;134;173;88m▀[0m[38;2;135;172;86m[48;2;134;173;87m▀[0m[38;2;135;172;86m[48;2;138;181;91m▀[0m[38;2;10;10;6m[48;2;120;104;92m▀[0m           
       [38;2;2;2;1m▄[0m[38;2;95;91;152m[48;2;104;98;157m▀[0m[38;2;84;77;140m[48;2;88;86;148m▀[0m[38;2;255;214;124m[48;2;196;173;104m▀[0m[38;2;255;228;148m[48;2;254;221;151m▀[0m[38;2;246;227;149m[48;2;255;224;151m▀[0m[38;2;0;1;0m▄[0m [38;2;201;222;150m[48;2;163;213;105m▀[0m[38;2;96;92;156m[48;2;158;213;109m▀[0m[38;2;163;213;108m[48;2;135;174;87m▀[0m[38;2;139;175;85m[48;2;134;173;87m▀[0m[38;2;139;180;89m[48;2;135;175;89m▀[0m[38;2;144;187;93m[48;2;96;141;83m▀[0m[38;2;155;206;103m[48;2;97;140;85m▀[0m[38;2;137;177;88m[48;2;22;26;27m▀[0m[38;2;134;173;86m[48;2;35;39;54m▀[0m[38;2;135;172;87m[48;2;96;141;83m▀[0m[38;2;60;84;48m[48;2;96;141;83m▀[0m[38;2;97;141;84m▀[0m[38;2;53;57;89m[48;2;53;57;89m▀[0m[38;2;120;104;91m[48;2;38;42;64m▀[0m           
       [38;2;0;0;0m▀[0m[38;2;106;101;157m[48;2;87;84;146m▀[0m[38;2;85;82;145m[48;2;93;89;150m▀[0m[38;2;247;222;132m[48;2;255;216;125m▀[0m[38;2;255;230;154m[48;2;255;214;128m▀[0m[38;2;255;225;152m[48;2;247;210;126m▀[0m[38;2;112;92;57m[48;2;17;16;10m▀[0m [38;2;129;170;80m▀[0m[38;2;134;174;87m▀[0m[38;2;134;173;87m▀[0m[38;2;142;185;96m▀[0m[38;2;52;72;42m[48;2;96;141;83m▀[0m[38;2;97;140;85m[48;2;103;144;83m▀[0m[38;2;96;141;83m[48;2;114;156;92m▀[0m[38;2;96;141;83m[48;2;104;145;87m▀[0m[38;2;96;141;83m[48;2;97;140;85m▀[0m[38;2;96;141;83m[48;2;96;138;85m▀[0m  [38;2;52;57;87m▀[0m[38;2;52;57;87m[48;2;53;57;89m▀[0m           
        [38;2;89;85;147m[48;2;22;22;35m▀[0m[38;2;115;109;161m[48;2;83;80;144m▀[0m[38;2;86;82;145m[48;2;85;82;145m▀[0m[38;2;254;211;126m[48;2;82;80;143m▀[0m[38;2;187;153;93m[48;2;67;60;100m▀[0m    [38;2;14;14;15m▄[0m[38;2;135;136;160m▄[0m[38;2;134;175;89m[48;2;62;72;47m▀[0m[38;2;49;43;78m[48;2;85;107;55m▀[0m[38;2;78;101;54m[48;2;218;221;237m▀[0m[38;2;178;178;187m[48;2;211;215;233m▀[0m[38;2;214;218;236m[48;2;211;215;234m▀[0m[38;2;126;162;85m[48;2;213;217;236m▀[0m   [38;2;53;57;89m[48;2;53;57;89m▀[0m           
         [38;2;80;76;137m[48;2;1;2;1m▀[0m[38;2;115;107;158m[48;2;88;84;147m▀[0m[38;2;83;80;144m[48;2;84;81;145m▀[0m[38;2;204;178;100m[48;2;85;82;145m▀[0m[38;2;68;61;101m[48;2;250;210;123m▀[0m[38;2;25;21;11m[48;2;223;194;117m▀[0m[38;2;252;220;151m[48;2;254;219;142m▀[0m[38;2;252;220;150m[48;2;249;218;147m▀[0m[38;2;211;185;121m[48;2;255;221;141m▀[0m[38;2;203;208;232m[48;2;37;38;40m▀[0m[38;2;204;207;233m[48;2;216;220;242m▀[0m[38;2;206;210;231m[48;2;225;227;244m▀[0m[38;2;215;219;237m[48;2;224;226;243m▀[0m[38;2;228;230;245m[48;2;225;227;245m▀[0m[38;2;234;235;245m[48;2;234;237;247m▀[0m[38;2;230;231;245m[48;2;232;236;248m▀[0m[38;2;229;231;245m[48;2;230;234;246m▀[0m[38;2;228;231;247m[48;2;226;229;243m▀[0m[38;2;216;220;239m[48;2;220;224;242m▀[0m[38;2;206;211;236m[48;2;207;212;240m▀[0m[38;2;203;206;236m[48;2;207;213;239m▀[0m          
          [38;2;91;89;156m▀[0m[38;2;113;105;158m[48;2;88;86;147m▀[0m[38;2;90;88;148m[48;2;92;88;149m▀[0m[38;2;67;68;117m[48;2;105;101;158m▀[0m[38;2;255;218;129m[48;2;80;79;139m▀[0m[38;2;250;210;121m[48;2;253;220;129m▀[0m[38;2;255;215;128m[48;2;216;191;113m▀[0m[38;2;255;216;127m[48;2;255;216;127m▀[0m[38;2;223;181;109m[48;2;206;169;102m▀[0m[38;2;216;220;239m[48;2;5;5;6m▀[0m[38;2;225;229;243m[48;2;98;93;161m▀[0m[38;2;121;112;165m[48;2;120;111;164m▀[0m[38;2;120;111;163m[48;2;119;110;158m▀[0m[38;2;97;93;153m[48;2;94;88;144m▀[0m[38;2;30;28;43m[48;2;79;74;131m▀[0m[38;2;227;231;244m[48;2;67;60;100m▀[0m[38;2;233;236;248m[48;2;225;228;243m▀[0m[38;2;226;229;245m[48;2;222;226;240m▀[0m[38;2;216;220;241m[48;2;228;231;242m▀[0m[38;2;213;217;237m[48;2;217;221;236m▀[0m[38;2;208;212;239m[48;2;209;213;233m▀[0m[38;2;191;193;211m▄[0m        
          [38;2;128;131;137m▄[0m[38;2;216;220;239m[48;2;217;221;239m▀[0m[38;2;83;77;138m[48;2;218;221;241m▀[0m[38;2;84;80;141m[48;2;37;36;60m▀[0m[38;2;120;111;163m[48;2;89;84;147m▀[0m[38;2;121;113;165m[48;2;121;112;165m▀[0m[38;2;71;65;73m[48;2;110;104;160m▀[0m[38;2;220;193;114m[48;2;86;82;146m▀[0m[38;2;91;87;150m[48;2;80;76;136m▀[0m[38;2;80;72;126m[48;2;83;80;144m▀[0m[38;2;85;84;147m[48;2;15;16;21m▀[0m[38;2;88;85;147m[48;2;82;81;143m▀[0m[38;2;87;82;141m[48;2;81;77;137m▀[0m[38;2;82;78;138m[48;2;25;26;41m▀[0m[38;2;80;77;139m[48;2;72;66;115m▀[0m[38;2;67;60;100m[48;2;67;61;101m▀[0m[38;2;56;48;86m[48;2;67;60;97m▀[0m[38;2;161;155;160m[48;2;123;123;141m▀[0m[38;2;137;142;150m[48;2;120;119;140m▀[0m[38;2;211;212;222m[48;2;135;141;148m▀[0m[38;2;189;190;201m[48;2;125;130;145m▀[0m[38;2;141;145;152m[48;2;118;117;141m▀[0m        
           [38;2;217;220;241m[48;2;25;25;28m▀[0m[38;2;212;215;240m[48;2;207;210;233m▀[0m[38;2;228;231;247m[48;2;210;213;232m▀[0m[38;2;231;232;235m[48;2;212;216;234m▀[0m[38;2;85;82;144m[48;2;216;218;235m▀[0m[38;2;85;81;144m[48;2;109;111;118m▀[0m[38;2;90;84;141m[48;2;84;81;144m▀[0m[38;2;106;97;146m[48;2;85;82;145m▀[0m[38;2;81;78;141m[48;2;85;82;145m▀[0m[38;2;84;81;144m[48;2;85;82;145m▀[0m[38;2;86;84;148m[48;2;81;77;139m▀[0m[38;2;85;82;145m[48;2;71;64;110m▀[0m[38;2;84;81;145m[48;2;67;60;100m▀[0m[38;2;66;60;100m[48;2;66;60;100m▀[0m[38;2;66;60;99m[48;2;66;60;98m▀[0m[38;2;67;60;99m[48;2;68;62;101m▀[0m[38;2;118;117;140m[48;2;127;129;145m▀[0m[38;2;118;119;140m[48;2;127;128;145m▀[0m[38;2;123;122;146m[48;2;130;137;148m▀[0m[38;2;118;118;141m[48;2;132;139;148m▀[0m         
            [38;2;184;186;204m▀[0m[38;2;160;163;170m[48;2;62;62;74m▀[0m[38;2;130;138;147m[48;2;117;118;142m▀[0m[38;2;166;167;182m[48;2;122;122;152m▀[0m[38;2;216;219;237m[48;2;170;171;192m▀[0m[38;2;196;200;225m[48;2;163;165;173m▀[0m[38;2;167;172;179m[48;2;116;115;142m▀[0m[38;2;71;60;116m[48;2;114;114;140m▀[0m[38;2;68;61;102m[48;2;113;113;139m▀[0m[38;2;67;60;100m[48;2;120;119;144m▀[0m[38;2;67;60;100m[48;2;121;120;142m▀[0m[38;2;67;60;100m[48;2;124;123;142m▀[0m[38;2;68;61;101m[48;2;129;132;147m▀[0m[38;2;69;62;103m[48;2;135;142;150m▀[0m[38;2;124;123;146m[48;2;132;140;150m▀[0m[38;2;130;138;149m[48;2;136;137;151m▀[0m[38;2;141;146;157m[48;2;136;142;151m▀[0m[38;2;135;143;150m[48;2;135;140;148m▀[0m[38;2;146;149;156m▀[0m         
              [38;2;122;124;143m▀[0m[38;2;119;118;143m▀[0m[38;2;116;116;141m[48;2;1;3;3m▀[0m[38;2;119;118;140m[48;2;128;129;146m▀[0m[38;2;123;125;143m[48;2;79;85;90m▀[0m[38;2;126;125;145m[48;2;128;134;147m▀[0m[38;2;126;129;146m[48;2;128;135;147m▀[0m[38;2;125;129;146m[48;2;129;137;148m▀[0m[38;2;128;131;147m[48;2;128;130;148m▀[0m[38;2;132;138;149m[48;2;131;139;148m▀[0m[38;2;135;137;150m[48;2;134;141;150m▀[0m[38;2;135;143;150m[48;2;136;141;151m▀[0m[38;2;137;142;151m[48;2;136;142;152m▀[0m[38;2;137;141;151m[48;2;141;145;153m▀[0m[38;2;137;141;151m[48;2;141;143;153m▀[0m[38;2;136;141;151m▄[0m[38;2;18;18;20m▄[0m         
                    [38;2;177;179;196m▀[0m[38;2;169;174;183m▀[0m      [38;2;132;139;149m[48;2;139;143;150m▀[0m[38;2;129;133;147m[48;2;128;131;144m▀[0m[38;2;147;152;160m▄[0m         
                              [38;2;147;150;158m[48;2;43;43;45m▀[0m         
                                        
