                                        
            [38;2;172;165;158m[48;2;193;185;179m▀[0m[38;2;35;31;30m[48;2;186;179;172m▀[0m  [38;2;68;62;64m▄[0m[38;2;76;70;69m[48;2;101;96;101m▀[0m                      
            [38;2;175;166;162m[48;2;96;88;88m▀[0m[38;2;141;132;131m[48;2;137;127;127m▀[0m[38;2;101;93;92m[48;2;136;127;127m▀[0m [38;2;76;75;83m[48;2;253;253;232m▀[0m[38;2;76;75;83m[48;2;254;255;255m▀[0m[38;2;249;249;222m[48;2;251;252;253m▀[0m[38;2;224;234;195m[48;2;242;244;247m▀[0m[38;2;214;229;182m[48;2;242;244;247m▀[0m[38;2;230;238;201m[48;2;83;83;85m▀[0m[38;2;177;177;160m[48;2;244;247;218m▀[0m[38;2;34;34;30m▄[0m[38;2;176;172;145m▄[0m               
             [38;2;137;127;127m[48;2;41;37;36m▀[0m[38;2;136;127;127m[48;2;83;81;75m▀[0m[38;2;202;202;203m[48;2;248;248;248m▀[0m[38;2;146;210;206m[48;2;190;224;212m▀[0m[38;2;67;63;62m[48;2;255;255;255m▀[0m[38;2;253;253;254m[48;2;106;106;105m▀[0m[38;2;244;247;250m[48;2;103;167;170m▀[0m[38;2;246;249;253m[48;2;134;127;128m▀[0m[38;2;243;246;249m[48;2;243;246;249m▀[0m[38;2;200;200;202m[48;2;245;248;251m▀[0m[38;2;241;245;217m[48;2;242;245;217m▀[0m[38;2;241;245;217m[48;2;250;251;224m▀[0m[38;2;251;251;231m[48;2;248;250;222m▀[0m              
             [38;2;116;110;106m[48;2;199;192;183m▀[0m[38;2;255;255;255m[48;2;105;171;173m▀[0m[38;2;255;255;255m[48;2;255;255;255m▀[0m[38;2;255;255;255m[48;2;255;255;255m▀[0m[38;2;255;255;255m[48;2;255;255;255m▀[0m[38;2;253;254;255m[48;2;251;253;254m▀[0m[38;2;133;204;203m[48;2;196;225;213m▀[0m[38;2;70;93;90m[48;2;192;223;209m▀[0m[38;2;252;254;255m[48;2;98;97;97m▀[0m[38;2;251;253;255m[48;2;242;244;248m▀[0m[38;2;222;236;190m[48;2;215;230;183m▀[0m[38;2;55;57;47m[48;2;60;83;82m▀[0m[38;2;239;243;214m[48;2;214;229;182m▀[0m[38;2;232;238;205m[48;2;215;229;182m▀[0m             
            [38;2;173;164;160m[48;2;141;130;130m▀[0m[38;2;91;85;82m[48;2;109;101;100m▀[0m[38;2;103;168;171m[48;2;180;217;207m▀[0m[38;2;67;66;66m[48;2;70;77;71m▀[0m[38;2;254;255;255m[48;2;244;246;249m▀[0m[38;2;244;246;249m[48;2;241;242;246m▀[0m[38;2;247;249;252m[48;2;243;246;249m▀[0m[38;2;21;22;22m[48;2;247;250;253m▀[0m[38;2;173;222;214m[48;2;246;249;251m▀[0m[38;2;240;242;245m[48;2;247;250;252m▀[0m[38;2;241;243;246m[48;2;171;171;173m▀[0m[38;2;176;219;197m[48;2;220;234;188m▀[0m[38;2;148;208;205m[48;2;219;234;187m▀[0m[38;2;71;75;59m[48;2;216;231;184m▀[0m[38;2;219;235;186m[48;2;219;234;186m▀[0m             
            [38;2;69;63;62m▀[0m[38;2;137;128;128m[48;2;110;104;108m▀[0m[38;2;203;203;203m[48;2;46;43;46m▀[0m[38;2;248;250;253m[48;2;246;249;252m▀[0m[38;2;151;152;152m[48;2;198;198;198m▀[0m[38;2;246;249;252m[48;2;186;129;139m▀[0m[38;2;246;249;252m[48;2;246;249;252m▀[0m[38;2;247;250;253m[48;2;245;249;251m▀[0m[38;2;253;253;255m[48;2;246;249;252m▀[0m[38;2;249;251;254m[48;2;216;221;230m▀[0m[38;2;221;235;188m[48;2;225;237;189m▀[0m[38;2;100;105;83m[48;2;220;234;187m▀[0m[38;2;216;233;188m[48;2;155;218;215m▀[0m[38;2;220;234;187m[48;2;221;235;186m▀[0m[38;2;43;42;34m[48;2;146;136;135m▀[0m[38;2;141;131;130m▄[0m[38;2;184;176;170m[48;2;174;166;161m▀[0m[38;2;187;180;172m[48;2;179;171;166m▀[0m[38;2;190;182;174m[48;2;190;181;174m▀[0m[38;2;109;103;99m▀[0m        
           [38;2;34;30;29m▄[0m[38;2;20;17;16m[48;2;187;180;172m▀[0m[38;2;31;26;25m▄[0m[38;2;61;57;59m▄[0m[38;2;70;65;68m▀[0m[38;2;250;252;254m▀[0m[38;2;251;253;254m▀[0m[38;2;252;252;254m[48;2;32;30;32m▀[0m[38;2;233;235;240m[48;2;76;75;84m▀[0m[38;2;139;143;151m[48;2;75;75;83m▀[0m[38;2;21;18;17m[48;2;196;209;166m▀[0m[38;2;223;236;189m[48;2;216;231;184m▀[0m[38;2;220;235;186m[48;2;223;236;189m▀[0m[38;2;221;236;186m[48;2;117;107;106m▀[0m[38;2;148;138;137m[48;2;221;235;187m▀[0m[38;2;231;246;197m[48;2;222;237;188m▀[0m [38;2;11;7;5m▀[0m           
           [38;2;50;44;44m▀[0m[38;2;139;130;130m[48;2;47;42;40m▀[0m[38;2;19;17;15m▄[0m[38;2;77;72;75m▀[0m[38;2;137;127;128m▄[0m[38;2;172;160;153m▄[0m[38;2;172;161;155m▄[0m[38;2;24;20;20m▄[0m[38;2;75;75;82m[48;2;137;128;128m▀[0m[38;2;98;94;100m[48;2;138;129;129m▀[0m[38;2;113;118;94m[48;2;128;119;118m▀[0m[38;2;205;217;173m[48;2;219;234;186m▀[0m[38;2;138;129;129m[48;2;236;246;205m▀[0m[38;2;220;236;188m[48;2;229;238;200m▀[0m[38;2;216;231;183m[48;2;79;82;67m▀[0m[38;2;203;216;172m[48;2;218;232;186m▀[0m[38;2;230;244;199m▄[0m            
              [38;2;135;125;125m[48;2;114;108;113m▀[0m[38;2;135;126;126m▀[0m[38;2;136;127;126m▀[0m [38;2;18;16;16m[48;2;213;228;182m▀[0m[38;2;158;148;144m[48;2;213;227;180m▀[0m  [38;2;30;30;25m▀[0m[38;2;163;163;145m[48;2;240;245;216m▀[0m[38;2;239;240;218m[48;2;242;246;217m▀[0m[38;2;226;237;198m[48;2;243;246;217m▀[0m[38;2;223;237;191m[48;2;245;248;218m▀[0m[38;2;223;235;192m[48;2;243;246;217m▀[0m[38;2;245;250;221m▄[0m           
               [38;2;6;1;0m▀[0m[38;2;28;26;27m▄[0m[38;2;215;229;183m[48;2;139;129;129m▀[0m[38;2;216;231;183m[48;2;144;135;134m▀[0m[38;2;231;248;196m[48;2;179;186;149m▀[0m    [38;2;243;246;217m[48;2;242;245;217m▀[0m[38;2;29;41;41m[48;2;148;209;206m▀[0m[38;2;241;245;216m[48;2;178;221;210m▀[0m[38;2;241;245;217m[48;2;31;29;25m▀[0m[38;2;240;245;216m[48;2;243;246;217m▀[0m[38;2;242;246;217m[48;2;243;246;219m▀[0m[38;2;228;229;207m▄[0m         
         [38;2;250;252;254m▄[0m[38;2;251;252;254m▄[0m[38;2;249;252;254m▄[0m[38;2;246;249;252m▄[0m[38;2;237;240;245m▄[0m[38;2;179;185;197m▄[0m[38;2;181;187;199m▄[0m[38;2;141;130;130m[48;2;140;130;130m▀[0m[38;2;142;131;130m[48;2;140;130;130m▀[0m[38;2;146;136;135m[48;2;157;148;144m▀[0m[38;2;147;137;137m[48;2;144;134;132m▀[0m    [38;2;172;172;157m[48;2;57;56;49m▀[0m[38;2;243;246;217m[48;2;240;243;215m▀[0m[38;2;242;245;217m[48;2;240;244;215m▀[0m[38;2;250;250;227m[48;2;223;226;201m▀[0m[38;2;240;244;215m[48;2;241;244;216m▀[0m[38;2;154;155;138m[48;2;229;229;216m▀[0m[38;2;241;244;216m[48;2;240;243;215m▀[0m         
         [38;2;248;250;254m[48;2;94;95;101m▀[0m[38;2;186;192;205m▄[0m [38;2;193;193;193m▀[0m[38;2;238;241;246m▀[0m[38;2;183;188;201m[48;2;250;252;255m▀[0m[38;2;221;223;230m[48;2;255;255;255m▀[0m[38;2;143;132;131m[48;2;137;128;128m▀[0m[38;2;143;132;130m[48;2;136;126;126m▀[0m[38;2;165;155;151m[48;2;151;141;138m▀[0m[38;2;165;155;149m[48;2;157;147;141m▀[0m    [38;2;57;60;48m[48;2;219;234;186m▀[0m[38;2;225;236;194m[48;2;215;230;183m▀[0m[38;2;229;237;200m[48;2;214;229;182m▀[0m[38;2;21;22;18m[48;2;214;228;182m▀[0m[38;2;211;231;199m[48;2;148;209;206m▀[0m[38;2;233;241;215m[48;2;217;233;201m▀[0m[38;2;242;245;217m[48;2;239;243;215m▀[0m         
          [38;2;171;197;217m▀[0m[38;2;114;113;112m▄[0m[38;2;7;5;7m[48;2;241;244;247m▀[0m[38;2;243;245;249m[48;2;242;244;248m▀[0m[38;2;241;243;245m[48;2;64;63;63m▀[0m[38;2;248;249;250m▀[0m[38;2;135;125;125m[48;2;137;127;127m▀[0m[38;2;136;126;126m[48;2;136;127;127m▀[0m[38;2;172;161;154m[48;2;142;132;131m▀[0m[38;2;142;132;132m[48;2;137;127;127m▀[0m   [38;2;165;175;139m▄[0m[38;2;214;228;182m[48;2;219;234;186m▀[0m[38;2;66;68;54m[48;2;219;234;186m▀[0m[38;2;220;236;187m[48;2;234;250;199m▀[0m[38;2;218;233;184m[48;2;71;74;58m▀[0m[38;2;173;190;155m[48;2;224;236;189m▀[0m[38;2;224;236;193m[48;2;220;235;188m▀[0m[38;2;41;41;36m▀[0m         
          [38;2;243;246;250m▄[0m[38;2;241;244;248m[48;2;252;252;252m▀[0m[38;2;210;210;210m▀[0m   [38;2;139;130;129m[48;2;145;134;134m▀[0m[38;2;150;139;137m[48;2;155;145;141m▀[0m[38;2;140;130;130m[48;2;137;128;127m▀[0m[38;2;112;103;103m▀[0m  [38;2;225;237;189m▄[0m[38;2;221;235;188m[48;2;226;239;191m▀[0m[38;2;230;245;195m[48;2;218;235;189m▀[0m[38;2;225;237;188m[48;2;162;230;227m▀[0m[38;2;220;235;187m[48;2;223;237;188m▀[0m[38;2;225;240;191m[48;2;219;234;187m▀[0m[38;2;30;31;24m▀[0m           
         [38;2;46;44;44m[48;2;249;251;254m▀[0m[38;2;247;250;254m▀[0m      [38;2;139;130;129m[48;2;107;99;99m▀[0m[38;2;141;130;130m[48;2;145;135;133m▀[0m  [38;2;0;0;0m[48;2;219;233;185m▀[0m[38;2;222;235;189m[48;2;221;237;189m▀[0m[38;2;223;236;189m[48;2;220;234;187m▀[0m[38;2;216;234;188m[48;2;41;41;33m▀[0m[38;2;184;221;198m[48;2;220;234;187m▀[0m[38;2;234;249;199m[48;2;220;234;187m▀[0m[38;2;225;238;190m▀[0m            
        [38;2;236;237;237m▄[0m[38;2;85;84;85m▀[0m         [38;2;7;1;1m▀[0m[38;2;235;250;200m▄[0m[38;2;221;235;188m[48;2;215;229;182m▀[0m[38;2;211;226;179m[48;2;215;231;183m▀[0m[38;2;220;235;187m[48;2;216;231;183m▀[0m[38;2;219;234;186m[48;2;216;231;183m▀[0m[38;2;219;234;186m[48;2;148;158;125m▀[0m[38;2;218;233;185m[48;2;6;6;4m▀[0m             
                    [38;2;215;230;183m[48;2;223;236;190m▀[0m[38;2;215;231;183m[48;2;225;238;190m▀[0m[38;2;216;231;183m[48;2;227;238;192m▀[0m[38;2;219;235;186m[48;2;223;236;189m▀[0m[38;2;219;234;186m[48;2;220;234;187m▀[0m[38;2;59;59;48m[48;2;177;187;150m▀[0m[38;2;9;9;6m▄[0m             
                    [38;2;219;234;187m▀[0m[38;2;219;234;185m[48;2;216;231;183m▀[0m[38;2;218;233;185m[48;2;195;203;159m▀[0m[38;2;218;233;185m[48;2;217;233;185m▀[0m[38;2;223;239;190m[48;2;223;236;186m▀[0m[38;2;216;231;183m[48;2;224;236;188m▀[0m[38;2;223;237;188m▀[0m             
                                        
