                                        
            [38;2;151;146;152m[48;2;183;176;183m▀[0m[38;2;37;35;38m[48;2;174;168;175m▀[0m  [38;2;62;60;62m▄[0m[38;2;67;65;69m[48;2;98;95;98m▀[0m                      
            [38;2;162;158;164m[48;2;87;86;89m▀[0m[38;2;131;128;133m[48;2;128;126;131m▀[0m[38;2;91;90;94m[48;2;127;125;129m▀[0m [38;2;75;75;79m[48;2;214;243;224m▀[0m[38;2;77;77;81m[48;2;254;255;254m▀[0m[38;2;209;248;225m[48;2;251;251;254m▀[0m[38;2;180;238;215m[48;2;240;244;248m▀[0m[38;2;164;235;210m[48;2;241;243;248m▀[0m[38;2;188;243;220m[48;2;95;95;97m▀[0m[38;2;150;174;160m[48;2;211;252;230m▀[0m[38;2;42;52;46m▄[0m[38;2;113;175;124m▄[0m               
             [38;2;128;126;131m[48;2;41;40;42m▀[0m[38;2;128;126;129m[48;2;89;101;93m▀[0m[38;2;190;190;191m[48;2;238;238;238m▀[0m[38;2;73;240;86m[48;2;160;237;144m▀[0m[38;2;70;63;73m[48;2;255;255;255m▀[0m[38;2;252;252;253m[48;2;109;109;109m▀[0m[38;2;245;247;250m[48;2;19;200;69m▀[0m[38;2;243;251;255m[48;2;132;124;130m▀[0m[38;2;241;245;251m[48;2;239;247;255m▀[0m[38;2;192;192;195m[48;2;242;248;253m▀[0m[38;2;207;249;228m[48;2;206;249;227m▀[0m[38;2;206;248;227m[48;2;207;241;221m▀[0m[38;2;220;246;229m[48;2;209;248;227m▀[0m              
             [38;2;102;99;103m[48;2;180;172;179m▀[0m[38;2;254;254;254m[48;2;20;206;73m▀[0m[38;2;255;255;255m[48;2;255;255;255m▀[0m[38;2;255;255;255m[48;2;255;255;255m▀[0m[38;2;255;255;255m[48;2;255;255;255m▀[0m[38;2;251;253;255m[48;2;249;252;255m▀[0m[38;2;45;236;89m[48;2;175;235;158m▀[0m[38;2;50;116;55m[48;2;168;234;148m▀[0m[38;2;251;253;254m[48;2;103;101;101m▀[0m[38;2;252;253;254m[48;2;239;245;254m▀[0m[38;2;173;243;218m[48;2;165;236;212m▀[0m[38;2;54;71;64m[48;2;36;109;45m▀[0m[38;2;203;247;225m[48;2;164;235;211m▀[0m[38;2;188;237;213m[48;2;164;235;210m▀[0m             
            [38;2;162;158;165m[48;2;131;129;134m▀[0m[38;2;93;91;95m[48;2;95;93;97m▀[0m[38;2;18;202;72m[48;2;136;232;130m▀[0m[38;2;84;83;85m[48;2;83;97;74m▀[0m[38;2;255;255;255m[48;2;242;246;251m▀[0m[38;2;243;246;251m[48;2;240;242;248m▀[0m[38;2;246;249;253m[48;2;239;246;255m▀[0m[38;2;36;39;34m[48;2;243;250;255m▀[0m[38;2;110;243;116m[48;2;245;249;251m▀[0m[38;2;241;242;244m[48;2;248;250;251m▀[0m[38;2;240;243;248m[48;2;166;167;167m▀[0m[38;2;151;228;151m[48;2;172;241;217m▀[0m[38;2;73;238;95m[48;2;169;239;216m▀[0m[38;2;59;83;74m[48;2;166;237;213m▀[0m[38;2;168;240;216m[48;2;168;240;216m▀[0m             
            [38;2;65;62;66m▀[0m[38;2;129;127;131m[48;2;106;103;105m▀[0m[38;2;195;195;195m[48;2;51;49;50m▀[0m[38;2;246;249;254m[48;2;248;250;252m▀[0m[38;2;151;151;152m[48;2;191;191;191m▀[0m[38;2;245;249;254m[48;2;209;123;138m▀[0m[38;2;248;249;251m[48;2;245;248;253m▀[0m[38;2;249;250;252m[48;2;246;249;249m▀[0m[38;2;253;253;254m[48;2;248;249;250m▀[0m[38;2;249;250;252m[48;2;218;220;225m▀[0m[38;2;169;240;215m[48;2;171;242;213m▀[0m[38;2;77;110;97m[48;2;168;240;216m▀[0m[38;2;168;238;213m[48;2;76;244;101m▀[0m[38;2;168;241;215m[48;2;168;239;211m▀[0m[38;2;44;65;52m[48;2;134;131;137m▀[0m[38;2;131;128;134m▄[0m[38;2;171;165;172m[48;2;162;157;164m▀[0m[38;2;175;167;175m[48;2;168;162;169m▀[0m[38;2;176;169;177m[48;2;176;170;178m▀[0m[38;2;97;94;98m▀[0m        
           [38;2;44;43;45m▄[0m[38;2;23;22;23m[48;2;175;167;175m▀[0m[38;2;35;34;36m▄[0m[38;2;57;55;57m▄[0m[38;2;65;63;64m▀[0m[38;2;249;252;255m▀[0m[38;2;250;252;255m▀[0m[38;2;252;252;254m[48;2;35;34;37m▀[0m[38;2;234;234;237m[48;2;75;75;79m▀[0m[38;2;138;139;144m[48;2;75;75;79m▀[0m[38;2;33;34;36m[48;2;141;201;181m▀[0m[38;2;170;242;215m[48;2;165;236;212m▀[0m[38;2;168;241;216m[48;2;171;242;216m▀[0m[38;2;162;231;208m[48;2;106;101;109m▀[0m[38;2;137;134;140m[48;2;170;241;216m▀[0m[38;2;178;252;226m[48;2;159;228;203m▀[0m [38;2;11;11;11m▀[0m           
           [38;2;53;52;55m▀[0m[38;2;131;129;133m[48;2;46;45;47m▀[0m[38;2;14;14;16m▄[0m[38;2;72;70;72m▀[0m[38;2;129;126;130m▄[0m[38;2;156;149;159m▄[0m[38;2;156;150;159m▄[0m[38;2;25;23;23m▄[0m[38;2;70;70;74m[48;2;128;126;131m▀[0m[38;2;90;87;91m[48;2;130;128;133m▀[0m[38;2;82;118;102m[48;2;116;114;118m▀[0m[38;2;152;214;192m[48;2;169;240;216m▀[0m[38;2;130;128;132m[48;2;186;245;222m▀[0m[38;2;170;241;219m[48;2;186;242;220m▀[0m[38;2;165;237;214m[48;2;66;90;81m▀[0m[38;2;147;210;187m[48;2;168;238;214m▀[0m[38;2;176;242;218m▄[0m            
              [38;2;126;124;129m[48;2;108;105;109m▀[0m[38;2;127;125;129m▀[0m[38;2;127;125;129m▀[0m [38;2;28;27;29m[48;2;164;233;211m▀[0m[38;2;144;139;146m[48;2;160;231;205m▀[0m  [38;2;31;42;36m▀[0m[38;2;137;163;146m[48;2;205;248;228m▀[0m[38;2;200;228;211m[48;2;206;250;227m▀[0m[38;2;182;242;220m[48;2;206;250;225m▀[0m[38;2;176;245;220m[48;2;208;251;227m▀[0m[38;2;167;229;207m[48;2;205;250;226m▀[0m[38;2;213;253;232m▄[0m           
               [38;2;4;3;4m▀[0m[38;2;33;32;34m▄[0m[38;2;165;236;212m[48;2;129;127;132m▀[0m[38;2;165;237;212m[48;2;135;133;138m▀[0m[38;2;176;252;226m[48;2;129;177;154m▀[0m    [38;2;206;250;227m[48;2;206;249;227m▀[0m[38;2;25;57;26m[48;2;73;238;85m▀[0m[38;2;205;249;228m[48;2;126;241;130m▀[0m[38;2;207;249;227m[48;2;43;56;46m▀[0m[38;2;204;248;227m[48;2;206;250;226m▀[0m[38;2;206;250;228m[48;2;210;249;228m▀[0m[38;2;188;217;199m▄[0m         
         [38;2;251;252;253m▄[0m[38;2;252;251;252m▄[0m[38;2;251;252;253m▄[0m[38;2;245;249;254m▄[0m[38;2;238;239;242m▄[0m[38;2;182;185;191m▄[0m[38;2;186;188;194m▄[0m[38;2;131;129;134m[48;2;131;129;134m▀[0m[38;2;131;128;134m[48;2;131;129;134m▀[0m[38;2;136;133;139m[48;2;145;140;147m▀[0m[38;2;137;135;140m[48;2;133;129;135m▀[0m    [38;2;154;175;161m[48;2;59;72;62m▀[0m[38;2;200;251;224m[48;2;205;247;225m▀[0m[38;2;196;250;218m[48;2;207;248;227m▀[0m[38;2;214;248;227m[48;2;182;219;199m▀[0m[38;2;205;247;225m[48;2;205;248;225m▀[0m[38;2;128;151;137m[48;2;202;223;209m▀[0m[38;2;205;248;226m[48;2;205;247;225m▀[0m         
         [38;2;250;250;252m[48;2;98;99;103m▀[0m[38;2;189;191;198m▄[0m [38;2;185;185;185m▀[0m[38;2;238;239;242m▀[0m[38;2;186;188;194m[48;2;251;252;253m▀[0m[38;2;215;216;219m[48;2;246;246;246m▀[0m[38;2;131;128;134m[48;2;129;127;131m▀[0m[38;2;131;128;134m[48;2;126;124;130m▀[0m[38;2;152;147;154m[48;2;138;134;141m▀[0m[38;2;151;145;153m[48;2;143;137;145m▀[0m    [38;2;55;76;68m[48;2;167;240;215m▀[0m[38;2;179;240;217m[48;2;165;236;213m▀[0m[38;2;185;242;218m[48;2;163;234;210m▀[0m[38;2;29;41;34m[48;2;163;233;208m▀[0m[38;2;180;235;193m[48;2;73;238;87m▀[0m[38;2;197;246;214m[48;2;168;242;197m▀[0m[38;2;207;249;227m[48;2;205;247;226m▀[0m         
          [38;2;186;199;209m▀[0m[38;2;119;120;120m▄[0m[38;2;11;11;11m[48;2;243;244;246m▀[0m[38;2;244;245;247m[48;2;243;244;246m▀[0m[38;2;242;242;244m[48;2;75;74;75m▀[0m[38;2;243;244;244m▀[0m[38;2;126;124;128m[48;2;128;126;130m▀[0m[38;2;127;125;130m[48;2;128;126;130m▀[0m[38;2;156;149;159m[48;2;131;129;134m▀[0m[38;2;132;129;135m[48;2;128;126;130m▀[0m   [38;2;120;170;152m▄[0m[38;2;164;234;209m[48;2;167;239;216m▀[0m[38;2;55;78;68m[48;2;167;240;217m▀[0m[38;2;168;241;219m[48;2;170;240;217m▀[0m[38;2;166;239;215m[48;2;60;86;76m▀[0m[38;2;123;173;162m[48;2;171;242;214m▀[0m[38;2;177;241;217m[48;2;170;241;217m▀[0m[38;2;44;56;50m▀[0m         
          [38;2;245;246;248m▄[0m[38;2;243;244;246m[48;2;248;248;249m▀[0m[38;2;196;196;196m▀[0m   [38;2;130;128;133m[48;2;135;133;138m▀[0m[38;2;138;135;141m[48;2;143;138;145m▀[0m[38;2;131;129;134m[48;2;128;126;130m▀[0m[38;2;96;95;99m▀[0m  [38;2;171;243;215m▄[0m[38;2;170;241;216m[48;2;175;246;218m▀[0m[38;2;166;234;209m[48;2;171;239;217m▀[0m[38;2;168;242;215m[48;2;76;245;94m▀[0m[38;2;168;241;217m[48;2;171;243;218m▀[0m[38;2;174;248;223m[48;2;169;240;216m▀[0m[38;2;51;72;62m▀[0m           
         [38;2;58;58;58m[48;2;250;251;252m▀[0m[38;2;249;250;252m▀[0m      [38;2;130;128;133m[48;2;95;92;96m▀[0m[38;2;131;129;134m[48;2;134;131;137m▀[0m  [38;2;3;6;5m[48;2;167;239;214m▀[0m[38;2;171;241;216m[48;2;171;244;220m▀[0m[38;2;172;242;216m[48;2;169;240;216m▀[0m[38;2;168;239;207m[48;2;44;59;52m▀[0m[38;2;147;234;154m[48;2;169;240;215m▀[0m[38;2;171;240;217m[48;2;169;240;215m▀[0m[38;2;173;244;217m▀[0m            
        [38;2;224;224;224m▄[0m[38;2;90;89;90m▀[0m         [38;2;5;3;5m▀[0m[38;2;176;246;222m▄[0m[38;2;169;240;216m[48;2;164;234;209m▀[0m[38;2;158;225;201m[48;2;165;237;213m▀[0m[38;2;168;241;216m[48;2;165;236;212m▀[0m[38;2;168;239;215m[48;2;165;237;213m▀[0m[38;2;167;240;216m[48;2;109;158;140m▀[0m[38;2;166;239;215m[48;2;12;17;17m▀[0m             
                    [38;2;165;236;212m[48;2;165;236;212m▀[0m[38;2;165;237;213m[48;2;173;246;219m▀[0m[38;2;165;236;212m[48;2;174;244;216m▀[0m[38;2;170;242;219m[48;2;171;242;215m▀[0m[38;2;168;240;216m[48;2;169;240;215m▀[0m[38;2;52;69;63m[48;2;129;181;162m▀[0m[38;2;15;23;19m▄[0m             
                    [38;2;169;240;216m▀[0m[38;2;167;239;215m[48;2;169;240;215m▀[0m[38;2;169;240;215m[48;2;138;205;173m▀[0m[38;2;167;239;215m[48;2;167;239;216m▀[0m[38;2;170;243;218m[48;2;166;237;212m▀[0m[38;2;165;237;213m[48;2;165;239;214m▀[0m[38;2;170;243;217m▀[0m             
                                        
