                                        
             [38;2;252;244;197m[48;2;250;232;152m▀[0m[38;2;252;235;153m▄[0m[38;2;243;225;148m▄[0m[38;2;255;241;180m[48;2;113;104;74m▀[0m[38;2;252;235;157m[48;2;252;234;154m▀[0m[38;2;94;88;58m▄[0m                     
           [38;2;201;201;190m▄[0m[38;2;222;222;210m▄[0m[38;2;120;112;78m[48;2;38;36;26m▀[0m[38;2;250;232;152m[48;2;205;189;129m▀[0m[38;2;91;91;88m[48;2;169;155;116m▀[0m[38;2;224;223;213m[48;2;169;155;116m▀[0m[38;2;205;190;130m[48;2;203;187;128m▀[0m[38;2;209;192;132m[48;2;125;116;85m▀[0m[38;2;56;55;53m▀[0m[38;2;246;245;234m[48;2;19;19;19m▀[0m[38;2;205;203;196m[48;2;204;203;195m▀[0m[38;2;243;242;231m[48;2;196;195;188m▀[0m[38;2;196;196;188m[48;2;196;195;188m▀[0m[38;2;238;236;226m[48;2;203;202;195m▀[0m               
              [38;2;180;166;122m[48;2;247;229;150m▀[0m[38;2;97;90;63m[48;2;247;230;150m▀[0m  [38;2;186;171;123m▀[0m[38;2;248;246;239m▀[0m  [38;2;81;80;77m▀[0m[38;2;225;223;215m▀[0m[38;2;40;40;38m▀[0m               
              [38;2;255;238;156m[48;2;251;233;153m▀[0m[38;2;207;195;133m[48;2;165;156;107m▀[0m[38;2;250;238;182m[48;2;204;189;129m▀[0m[38;2;247;231;156m▄[0m[38;2;242;228;154m▄[0m  [38;2;116;106;75m▄[0m                  
              [38;2;255;238;160m[48;2;246;230;155m▀[0m[38;2;201;193;130m[48;2;149;139;92m▀[0m[38;2;250;232;154m▀[0m[38;2;204;188;129m[48;2;224;207;139m▀[0m[38;2;92;85;58m[48;2;208;192;131m▀[0m[38;2;250;232;152m[48;2;216;202;134m▀[0m[38;2;17;17;11m[48;2;252;234;153m▀[0m[38;2;173;157;118m[48;2;250;238;183m▀[0m[38;2;255;243;184m▄[0m        [38;2;250;239;192m▄[0m[38;2;152;142;95m▄[0m       
              [38;2;196;155;116m▄[0m[38;2;251;233;154m[48;2;245;228;150m▀[0m[38;2;130;96;70m▄[0m[38;2;237;220;147m[48;2;255;240;162m▀[0m[38;2;190;176;118m[48;2;250;232;152m▀[0m[38;2;250;231;152m[48;2;254;235;154m▀[0m[38;2;255;238;157m[48;2;255;238;160m▀[0m[38;2;247;229;151m[48;2;255;243;178m▀[0m[38;2;132;125;93m[48;2;230;219;160m▀[0m[38;2;254;239;160m[48;2;232;233;224m▀[0m[38;2;249;236;158m▄[0m   [38;2;0;0;0m[48;2;13;11;11m▀[0m[38;2;230;214;143m▄[0m [38;2;254;237;159m[48;2;140;128;96m▀[0m[38;2;55;51;37m[48;2;173;158;117m▀[0m [38;2;255;246;194m▄[0m     
              [38;2;126;95;72m[48;2;51;37;28m▀[0m[38;2;206;190;130m[48;2;157;115;87m▀[0m[38;2;24;16;12m[48;2;103;67;49m▀[0m[38;2;173;130;95m[48;2;133;93;67m▀[0m[38;2;69;66;47m[48;2;104;67;50m▀[0m[38;2;250;235;172m[48;2;55;51;37m▀[0m[38;2;255;242;177m[48;2;130;119;88m▀[0m[38;2;255;238;161m[48;2;119;109;84m▀[0m[38;2;252;234;153m[48;2;244;230;155m▀[0m[38;2;252;234;154m[48;2;251;233;152m▀[0m[38;2;254;237;155m[48;2;197;182;124m▀[0m[38;2;162;153;105m[48;2;253;236;155m▀[0m   [38;2;153;141;98m▀[0m[38;2;173;158;117m[48;2;174;160;118m▀[0m[38;2;169;154;114m[48;2;161;148;109m▀[0m[38;2;175;160;118m[48;2;188;173;124m▀[0m[38;2;249;237;161m[48;2;219;219;213m▀[0m[38;2;252;235;154m▀[0m     
            [38;2;40;36;23m▄[0m[38;2;1;1;0m▄[0m[38;2;30;19;14m[48;2;106;68;50m▀[0m[38;2;104;67;50m[48;2;107;69;50m▀[0m[38;2;104;67;50m[48;2;45;29;21m▀[0m[38;2;120;81;59m[48;2;104;67;50m▀[0m[38;2;105;67;50m[48;2;108;70;50m▀[0m[38;2;106;68;50m[48;2;255;238;158m▀[0m[38;2;235;224;152m[48;2;255;239;162m▀[0m[38;2;252;234;153m[48;2;30;24;16m▀[0m[38;2;192;177;108m[48;2;83;53;39m▀[0m[38;2;41;28;22m[48;2;79;52;45m▀[0m[38;2;55;44;34m[48;2;77;51;44m▀[0m[38;2;208;192;131m[48;2;51;30;29m▀[0m[38;2;79;72;52m[48;2;182;169;122m▀[0m   [38;2;59;55;42m[48;2;204;188;129m▀[0m[38;2;100;93;67m[48;2;205;189;130m▀[0m[38;2;188;173;124m▀[0m[38;2;72;67;49m▀[0m      
         [38;2;249;235;175m▄[0m[38;2;250;236;175m[48;2;251;237;175m▀[0m[38;2;252;237;175m[48;2;249;234;171m▀[0m[38;2;249;231;153m[48;2;250;231;152m▀[0m[38;2;253;235;156m[48;2;255;237;156m▀[0m[38;2;105;68;50m[48;2;66;47;35m▀[0m[38;2;104;67;50m[48;2;106;69;50m▀[0m[38;2;107;69;50m[48;2;104;67;50m▀[0m[38;2;108;69;50m[48;2;81;54;39m▀[0m[38;2;255;244;187m[48;2;251;242;201m▀[0m[38;2;252;240;183m[48;2;248;247;209m▀[0m[38;2;16;14;10m[48;2;170;127;93m▀[0m[38;2;125;86;61m[48;2;200;157;120m▀[0m[38;2;105;68;50m[48;2;169;125;94m▀[0m[38;2;107;70;51m[48;2;132;94;69m▀[0m[38;2;50;30;29m[48;2;55;39;29m▀[0m[38;2;51;30;29m[48;2;51;31;29m▀[0m[38;2;216;200;138m[48;2;230;212;143m▀[0m[38;2;180;165;120m▄[0m[38;2;184;168;122m▄[0m[38;2;173;160;110m[48;2;250;232;152m▀[0m[38;2;250;232;152m[48;2;250;231;152m▀[0m         
       [38;2;250;231;152m▄[0m[38;2;249;235;175m[48;2;249;232;155m▀[0m[38;2;252;237;175m[48;2;249;233;164m▀[0m[38;2;249;235;175m[48;2;250;231;152m▀[0m[38;2;250;232;152m[48;2;250;232;152m▀[0m[38;2;250;232;152m[48;2;252;235;154m▀[0m[38;2;252;234;153m[48;2;247;228;151m▀[0m[38;2;230;213;143m[48;2;173;128;97m▀[0m[38;2;232;216;146m[48;2;107;69;50m▀[0m[38;2;110;71;52m[48;2;135;95;69m▀[0m[38;2;40;38;31m[48;2;247;239;200m▀[0m[38;2;251;242;201m[48;2;110;71;51m▀[0m[38;2;107;69;50m[48;2;138;98;69m▀[0m[38;2;174;129;95m[48;2;175;131;95m▀[0m[38;2;173;129;95m[48;2;167;123;92m▀[0m[38;2;163;119;89m[48;2;82;52;40m▀[0m[38;2;145;104;74m[48;2;62;38;32m▀[0m[38;2;140;100;70m[48;2;61;37;32m▀[0m[38;2;29;17;15m[48;2;21;13;10m▀[0m[38;2;238;226;175m[48;2;193;185;150m▀[0m  [38;2;72;67;49m▀[0m          
      [38;2;200;187;126m▄[0m[38;2;250;232;152m[48;2;250;232;152m▀[0m[38;2;252;234;154m[48;2;250;232;153m▀[0m[38;2;250;232;152m[48;2;250;231;152m▀[0m[38;2;250;231;152m[48;2;83;76;52m▀[0m[38;2;247;228;151m[48;2;245;227;150m▀[0m[38;2;247;229;150m[48;2;169;125;94m▀[0m[38;2;169;125;94m[48;2;169;125;94m▀[0m[38;2;171;128;94m[48;2;246;228;151m▀[0m[38;2;24;18;12m[48;2;201;186;129m▀[0m[38;2;155;142;96m[48;2;200;184;128m▀[0m[38;2;239;232;195m[48;2;201;186;129m▀[0m[38;2;173;129;95m[48;2;66;40;34m▀[0m[38;2;83;56;41m[48;2;63;39;32m▀[0m[38;2;63;39;33m[48;2;62;39;32m▀[0m[38;2;62;39;32m[48;2;36;32;23m▀[0m[38;2;62;38;32m[48;2;175;161;119m▀[0m[38;2;61;37;32m[48;2;64;40;33m▀[0m[38;2;62;37;32m▀[0m               
      [38;2;250;236;159m[48;2;246;231;158m▀[0m[38;2;250;232;152m[48;2;250;232;152m▀[0m[38;2;250;232;152m[48;2;250;232;152m▀[0m[38;2;248;229;151m[48;2;123;113;79m▀[0m[38;2;209;193;131m[48;2;46;46;35m▀[0m[38;2;61;55;47m[48;2;162;118;90m▀[0m[38;2;172;129;95m[48;2;159;118;89m▀[0m[38;2;247;230;148m[48;2;229;212;144m▀[0m[38;2;237;220;148m[48;2;192;177;126m▀[0m[38;2;193;177;125m[48;2;180;165;121m▀[0m[38;2;191;176;124m[48;2;172;158;117m▀[0m[38;2;180;165;121m[48;2;166;158;119m▀[0m[38;2;174;160;118m[48;2;255;240;177m▀[0m[38;2;68;41;35m[48;2;250;232;152m▀[0m[38;2;178;164;120m[48;2;189;177;118m▀[0m[38;2;244;227;150m[48;2;250;234;164m▀[0m[38;2;252;239;174m[48;2;192;152;141m▀[0m[38;2;250;233;156m[48;2;241;184;169m▀[0m[38;2;62;58;38m▄[0m               
      [38;2;218;206;142m[48;2;0;0;3m▀[0m[38;2;250;232;152m[48;2;250;232;152m▀[0m[38;2;250;232;152m[48;2;249;231;152m▀[0m[38;2;204;188;129m[48;2;204;189;129m▀[0m[38;2;61;57;40m[48;2;206;190;130m▀[0m[38;2;104;67;50m[48;2;105;68;50m▀[0m[38;2;184;169;123m[48;2;172;158;117m▀[0m[38;2;171;157;117m[48;2;173;159;117m▀[0m[38;2;171;156;116m[48;2;173;159;117m▀[0m[38;2;170;156;116m[48;2;173;159;117m▀[0m[38;2;148;135;100m[48;2;253;235;155m▀[0m[38;2;255;240;177m[48;2;251;233;153m▀[0m[38;2;255;238;157m[48;2;208;192;131m▀[0m[38;2;255;237;155m[48;2;205;189;130m▀[0m[38;2;230;213;142m[48;2;180;165;120m▀[0m[38;2;240;223;146m[48;2;210;194;131m▀[0m[38;2;247;183;164m[48;2;60;50;36m▀[0m[38;2;239;176;158m[48;2;194;131;117m▀[0m[38;2;132;84;78m[48;2;114;106;77m▀[0m[38;2;227;210;142m[48;2;204;189;129m▀[0m[38;2;249;231;153m[48;2;204;188;129m▀[0m[38;2;205;189;130m▄[0m[38;2;230;212;143m▄[0m           
    [38;2;13;10;5m▄[0m[38;2;250;231;152m▄[0m [38;2;251;233;153m[48;2;205;189;129m▀[0m[38;2;228;211;142m[48;2;204;188;129m▀[0m[38;2;204;188;129m[48;2;205;189;129m▀[0m[38;2;203;188;128m[48;2;204;188;129m▀[0m[38;2;118;77;57m[48;2;204;188;129m▀[0m[38;2;169;154;116m[48;2;179;164;120m▀[0m[38;2;171;157;116m[48;2;179;170;125m▀[0m[38;2;179;169;111m[48;2;251;233;153m▀[0m[38;2;255;237;156m[48;2;204;188;129m▀[0m[38;2;250;231;152m[48;2;209;193;131m▀[0m[38;2;125;117;79m[48;2;154;141;106m▀[0m[38;2;129;120;83m[48;2;169;154;115m▀[0m[38;2;193;178;125m[48;2;152;137;110m▀[0m[38;2;210;195;132m[48;2;144;131;105m▀[0m[38;2;206;191;130m[48;2;207;192;131m▀[0m[38;2;56;53;39m[48;2;154;140;110m▀[0m[38;2;192;178;122m[48;2;151;137;108m▀[0m[38;2;9;8;5m▀[0m[38;2;8;7;5m[48;2;21;20;13m▀[0m[38;2;109;101;71m[48;2;204;188;129m▀[0m[38;2;204;188;128m[48;2;204;188;129m▀[0m[38;2;204;189;129m[48;2;53;49;34m▀[0m           
     [38;2;204;188;129m[48;2;133;123;85m▀[0m[38;2;204;188;129m[48;2;204;188;129m▀[0m[38;2;110;101;72m[48;2;204;188;129m▀[0m[38;2;204;188;129m[48;2;204;188;129m▀[0m[38;2;204;188;129m[48;2;204;188;129m▀[0m[38;2;205;189;130m[48;2;204;189;129m▀[0m[38;2;205;189;129m▀[0m [38;2;251;233;153m[48;2;213;198;132m▀[0m[38;2;207;191;131m[48;2;207;191;130m▀[0m[38;2;211;196;132m[48;2;214;198;134m▀[0m[38;2;109;101;68m[48;2;153;139;110m▀[0m[38;2;153;138;109m[48;2;151;137;109m▀[0m[38;2;151;137;109m[48;2;151;137;109m▀[0m[38;2;150;137;108m[48;2;151;137;109m▀[0m[38;2;151;137;109m[48;2;151;137;109m▀[0m[38;2;151;137;109m[48;2;152;138;110m▀[0m[38;2;152;137;109m▀[0m   [38;2;210;194;132m▀[0m[38;2;204;188;129m[48;2;204;188;129m▀[0m[38;2;143;131;89m[48;2;214;199;134m▀[0m           
      [38;2;28;26;19m▀[0m[38;2;208;192;131m▀[0m[38;2;206;190;130m▀[0m[38;2;204;188;129m▀[0m   [38;2;8;6;4m[48;2;249;231;152m▀[0m[38;2;207;191;131m[48;2;205;189;129m▀[0m[38;2;31;29;20m[48;2;207;191;131m▀[0m[38;2;60;55;43m▀[0m[38;2;154;140;111m▀[0m[38;2;151;137;109m▀[0m[38;2;156;141;112m▀[0m[38;2;37;35;28m▀[0m    [38;2;186;175;119m▀[0m[38;2;206;191;130m▀[0m[38;2;208;192;131m▀[0m[38;2;237;220;146m▀[0m[38;2;245;228;150m[48;2;202;186;125m▀[0m[38;2;230;212;143m[48;2;233;216;144m▀[0m[38;2;232;214;144m[48;2;255;237;155m▀[0m[38;2;247;231;156m[48;2;197;183;123m▀[0m[38;2;237;220;146m▄[0m[38;2;238;220;147m▄[0m     
           [38;2;250;239;192m▄[0m[38;2;250;232;152m[48;2;197;182;124m▀[0m[38;2;252;234;154m▀[0m[38;2;208;193;132m▀[0m[38;2;204;188;129m▀[0m[38;2;244;226;150m[48;2;252;235;154m▀[0m[38;2;254;237;156m▄[0m             [38;2;52;48;33m[48;2;222;222;214m▀[0m[38;2;207;192;131m▀[0m [38;2;91;92;88m▀[0m     
           [38;2;245;244;233m[48;2;235;234;228m▀[0m[38;2;120;111;77m▀[0m   [38;2;76;72;58m[48;2;42;42;42m▀[0m[38;2;125;117;89m▀[0m                      
                                        
