                                        
                   [38;2;111;120;85m▄[0m[38;2;209;227;159m[48;2;209;228;159m▀[0m                   
               [38;2;212;229;160m▄[0m  [38;2;89;100;63m▄[0m[38;2;209;227;157m[48;2;174;211;107m▀[0m[38;2;210;228;159m[48;2;173;210;105m▀[0m [38;2;141;157;103m▄[0m[38;2;205;224;156m▄[0m[38;2;209;228;159m[48;2;38;42;28m▀[0m  [38;2;206;225;156m▄[0m[38;2;0;0;0m[48;2;205;223;156m▀[0m           
       [38;2;7;5;5m▄[0m[38;2;38;40;29m▄[0m      [38;2;182;218;115m▀[0m[38;2;169;208;100m[48;2;166;206;96m▀[0m[38;2;164;205;96m▄[0m[38;2;166;205;96m[48;2;163;203;93m▀[0m[38;2;165;205;96m[48;2;165;204;95m▀[0m[38;2;181;224;104m[48;2;100;122;61m▀[0m[38;2;174;216;101m[48;2;166;206;96m▀[0m[38;2;165;205;96m[48;2;166;206;96m▀[0m[38;2;164;205;96m▀[0m [38;2;209;228;159m▄[0m[38;2;206;226;156m[48;2;208;228;158m▀[0m[38;2;207;226;157m[48;2;207;227;158m▀[0m[38;2;83;88;63m▀[0m           
        [38;2;208;227;158m[48;2;213;233;162m▀[0m[38;2;108;117;82m[48;2;206;224;156m▀[0m[38;2;55;60;41m▄[0m     [38;2;116;142;69m▀[0m[38;2;162;203;93m[48;2;54;62;35m▀[0m[38;2;162;202;94m[48;2;212;235;159m▀[0m[38;2;162;202;94m[48;2;194;221;136m▀[0m[38;2;166;207;96m[48;2;174;216;102m▀[0m[38;2;167;206;97m[48;2;43;48;28m▀[0m [38;2;144;176;87m▄[0m[38;2;168;207;97m[48;2;169;208;101m▀[0m[38;2;177;212;112m[48;2;169;208;101m▀[0m[38;2;201;224;148m[48;2;160;197;96m▀[0m[38;2;5;3;5m▀[0m            
         [38;2;206;224;157m[48;2;35;39;23m▀[0m[38;2;169;208;99m[48;2;165;205;96m▀[0m[38;2;169;208;101m▄[0m  [38;2;207;226;157m▄[0m[38;2;225;247;171m[48;2;207;227;158m▀[0m[38;2;207;225;157m[48;2;208;228;159m▀[0m[38;2;206;226;157m[48;2;208;228;159m▀[0m[38;2;207;226;158m[48;2;208;227;159m▀[0m[38;2;207;227;158m[48;2;201;225;151m▀[0m[38;2;174;210;106m[48;2;173;210;103m▀[0m[38;2;170;208;100m[48;2;171;208;97m▀[0m[38;2;170;209;101m[48;2;173;210;102m▀[0m[38;2;170;208;101m[48;2;174;210;102m▀[0m[38;2;170;209;101m[48;2;128;154;77m▀[0m[38;2;180;218;106m▀[0m              
          [38;2;131;161;79m▀[0m[38;2;168;207;99m[48;2;10;7;8m▀[0m[38;2;177;218;105m[48;2;171;208;97m▀[0m[38;2;173;210;105m[48;2;174;210;102m▀[0m[38;2;208;227;158m[48;2;175;211;108m▀[0m[38;2;209;228;160m[48;2;111;82;53m▀[0m[38;2;211;231;162m[48;2;110;81;51m▀[0m[38;2;29;23;19m[48;2;108;79;50m▀[0m[38;2;118;89;58m[48;2;199;151;107m▀[0m[38;2;221;166;118m[48;2;219;165;118m▀[0m[38;2;72;86;46m[48;2;219;165;118m▀[0m[38;2;171;209;100m[48;2;219;165;118m▀[0m[38;2;169;208;101m[48;2;223;168;120m▀[0m[38;2;168;207;99m[48;2;164;204;96m▀[0m[38;2;167;207;98m[48;2;164;205;96m▀[0m[38;2;165;205;97m[48;2;165;204;96m▀[0m[38;2;149;185;87m▄[0m             
           [38;2;12;12;10m▄[0m[38;2;172;209;101m[48;2;167;207;97m▀[0m[38;2;175;214;104m[48;2;221;168;119m▀[0m[38;2;222;168;119m[48;2;221;167;118m▀[0m[38;2;107;78;49m[48;2;221;167;118m▀[0m[38;2;108;78;49m[48;2;25;19;13m▀[0m[38;2;94;72;52m[48;2;220;166;118m▀[0m[38;2;221;167;118m[48;2;220;167;119m▀[0m[38;2;221;167;119m[48;2;229;175;123m▀[0m[38;2;205;154;110m[48;2;37;36;34m▀[0m[38;2;220;167;119m[48;2;223;170;120m▀[0m[38;2;219;166;118m[48;2;226;172;121m▀[0m[38;2;226;171;121m[48;2;226;171;121m▀[0m[38;2;171;209;102m[48;2;195;147;104m▀[0m[38;2;171;209;103m[48;2;174;210;103m▀[0m[38;2;174;210;101m[48;2;168;207;99m▀[0m             
           [38;2;179;223;104m[48;2;177;218;105m▀[0m[38;2;78;98;48m[48;2;235;178;127m▀[0m[38;2;223;170;120m[48;2;71;54;40m▀[0m[38;2;217;164;117m[48;2;198;198;199m▀[0m[38;2;224;170;120m[48;2;149;113;81m▀[0m[38;2;221;168;119m[48;2;242;166;128m▀[0m[38;2;223;169;119m[48;2;235;126;88m▀[0m[38;2;223;169;120m[48;2;223;169;120m▀[0m[38;2;231;175;123m[48;2;223;170;121m▀[0m[38;2;198;198;198m[48;2;86;79;72m▀[0m[38;2;227;173;122m[48;2;224;170;120m▀[0m[38;2;224;171;120m[48;2;224;170;120m▀[0m[38;2;224;170;120m[48;2;86;63;40m▀[0m[38;2;225;172;121m[48;2;111;81;50m▀[0m[38;2;168;208;99m[48;2;171;209;102m▀[0m[38;2;171;209;100m[48;2;168;208;100m▀[0m             
           [38;2;168;200;99m▀[0m[38;2;230;174;123m[48;2;223;169;120m▀[0m[38;2;239;181;129m[48;2;224;170;120m▀[0m[38;2;11;9;8m[48;2;232;176;124m▀[0m[38;2;224;171;121m[48;2;225;172;121m▀[0m[38;2;245;133;92m[48;2;215;164;116m▀[0m[38;2;226;171;121m[48;2;252;254;255m▀[0m[38;2;225;171;121m[48;2;253;255;255m▀[0m[38;2;225;172;121m[48;2;151;98;118m▀[0m[38;2;232;176;124m[48;2;136;89;108m▀[0m[38;2;232;174;120m[48;2;137;89;108m▀[0m[38;2;227;172;121m[48;2;116;88;64m▀[0m[38;2;109;80;50m[48;2;22;17;12m▀[0m[38;2;109;79;50m[48;2;107;77;50m▀[0m[38;2;173;210;105m[48;2;135;167;80m▀[0m[38;2;150;185;87m[48;2;112;136;68m▀[0m             
            [38;2;170;207;100m▀[0m[38;2;109;79;50m[48;2;143;176;85m▀[0m[38;2;226;172;121m[48;2;64;48;36m▀[0m[38;2;136;88;107m[48;2;222;169;120m▀[0m[38;2;136;88;108m[48;2;136;89;108m▀[0m[38;2;138;89;110m[48;2;142;93;110m▀[0m[38;2;137;89;108m[48;2;164;108;112m▀[0m[38;2;138;90;109m[48;2;182;123;127m▀[0m[38;2;177;117;121m[48;2;188;128;133m▀[0m[38;2;177;117;120m[48;2;182;123;126m▀[0m[38;2;220;167;118m[48;2;175;128;90m▀[0m[38;2;193;144;101m[48;2;139;100;72m▀[0m[38;2;140;170;84m[48;2;126;154;76m▀[0m[38;2;132;159;76m[48;2;135;165;82m▀[0m[38;2;166;206;96m▄[0m[38;2;165;205;95m▄[0m[38;2;34;39;23m▄[0m           
        [38;2;33;26;23m[48;2;85;60;37m▀[0m[38;2;93;68;45m[48;2;83;58;37m▀[0m[38;2;83;58;37m[48;2;60;42;27m▀[0m[38;2;83;57;36m[48;2;83;57;36m▀[0m[38;2;83;59;37m[48;2;6;3;4m▀[0m[38;2;87;61;38m[48;2;169;208;99m▀[0m[38;2;130;158;78m[48;2;63;42;27m▀[0m[38;2;171;125;89m[48;2;63;42;27m▀[0m[38;2;171;125;88m[48;2;37;42;24m▀[0m[38;2;47;34;33m[48;2;139;101;72m▀[0m[38;2;208;144;151m[48;2;171;125;89m▀[0m[38;2;209;145;152m[48;2;172;126;89m▀[0m[38;2;222;153;160m[48;2;172;125;88m▀[0m[38;2;171;125;89m[48;2;169;123;87m▀[0m[38;2;159;115;83m[48;2;84;59;37m▀[0m[38;2;132;162;80m[48;2;104;74;47m▀[0m[38;2;106;77;49m▄[0m[38;2;106;77;48m▄[0m[38;2;106;77;49m▄[0m[38;2;107;78;49m▄[0m[38;2;10;8;8m▄[0m           
         [38;2;31;22;16m▀[0m[38;2;67;45;27m▀[0m[38;2;63;43;26m[48;2;8;8;8m▀[0m[38;2;50;62;32m[48;2;52;35;23m▀[0m[38;2;63;42;26m[48;2;61;41;26m▀[0m[38;2;64;42;27m[48;2;60;40;25m▀[0m[38;2;64;42;26m[48;2;17;13;11m▀[0m[38;2;52;34;27m▀[0m[38;2;50;32;27m▀[0m[38;2;172;125;88m[48;2;216;163;116m▀[0m[38;2;171;125;88m[48;2;211;160;113m▀[0m[38;2;171;124;88m[48;2;191;142;101m▀[0m[38;2;169;123;87m[48;2;219;165;118m▀[0m[38;2;92;65;41m[48;2;218;164;117m▀[0m[38;2;106;77;49m[48;2;69;88;45m▀[0m[38;2;107;77;49m[48;2;109;80;50m▀[0m[38;2;106;77;49m[48;2;111;81;50m▀[0m[38;2;108;78;50m[48;2;112;81;50m▀[0m[38;2;109;79;49m[48;2;112;81;50m▀[0m[38;2;117;89;58m[48;2;135;107;75m▀[0m[38;2;128;99;68m[48;2;141;113;81m▀[0m[38;2;145;115;82m[48;2;136;110;79m▀[0m[38;2;140;112;81m▄[0m        
                 [38;2;25;19;17m[48;2;233;177;125m▀[0m[38;2;221;167;119m[48;2;223;169;119m▀[0m[38;2;222;169;119m[48;2;226;171;121m▀[0m[38;2;220;167;118m[48;2;230;174;120m▀[0m[38;2;223;169;119m[48;2;226;171;121m▀[0m[38;2;230;174;120m[48;2;225;171;121m▀[0m[38;2;230;173;120m[48;2;225;171;121m▀[0m[38;2;185;223;109m[48;2;184;138;99m▀[0m[38;2;3;3;2m▄[0m[38;2;107;78;48m▀[0m[38;2;110;80;50m▀[0m[38;2;110;80;51m▀[0m[38;2;134;107;77m▀[0m[38;2;137;110;79m▀[0m[38;2;82;65;48m▀[0m        
                 [38;2;227;172;121m[48;2;225;171;121m▀[0m[38;2;228;172;120m[48;2;225;171;121m▀[0m[38;2;227;172;121m[48;2;225;171;120m▀[0m[38;2;226;172;121m[48;2;228;173;120m▀[0m[38;2;225;171;121m[48;2;230;174;120m▀[0m[38;2;225;171;121m[48;2;229;173;121m▀[0m[38;2;226;172;121m[48;2;224;170;119m▀[0m[38;2;231;174;120m[48;2;221;168;118m▀[0m[38;2;172;209;102m[48;2;32;41;20m▀[0m[38;2;98;114;74m▄[0m   [38;2;0;0;1m▄[0m[38;2;231;125;86m▄[0m        
                 [38;2;230;173;120m[48;2;173;126;89m▀[0m[38;2;230;173;120m[48;2;192;142;100m▀[0m[38;2;230;173;120m[48;2;201;150;106m▀[0m[38;2;229;172;121m[48;2;202;150;106m▀[0m[38;2;220;166;118m[48;2;196;146;103m▀[0m[38;2;222;168;119m[48;2;173;126;89m▀[0m[38;2;221;167;119m[48;2;169;123;87m▀[0m[38;2;221;167;119m[48;2;171;124;88m▀[0m[38;2;174;126;90m[48;2;112;80;59m▀[0m[38;2;90;104;68m[48;2;100;116;76m▀[0m[38;2;100;116;76m[48;2;100;117;76m▀[0m[38;2;125;153;77m[48;2;97;114;74m▀[0m[38;2;225;120;84m[48;2;22;15;14m▀[0m[38;2;235;126;88m▀[0m         
                [38;2;228;171;122m▄[0m[38;2;80;59;44m[48;2;189;141;99m▀[0m[38;2;170;124;88m[48;2;171;124;88m▀[0m[38;2;170;124;87m[48;2;171;125;88m▀[0m[38;2;169;122;87m[48;2;164;119;85m▀[0m[38;2;177;128;91m▀[0m[38;2;172;125;89m▀[0m[38;2;172;125;89m[48;2;171;125;89m▀[0m[38;2;178;130;92m[48;2;194;143;101m▀[0m[38;2;15;12;12m[48;2;214;160;114m▀[0m              
             [38;2;13;12;12m▄[0m[38;2;22;22;22m[48;2;184;184;184m▀[0m[38;2;166;165;165m[48;2;242;245;247m▀[0m[38;2;240;242;245m[48;2;243;246;249m▀[0m[38;2;242;244;247m[48;2;245;248;251m▀[0m[38;2;194;144;102m[48;2;7;6;4m▀[0m[38;2;171;124;88m▀[0m   [38;2;219;166;118m▀[0m[38;2;229;173;122m[48;2;245;247;250m▀[0m[38;2;242;244;247m[48;2;252;253;255m▀[0m[38;2;242;244;247m[48;2;247;250;254m▀[0m[38;2;29;27;27m[48;2;248;252;255m▀[0m            
             [38;2;52;51;51m▀[0m[38;2;246;250;253m▀[0m[38;2;248;251;254m▀[0m[38;2;101;99;99m▀[0m        [38;2;250;253;255m▀[0m[38;2;251;253;255m▀[0m[38;2;251;254;255m[48;2;249;253;255m▀[0m[38;2;248;252;255m[48;2;250;253;255m▀[0m[38;2;19;19;19m▄[0m          
                                        
