                                        
                                        
           [38;2;14;13;10m▄[0m                  [38;2;0;0;0m▄[0m         
           [38;2;132;137;92m▀[0m[38;2;106;109;77m[48;2;127;130;84m▀[0m[38;2;128;132;84m▄[0m              [38;2;123;127;79m▄[0m[38;2;133;137;93m[48;2;126;130;83m▀[0m[38;2;130;134;88m[48;2;25;25;18m▀[0m         
            [38;2;122;127;78m[48;2;126;130;82m▀[0m[38;2;121;126;78m[48;2;128;133;87m▀[0m[38;2;122;126;78m[48;2;121;126;77m▀[0m[38;2;89;89;57m▄[0m[38;2;116;68;55m▄[0m[38;2;94;52;41m▄[0m[38;2;131;134;90m▄[0m[38;2;91;60;45m[48;2;129;134;88m▀[0m[38;2;84;54;39m[48;2;82;80;57m▀[0m[38;2;38;8;3m[48;2;112;56;46m▀[0m[38;2;113;58;46m▄[0m[38;2;128;130;84m▄[0m[38;2;64;65;44m▄[0m[38;2;105;108;74m▄[0m[38;2;124;128;81m▄[0m[38;2;123;127;79m[48;2;125;129;82m▀[0m[38;2;123;128;80m[48;2;125;129;82m▀[0m[38;2;123;128;80m[48;2;132;135;92m▀[0m          
             [38;2;123;127;80m[48;2;131;135;90m▀[0m[38;2;134;139;94m[48;2;135;138;93m▀[0m[38;2;78;50;35m[48;2;114;56;46m▀[0m[38;2;136;74;59m[48;2;169;159;133m▀[0m[38;2;114;105;92m[48;2;227;201;173m▀[0m[38;2;50;27;8m[48;2;182;152;115m▀[0m[38;2;20;5;1m[48;2;222;187;144m▀[0m[38;2;227;194;155m[48;2;223;189;149m▀[0m[38;2;91;90;63m[48;2;81;79;57m▀[0m[38;2;113;56;46m[48;2;90;50;40m▀[0m[38;2;119;61;50m[48;2;112;55;46m▀[0m[38;2;127;130;83m[48;2;200;70;28m▀[0m[38;2;124;128;81m[48;2;121;126;78m▀[0m[38;2;126;130;82m[48;2;121;126;78m▀[0m[38;2;121;126;78m[48;2;98;101;64m▀[0m[38;2;122;126;78m[48;2;84;87;54m▀[0m           
           [38;2;211;158;106m▄[0m[38;2;127;131;85m[48;2;74;72;53m▀[0m[38;2;122;127;79m[48;2;116;120;74m▀[0m[38;2;98;60;37m[48;2;155;66;33m▀[0m[38;2;113;58;47m[48;2;107;54;43m▀[0m[38;2;223;189;149m[48;2;225;192;152m▀[0m[38;2;204;172;134m[48;2;224;189;149m▀[0m[38;2;222;188;148m[48;2;225;191;151m▀[0m[38;2;227;192;151m[48;2;226;192;152m▀[0m[38;2;225;191;151m[48;2;205;170;128m▀[0m[38;2;179;143;98m[48;2;179;143;99m▀[0m[38;2;194;159;118m[48;2;67;64;46m▀[0m[38;2;168;140;106m[48;2;113;56;46m▀[0m[38;2;199;74;31m[48;2;87;56;38m▀[0m[38;2;125;129;82m[48;2;135;140;97m▀[0m[38;2;121;125;77m[48;2;123;126;84m▀[0m[38;2;119;124;76m[48;2;124;128;80m▀[0m[38;2;125;129;81m▄[0m           
           [38;2;114;57;48m[48;2;115;93;66m▀[0m[38;2;73;47;28m[48;2;113;56;46m▀[0m[38;2;130;135;89m[48;2;100;51;32m▀[0m[38;2;99;101;63m[48;2;124;127;85m▀[0m[38;2;114;57;47m[48;2;96;57;41m▀[0m[38;2;113;110;80m[48;2;114;56;46m▀[0m[38;2;80;67;48m[48;2;127;128;84m▀[0m[38;2;132;107;77m[48;2;180;144;100m▀[0m[38;2;184;148;104m[48;2;180;144;100m▀[0m[38;2;181;146;102m[48;2;178;142;98m▀[0m[38;2;86;89;55m[48;2;61;37;28m▀[0m[38;2;94;54;42m[48;2;112;55;45m▀[0m[38;2;113;57;46m[48;2;114;57;36m▀[0m[38;2;127;128;84m[48;2;125;129;82m▀[0m[38;2;87;91;55m[48;2;104;35;14m▀[0m[38;2;125;128;81m[48;2;113;59;47m▀[0m[38;2;139;55;29m[48;2;110;55;45m▀[0m[38;2;111;55;45m[48;2;91;54;41m▀[0m[38;2;118;60;49m[48;2;95;67;48m▀[0m          
       [38;2;89;54;43m▄[0m[38;2;114;59;48m▄[0m[38;2;223;189;149m▄[0m[38;2;213;181;142m[48;2;225;191;150m▀[0m[38;2;214;180;139m[48;2;221;187;146m▀[0m[38;2;75;59;41m[48;2;178;141;97m▀[0m[38;2;114;57;47m[48;2;134;68;56m▀[0m[38;2;193;102;59m[48;2;131;66;54m▀[0m[38;2;111;63;49m[48;2;132;67;55m▀[0m[38;2;133;69;57m[48;2;85;87;54m▀[0m[38;2;111;55;46m[48;2;120;61;50m▀[0m[38;2;111;57;46m[48;2;112;54;45m▀[0m[38;2;95;49;40m[48;2;118;57;47m▀[0m[38;2;89;45;37m[48;2;128;67;54m▀[0m[38;2;112;55;46m[48;2;180;144;100m▀[0m[38;2;117;59;48m[48;2;85;86;53m▀[0m[38;2;133;69;56m[48;2;131;65;54m▀[0m[38;2;45;47;34m[48;2;132;66;54m▀[0m[38;2;123;64;52m[48;2;131;65;54m▀[0m[38;2;116;58;48m[48;2;157;126;89m▀[0m[38;2;178;141;97m[48;2;179;143;98m▀[0m[38;2;178;142;97m[48;2;225;191;151m▀[0m[38;2;223;189;149m[48;2;144;119;89m▀[0m[38;2;112;61;48m[48;2;226;192;152m▀[0m[38;2;115;59;49m▄[0m[38;2;116;74;58m▄[0m       
   [38;2;121;64;52m▄[0m[38;2;134;69;56m▄[0m[38;2;93;65;50m[48;2;117;60;49m▀[0m[38;2;113;57;47m[48;2;222;188;148m▀[0m[38;2;90;52;40m[48;2;223;189;149m▀[0m[38;2;222;187;147m[48;2;223;189;149m▀[0m[38;2;222;187;148m[48;2;224;191;151m▀[0m[38;2;200;170;133m[48;2;204;173;135m▀[0m[38;2;224;190;150m[48;2;92;75;56m▀[0m[38;2;179;143;99m[48;2;111;61;61m▀[0m[38;2;41;24;20m[48;2;42;23;20m▀[0m[38;2;131;66;55m[48;2;43;24;20m▀[0m[38;2;24;16;14m[48;2;42;23;20m▀[0m[38;2;83;86;53m[48;2;85;88;54m▀[0m[38;2;181;144;101m[48;2;172;138;95m▀[0m[38;2;120;65;53m[48;2;182;146;102m▀[0m[38;2;138;69;57m[48;2;181;145;101m▀[0m[38;2;177;141;97m[48;2;180;144;100m▀[0m[38;2;178;142;97m[48;2;180;144;99m▀[0m[38;2;167;134;93m[48;2;89;92;57m▀[0m[38;2;38;44;29m[48;2;85;88;55m▀[0m[38;2;135;68;55m[48;2;100;67;53m▀[0m[38;2;45;22;20m[48;2;42;23;20m▀[0m[38;2;42;23;20m[48;2;42;23;20m▀[0m[38;2;104;84;59m[48;2;42;23;20m▀[0m[38;2;226;192;152m[48;2;102;59;59m▀[0m[38;2;227;193;153m[48;2;226;192;153m▀[0m[38;2;224;190;150m[48;2;227;193;153m▀[0m[38;2;224;190;150m[48;2;227;192;153m▀[0m[38;2;92;53;39m[48;2;226;192;152m▀[0m[38;2;123;64;52m[48;2;224;189;150m▀[0m[38;2;90;65;47m[48;2;113;56;47m▀[0m[38;2;138;72;58m▄[0m    
  [38;2;19;14;11m▄[0m[38;2;121;68;53m[48;2;225;190;151m▀[0m[38;2;223;188;149m[48;2;226;192;152m▀[0m[38;2;223;190;150m[48;2;228;193;153m▀[0m[38;2;226;192;152m[48;2;224;190;150m▀[0m[38;2;226;192;152m[48;2;225;191;151m▀[0m[38;2;153;128;99m[48;2;163;135;102m▀[0m[38;2;227;193;153m▀[0m   [38;2;112;63;62m▀[0m[38;2;42;23;20m[48;2;91;46;46m▀[0m[38;2;44;24;21m[48;2;70;32;26m▀[0m[38;2;41;24;20m[48;2;43;40;30m▀[0m[38;2;181;147;104m[48;2;84;87;53m▀[0m[38;2;180;144;99m[48;2;182;147;104m▀[0m[38;2;180;144;100m[48;2;177;141;98m▀[0m[38;2;181;145;101m[48;2;176;141;98m▀[0m[38;2;179;144;100m[48;2;87;89;55m▀[0m[38;2;92;94;58m[48;2;82;85;52m▀[0m[38;2;89;92;57m[48;2;83;86;53m▀[0m[38;2;42;23;20m[48;2;68;31;26m▀[0m[38;2;42;23;20m[48;2;67;30;25m▀[0m[38;2;42;23;20m[48;2;89;52;53m▀[0m[38;2;54;31;29m▀[0m  [38;2;227;193;152m▀[0m[38;2;223;189;149m[48;2;223;189;149m▀[0m[38;2;223;189;149m[48;2;222;188;148m▀[0m[38;2;223;189;149m[48;2;224;190;150m▀[0m[38;2;223;190;150m[48;2;56;32;12m▀[0m[38;2;117;60;49m[48;2;224;191;150m▀[0m[38;2;119;64;51m[48;2;223;189;149m▀[0m[38;2;23;21;17m▄[0m  
  [38;2;124;67;53m[48;2;65;39;15m▀[0m[38;2;67;42;19m[48;2;50;27;8m▀[0m[38;2;226;193;153m[48;2;229;194;154m▀[0m[38;2;51;34;16m[48;2;94;66;35m▀[0m[38;2;54;45;34m[48;2;226;192;153m▀[0m[38;2;227;193;153m▀[0m       [38;2;23;15;13m[48;2;47;42;32m▀[0m[38;2;82;86;53m[48;2;83;87;53m▀[0m[38;2;83;88;53m[48;2;83;87;53m▀[0m[38;2;83;86;52m[48;2;84;88;54m▀[0m[38;2;85;88;54m[48;2;83;87;53m▀[0m[38;2;48;50;30m[48;2;84;88;54m▀[0m[38;2;83;87;53m[48;2;64;64;42m▀[0m[38;2;61;59;41m[48;2;83;87;53m▀[0m[38;2;83;87;53m[48;2;83;87;53m▀[0m[38;2;34;21;16m[48;2;85;88;54m▀[0m[38;2;88;49;47m▀[0m     [38;2;197;166;129m▀[0m[38;2;223;190;149m[48;2;226;192;153m▀[0m[38;2;62;52;39m[48;2;111;89;63m▀[0m[38;2;48;27;8m[48;2;93;65;36m▀[0m[38;2;223;190;150m[48;2;223;190;149m▀[0m[38;2;72;54;41m[48;2;48;27;8m▀[0m[38;2;103;60;45m[48;2;81;54;27m▀[0m  
  [38;2;94;66;35m▀[0m[38;2;67;54;40m[48;2;1;1;1m▀[0m[38;2;50;27;8m[48;2;29;16;5m▀[0m[38;2;223;189;149m▀[0m        [38;2;109;111;74m[48;2;127;131;86m▀[0m[38;2;124;128;81m[48;2;125;129;82m▀[0m[38;2;84;84;54m[48;2;124;129;82m▀[0m[38;2;84;88;54m[48;2;37;37;25m▀[0m[38;2;78;79;50m▀[0m[38;2;54;56;37m[48;2;59;62;38m▀[0m[38;2;42;42;30m[48;2;59;62;38m▀[0m[38;2;86;89;55m[48;2;59;62;38m▀[0m[38;2;85;88;54m[48;2;87;90;56m▀[0m[38;2;88;91;56m[48;2;125;129;83m▀[0m[38;2;84;88;54m[48;2;125;129;83m▀[0m[38;2;83;85;54m[48;2;127;131;84m▀[0m       [38;2;218;185;146m▀[0m[38;2;227;193;154m▀[0m[38;2;54;31;11m[48;2;72;46;21m▀[0m[38;2;177;148;111m▀[0m[38;2;95;67;36m[48;2;95;66;35m▀[0m  
    [38;2;34;24;15m▀[0m        [38;2;129;133;90m[48;2;130;135;90m▀[0m[38;2;133;138;93m[48;2;130;134;88m▀[0m[38;2;87;86;61m[48;2;125;129;82m▀[0m[38;2;125;129;82m[48;2;83;85;57m▀[0m   [38;2;84;88;54m[48;2;39;38;27m▀[0m[38;2;83;87;53m[48;2;85;89;54m▀[0m[38;2;86;88;55m[48;2;83;86;53m▀[0m[38;2;65;62;45m[48;2;101;103;70m▀[0m[38;2;127;132;85m[48;2;128;132;86m▀[0m[38;2;129;134;89m[48;2;130;134;88m▀[0m[38;2;1;1;0m[48;2;129;133;88m▀[0m        [38;2;93;66;37m▀[0m    
             [38;2;126;129;84m[48;2;125;129;81m▀[0m[38;2;122;127;79m[48;2;126;129;82m▀[0m[38;2;121;126;78m[48;2;125;129;83m▀[0m[38;2;116;119;77m[48;2;128;132;86m▀[0m     [38;2;85;89;55m▀[0m[38;2;47;46;33m[48;2;66;67;44m▀[0m[38;2;126;130;83m[48;2;125;129;85m▀[0m[38;2;129;134;89m[48;2;127;132;85m▀[0m[38;2;126;130;84m[48;2;124;128;81m▀[0m[38;2;87;52;40m[48;2;85;88;55m▀[0m[38;2;87;90;55m▄[0m[38;2;58;46;33m▄[0m          
             [38;2;125;129;83m[48;2;125;129;84m▀[0m[38;2;124;128;80m[48;2;125;129;80m▀[0m[38;2;124;128;81m[48;2;103;105;70m▀[0m[38;2;124;128;80m[48;2;123;128;80m▀[0m      [38;2;126;130;84m[48;2;122;126;78m▀[0m[38;2;122;126;79m[48;2;122;126;78m▀[0m[38;2;121;126;78m[48;2;116;119;76m▀[0m[38;2;121;126;78m[48;2;123;127;79m▀[0m[38;2;37;37;27m[48;2;10;9;7m▀[0m[38;2;40;40;28m▀[0m[38;2;5;3;5m▀[0m          
            [38;2;88;60;30m▀[0m[38;2;49;27;8m▀[0m[38;2;48;27;8m▀[0m[38;2;98;100;66m▀[0m[38;2;105;106;71m▀[0m      [38;2;86;86;61m[48;2;87;89;59m▀[0m[38;2;125;130;82m[48;2;50;27;8m▀[0m[38;2;50;28;8m[48;2;86;59;30m▀[0m[38;2;47;26;7m[48;2;87;59;30m▀[0m[38;2;129;132;89m[48;2;49;26;8m▀[0m            
                         [38;2;23;16;9m▀[0m[38;2;86;60;32m▀[0m             
                                        
                                        
