                                        
                        [38;2;207;207;207m▄[0m[38;2;207;207;207m[48;2;208;208;208m▀[0m[38;2;197;197;197m[48;2;208;208;208m▀[0m             
                      [38;2;51;51;51m▄[0m[38;2;205;205;205m[48;2;192;192;192m▀[0m[38;2;51;51;51m[48;2;202;202;202m▀[0m[38;2;202;202;202m[48;2;190;190;190m▀[0m[38;2;199;199;199m[48;2;188;188;188m▀[0m[38;2;185;185;185m[48;2;188;188;188m▀[0m [38;2;227;130;110m▄[0m[38;2;227;125;106m[48;2;223;121;102m▀[0m[38;2;49;27;24m[48;2;167;91;78m▀[0m        
                     [38;2;129;129;129m▄[0m[38;2;188;188;188m[48;2;191;191;191m▀[0m[38;2;182;182;182m[48;2;159;159;159m▀[0m[38;2;189;189;189m[48;2;219;113;97m▀[0m[38;2;210;119;102m[48;2;217;120;103m▀[0m[38;2;31;27;27m[48;2;182;46;41m▀[0m[38;2;191;191;191m[48;2;224;73;61m▀[0m[38;2;219;120;102m[48;2;216;106;90m▀[0m[38;2;214;121;103m[48;2;218;113;96m▀[0m[38;2;220;121;102m[48;2;220;118;100m▀[0m[38;2;86;47;41m[48;2;204;96;81m▀[0m        
                     [38;2;190;190;190m[48;2;190;190;190m▀[0m[38;2;63;63;63m[48;2;138;42;37m▀[0m[38;2;225;65;55m[48;2;224;65;55m▀[0m[38;2;225;78;66m[48;2;229;65;55m▀[0m[38;2;233;80;68m[48;2;63;21;20m▀[0m[38;2;226;66;55m[48;2;229;67;56m▀[0m[38;2;228;66;55m[48;2;227;66;56m▀[0m[38;2;225;65;55m[48;2;226;66;55m▀[0m[38;2;229;67;56m[48;2;225;64;54m▀[0m[38;2;228;67;56m[48;2;223;64;55m▀[0m[38;2;226;65;55m[48;2;221;77;65m▀[0m        
        [38;2;25;25;25m▀[0m[38;2;202;202;202m[48;2;206;206;206m▀[0m[38;2;201;201;201m[48;2;212;212;212m▀[0m[38;2;200;200;200m[48;2;200;200;200m▀[0m[38;2;191;191;191m▄[0m[38;2;191;191;191m▄[0m      [38;2;40;40;40m▄[0m[38;2;195;195;195m[48;2;190;190;190m▀[0m[38;2;229;68;56m[48;2;225;66;56m▀[0m[38;2;229;67;56m[48;2;223;64;55m▀[0m[38;2;229;67;56m[48;2;225;65;55m▀[0m[38;2;226;65;55m[48;2;225;66;56m▀[0m[38;2;152;46;40m[48;2;224;65;55m▀[0m[38;2;224;65;55m[48;2;225;65;55m▀[0m[38;2;225;63;54m[48;2;222;79;67m▀[0m[38;2;222;70;59m[48;2;218;121;104m▀[0m[38;2;216;121;103m[48;2;217;120;102m▀[0m[38;2;218;101;85m[48;2;215;121;103m▀[0m        
         [38;2;142;142;142m[48;2;211;114;98m▀[0m[38;2;193;193;193m[48;2;220;121;103m▀[0m[38;2;194;194;194m[48;2;220;113;95m▀[0m[38;2;168;168;168m[48;2;231;66;55m▀[0m[38;2;193;193;193m[48;2;135;39;36m▀[0m[38;2;192;192;192m[48;2;192;192;192m▀[0m[38;2;191;191;191m[48;2;189;189;189m▀[0m[38;2;189;189;189m▄[0m   [38;2;138;138;138m[48;2;76;76;76m▀[0m[38;2;187;187;187m[48;2;190;190;190m▀[0m[38;2;223;66;55m[48;2;229;67;56m▀[0m[38;2;224;65;55m[48;2;143;58;50m▀[0m[38;2;226;91;78m[48;2;221;118;100m▀[0m[38;2;218;113;96m[48;2;221;121;103m▀[0m[38;2;222;96;81m[48;2;220;121;103m▀[0m[38;2;219;121;103m[48;2;224;91;76m▀[0m[38;2;217;120;103m[48;2;218;119;102m▀[0m[38;2;219;121;103m[48;2;216;110;93m▀[0m[38;2;218;120;103m[48;2;226;64;54m▀[0m[38;2;199;93;78m▀[0m        
        [38;2;218;120;102m▄[0m[38;2;217;120;103m▄[0m[38;2;108;60;52m[48;2;217;120;103m▀[0m[38;2;218;121;103m[48;2;71;33;29m▀[0m[38;2;225;69;57m[48;2;230;66;55m▀[0m[38;2;224;65;55m[48;2;227;67;56m▀[0m[38;2;225;65;55m[48;2;228;65;55m▀[0m[38;2;49;42;39m[48;2;225;65;55m▀[0m[38;2;191;191;191m[48;2;55;50;50m▀[0m[38;2;191;191;191m[48;2;191;191;191m▀[0m[38;2;192;192;192m▄[0m[38;2;192;192;192m[48;2;196;196;196m▀[0m[38;2;72;72;72m[48;2;194;194;194m▀[0m[38;2;192;192;192m[48;2;191;191;191m▀[0m[38;2;233;68;57m[48;2;138;41;37m▀[0m[38;2;228;80;66m[48;2;229;124;105m▀[0m[38;2;220;121;104m[48;2;220;111;93m▀[0m[38;2;220;112;94m[48;2;227;73;62m▀[0m[38;2;227;77;65m[48;2;226;66;56m▀[0m[38;2;226;66;55m[48;2;226;66;55m▀[0m[38;2;228;66;55m[48;2;226;65;55m▀[0m[38;2;229;65;55m[48;2;225;66;56m▀[0m[38;2;241;70;59m▀[0m         
        [38;2;175;97;83m▀[0m[38;2;220;121;103m[48;2;196;95;79m▀[0m[38;2;220;116;99m[48;2;227;70;57m▀[0m[38;2;237;86;71m[48;2;229;66;55m▀[0m[38;2;105;33;30m[48;2;228;67;56m▀[0m[38;2;235;68;57m[48;2;227;74;61m▀[0m[38;2;227;66;55m[48;2;219;121;104m▀[0m[38;2;229;67;55m[48;2;222;103;86m▀[0m[38;2;228;67;56m[48;2;223;102;86m▀[0m[38;2;174;174;174m[48;2;207;207;207m▀[0m[38;2;207;207;207m[48;2;208;208;208m▀[0m[38;2;206;206;206m[48;2;207;207;207m▀[0m[38;2;207;207;207m[48;2;196;196;196m▀[0m[38;2;192;192;192m[48;2;193;193;193m▀[0m[38;2;194;194;194m[48;2;191;191;191m▀[0m[38;2;193;193;193m[48;2;193;193;193m▀[0m[38;2;191;191;191m[48;2;190;190;190m▀[0m[38;2;194;194;194m[48;2;189;189;189m▀[0m[38;2;228;65;55m[48;2;192;192;192m▀[0m[38;2;226;65;55m[48;2;109;31;28m▀[0m[38;2;206;59;50m[48;2;148;148;148m▀[0m[38;2;141;141;141m▀[0m[38;2;11;11;11m▄[0m         
          [38;2;218;85;71m▀[0m[38;2;217;112;95m[48;2;223;88;74m▀[0m[38;2;220;116;98m[48;2;224;84;71m▀[0m[38;2;220;121;104m[48;2;220;122;105m▀[0m[38;2;221;118;100m[48;2;227;79;66m▀[0m[38;2;225;85;71m[48;2;227;66;55m▀[0m[38;2;198;84;71m[48;2;69;72;72m▀[0m[38;2;206;206;206m[48;2;207;207;207m▀[0m[38;2;206;206;206m[48;2;203;203;203m▀[0m[38;2;206;206;206m[48;2;192;192;192m▀[0m[38;2;193;193;193m[48;2;193;193;193m▀[0m[38;2;189;189;189m[48;2;190;190;190m▀[0m[38;2;189;189;189m[48;2;194;194;194m▀[0m[38;2;189;189;189m[48;2;193;193;193m▀[0m[38;2;193;193;193m[48;2;191;191;191m▀[0m[38;2;194;194;194m[48;2;189;189;189m▀[0m[38;2;194;194;194m[48;2;193;193;193m▀[0m[38;2;192;192;192m[48;2;243;243;243m▀[0m[38;2;152;152;152m[48;2;243;245;247m▀[0m[38;2;253;253;253m[48;2;243;245;248m▀[0m[38;2;243;246;250m[48;2;243;245;248m▀[0m[38;2;28;27;25m▀[0m        
           [38;2;186;102;88m▄[0m[38;2;236;68;57m▀[0m[38;2;226;72;60m▀[0m[38;2;227;66;55m▀[0m[38;2;226;64;54m▀[0m[38;2;102;103;99m▀[0m[38;2;203;203;203m[48;2;193;193;193m▀[0m[38;2;203;203;203m[48;2;196;196;196m▀[0m[38;2;191;191;191m[48;2;189;189;189m▀[0m[38;2;83;83;83m[48;2;188;188;188m▀[0m[38;2;189;189;189m[48;2;192;192;192m▀[0m[38;2;31;31;31m[48;2;255;255;255m▀[0m[38;2;243;246;250m[48;2;224;64;54m▀[0m[38;2;251;251;251m[48;2;243;244;246m▀[0m[38;2;198;198;198m[48;2;92;92;92m▀[0m[38;2;243;243;243m[48;2;243;243;243m▀[0m[38;2;243;246;249m[48;2;244;245;249m▀[0m[38;2;243;246;249m[48;2;246;249;252m▀[0m[38;2;245;247;251m[48;2;246;249;251m▀[0m[38;2;248;251;254m[48;2;249;253;255m▀[0m         
           [38;2;3;2;5m[48;2;4;4;4m▀[0m[38;2;215;120;103m[48;2;217;120;103m▀[0m[38;2;161;92;79m[48;2;217;120;103m▀[0m[38;2;197;197;197m▄[0m[38;2;191;191;191m▄[0m[38;2;146;146;146m▄[0m[38;2;175;175;175m[48;2;107;107;107m▀[0m[38;2;177;177;177m[48;2;49;20;19m▀[0m[38;2;95;95;95m[48;2;188;188;188m▀[0m[38;2;188;188;188m[48;2;189;189;189m▀[0m[38;2;19;19;19m[48;2;243;244;247m▀[0m[38;2;225;61;52m[48;2;95;30;26m▀[0m[38;2;225;65;55m[48;2;220;123;105m▀[0m[38;2;243;243;243m[48;2;255;255;255m▀[0m[38;2;71;71;71m[48;2;255;255;255m▀[0m[38;2;247;247;247m[48;2;255;255;255m▀[0m[38;2;250;250;250m[48;2;255;255;255m▀[0m[38;2;255;255;255m[48;2;251;251;251m▀[0m[38;2;253;255;255m▀[0m          
           [38;2;9;9;9m[48;2;15;15;15m▀[0m[38;2;194;91;77m[48;2;120;118;117m▀[0m[38;2;223;109;91m[48;2;191;191;191m▀[0m[38;2;191;191;191m[48;2;191;191;191m▀[0m[38;2;188;188;188m[48;2;190;190;190m▀[0m[38;2;147;147;147m[48;2;149;149;149m▀[0m[38;2;145;145;145m[48;2;144;144;144m▀[0m[38;2;224;140;122m[48;2;116;108;106m▀[0m[38;2;245;247;249m[48;2;18;17;16m▀[0m[38;2;247;251;253m[48;2;252;254;255m▀[0m[38;2;255;255;255m[48;2;251;254;255m▀[0m[38;2;255;255;255m[48;2;250;250;250m▀[0m[38;2;188;192;193m[48;2;249;249;249m▀[0m[38;2;249;249;249m[48;2;251;251;251m▀[0m[38;2;250;250;250m[48;2;132;132;132m▀[0m[38;2;250;250;250m▀[0m             
           [38;2;67;67;67m[48;2;98;98;98m▀[0m[38;2;192;192;192m[48;2;167;167;167m▀[0m[38;2;192;192;192m[48;2;189;189;189m▀[0m[38;2;192;192;192m[48;2;165;165;165m▀[0m[38;2;192;192;192m[48;2;166;166;166m▀[0m[38;2;164;164;164m[48;2;147;147;147m▀[0m[38;2;147;147;147m[48;2;120;120;120m▀[0m[38;2;32;30;31m[48;2;147;147;147m▀[0m[38;2;81;78;79m[48;2;149;149;149m▀[0m[38;2;252;253;253m[48;2;150;150;150m▀[0m[38;2;252;252;252m▀[0m[38;2;70;70;70m▀[0m[38;2;146;146;146m▄[0m[38;2;147;147;147m[48;2;145;145;145m▀[0m[38;2;146;146;146m[48;2;144;144;144m▀[0m              
            [38;2;145;145;145m[48;2;148;148;148m▀[0m[38;2;147;147;147m[48;2;148;148;148m▀[0m[38;2;146;146;146m[48;2;147;147;147m▀[0m[38;2;150;150;150m[48;2;146;146;146m▀[0m[38;2;150;150;150m[48;2;149;149;149m▀[0m[38;2;208;208;208m[48;2;204;204;204m▀[0m[38;2;149;149;149m[48;2;172;172;172m▀[0m[38;2;46;46;46m[48;2;187;187;187m▀[0m[38;2;188;188;188m[48;2;187;187;187m▀[0m[38;2;189;189;189m[48;2;187;187;187m▀[0m[38;2;189;189;189m[48;2;188;188;188m▀[0m[38;2;188;188;188m[48;2;189;189;189m▀[0m[38;2;161;161;161m[48;2;189;189;189m▀[0m[38;2;183;183;183m[48;2;189;189;189m▀[0m[38;2;163;163;163m[48;2;188;188;188m▀[0m             
            [38;2;62;62;62m▀[0m[38;2;145;145;145m[48;2;1;1;1m▀[0m[38;2;145;145;145m[48;2;151;151;151m▀[0m[38;2;143;143;143m[48;2;154;154;154m▀[0m[38;2;70;70;70m[48;2;59;59;59m▀[0m[38;2;194;194;194m[48;2;141;141;141m▀[0m[38;2;188;188;188m[48;2;189;189;189m▀[0m[38;2;189;189;189m[48;2;189;189;189m▀[0m[38;2;189;189;189m[48;2;189;189;189m▀[0m[38;2;189;189;189m[48;2;186;186;186m▀[0m[38;2;189;189;189m[48;2;192;192;192m▀[0m[38;2;189;189;189m[48;2;189;189;189m▀[0m[38;2;188;188;188m[48;2;189;189;189m▀[0m[38;2;189;189;189m[48;2;168;168;168m▀[0m[38;2;187;187;187m[48;2;146;146;146m▀[0m             
                 [38;2;189;189;189m[48;2;194;194;194m▀[0m[38;2;191;191;191m[48;2;191;191;191m▀[0m[38;2;193;193;193m[48;2;0;0;0m▀[0m[38;2;133;133;133m[48;2;127;127;127m▀[0m[38;2;20;20;20m▀[0m[38;2;189;189;189m[48;2;168;168;168m▀[0m[38;2;189;189;189m[48;2;193;193;193m▀[0m[38;2;61;61;61m[48;2;133;133;133m▀[0m[38;2;147;147;147m[48;2;3;3;3m▀[0m              
                [38;2;72;72;72m[48;2;3;3;3m▀[0m[38;2;190;190;190m[48;2;106;106;106m▀[0m  [38;2;151;151;151m▀[0m[38;2;15;15;15m[48;2;149;149;149m▀[0m[38;2;73;73;73m▄[0m[38;2;195;195;195m[48;2;199;199;199m▀[0m[38;2;0;0;0m[48;2;153;153;153m▀[0m               
                 [38;2;184;184;184m▀[0m      [38;2;201;201;201m[48;2;192;192;192m▀[0m[38;2;201;201;201m▄[0m              
                                        
