                                        
                   [38;2;45;41;23m▄[0m[38;2;201;175;86m▄[0m[38;2;253;234;150m[48;2;251;229;122m▀[0m     [38;2;228;128;86m▄[0m[38;2;162;91;61m▄[0m           
             [38;2;98;93;60m[48;2;166;152;83m▀[0m[38;2;252;247;161m[48;2;245;222;113m▀[0m   [38;2;244;222;112m▄[0m[38;2;250;244;124m[48;2;182;158;79m▀[0m[38;2;181;158;79m[48;2;242;134;90m▀[0m[38;2;216;192;95m[48;2;153;140;71m▀[0m[38;2;215;79;46m▄[0m[38;2;116;42;25m▄[0m[38;2;217;79;47m▄[0m[38;2;38;14;9m[48;2;221;80;47m▀[0m[38;2;233;127;83m[48;2;221;80;47m▀[0m[38;2;234;132;88m▀[0m            
         [38;2;227;128;86m▄[0m[38;2;227;128;86m▄[0m[38;2;218;82;49m▄[0m [38;2;182;164;85m[48;2;230;129;86m▀[0m[38;2;99;89;46m[48;2;211;74;45m▀[0m[38;2;245;223;113m[48;2;229;206;104m▀[0m[38;2;79;68;34m▄[0m[38;2;244;222;113m▄[0m[38;2;235;219;112m[48;2;220;79;47m▀[0m[38;2;222;80;47m[48;2;220;80;47m▀[0m[38;2;143;75;50m[48;2;221;80;47m▀[0m[38;2;229;129;86m[48;2;198;70;44m▀[0m[38;2;221;80;47m[48;2;223;80;48m▀[0m[38;2;222;80;48m[48;2;224;80;47m▀[0m[38;2;222;80;48m[48;2;224;81;48m▀[0m[38;2;221;80;48m[48;2;228;116;74m▀[0m[38;2;223;80;48m[48;2;55;27;17m▀[0m             
         [38;2;227;128;86m▀[0m[38;2;228;128;86m[48;2;232;83;50m▀[0m[38;2;225;110;70m[48;2;223;80;48m▀[0m[38;2;222;80;48m[48;2;221;80;47m▀[0m[38;2;233;115;73m[48;2;223;80;48m▀[0m[38;2;222;80;47m[48;2;227;82;48m▀[0m[38;2;185;162;80m[48;2;194;167;82m▀[0m[38;2;186;162;80m[48;2;252;229;116m▀[0m[38;2;250;227;116m[48;2;252;229;116m▀[0m[38;2;190;67;43m[48;2;175;63;41m▀[0m[38;2;177;63;41m[48;2;174;62;41m▀[0m[38;2;176;62;41m[48;2;173;62;42m▀[0m[38;2;176;63;41m[48;2;179;64;44m▀[0m[38;2;184;65;42m[48;2;71;25;18m▀[0m[38;2;222;80;47m▀[0m[38;2;218;79;47m▀[0m[38;2;207;75;45m▀[0m              
           [38;2;231;110;69m[48;2;220;80;47m▀[0m[38;2;225;81;47m[48;2;220;80;48m▀[0m[38;2;224;81;48m[48;2;172;62;42m▀[0m[38;2;190;68;44m[48;2;247;234;151m▀[0m[38;2;248;231;149m[48;2;198;193;124m▀[0m[38;2;246;225;121m[48;2;247;250;253m▀[0m[38;2;244;246;250m[48;2;246;246;246m▀[0m[38;2;244;246;250m[48;2;247;249;253m▀[0m[38;2;188;66;46m[48;2;249;253;255m▀[0m[38;2;193;167;84m[48;2;179;157;76m▀[0m[38;2;255;255;255m▄[0m[38;2;250;253;255m▄[0m                 
           [38;2;57;32;21m▄[0m[38;2;22;23;11m▄[0m[38;2;201;183;93m▄[0m[38;2;140;131;74m[48;2;250;237;177m▀[0m[38;2;53;52;52m[48;2;249;253;255m▀[0m[38;2;247;250;253m[48;2;238;238;237m▀[0m[38;2;247;250;253m[48;2;249;253;255m▀[0m[38;2;247;250;253m[48;2;249;253;255m▀[0m[38;2;247;250;253m[48;2;253;254;255m▀[0m[38;2;246;248;251m[48;2;252;254;255m▀[0m[38;2;246;248;251m[48;2;248;251;254m▀[0m      [38;2;20;14;8m▄[0m[38;2;162;130;89m[48;2;139;98;52m▀[0m          
             [38;2;247;250;253m▀[0m[38;2;249;253;255m▀[0m[38;2;159;159;159m[48;2;76;78;78m▀[0m[38;2;252;254;255m[48;2;252;254;255m▀[0m[38;2;253;255;255m[48;2;255;255;255m▀[0m[38;2;250;253;255m[48;2;225;224;224m▀[0m[38;2;249;253;255m▀[0m[38;2;249;251;253m▀[0m      [38;2;48;35;19m[48;2;129;91;50m▀[0m[38;2;131;94;51m[48;2;5;4;2m▀[0m           
             [38;2;248;248;249m▄[0m[38;2;253;254;255m[48;2;241;242;244m▀[0m[38;2;246;248;250m▄[0m[38;2;240;241;242m▄[0m[38;2;182;175;170m[48;2;244;246;249m▀[0m[38;2;244;246;248m▄[0m[38;2;244;246;248m▄[0m[38;2;243;245;248m[48;2;228;228;229m▀[0m[38;2;156;149;145m[48;2;157;146;158m▀[0m     [38;2;82;54;37m[48;2;5;1;1m▀[0m            
             [38;2;73;73;74m▀[0m[38;2;243;244;246m[48;2;245;246;249m▀[0m[38;2;246;248;251m[48;2;248;248;250m▀[0m[38;2;244;246;249m[48;2;168;169;170m▀[0m[38;2;242;243;245m[48;2;245;247;250m▀[0m[38;2;241;242;244m[48;2;246;248;251m▀[0m[38;2;243;245;248m[48;2;28;30;29m▀[0m[38;2;154;147;143m[48;2;198;189;183m▀[0m[38;2;182;174;169m▀[0m   [38;2;247;225;114m▄[0m[38;2;79;52;36m[48;2;81;53;37m▀[0m[38;2;110;101;51m▄[0m            
               [38;2;144;138;133m[48;2;250;227;115m▀[0m[38;2;195;187;182m[48;2;68;65;67m▀[0m[38;2;132;128;127m[48;2;148;128;60m▀[0m[38;2;189;164;81m[48;2;250;228;116m▀[0m[38;2;187;179;177m▀[0m[38;2;255;255;255m▄[0m[38;2;251;228;115m▄[0m[38;2;0;0;0m[48;2;247;226;114m▀[0m[38;2;253;229;116m[48;2;249;226;115m▀[0m[38;2;249;226;115m[48;2;248;226;115m▀[0m[38;2;251;228;115m[48;2;247;224;114m▀[0m[38;2;249;226;115m[48;2;246;224;114m▀[0m[38;2;254;235;120m▄[0m            
             [38;2;84;83;86m▄[0m[38;2;104;100;104m[48;2;252;229;116m▀[0m[38;2;251;229;116m[48;2;250;227;115m▀[0m[38;2;255;231;117m[48;2;246;224;113m▀[0m[38;2;255;231;117m[48;2;243;221;112m▀[0m[38;2;255;231;117m[48;2;243;221;112m▀[0m[38;2;248;231;116m[48;2;241;220;111m▀[0m[38;2;245;247;250m[48;2;255;255;255m▀[0m[38;2;245;223;113m[48;2;120;108;55m▀[0m[38;2;242;220;112m[48;2;248;226;115m▀[0m[38;2;244;222;112m[48;2;102;95;60m▀[0m[38;2;245;223;113m[48;2;49;46;33m▀[0m[38;2;247;225;114m[48;2;245;223;113m▀[0m[38;2;244;221;112m[48;2;242;220;112m▀[0m[38;2;242;220;112m[48;2;244;221;112m▀[0m[38;2;28;26;13m[48;2;244;222;112m▀[0m           
          [38;2;65;61;39m[48;2;9;8;5m▀[0m[38;2;251;234;150m[48;2;254;237;151m▀[0m[38;2;248;231;149m[48;2;247;229;148m▀[0m[38;2;248;229;141m[48;2;247;229;148m▀[0m[38;2;244;223;117m[48;2;246;226;135m▀[0m[38;2;244;221;113m[48;2;245;225;130m▀[0m[38;2;244;221;113m[48;2;247;227;136m▀[0m[38;2;244;222;113m[48;2;247;229;148m▀[0m[38;2;245;224;118m[48;2;247;230;148m▀[0m[38;2;53;54;59m[48;2;250;253;255m▀[0m[38;2;248;246;135m[48;2;247;229;148m▀[0m[38;2;245;223;116m[48;2;247;229;148m▀[0m[38;2;247;226;129m[48;2;251;235;151m▀[0m[38;2;159;153;100m[48;2;75;74;74m▀[0m[38;2;73;73;73m[48;2;75;74;74m▀[0m[38;2;247;225;113m[48;2;248;226;114m▀[0m[38;2;247;225;114m[48;2;251;228;116m▀[0m[38;2;246;224;114m[48;2;249;227;115m▀[0m[38;2;249;227;114m[48;2;252;229;116m▀[0m           
           [38;2;75;75;74m▀[0m[38;2;62;63;66m[48;2;76;75;74m▀[0m[38;2;248;230;148m[48;2;58;57;60m▀[0m[38;2;250;232;149m[48;2;78;77;76m▀[0m[38;2;244;228;147m[48;2;35;33;25m▀[0m[38;2;157;147;94m[48;2;74;74;74m▀[0m[38;2;254;235;150m[48;2;75;74;74m▀[0m[38;2;193;182;114m[48;2;20;20;20m▀[0m[38;2;243;245;249m[48;2;153;148;146m▀[0m[38;2;248;231;149m[48;2;160;153;150m▀[0m[38;2;255;238;153m[48;2;76;75;74m▀[0m[38;2;77;76;75m[48;2;76;75;74m▀[0m[38;2;75;75;74m[48;2;87;80;40m▀[0m[38;2;33;34;40m[48;2;252;229;116m▀[0m[38;2;250;228;116m[48;2;251;228;116m▀[0m[38;2;249;226;115m[48;2;250;228;116m▀[0m[38;2;248;225;115m[48;2;245;223;113m▀[0m[38;2;198;173;86m[48;2;197;171;85m▀[0m           
             [38;2;76;75;74m▀[0m[38;2;74;74;74m[48;2;76;74;74m▀[0m[38;2;76;75;74m[48;2;76;75;74m▀[0m[38;2;75;74;74m[48;2;78;77;76m▀[0m[38;2;79;78;78m▀[0m[38;2;77;76;74m▀[0m[38;2;76;75;74m[48;2;77;75;74m▀[0m[38;2;75;75;74m[48;2;76;75;74m▀[0m[38;2;76;75;74m[48;2;76;75;74m▀[0m[38;2;72;73;74m[48;2;36;34;29m▀[0m[38;2;223;199;100m[48;2;184;161;80m▀[0m[38;2;239;217;110m[48;2;188;164;81m▀[0m[38;2;236;213;107m[48;2;184;160;80m▀[0m[38;2;198;172;85m[48;2;184;159;80m▀[0m[38;2;190;165;82m[48;2;183;158;80m▀[0m[38;2;186;162;81m[48;2;183;159;79m▀[0m           
              [38;2;75;74;74m▀[0m[38;2;75;74;74m[48;2;75;74;74m▀[0m    [38;2;75;74;73m▀[0m[38;2;74;74;73m[48;2;74;74;73m▀[0m[38;2;100;87;46m[48;2;82;82;83m▀[0m[38;2;184;160;80m[48;2;185;162;80m▀[0m[38;2;184;160;80m[48;2;185;162;80m▀[0m[38;2;184;160;80m[48;2;190;165;81m▀[0m[38;2;185;161;80m[48;2;190;165;81m▀[0m[38;2;186;162;80m[48;2;177;63;41m▀[0m[38;2;186;162;80m[48;2;186;66;43m▀[0m[38;2;176;62;41m▄[0m[38;2;168;59;39m▄[0m[38;2;207;73;44m▄[0m        
               [38;2;95;96;96m[48;2;96;97;98m▀[0m      [38;2;98;98;98m[48;2;90;92;92m▀[0m[38;2;153;133;66m[48;2;95;96;96m▀[0m[38;2;186;162;80m[48;2;198;174;88m▀[0m[38;2;186;162;80m[48;2;184;160;79m▀[0m[38;2;186;162;80m[48;2;92;79;40m▀[0m[38;2;173;62;42m[48;2;56;35;20m▀[0m[38;2;175;62;41m[48;2;172;61;42m▀[0m[38;2;172;61;42m[48;2;171;61;42m▀[0m[38;2;171;61;43m[48;2;173;61;43m▀[0m         
              [38;2;14;13;14m[48;2;96;97;97m▀[0m[38;2;102;102;103m▀[0m       [38;2;95;96;96m[48;2;95;96;96m▀[0m                
             [38;2;139;133;128m[48;2;45;47;46m▀[0m[38;2;124;120;116m▀[0m        [38;2;95;96;96m[48;2;126;121;116m▀[0m[38;2;14;16;16m[48;2;95;94;94m▀[0m               
                                        
