                                        
                                        
                                        
      [38;2;14;46;86m▄[0m[38;2;2;6;9m[48;2;14;46;85m▀[0m[38;2;6;16;29m[48;2;15;50;91m▀[0m[38;2;15;46;88m[48;2;15;47;87m▀[0m[38;2;4;14;26m[48;2;33;59;120m▀[0m[38;2;38;67;132m[48;2;15;26;50m▀[0m[38;2;36;62;124m[48;2;33;59;118m▀[0m[38;2;34;60;122m[48;2;34;60;119m▀[0m[38;2;35;63;127m[48;2;34;60;120m▀[0m[38;2;37;65;132m[48;2;34;60;120m▀[0m[38;2;34;60;124m[48;2;34;60;121m▀[0m[38;2;12;19;37m[48;2;1;1;3m▀[0m                      
     [38;2;9;26;52m[48;2;9;26;50m▀[0m[38;2;10;26;51m[48;2;9;26;50m▀[0m[38;2;9;26;51m[48;2;10;27;55m▀[0m[38;2;15;46;88m[48;2;15;47;86m▀[0m[38;2;14;47;86m[48;2;146;189;200m▀[0m[38;2;169;225;244m[48;2;173;227;244m▀[0m[38;2;189;226;240m[48;2;173;227;244m▀[0m[38;2;193;230;242m[48;2;171;227;245m▀[0m[38;2;33;58;117m[48;2;21;49;104m▀[0m[38;2;33;58;117m[48;2;15;46;86m▀[0m[38;2;10;16;31m▀[0m                        
    [38;2;249;249;249m▄[0m[38;2;2;4;6m[48;2;3;5;9m▀[0m[38;2;15;47;87m[48;2;252;253;252m▀[0m[38;2;16;53;97m[48;2;17;53;96m▀[0m[38;2;15;47;86m[48;2;15;46;88m▀[0m[38;2;176;232;248m[48;2;196;194;150m▀[0m[38;2;99;85;45m[48;2;245;239;192m▀[0m[38;2;52;42;37m[48;2;63;52;48m▀[0m[38;2;15;6;6m[48;2;61;59;49m▀[0m[38;2;14;46;86m[48;2;15;47;87m▀[0m[38;2;18;47;99m[48;2;22;50;106m▀[0m[38;2;16;48;92m[48;2;34;60;120m▀[0m[38;2;34;61;119m▄[0m[38;2;118;111;104m▄[0m[38;2;230;226;224m[48;2;249;251;253m▀[0m[38;2;247;250;252m[48;2;249;251;253m▀[0m[38;2;51;50;50m[48;2;247;251;253m▀[0m[38;2;253;253;254m▄[0m                  
   [38;2;13;25;52m▀[0m[38;2;17;32;59m[48;2;137;167;174m▀[0m[38;2;35;61;122m[48;2;136;167;174m▀[0m[38;2;33;58;117m[48;2;158;201;213m▀[0m[38;2;16;48;92m[48;2;169;226;245m▀[0m[38;2;14;44;84m[48;2;5;20;39m▀[0m[38;2;15;47;85m[48;2;14;46;85m▀[0m[38;2;246;241;205m[48;2;14;46;85m▀[0m[38;2;238;238;203m[48;2;14;46;86m▀[0m[38;2;252;252;203m[48;2;14;46;85m▀[0m[38;2;15;46;88m[48;2;15;47;86m▀[0m[38;2;15;47;87m[48;2;7;25;45m▀[0m[38;2;32;59;117m[48;2;4;13;26m▀[0m[38;2;34;60;121m[48;2;16;45;95m▀[0m[38;2;35;61;121m[48;2;254;255;255m▀[0m[38;2;124;123;124m[48;2;249;250;250m▀[0m[38;2;254;254;255m[48;2;255;255;255m▀[0m[38;2;248;251;253m[48;2;255;255;255m▀[0m[38;2;249;250;252m[48;2;254;255;255m▀[0m[38;2;246;247;249m[48;2;253;254;255m▀[0m[38;2;245;249;251m[48;2;249;253;255m▀[0m[38;2;93;93;94m[48;2;226;222;219m▀[0m               
     [38;2;93;112;117m▀[0m[38;2;133;165;172m▀[0m[38;2;136;167;174m▀[0m[38;2;136;168;176m[48;2;163;211;225m▀[0m[38;2;136;167;176m[48;2;138;173;182m▀[0m[38;2;134;166;173m[48;2;137;168;176m▀[0m[38;2;58;68;71m[48;2;136;168;176m▀[0m[38;2;8;26;49m[48;2;137;168;176m▀[0m[38;2;169;225;240m[48;2;137;168;176m▀[0m[38;2;166;220;238m[48;2;137;168;176m▀[0m[38;2;161;210;225m[48;2;135;167;174m▀[0m[38;2;71;77;79m[48;2;245;249;251m▀[0m[38;2;250;251;253m[48;2;244;248;251m▀[0m[38;2;248;252;255m[48;2;196;189;184m▀[0m[38;2;249;253;255m[48;2;246;248;250m▀[0m[38;2;254;255;255m[48;2;247;248;250m▀[0m[38;2;227;224;221m[48;2;170;226;243m▀[0m[38;2;222;218;214m[48;2;170;226;244m▀[0m[38;2;195;184;176m[48;2;169;226;244m▀[0m[38;2;197;184;176m[48;2;168;225;244m▀[0m[38;2;199;185;175m[48;2;189;229;243m▀[0m[38;2;194;183;176m[48;2;205;239;247m▀[0m[38;2;206;202;200m▄[0m[38;2;12;12;13m[48;2;248;249;251m▀[0m[38;2;250;251;250m▄[0m[38;2;243;241;240m▄[0m[38;2;252;253;254m[48;2;255;255;255m▀[0m[38;2;145;144;143m[48;2;255;255;255m▀[0m       
         [38;2;195;187;183m[48;2;189;182;177m▀[0m[38;2;188;181;176m[48;2;190;183;179m▀[0m[38;2;190;182;178m[48;2;113;109;106m▀[0m[38;2;190;183;177m[48;2;187;180;172m▀[0m[38;2;192;183;177m[48;2;187;180;172m▀[0m[38;2;191;184;179m[48;2;190;183;178m▀[0m[38;2;146;139;136m[48;2;62;59;58m▀[0m[38;2;250;251;252m[48;2;193;183;177m▀[0m[38;2;251;254;255m[48;2;194;184;175m▀[0m[38;2;249;253;255m[48;2;195;183;175m▀[0m[38;2;253;254;255m[48;2;10;26;51m▀[0m[38;2;56;63;64m[48;2;10;30;59m▀[0m[38;2;64;83;87m▀[0m[38;2;46;59;62m▀[0m[38;2;11;11;14m▀[0m[38;2;61;58;56m▀[0m[38;2;68;79;82m[48;2;65;62;61m▀[0m[38;2;191;229;243m▀[0m[38;2;191;228;242m▀[0m[38;2;190;228;242m[48;2;94;123;134m▀[0m[38;2;210;208;208m[48;2;168;226;244m▀[0m[38;2;188;181;174m[48;2;170;228;247m▀[0m[38;2;235;235;236m▀[0m        
          [38;2;194;188;182m▀[0m[38;2;189;182;177m[48;2;224;219;215m▀[0m[38;2;189;183;178m[48;2;186;178;172m▀[0m[38;2;188;181;175m[48;2;189;183;178m▀[0m[38;2;189;182;178m[48;2;195;187;182m▀[0m[38;2;192;184;179m[48;2;196;185;178m▀[0m[38;2;183;173;165m[48;2;215;209;205m▀[0m[38;2;39;34;32m[48;2;136;169;178m▀[0m[38;2;137;168;176m[48;2;138;169;176m▀[0m[38;2;9;26;50m[48;2;11;33;67m▀[0m[38;2;15;49;89m[48;2;15;47;88m▀[0m[38;2;198;240;245m▄[0m        [38;2;125;163;175m▀[0m[38;2;172;227;244m▀[0m[38;2;46;55;58m[48;2;181;237;251m▀[0m[38;2;30;57;113m▄[0m      
            [38;2;238;235;229m[48;2;137;168;176m▀[0m[38;2;210;202;194m▀[0m[38;2;1;1;1m[48;2;178;235;247m▀[0m[38;2;140;174;182m[48;2;172;227;244m▀[0m[38;2;135;166;173m[48;2;138;169;177m▀[0m[38;2;136;167;176m[48;2;138;169;177m▀[0m[38;2;136;167;176m[48;2;136;167;176m▀[0m[38;2;137;168;176m[48;2;134;166;173m▀[0m[38;2;10;29;59m[48;2;136;165;173m▀[0m[38;2;87;110;116m[48;2;158;201;213m▀[0m[38;2;184;231;247m▄[0m[38;2;194;232;246m▄[0m        [38;2;3;7;15m▄[0m[38;2;15;46;87m[48;2;238;238;238m▀[0m[38;2;29;56;115m[48;2;249;252;255m▀[0m[38;2;20;35;68m▀[0m[38;2;255;255;255m▄[0m[38;2;160;160;160m▄[0m  
           [38;2;7;4;4m[48;2;169;224;241m▀[0m[38;2;136;167;174m[48;2;27;31;34m▀[0m[38;2;135;167;173m[48;2;135;164;172m▀[0m[38;2;134;166;173m[48;2;137;167;174m▀[0m[38;2;139;172;181m[48;2;136;167;174m▀[0m[38;2;90;108;113m[48;2;135;166;173m▀[0m[38;2;135;166;174m[48;2;39;43;45m▀[0m[38;2;136;167;176m[48;2;136;167;176m▀[0m[38;2;138;169;177m[48;2;136;167;175m▀[0m[38;2;137;169;178m[48;2;135;167;175m▀[0m[38;2;137;166;174m[48;2;135;166;173m▀[0m[38;2;166;220;235m[48;2;135;166;173m▀[0m[38;2;176;226;243m[48;2;136;167;174m▀[0m[38;2;40;47;49m[48;2;136;167;174m▀[0m       [38;2;13;11;9m[48;2;198;187;181m▀[0m[38;2;63;62;62m▀[0m      
           [38;2;172;227;244m[48;2;174;229;245m▀[0m [38;2;103;128;136m▀[0m[38;2;135;166;173m[48;2;14;12;13m▀[0m[38;2;120;148;155m[48;2;106;130;137m▀[0m[38;2;136;165;172m[48;2;105;129;137m▀[0m[38;2;135;165;172m[48;2;93;115;121m▀[0m[38;2;143;174;181m[48;2;4;0;0m▀[0m[38;2;134;164;172m[48;2;156;200;213m▀[0m[38;2;137;165;172m[48;2;162;206;217m▀[0m[38;2;138;169;177m[48;2;150;194;207m▀[0m[38;2;132;162;169m[48;2;134;165;172m▀[0m[38;2;136;166;173m[48;2;136;164;172m▀[0m[38;2;135;166;174m[48;2;136;167;174m▀[0m      [38;2;2;0;0m▀[0m        
        [38;2;1;3;6m▄[0m[38;2;9;26;52m▄[0m[38;2;142;181;190m[48;2;171;227;244m▀[0m[38;2;171;227;245m[48;2;65;80;85m▀[0m[38;2;138;169;177m▄[0m[38;2;132;161;168m▄[0m[38;2;104;130;138m▄[0m[38;2;104;129;138m▄[0m[38;2;60;72;75m[48;2;107;132;141m▀[0m[38;2;106;130;138m▀[0m[38;2;77;93;98m▀[0m    [38;2;46;51;53m▀[0m[38;2;137;168;175m[48;2;137;168;175m▀[0m[38;2;98;119;124m▄[0m              
          [38;2;170;227;245m[48;2;171;226;244m▀[0m [38;2;0;0;0m▀[0m[38;2;9;25;50m▀[0m[38;2;7;17;33m▀[0m      [38;2;1;0;0m▄[0m[38;2;15;47;88m▄[0m[38;2;96;117;122m[48;2;34;59;121m▀[0m[38;2;153;198;210m[48;2;27;33;36m▀[0m[38;2;172;227;245m▀[0m[38;2;173;228;244m▀[0m[38;2;42;52;55m[48;2;34;59;121m▀[0m[38;2;34;60;120m▄[0m[38;2;35;63;129m▄[0m          
  [38;2;250;250;250m▄[0m[38;2;249;250;253m▄[0m[38;2;187;187;187m▄[0m[38;2;15;49;91m▄[0m[38;2;18;48;99m▄[0m[38;2;31;57;115m▄[0m[38;2;32;57;116m▄[0m[38;2;8;25;46m[48;2;21;48;103m▀[0m[38;2;14;46;85m[48;2;14;45;84m▀[0m                             
    [38;2;208;208;208m[48;2;14;11;11m▀[0m[38;2;135;134;134m[48;2;142;140;140m▀[0m[38;2;32;59;119m▀[0m[38;2;34;60;120m[48;2;198;197;196m▀[0m[38;2;34;60;120m[48;2;254;254;250m▀[0m[38;2;34;60;119m[48;2;252;253;250m▀[0m[38;2;0;0;0m▀[0m                             
                                        
                                        
                                        
