                                        
                         [38;2;136;102;62m▄[0m[38;2;143;106;64m▄[0m[38;2;134;101;62m[48;2;134;100;62m▀[0m[38;2;133;100;62m▄[0m [38;2;10;8;8m▄[0m         
         [38;2;134;100;62m▄[0m[38;2;133;100;62m▄[0m[38;2;145;108;67m[48;2;140;104;64m▀[0m[38;2;134;100;62m[48;2;134;100;62m▀[0m[38;2;134;100;61m▄[0m[38;2;17;12;10m▄[0m         [38;2;127;94;56m[48;2;119;84;47m▀[0m[38;2;133;100;63m[48;2;133;100;63m▀[0m[38;2;133;100;62m[48;2;133;99;62m▀[0m[38;2;133;100;62m[48;2;134;101;62m▀[0m[38;2;133;100;63m[48;2;148;110;67m▀[0m[38;2;134;100;62m[48;2;135;101;62m▀[0m[38;2;135;101;62m[48;2;135;100;62m▀[0m[38;2;30;23;16m▄[0m        
        [38;2;88;65;42m▄[0m[38;2;134;100;62m[48;2;134;100;62m▀[0m[38;2;134;101;62m[48;2;134;100;62m▀[0m[38;2;142;106;66m[48;2;133;100;62m▀[0m[38;2;135;100;62m[48;2;125;95;59m▀[0m[38;2;123;87;50m[48;2;110;74;37m▀[0m[38;2;102;65;29m[48;2;102;66;29m▀[0m[38;2;23;17;11m[48;2;102;66;29m▀[0m       [38;2;102;66;29m[48;2;102;66;29m▀[0m[38;2;103;67;28m[48;2;103;66;29m▀[0m[38;2;122;87;49m[48;2;103;66;29m▀[0m[38;2;137;102;64m[48;2;109;73;36m▀[0m[38;2;134;100;62m[48;2;103;67;29m▀[0m[38;2;72;53;34m[48;2;104;66;28m▀[0m[38;2;134;100;62m[48;2;104;66;28m▀[0m[38;2;134;100;62m[48;2;104;66;28m▀[0m[38;2;97;70;41m[48;2;50;33;17m▀[0m        
        [38;2;123;90;54m▀[0m[38;2;133;99;62m[48;2;111;75;40m▀[0m[38;2;131;97;59m[48;2;108;72;35m▀[0m[38;2;121;86;49m[48;2;102;66;30m▀[0m[38;2;107;70;34m[48;2;102;66;29m▀[0m[38;2;102;66;29m[48;2;103;67;28m▀[0m[38;2;103;66;29m[48;2;102;66;29m▀[0m[38;2;102;66;29m[48;2;102;66;29m▀[0m[38;2;103;66;29m[48;2;59;49;41m▀[0m[38;2;88;54;20m▄[0m    [38;2;105;104;105m▄[0m[38;2;97;61;24m[48;2;174;176;177m▀[0m[38;2;103;67;28m[48;2;174;176;177m▀[0m[38;2;104;67;28m[48;2;103;64;26m▀[0m[38;2;105;66;28m[48;2;102;65;29m▀[0m[38;2;104;66;28m[48;2;102;65;29m▀[0m[38;2;102;66;29m[48;2;104;66;29m▀[0m[38;2;102;66;29m[48;2;102;65;29m▀[0m[38;2;102;65;29m[48;2;102;65;29m▀[0m         
         [38;2;102;66;30m▀[0m[38;2;103;66;28m[48;2;103;67;28m▀[0m[38;2;103;66;29m[48;2;104;67;28m▀[0m[38;2;103;66;28m[48;2;105;67;28m▀[0m[38;2;103;66;28m[48;2;105;67;28m▀[0m[38;2;111;70;29m[48;2;175;177;177m▀[0m[38;2;173;174;176m[48;2;172;174;176m▀[0m[38;2;174;176;177m[48;2;173;174;176m▀[0m[38;2;177;178;178m[48;2;172;173;175m▀[0m[38;2;173;174;176m▄[0m   [38;2;176;178;180m[48;2;174;174;176m▀[0m[38;2;172;172;175m[48;2;170;172;174m▀[0m[38;2;170;172;174m[48;2;170;172;174m▀[0m[38;2;170;171;173m[48;2;64;47;47m▀[0m[38;2;171;171;174m[48;2;98;101;102m▀[0m[38;2;170;171;173m[48;2;170;172;174m▀[0m[38;2;170;171;173m[48;2;171;173;175m▀[0m[38;2;170;172;173m[48;2;171;173;175m▀[0m[38;2;102;65;29m▀[0m         
          [38;2;112;71;29m▀[0m[38;2;103;65;26m[48;2;170;171;174m▀[0m[38;2;141;143;146m[48;2;171;172;175m▀[0m[38;2;174;174;176m[48;2;171;172;175m▀[0m[38;2;171;172;175m[48;2;171;173;175m▀[0m[38;2;171;172;175m[48;2;171;172;175m▀[0m[38;2;171;172;175m[48;2;64;43;44m▀[0m[38;2;171;172;174m[48;2;179;180;182m▀[0m[38;2;170;171;173m[48;2;172;173;176m▀[0m[38;2;145;141;136m▄[0m  [38;2;176;178;179m[48;2;178;179;180m▀[0m[38;2;175;177;178m[48;2;174;175;177m▀[0m[38;2;182;183;184m[48;2;149;94;97m▀[0m[38;2;173;115;118m[48;2;212;147;154m▀[0m[38;2;217;149;156m[48;2;138;142;143m▀[0m[38;2;171;172;175m[48;2;173;175;177m▀[0m[38;2;171;172;175m[48;2;172;173;176m▀[0m[38;2;171;172;175m▀[0m          
            [38;2;186;189;191m▀[0m[38;2;173;174;176m[48;2;39;38;37m▀[0m[38;2;172;174;176m[48;2;144;140;139m▀[0m[38;2;173;174;176m[48;2;148;144;142m▀[0m[38;2;132;134;135m[48;2;140;137;134m▀[0m[38;2;173;115;118m[48;2;169;111;113m▀[0m[38;2;132;128;125m[48;2;166;109;111m▀[0m[38;2;133;128;125m[48;2;134;130;126m▀[0m  [38;2;135;130;127m[48;2;132;128;125m▀[0m[38;2;175;176;177m[48;2;142;138;135m▀[0m[38;2;212;146;153m[48;2;214;148;154m▀[0m[38;2;212;146;153m[48;2;113;117;118m▀[0m[38;2;171;173;175m[48;2;174;175;177m▀[0m[38;2;172;173;175m[48;2;176;177;178m▀[0m[38;2;191;193;194m▀[0m           
               [38;2;136;132;128m▀[0m[38;2;133;130;126m▀[0m[38;2;135;130;125m[48;2;133;129;124m▀[0m[38;2;120;78;79m[48;2;133;129;127m▀[0m[38;2;47;46;44m[48;2;136;131;129m▀[0m[38;2;132;127;124m[48;2;132;127;125m▀[0m [38;2;44;42;41m▀[0m[38;2;132;128;125m[48;2;135;130;126m▀[0m[38;2;174;116;118m[48;2;133;129;126m▀[0m[38;2;142;138;135m[48;2;132;128;125m▀[0m[38;2;147;143;142m▀[0m             
                   [38;2;196;193;189m▄[0m[38;2;134;129;125m[48;2;196;194;189m▀[0m[38;2;196;193;189m[48;2;196;193;189m▀[0m[38;2;195;193;189m[48;2;194;191;188m▀[0m[38;2;132;128;125m[48;2;170;172;174m▀[0m[38;2;131;127;124m[48;2;170;171;173m▀[0m[38;2;176;178;181m▄[0m              
                  [38;2;171;172;174m[48;2;143;142;140m▀[0m[38;2;244;247;249m[48;2;245;247;250m▀[0m[38;2;53;52;52m[48;2;250;252;255m▀[0m[38;2;171;171;173m[48;2;171;172;174m▀[0m[38;2;170;172;174m[48;2;223;223;222m▀[0m[38;2;250;250;250m[48;2;255;255;255m▀[0m[38;2;170;172;173m[48;2;255;255;255m▀[0m[38;2;174;174;177m[48;2;177;179;179m▀[0m              
                [38;2;106;104;102m▄[0m[38;2;174;175;177m▄[0m[38;2;180;180;180m[48;2;176;177;178m▀[0m[38;2;253;255;255m[48;2;253;255;255m▀[0m[38;2;252;252;251m[48;2;224;171;174m▀[0m[38;2;178;178;179m[48;2;174;175;177m▀[0m[38;2;154;153;152m[48;2;254;254;255m▀[0m[38;2;251;253;255m[48;2;253;255;255m▀[0m[38;2;251;254;255m[48;2;77;75;75m▀[0m[38;2;172;174;176m[48;2;167;167;167m▀[0m[38;2;201;199;196m▄[0m             
                [38;2;211;209;205m▄[0m[38;2;174;175;177m[48;2;182;182;183m▀[0m[38;2;186;186;186m[48;2;178;178;178m▀[0m[38;2;184;184;184m[48;2;174;175;177m▀[0m[38;2;91;90;89m[48;2;192;195;197m▀[0m[38;2;185;185;185m[48;2;171;172;175m▀[0m[38;2;186;186;185m[48;2;171;173;175m▀[0m[38;2;187;187;186m[48;2;170;172;174m▀[0m[38;2;173;174;176m[48;2;171;172;174m▀[0m[38;2;170;171;173m[48;2;176;177;177m▀[0m              
                  [38;2;139;107;71m▄[0m[38;2;90;55;23m[48;2;101;66;29m▀[0m[38;2;245;247;250m[48;2;102;66;29m▀[0m[38;2;245;246;245m[48;2;102;66;29m▀[0m[38;2;151;152;154m[48;2;98;62;28m▀[0m[38;2;162;163;165m[48;2;95;61;28m▀[0m[38;2;37;18;5m[48;2;102;65;28m▀[0m[38;2;38;25;14m▀[0m              
                   [38;2;133;100;65m[48;2;173;175;176m▀[0m[38;2;140;107;70m[48;2;171;172;174m▀[0m[38;2;78;75;74m[48;2;26;24;24m▀[0m[38;2;78;59;39m[48;2;171;172;175m▀[0m[38;2;147;113;75m[48;2;144;140;138m▀[0m[38;2;37;35;36m[48;2;133;129;126m▀[0m[38;2;137;133;130m▄[0m              
                   [38;2;172;173;176m[48;2;49;47;46m▀[0m[38;2;182;183;183m[48;2;205;203;199m▀[0m[38;2;179;181;181m[48;2;200;198;194m▀[0m[38;2;175;176;178m[48;2;59;56;55m▀[0m[38;2;129;125;121m[48;2;175;176;178m▀[0m[38;2;134;130;126m[48;2;182;183;185m▀[0m[38;2;174;175;178m[48;2;175;176;178m▀[0m[38;2;175;176;178m▄[0m[38;2;171;172;174m[48;2;66;63;60m▀[0m            
                  [38;2;193;193;192m[48;2;182;184;183m▀[0m[38;2;174;176;177m[48;2;174;176;177m▀[0m[38;2;174;175;177m[48;2;174;175;177m▀[0m[38;2;174;175;177m[48;2;173;174;176m▀[0m[38;2;175;176;178m[48;2;173;174;176m▀[0m[38;2;174;175;177m[48;2;173;174;176m▀[0m[38;2;175;176;177m[48;2;186;186;185m▀[0m[38;2;180;181;181m[48;2;197;196;193m▀[0m[38;2;175;177;178m[48;2;94;57;23m▀[0m[38;2;182;183;186m[48;2;168;169;170m▀[0m            
                  [38;2;100;96;93m▀[0m[38;2;133;128;126m[48;2;97;93;90m▀[0m[38;2;134;131;127m[48;2;131;127;123m▀[0m[38;2;163;162;164m[48;2;133;128;125m▀[0m[38;2;168;169;171m[48;2;8;5;5m▀[0m[38;2;170;169;172m[48;2;11;9;7m▀[0m[38;2;157;156;155m▀[0m[38;2;148;144;142m[48;2;132;128;125m▀[0m[38;2;136;132;129m[48;2;133;130;126m▀[0m[38;2;25;15;10m▀[0m            
                  [38;2;125;94;61m[48;2;76;50;24m▀[0m[38;2;131;98;61m[48;2;105;67;29m▀[0m[38;2;79;49;25m[48;2;111;70;29m▀[0m[38;2;88;86;85m▀[0m  [38;2;143;110;70m▄[0m[38;2;80;49;24m[48;2;142;109;72m▀[0m[38;2;61;35;15m[48;2;134;100;63m▀[0m[38;2;3;1;1m[48;2;111;72;30m▀[0m            
                                        
