                                        
                                [38;2;26;23;22m▄[0m       
                             [38;2;249;249;244m▄[0m[38;2;119;111;103m[48;2;66;61;57m▀[0m[38;2;118;109;101m[48;2;117;109;101m▀[0m   [38;2;119;110;104m▄[0m[38;2;118;110;103m▄[0m[38;2;117;109;102m[48;2;120;112;104m▀[0m  
                           [38;2;235;235;235m▄[0m[38;2;117;109;101m[48;2;118;110;103m▀[0m[38;2;248;248;243m[48;2;17;16;16m▀[0m[38;2;253;254;249m[48;2;251;251;247m▀[0m[38;2;110;102;95m▀[0m[38;2;59;56;54m▄[0m[38;2;27;23;22m[48;2;254;254;252m▀[0m[38;2;118;110;102m[48;2;251;251;247m▀[0m[38;2;118;109;102m[48;2;251;251;247m▀[0m[38;2;118;109;103m[48;2;251;251;247m▀[0m   
                          [38;2;56;55;55m[48;2;57;55;54m▀[0m[38;2;248;249;248m[48;2;247;250;252m▀[0m[38;2;118;110;102m[48;2;76;73;70m▀[0m[38;2;118;109;102m[48;2;91;84;80m▀[0m[38;2;249;250;244m[48;2;100;92;87m▀[0m[38;2;250;250;245m[48;2;110;102;95m▀[0m[38;2;255;255;252m[48;2;118;110;103m▀[0m[38;2;62;61;60m[48;2;118;110;103m▀[0m[38;2;114;106;98m[48;2;111;103;96m▀[0m[38;2;119;110;102m[48;2;84;78;75m▀[0m    
            [38;2;242;164;123m▄[0m[38;2;240;146;103m▄[0m[38;2;16;10;8m[48;2;243;164;122m▀[0m[38;2;255;186;138m▀[0m       [38;2;22;20;18m▄[0m [38;2;61;60;59m[48;2;49;47;46m▀[0m[38;2;60;58;57m[48;2;46;44;43m▀[0m[38;2;255;255;255m[48;2;190;183;179m▀[0m[38;2;255;255;255m[48;2;235;235;236m▀[0m[38;2;45;43;43m[48;2;242;243;245m▀[0m[38;2;231;231;232m[48;2;242;244;246m▀[0m[38;2;245;248;251m[48;2;248;248;251m▀[0m[38;2;243;246;247m[48;2;173;172;172m▀[0m[38;2;243;245;247m[48;2;3;3;3m▀[0m[38;2;243;245;249m[48;2;62;60;60m▀[0m     
        [38;2;82;58;45m▄[0m[38;2;244;166;123m▄[0m[38;2;244;166;123m[48;2;244;164;122m▀[0m[38;2;243;153;108m[48;2;240;136;92m▀[0m[38;2;236;114;71m[48;2;237;120;77m▀[0m[38;2;237;116;73m[48;2;147;74;48m▀[0m         [38;2;46;44;43m[48;2;46;44;43m▀[0m[38;2;10;9;7m[48;2;47;45;44m▀[0m[38;2;46;44;43m[48;2;46;44;43m▀[0m[38;2;46;44;43m[48;2;46;44;43m▀[0m[38;2;46;44;43m[48;2;46;44;43m▀[0m[38;2;46;44;43m[48;2;46;44;43m▀[0m[38;2;46;44;43m[48;2;46;44;43m▀[0m[38;2;49;46;45m[48;2;46;44;43m▀[0m[38;2;53;51;50m[48;2;46;44;43m▀[0m[38;2;59;57;57m[48;2;54;52;51m▀[0m[38;2;59;57;56m▀[0m      
       [38;2;86;60;45m[48;2;244;166;123m▀[0m[38;2;244;166;124m[48;2;243;165;122m▀[0m[38;2;244;166;123m[48;2;243;164;122m▀[0m[38;2;243;159;115m[48;2;238;134;90m▀[0m[38;2;237;119;75m[48;2;235;112;71m▀[0m[38;2;236;113;70m[48;2;234;111;70m▀[0m[38;2;234;111;70m[48;2;235;111;70m▀[0m[38;2;204;99;63m[48;2;235;111;70m▀[0m[38;2;123;61;40m▄[0m       [38;2;47;44;43m[48;2;47;45;43m▀[0m[38;2;46;44;43m[48;2;189;88;58m▀[0m[38;2;47;44;44m[48;2;49;46;45m▀[0m[38;2;47;44;43m[48;2;189;89;57m▀[0m[38;2;47;44;43m[48;2;46;44;43m▀[0m[38;2;46;44;43m[48;2;46;44;43m▀[0m[38;2;46;44;43m[48;2;46;44;43m▀[0m[38;2;46;44;43m[48;2;46;44;44m▀[0m[38;2;29;27;26m[48;2;46;44;43m▀[0m[38;2;35;33;33m[48;2;9;7;6m▀[0m[38;2;29;27;26m▀[0m      
      [38;2;242;164;122m[48;2;243;155;111m▀[0m[38;2;242;164;122m[48;2;242;148;103m▀[0m[38;2;242;164;121m[48;2;239;128;83m▀[0m[38;2;242;155;111m[48;2;237;114;72m▀[0m[38;2;235;117;73m[48;2;62;33;21m▀[0m[38;2;237;112;72m[48;2;241;195;54m▀[0m[38;2;247;201;54m[48;2;236;113;71m▀[0m[38;2;236;112;70m[48;2;236;113;72m▀[0m[38;2;235;111;70m[48;2;236;111;70m▀[0m[38;2;236;111;70m[48;2;236;113;70m▀[0m[38;2;236;111;70m▄[0m[38;2;241;141;96m▄[0m[38;2;179;122;92m[48;2;242;153;108m▀[0m[38;2;244;166;123m[48;2;241;149;104m▀[0m[38;2;244;168;125m[48;2;242;150;106m▀[0m[38;2;244;166;123m[48;2;242;148;103m▀[0m[38;2;243;156;111m[48;2;237;121;77m▀[0m[38;2;237;121;77m[48;2;237;121;77m▀[0m[38;2;237;117;73m[48;2;237;115;72m▀[0m[38;2;217;103;64m[48;2;236;112;70m▀[0m[38;2;23;27;27m[48;2;46;44;43m▀[0m[38;2;47;44;43m[48;2;40;38;37m▀[0m[38;2;47;44;43m▀[0m[38;2;46;44;43m▀[0m[38;2;7;7;8m▄[0m[38;2;187;145;48m▄[0m [38;2;222;177;54m▄[0m[38;2;79;63;24m▄[0m     
     [38;2;246;160;116m[48;2;240;143;99m▀[0m[38;2;237;118;75m[48;2;237;118;75m▀[0m[38;2;240;124;80m[48;2;236;113;71m▀[0m[38;2;237;121;78m[48;2;147;144;142m▀[0m[38;2;33;30;29m[48;2;12;10;10m▀[0m[38;2;38;36;35m[48;2;39;38;38m▀[0m[38;2;254;128;80m[48;2;235;112;71m▀[0m[38;2;237;115;73m[48;2;236;115;73m▀[0m[38;2;236;113;72m[48;2;237;115;73m▀[0m[38;2;237;118;75m[48;2;236;115;73m▀[0m[38;2;237;115;73m[48;2;237;119;76m▀[0m[38;2;237;115;73m[48;2;237;118;75m▀[0m[38;2;237;115;73m[48;2;237;116;74m▀[0m[38;2;236;116;73m[48;2;237;116;74m▀[0m[38;2;237;121;77m[48;2;5;5;10m▀[0m[38;2;237;116;74m[48;2;71;67;65m▀[0m[38;2;237;116;74m[48;2;66;64;62m▀[0m[38;2;237;114;71m[48;2;63;60;59m▀[0m[38;2;237;114;72m[48;2;59;57;57m▀[0m[38;2;237;117;74m[48;2;65;62;62m▀[0m[38;2;118;127;142m[48;2;97;100;110m▀[0m[38;2;202;157;51m▄[0m[38;2;7;5;7m[48;2;188;146;48m▀[0m[38;2;188;146;48m▄[0m[38;2;187;146;48m[48;2;185;144;48m▀[0m[38;2;187;146;48m[48;2;201;155;51m▀[0m[38;2;198;154;50m[48;2;186;145;48m▀[0m[38;2;188;145;48m[48;2;187;144;48m▀[0m[38;2;228;182;55m▀[0m      
   [38;2;117;109;101m▄[0m[38;2;63;61;60m[48;2;93;86;81m▀[0m[38;2;59;57;58m[48;2;58;57;56m▀[0m[38;2;59;57;57m[48;2;19;17;17m▀[0m[38;2;58;57;57m[48;2;190;89;58m▀[0m[38;2;39;36;36m[48;2;237;114;71m▀[0m[38;2;59;58;57m[48;2;237;116;74m▀[0m[38;2;42;40;39m[48;2;237;114;72m▀[0m[38;2;237;116;73m[48;2;236;112;70m▀[0m[38;2;237;115;73m[48;2;236;111;70m▀[0m[38;2;237;115;73m[48;2;237;114;72m▀[0m[38;2;236;114;71m[48;2;237;116;74m▀[0m[38;2;237;115;73m[48;2;36;32;29m▀[0m[38;2;235;115;73m[48;2;117;109;101m▀[0m[38;2;118;110;103m[48;2;118;109;101m▀[0m[38;2;117;109;101m[48;2;118;110;102m▀[0m[38;2;90;83;79m[48;2;72;67;65m▀[0m[38;2;71;67;66m[48;2;67;64;62m▀[0m[38;2;64;60;60m[48;2;62;60;59m▀[0m[38;2;65;62;61m[48;2;60;58;58m▀[0m[38;2;63;60;59m[48;2;58;57;56m▀[0m[38;2;60;58;57m[48;2;246;200;57m▀[0m[38;2;11;9;7m[48;2;218;172;54m▀[0m[38;2;186;145;48m[48;2;29;27;31m▀[0m[38;2;186;145;48m[48;2;183;142;49m▀[0m[38;2;184;143;48m[48;2;183;143;49m▀[0m[38;2;187;146;49m[48;2;183;142;49m▀[0m[38;2;183;142;49m[48;2;183;142;49m▀[0m[38;2;184;143;48m▀[0m        
  [38;2;117;108;101m▀[0m    [38;2;207;97;62m[48;2;191;209;242m▀[0m[38;2;232;111;69m[48;2;197;210;233m▀[0m[38;2;236;116;72m[48;2;112;63;40m▀[0m[38;2;236;116;72m[48;2;242;164;122m▀[0m[38;2;236;117;73m[48;2;242;164;122m▀[0m[38;2;235;113;71m[48;2;199;211;232m▀[0m[38;2;233;110;69m[48;2;92;69;65m▀[0m[38;2;37;28;26m[48;2;110;102;96m▀[0m[38;2;118;109;101m[48;2;118;109;101m▀[0m[38;2;118;109;101m[48;2;115;107;99m▀[0m[38;2;118;109;103m[48;2;81;76;72m▀[0m[38;2;85;79;75m[48;2;60;58;57m▀[0m[38;2;61;59;58m[48;2;59;58;57m▀[0m[38;2;60;58;57m[48;2;58;57;57m▀[0m[38;2;59;57;57m[48;2;59;57;56m▀[0m[38;2;60;58;58m[48;2;58;57;56m▀[0m[38;2;59;58;58m[48;2;58;56;55m▀[0m[38;2;58;57;57m[48;2;183;142;49m▀[0m[38;2;113;88;33m[48;2;183;142;49m▀[0m[38;2;184;142;49m[48;2;184;143;49m▀[0m[38;2;184;143;48m[48;2;186;145;48m▀[0m[38;2;184;142;49m[48;2;169;131;45m▀[0m[38;2;183;141;49m▀[0m          
       [38;2;186;201;230m[48;2;210;218;233m▀[0m[38;2;205;215;231m[48;2;208;216;231m▀[0m[38;2;209;218;232m[48;2;209;217;231m▀[0m[38;2;243;164;122m[48;2;243;164;121m▀[0m[38;2;242;164;122m[48;2;159;107;79m▀[0m[38;2;209;217;231m[48;2;205;214;232m▀[0m[38;2;185;203;235m[48;2;181;199;231m▀[0m[38;2;78;73;70m[48;2;58;57;56m▀[0m[38;2;71;67;65m[48;2;59;57;56m▀[0m[38;2;68;65;63m[48;2;59;57;56m▀[0m[38;2;60;57;57m[48;2;58;57;57m▀[0m[38;2;58;57;56m[48;2;58;57;57m▀[0m[38;2;58;57;56m[48;2;58;57;56m▀[0m[38;2;58;57;56m[48;2;58;57;56m▀[0m[38;2;58;57;56m[48;2;59;58;57m▀[0m[38;2;34;28;14m[48;2;48;44;43m▀[0m[38;2;183;143;48m[48;2;48;45;43m▀[0m[38;2;189;147;49m[48;2;48;45;43m▀[0m[38;2;25;27;32m[48;2;48;46;44m▀[0m[38;2;47;45;43m▀[0m             
       [38;2;212;152;112m▀[0m[38;2;209;218;233m[48;2;209;218;233m▀[0m[38;2;185;196;207m[48;2;204;215;233m▀[0m[38;2;136;93;69m[48;2;198;211;236m▀[0m[38;2;209;218;232m[48;2;186;202;232m▀[0m[38;2;183;199;231m[48;2;186;202;232m▀[0m[38;2;182;200;231m[48;2;186;203;233m▀[0m[38;2;169;185;213m[48;2;185;201;232m▀[0m[38;2;59;57;57m[48;2;174;188;215m▀[0m[38;2;59;58;57m[48;2;47;47;51m▀[0m[38;2;58;57;56m[48;2;57;56;54m▀[0m[38;2;59;58;57m[48;2;59;57;57m▀[0m[38;2;60;59;57m[48;2;28;24;24m▀[0m[38;2;60;58;57m[48;2;65;67;73m▀[0m[38;2;47;44;43m[48;2;146;153;169m▀[0m[38;2;47;44;43m[48;2;144;151;168m▀[0m[38;2;47;44;43m[48;2;153;159;176m▀[0m                
         [38;2;33;32;34m▀[0m[38;2;168;180;205m▀[0m[38;2;169;181;206m▀[0m[38;2;164;176;200m▀[0m[38;2;144;152;168m[48;2;5;3;3m▀[0m[38;2;144;151;167m[48;2;20;20;23m▀[0m[38;2;144;151;168m[48;2;16;20;25m▀[0m[38;2;144;151;168m▀[0m[38;2;143;151;168m▀[0m[38;2;31;31;32m▀[0m[38;2;143;151;167m▀[0m[38;2;89;92;102m▀[0m[38;2;154;158;176m▀[0m[38;2;48;45;44m▀[0m[38;2;14;12;12m[48;2;23;21;21m▀[0m                
          [38;2;23;23;27m▄[0m[38;2;14;14;16m▄[0m[38;2;17;21;27m▄[0m[38;2;17;22;27m▄[0m[38;2;18;22;27m[48;2;17;22;27m▀[0m[38;2;11;9;9m▄[0m     [38;2;46;44;44m▄[0m[38;2;47;45;44m▀[0m                 
         [38;2;11;9;7m▀[0m[38;2;46;45;44m▄[0m[38;2;21;24;29m▀[0m      [38;2;30;28;28m▄[0m[38;2;59;57;56m▄[0m[38;2;27;25;25m[48;2;60;58;57m▀[0m[38;2;48;45;44m▄[0m[38;2;44;42;41m▄[0m                 
               [38;2;22;19;17m▄[0m[38;2;118;109;102m▀[0m[38;2;15;12;12m[48;2;9;8;7m▀[0m[38;2;59;57;56m[48;2;1;1;1m▀[0m[38;2;37;35;35m▀[0m                    
                 [38;2;122;114;107m▀[0m                      
                                        
