                                        
                   [38;2;229;229;229m[48;2;243;243;243m▀[0m    [38;2;252;253;253m▄[0m[38;2;166;166;166m▀[0m              
                       [38;2;85;84;84m[48;2;13;12;12m▀[0m                
                     [38;2;34;33;33m▄[0m[38;2;249;252;253m▀[0m    [38;2;250;251;252m▄[0m[38;2;172;171;171m▄[0m[38;2;7;7;7m▀[0m          
                   [38;2;0;0;0m▄[0m [38;2;138;137;137m▀[0m [38;2;248;251;253m▄[0m[38;2;1;0;0m▀[0m[38;2;249;250;252m▀[0m              
                [38;2;158;152;145m▄[0m[38;2;146;140;134m▄[0m[38;2;153;147;141m▄[0m[38;2;208;200;195m[48;2;141;136;131m▀[0m[38;2;187;180;176m[48;2;96;95;95m▀[0m[38;2;190;183;179m▀[0m                  
            [38;2;80;75;72m▄[0m[38;2;147;141;136m▄[0m[38;2;147;142;135m[48;2;147;141;136m▀[0m[38;2;148;141;136m[48;2;148;142;136m▀[0m[38;2;149;143;137m[48;2;148;142;136m▀[0m[38;2;147;141;135m[48;2;148;142;136m▀[0m[38;2;147;141;134m[48;2;148;142;136m▀[0m[38;2;148;141;135m[48;2;147;141;136m▀[0m[38;2;147;141;136m[48;2;142;137;133m▀[0m[38;2;116;115;114m[48;2;126;123;121m▀[0m[38;2;108;108;109m[48;2;111;110;109m▀[0m[38;2;109;108;109m▄[0m[38;2;32;30;30m▄[0m               
           [38;2;74;73;73m[48;2;89;88;86m▀[0m[38;2;148;141;136m[48;2;149;142;136m▀[0m[38;2;148;142;136m[48;2;149;141;136m▀[0m[38;2;148;141;136m[48;2;148;141;135m▀[0m[38;2;153;146;141m[48;2;150;142;137m▀[0m[38;2;148;142;136m[48;2;139;134;131m▀[0m[38;2;149;142;136m[48;2;136;132;128m▀[0m[38;2;150;143;137m[48;2;122;120;118m▀[0m[38;2;142;137;132m[48;2;112;111;111m▀[0m[38;2;125;122;120m[48;2;152;137;116m▀[0m[38;2;110;109;110m[48;2;100;99;100m▀[0m[38;2;108;109;110m[48;2;108;107;107m▀[0m[38;2;109;109;109m[48;2;108;107;107m▀[0m[38;2;108;108;109m[48;2;108;107;107m▀[0m[38;2;15;15;15m[48;2;107;107;107m▀[0m              
          [38;2;195;178;149m[48;2;196;178;149m▀[0m[38;2;198;180;152m[48;2;9;3;4m▀[0m[38;2;138;133;130m[48;2;39;38;37m▀[0m[38;2;139;134;130m[48;2;109;109;109m▀[0m[38;2;48;45;44m[48;2;113;112;112m▀[0m[38;2;125;123;121m[48;2;113;111;111m▀[0m[38;2;124;120;118m[48;2;111;110;110m▀[0m[38;2;110;109;110m[48;2;108;107;108m▀[0m[38;2;108;108;108m[48;2;186;169;144m▀[0m[38;2;194;177;151m[48;2;193;175;148m▀[0m[38;2;193;175;149m[48;2;15;13;11m▀[0m[38;2;192;175;149m[48;2;37;32;28m▀[0m[38;2;110;109;109m[48;2;199;182;153m▀[0m[38;2;108;107;108m[48;2;108;109;109m▀[0m[38;2;108;107;107m[48;2;108;108;109m▀[0m[38;2;108;108;109m[48;2;109;108;109m▀[0m[38;2;89;89;89m[48;2;109;109;109m▀[0m             
         [38;2;3;1;1m▄[0m[38;2;192;175;148m[48;2;211;196;171m▀[0m[38;2;9;3;4m[48;2;56;48;41m▀[0m[38;2;10;8;7m[48;2;94;94;95m▀[0m[38;2;108;107;108m[48;2;108;108;109m▀[0m[38;2;108;108;108m[48;2;108;108;109m▀[0m[38;2;108;107;107m[48;2;108;109;109m▀[0m[38;2;108;108;109m[48;2;110;109;109m▀[0m[38;2;108;108;109m[48;2;108;108;109m▀[0m[38;2;194;177;150m[48;2;212;197;171m▀[0m[38;2;193;175;149m[48;2;212;198;172m▀[0m[38;2;9;3;4m[48;2;30;22;20m▀[0m[38;2;8;3;4m[48;2;33;25;22m▀[0m[38;2;199;182;154m[48;2;183;165;140m▀[0m[38;2;108;108;109m[48;2;108;108;109m▀[0m[38;2;109;109;109m[48;2;108;108;109m▀[0m[38;2;109;109;109m[48;2;108;108;109m▀[0m[38;2;109;108;109m[48;2;108;108;109m▀[0m             
          [38;2;213;198;171m[48;2;125;114;99m▀[0m[38;2;212;198;173m[48;2;42;38;33m▀[0m[38;2;109;109;109m[48;2;110;109;109m▀[0m[38;2;110;109;108m[48;2;109;109;109m▀[0m[38;2;111;110;109m[48;2;114;115;115m▀[0m[38;2;108;109;108m[48;2;109;108;109m▀[0m[38;2;108;109;109m[48;2;108;109;109m▀[0m[38;2;109;109;109m[48;2;109;109;109m▀[0m[38;2;221;206;179m[48;2;108;108;109m▀[0m[38;2;212;198;172m[48;2;212;198;172m▀[0m[38;2;173;161;139m[48;2;213;199;172m▀[0m[38;2;0;0;0m[48;2;50;45;38m▀[0m[38;2;112;112;112m[48;2;110;109;109m▀[0m[38;2;108;109;109m[48;2;109;108;109m▀[0m[38;2;108;109;109m[48;2;107;107;107m▀[0m[38;2;110;109;109m[48;2;89;85;84m▀[0m[38;2;99;98;98m[48;2;5;4;4m▀[0m             
           [38;2;96;93;93m[48;2;8;6;6m▀[0m[38;2;108;108;108m[48;2;87;84;83m▀[0m[38;2;72;71;71m[48;2;89;86;84m▀[0m[38;2;248;251;254m[48;2;89;85;84m▀[0m[38;2;249;252;254m[48;2;93;89;87m▀[0m[38;2;51;50;50m[48;2;89;86;84m▀[0m[38;2;109;108;109m[48;2;90;86;85m▀[0m[38;2;110;109;109m[48;2;88;85;84m▀[0m[38;2;110;109;109m[48;2;89;85;84m▀[0m[38;2;108;109;109m[48;2;89;86;84m▀[0m[38;2;106;106;106m[48;2;89;86;84m▀[0m[38;2;94;92;91m[48;2;88;85;84m▀[0m[38;2;89;85;84m[48;2;88;85;83m▀[0m[38;2;89;85;84m[48;2;87;85;83m▀[0m[38;2;87;85;83m▀[0m              
             [38;2;88;85;84m[48;2;102;99;97m▀[0m[38;2;89;85;84m[48;2;195;188;183m▀[0m[38;2;89;85;84m[48;2;90;86;85m▀[0m[38;2;88;85;84m[48;2;88;85;84m▀[0m[38;2;88;85;84m[48;2;87;84;83m▀[0m[38;2;88;85;84m[48;2;88;85;83m▀[0m[38;2;88;85;84m[48;2;87;85;83m▀[0m[38;2;87;85;83m[48;2;93;89;89m▀[0m[38;2;87;84;83m[48;2;37;35;35m▀[0m[38;2;87;85;83m[48;2;190;183;179m▀[0m[38;2;88;86;84m[48;2;21;20;20m▀[0m                
            [38;2;241;242;243m▀[0m[38;2;249;251;254m▀[0m[38;2;10;3;5m[48;2;55;46;40m▀[0m[38;2;191;184;178m[48;2;223;221;220m▀[0m[38;2;187;180;175m[48;2;198;191;188m▀[0m[38;2;186;179;174m[48;2;188;181;176m▀[0m[38;2;187;180;175m[48;2;187;179;175m▀[0m[38;2;189;182;177m[48;2;188;181;176m▀[0m[38;2;188;181;177m[48;2;188;181;176m▀[0m[38;2;10;4;5m[48;2;52;42;37m▀[0m[38;2;116;112;108m[48;2;54;46;40m▀[0m[38;2;192;193;193m▀[0m                
             [38;2;80;78;78m▀[0m[38;2;6;6;4m▀[0m[38;2;249;250;252m[48;2;201;202;203m▀[0m[38;2;244;246;249m[48;2;202;203;203m▀[0m[38;2;251;251;251m[48;2;72;70;80m▀[0m[38;2;72;70;80m[48;2;73;71;81m▀[0m[38;2;78;75;90m[48;2;108;93;75m▀[0m[38;2;244;246;249m[48;2;34;33;35m▀[0m[38;2;35;33;32m▄[0m                  
                [38;2;112;91;94m▀[0m[38;2;89;86;86m[48;2;66;66;66m▀[0m[38;2;81;78;77m[48;2;107;107;108m▀[0m[38;2;158;136;110m[48;2;61;60;59m▀[0m[38;2;88;84;83m[48;2;108;108;109m▀[0m[38;2;110;110;110m[48;2;116;114;114m▀[0m[38;2;108;108;109m[48;2;142;136;131m▀[0m[38;2;111;110;110m▄[0m[38;2;109;109;109m▄[0m[38;2;109;109;109m▄[0m[38;2;205;187;157m▄[0m[38;2;196;178;150m▄[0m            
                 [38;2;203;185;156m[48;2;208;190;162m▀[0m[38;2;110;109;109m[48;2;110;110;110m▀[0m[38;2;111;111;111m[48;2;116;116;116m▀[0m[38;2;192;174;146m[48;2;200;182;154m▀[0m[38;2;109;109;109m[48;2;109;109;109m▀[0m[38;2;109;109;109m[48;2;108;108;109m▀[0m[38;2;140;135;131m[48;2;111;110;109m▀[0m[38;2;148;141;136m[48;2;110;109;109m▀[0m[38;2;142;138;133m[48;2;109;109;109m▀[0m[38;2;144;138;133m[48;2;108;108;109m▀[0m[38;2;167;155;134m[48;2;109;108;109m▀[0m[38;2;108;108;107m[48;2;108;108;109m▀[0m[38;2;13;11;10m▄[0m          
                   [38;2;53;52;51m▀[0m[38;2;15;14;14m[48;2;87;84;83m▀[0m[38;2;111;110;109m[48;2;94;92;90m▀[0m[38;2;111;110;109m[48;2;96;94;92m▀[0m[38;2;108;109;109m[48;2;96;95;94m▀[0m[38;2;108;107;108m[48;2;91;89;88m▀[0m[38;2;108;107;108m[48;2;87;84;83m▀[0m[38;2;108;108;108m[48;2;87;84;83m▀[0m[38;2;100;99;98m[48;2;87;84;83m▀[0m[38;2;87;84;83m[48;2;88;85;83m▀[0m           
                     [38;2;136;113;125m▀[0m[38;2;36;34;34m▀[0m[38;2;145;124;101m[48;2;169;148;122m▀[0m[38;2;145;125;102m[48;2;54;46;38m▀[0m[38;2;94;91;90m▀[0m[38;2;87;85;83m▀[0m[38;2;92;90;88m▀[0m            
                                        
