                                        
                   [38;2;132;132;132m[48;2;134;134;134m▀[0m    [38;2;140;140;140m▄[0m[38;2;102;102;102m▀[0m              
                       [38;2;54;54;54m[48;2;7;7;7m▀[0m                
                     [38;2;24;24;24m▄[0m[38;2;139;139;139m▀[0m    [38;2;139;139;139m▄[0m[38;2;103;103;103m▄[0m[38;2;5;5;5m▀[0m          
                   [38;2;0;0;0m▄[0m [38;2;88;88;88m▀[0m [38;2;139;139;139m▄[0m[38;2;0;0;0m▀[0m[38;2;139;139;139m▀[0m              
                [38;2;251;250;249m▄[0m[38;2;248;247;245m▄[0m[38;2;250;250;247m▄[0m[38;2;123;123;123m[48;2;245;244;242m▀[0m[38;2;114;114;114m[48;2;210;209;209m▀[0m[38;2;116;116;116m▀[0m                  
            [38;2;172;168;164m▄[0m[38;2;249;249;247m▄[0m[38;2;249;249;246m[48;2;249;248;247m▀[0m[38;2;249;248;247m[48;2;249;249;246m▀[0m[38;2;250;249;247m[48;2;249;249;246m▀[0m[38;2;249;249;246m[48;2;249;248;247m▀[0m[38;2;249;249;246m[48;2;249;248;247m▀[0m[38;2;249;249;247m[48;2;249;248;247m▀[0m[38;2;249;249;247m[48;2;249;248;247m▀[0m[38;2;242;241;241m[48;2;245;244;243m▀[0m[38;2;237;237;238m[48;2;239;239;238m▀[0m[38;2;239;238;238m▄[0m[38;2;83;80;79m▄[0m               
           [38;2;166;164;164m[48;2;186;186;185m▀[0m[38;2;249;248;247m[48;2;249;249;247m▀[0m[38;2;249;248;247m[48;2;249;248;247m▀[0m[38;2;249;248;247m[48;2;249;248;246m▀[0m[38;2;250;249;248m[48;2;250;249;247m▀[0m[38;2;249;248;247m[48;2;248;247;246m▀[0m[38;2;249;248;247m[48;2;247;247;245m▀[0m[38;2;250;249;247m[48;2;244;242;242m▀[0m[38;2;249;248;246m[48;2;237;237;237m▀[0m[38;2;245;243;243m[48;2;181;173;147m▀[0m[38;2;239;239;239m[48;2;222;220;221m▀[0m[38;2;238;239;239m[48;2;238;238;238m▀[0m[38;2;238;238;238m[48;2;238;238;238m▀[0m[38;2;238;238;238m[48;2;238;238;238m▀[0m[38;2;29;29;29m[48;2;238;238;238m▀[0m              
          [38;2;218;212;179m[48;2;219;211;179m▀[0m[38;2;221;212;181m[48;2;14;4;6m▀[0m[38;2;247;246;245m[48;2;108;107;102m▀[0m[38;2;248;248;245m[48;2;238;238;238m▀[0m[38;2;104;100;96m[48;2;240;239;239m▀[0m[38;2;244;244;242m[48;2;240;239;239m▀[0m[38;2;244;242;242m[48;2;239;239;239m▀[0m[38;2;239;239;239m[48;2;238;238;238m▀[0m[38;2;237;237;237m[48;2;214;206;177m▀[0m[38;2;218;211;181m[48;2;217;209;178m▀[0m[38;2;217;208;178m[48;2;20;18;16m▀[0m[38;2;216;209;179m[48;2;52;47;40m▀[0m[38;2;237;237;237m[48;2;222;215;183m▀[0m[38;2;238;238;238m[48;2;238;238;238m▀[0m[38;2;238;238;238m[48;2;238;238;238m▀[0m[38;2;238;238;238m[48;2;238;238;238m▀[0m[38;2;199;199;199m[48;2;238;238;238m▀[0m             
         [38;2;0;0;0m▄[0m[38;2;216;208;177m[48;2;230;224;198m▀[0m[38;2;14;4;6m[48;2;79;70;57m▀[0m[38;2;23;18;13m[48;2;216;216;217m▀[0m[38;2;238;238;238m[48;2;238;238;238m▀[0m[38;2;238;238;238m[48;2;238;238;238m▀[0m[38;2;238;238;238m[48;2;238;238;238m▀[0m[38;2;238;238;238m[48;2;239;238;238m▀[0m[38;2;238;238;238m[48;2;238;238;238m▀[0m[38;2;218;212;181m[48;2;231;225;198m▀[0m[38;2;217;208;178m[48;2;230;225;198m▀[0m[38;2;14;4;6m[48;2;44;35;29m▀[0m[38;2;13;4;6m[48;2;49;40;32m▀[0m[38;2;222;216;185m[48;2;218;211;181m▀[0m[38;2;238;238;238m[48;2;238;238;238m▀[0m[38;2;238;238;238m[48;2;238;238;238m▀[0m[38;2;238;238;238m[48;2;238;238;238m▀[0m[38;2;238;238;238m[48;2;238;238;238m▀[0m             
          [38;2;231;225;198m[48;2;148;142;122m▀[0m[38;2;230;225;200m[48;2;83;79;65m▀[0m[38;2;238;238;238m[48;2;239;238;238m▀[0m[38;2;239;239;238m[48;2;238;238;238m▀[0m[38;2;239;239;238m[48;2;236;236;236m▀[0m[38;2;238;238;238m[48;2;238;238;238m▀[0m[38;2;238;238;238m[48;2;238;238;238m▀[0m[38;2;238;238;238m[48;2;238;238;238m▀[0m[38;2;237;231;207m[48;2;237;237;238m▀[0m[38;2;230;226;198m[48;2;231;226;199m▀[0m[38;2;199;193;168m[48;2;231;226;199m▀[0m[38;2;1;1;1m[48;2;66;61;50m▀[0m[38;2;239;238;238m[48;2;239;238;238m▀[0m[38;2;238;238;238m[48;2;238;238;238m▀[0m[38;2;238;238;238m[48;2;238;238;238m▀[0m[38;2;239;238;238m[48;2;227;225;223m▀[0m[38;2;233;232;232m[48;2;9;4;6m▀[0m             
           [38;2;233;230;230m[48;2;11;5;5m▀[0m[38;2;238;238;238m[48;2;226;225;221m▀[0m[38;2;154;153;153m[48;2;226;225;222m▀[0m[38;2;251;253;255m[48;2;228;226;223m▀[0m[38;2;253;254;255m[48;2;230;228;225m▀[0m[38;2;110;109;106m[48;2;228;226;224m▀[0m[38;2;238;238;238m[48;2;226;224;222m▀[0m[38;2;239;238;238m[48;2;226;224;222m▀[0m[38;2;238;238;238m[48;2;229;225;223m▀[0m[38;2;238;238;238m[48;2;227;226;223m▀[0m[38;2;237;237;237m[48;2;227;226;223m▀[0m[38;2;231;229;229m[48;2;227;225;223m▀[0m[38;2;227;225;223m[48;2;226;225;222m▀[0m[38;2;227;226;223m[48;2;226;224;221m▀[0m[38;2;226;225;222m▀[0m              
             [38;2;226;224;222m[48;2;68;68;68m▀[0m[38;2;227;226;223m[48;2;122;122;122m▀[0m[38;2;227;225;223m[48;2;227;225;224m▀[0m[38;2;227;225;223m[48;2;226;225;223m▀[0m[38;2;226;224;223m[48;2;226;225;222m▀[0m[38;2;227;225;223m[48;2;227;225;222m▀[0m[38;2;227;225;223m[48;2;226;225;222m▀[0m[38;2;226;225;222m[48;2;231;228;228m▀[0m[38;2;226;225;222m[48;2;31;31;31m▀[0m[38;2;226;225;223m[48;2;118;118;118m▀[0m[38;2;201;199;197m[48;2;14;14;14m▀[0m                
            [38;2;136;136;136m▀[0m[38;2;139;139;139m▀[0m[38;2;16;4;7m[48;2;77;67;56m▀[0m[38;2;115;115;115m[48;2;129;129;129m▀[0m[38;2;115;115;115m[48;2;119;119;119m▀[0m[38;2;114;114;114m[48;2;115;115;115m▀[0m[38;2;115;115;115m[48;2;114;114;114m▀[0m[38;2;116;116;116m[48;2;115;115;115m▀[0m[38;2;115;115;115m[48;2;115;115;115m▀[0m[38;2;15;6;7m[48;2;73;63;53m▀[0m[38;2;75;75;75m[48;2;76;68;56m▀[0m[38;2;113;113;113m▀[0m                
             [38;2;56;56;56m▀[0m[38;2;1;1;1m▀[0m[38;2;138;138;138m[48;2;118;118;118m▀[0m[38;2;137;137;137m[48;2;118;119;123m▀[0m[38;2;139;139;139m[48;2;211;209;221m▀[0m[38;2;211;208;220m[48;2;211;208;219m▀[0m[38;2;98;101;111m[48;2;138;129;100m▀[0m[38;2;137;137;137m[48;2;55;54;58m▀[0m[38;2;78;75;71m▄[0m                  
                [38;2;145;120;124m▀[0m[38;2;224;222;221m[48;2;147;145;145m▀[0m[38;2;206;202;202m[48;2;238;238;238m▀[0m[38;2;192;179;144m[48;2;137;134;133m▀[0m[38;2;224;222;220m[48;2;238;238;238m▀[0m[38;2;239;239;239m[48;2;241;241;241m▀[0m[38;2;237;237;238m[48;2;249;248;246m▀[0m[38;2;5;1;3m[48;2;238;238;238m▀[0m[38;2;238;238;238m▄[0m[38;2;238;238;238m▄[0m[38;2;227;219;188m▄[0m[38;2;219;211;179m▄[0m            
                 [38;2;227;219;190m[48;2;229;221;190m▀[0m[38;2;239;238;238m[48;2;238;238;238m▀[0m[38;2;238;238;238m[48;2;236;236;236m▀[0m[38;2;217;210;178m[48;2;223;216;185m▀[0m[38;2;238;238;238m[48;2;238;238;238m▀[0m[38;2;238;238;238m[48;2;236;236;236m▀[0m[38;2;248;247;246m[48;2;239;239;238m▀[0m[38;2;249;248;247m[48;2;239;239;238m▀[0m[38;2;249;248;246m[48;2;239;238;238m▀[0m[38;2;248;248;245m[48;2;238;238;238m▀[0m[38;2;198;193;172m[48;2;239;238;239m▀[0m[38;2;228;227;227m[48;2;238;238;238m▀[0m[38;2;22;19;17m▄[0m          
                   [38;2;129;128;126m▀[0m[38;2;39;36;36m[48;2;221;218;218m▀[0m[38;2;239;238;238m[48;2;231;230;228m▀[0m[38;2;239;239;238m[48;2;232;231;230m▀[0m[38;2;238;238;238m[48;2;231;231;230m▀[0m[38;2;238;238;238m[48;2;228;227;225m▀[0m[38;2;238;238;238m[48;2;226;225;222m▀[0m[38;2;238;238;238m[48;2;226;225;222m▀[0m[38;2;234;234;234m[48;2;226;225;222m▀[0m[38;2;226;225;222m[48;2;226;225;221m▀[0m[38;2;7;5;4m▀[0m          
                     [38;2;177;154;167m▀[0m[38;2;75;74;74m▀[0m[38;2;178;163;129m[48;2;198;186;152m▀[0m[38;2;178;165;132m[48;2;72;65;51m▀[0m[38;2;231;229;227m▀[0m[38;2;226;224;222m▀[0m[38;2;229;228;226m▀[0m            
                                        
