                                        
                              [38;2;104;96;90m▄[0m[38;2;104;97;90m[48;2;104;96;90m▀[0m[38;2;97;90;83m▄[0m       
                            [38;2;202;106;122m▄[0m[38;2;104;96;90m[48;2;205;106;122m▀[0m[38;2;104;96;90m[48;2;105;97;91m▀[0m[38;2;104;97;90m[48;2;57;52;49m▀[0m        
                          [38;2;176;92;105m▄[0m[38;2;201;105;121m[48;2;203;106;122m▀[0m[38;2;203;106;122m[48;2;204;106;122m▀[0m[38;2;89;46;53m[48;2;104;96;90m▀[0m[38;2;104;96;90m[48;2;104;95;89m▀[0m[38;2;104;96;90m[48;2;104;97;90m▀[0m        
                         [38;2;235;161;195m▄[0m[38;2;234;158;191m[48;2;235;161;194m▀[0m[38;2;205;106;122m[48;2;235;161;194m▀[0m[38;2;204;106;121m[48;2;203;106;122m▀[0m[38;2;202;105;121m[48;2;201;105;121m▀[0m[38;2;104;96;90m[48;2;201;105;121m▀[0m[38;2;100;94;87m▄[0m[38;2;104;96;90m▄[0m[38;2;103;96;89m▄[0m      
   [38;2;107;99;92m[48;2;104;97;90m▀[0m[38;2;112;103;97m[48;2;104;97;90m▀[0m[38;2;104;97;91m▄[0m[38;2;211;110;126m▄[0m       [38;2;69;64;60m▄[0m    [38;2;102;95;89m▄[0m[38;2;7;4;4m▄[0m   [38;2;70;48;57m[48;2;234;160;193m▀[0m[38;2;235;160;194m[48;2;234;161;193m▀[0m[38;2;234;160;193m[48;2;232;159;192m▀[0m[38;2;232;160;192m[48;2;232;158;192m▀[0m[38;2;233;160;193m[48;2;233;160;193m▀[0m[38;2;201;105;122m[48;2;234;160;193m▀[0m[38;2;202;105;121m[48;2;203;106;122m▀[0m[38;2;201;105;121m[48;2;203;106;122m▀[0m[38;2;101;94;87m[48;2;203;106;122m▀[0m[38;2;104;96;90m[48;2;104;96;90m▀[0m[38;2;104;96;90m[48;2;104;96;89m▀[0m[38;2;104;96;90m▄[0m    
    [38;2;14;11;11m▀[0m[38;2;110;102;96m[48;2;104;96;90m▀[0m[38;2;204;106;122m[48;2;104;97;90m▀[0m[38;2;204;106;121m[48;2;205;107;123m▀[0m[38;2;203;106;122m▄[0m[38;2;201;105;120m▄[0m    [38;2;215;198;170m[48;2;197;178;150m▀[0m    [38;2;196;178;149m▀[0m   [38;2;198;136;164m[48;2;236;162;195m▀[0m[38;2;235;161;194m[48;2;236;162;195m▀[0m[38;2;236;162;195m[48;2;236;162;195m▀[0m[38;2;235;161;194m[48;2;242;165;200m▀[0m[38;2;235;162;195m[48;2;235;161;194m▀[0m[38;2;235;162;195m[48;2;234;160;194m▀[0m[38;2;235;160;194m[48;2;235;161;194m▀[0m[38;2;234;162;195m[48;2;235;161;194m▀[0m[38;2;203;106;122m[48;2;203;104;120m▀[0m[38;2;203;106;122m[48;2;203;106;122m▀[0m[38;2;129;67;77m[48;2;203;106;122m▀[0m[38;2;104;96;90m[48;2;104;96;90m▀[0m[38;2;104;95;89m[48;2;89;82;78m▀[0m[38;2;51;47;45m▄[0m   
     [38;2;104;96;90m▀[0m[38;2;104;96;90m▀[0m[38;2;202;105;122m[48;2;207;108;125m▀[0m[38;2;203;106;122m[48;2;204;106;122m▀[0m[38;2;206;112;129m[48;2;236;161;195m▀[0m[38;2;234;160;194m[48;2;236;162;195m▀[0m[38;2;235;161;194m▄[0m          [38;2;175;120;144m[48;2;236;162;195m▀[0m[38;2;235;161;195m[48;2;235;160;192m▀[0m[38;2;236;162;195m[48;2;238;164;197m▀[0m[38;2;61;42;51m[48;2;235;160;194m▀[0m[38;2;235;161;194m[48;2;234;160;194m▀[0m[38;2;235;161;194m[48;2;233;160;194m▀[0m[38;2;233;160;194m[48;2;233;147;186m▀[0m[38;2;234;160;194m[48;2;234;151;189m▀[0m[38;2;233;160;193m[48;2;234;145;186m▀[0m[38;2;234;160;193m[48;2;117;70;92m▀[0m[38;2;203;106;122m[48;2;196;75;104m▀[0m[38;2;205;107;122m[48;2;191;63;98m▀[0m[38;2;97;89;84m[48;2;27;38;32m▀[0m[38;2;75;70;67m[48;2;60;58;57m▀[0m[38;2;71;67;64m[48;2;61;58;57m▀[0m   
      [38;2;41;37;35m[48;2;105;97;90m▀[0m[38;2;205;106;122m[48;2;203;106;122m▀[0m[38;2;215;111;128m[48;2;203;105;120m▀[0m[38;2;235;162;195m[48;2;233;160;193m▀[0m[38;2;236;162;195m[48;2;144;98;117m▀[0m[38;2;233;160;193m[48;2;235;161;195m▀[0m[38;2;236;162;195m[48;2;235;162;195m▀[0m[38;2;236;162;195m▄[0m   [38;2;11;10;9m▄[0m   [38;2;0;0;0m[48;2;135;200;197m▀[0m[38;2;235;161;194m[48;2;252;232;237m▀[0m[38;2;204;106;121m[48;2;155;82;94m▀[0m[38;2;204;106;121m[48;2;203;105;121m▀[0m[38;2;234;161;193m[48;2;235;155;191m▀[0m[38;2;233;157;191m[48;2;230;132;178m▀[0m[38;2;230;133;179m[48;2;227;127;175m▀[0m[38;2;227;129;176m[48;2;229;127;177m▀[0m[38;2;231;136;180m[48;2;224;122;173m▀[0m[38;2;231;136;180m[48;2;226;124;173m▀[0m[38;2;227;127;175m[48;2;226;123;173m▀[0m[38;2;188;46;92m[48;2;188;45;91m▀[0m[38;2;189;44;91m[48;2;188;45;91m▀[0m[38;2;49;26;32m[48;2;22;31;26m▀[0m[38;2;60;58;57m[48;2;60;57;57m▀[0m[38;2;61;59;58m[48;2;49;47;46m▀[0m   
      [38;2;107;99;93m[48;2;111;103;96m▀[0m[38;2;202;106;122m[48;2;203;106;122m▀[0m[38;2;208;118;137m[48;2;224;142;169m▀[0m[38;2;235;161;194m[48;2;236;161;194m▀[0m[38;2;233;160;194m[48;2;235;160;194m▀[0m[38;2;235;161;194m[48;2;235;160;194m▀[0m[38;2;164;113;135m[48;2;222;140;166m▀[0m[38;2;203;106;122m[48;2;203;106;122m▀[0m[38;2;236;161;194m[48;2;247;230;234m▀[0m[38;2;73;81;81m▄[0m[38;2;5;3;3m▄[0m    [38;2;133;199;197m[48;2;247;223;233m▀[0m[38;2;251;230;235m[48;2;250;225;237m▀[0m[38;2;250;229;236m[48;2;69;181;182m▀[0m[38;2;236;132;179m[48;2;68;181;183m▀[0m[38;2;225;122;173m[48;2;238;115;171m▀[0m[38;2;227;123;173m[48;2;187;45;91m▀[0m[38;2;226;122;173m[48;2;223;119;169m▀[0m[38;2;225;121;172m[48;2;225;122;173m▀[0m[38;2;225;120;172m[48;2;225;122;173m▀[0m[38;2;225;120;171m[48;2;226;122;173m▀[0m[38;2;226;120;172m[48;2;224;119;171m▀[0m[38;2;186;45;91m[48;2;189;45;91m▀[0m[38;2;186;45;91m[48;2;188;45;92m▀[0m[38;2;62;60;59m[48;2;60;57;57m▀[0m[38;2;60;57;57m[48;2;60;57;57m▀[0m    
      [38;2;111;101;95m[48;2;105;96;90m▀[0m[38;2;203;105;122m[48;2;187;98;113m▀[0m[38;2;220;135;160m[48;2;202;104;120m▀[0m[38;2;234;160;194m[48;2;234;160;193m▀[0m[38;2;233;160;192m[48;2;234;160;192m▀[0m[38;2;233;160;193m[48;2;233;156;190m▀[0m[38;2;234;160;192m[48;2;231;138;181m▀[0m[38;2;201;103;119m[48;2;229;135;180m▀[0m[38;2;246;227;233m[48;2;96;188;188m▀[0m[38;2;38;35;35m[48;2;247;227;234m▀[0m[38;2;249;230;234m[48;2;83;77;78m▀[0m[38;2;6;5;3m[48;2;148;141;136m▀[0m[38;2;111;109;107m[48;2;73;67;71m▀[0m[38;2;33;32;31m[48;2;49;47;54m▀[0m[38;2;153;84;116m[48;2;89;85;83m▀[0m[38;2;242;216;231m[48;2;231;122;176m▀[0m[38;2;247;221;233m[48;2;246;220;232m▀[0m[38;2;241;219;230m[48;2;247;222;234m▀[0m[38;2;68;179;181m[48;2;241;216;231m▀[0m[38;2;246;220;232m[48;2;247;221;233m▀[0m[38;2;187;45;91m[48;2;188;44;91m▀[0m[38;2;185;41;86m[48;2;191;52;99m▀[0m[38;2;224;119;171m[48;2;227;124;174m▀[0m[38;2;226;123;173m[48;2;228;125;174m▀[0m[38;2;226;123;173m[48;2;228;125;174m▀[0m[38;2;224;118;170m[48;2;226;119;168m▀[0m[38;2;187;45;91m[48;2;190;44;91m▀[0m[38;2;188;45;91m[48;2;45;48;45m▀[0m[38;2;60;58;57m[48;2;60;57;57m▀[0m[38;2;6;3;3m▀[0m    
      [38;2;95;88;83m[48;2;32;29;28m▀[0m[38;2;198;93;113m[48;2;69;64;61m▀[0m[38;2;201;100;118m[48;2;190;58;96m▀[0m[38;2;232;157;191m[48;2;219;111;160m▀[0m[38;2;222;136;176m[48;2;227;122;173m▀[0m[38;2;169;100;133m[48;2;224;120;172m▀[0m[38;2;228;129;176m[48;2;226;120;172m▀[0m[38;2;225;121;173m[48;2;188;45;91m▀[0m[38;2;68;179;182m[48;2;231;211;223m▀[0m[38;2;250;223;235m[48;2;226;222;234m▀[0m[38;2;137;133;128m[48;2;30;28;27m▀[0m[38;2;111;110;109m[48;2;61;60;60m▀[0m[38;2;252;253;255m[48;2;211;213;214m▀[0m[38;2;12;11;11m[48;2;162;155;151m▀[0m[38;2;44;41;41m[48;2;164;157;153m▀[0m[38;2;93;88;87m[48;2;106;60;81m▀[0m[38;2;234;126;180m[48;2;229;125;174m▀[0m[38;2;249;223;234m[48;2;243;218;232m▀[0m[38;2;249;224;235m[48;2;253;226;238m▀[0m[38;2;254;227;239m[48;2;69;182;185m▀[0m[38;2;229;124;174m[48;2;227;124;174m▀[0m[38;2;228;125;174m[48;2;224;121;173m▀[0m[38;2;224;122;173m[48;2;226;123;173m▀[0m[38;2;227;125;174m[48;2;227;125;174m▀[0m[38;2;225;122;173m[48;2;188;43;89m▀[0m[38;2;188;45;91m[48;2;195;46;94m▀[0m[38;2;193;45;93m▀[0m[38;2;61;59;58m▀[0m      
       [38;2;58;57;56m▀[0m[38;2;184;44;89m[48;2;60;57;57m▀[0m[38;2;188;45;91m[48;2;192;46;93m▀[0m[38;2;226;122;173m[48;2;189;44;92m▀[0m[38;2;224;121;172m[48;2;228;125;174m▀[0m[38;2;226;123;173m[48;2;225;122;173m▀[0m[38;2;188;44;90m[48;2;225;122;173m▀[0m[38;2;218;132;160m[48;2;228;125;174m▀[0m[38;2;248;223;234m[48;2;69;183;185m▀[0m[38;2;211;213;215m[48;2;248;223;236m▀[0m[38;2;83;76;78m[48;2;220;150;185m▀[0m[38;2;175;114;115m[48;2;54;33;41m▀[0m[38;2;163;156;152m[48;2;242;141;198m▀[0m[38;2;160;153;148m[48;2;106;98;92m▀[0m[38;2;226;123;174m[48;2;228;124;174m▀[0m[38;2;227;125;174m[48;2;226;123;173m▀[0m[38;2;249;223;235m[48;2;226;124;174m▀[0m[38;2;252;236;245m[48;2;226;123;173m▀[0m[38;2;57;170;169m[48;2;225;121;172m▀[0m[38;2;74;43;57m[48;2;227;124;173m▀[0m[38;2;187;103;145m[48;2;227;123;174m▀[0m[38;2;236;129;180m[48;2;226;123;173m▀[0m[38;2;226;123;173m[48;2;225;124;173m▀[0m[38;2;235;205;225m[48;2;232;204;223m▀[0m[38;2;236;199;220m[48;2;234;203;223m▀[0m[38;2;198;47;96m[48;2;188;45;91m▀[0m[38;2;36;33;33m[48;2;194;46;94m▀[0m[38;2;60;57;56m▄[0m     
         [38;2;57;55;54m▀[0m[38;2;66;27;38m▀[0m[38;2;189;45;91m▀[0m[38;2;227;124;174m▀[0m[38;2;227;123;173m▀[0m[38;2;227;124;174m[48;2;13;3;6m▀[0m[38;2;227;124;174m[48;2;238;206;226m▀[0m[38;2;70;184;187m[48;2;228;125;174m▀[0m[38;2;238;130;182m[48;2;227;124;174m▀[0m[38;2;236;129;180m[48;2;224;119;171m▀[0m[38;2;48;45;44m[48;2;246;131;187m▀[0m[38;2;51;50;49m[48;2;211;212;214m▀[0m[38;2;224;225;227m[48;2;22;22;21m▀[0m[38;2;224;120;172m[48;2;186;98;140m▀[0m[38;2;226;122;173m[48;2;225;119;170m▀[0m[38;2;225;120;172m[48;2;224;119;171m▀[0m[38;2;225;122;173m[48;2;225;120;171m▀[0m[38;2;225;120;172m[48;2;226;122;172m▀[0m[38;2;224;121;172m[48;2;226;122;173m▀[0m[38;2;225;122;173m[48;2;223;119;171m▀[0m[38;2;226;122;173m[48;2;225;122;172m▀[0m[38;2;229;163;198m[48;2;225;121;173m▀[0m[38;2;233;203;223m[48;2;233;202;222m▀[0m[38;2;187;44;90m[48;2;187;41;87m▀[0m[38;2;188;45;91m[48;2;188;45;91m▀[0m[38;2;60;57;56m[48;2;59;57;57m▀[0m[38;2;33;31;31m[48;2;59;57;57m▀[0m    
            [38;2;9;6;6m[48;2;60;57;57m▀[0m[38;2;189;45;92m[48;2;189;44;92m▀[0m[38;2;191;53;96m[48;2;186;40;87m▀[0m[38;2;230;199;220m[48;2;229;198;219m▀[0m[38;2;224;120;171m[48;2;225;120;172m▀[0m[38;2;224;120;172m[48;2;105;98;91m▀[0m[38;2;71;39;54m[48;2;8;9;7m▀[0m[38;2;164;143;116m[48;2;225;123;173m▀[0m[38;2;148;143;135m[48;2;129;129;128m▀[0m[38;2;206;186;157m[48;2;60;58;57m▀[0m[38;2;94;91;90m[48;2;89;85;84m▀[0m[38;2;223;120;171m[48;2;199;108;153m▀[0m[38;2;224;119;171m[48;2;226;121;172m▀[0m[38;2;225;122;173m[48;2;225;119;171m▀[0m[38;2;109;61;84m[48;2;225;119;171m▀[0m[38;2;239;127;182m[48;2;225;120;172m▀[0m[38;2;225;121;172m[48;2;226;123;173m▀[0m[38;2;225;119;171m[48;2;229;125;175m▀[0m[38;2;228;147;188m[48;2;63;21;33m▀[0m[38;2;233;202;222m[48;2;188;45;91m▀[0m[38;2;187;41;88m[48;2;188;45;91m▀[0m[38;2;185;46;91m[48;2;188;46;91m▀[0m[38;2;58;57;56m[48;2;78;72;70m▀[0m[38;2;65;62;61m[48;2;83;77;73m▀[0m    
            [38;2;60;57;56m[48;2;60;57;56m▀[0m[38;2;151;38;74m[48;2;62;59;58m▀[0m[38;2;185;45;91m[48;2;186;45;91m▀[0m[38;2;230;197;218m[48;2;234;206;227m▀[0m[38;2;225;118;170m[48;2;189;45;91m▀[0m[38;2;224;121;172m[48;2;229;125;174m▀[0m[38;2;225;122;172m[48;2;227;122;173m▀[0m[38;2;226;121;172m[48;2;224;121;172m▀[0m[38;2;226;124;174m[48;2;226;121;172m▀[0m[38;2;104;97;91m[48;2;232;125;177m▀[0m[38;2;90;85;84m▀[0m [38;2;225;122;173m▀[0m[38;2;226;121;172m[48;2;227;124;174m▀[0m[38;2;225;122;173m[48;2;226;123;173m▀[0m[38;2;226;124;173m[48;2;225;121;172m▀[0m[38;2;227;122;173m[48;2;227;124;173m▀[0m[38;2;226;123;173m[48;2;235;205;225m▀[0m[38;2;212;131;160m[48;2;236;206;225m▀[0m[38;2;189;45;92m[48;2;192;64;102m▀[0m[38;2;189;53;94m[48;2;192;65;99m▀[0m[38;2;87;32;47m[48;2;135;63;76m▀[0m[38;2;99;91;86m[48;2;104;96;90m▀[0m[38;2;105;96;90m[48;2;84;78;73m▀[0m    
            [38;2;50;48;47m▀[0m[38;2;60;58;57m[48;2;60;58;57m▀[0m[38;2;189;44;91m[48;2;54;56;53m▀[0m[38;2;189;44;91m[48;2;59;21;32m▀[0m[38;2;197;46;95m[48;2;188;45;91m▀[0m[38;2;227;151;190m[48;2;236;206;226m▀[0m[38;2;226;122;173m[48;2;232;202;222m▀[0m[38;2;226;122;173m[48;2;227;124;174m▀[0m[38;2;224;121;172m[48;2;226;124;174m▀[0m[38;2;227;124;174m[48;2;104;58;80m▀[0m    [38;2;228;124;174m▀[0m[38;2;228;128;176m[48;2;241;216;227m▀[0m[38;2;239;213;227m[48;2;241;217;228m▀[0m[38;2;239;214;227m[48;2;239;215;227m▀[0m[38;2;235;207;222m[48;2;204;106;121m▀[0m[38;2;200;99;117m[48;2;205;106;121m▀[0m[38;2;198;93;113m[48;2;89;83;78m▀[0m[38;2;104;97;90m[48;2;105;97;90m▀[0m[38;2;104;96;90m[48;2;104;97;90m▀[0m     
             [38;2;54;53;52m▀[0m[38;2;60;58;57m[48;2;70;67;64m▀[0m[38;2;169;41;82m[48;2;69;65;63m▀[0m[38;2;189;44;91m[48;2;15;18;16m▀[0m[38;2;201;86;123m[48;2;190;59;96m▀[0m[38;2;237;206;225m[48;2;195;75;104m▀[0m[38;2;235;204;225m[48;2;200;92;112m▀[0m[38;2;236;206;226m[48;2;211;135;147m▀[0m       [38;2;237;223;232m▀[0m[38;2;205;106;121m▀[0m[38;2;204;106;121m[48;2;102;93;88m▀[0m[38;2;58;37;39m[48;2;104;96;90m▀[0m[38;2;104;96;90m[48;2;104;96;90m▀[0m[38;2;104;96;90m▀[0m      
               [38;2;107;99;93m▀[0m[38;2;104;97;90m▀[0m[38;2;101;92;86m[48;2;108;101;94m▀[0m[38;2;58;30;35m[48;2;104;96;90m▀[0m[38;2;207;108;125m[48;2;104;96;90m▀[0m[38;2;46;25;28m▀[0m                   
                                        
