                                        
              [38;2;134;110;124m▄[0m        [38;2;255;216;229m▄[0m[38;2;248;214;225m▄[0m[38;2;224;186;210m▄[0m              
            [38;2;0;0;0m[48;2;115;96;100m▀[0m[38;2;224;185;208m[48;2;226;188;212m▀[0m[38;2;225;186;211m[48;2;220;182;208m▀[0m[38;2;221;175;207m[48;2;255;128;130m▀[0m[38;2;224;176;209m[48;2;230;167;214m▀[0m[38;2;255;128;129m▄[0m[38;2;255;136;137m▄[0m[38;2;255;125;127m▄[0m[38;2;255;125;126m▄[0m[38;2;255;128;129m▄[0m[38;2;221;183;209m[48;2;218;180;206m▀[0m[38;2;224;185;211m[48;2;221;116;115m▀[0m[38;2;222;184;208m[48;2;76;36;37m▀[0m[38;2;224;185;209m[48;2;207;148;190m▀[0m[38;2;215;165;200m[48;2;162;115;153m▀[0m[38;2;202;143;189m▄[0m            
          [38;2;161;110;139m▄[0m[38;2;212;156;195m[48;2;169;120;135m▀[0m[38;2;211;153;195m[48;2;173;120;158m▀[0m[38;2;245;123;122m[48;2;168;146;198m▀[0m[38;2;255;125;128m[48;2;242;207;219m▀[0m[38;2;255;129;131m[48;2;255;125;125m▀[0m[38;2;254;244;174m[48;2;233;119;123m▀[0m[38;2;246;117;121m[48;2;255;125;126m▀[0m[38;2;138;62;63m[48;2;211;94;95m▀[0m[38;2;248;218;230m[48;2;202;86;86m▀[0m[38;2;251;218;231m[48;2;186;170;209m▀[0m[38;2;255;126;128m[48;2;219;98;102m▀[0m[38;2;255;125;126m[48;2;255;123;125m▀[0m[38;2;255;126;129m[48;2;255;125;127m▀[0m[38;2;255;126;128m[48;2;255;127;127m▀[0m[38;2;71;51;65m[48;2;255;126;126m▀[0m[38;2;207;147;190m▀[0m[38;2;202;143;188m[48;2;64;45;56m▀[0m[38;2;213;153;195m[48;2;165;113;143m▀[0m           
          [38;2;160;109;139m[48;2;166;114;143m▀[0m[38;2;88;56;74m[48;2;255;95;125m▀[0m[38;2;255;125;126m[48;2;255;112;119m▀[0m[38;2;149;123;185m[48;2;115;88;155m▀[0m[38;2;255;127;128m[48;2;248;206;219m▀[0m[38;2;255;126;128m[48;2;252;253;255m▀[0m[38;2;255;122;126m[48;2;203;203;203m▀[0m[38;2;255;77;111m[48;2;253;255;255m▀[0m[38;2;255;88;113m[48;2;255;255;255m▀[0m[38;2;255;125;127m[48;2;111;86;150m▀[0m[38;2;167;145;197m[48;2;242;93;121m▀[0m[38;2;255;83;112m[48;2;255;117;125m▀[0m[38;2;255;249;177m[48;2;255;97;118m▀[0m[38;2;255;249;177m[48;2;255;115;122m▀[0m[38;2;255;127;129m[48;2;255;125;126m▀[0m[38;2;255;126;128m[48;2;255;125;127m▀[0m[38;2;255;125;127m[48;2;175;88;89m▀[0m [38;2;99;69;81m[48;2;164;111;143m▀[0m           
          [38;2;171;116;148m[48;2;255;81;121m▀[0m[38;2;255;82;119m[48;2;243;69;103m▀[0m[38;2;255;79;110m[48;2;217;167;202m▀[0m[38;2;85;58;115m[48;2;79;86;86m▀[0m[38;2;154;160;161m[48;2;246;249;251m▀[0m[38;2;244;245;244m[48;2;245;249;253m▀[0m[38;2;245;249;253m[48;2;141;114;180m▀[0m[38;2;240;241;243m[48;2;112;87;152m▀[0m[38;2;154;146;149m[48;2;60;51;84m▀[0m[38;2;55;35;79m[48;2;246;249;252m▀[0m[38;2;255;79;110m[48;2;40;28;29m▀[0m[38;2;255;79;111m[48;2;255;73;110m▀[0m[38;2;255;123;129m[48;2;220;174;209m▀[0m[38;2;224;185;209m[48;2;238;194;224m▀[0m[38;2;224;185;209m[48;2;251;213;227m▀[0m[38;2;126;110;127m[48;2;208;152;194m▀[0m[38;2;255;125;125m[48;2;247;73;107m▀[0m             
       [38;2;165;147;192m▄[0m   [38;2;238;197;212m[48;2;74;61;67m▀[0m[38;2;246;249;251m[48;2;252;255;255m▀[0m[38;2;255;74;109m[48;2;255;74;109m▀[0m[38;2;226;226;225m[48;2;123;36;50m▀[0m[38;2;245;246;247m[48;2;211;206;204m▀[0m[38;2;115;89;154m[48;2;193;185;182m▀[0m[38;2;189;189;189m[48;2;69;47;46m▀[0m[38;2;231;230;230m[48;2;255;128;130m▀[0m[38;2;212;82;102m[48;2;255;247;170m▀[0m[38;2;255;77;116m[48;2;255;116;120m▀[0m[38;2;247;253;255m[48;2;199;47;74m▀[0m[38;2;243;69;103m[48;2;252;255;255m▀[0m[38;2;213;156;196m[48;2;161;110;142m▀[0m[38;2;206;147;190m[48;2;166;112;142m▀[0m[38;2;163;111;143m[48;2;184;128;147m▀[0m[38;2;161;110;139m▀[0m             
       [38;2;169;148;198m[48;2;167;145;197m▀[0m[38;2;174;153;201m▄[0m  [38;2;168;122;154m[48;2;5;3;5m▀[0m[38;2;69;67;68m[48;2;216;153;199m▀[0m[38;2;255;73;108m[48;2;196;52;77m▀[0m[38;2;255;75;110m[48;2;230;60;87m▀[0m[38;2;255;82;110m[48;2;255;72;108m▀[0m[38;2;255;73;109m[48;2;221;58;85m▀[0m[38;2;255;101;116m[48;2;229;60;86m▀[0m[38;2;255;108;119m[48;2;223;60;85m▀[0m[38;2;67;68;38m[48;2;211;57;79m▀[0m[38;2;255;74;108m[48;2;223;58;84m▀[0m[38;2;228;59;87m▀[0m[38;2;244;248;253m▀[0m[38;2;207;212;210m▀[0m[38;2;164;112;142m[48;2;161;110;141m▀[0m       [38;2;154;136;180m▄[0m[38;2;124;103;151m[48;2;166;144;196m▀[0m[38;2;167;145;197m[48;2;168;146;198m▀[0m     
      [38;2;196;196;197m▄[0m[38;2;167;145;197m[48;2;161;144;187m▀[0m[38;2;169;148;198m[48;2;170;149;199m▀[0m   [38;2;244;179;207m[48;2;216;154;200m▀[0m [38;2;113;108;107m▄[0m[38;2;17;7;8m[48;2;116;109;107m▀[0m[38;2;139;144;153m[48;2;104;98;97m▀[0m [38;2;160;44;62m▀[0m     [38;2;162;111;140m[48;2;162;111;140m▀[0m      [38;2;54;40;76m▄[0m[38;2;167;145;197m[48;2;169;148;198m▀[0m[38;2;168;146;197m[48;2;169;148;198m▀[0m[38;2;174;156;199m▀[0m     
        [38;2;241;242;245m[48;2;166;144;196m▀[0m[38;2;242;244;246m▀[0m[38;2;246;247;247m▀[0m[38;2;194;194;194m[48;2;239;239;239m▀[0m[38;2;207;146;192m[48;2;1;1;1m▀[0m[38;2;244;247;251m▀[0m[38;2;22;68;91m[48;2;4;1;1m▀[0m[38;2;42;115;135m[48;2;29;21;39m▀[0m[38;2;105;104;104m[48;2;237;237;238m▀[0m[38;2;119;91;160m▄[0m      [38;2;187;128;150m▀[0m      [38;2;51;39;72m[48;2;176;156;203m▀[0m[38;2;168;146;198m▀[0m[38;2;0;0;0m▀[0m      
        [38;2;56;43;78m▀[0m[38;2;166;143;196m[48;2;151;133;176m▀[0m[38;2;112;86;151m▄[0m    [38;2;104;79;141m[48;2;112;86;151m▀[0m[38;2;246;247;247m[48;2;245;246;247m▀[0m[38;2;117;90;157m[48;2;111;86;150m▀[0m[38;2;111;86;150m[48;2;112;86;151m▀[0m[38;2;30;21;41m[48;2;112;86;151m▀[0m        [38;2;108;83;145m▄[0m[38;2;160;136;192m▄[0m[38;2;179;162;203m[48;2;168;146;198m▀[0m[38;2;57;49;73m[48;2;65;51;85m▀[0m        
         [38;2;116;88;155m[48;2;111;86;150m▀[0m[38;2;111;86;150m[48;2;34;29;47m▀[0m[38;2;111;86;150m[48;2;111;86;150m▀[0m[38;2;113;87;153m[48;2;111;86;150m▀[0m[38;2;111;86;150m▄[0m  [38;2;100;76;136m▀[0m[38;2;92;70;127m[48;2;87;66;121m▀[0m[38;2;87;67;120m[48;2;105;80;144m▀[0m[38;2;110;84;149m[48;2;110;84;149m▀[0m   [38;2;113;87;152m▄[0m[38;2;110;84;149m▄[0m[38;2;110;85;150m▄[0m[38;2;111;86;150m[48;2;110;84;149m▀[0m[38;2;110;84;149m[48;2;110;84;149m▀[0m[38;2;111;85;150m[48;2;110;85;150m▀[0m[38;2;111;86;150m[48;2;111;86;150m▀[0m[38;2;159;135;192m[48;2;128;99;169m▀[0m         
          [38;2;120;92;160m[48;2;110;84;149m▀[0m[38;2;111;86;150m[48;2;28;27;37m▀[0m[38;2;110;85;150m[48;2;110;84;149m▀[0m[38;2;111;85;150m[48;2;111;86;150m▀[0m[38;2;110;85;150m[48;2;111;86;150m▀[0m[38;2;113;86;151m▄[0m [38;2;87;67;120m[48;2;111;86;150m▀[0m[38;2;110;84;149m[48;2;111;86;150m▀[0m  [38;2;110;84;149m▄[0m[38;2;110;84;149m[48;2;111;86;150m▀[0m[38;2;111;85;150m[48;2;111;86;150m▀[0m[38;2;111;86;150m[48;2;111;86;150m▀[0m[38;2;110;84;149m[48;2;111;86;150m▀[0m[38;2;111;86;150m[48;2;110;85;150m▀[0m[38;2;111;86;150m[48;2;111;86;150m▀[0m[38;2;111;86;150m[48;2;111;86;150m▀[0m[38;2;111;86;150m▀[0m          
          [38;2;121;93;161m▀[0m[38;2;22;21;31m[48;2;111;86;150m▀[0m[38;2;111;86;150m[48;2;62;47;86m▀[0m[38;2;111;86;150m[48;2;111;85;150m▀[0m[38;2;111;86;150m[48;2;41;31;58m▀[0m[38;2;111;86;150m[48;2;111;86;150m▀[0m [38;2;111;86;150m[48;2;110;84;149m▀[0m[38;2;83;64;115m▀[0m [38;2;74;56;105m[48;2;111;86;150m▀[0m[38;2;111;86;150m[48;2;112;86;151m▀[0m[38;2;111;86;150m[48;2;57;43;80m▀[0m[38;2;111;86;150m[48;2;110;84;149m▀[0m[38;2;111;86;150m[48;2;114;87;153m▀[0m[38;2;110;85;150m[48;2;111;86;150m▀[0m[38;2;111;86;150m[48;2;111;86;150m▀[0m[38;2;111;86;150m[48;2;111;86;150m▀[0m[38;2;120;92;160m▀[0m           
           [38;2;78;59;109m▀[0m[38;2;97;74;132m[48;2;30;24;42m▀[0m[38;2;91;69;125m[48;2;36;28;51m▀[0m[38;2;94;72;130m[48;2;68;56;93m▀[0m[38;2;88;66;121m[48;2;85;65;118m▀[0m[38;2;49;43;67m▄[0m[38;2;90;68;124m[48;2;87;65;119m▀[0m [38;2;96;72;131m[48;2;85;65;117m▀[0m[38;2;92;70;127m[48;2;84;64;115m▀[0m[38;2;86;65;118m[48;2;84;64;117m▀[0m[38;2;85;64;118m[48;2;84;64;115m▀[0m[38;2;86;66;120m[48;2;38;28;54m▀[0m[38;2;84;64;115m[48;2;22;28;29m▀[0m[38;2;92;69;126m[48;2;87;66;120m▀[0m[38;2;104;79;141m▀[0m             
             [38;2;85;64;117m▀[0m[38;2;72;57;99m[48;2;84;64;115m▀[0m[38;2;84;64;116m[48;2;84;64;115m▀[0m[38;2;84;64;116m[48;2;84;64;117m▀[0m[38;2;85;65;119m[48;2;84;64;117m▀[0m[38;2;89;67;122m[48;2;86;65;118m▀[0m[38;2;84;64;115m[48;2;86;65;118m▀[0m[38;2;84;64;115m[48;2;86;65;118m▀[0m[38;2;84;64;115m[48;2;86;65;118m▀[0m[38;2;84;64;116m▀[0m[38;2;88;67;121m▀[0m                
                [38;2;88;67;122m[48;2;84;64;116m▀[0m[38;2;73;55;102m[48;2;86;66;120m▀[0m[38;2;86;65;118m[48;2;87;67;120m▀[0m[38;2;61;47;85m▀[0m                    
               [38;2;88;67;121m[48;2;86;65;118m▀[0m[38;2;86;65;119m[48;2;10;8;8m▀[0m [38;2;85;65;117m[48;2;21;18;26m▀[0m[38;2;85;65;117m[48;2;86;65;118m▀[0m                    
                                        
                                        
