                                        
             [38;2;92;80;104m▄[0m[38;2;96;89;108m[48;2;91;78;104m▀[0m[38;2;0;0;0m▀[0m[38;2;92;79;105m▄[0m                       
        [38;2;12;10;14m[48;2;9;8;11m▀[0m[38;2;66;56;75m[48;2;91;79;104m▀[0m [38;2;91;78;104m▄[0m[38;2;91;78;104m[48;2;91;78;104m▀[0m[38;2;92;79;104m[48;2;91;78;104m▀[0m[38;2;43;35;49m[48;2;89;78;101m▀[0m[38;2;91;78;104m[48;2;89;78;102m▀[0m[38;2;91;79;103m[48;2;90;79;102m▀[0m[38;2;93;82;106m[48;2;90;79;102m▀[0m[38;2;3;3;3m[48;2;90;79;102m▀[0m[38;2;90;79;102m▄[0m[38;2;89;81;101m▄[0m                   
         [38;2;90;78;103m[48;2;90;79;102m▀[0m[38;2;4;3;4m[48;2;94;83;105m▀[0m[38;2;90;79;102m[48;2;89;78;101m▀[0m[38;2;90;79;102m[48;2;90;79;102m▀[0m[38;2;90;79;102m[48;2;90;79;102m▀[0m[38;2;90;79;102m[48;2;90;79;102m▀[0m[38;2;90;79;102m[48;2;90;79;102m▀[0m[38;2;90;79;102m[48;2;91;78;104m▀[0m[38;2;90;79;102m[48;2;90;79;102m▀[0m[38;2;90;79;102m[48;2;86;74;97m▀[0m[38;2;90;79;102m[48;2;83;72;94m▀[0m[38;2;92;79;104m[48;2;54;46;59m▀[0m[38;2;90;79;102m▀[0m[38;2;58;52;65m▀[0m                 
        [38;2;88;78;100m▀[0m[38;2;33;28;37m[48;2;88;78;100m▀[0m[38;2;90;79;102m[48;2;87;75;98m▀[0m[38;2;86;76;98m[48;2;87;75;98m▀[0m[38;2;87;78;99m[48;2;87;75;98m▀[0m[38;2;90;79;102m[48;2;84;74;96m▀[0m[38;2;87;75;97m[48;2;87;75;98m▀[0m[38;2;87;76;98m[48;2;87;75;98m▀[0m[38;2;87;77;99m[48;2;88;76;99m▀[0m[38;2;87;75;98m[48;2;36;30;41m▀[0m[38;2;86;74;97m[48;2;87;76;98m▀[0m[38;2;87;75;98m[48;2;87;76;97m▀[0m[38;2;87;75;98m[48;2;87;76;97m▀[0m[38;2;84;73;96m[48;2;90;77;101m▀[0m[38;2;93;81;106m▄[0m                 
        [38;2;88;77;100m▄[0m[38;2;84;73;96m[48;2;88;77;100m▀[0m[38;2;89;78;101m[48;2;93;86;108m▀[0m[38;2;87;75;98m[48;2;87;78;99m▀[0m[38;2;87;75;98m[48;2;61;52;71m▀[0m[38;2;87;76;97m[48;2;87;76;97m▀[0m[38;2;94;87;105m[48;2;87;75;98m▀[0m[38;2;90;78;103m[48;2;86;75;97m▀[0m[38;2;91;78;104m[48;2;92;85;103m▀[0m[38;2;87;76;97m[48;2;83;73;96m▀[0m[38;2;87;76;97m[48;2;83;73;96m▀[0m[38;2;82;71;93m[48;2;86;75;97m▀[0m[38;2;86;74;98m[48;2;49;42;57m▀[0m[38;2;0;0;0m[48;2;50;44;58m▀[0m                  
       [38;2;74;68;83m▄[0m [38;2;50;44;58m[48;2;15;13;16m▀[0m[38;2;186;184;184m[48;2;236;235;233m▀[0m[38;2;86;74;97m[48;2;56;50;63m▀[0m[38;2;146;128;174m[48;2;220;220;220m▀[0m[38;2;108;104;101m[48;2;116;112;111m▀[0m[38;2;83;73;96m[48;2;219;217;217m▀[0m[38;2;84;73;95m[48;2;85;73;97m▀[0m[38;2;84;73;96m[48;2;87;75;98m▀[0m[38;2;82;70;94m[48;2;86;74;97m▀[0m[38;2;50;44;58m[48;2;51;44;59m▀[0m[38;2;51;44;59m[48;2;15;13;17m▀[0m[38;2;51;44;59m[48;2;50;44;58m▀[0m[38;2;51;44;59m▀[0m[38;2;34;28;38m▀[0m     [38;2;0;0;0m▄[0m[38;2;0;0;0m▄[0m          
         [38;2;217;217;217m▀[0m[38;2;217;217;217m[48;2;39;34;45m▀[0m[38;2;218;217;217m[48;2;39;34;45m▀[0m[38;2;218;217;217m[48;2;45;39;52m▀[0m[38;2;224;224;223m[48;2;39;34;45m▀[0m[38;2;7;6;9m[48;2;14;11;15m▀[0m[38;2;87;75;98m[48;2;87;76;97m▀[0m[38;2;87;75;97m[48;2;87;75;98m▀[0m[38;2;87;75;97m[48;2;87;76;97m▀[0m[38;2;51;44;59m[48;2;36;31;41m▀[0m         [38;2;71;61;81m[48;2;92;79;104m▀[0m[38;2;90;78;103m[48;2;91;79;104m▀[0m[38;2;94;83;107m[48;2;76;70;84m▀[0m         
         [38;2;27;23;31m▄[0m[38;2;39;33;44m[48;2;46;39;52m▀[0m[38;2;40;34;45m[48;2;40;34;45m▀[0m[38;2;50;44;58m[48;2;13;11;14m▀[0m[38;2;56;48;64m[48;2;50;44;58m▀[0m[38;2;65;56;74m[48;2;88;77;99m▀[0m[38;2;87;76;97m[48;2;87;75;98m▀[0m[38;2;87;76;98m[48;2;87;76;98m▀[0m[38;2;87;76;98m[48;2;87;76;99m▀[0m[38;2;85;73;96m[48;2;83;73;96m▀[0m         [38;2;91;78;104m[48;2;90;79;102m▀[0m[38;2;89;78;102m[48;2;90;79;102m▀[0m[38;2;94;84;105m[48;2;90;79;102m▀[0m[38;2;0;0;0m[48;2;49;42;55m▀[0m        
         [38;2;51;44;59m[48;2;51;44;59m▀[0m[38;2;50;43;58m[48;2;51;44;59m▀[0m[38;2;51;44;59m[48;2;49;42;56m▀[0m[38;2;86;74;97m[48;2;87;75;98m▀[0m[38;2;87;75;98m[48;2;83;73;96m▀[0m[38;2;90;78;101m[48;2;88;77;100m▀[0m[38;2;85;74;97m[48;2;87;77;98m▀[0m[38;2;83;73;96m[48;2;87;77;99m▀[0m[38;2;83;73;95m[48;2;87;75;98m▀[0m[38;2;84;73;96m[48;2;90;79;102m▀[0m [38;2;87;78;100m▄[0m     [38;2;68;58;77m▄[0m[38;2;10;8;10m[48;2;90;79;102m▀[0m[38;2;90;79;102m[48;2;89;78;101m▀[0m[38;2;91;78;104m[48;2;92;79;104m▀[0m[38;2;91;78;104m[48;2;92;79;105m▀[0m[38;2;73;62;82m[48;2;42;36;45m▀[0m        
         [38;2;50;44;58m[48;2;51;44;59m▀[0m[38;2;50;44;58m[48;2;89;79;101m▀[0m[38;2;14;11;14m[48;2;91;79;102m▀[0m[38;2;83;72;94m[48;2;86;74;97m▀[0m[38;2;83;73;96m[48;2;86;74;98m▀[0m[38;2;93;80;105m[48;2;77;74;87m▀[0m[38;2;90;79;102m[48;2;90;79;102m▀[0m[38;2;88;78;100m[48;2;90;79;102m▀[0m[38;2;90;79;102m[48;2;89;78;101m▀[0m[38;2;90;79;102m[48;2;90;79;102m▀[0m[38;2;96;93;107m[48;2;90;79;102m▀[0m[38;2;87;78;99m▄[0m[38;2;15;13;18m[48;2;91;78;103m▀[0m[38;2;91;79;103m▀[0m  [38;2;33;28;36m[48;2;87;75;98m▀[0m[38;2;92;79;105m[48;2;87;76;97m▀[0m[38;2;92;79;105m[48;2;87;76;97m▀[0m[38;2;92;79;105m[48;2;87;75;98m▀[0m[38;2;91;78;104m[48;2;86;74;97m▀[0m[38;2;86;74;97m[48;2;87;75;98m▀[0m[38;2;87;77;99m[48;2;85;74;97m▀[0m        
         [38;2;50;44;58m[48;2;49;43;57m▀[0m[38;2;9;8;11m[48;2;50;44;58m▀[0m[38;2;91;78;104m[48;2;61;57;69m▀[0m[38;2;87;78;100m[48;2;91;78;104m▀[0m[38;2;88;77;100m[48;2;91;78;104m▀[0m[38;2;32;27;36m[48;2;77;69;89m▀[0m[38;2;90;79;102m[48;2;91;78;104m▀[0m[38;2;88;78;100m[48;2;91;78;104m▀[0m[38;2;91;78;104m[48;2;91;79;104m▀[0m[38;2;91;78;104m[48;2;92;79;104m▀[0m[38;2;92;79;105m[48;2;10;8;11m▀[0m[38;2;94;81;105m[48;2;92;83;107m▀[0m[38;2;83;74;94m[48;2;87;76;97m▀[0m[38;2;58;51;67m[48;2;89;78;101m▀[0m[38;2;95;83;106m[48;2;92;80;104m▀[0m[38;2;91;79;104m[48;2;92;80;104m▀[0m[38;2;89;78;100m[48;2;91;79;104m▀[0m[38;2;87;75;98m[48;2;92;79;104m▀[0m[38;2;87;75;98m[48;2;87;76;97m▀[0m[38;2;87;75;98m[48;2;56;47;64m▀[0m[38;2;81;70;91m[48;2;50;44;58m▀[0m[38;2;51;43;59m[48;2;31;26;35m▀[0m         
         [38;2;61;53;70m▀[0m[38;2;53;46;61m[48;2;5;4;5m▀[0m[38;2;91;78;104m▀[0m[38;2;92;80;104m[48;2;84;75;97m▀[0m[38;2;87;75;97m[48;2;86;74;97m▀[0m[38;2;87;76;98m[48;2;87;75;97m▀[0m[38;2;91;78;104m[48;2;91;79;104m▀[0m[38;2;91;78;104m[48;2;91;78;104m▀[0m[38;2;91;79;104m[48;2;61;55;70m▀[0m[38;2;92;79;104m[48;2;88;77;100m▀[0m[38;2;63;59;71m[48;2;88;78;100m▀[0m[38;2;87;76;98m[48;2;86;74;97m▀[0m[38;2;87;76;99m[48;2;86;74;97m▀[0m[38;2;87;77;98m[48;2;84;72;95m▀[0m[38;2;90;78;103m[48;2;84;73;96m▀[0m[38;2;91;78;104m[48;2;85;73;96m▀[0m[38;2;91;78;104m[48;2;87;76;98m▀[0m[38;2;91;78;104m[48;2;90;79;102m▀[0m[38;2;20;16;20m[48;2;87;77;99m▀[0m[38;2;50;44;58m[48;2;0;0;0m▀[0m[38;2;28;23;30m▀[0m[38;2;47;40;54m▀[0m         
            [38;2;65;56;75m[48;2;51;44;59m▀[0m[38;2;88;77;99m[48;2;58;49;65m▀[0m[38;2;88;77;100m[48;2;86;74;97m▀[0m[38;2;88;77;99m[48;2;86;74;97m▀[0m[38;2;87;76;98m[48;2;85;73;96m▀[0m[38;2;87;75;98m[48;2;86;74;97m▀[0m[38;2;90;79;102m[48;2;89;78;101m▀[0m[38;2;87;78;99m[48;2;90;79;102m▀[0m[38;2;85;73;96m[48;2;86;74;97m▀[0m[38;2;83;72;94m[48;2;85;74;97m▀[0m[38;2;83;72;94m[48;2;83;73;96m▀[0m[38;2;84;73;96m[48;2;86;74;97m▀[0m[38;2;83;73;96m[48;2;85;73;96m▀[0m[38;2;87;75;98m[48;2;85;73;96m▀[0m[38;2;83;72;94m[48;2;84;73;96m▀[0m[38;2;83;73;95m[48;2;83;72;94m▀[0m            
            [38;2;51;44;59m[48;2;52;44;59m▀[0m[38;2;50;44;58m[48;2;50;44;58m▀[0m[38;2;50;44;58m[48;2;50;44;58m▀[0m[38;2;50;43;57m[48;2;50;44;58m▀[0m[38;2;83;72;94m[48;2;50;44;58m▀[0m[38;2;89;78;101m[48;2;87;78;99m▀[0m[38;2;91;78;103m[48;2;89;78;101m▀[0m[38;2;90;79;102m[48;2;89;78;101m▀[0m[38;2;19;17;22m[48;2;9;8;11m▀[0m[38;2;83;73;96m[48;2;50;44;58m▀[0m[38;2;86;74;97m[48;2;44;38;50m▀[0m[38;2;15;11;16m[48;2;44;38;50m▀[0m[38;2;85;73;96m[48;2;88;76;99m▀[0m[38;2;82;71;93m[48;2;85;73;96m▀[0m[38;2;87;75;98m[48;2;87;75;98m▀[0m[38;2;87;75;98m[48;2;87;75;98m▀[0m[38;2;10;9;13m[48;2;87;75;98m▀[0m           
            [38;2;37;31;41m[48;2;39;33;43m▀[0m[38;2;50;44;58m[48;2;51;44;59m▀[0m[38;2;48;40;54m[48;2;51;44;59m▀[0m[38;2;16;14;18m[48;2;50;44;58m▀[0m[38;2;35;30;39m▀[0m[38;2;88;77;100m[48;2;86;74;97m▀[0m[38;2;88;78;100m[48;2;90;79;102m▀[0m[38;2;84;73;96m[48;2;87;75;98m▀[0m[38;2;0;0;0m[48;2;0;0;0m▀[0m [38;2;39;34;45m▀[0m[38;2;40;34;45m[48;2;39;34;45m▀[0m[38;2;39;33;44m[48;2;39;33;44m▀[0m[38;2;86;75;97m[48;2;39;33;44m▀[0m[38;2;86;74;97m[48;2;87;76;99m▀[0m[38;2;87;75;98m[48;2;87;75;98m▀[0m[38;2;87;75;98m[48;2;88;78;100m▀[0m[38;2;91;78;104m▄[0m          
            [38;2;52;45;60m[48;2;51;44;59m▀[0m[38;2;51;44;59m[48;2;50;43;58m▀[0m[38;2;50;44;58m[48;2;50;44;58m▀[0m[38;2;55;47;63m[48;2;56;49;64m▀[0m[38;2;34;29;39m▄[0m[38;2;87;75;98m[48;2;87;76;98m▀[0m[38;2;91;78;104m[48;2;91;78;104m▀[0m[38;2;87;76;97m[48;2;86;74;97m▀[0m[38;2;17;14;19m[48;2;86;74;97m▀[0m[38;2;87;76;97m▄[0m [38;2;33;28;38m[48;2;0;0;0m▀[0m[38;2;39;33;44m[48;2;39;33;44m▀[0m[38;2;39;34;45m[48;2;39;33;44m▀[0m[38;2;40;34;46m[48;2;39;33;44m▀[0m[38;2;87;76;97m[48;2;87;76;97m▀[0m[38;2;93;80;105m[48;2;92;80;104m▀[0m[38;2;93;80;105m[48;2;91;78;104m▀[0m[38;2;93;83;106m▄[0m[38;2;91;78;104m▄[0m[38;2;37;31;42m▀[0m       
           [38;2;3;2;3m[48;2;56;55;56m▀[0m[38;2;92;80;104m[48;2;86;79;83m▀[0m[38;2;51;44;59m[48;2;87;75;98m▀[0m[38;2;50;44;58m[48;2;55;46;62m▀[0m[38;2;57;49;66m[48;2;51;44;59m▀[0m [38;2;87;76;97m[48;2;84;73;97m▀[0m[38;2;87;77;99m[48;2;92;79;104m▀[0m[38;2;87;75;98m[48;2;87;75;98m▀[0m[38;2;86;74;98m[48;2;86;74;97m▀[0m[38;2;87;75;98m[48;2;25;21;28m▀[0m [38;2;28;23;31m▄[0m[38;2;38;32;43m[48;2;160;154;155m▀[0m[38;2;39;33;44m[48;2;50;43;57m▀[0m[38;2;39;33;44m[48;2;39;33;44m▀[0m[38;2;83;72;94m[48;2;86;74;97m▀[0m[38;2;87;75;98m[48;2;87;75;98m▀[0m[38;2;87;78;99m[48;2;87;75;98m▀[0m[38;2;90;79;102m[48;2;87;78;99m▀[0m[38;2;91;78;104m[48;2;91;78;104m▀[0m[38;2;97;93;108m▀[0m       
          [38;2;215;214;213m▀[0m[38;2;217;216;216m▀[0m[38;2;217;215;214m▀[0m[38;2;84;72;95m▀[0m[38;2;81;69;92m▀[0m[38;2;51;44;59m▀[0m[38;2;38;33;43m[48;2;94;90;90m▀[0m[38;2;126;122;124m[48;2;211;210;208m▀[0m[38;2;17;14;19m[48;2;204;201;200m▀[0m[38;2;83;72;94m[48;2;196;192;190m▀[0m[38;2;60;51;69m[48;2;50;44;59m▀[0m[38;2;54;45;61m[48;2;54;45;61m▀[0m [38;2;104;101;102m▀[0m[38;2;200;196;192m▀[0m[38;2;201;198;196m▀[0m[38;2;14;13;15m▀[0m[38;2;212;209;209m[48;2;180;175;173m▀[0m[38;2;226;225;224m[48;2;47;44;47m▀[0m[38;2;81;69;92m[48;2;206;202;200m▀[0m[38;2;87;76;97m[48;2;3;3;3m▀[0m[38;2;66;57;76m▀[0m        
                                        
