                                        
                  [38;2;32;74;107m[48;2;33;74;109m▀[0m[38;2;32;74;109m[48;2;34;76;110m▀[0m[38;2;30;64;92m[48;2;33;74;110m▀[0m[38;2;53;101;148m▄[0m[38;2;11;6;3m▄[0m                 
                  [38;2;33;75;110m[48;2;28;59;83m▀[0m  [38;2;44;98;148m▀[0m[38;2;43;97;146m[48;2;42;97;146m▀[0m[38;2;45;102;152m[48;2;41;96;145m▀[0m[38;2;40;96;145m▄[0m               
                [38;2;27;24;20m▄[0m[38;2;33;74;106m[48;2;157;156;127m▀[0m[38;2;33;74;107m[48;2;146;142;114m▀[0m   [38;2;10;7;6m▀[0m[38;2;45;98;146m[48;2;44;98;146m▀[0m[38;2;53;101;148m[48;2;45;98;147m▀[0m[38;2;48;99;147m▄[0m              
                [38;2;3;1;3m[48;2;50;50;41m▀[0m[38;2;146;142;115m[48;2;147;143;116m▀[0m[38;2;145;141;114m[48;2;42;39;34m▀[0m    [38;2;24;45;65m▀[0m[38;2;46;98;146m[48;2;52;101;148m▀[0m[38;2;51;101;147m[48;2;53;102;148m▀[0m[38;2;53;102;150m▄[0m             
                [38;2;166;165;135m[48;2;30;29;24m▀[0m[38;2;149;145;117m[48;2;147;142;115m▀[0m      [38;2;45;98;146m[48;2;45;102;154m▀[0m[38;2;44;97;146m[48;2;47;99;147m▀[0m[38;2;82;119;162m[48;2;82;120;164m▀[0m             
             [38;2;162;160;130m▄[0m[38;2;130;111;93m▄[0m[38;2;126;107;90m[48;2;139;126;111m▀[0m[38;2;126;107;90m[48;2;106;188;223m▀[0m[38;2;123;105;87m[48;2;76;134;157m▀[0m[38;2;135;117;97m[48;2;128;109;91m▀[0m     [38;2;30;44;59m[48;2;20;23;30m▀[0m[38;2;86;122;164m[48;2;82;120;164m▀[0m[38;2;82;121;164m[48;2;81;121;164m▀[0m             
         [38;2;25;25;21m▄[0m[38;2;148;144;117m▄[0m[38;2;149;145;117m[48;2;148;145;117m▀[0m[38;2;147;144;116m[48;2;124;105;89m▀[0m[38;2;148;144;117m[48;2;131;110;92m▀[0m[38;2;127;108;90m[48;2;132;113;94m▀[0m[38;2;30;28;25m[48;2;126;107;88m▀[0m[38;2;48;59;64m[48;2;21;23;22m▀[0m[38;2;161;211;234m[48;2;138;124;107m▀[0m[38;2;127;109;91m[48;2;132;113;95m▀[0m[38;2;103;102;84m[48;2;148;145;117m▀[0m[38;2;151;148;119m▄[0m   [38;2;57;79;105m[48;2;88;127;173m▀[0m[38;2;81;119;162m[48;2;84;121;164m▀[0m[38;2;82;119;163m[48;2;63;108;154m▀[0m[38;2;9;6;4m[48;2;17;22;26m▀[0m            
          [38;2;151;146;117m▀[0m[38;2;129;109;91m[48;2;127;109;91m▀[0m[38;2;28;24;21m[48;2;246;249;253m▀[0m[38;2;250;253;255m[48;2;45;45;45m▀[0m[38;2;117;103;88m[48;2;150;150;150m▀[0m[38;2;133;114;95m[48;2;129;110;92m▀[0m[38;2;33;28;25m[48;2;83;70;58m▀[0m[38;2;130;112;93m[48;2;115;101;86m▀[0m[38;2;130;110;92m[48;2;254;255;255m▀[0m[38;2;133;113;94m[48;2;9;7;6m▀[0m[38;2;149;145;117m[48;2;126;108;91m▀[0m[38;2;158;154;124m[48;2;147;143;116m▀[0m[38;2;69;67;54m▄[0m [38;2;47;97;146m[48;2;50;100;147m▀[0m[38;2;51;100;147m[48;2;54;101;148m▀[0m[38;2;53;101;148m[48;2;51;101;147m▀[0m[38;2;14;16;18m▀[0m            
           [38;2;159;140;120m▀[0m[38;2;81;72;62m[48;2;3;3;2m▀[0m[38;2;204;204;204m[48;2;142;123;104m▀[0m[38;2;129;110;93m[48;2;15;13;12m▀[0m[38;2;30;25;22m[48;2;133;114;95m▀[0m[38;2;130;111;93m[48;2;58;49;42m▀[0m[38;2;254;254;254m[48;2;151;131;112m▀[0m[38;2;75;73;73m[48;2;249;249;249m▀[0m[38;2;242;245;249m[48;2;119;106;91m▀[0m[38;2;109;94;78m[48;2;82;71;59m▀[0m[38;2;148;144;117m▀[0m[38;2;149;145;117m▀[0m[38;2;39;81;118m[48;2;45;98;146m▀[0m[38;2;44;96;146m[48;2;44;96;145m▀[0m[38;2;44;99;147m[48;2;42;97;146m▀[0m[38;2;42;97;146m[48;2;45;98;146m▀[0m             
            [38;2;129;110;91m[48;2;125;106;90m▀[0m[38;2;160;140;120m[48;2;243;244;245m▀[0m[38;2;131;130;129m[48;2;63;62;61m▀[0m[38;2;242;244;246m[48;2;124;105;88m▀[0m[38;2;109;93;78m[48;2;250;252;253m▀[0m[38;2;11;9;9m[48;2;140;122;104m▀[0m[38;2;123;104;88m[48;2;125;106;89m▀[0m[38;2;143;125;106m▀[0m  [38;2;38;84;126m[48;2;42;96;145m▀[0m[38;2;40;95;145m[48;2;40;91;136m▀[0m[38;2;41;96;145m[48;2;46;100;149m▀[0m[38;2;41;96;145m[48;2;52;101;148m▀[0m[38;2;47;97;145m[48;2;54;102;148m▀[0m             
            [38;2;73;62;51m[48;2;99;82;70m▀[0m[38;2;69;58;49m[48;2;126;107;90m▀[0m[38;2;125;107;89m[48;2;34;29;25m▀[0m[38;2;126;108;91m[48;2;126;108;91m▀[0m[38;2;61;58;58m[48;2;62;52;45m▀[0m[38;2;125;106;89m[48;2;40;34;29m▀[0m[38;2;62;52;45m▀[0m  [38;2;40;88;133m[48;2;108;192;227m▀[0m[38;2;110;192;226m[48;2;51;86;101m▀[0m[38;2;110;193;227m[48;2;50;98;146m▀[0m[38;2;110;193;227m[48;2;89;158;187m▀[0m[38;2;55;94;111m[48;2;107;191;226m▀[0m[38;2;49;99;146m[48;2;52;100;148m▀[0m             
           [38;2;151;132;114m▄[0m[38;2;132;113;94m[48;2;167;150;130m▀[0m[38;2;127;108;90m[48;2;84;73;64m▀[0m[38;2;101;84;70m[48;2;131;114;98m▀[0m[38;2;106;91;75m[48;2;108;95;81m▀[0m[38;2;130;111;93m[48;2;129;111;92m▀[0m[38;2;101;84;71m[48;2;74;62;52m▀[0m  [38;2;113;200;233m▄[0m[38;2;106;191;226m[48;2;109;190;226m▀[0m[38;2;52;100;147m[48;2;53;102;148m▀[0m[38;2;58;108;156m[48;2;43;91;139m▀[0m[38;2;114;203;239m[48;2;108;195;231m▀[0m[38;2;119;194;224m[48;2;62;106;152m▀[0m[38;2;71;112;158m[48;2;116;144;180m▀[0m[38;2;3;0;0m[48;2;167;209;226m▀[0m            
           [38;2;127;110;96m[48;2;73;63;55m▀[0m[38;2;166;150;130m[48;2;168;150;130m▀[0m[38;2;126;110;93m[48;2;15;13;14m▀[0m[38;2;130;113;98m[48;2;59;51;44m▀[0m[38;2;167;150;129m[48;2;164;148;126m▀[0m[38;2;170;151;130m[48;2;98;90;80m▀[0m   [38;2;117;189;219m[48;2;131;193;220m▀[0m[38;2;107;189;223m[48;2;147;200;222m▀[0m[38;2;86;147;172m[48;2;137;193;218m▀[0m[38;2;45;98;147m[48;2;166;208;224m▀[0m[38;2;54;103;151m[48;2;167;209;225m▀[0m[38;2;90;125;167m[48;2;167;209;225m▀[0m[38;2;165;207;225m[48;2;166;207;224m▀[0m[38;2;166;208;225m[48;2;167;209;225m▀[0m[38;2;167;209;225m[48;2;167;209;225m▀[0m[38;2;165;207;222m▄[0m          
          [38;2;165;148;129m▄[0m[38;2;169;151;130m[48;2;165;148;129m▀[0m[38;2;167;150;130m[48;2;165;148;130m▀[0m[38;2;64;62;74m[48;2;55;53;65m▀[0m[38;2;67;65;76m[48;2;160;142;121m▀[0m[38;2;164;147;127m[48;2;167;150;131m▀[0m[38;2;129;111;96m[48;2;142;128;110m▀[0m   [38;2;160;207;225m[48;2;156;203;222m▀[0m[38;2;167;209;226m[48;2;166;207;224m▀[0m[38;2;165;207;224m[48;2;169;213;229m▀[0m[38;2;166;207;224m[48;2;167;209;226m▀[0m[38;2;167;209;225m[48;2;166;207;224m▀[0m[38;2;166;207;224m[48;2;154;192;207m▀[0m[38;2;165;206;222m[48;2;167;210;227m▀[0m[38;2;33;37;38m[48;2;166;208;225m▀[0m[38;2;167;210;226m[48;2;15;17;17m▀[0m[38;2;168;211;227m[48;2;168;211;228m▀[0m[38;2;166;209;225m[48;2;168;212;228m▀[0m         
         [38;2;166;149;129m▄[0m[38;2;164;147;128m[48;2;160;143;122m▀[0m[38;2;73;70;78m[48;2;159;143;122m▀[0m[38;2;159;143;122m[48;2;159;143;123m▀[0m[38;2;162;145;126m[48;2;166;149;130m▀[0m[38;2;162;146;125m[48;2;56;51;44m▀[0m[38;2;169;151;131m[48;2;55;49;44m▀[0m[38;2;164;147;127m[48;2;166;148;127m▀[0m   [38;2;146;182;195m▀[0m[38;2;166;209;224m[48;2;168;211;227m▀[0m[38;2;166;208;224m[48;2;168;211;228m▀[0m[38;2;165;207;225m[48;2;8;6;5m▀[0m[38;2;170;213;230m[48;2;169;212;229m▀[0m[38;2;167;211;228m[48;2;169;211;228m▀[0m[38;2;167;209;226m▀[0m[38;2;167;209;226m[48;2;168;211;229m▀[0m[38;2;168;211;228m[48;2;169;213;229m▀[0m[38;2;128;160;172m[48;2;168;211;227m▀[0m          
         [38;2;166;149;129m[48;2;170;151;129m▀[0m[38;2;170;151;130m[48;2;125;118;106m▀[0m[38;2;164;148;128m[48;2;25;24;24m▀[0m[38;2;44;43;52m[48;2;83;78;78m▀[0m[38;2;40;38;46m[48;2;81;78;78m▀[0m[38;2;168;150;130m[48;2;187;172;150m▀[0m[38;2;142;128;111m[48;2;162;146;125m▀[0m[38;2;165;148;130m[48;2;165;149;129m▀[0m    [38;2;169;212;229m[48;2;93;114;122m▀[0m[38;2;170;213;230m[48;2;169;213;229m▀[0m[38;2;177;222;239m[48;2;169;212;229m▀[0m[38;2;170;213;230m▀[0m[38;2;169;213;229m[48;2;167;209;227m▀[0m[38;2;169;212;229m[48;2;168;212;229m▀[0m[38;2;14;17;18m▄[0m[38;2;169;212;228m▀[0m[38;2;162;203;219m▀[0m          
          [38;2;129;111;97m[48;2;117;101;85m▀[0m[38;2;131;113;98m[48;2;126;110;93m▀[0m[38;2;81;78;78m[48;2;77;66;57m▀[0m[38;2;81;78;78m[48;2;130;113;98m▀[0m[38;2;128;111;94m[48;2;129;112;96m▀[0m[38;2;159;143;122m[48;2;54;49;42m▀[0m[38;2;166;149;130m[48;2;211;199;178m▀[0m     [38;2;166;208;226m▀[0m[38;2;168;211;227m[48;2;167;210;228m▀[0m[38;2;9;8;9m▀[0m[38;2;176;222;238m▀[0m[38;2;171;215;231m▀[0m             
           [38;2;127;110;97m[48;2;109;102;92m▀[0m[38;2;125;109;92m[48;2;126;109;93m▀[0m[38;2;129;112;97m▀[0m[38;2;166;155;139m▀[0m                         
                                        
