                                        
                                        
                                        
     [38;2;28;13;34m▄[0m[38;2;54;20;61m▄[0m[38;2;31;14;39m▄[0m[38;2;28;15;25m▄[0m                     [38;2;138;136;129m▄[0m[38;2;44;16;61m▄[0m [38;2;2;9;2m[48;2;12;12;10m▀[0m[38;2;3;11;3m▄[0m     
     [38;2;46;17;64m[48;2;47;18;66m▀[0m [38;2;50;20;55m[48;2;93;92;85m▀[0m[38;2;194;194;180m[48;2;172;174;157m▀[0m[38;2;87;87;79m[48;2;170;171;154m▀[0m                  [38;2;177;178;161m▄[0m[38;2;180;181;164m[48;2;174;175;158m▀[0m[38;2;196;196;181m[48;2;157;158;141m▀[0m[38;2;59;38;53m▀[0m  [38;2;47;18;65m▀[0m[38;2;50;18;69m▄[0m    
     [38;2;46;17;63m[48;2;44;16;62m▀[0m   [38;2;172;174;157m▀[0m[38;2;172;173;156m[48;2;50;45;41m▀[0m[38;2;185;171;151m▄[0m[38;2;71;65;57m[48;2;94;86;77m▀[0m[38;2;187;173;154m▄[0m[38;2;176;177;161m[48;2;172;173;156m▀[0m[38;2;172;173;156m[48;2;161;147;132m▀[0m[38;2;172;173;156m[48;2;194;178;159m▀[0m[38;2;119;119;108m[48;2;144;143;129m▀[0m   [38;2;188;189;174m[48;2;172;173;156m▀[0m[38;2;172;173;157m[48;2;195;181;161m▀[0m[38;2;172;174;156m[48;2;186;174;153m▀[0m[38;2;123;123;112m[48;2;173;175;158m▀[0m[38;2;189;175;156m▄[0m[38;2;190;176;157m[48;2;8;7;2m▀[0m[38;2;87;78;70m[48;2;184;168;148m▀[0m[38;2;175;177;159m[48;2;44;42;36m▀[0m[38;2;103;101;90m▀[0m     [38;2;50;19;67m[48;2;46;17;65m▀[0m[38;2;15;13;13m▄[0m   
    [38;2;43;18;40m▄[0m[38;2;46;17;63m[48;2;39;17;39m▀[0m    [38;2;164;147;129m[48;2;99;99;88m▀[0m[38;2;219;208;115m[48;2;168;151;131m▀[0m[38;2;13;19;14m[48;2;172;153;131m▀[0m[38;2;177;161;141m[48;2;171;153;131m▀[0m[38;2;187;173;154m[48;2;167;149;129m▀[0m[38;2;67;61;53m[48;2;187;87;95m▀[0m[38;2;6;6;5m[48;2;197;100;108m▀[0m[38;2;184;169;148m[48;2;167;150;130m▀[0m   [38;2;189;175;154m[48;2;164;147;127m▀[0m[38;2;118;43;49m[48;2;195;94;102m▀[0m[38;2;6;5;5m[48;2;197;98;106m▀[0m[38;2;183;168;148m[48;2;162;146;127m▀[0m[38;2;171;154;134m[48;2;108;97;85m▀[0m[38;2;37;35;34m[48;2;47;41;36m▀[0m[38;2;14;8;11m[48;2;162;146;127m▀[0m[38;2;128;114;98m▀[0m      [38;2;14;14;14m▀[0m[38;2;46;17;63m[48;2;75;28;102m▀[0m   
    [38;2;50;19;69m[48;2;53;20;74m▀[0m     [38;2;173;175;157m[48;2;172;174;157m▀[0m[38;2;131;129;115m[48;2;164;147;127m▀[0m[38;2;165;148;129m[48;2;13;11;10m▀[0m[38;2;164;146;127m[48;2;5;3;2m▀[0m[38;2;32;30;28m[48;2;162;146;126m▀[0m[38;2;158;141;120m[48;2;93;78;67m▀[0m[38;2;163;146;127m[48;2;62;22;26m▀[0m[38;2;66;58;51m[48;2;151;60;67m▀[0m[38;2;166;149;130m▄[0m[38;2;102;85;72m[48;2;104;87;73m▀[0m[38;2;0;0;0m[48;2;188;175;155m▀[0m[38;2;43;37;33m[48;2;195;92;100m▀[0m[38;2;162;145;126m[48;2;110;40;46m▀[0m[38;2;160;144;124m[48;2;169;152;132m▀[0m[38;2;39;38;37m[48;2;167;150;130m▀[0m[38;2;166;148;130m[48;2;198;99;107m▀[0m[38;2;164;147;127m[48;2;9;8;7m▀[0m[38;2;132;130;116m[48;2;164;147;128m▀[0m[38;2;83;81;73m[48;2;133;131;117m▀[0m       [38;2;75;28;102m[48;2;75;28;104m▀[0m[38;2;67;25;89m▄[0m  
   [38;2;65;31;73m[48;2;75;28;102m▀[0m[38;2;78;29;107m[48;2;55;21;76m▀[0m     [38;2;176;178;161m[48;2;174;177;159m▀[0m[38;2;175;157;137m[48;2;44;38;33m▀[0m[38;2;198;102;109m[48;2;168;151;132m▀[0m[38;2;195;93;102m[48;2;166;149;129m▀[0m[38;2;165;148;129m[48;2;90;80;69m▀[0m[38;2;178;65;75m[48;2;198;101;108m▀[0m[38;2;196;97;105m[48;2;144;128;110m▀[0m[38;2;166;149;130m[48;2;169;152;131m▀[0m[38;2;146;131;113m[48;2;189;175;155m▀[0m[38;2;191;176;156m[48;2;30;28;27m▀[0m[38;2;193;178;158m[48;2;128;118;104m▀[0m[38;2;150;60;67m[48;2;190;176;156m▀[0m[38;2;197;98;106m[48;2;67;54;51m▀[0m[38;2;76;54;48m[48;2;173;65;73m▀[0m[38;2;165;149;127m[48;2;95;85;73m▀[0m[38;2;197;97;106m[48;2;165;148;129m▀[0m[38;2;11;4;5m[48;2;167;151;132m▀[0m[38;2;170;153;131m[48;2;149;149;134m▀[0m[38;2;136;134;120m[48;2;175;177;160m▀[0m       [38;2;76;28;106m[48;2;76;28;106m▀[0m[38;2;75;28;104m[48;2;76;28;106m▀[0m  
  [38;2;57;31;59m▄[0m[38;2;79;29;107m[48;2;75;28;104m▀[0m[38;2;81;30;114m[48;2;75;28;104m▀[0m     [38;2;231;231;219m▀[0m[38;2;193;193;178m[48;2;195;195;181m▀[0m  [38;2;12;10;10m▀[0m[38;2;132;113;118m[48;2;211;195;173m▀[0m[38;2;22;19;18m[48;2;190;175;156m▀[0m[38;2;192;176;156m[48;2;189;174;155m▀[0m[38;2;8;8;8m[48;2;129;111;97m▀[0m[38;2;81;79;78m[48;2;54;52;54m▀[0m[38;2;191;177;157m[48;2;114;99;86m▀[0m[38;2;181;166;148m[48;2;164;147;128m▀[0m[38;2;141;126;109m[48;2;162;145;124m▀[0m[38;2;167;150;130m▀[0m   [38;2;74;74;67m▀[0m[38;2;183;185;167m▀[0m      [38;2;58;33;56m[48;2;75;28;102m▀[0m[38;2;78;28;107m[48;2;75;28;102m▀[0m[38;2;75;28;105m[48;2;75;28;104m▀[0m  
  [38;2;75;28;102m[48;2;78;28;107m▀[0m[38;2;75;28;102m[48;2;76;28;106m▀[0m[38;2;79;29;107m[48;2;76;28;106m▀[0m[38;2;78;28;106m▄[0m       [38;2;158;140;121m▄[0m[38;2;132;122;108m[48;2;135;121;105m▀[0m[38;2;185;171;151m[48;2;128;111;97m▀[0m[38;2;185;170;150m[48;2;180;164;144m▀[0m[38;2;192;178;158m[48;2;114;103;89m▀[0m[38;2;124;108;91m[48;2;124;108;92m▀[0m[38;2;128;111;97m[48;2;163;147;127m▀[0m[38;2;167;150;130m[48;2;162;145;126m▀[0m[38;2;174;156;136m[48;2;161;144;123m▀[0m[38;2;153;136;119m[48;2;76;66;58m▀[0m[38;2;165;148;128m[48;2;38;32;29m▀[0m[38;2;144;126;106m▄[0m[38;2;5;5;7m▄[0m [38;2;37;36;34m▀[0m     [38;2;26;20;23m▄[0m[38;2;80;29;109m[48;2;75;28;102m▀[0m[38;2;75;28;104m[48;2;48;26;52m▀[0m[38;2;76;28;106m[48;2;74;27;101m▀[0m[38;2;76;28;106m[48;2;79;29;107m▀[0m  
  [38;2;75;28;102m[48;2;75;28;102m▀[0m[38;2;75;28;102m[48;2;238;232;180m▀[0m[38;2;75;28;103m[48;2;238;232;175m▀[0m[38;2;75;28;102m[48;2;78;29;109m▀[0m[38;2;23;21;21m[48;2;73;27;101m▀[0m     [38;2;68;58;49m[48;2;128;109;92m▀[0m[38;2;124;105;89m[48;2;122;104;86m▀[0m[38;2;98;82;68m[48;2;96;80;68m▀[0m[38;2;111;94;80m[48;2;96;79;67m▀[0m[38;2;164;147;127m[48;2;122;105;87m▀[0m[38;2;98;87;75m[48;2;124;106;88m▀[0m[38;2;169;152;131m[48;2;129;109;92m▀[0m[38;2;162;146;126m[48;2;92;77;64m▀[0m[38;2;126;110;95m[48;2;121;104;86m▀[0m[38;2;160;144;124m[48;2;124;106;89m▀[0m[38;2;78;69;59m[48;2;67;57;48m▀[0m[38;2;96;80;66m[48;2;99;83;71m▀[0m[38;2;35;29;25m[48;2;103;86;73m▀[0m[38;2;122;105;86m[48;2;127;109;91m▀[0m      [38;2;238;232;183m▄[0m[38;2;79;29;107m[48;2;76;28;104m▀[0m[38;2;104;83;81m[48;2;65;43;52m▀[0m[38;2;59;35;54m[48;2;52;35;44m▀[0m[38;2;213;199;111m[48;2;79;29;109m▀[0m[38;2;76;51;61m[48;2;240;235;199m▀[0m  
  [38;2;229;216;130m[48;2;240;235;196m▀[0m[38;2;61;22;84m[48;2;238;233;188m▀[0m[38;2;75;28;102m[48;2;70;26;97m▀[0m[38;2;239;234;188m[48;2;75;28;104m▀[0m[38;2;56;21;77m[48;2;236;226;152m▀[0m[38;2;233;219;130m[48;2;230;217;122m▀[0m[38;2;230;217;124m▄[0m[38;2;234;224;145m▄[0m  [38;2;128;108;91m[48;2;79;68;56m▀[0m[38;2;125;106;89m[48;2;126;108;90m▀[0m[38;2;100;82;70m[48;2;126;108;91m▀[0m[38;2;61;51;43m[48;2;127;109;91m▀[0m[38;2;122;105;87m[48;2;130;111;92m▀[0m[38;2;125;106;90m[48;2;48;38;41m▀[0m[38;2;54;51;58m[48;2;54;52;59m▀[0m[38;2;54;51;59m[48;2;54;52;59m▀[0m[38;2;128;108;89m[48;2;48;39;40m▀[0m[38;2;128;108;89m[48;2;119;102;85m▀[0m[38;2;78;64;53m[48;2;128;108;92m▀[0m[38;2;103;85;71m[48;2;128;109;92m▀[0m[38;2;101;84;71m[48;2;128;109;92m▀[0m[38;2;128;110;92m[48;2;128;110;92m▀[0m   [38;2;234;221;134m▄[0m[38;2;233;221;135m▄[0m[38;2;230;217;124m[48;2;233;221;132m▀[0m[38;2;238;232;178m[48;2;233;220;131m▀[0m[38;2;238;233;182m[48;2;238;232;180m▀[0m[38;2;74;32;90m[48;2;238;232;179m▀[0m[38;2;74;27;100m[48;2;238;232;181m▀[0m[38;2;238;233;185m[48;2;238;232;183m▀[0m[38;2;59;54;33m▀[0m  
  [38;2;21;17;19m▀[0m[38;2;238;232;179m[48;2;237;231;172m▀[0m[38;2;238;232;181m[48;2;237;230;163m▀[0m[38;2;238;233;185m[48;2;232;218;128m▀[0m[38;2;234;222;137m[48;2;232;219;127m▀[0m[38;2;233;220;131m[48;2;231;218;126m▀[0m[38;2;232;218;128m[48;2;234;223;138m▀[0m[38;2;232;218;128m[48;2;231;217;127m▀[0m[38;2;232;219;129m[48;2;232;218;128m▀[0m[38;2;210;186;101m[48;2;233;220;130m▀[0m[38;2;135;111;53m▄[0m    [38;2;78;62;66m[48;2;81;64;69m▀[0m[38;2;72;57;61m[48;2;79;63;67m▀[0m[38;2;54;52;59m[48;2;76;62;66m▀[0m[38;2;79;63;66m[48;2;75;61;66m▀[0m[38;2;80;63;68m▀[0m     [38;2;233;219;131m[48;2;230;217;125m▀[0m[38;2;233;219;131m[48;2;231;217;127m▀[0m[38;2;233;219;131m[48;2;230;217;124m▀[0m[38;2;232;219;128m▀[0m[38;2;179;163;81m[48;2;230;217;123m▀[0m[38;2;230;217;125m[48;2;228;214;117m▀[0m[38;2;230;216;121m[48;2;228;213;115m▀[0m[38;2;234;222;137m[48;2;226;212;113m▀[0m[38;2;230;217;125m[48;2;226;212;113m▀[0m[38;2;230;217;125m[48;2;229;215;121m▀[0m   
   [38;2;235;223;139m▀[0m[38;2;229;215;121m[48;2;232;218;127m▀[0m[38;2;231;217;127m[48;2;185;165;76m▀[0m[38;2;232;219;129m[48;2;233;221;133m▀[0m[38;2;233;220;131m[48;2;10;16;10m▀[0m[38;2;233;221;136m[48;2;232;219;128m▀[0m[38;2;235;224;146m[48;2;232;219;129m▀[0m[38;2;7;9;5m[48;2;231;217;125m▀[0m[38;2;233;221;136m▀[0m      [38;2;39;33;29m▀[0m[38;2;99;82;70m▀[0m[38;2;5;5;5m▀[0m      [38;2;231;217;127m▀[0m[38;2;230;217;124m▄[0m[38;2;227;213;115m▄[0m[38;2;228;214;117m[48;2;225;210;111m▀[0m[38;2;230;217;124m[48;2;229;216;120m▀[0m[38;2;158;142;95m[48;2;229;215;117m▀[0m[38;2;230;216;120m[48;2;230;217;123m▀[0m[38;2;233;220;130m[48;2;234;223;139m▀[0m[38;2;230;217;125m[48;2;229;214;117m▀[0m[38;2;230;217;122m[48;2;14;15;13m▀[0m   
    [38;2;230;217;125m[48;2;229;215;119m▀[0m[38;2;232;219;129m[48;2;228;214;117m▀[0m[38;2;228;215;117m[48;2;229;215;119m▀[0m[38;2;229;214;117m[48;2;227;212;114m▀[0m[38;2;128;117;52m[48;2;34;21;26m▀[0m[38;2;229;215;120m[48;2;86;72;40m▀[0m[38;2;230;217;123m[48;2;7;9;6m▀[0m                 [38;2;229;215;121m▀[0m[38;2;232;219;129m[48;2;233;222;136m▀[0m[38;2;230;217;123m▀[0m[38;2;104;90;49m[48;2;233;219;131m▀[0m[38;2;233;220;131m[48;2;231;217;127m▀[0m[38;2;233;220;131m▀[0m[38;2;231;217;126m[48;2;229;215;119m▀[0m[38;2;233;220;131m[48;2;230;217;122m▀[0m    
    [38;2;231;217;126m▀[0m[38;2;230;216;120m[48;2;77;54;40m▀[0m[38;2;7;8;5m▀[0m[38;2;233;219;131m▀[0m[38;2;232;218;128m▀[0m                     [38;2;229;217;128m▀[0m[38;2;230;216;122m▀[0m[38;2;232;219;129m▀[0m[38;2;152;133;78m▀[0m[38;2;233;221;133m▀[0m     
                                        
                                        
                                        
