                                        
                   [38;2;11;11;11m▄[0m[38;2;113;113;113m[48;2;110;110;110m▀[0m                   
                   [38;2;160;160;160m[48;2;159;159;159m▀[0m[38;2;110;110;110m[48;2;110;110;110m▀[0m[38;2;16;16;15m▄[0m                  
                  [38;2;65;65;65m[48;2;60;56;47m▀[0m[38;2;161;161;161m[48;2;138;138;138m▀[0m[38;2;24;22;25m[48;2;106;106;106m▀[0m[38;2;86;86;86m[48;2;85;85;85m▀[0m                  
                  [38;2;123;123;123m[48;2;120;120;120m▀[0m[38;2;100;100;99m[48;2;105;105;105m▀[0m[38;2;107;107;107m[48;2;95;95;95m▀[0m[38;2;75;75;75m[48;2;86;86;86m▀[0m                  
              [38;2;134;134;134m[48;2;123;123;123m▀[0m[38;2;78;78;78m▄[0m[38;2;144;144;144m▄[0m[38;2;162;162;162m▄[0m[38;2;65;65;64m[48;2;123;123;123m▀[0m[38;2;108;108;108m[48;2;108;108;108m▀[0m[38;2;86;86;86m[48;2;108;108;108m▀[0m[38;2;88;88;88m[48;2;86;86;86m▀[0m[38;2;91;91;91m▄[0m [38;2;144;144;144m▄[0m[38;2;136;136;136m[48;2;108;108;108m▀[0m              
              [38;2;107;107;107m[48;2;107;107;107m▀[0m[38;2;107;107;107m[48;2;106;106;106m▀[0m[38;2;117;117;117m[48;2;107;107;107m▀[0m[38;2;162;162;162m[48;2;141;141;141m▀[0m[38;2;122;122;122m[48;2;115;115;115m▀[0m[38;2;107;107;107m[48;2;87;87;87m▀[0m[38;2;105;105;105m[48;2;69;62;77m▀[0m[38;2;85;85;85m[48;2;57;57;57m▀[0m[38;2;88;88;88m[48;2;93;93;93m▀[0m[38;2;68;68;68m[48;2;88;88;88m▀[0m[38;2;106;106;106m[48;2;86;86;86m▀[0m[38;2;101;101;101m[48;2;31;29;32m▀[0m              
            [38;2;71;64;78m▄[0m[38;2;70;63;78m[48;2;72;64;78m▀[0m[38;2;60;54;65m▀[0m[38;2;87;87;87m▀[0m[38;2;69;63;77m[48;2;60;17;17m▀[0m[38;2;69;69;70m[48;2;47;42;52m▀[0m[38;2;255;238;148m[48;2;216;160;0m▀[0m[38;2;252;223;81m[48;2;224;169;0m▀[0m[38;2;84;82;80m[48;2;86;86;86m▀[0m[38;2;71;64;77m[48;2;23;22;27m▀[0m[38;2;32;31;33m[48;2;157;36;36m▀[0m[38;2;89;89;89m▀[0m[38;2;87;87;87m▀[0m[38;2;54;47;57m▀[0m[38;2;67;60;73m[48;2;69;63;77m▀[0m[38;2;70;64;77m▄[0m            
          [38;2;72;65;78m▄[0m[38;2;73;65;79m[48;2;73;65;79m▀[0m[38;2;72;65;78m▀[0m  [38;2;30;24;10m▄[0m[38;2;255;237;135m▄[0m[38;2;63;58;50m[48;2;255;234;130m▀[0m[38;2;65;64;60m[48;2;255;234;130m▀[0m[38;2;24;24;24m[48;2;255;233;133m▀[0m[38;2;90;90;90m[48;2;254;233;134m▀[0m[38;2;89;89;89m[48;2;252;231;126m▀[0m[38;2;166;39;39m[48;2;191;155;61m▀[0m    [38;2;71;64;79m▀[0m[38;2;71;64;78m[48;2;32;29;34m▀[0m[38;2;66;59;73m[48;2;69;63;77m▀[0m[38;2;72;64;79m▄[0m         
         [38;2;71;64;78m▀[0m[38;2;70;63;77m[48;2;54;48;58m▀[0m[38;2;45;41;56m▄[0m [38;2;247;219;107m▄[0m[38;2;253;230;118m[48;2;254;232;134m▀[0m[38;2;255;232;133m[48;2;125;125;125m▀[0m[38;2;92;71;26m[48;2;99;89;49m▀[0m[38;2;254;233;134m[48;2;187;164;81m▀[0m[38;2;110;92;42m[48;2;71;64;78m▀[0m[38;2;255;242;145m[48;2;71;64;77m▀[0m[38;2;252;231;128m[48;2;252;231;128m▀[0m[38;2;179;155;85m[48;2;111;111;111m▀[0m[38;2;243;206;95m[48;2;109;109;109m▀[0m[38;2;243;211;83m[48;2;247;212;93m▀[0m[38;2;243;208;97m▄[0m   [38;2;43;39;53m▄[0m[38;2;63;56;68m[48;2;54;48;58m▀[0m[38;2;70;64;77m[48;2;52;46;56m▀[0m[38;2;13;10;13m▀[0m        
          [38;2;9;8;9m▀[0m[38;2;39;36;52m▀[0m[38;2;39;39;55m[48;2;245;207;94m▀[0m[38;2;247;216;103m[48;2;251;224;109m▀[0m[38;2;73;73;73m[48;2;118;118;118m▀[0m[38;2;118;118;118m[48;2;122;122;122m▀[0m[38;2;102;89;51m[48;2;12;11;10m▀[0m[38;2;240;228;155m[48;2;251;230;129m▀[0m[38;2;252;230;128m[48;2;89;21;21m▀[0m[38;2;255;247;155m[48;2;252;231;130m▀[0m[38;2;251;234;127m[48;2;6;4;1m▀[0m[38;2;107;107;107m[48;2;41;41;41m▀[0m[38;2;107;107;107m[48;2;107;107;107m▀[0m[38;2;34;34;34m[48;2;101;101;101m▀[0m[38;2;243;208;81m[48;2;55;54;55m▀[0m[38;2;220;171;42m[48;2;215;160;39m▀[0m[38;2;36;32;48m[48;2;38;35;51m▀[0m[38;2;38;34;52m[48;2;38;34;51m▀[0m[38;2;39;36;52m▀[0m[38;2;9;8;10m▀[0m          
     [38;2;255;240;153m[48;2;255;236;137m▀[0m[38;2;23;15;6m[48;2;255;237;141m▀[0m[38;2;255;237;143m▄[0m[38;2;255;238;146m▄[0m[38;2;255;234;129m▄[0m[38;2;250;213;46m▄[0m[38;2;249;208;27m▄[0m[38;2;243;206;92m[48;2;242;207;95m▀[0m[38;2;103;103;102m[48;2;108;108;108m▀[0m[38;2;116;116;116m[48;2;49;49;49m▀[0m[38;2;118;118;118m[48;2;62;61;59m▀[0m[38;2;83;83;83m[48;2;242;222;121m▀[0m[38;2;254;232;131m[48;2;252;227;121m▀[0m[38;2;191;56;56m[48;2;79;64;30m▀[0m[38;2;243;206;95m[48;2;243;206;95m▀[0m[38;2;73;53;36m[48;2;54;44;29m▀[0m[38;2;107;107;107m[48;2;110;110;110m▀[0m[38;2;96;96;96m[48;2;95;95;95m▀[0m[38;2;95;95;95m[48;2;40;40;40m▀[0m[38;2;92;92;92m[48;2;93;93;93m▀[0m[38;2;225;169;47m[48;2;231;176;43m▀[0m[38;2;34;25;17m[48;2;126;89;22m▀[0m[38;2;218;163;0m▄[0m[38;2;218;161;0m▄[0m[38;2;228;172;0m▄[0m[38;2;251;217;60m▄[0m[38;2;255;234;126m▄[0m[38;2;255;239;150m▄[0m[38;2;255;238;145m▄[0m[38;2;175;141;13m[48;2;211;183;59m▀[0m     
      [38;2;255;237;143m[48;2;255;238;146m▀[0m[38;2;255;237;142m[48;2;255;237;140m▀[0m[38;2;255;237;141m[48;2;255;237;143m▀[0m[38;2;255;236;140m[48;2;255;232;121m▀[0m[38;2;250;212;43m[48;2;249;208;31m▀[0m[38;2;249;208;30m[48;2;249;206;25m▀[0m[38;2;242;205;93m[48;2;227;172;48m▀[0m[38;2;37;35;37m[48;2;231;184;53m▀[0m[38;2;218;190;90m[48;2;67;56;38m▀[0m[38;2;251;227;125m[48;2;6;5;3m▀[0m[38;2;230;199;98m[48;2;194;56;56m▀[0m[38;2;247;209;96m[48;2;248;214;92m▀[0m[38;2;62;58;57m[48;2;48;39;36m▀[0m[38;2;244;208;97m[48;2;247;209;63m▀[0m[38;2;254;221;85m[48;2;197;56;56m▀[0m[38;2;250;209;83m[48;2;242;192;61m▀[0m[38;2;197;149;37m[48;2;168;121;28m▀[0m[38;2;92;92;92m[48;2;224;175;45m▀[0m[38;2;92;92;92m[48;2;64;64;64m▀[0m[38;2;223;173;49m[48;2;225;176;47m▀[0m[38;2;98;67;2m[48;2;147;105;0m▀[0m[38;2;211;156;0m[48;2;216;160;0m▀[0m[38;2;215;163;0m[48;2;216;160;0m▀[0m[38;2;246;198;5m[48;2;254;223;85m▀[0m[38;2;251;217;58m[48;2;236;191;35m▀[0m[38;2;255;236;139m[48;2;98;82;19m▀[0m[38;2;255;239;150m[48;2;85;63;0m▀[0m[38;2;255;239;149m[48;2;6;4;1m▀[0m      
      [38;2;79;58;0m▀[0m[38;2;255;237;143m[48;2;53;35;0m▀[0m[38;2;255;237;143m[48;2;115;80;0m▀[0m[38;2;255;233;124m[48;2;2;1;0m▀[0m[38;2;251;219;65m[48;2;242;196;22m▀[0m[38;2;250;211;37m[48;2;250;210;36m▀[0m[38;2;227;173;50m[48;2;250;215;52m▀[0m[38;2;226;177;47m[48;2;218;169;36m▀[0m[38;2;73;65;78m[48;2;236;182;52m▀[0m[38;2;235;180;51m[48;2;224;175;54m▀[0m[38;2;234;182;56m[48;2;235;179;49m▀[0m[38;2;236;194;55m[48;2;92;92;92m▀[0m[38;2;31;28;29m[48;2;94;94;94m▀[0m[38;2;225;177;49m[48;2;49;49;49m▀[0m[38;2;234;182;50m[48;2;139;97;10m▀[0m[38;2;227;175;43m[48;2;73;66;80m▀[0m[38;2;65;58;72m[48;2;72;64;78m▀[0m[38;2;225;173;46m[48;2;223;167;45m▀[0m[38;2;214;162;41m[48;2;215;169;29m▀[0m[38;2;225;169;47m[48;2;210;162;32m▀[0m[38;2;215;160;0m[48;2;206;154;0m▀[0m[38;2;216;160;0m[48;2;211;159;0m▀[0m[38;2;212;159;0m[48;2;246;203;16m▀[0m[38;2;250;210;36m[48;2;188;138;0m▀[0m[38;2;249;208;29m[48;2;250;214;50m▀[0m[38;2;255;235;131m[48;2;252;220;69m▀[0m[38;2;255;237;145m▀[0m       
        [38;2;255;238;149m[48;2;68;51;11m▀[0m[38;2;255;237;142m[48;2;255;237;142m▀[0m[38;2;255;237;143m[48;2;255;239;150m▀[0m[38;2;250;215;52m[48;2;63;49;14m▀[0m[38;2;249;213;51m[48;2;251;212;44m▀[0m[38;2;227;176;41m[48;2;247;204;18m▀[0m[38;2;227;173;26m[48;2;223;174;34m▀[0m[38;2;215;165;41m[48;2;219;171;23m▀[0m[38;2;94;94;94m[48;2;222;174;49m▀[0m[38;2;94;94;94m[48;2;106;106;106m▀[0m[38;2;91;91;91m[48;2;107;107;107m▀[0m[38;2;98;98;98m[48;2;95;95;95m▀[0m[38;2;90;90;90m[48;2;89;89;89m▀[0m[38;2;221;171;39m[48;2;87;61;33m▀[0m[38;2;216;165;48m[48;2;167;130;39m▀[0m[38;2;217;165;45m[48;2;220;168;48m▀[0m[38;2;224;166;40m[48;2;211;159;0m▀[0m[38;2;212;158;0m[48;2;206;155;0m▀[0m[38;2;212;158;0m[48;2;212;158;0m▀[0m[38;2;206;154;0m[48;2;72;48;0m▀[0m[38;2;247;205;19m[48;2;247;203;14m▀[0m[38;2;248;206;25m[48;2;248;206;25m▀[0m[38;2;248;207;29m[48;2;251;215;53m▀[0m[38;2;6;3;0m▀[0m        
          [38;2;253;224;84m[48;2;50;34;1m▀[0m[38;2;250;209;33m[48;2;248;207;27m▀[0m[38;2;249;208;30m[48;2;145;114;9m▀[0m[38;2;249;206;25m▀[0m[38;2;154;36;36m[48;2;155;36;36m▀[0m[38;2;22;11;11m[48;2;127;29;29m▀[0m[38;2;231;189;66m[48;2;67;67;67m▀[0m[38;2;241;205;85m[48;2;69;69;69m▀[0m[38;2;242;203;81m[48;2;53;53;53m▀[0m[38;2;243;207;95m[48;2;63;63;63m▀[0m[38;2;233;191;72m[48;2;67;67;67m▀[0m[38;2;222;170;48m[48;2;68;68;68m▀[0m[38;2;76;53;13m[48;2;156;36;36m▀[0m[38;2;154;36;36m[48;2;154;36;36m▀[0m[38;2;213;159;0m[48;2;101;23;23m▀[0m[38;2;211;157;0m▀[0m[38;2;248;206;24m[48;2;250;212;42m▀[0m[38;2;249;207;29m[48;2;250;209;32m▀[0m[38;2;250;210;37m[48;2;250;211;44m▀[0m           
               [38;2;161;37;37m[48;2;222;74;74m▀[0m[38;2;58;56;52m[48;2;220;61;61m▀[0m[38;2;68;68;68m[48;2;100;100;100m▀[0m[38;2;69;69;69m[48;2;96;96;96m▀[0m[38;2;68;68;68m[48;2;91;91;91m▀[0m[38;2;67;67;67m[48;2;218;57;57m▀[0m[38;2;154;36;36m[48;2;220;61;61m▀[0m[38;2;101;23;23m[48;2;173;41;41m▀[0m                 
               [38;2;48;14;14m▀[0m[38;2;221;82;82m▀[0m[38;2;223;79;79m[48;2;224;89;89m▀[0m[38;2;134;134;134m[48;2;224;89;89m▀[0m[38;2;223;74;74m[48;2;224;89;89m▀[0m[38;2;219;75;75m[48;2;165;39;39m▀[0m[38;2;172;46;46m▀[0m[38;2;23;12;12m▀[0m                 
                 [38;2;224;89;89m▀[0m[38;2;224;89;89m[48;2;224;89;89m▀[0m[38;2;224;89;89m[48;2;23;4;4m▀[0m[38;2;38;21;21m▀[0m                   
                                        
