                                        
          [38;2;211;116;156m▄[0m[38;2;186;64;116m▄[0m              [38;2;210;116;156m▄[0m[38;2;212;120;159m[48;2;213;126;163m▀[0m            
          [38;2;217;136;170m[48;2;211;117;157m▀[0m[38;2;211;119;158m[48;2;219;141;174m▀[0m    [38;2;208;113;153m▄[0m     [38;2;98;30;58m▄[0m[38;2;71;22;43m▄[0m  [38;2;211;117;156m[48;2;210;114;155m▀[0m[38;2;205;97;143m[48;2;253;222;157m▀[0m[38;2;216;132;169m▄[0m           
          [38;2;212;120;159m[48;2;198;119;153m▀[0m[38;2;211;117;157m[48;2;202;188;132m▀[0m[38;2;196;68;122m▄[0m[38;2;196;66;121m▄[0m[38;2;196;67;123m▄[0m[38;2;196;66;121m▄[0m[38;2;215;127;165m[48;2;174;61;110m▀[0m[38;2;212;120;159m[48;2;197;73;126m▀[0m    [38;2;84;26;50m▀[0m[38;2;201;85;135m[48;2;196;68;124m▀[0m[38;2;0;1;0m[48;2;196;69;124m▀[0m[38;2;196;67;123m[48;2;197;70;123m▀[0m[38;2;196;66;122m[48;2;197;71;124m▀[0m[38;2;255;216;126m[48;2;251;207;122m▀[0m[38;2;196;70;123m[48;2;197;70;124m▀[0m[38;2;198;75;127m▄[0m          
         [38;2;167;62;107m▀[0m[38;2;201;83;133m[48;2;196;66;121m▀[0m[38;2;251;211;123m[48;2;196;66;121m▀[0m[38;2;249;205;120m[48;2;196;67;122m▀[0m[38;2;249;204;120m[48;2;196;70;123m▀[0m[38;2;233;194;113m[48;2;196;67;123m▀[0m[38;2;196;65;120m[48;2;199;76;128m▀[0m[38;2;168;65;109m[48;2;196;68;123m▀[0m[38;2;196;67;123m[48;2;196;70;123m▀[0m[38;2;211;116;156m▄[0m[38;2;192;87;132m[48;2;211;117;157m▀[0m[38;2;212;119;158m[48;2;211;117;157m▀[0m[38;2;213;124;163m[48;2;211;117;157m▀[0m[38;2;72;23;43m[48;2;211;119;158m▀[0m[38;2;196;70;123m[48;2;210;115;156m▀[0m[38;2;197;70;123m[48;2;197;73;126m▀[0m[38;2;197;71;124m[48;2;197;70;124m▀[0m[38;2;253;214;133m[48;2;196;67;123m▀[0m[38;2;177;63;113m[48;2;196;65;121m▀[0m[38;2;197;73;126m[48;2;195;63;119m▀[0m[38;2;200;80;131m▀[0m          
          [38;2;197;71;124m▀[0m[38;2;196;70;123m[48;2;112;41;72m▀[0m[38;2;197;70;123m[48;2;210;113;154m▀[0m[38;2;197;71;124m[48;2;198;74;127m▀[0m[38;2;197;71;124m[48;2;198;76;128m▀[0m[38;2;197;71;124m[48;2;198;74;127m▀[0m[38;2;197;71;124m[48;2;197;73;126m▀[0m[38;2;197;73;126m[48;2;197;73;126m▀[0m[38;2;199;77;129m[48;2;200;87;135m▀[0m[38;2;208;109;153m[48;2;196;70;123m▀[0m[38;2;211;119;158m[48;2;9;7;4m▀[0m[38;2;211;119;158m[48;2;196;66;121m▀[0m[38;2;210;116;156m[48;2;196;65;121m▀[0m[38;2;200;79;130m[48;2;196;65;120m▀[0m[38;2;200;80;131m[48;2;195;64;119m▀[0m[38;2;196;66;121m[48;2;68;23;44m▀[0m[38;2;173;54;104m[48;2;181;56;108m▀[0m[38;2;145;45;87m[48;2;114;36;69m▀[0m[38;2;101;32;61m[48;2;130;40;79m▀[0m           
             [38;2;145;46;87m▄[0m[38;2;200;80;130m[48;2;196;66;121m▀[0m[38;2;196;66;121m[48;2;79;76;77m▀[0m[38;2;197;70;124m[48;2;78;75;75m▀[0m[38;2;234;209;219m[48;2;50;37;44m▀[0m[38;2;234;209;219m[48;2;248;225;70m▀[0m[38;2;219;193;204m[48;2;92;83;90m▀[0m[38;2;195;65;120m[48;2;235;210;220m▀[0m[38;2;238;217;226m[48;2;237;214;223m▀[0m[38;2;197;70;124m[48;2;237;214;223m▀[0m[38;2;202;86;135m[48;2;237;214;223m▀[0m[38;2;191;78;126m[48;2;243;227;233m▀[0m[38;2;237;214;223m[48;2;236;214;68m▀[0m[38;2;39;14;25m[48;2;80;77;77m▀[0m[38;2;80;77;77m[48;2;83;81;81m▀[0m            
           [38;2;171;93;127m[48;2;211;117;157m▀[0m[38;2;211;119;158m▄[0m[38;2;197;72;125m[48;2;197;73;126m▀[0m[38;2;197;73;126m[48;2;197;72;125m▀[0m[38;2;77;24;47m[48;2;80;77;77m▀[0m[38;2;80;76;77m[48;2;81;79;79m▀[0m[38;2;60;55;52m[48;2;36;34;34m▀[0m[38;2;169;153;47m[48;2;236;215;70m▀[0m[38;2;237;215;69m[48;2;168;145;47m▀[0m[38;2;238;216;225m[48;2;216;185;198m▀[0m[38;2;236;212;222m[48;2;235;211;221m▀[0m[38;2;236;213;222m[48;2;238;216;225m▀[0m[38;2;237;214;223m[48;2;235;211;221m▀[0m[38;2;80;72;21m[48;2;97;62;44m▀[0m[38;2;48;48;20m[48;2;246;230;82m▀[0m[38;2;85;82;82m[48;2;80;77;77m▀[0m[38;2;58;44;49m[48;2;108;36;68m▀[0m            
          [38;2;32;10;19m▀[0m[38;2;8;3;5m[48;2;211;117;157m▀[0m[38;2;211;119;158m[48;2;211;117;157m▀[0m[38;2;210;114;155m[48;2;206;101;145m▀[0m[38;2;197;72;125m[48;2;197;71;125m▀[0m[38;2;198;75;127m[48;2;197;73;126m▀[0m[38;2;54;51;51m[48;2;200;79;130m▀[0m[38;2;80;77;77m[48;2;89;70;78m▀[0m[38;2;83;72;65m[48;2;243;230;236m▀[0m[38;2;244;239;107m[48;2;125;122;60m▀[0m[38;2;163;85;117m[48;2;235;212;221m▀[0m[38;2;237;214;223m[48;2;235;210;220m▀[0m[38;2;236;213;222m[48;2;236;212;221m▀[0m[38;2;237;214;223m[48;2;235;210;220m▀[0m[38;2;245;233;238m[48;2;245;234;238m▀[0m[38;2;211;208;102m[48;2;64;35;49m▀[0m[38;2;47;45;44m[48;2;165;51;99m▀[0m[38;2;163;51;98m[48;2;163;51;98m▀[0m[38;2;163;51;98m▄[0m[38;2;200;82;133m[48;2;186;58;112m▀[0m[38;2;47;14;28m▀[0m         
        [38;2;24;18;22m▄[0m  [38;2;36;25;35m▄[0m[38;2;211;119;158m[48;2;160;53;99m▀[0m[38;2;197;72;126m[48;2;197;71;124m▀[0m[38;2;197;72;126m[48;2;197;71;124m▀[0m[38;2;197;71;124m[48;2;196;70;123m▀[0m[38;2;197;73;126m[48;2;196;65;120m▀[0m[38;2;197;73;126m[48;2;196;65;120m▀[0m[38;2;197;70;124m[48;2;196;66;122m▀[0m[38;2;198;74;127m[48;2;196;70;123m▀[0m[38;2;198;74;127m[48;2;197;73;126m▀[0m[38;2;198;74;127m[48;2;196;66;121m▀[0m[38;2;198;74;127m[48;2;196;66;121m▀[0m[38;2;199;76;128m[48;2;196;66;121m▀[0m[38;2;146;47;90m[48;2;196;66;121m▀[0m[38;2;163;51;98m[48;2;171;53;103m▀[0m[38;2;163;51;98m[48;2;163;51;98m▀[0m[38;2;163;51;98m[48;2;163;51;98m▀[0m[38;2;163;51;98m[48;2;163;51;98m▀[0m[38;2;194;64;120m[48;2;195;64;120m▀[0m          
        [38;2;146;125;188m[48;2;28;22;40m▀[0m[38;2;146;125;188m[48;2;145;123;188m▀[0m[38;2;146;125;188m[48;2;144;122;188m▀[0m[38;2;128;104;177m[48;2;144;123;187m▀[0m[38;2;200;81;132m[48;2;210;116;156m▀[0m[38;2;196;70;123m[48;2;197;71;124m▀[0m[38;2;196;66;121m[48;2;96;73;145m▀[0m[38;2;196;65;120m[48;2;107;83;156m▀[0m[38;2;195;65;120m[48;2;146;124;188m▀[0m[38;2;196;66;121m[48;2;196;66;121m▀[0m[38;2;196;66;121m[48;2;103;33;62m▀[0m[38;2;196;66;121m[48;2;156;54;97m▀[0m[38;2;196;66;121m[48;2;195;63;119m▀[0m[38;2;196;67;124m[48;2;105;83;148m▀[0m[38;2;196;66;121m[48;2;196;65;121m▀[0m[38;2;196;66;121m[48;2;113;92;156m▀[0m[38;2;196;66;121m[48;2;196;69;123m▀[0m[38;2;195;63;119m[48;2;196;70;123m▀[0m[38;2;109;34;66m[48;2;210;114;155m▀[0m[38;2;164;51;98m[48;2;96;73;144m▀[0m[38;2;91;69;134m[48;2;116;94;160m▀[0m[38;2;124;98;175m[48;2;126;101;176m▀[0m[38;2;139;116;185m[48;2;140;118;185m▀[0m[38;2;146;126;189m[48;2;146;125;189m▀[0m        
        [38;2;15;12;21m▀[0m[38;2;146;124;188m[48;2;142;120;186m▀[0m[38;2;145;123;188m[48;2;145;123;188m▀[0m[38;2;154;135;193m[48;2;154;135;193m▀[0m[38;2;210;116;156m[48;2;199;79;130m▀[0m[38;2;196;65;121m[48;2;155;51;95m▀[0m[38;2;140;117;185m[48;2;146;124;188m▀[0m[38;2;146;124;188m[48;2;145;123;188m▀[0m[38;2;145;123;188m[48;2;143;121;187m▀[0m[38;2;65;42;82m[48;2;143;121;186m▀[0m[38;2;119;93;172m[48;2;131;107;179m▀[0m[38;2;120;94;173m[48;2;135;112;183m▀[0m[38;2;116;94;161m[48;2;127;103;177m▀[0m[38;2;51;22;39m[48;2;130;105;179m▀[0m[38;2;121;96;174m[48;2;129;105;178m▀[0m[38;2;114;91;161m[48;2;126;102;176m▀[0m[38;2;125;99;175m[48;2;201;83;133m▀[0m[38;2;199;77;129m[48;2;197;72;125m▀[0m[38;2;211;119;158m[48;2;200;78;130m▀[0m[38;2;216;130;167m[48;2;122;96;174m▀[0m[38;2;124;98;175m[48;2;124;98;175m▀[0m[38;2;131;107;179m[48;2;123;97;175m▀[0m[38;2;146;125;188m[48;2;109;87;155m▀[0m[38;2;148;127;189m▀[0m        
        [38;2;132;108;180m[48;2;123;97;175m▀[0m[38;2;125;100;176m[48;2;124;98;175m▀[0m[38;2;143;121;187m[48;2;124;99;175m▀[0m[38;2;138;115;183m[48;2;127;102;177m▀[0m[38;2;196;70;123m[48;2;170;145;84m▀[0m[38;2;248;207;122m[48;2;138;115;184m▀[0m[38;2;144;122;187m[48;2;129;105;178m▀[0m[38;2;144;122;187m[48;2;124;98;175m▀[0m[38;2;141;119;186m[48;2;129;105;178m▀[0m[38;2;141;119;186m[48;2;129;104;178m▀[0m[38;2;134;111;181m[48;2;128;103;177m▀[0m[38;2;147;127;190m[48;2;146;124;188m▀[0m[38;2;146;125;188m[48;2;146;125;188m▀[0m[38;2;146;124;188m[48;2;144;122;187m▀[0m[38;2;126;101;177m[48;2;129;105;179m▀[0m[38;2;130;105;179m[48;2;124;98;175m▀[0m[38;2;197;72;125m[48;2;166;52;100m▀[0m[38;2;197;73;126m[48;2;166;51;100m▀[0m[38;2;209;165;95m[48;2;131;107;179m▀[0m[38;2;125;100;175m[48;2;123;97;175m▀[0m[38;2;125;99;175m[48;2;121;96;174m▀[0m[38;2;124;98;175m[48;2;122;97;174m▀[0m[38;2;124;98;175m[48;2;121;96;173m▀[0m[38;2;126;102;177m[48;2;120;94;173m▀[0m        
        [38;2;124;98;175m[48;2;97;74;145m▀[0m[38;2;122;96;174m[48;2;113;86;169m▀[0m[38;2;124;98;175m[48;2;95;72;141m▀[0m[38;2;124;98;175m[48;2;118;92;171m▀[0m[38;2;125;100;175m[48;2;122;97;174m▀[0m[38;2;128;104;177m[48;2;121;96;173m▀[0m[38;2;125;100;175m[48;2;124;99;175m▀[0m[38;2;125;100;175m[48;2;127;102;177m▀[0m[38;2;124;98;175m[48;2;128;104;177m▀[0m[38;2;124;99;175m[48;2;126;101;176m▀[0m[38;2;126;101;176m[48;2;125;99;175m▀[0m[38;2;131;107;179m[48;2;119;93;172m▀[0m[38;2;149;129;190m[48;2;121;96;173m▀[0m[38;2;131;107;179m[48;2;121;96;173m▀[0m[38;2;124;98;175m[48;2;30;19;33m▀[0m[38;2;122;98;169m[48;2;195;65;120m▀[0m[38;2;51;19;34m[48;2;130;105;179m▀[0m[38;2;120;94;173m[48;2;119;93;173m▀[0m[38;2;120;95;173m[48;2;122;97;174m▀[0m[38;2;120;95;173m[48;2;120;94;173m▀[0m[38;2;119;93;172m[48;2;118;92;171m▀[0m[38;2;121;96;173m[48;2;120;94;173m▀[0m[38;2;122;97;174m[48;2;118;92;172m▀[0m[38;2;119;93;172m[48;2;110;84;166m▀[0m        
        [38;2;91;69;136m[48;2;91;69;136m▀[0m[38;2;90;68;135m[48;2;91;69;136m▀[0m[38;2;90;68;135m[48;2;91;69;136m▀[0m[38;2;97;74;147m[48;2;97;74;146m▀[0m[38;2;115;89;170m[48;2;105;80;157m▀[0m[38;2;118;92;171m[48;2;93;70;139m▀[0m[38;2;103;78;153m[48;2;89;67;133m▀[0m[38;2;94;71;140m[48;2;90;68;133m▀[0m[38;2;88;66;132m[48;2;90;68;134m▀[0m[38;2;92;70;137m[48;2;90;68;133m▀[0m[38;2;97;74;145m[48;2;90;68;135m▀[0m[38;2;116;90;171m[48;2;95;72;141m▀[0m[38;2;133;110;182m[48;2;96;73;143m▀[0m[38;2;118;92;171m[48;2;99;75;150m▀[0m[38;2;196;67;124m[48;2;197;70;126m▀[0m[38;2;196;68;125m[48;2;196;66;121m▀[0m[38;2;122;50;86m[48;2;196;68;124m▀[0m[38;2;120;94;173m[48;2;118;92;171m▀[0m[38;2;119;93;172m[48;2;113;86;169m▀[0m[38;2;120;94;173m[48;2;109;82;162m▀[0m[38;2;118;92;171m[48;2;118;92;172m▀[0m[38;2;115;89;170m[48;2;113;86;169m▀[0m[38;2;98;75;148m[48;2;95;72;141m▀[0m[38;2;90;68;134m[48;2;90;68;135m▀[0m        
       [38;2;79;60;118m▀[0m[38;2;90;68;134m▀[0m[38;2;90;68;135m[48;2;87;66;131m▀[0m[38;2;90;68;135m[48;2;90;68;135m▀[0m[38;2;90;68;135m[48;2;90;68;135m▀[0m[38;2;90;68;134m[48;2;90;68;133m▀[0m[38;2;90;68;134m[48;2;90;68;134m▀[0m[38;2;90;68;135m[48;2;90;68;135m▀[0m[38;2;90;68;133m[48;2;90;68;134m▀[0m[38;2;90;68;135m[48;2;90;68;133m▀[0m[38;2;90;68;135m[48;2;90;68;135m▀[0m[38;2;90;68;135m[48;2;91;69;136m▀[0m[38;2;91;68;135m[48;2;91;69;136m▀[0m[38;2;97;74;146m[48;2;90;68;134m▀[0m[38;2;164;51;98m[48;2;163;51;98m▀[0m[38;2;163;51;98m[48;2;163;51;98m▀[0m[38;2;163;51;98m[48;2;164;51;98m▀[0m[38;2;163;51;98m[48;2;99;30;59m▀[0m[38;2;90;68;135m[48;2;90;68;135m▀[0m[38;2;90;68;135m[48;2;90;68;135m▀[0m[38;2;94;71;140m[48;2;91;69;136m▀[0m[38;2;96;73;144m[48;2;90;68;136m▀[0m[38;2;103;78;154m[48;2;90;68;136m▀[0m[38;2;93;70;139m[48;2;90;68;134m▀[0m[38;2;91;69;136m[48;2;90;68;134m▀[0m        
           [38;2;90;68;134m▀[0m[38;2;90;68;135m▀[0m[38;2;90;68;135m[48;2;102;78;154m▀[0m[38;2;91;69;136m[48;2;119;93;172m▀[0m[38;2;91;69;136m[48;2;108;82;161m▀[0m[38;2;90;68;135m[48;2;91;69;136m▀[0m[38;2;91;69;136m[48;2;90;68;134m▀[0m[38;2;90;68;135m[48;2;91;69;136m▀[0m[38;2;90;68;135m[48;2;91;69;136m▀[0m[38;2;90;68;135m[48;2;101;76;151m▀[0m[38;2;165;51;99m[48;2;165;51;99m▀[0m[38;2;165;51;99m[48;2;165;51;99m▀[0m[38;2;164;51;98m[48;2;165;51;99m▀[0m[38;2;28;21;41m[48;2;167;52;101m▀[0m[38;2;93;71;139m[48;2;91;69;136m▀[0m[38;2;91;69;136m[48;2;91;68;136m▀[0m[38;2;90;68;136m[48;2;91;68;136m▀[0m[38;2;90;68;135m[48;2;91;69;136m▀[0m[38;2;92;69;137m▀[0m[38;2;1;1;1m[48;2;79;60;116m▀[0m[38;2;106;80;158m▀[0m[38;2;122;96;174m▀[0m       
               [38;2;119;93;172m▀[0m[38;2;55;42;83m▀[0m[38;2;108;82;162m▀[0m[38;2;92;70;137m[48;2;137;43;85m▀[0m[38;2;30;22;44m[48;2;95;72;144m▀[0m[38;2;90;68;135m▀[0m[38;2;163;51;98m[48;2;163;51;98m▀[0m[38;2;163;51;98m[48;2;163;51;98m▀[0m[38;2;165;51;99m[48;2;32;12;21m▀[0m[38;2;91;69;136m▀[0m[38;2;91;69;136m[48;2;116;89;171m▀[0m[38;2;91;69;136m▀[0m[38;2;16;12;23m▀[0m            
                 [38;2;106;33;64m▀[0m[38;2;68;22;41m▀[0m  [38;2;163;51;98m[48;2;11;9;10m▀[0m[38;2;163;51;98m[48;2;114;35;71m▀[0m                 
                                        
