                                        
                     [38;2;164;163;194m▄[0m[38;2;33;32;39m▄[0m   [38;2;70;137;149m▄[0m[38;2;0;0;0m▀[0m [38;2;155;153;180m▄[0m[38;2;42;42;50m▀[0m         
                  [38;2;67;131;143m▄[0m[38;2;68;133;145m▄[0m [38;2;156;155;184m▄[0m[38;2;156;154;183m[48;2;156;154;184m▀[0m[38;2;49;73;80m▄[0m  [38;2;63;125;136m[48;2;67;132;144m▀[0m [38;2;54;53;62m[48;2;157;155;186m▀[0m[38;2;96;92;110m[48;2;137;190;203m▀[0m          
                   [38;2;68;133;145m[48;2;120;124;168m▀[0m[38;2;125;128;172m[48;2;121;124;170m▀[0m[38;2;123;126;170m[48;2;121;125;169m▀[0m[38;2;137;138;176m[48;2;77;160;183m▀[0m[38;2;122;125;171m▄[0m[38;2;122;124;168m▄[0m[38;2;56;113;161m[48;2;125;127;172m▀[0m[38;2;115;115;152m[48;2;124;126;172m▀[0m[38;2;144;145;179m[48;2;122;125;171m▀[0m[38;2;158;156;187m[48;2;126;129;172m▀[0m[38;2;153;210;227m▀[0m  [38;2;63;130;148m▄[0m       
               [38;2;164;163;194m[48;2;168;166;198m▀[0m [38;2;74;76;101m▄[0m[38;2;122;125;172m[48;2;128;132;175m▀[0m[38;2;122;126;172m[48;2;121;125;170m▀[0m[38;2;125;128;172m[48;2;49;50;65m▀[0m[38;2;126;129;175m[48;2;129;132;173m▀[0m[38;2;122;126;172m[48;2;135;136;175m▀[0m[38;2;122;126;172m[48;2;118;122;165m▀[0m[38;2;121;124;169m[48;2;118;122;166m▀[0m[38;2;119;123;167m[48;2;122;126;171m▀[0m[38;2;120;123;166m[48;2;42;43;58m▀[0m[38;2;119;122;164m[48;2;25;40;56m▀[0m[38;2;34;70;86m[48;2;52;106;153m▀[0m[38;2;31;60;72m[48;2;50;101;145m▀[0m[38;2;66;130;142m▄[0m[38;2;24;48;53m[48;2;30;44;51m▀[0m[38;2;18;38;43m▀[0m [38;2;41;58;62m[48;2;138;189;204m▀[0m     
               [38;2;157;156;185m[48;2;120;123;169m▀[0m[38;2;86;173;199m[48;2;124;127;172m▀[0m[38;2;139;141;182m[48;2;75;162;187m▀[0m[38;2;147;146;179m[48;2;148;148;181m▀[0m[38;2;147;146;179m[48;2;148;148;184m▀[0m[38;2;147;146;180m[48;2;143;144;181m▀[0m[38;2;147;146;180m[48;2;149;149;182m▀[0m[38;2;148;148;183m[48;2;147;146;182m▀[0m[38;2;150;151;191m[48;2;150;150;184m▀[0m[38;2;126;129;173m[48;2;143;143;180m▀[0m[38;2;123;126;172m[48;2;126;128;172m▀[0m[38;2;122;126;172m[48;2;121;124;169m▀[0m[38;2;121;125;171m[48;2;120;124;168m▀[0m[38;2;120;124;169m[48;2;119;123;166m▀[0m[38;2;121;124;168m[48;2;119;122;164m▀[0m[38;2;110;181;199m[48;2;120;124;168m▀[0m[38;2;130;131;170m▄[0m[38;2;57;79;83m▄[0m[38;2;20;27;29m[48;2;92;93;109m▀[0m[38;2;147;204;218m[48;2;159;156;184m▀[0m     
               [38;2;122;125;171m▀[0m[38;2;148;147;182m[48;2;146;146;180m▀[0m[38;2;148;148;182m[48;2;129;132;175m▀[0m[38;2;125;128;173m[48;2;122;126;171m▀[0m[38;2;122;125;169m[48;2;125;127;172m▀[0m[38;2;126;130;177m[48;2;124;126;172m▀[0m[38;2;121;124;169m[48;2;122;125;171m▀[0m[38;2;121;125;169m[48;2;120;124;167m▀[0m[38;2;126;130;174m[48;2;122;126;172m▀[0m[38;2;141;141;177m[48;2;121;126;171m▀[0m[38;2;141;142;179m[48;2;120;124;169m▀[0m[38;2;121;124;168m[48;2;121;125;170m▀[0m[38;2;121;124;168m[48;2;122;125;167m▀[0m[38;2;121;124;169m[48;2;123;127;174m▀[0m[38;2;122;126;171m[48;2;121;124;168m▀[0m[38;2;122;125;170m[48;2;120;124;167m▀[0m[38;2;125;129;173m[48;2;147;146;179m▀[0m[38;2;156;155;185m[48;2;165;162;194m▀[0m[38;2;158;157;187m▀[0m      
             [38;2;215;124;164m▄[0m[38;2;192;75;132m[48;2;205;73;139m▀[0m[38;2;208;72;140m[48;2;206;72;139m▀[0m[38;2;207;71;139m[48;2;205;70;139m▀[0m[38;2;66;23;45m[48;2;203;70;137m▀[0m[38;2;205;203;233m[48;2;18;22;20m▀[0m[38;2;47;57;75m[48;2;213;123;161m▀[0m[38;2;119;122;164m[48;2;54;68;88m▀[0m[38;2;193;191;220m[48;2;170;168;115m▀[0m[38;2;72;74;73m[48;2;204;202;233m▀[0m[38;2;121;125;170m[48;2;189;62;125m▀[0m[38;2;135;138;187m[48;2;117;40;79m▀[0m[38;2;211;90;146m[48;2;44;50;55m▀[0m[38;2;211;99;151m[48;2;133;135;153m▀[0m[38;2;216;125;164m[48;2;215;74;146m▀[0m[38;2;216;125;164m[48;2;201;68;136m▀[0m[38;2;208;89;147m[48;2;208;104;151m▀[0m[38;2;204;69;138m[48;2;213;124;162m▀[0m[38;2;203;70;137m▄[0m        
            [38;2;16;9;13m▄[0m[38;2;203;71;138m[48;2;166;49;107m▀[0m[38;2;88;38;64m[48;2;145;136;151m▀[0m[38;2;176;172;195m[48;2;147;137;153m▀[0m[38;2;62;58;65m▀[0m[38;2;208;70;141m▀[0m[38;2;203;69;137m▀[0m[38;2;206;91;142m[48;2;41;34;46m▀[0m[38;2;50;18;33m[48;2;71;71;92m▀[0m[38;2;65;64;86m[48;2;24;24;30m▀[0m[38;2;63;26;45m[48;2;92;74;96m▀[0m[38;2;93;74;97m[48;2;92;74;96m▀[0m[38;2;93;74;96m[48;2;93;74;96m▀[0m[38;2;147;138;154m[48;2;156;147;163m▀[0m [38;2;200;197;226m▀[0m[38;2;192;190;218m[48;2;198;196;225m▀[0m[38;2;204;70;138m[48;2;200;196;225m▀[0m[38;2;204;73;139m[48;2;209;74;140m▀[0m[38;2;206;81;142m[48;2;215;114;159m▀[0m[38;2;205;70;138m[48;2;206;71;139m▀[0m       
             [38;2;197;196;225m[48;2;182;182;208m▀[0m[38;2;147;138;154m[48;2;146;138;154m▀[0m[38;2;146;137;151m[48;2;148;139;154m▀[0m[38;2;7;7;7m▄[0m [38;2;201;198;228m[48;2;192;190;222m▀[0m[38;2;119;97;130m[48;2;173;155;175m▀[0m[38;2;92;90;118m[48;2;129;106;137m▀[0m[38;2;93;74;96m[48;2;121;99;132m▀[0m[38;2;94;76;98m[48;2;118;95;133m▀[0m[38;2;95;76;98m[48;2;245;242;183m▀[0m[38;2;112;88;124m[48;2;245;241;182m▀[0m[38;2;216;213;229m[48;2;250;246;200m▀[0m[38;2;178;176;202m▄[0m [38;2;208;206;237m▀[0m[38;2;194;192;221m[48;2;197;195;224m▀[0m[38;2;202;201;226m[48;2;212;209;228m▀[0m[38;2;213;111;156m[48;2;208;75;141m▀[0m[38;2;208;71;140m▀[0m       
              [38;2;149;139;154m[48;2;61;58;66m▀[0m[38;2;150;141;156m[48;2;150;140;156m▀[0m[38;2;151;141;157m[48;2;150;140;156m▀[0m[38;2;208;207;237m[48;2;190;187;215m▀[0m[38;2;255;252;157m[48;2;152;131;157m▀[0m[38;2;173;155;177m[48;2;172;156;175m▀[0m[38;2;120;98;132m[48;2;121;99;132m▀[0m[38;2;247;243;157m[48;2;119;97;130m▀[0m[38;2;247;243;183m[48;2;120;97;130m▀[0m[38;2;245;241;176m[48;2;119;97;130m▀[0m[38;2;121;99;134m[48;2;119;97;130m▀[0m[38;2;157;137;157m[48;2;119;98;130m▀[0m[38;2;215;212;227m[48;2;220;218;231m▀[0m [38;2;15;15;18m▄[0m[38;2;193;191;220m[48;2;193;191;220m▀[0m[38;2;211;209;226m[48;2;197;196;223m▀[0m[38;2;103;32;67m▀[0m        
               [38;2;152;142;156m[48;2;141;132;147m▀[0m[38;2;82;76;84m[48;2;204;200;230m▀[0m[38;2;119;97;131m[48;2;117;96;128m▀[0m[38;2;247;244;210m[48;2;246;242;209m▀[0m[38;2;146;127;153m[48;2;119;96;129m▀[0m[38;2;118;97;129m[48;2;118;97;129m▀[0m[38;2;238;232;147m[48;2;241;236;178m▀[0m[38;2;115;93;127m[48;2;124;105;115m▀[0m[38;2;117;96;128m[48;2;118;96;129m▀[0m[38;2;118;96;129m[48;2;118;96;128m▀[0m[38;2;120;97;130m[48;2;118;97;129m▀[0m[38;2;219;216;230m[48;2;194;191;219m▀[0m [38;2;205;202;232m[48;2;191;189;217m▀[0m[38;2;198;196;219m[48;2;195;192;220m▀[0m[38;2;192;190;218m▀[0m         
              [38;2;27;25;27m▄[0m[38;2;148;139;154m[48;2;147;138;153m▀[0m[38;2;193;190;220m[48;2;202;199;229m▀[0m[38;2;119;96;130m[48;2;121;98;132m▀[0m[38;2;248;245;211m[48;2;171;154;175m▀[0m[38;2;116;95;128m[48;2;117;95;129m▀[0m[38;2;118;96;129m[48;2;118;96;129m▀[0m[38;2;244;240;181m[48;2;119;97;131m▀[0m[38;2;118;96;129m[48;2;119;97;130m▀[0m[38;2;118;96;129m[48;2;122;99;132m▀[0m[38;2;118;96;129m[48;2;120;98;131m▀[0m[38;2;163;144;161m[48;2;189;180;188m▀[0m  [38;2;195;193;222m[48;2;196;194;223m▀[0m[38;2;197;195;223m▀[0m          
           [38;2;199;198;227m▄[0m[38;2;151;142;158m▄[0m[38;2;155;145;160m[48;2;153;143;159m▀[0m[38;2;152;141;157m▀[0m[38;2;135;128;143m▀[0m[38;2;145;144;164m▀[0m[38;2;118;96;129m[48;2;114;94;114m▀[0m[38;2;253;250;197m[48;2;250;248;213m▀[0m[38;2;120;99;132m[48;2;122;98;132m▀[0m[38;2;121;99;132m[48;2;119;97;129m▀[0m[38;2;253;247;155m[48;2;245;242;183m▀[0m[38;2;121;98;132m[48;2;115;94;125m▀[0m[38;2;67;52;74m[48;2;250;253;255m▀[0m[38;2;126;102;137m[48;2;252;254;255m▀[0m[38;2;181;179;205m▀[0m [38;2;33;33;37m[48;2;208;205;232m▀[0m[38;2;196;194;222m[48;2;200;198;224m▀[0m           
        [38;2;211;209;226m▄[0m[38;2;203;201;229m[48;2;193;185;181m▀[0m[38;2;195;192;221m▀[0m[38;2;11;11;13m▀[0m     [38;2;195;193;221m[48;2;176;177;176m▀[0m[38;2;151;134;146m[48;2;95;75;91m▀[0m[38;2;97;79;101m[48;2;136;118;136m▀[0m[38;2;93;75;97m[48;2;94;75;98m▀[0m[38;2;160;147;121m[48;2;178;165;127m▀[0m[38;2;103;83;109m[48;2;62;59;65m▀[0m[38;2;247;250;253m[48;2;245;247;250m▀[0m[38;2;247;250;253m[48;2;245;248;251m▀[0m[38;2;244;246;250m▄[0m [38;2;212;209;227m[48;2;210;207;224m▀[0m[38;2;47;45;51m[48;2;86;87;88m▀[0m           
      [38;2;210;207;224m▄[0m[38;2;214;212;230m[48;2;241;241;243m▀[0m[38;2;188;182;177m[48;2;242;244;246m▀[0m[38;2;245;247;250m[48;2;242;243;245m▀[0m       [38;2;182;174;170m[48;2;184;176;171m▀[0m[38;2;193;190;218m[48;2;183;176;171m▀[0m[38;2;145;128;144m[48;2;195;192;221m▀[0m[38;2;92;74;96m[48;2;147;130;143m▀[0m[38;2;205;195;136m[48;2;95;76;98m▀[0m[38;2;243;246;247m[48;2;253;253;253m▀[0m[38;2;244;245;248m[48;2;251;254;255m▀[0m[38;2;244;246;249m[48;2;255;255;255m▀[0m[38;2;245;248;251m[48;2;254;255;255m▀[0m[38;2;249;253;255m▀[0m[38;2;214;212;229m[48;2;53;52;57m▀[0m[38;2;250;254;255m[48;2;248;252;255m▀[0m[38;2;8;8;8m[48;2;248;251;254m▀[0m[38;2;248;252;255m▄[0m         
     [38;2;136;134;146m▄[0m[38;2;226;225;225m[48;2;242;243;246m▀[0m[38;2;242;244;246m[48;2;232;233;233m▀[0m[38;2;241;242;244m▀[0m[38;2;245;246;249m▀[0m        [38;2;188;180;174m▀[0m[38;2;198;189;181m[48;2;183;175;171m▀[0m[38;2;205;203;229m[48;2;160;153;147m▀[0m[38;2;94;75;98m[48;2;211;209;230m▀[0m[38;2;249;251;251m[48;2;169;170;171m▀[0m[38;2;246;248;253m[48;2;244;246;249m▀[0m[38;2;246;248;252m[48;2;246;248;252m▀[0m[38;2;85;85;86m▀[0m  [38;2;58;57;63m[48;2;214;211;228m▀[0m[38;2;247;249;252m[48;2;243;245;247m▀[0m[38;2;243;244;246m[48;2;242;244;246m▀[0m         
     [38;2;241;241;243m[48;2;232;233;233m▀[0m              [38;2;183;175;170m▀[0m[38;2;193;184;179m[48;2;181;173;168m▀[0m[38;2;104;101;117m[48;2;181;173;168m▀[0m[38;2;243;244;247m[48;2;182;174;169m▀[0m[38;2;250;251;253m[48;2;114;110;106m▀[0m    [38;2;90;88;98m▀[0m[38;2;246;249;251m[48;2;213;214;214m▀[0m[38;2;248;249;252m[48;2;253;255;255m▀[0m        
                 [38;2;146;143;142m▀[0m[38;2;130;128;127m▀[0m[38;2;185;177;172m▀[0m[38;2;183;175;170m▀[0m[38;2;186;178;174m▀[0m[38;2;28;26;25m▀[0m[38;2;186;179;175m▀[0m[38;2;72;71;71m[48;2;45;45;45m▀[0m[38;2;255;255;255m▀[0m[38;2;255;255;255m▀[0m[38;2;250;253;255m▀[0m[38;2;249;253;255m▀[0m  [38;2;177;178;177m▀[0m[38;2;252;254;255m[48;2;9;9;9m▀[0m[38;2;96;96;96m▄[0m      
                                        
