                                        
                                        
       [38;2;242;246;215m▄[0m[38;2;130;130;115m▄[0m                    [38;2;186;188;166m▄[0m[38;2;130;145;129m▄[0m[38;2;42;45;40m▄[0m        
        [38;2;239;245;215m[48;2;226;238;191m▀[0m[38;2;228;239;197m[48;2;180;191;151m▀[0m[38;2;204;207;171m[48;2;224;236;187m▀[0m[38;2;76;79;63m▄[0m[38;2;11;11;9m▄[0m              [38;2;239;244;214m▄[0m[38;2;239;241;212m[48;2;222;237;188m▀[0m[38;2;135;151;135m[48;2;140;157;140m▀[0m[38;2;129;144;129m[48;2;81;89;79m▀[0m[38;2;129;145;129m▀[0m        
        [38;2;140;147;117m[48;2;42;35;29m▀[0m[38;2;193;207;164m[48;2;108;92;72m▀[0m[38;2;109;92;72m[48;2;108;92;72m▀[0m[38;2;125;133;105m[48;2;108;92;72m▀[0m[38;2;108;92;72m[48;2;108;92;71m▀[0m    [38;2;143;125;102m▄[0m[38;2;173;108;84m▄[0m[38;2;76;67;57m[48;2;151;91;69m▀[0m[38;2;137;121;100m[48;2;110;93;73m▀[0m[38;2;17;15;12m▄[0m    [38;2;120;107;88m[48;2;110;93;73m▀[0m[38;2;225;242;190m[48;2;111;93;73m▀[0m[38;2;136;151;135m[48;2;73;65;57m▀[0m[38;2;137;153;136m[48;2;72;65;57m▀[0m[38;2;131;147;130m[48;2;71;65;58m▀[0m         
         [38;2;110;93;72m▀[0m[38;2;110;93;72m[48;2;72;65;57m▀[0m[38;2;93;79;66m[48;2;72;65;58m▀[0m[38;2;70;63;57m[48;2;73;65;58m▀[0m   [38;2;249;251;229m▀[0m[38;2;241;247;216m[48;2;73;66;58m▀[0m[38;2;217;220;183m[48;2;50;45;40m▀[0m[38;2;241;245;215m[48;2;69;62;55m▀[0m[38;2;1;1;1m[48;2;87;86;76m▀[0m[38;2;218;131;98m[48;2;72;65;58m▀[0m[38;2;113;96;74m[48;2;108;92;72m▀[0m   [38;2;109;92;72m[48;2;108;92;72m▀[0m[38;2;109;92;72m[48;2;29;27;23m▀[0m[38;2;87;90;101m[48;2;129;75;69m▀[0m[38;2;110;115;132m[48;2;71;64;57m▀[0m[38;2;101;87;69m▀[0m         
           [38;2;172;99;89m▀[0m[38;2;155;90;82m[48;2;111;94;74m▀[0m[38;2;23;16;15m[48;2;110;93;72m▀[0m [38;2;202;202;185m▄[0m[38;2;219;235;184m▄[0m[38;2;71;65;57m[48;2;72;65;57m▀[0m[38;2;72;65;58m[48;2;52;50;43m▀[0m[38;2;62;56;49m[48;2;154;90;80m▀[0m[38;2;71;64;57m[48;2;139;81;73m▀[0m[38;2;37;33;29m[48;2;101;85;69m▀[0m[38;2;112;95;74m[48;2;111;93;73m▀[0m   [38;2;156;90;76m[48;2;242;136;102m▀[0m[38;2;73;66;59m[48;2;155;91;81m▀[0m[38;2;74;67;59m▀[0m           
            [38;2;111;94;73m[48;2;91;91;93m▀[0m[38;2;113;97;75m[48;2;240;137;102m▀[0m[38;2;235;134;101m[48;2;242;136;102m▀[0m[38;2;198;202;214m[48;2;223;229;240m▀[0m[38;2;125;71;64m[48;2;212;216;229m▀[0m[38;2;110;93;72m[48;2;222;224;231m▀[0m[38;2;112;95;74m[48;2;75;74;72m▀[0m[38;2;213;218;225m[48;2;212;217;228m▀[0m[38;2;118;101;77m[48;2;69;68;68m▀[0m[38;2;110;93;73m[48;2;186;190;200m▀[0m[38;2;110;94;73m[48;2;214;220;227m▀[0m[38;2;84;89;109m[48;2;212;216;228m▀[0m[38;2;215;218;228m[48;2;208;213;224m▀[0m[38;2;239;135;101m▄[0m[38;2;110;93;73m[48;2;239;134;99m▀[0m[38;2;109;92;71m[48;2;246;138;104m▀[0m            
            [38;2;235;235;231m[48;2;126;133;159m▀[0m[38;2;235;235;231m[48;2;79;81;84m▀[0m[38;2;235;235;231m[48;2;82;98;130m▀[0m[38;2;235;234;231m[48;2;83;99;132m▀[0m[38;2;233;232;227m[48;2;232;232;228m▀[0m[38;2;235;235;231m[48;2;179;179;176m▀[0m[38;2;101;105;125m[48;2;233;232;229m▀[0m[38;2;208;212;224m[48;2;235;235;231m▀[0m[38;2;203;207;218m[48;2;219;222;232m▀[0m[38;2;206;210;222m[48;2;207;211;222m▀[0m[38;2;208;212;225m[48;2;206;210;222m▀[0m[38;2;62;64;75m[48;2;207;210;222m▀[0m[38;2;217;220;229m[48;2;206;210;222m▀[0m[38;2;98;77;67m[48;2;206;210;222m▀[0m[38;2;239;134;100m[48;2;203;207;219m▀[0m[38;2;240;135;100m[48;2;205;209;222m▀[0m[38;2;208;212;217m[48;2;187;190;201m▀[0m           
             [38;2;124;131;155m[48;2;157;91;83m▀[0m[38;2;82;98;130m[48;2;130;138;163m▀[0m[38;2;85;102;135m[48;2;81;97;124m▀[0m[38;2;232;232;228m[48;2;121;128;147m▀[0m[38;2;234;233;230m[48;2;82;98;130m▀[0m[38;2;212;210;206m[48;2;19;28;45m▀[0m[38;2;81;97;127m[48;2;90;103;134m▀[0m[38;2;83;99;131m[48;2;82;98;131m▀[0m[38;2;83;99;131m[48;2;84;100;132m▀[0m[38;2;240;239;236m[48;2;47;54;70m▀[0m[38;2;232;232;229m[48;2;83;99;133m▀[0m[38;2;200;202;209m[48;2;83;99;132m▀[0m[38;2;90;92;101m[48;2;85;101;132m▀[0m[38;2;81;97;124m[48;2;157;91;82m▀[0m[38;2;134;78;69m[48;2;238;134;101m▀[0m[38;2;254;149;112m▄[0m           
          [38;2;254;162;125m▄[0m[38;2;110;93;72m▄[0m[38;2;73;66;59m[48;2;72;65;57m▀[0m[38;2;153;90;82m[48;2;73;66;58m▀[0m[38;2;153;89;82m▀[0m [38;2;100;113;143m▀[0m[38;2;94;106;137m[48;2;42;41;44m▀[0m[38;2;57;70;96m[48;2;120;127;153m▀[0m[38;2;92;106;138m[48;2;159;93;84m▀[0m[38;2;110;119;144m[48;2;44;51;59m▀[0m[38;2;119;127;153m[48;2;124;130;156m▀[0m[38;2;88;103;136m▀[0m[38;2;96;108;139m[48;2;52;54;62m▀[0m[38;2;105;117;145m▀[0m  [38;2;239;135;102m▀[0m[38;2;110;92;72m[48;2;115;97;75m▀[0m[38;2;110;93;72m[48;2;117;100;78m▀[0m[38;2;110;93;72m▄[0m         
     [38;2;148;130;108m▄[0m[38;2;131;116;96m[48;2;126;109;87m▀[0m[38;2;150;133;110m[48;2;110;93;72m▀[0m[38;2;78;68;53m[48;2;107;91;71m▀[0m[38;2;240;135;101m[48;2;204;113;85m▀[0m[38;2;238;133;99m[48;2;47;42;38m▀[0m[38;2;111;95;73m▀[0m[38;2;40;33;26m▀[0m  [38;2;236;235;231m▄[0m[38;2;93;98;120m▄[0m[38;2;218;221;230m▄[0m[38;2;50;42;42m[48;2;233;131;98m▀[0m[38;2;154;88;79m[48;2;151;88;81m▀[0m[38;2;158;91;82m[48;2;153;89;82m▀[0m[38;2;158;92;83m[48;2;152;89;80m▀[0m[38;2;169;175;189m▄[0m[38;2;204;208;221m▄[0m[38;2;205;209;221m▄[0m    [38;2;62;52;42m▀[0m[38;2;238;142;108m[48;2;241;136;102m▀[0m[38;2;235;131;98m[48;2;236;144;110m▀[0m[38;2;237;132;99m▄[0m       
   [38;2;221;235;183m▄[0m[38;2;222;236;188m[48;2;133;150;134m▀[0m[38;2;92;79;65m[48;2;45;45;40m▀[0m[38;2;72;65;57m[48;2;39;35;31m▀[0m[38;2;141;145;166m▀[0m[38;2;151;86;77m▀[0m[38;2;12;11;9m▀[0m     [38;2;62;64;75m▀[0m[38;2;229;228;222m[48;2;121;128;150m▀[0m[38;2;231;230;225m[48;2;109;117;140m▀[0m[38;2;231;230;227m[48;2;233;231;228m▀[0m[38;2;107;104;101m[48;2;232;232;229m▀[0m[38;2;180;99;73m[48;2;238;238;235m▀[0m[38;2;94;89;90m[48;2;74;91;123m▀[0m[38;2;205;209;216m[48;2;148;150;158m▀[0m[38;2;207;210;222m[48;2;41;49;66m▀[0m[38;2;207;211;223m[48;2;85;101;133m▀[0m[38;2;152;155;156m▀[0m     [38;2;133;115;92m[48;2;110;93;72m▀[0m[38;2;139;121;99m[48;2;148;131;109m▀[0m[38;2;113;96;75m[48;2;110;93;73m▀[0m[38;2;111;93;73m▄[0m     
    [38;2;125;138;124m▀[0m       [38;2;7;5;5m▄[0m[38;2;148;129;106m▄[0m[38;2;115;99;76m[48;2;110;93;73m▀[0m[38;2;238;135;101m[48;2;227;131;98m▀[0m[38;2;156;91;81m[48;2;223;124;96m▀[0m[38;2;128;134;157m[48;2;7;7;7m▀[0m[38;2;129;136;160m[48;2;70;74;84m▀[0m[38;2;126;133;158m[48;2;130;137;162m▀[0m[38;2;83;99;131m[48;2;81;98;129m▀[0m[38;2;82;98;131m[48;2;112;123;151m▀[0m[38;2;83;99;132m[48;2;126;134;159m▀[0m[38;2;64;79;106m[48;2;207;116;92m▀[0m[38;2;203;114;91m[48;2;232;137;104m▀[0m[38;2;110;94;73m▄[0m     [38;2;109;93;72m[48;2;92;78;61m▀[0m[38;2;147;130;107m[48;2;74;64;50m▀[0m[38;2;109;92;72m[48;2;239;250;199m▀[0m[38;2;104;87;68m[48;2;224;236;187m▀[0m[38;2;110;93;72m[48;2;232;245;193m▀[0m[38;2;143;150;119m▄[0m   
            [38;2;49;39;34m[48;2;237;133;99m▀[0m[38;2;110;94;73m[48;2;238;133;100m▀[0m[38;2;110;94;73m[48;2;240;135;101m▀[0m[38;2;109;93;73m[48;2;140;82;74m▀[0m   [38;2;227;233;244m▀[0m   [38;2;105;61;46m▀[0m[38;2;118;98;77m[48;2;110;93;73m▀[0m[38;2;111;94;73m[48;2;149;131;109m▀[0m[38;2;112;95;74m[48;2;71;64;57m▀[0m[38;2;72;65;58m▄[0m    [38;2;58;49;39m▀[0m[38;2;221;235;186m[48;2;126;142;127m▀[0m[38;2;220;235;185m[48;2;114;123;104m▀[0m[38;2;173;184;146m[48;2;137;152;133m▀[0m[38;2;225;238;190m[48;2;102;113;101m▀[0m   
            [38;2;155;90;81m[48;2;71;65;57m▀[0m[38;2;155;90;82m[48;2;159;93;83m▀[0m[38;2;156;91;82m[48;2;158;92;83m▀[0m[38;2;157;91;82m[48;2;75;46;42m▀[0m        [38;2;83;50;46m[48;2;104;62;56m▀[0m[38;2;153;90;81m[48;2;155;91;81m▀[0m[38;2;153;89;81m[48;2;156;91;81m▀[0m[38;2;153;90;81m[48;2;155;91;81m▀[0m[38;2;98;59;54m[48;2;157;90;81m▀[0m      [38;2;132;148;132m[48;2;181;193;153m▀[0m[38;2;120;134;119m▀[0m   
          [38;2;236;240;208m▄[0m[38;2;59;65;58m[48;2;143;153;120m▀[0m[38;2;58;63;56m[48;2;130;146;130m▀[0m[38;2;71;64;57m[48;2;72;65;58m▀[0m[38;2;71;64;57m[48;2;72;65;57m▀[0m[38;2;71;64;57m[48;2;72;65;58m▀[0m        [38;2;69;60;51m[48;2;95;80;63m▀[0m[38;2;52;43;39m[48;2;71;64;57m▀[0m[38;2;37;33;30m[48;2;46;40;36m▀[0m[38;2;71;65;57m[48;2;130;144;129m▀[0m[38;2;58;46;41m[48;2;25;22;19m▀[0m           
                         [38;2;53;48;42m▀[0m[38;2;219;233;183m▀[0m[38;2;220;233;188m▀[0m[38;2;229;238;197m[48;2;250;250;239m▀[0m[38;2;28;30;24m[48;2;39;39;31m▀[0m          
                                        
                                        
