                                        
                [38;2;173;175;114m▄[0m[38;2;245;183;184m[48;2;245;183;183m▀[0m[38;2;174;174;114m[48;2;245;183;184m▀[0m                     
                [38;2;250;185;188m[48;2;246;191;181m▀[0m[38;2;245;183;184m[48;2;246;189;182m▀[0m[38;2;245;183;183m[48;2;246;187;183m▀[0m [38;2;245;184;183m▄[0m                   
      [38;2;174;174;114m▄[0m[38;2;245;183;183m▄[0m[38;2;246;186;184m▄[0m      [38;2;231;207;161m▄[0m[38;2;247;202;178m[48;2;245;213;176m▀[0m[38;2;247;199;179m[48;2;246;211;176m▀[0m[38;2;248;196;181m[48;2;246;207;177m▀[0m[38;2;247;193;180m[48;2;246;205;178m▀[0m[38;2;246;190;181m[48;2;252;203;182m▀[0m                   
       [38;2;246;188;182m[48;2;248;198;180m▀[0m[38;2;246;192;180m[48;2;247;203;178m▀[0m[38;2;247;197;180m[48;2;246;209;176m▀[0m[38;2;253;206;183m[48;2;236;209;167m▀[0m[38;2;189;182;126m[48;2;246;222;173m▀[0m[38;2;199;191;133m▄[0m [38;2;37;41;46m▄[0m[38;2;246;229;169m[48;2;245;238;165m▀[0m[38;2;247;227;172m[48;2;245;235;166m▀[0m[38;2;246;223;173m[48;2;245;233;167m▀[0m[38;2;246;221;174m[48;2;245;231;169m▀[0m[38;2;245;216;175m[48;2;246;228;169m▀[0m[38;2;246;213;176m[48;2;247;227;172m▀[0m[38;2;246;210;176m▀[0m                  
        [38;2;245;215;176m▀[0m[38;2;246;222;173m[48;2;245;232;167m▀[0m[38;2;247;227;170m[48;2;245;236;164m▀[0m[38;2;245;232;167m[48;2;245;241;163m▀[0m[38;2;244;236;164m[48;2;52;57;60m▀[0m[38;2;194;225;239m[48;2;194;224;239m▀[0m[38;2;218;215;142m[48;2;242;241;161m▀[0m[38;2;243;241;161m[48;2;243;241;162m▀[0m[38;2;243;241;162m[48;2;53;92;167m▀[0m[38;2;244;242;163m[48;2;17;13;13m▀[0m[38;2;231;229;163m[48;2;152;206;237m▀[0m[38;2;245;238;166m[48;2;153;206;236m▀[0m[38;2;245;235;166m[48;2;18;17;17m▀[0m                   
         [38;2;182;181;122m▀[0m[38;2;243;241;162m[48;2;201;199;134m▀[0m[38;2;243;241;161m[48;2;243;241;161m▀[0m[38;2;193;224;238m[48;2;192;223;237m▀[0m[38;2;192;223;237m[48;2;192;223;237m▀[0m[38;2;243;241;161m[48;2;248;247;165m▀[0m[38;2;255;254;244m[48;2;237;239;240m▀[0m[38;2;53;92;165m[48;2;53;92;167m▀[0m[38;2;53;92;166m[48;2;68;101;170m▀[0m[38;2;153;206;236m[48;2;154;207;238m▀[0m[38;2;153;206;236m[48;2;153;208;239m▀[0m[38;2;172;215;239m[48;2;193;224;238m▀[0m[38;2;15;15;15m▄[0m                  
           [38;2;249;247;166m[48;2;49;89;165m▀[0m[38;2;162;211;239m[48;2;149;200;232m▀[0m[38;2;171;215;239m[48;2;154;209;241m▀[0m[38;2;84;80;50m[48;2;166;226;251m▀[0m[38;2;238;238;237m[48;2;255;255;255m▀[0m[38;2;154;185;218m[48;2;255;255;255m▀[0m[38;2;158;193;222m[48;2;154;209;240m▀[0m[38;2;153;208;239m[48;2;154;209;241m▀[0m[38;2;154;209;241m[48;2;122;156;170m▀[0m[38;2;156;208;238m[48;2;156;209;241m▀[0m[38;2;201;234;249m[48;2;185;221;238m▀[0m                  
           [38;2;246;245;245m▀[0m[38;2;157;187;221m[48;2;167;216;243m▀[0m[38;2;154;208;239m[48;2;154;209;240m▀[0m[38;2;154;208;239m[48;2;153;208;239m▀[0m[38;2;155;209;240m[48;2;156;211;243m▀[0m[38;2;155;209;241m[48;2;154;208;239m▀[0m[38;2;155;209;241m▀[0m[38;2;27;31;33m▀[0m[38;2;122;158;172m[48;2;154;207;238m▀[0m[38;2;154;208;241m[48;2;153;206;237m▀[0m[38;2;154;209;240m[48;2;160;216;248m▀[0m                  
                  [38;2;122;161;184m▄[0m[38;2;153;206;236m[48;2;153;206;237m▀[0m[38;2;156;209;240m[48;2;153;207;238m▀[0m[38;2;29;30;33m▀[0m                  
                  [38;2;152;206;236m[48;2;152;205;235m▀[0m[38;2;153;206;235m[48;2;183;219;237m▀[0m[38;2;152;205;235m[48;2;152;206;237m▀[0m                   
                 [38;2;153;207;238m[48;2;153;208;240m▀[0m[38;2;154;207;239m[48;2;156;209;241m▀[0m[38;2;158;208;236m[48;2;159;210;240m▀[0m[38;2;166;225;254m[48;2;7;9;10m▀[0m                   
                [38;2;161;218;247m[48;2;154;209;241m▀[0m[38;2;154;209;241m[48;2;154;209;241m▀[0m[38;2;185;221;239m[48;2;190;224;239m▀[0m[38;2;154;209;241m[48;2;156;210;241m▀[0m[38;2;92;105;115m[48;2;156;210;242m▀[0m[38;2;180;219;239m[48;2;153;207;238m▀[0m[38;2;185;221;239m[48;2;159;209;238m▀[0m[38;2;193;224;239m[48;2;193;223;237m▀[0m[38;2;193;224;238m[48;2;193;223;237m▀[0m[38;2;193;224;238m[48;2;164;210;237m▀[0m[38;2;51;56;60m[48;2;155;207;237m▀[0m[38;2;182;218;237m▄[0m[38;2;157;180;189m▄[0m[38;2;35;40;42m▄[0m[38;2;180;207;218m▄[0m[38;2;170;213;236m▄[0m[38;2;153;207;238m▄[0m[38;2;13;5;5m▀[0m      
                [38;2;155;209;241m[48;2;153;207;237m▀[0m[38;2;154;209;240m[48;2;152;205;236m▀[0m[38;2;190;222;237m[48;2;192;223;237m▀[0m[38;2;152;205;235m[48;2;152;205;234m▀[0m[38;2;153;206;236m[48;2;153;206;236m▀[0m[38;2;152;205;236m[48;2;153;206;237m▀[0m[38;2;152;205;235m[48;2;153;206;236m▀[0m[38;2;152;205;235m[48;2;153;206;236m▀[0m[38;2;161;209;236m[48;2;100;137;157m▀[0m[38;2;232;235;240m[48;2;240;243;246m▀[0m[38;2;37;44;49m[48;2;76;115;141m▀[0m[38;2;153;206;236m[48;2;161;217;250m▀[0m[38;2;153;206;236m[48;2;152;205;236m▀[0m[38;2;153;207;237m[48;2;153;206;237m▀[0m[38;2;152;206;236m[48;2;153;206;236m▀[0m[38;2;153;206;237m[48;2;153;207;238m▀[0m[38;2;144;191;216m[48;2;63;76;82m▀[0m       
                [38;2;153;206;237m[48;2;153;206;237m▀[0m[38;2;153;206;236m[48;2;153;206;237m▀[0m[38;2;154;207;237m[48;2;153;206;237m▀[0m[38;2;156;207;236m[48;2;153;207;239m▀[0m[38;2;152;206;237m[48;2;156;209;240m▀[0m[38;2;153;206;236m[48;2;152;207;238m▀[0m[38;2;153;206;237m[48;2;153;206;236m▀[0m[38;2;154;207;238m[48;2;153;206;236m▀[0m[38;2;125;163;179m[48;2;154;207;239m▀[0m[38;2;79;125;156m[48;2;154;210;241m▀[0m[38;2;61;95;117m[48;2;128;151;173m▀[0m[38;2;161;218;251m[48;2;154;207;238m▀[0m[38;2;154;207;238m[48;2;154;210;241m▀[0m[38;2;153;207;239m[48;2;154;208;239m▀[0m[38;2;153;208;239m[48;2;132;173;193m▀[0m[38;2;121;155;169m▀[0m        
               [38;2;122;156;170m▄[0m[38;2;154;209;240m[48;2;45;53;58m▀[0m[38;2;155;209;241m[48;2;153;208;239m▀[0m[38;2;155;209;241m[48;2;157;213;244m▀[0m[38;2;153;207;238m[48;2;154;208;239m▀[0m[38;2;153;207;236m[48;2;154;208;239m▀[0m[38;2;193;223;237m[48;2;154;209;241m▀[0m[38;2;154;208;240m[48;2;161;211;239m▀[0m[38;2;154;209;241m[48;2;156;209;241m▀[0m[38;2;154;208;241m[48;2;155;209;241m▀[0m[38;2;155;209;241m[48;2;154;208;240m▀[0m[38;2;155;209;241m[48;2;137;186;214m▀[0m[38;2;154;209;241m[48;2;154;208;239m▀[0m[38;2;30;31;33m[48;2;120;155;169m▀[0m[38;2;127;165;183m[48;2;121;156;171m▀[0m[38;2;122;157;172m[48;2;117;151;165m▀[0m         
            [38;2;193;224;239m▄[0m[38;2;192;223;237m▄[0m[38;2;154;208;240m[48;2;157;208;236m▀[0m[38;2;120;155;169m[48;2;154;208;240m▀[0m[38;2;120;156;170m[48;2;120;155;169m▀[0m[38;2;115;147;160m[48;2;121;155;170m▀[0m[38;2;192;184;179m[48;2;8;6;6m▀[0m[38;2;74;72;72m[48;2;191;184;179m▀[0m[38;2;139;183;207m[48;2;191;184;179m▀[0m[38;2;155;209;241m[48;2;154;208;239m▀[0m[38;2;155;209;241m[48;2;153;208;240m▀[0m[38;2;189;222;239m[48;2;160;210;238m▀[0m[38;2;155;209;241m[48;2;154;208;239m▀[0m[38;2;83;113;129m[48;2;192;184;179m▀[0m[38;2;210;205;201m[48;2;135;130;126m▀[0m[38;2;41;46;49m[48;2;120;155;170m▀[0m[38;2;121;156;170m[48;2;121;155;170m▀[0m[38;2;123;156;171m[48;2;120;155;169m▀[0m[38;2;29;30;32m▀[0m         
            [38;2;139;180;203m▀[0m[38;2;159;209;237m▀[0m[38;2;154;208;239m▀[0m[38;2;153;207;238m▀[0m[38;2;103;135;151m▀[0m    [38;2;156;211;242m[48;2;118;157;180m▀[0m[38;2;153;207;239m[48;2;152;206;237m▀[0m[38;2;159;209;238m[48;2;156;208;236m▀[0m[38;2;153;207;238m[48;2;157;213;244m▀[0m  [38;2;120;155;168m[48;2;253;254;255m▀[0m[38;2;120;155;168m[48;2;148;198;226m▀[0m[38;2;120;154;168m[48;2;100;126;137m▀[0m          
                     [38;2;60;74;85m[48;2;186;223;240m▀[0m[38;2;153;206;236m[48;2;194;224;239m▀[0m[38;2;153;207;238m[48;2;164;213;240m▀[0m[38;2;127;171;192m▀[0m               
                                        
