                                        
               [38;2;243;240;182m▄[0m[38;2;21;21;13m[48;2;246;243;186m▀[0m[38;2;243;241;157m[48;2;246;243;182m▀[0m[38;2;244;241;153m[48;2;244;241;159m▀[0m[38;2;244;241;154m[48;2;243;240;153m▀[0m[38;2;239;236;138m[48;2;243;240;154m▀[0m[38;2;0;0;0m[48;2;239;237;136m▀[0m[38;2;240;237;112m▄[0m                 
             [38;2;181;180;114m▄[0m[38;2;243;239;168m[48;2;242;238;169m▀[0m[38;2;242;238;183m[48;2;243;239;169m▀[0m[38;2;246;242;185m[48;2;246;242;167m▀[0m[38;2;244;242;177m[48;2;243;241;154m▀[0m[38;2;243;239;154m[48;2;242;238;151m▀[0m[38;2;243;238;152m[48;2;243;238;152m▀[0m[38;2;244;240;153m[48;2;241;238;150m▀[0m[38;2;239;237;135m[48;2;237;235;112m▀[0m[38;2;238;235;113m[48;2;237;235;111m▀[0m[38;2;164;162;77m[48;2;227;221;107m▀[0m                
             [38;2;242;238;152m[48;2;243;238;152m▀[0m[38;2;242;238;152m[48;2;242;238;152m▀[0m[38;2;244;241;154m[48;2;243;240;153m▀[0m[38;2;243;240;153m[48;2;242;238;152m▀[0m[38;2;243;241;153m[48;2;242;240;151m▀[0m[38;2;242;238;152m[48;2;239;237;134m▀[0m[38;2;239;237;139m[48;2;236;234;111m▀[0m[38;2;236;234;113m[48;2;237;235;111m▀[0m[38;2;237;235;111m[48;2;238;236;113m▀[0m[38;2;237;235;110m[48;2;232;229;108m▀[0m[38;2;222;218;105m[48;2;222;219;105m▀[0m                
            [38;2;235;235;114m[48;2;237;235;112m▀[0m[38;2;240;239;134m[48;2;237;235;113m▀[0m[38;2;240;238;146m[48;2;237;235;111m▀[0m[38;2;239;237;139m[48;2;237;235;111m▀[0m[38;2;238;236;124m[48;2;236;235;111m▀[0m[38;2;82;81;38m[48;2;242;241;113m▀[0m[38;2;239;237;112m[48;2;237;235;111m▀[0m[38;2;236;235;111m[48;2;237;235;111m▀[0m[38;2;236;235;111m[48;2;237;235;111m▀[0m[38;2;237;235;111m[48;2;224;221;106m▀[0m[38;2;223;219;105m[48;2;223;220;105m▀[0m[38;2;222;218;105m[48;2;223;219;105m▀[0m                
           [38;2;235;234;113m▄[0m[38;2;236;235;111m[48;2;238;235;113m▀[0m[38;2;236;235;111m[48;2;236;235;111m▀[0m[38;2;237;234;110m[48;2;237;235;111m▀[0m[38;2;237;235;111m[48;2;236;235;111m▀[0m[38;2;237;235;111m[48;2;236;235;111m▀[0m[38;2;236;235;111m[48;2;237;235;111m▀[0m[38;2;237;235;112m[48;2;237;235;112m▀[0m[38;2;237;235;111m[48;2;238;236;114m▀[0m[38;2;237;235;110m[48;2;233;230;108m▀[0m[38;2;232;229;109m[48;2;226;221;106m▀[0m[38;2;223;219;105m[48;2;226;222;106m▀[0m[38;2;228;223;107m▀[0m                
         [38;2;250;236;250m[48;2;247;220;247m▀[0m[38;2;244;215;245m[48;2;182;158;180m▀[0m[38;2;245;216;245m[48;2;244;215;244m▀[0m[38;2;5;5;3m[48;2;246;217;246m▀[0m[38;2;236;235;110m[48;2;228;197;226m▀[0m[38;2;236;235;111m[48;2;237;235;112m▀[0m[38;2;236;235;111m[48;2;237;235;111m▀[0m[38;2;237;235;113m[48;2;238;235;110m▀[0m[38;2;237;235;111m[48;2;226;221;106m▀[0m[38;2;227;223;107m[48;2;226;221;106m▀[0m[38;2;224;220;106m▀[0m[38;2;222;219;105m▀[0m [38;2;17;19;19m▄[0m                 
         [38;2;250;225;250m▀[0m[38;2;219;184;216m[48;2;246;216;246m▀[0m[38;2;11;11;11m[48;2;219;187;218m▀[0m[38;2;9;10;10m[48;2;31;32;32m▀[0m[38;2;215;184;214m[48;2;2;2;2m▀[0m[38;2;83;70;83m[48;2;215;184;214m▀[0m[38;2;230;226;108m[48;2;222;218;105m▀[0m[38;2;222;218;105m▀[0m[38;2;35;35;17m▀[0m    [38;2;101;112;113m▀[0m                 
       [38;2;9;11;7m▄[0m[38;2;237;234;93m▄[0m[38;2;235;231;91m[48;2;183;184;79m▀[0m[38;2;232;230;92m[48;2;248;244;97m▀[0m[38;2;218;186;217m[48;2;237;233;91m▀[0m[38;2;218;186;217m[48;2;218;187;217m▀[0m[38;2;3;2;3m[48;2;215;184;214m▀[0m[38;2;218;186;217m[48;2;218;186;216m▀[0m[38;2;44;47;25m[48;2;199;196;84m▀[0m[38;2;164;169;79m[48;2;186;184;78m▀[0m[38;2;72;84;50m▄[0m   [38;2;101;111;112m[48;2;103;109;107m▀[0m  [38;2;210;206;84m▄[0m[38;2;235;231;91m▄[0m[38;2;238;234;94m▄[0m[38;2;19;24;16m[48;2;237;233;91m▀[0m[38;2;49;59;40m[48;2;232;227;93m▀[0m[38;2;9;14;10m[48;2;218;214;84m▀[0m[38;2;217;213;89m▄[0m[38;2;222;219;86m▄[0m        
      [38;2;6;8;5m[48;2;88;106;72m▀[0m[38;2;236;234;95m[48;2;236;232;91m▀[0m[38;2;237;232;94m[48;2;235;231;92m▀[0m[38;2;235;231;91m[48;2;236;232;91m▀[0m[38;2;235;231;91m[48;2;228;226;91m▀[0m[38;2;236;231;91m[48;2;209;205;79m▀[0m[38;2;223;218;91m[48;2;197;195;80m▀[0m[38;2;205;202;76m[48;2;190;188;81m▀[0m[38;2;188;185;78m[48;2;186;184;79m▀[0m[38;2;186;184;79m[48;2;186;184;78m▀[0m[38;2;144;149;72m[48;2;186;184;79m▀[0m[38;2;166;164;82m[48;2;193;191;83m▀[0m[38;2;118;117;64m▄[0m[38;2;173;158;138m▄[0m[38;2;139;128;114m[48;2;175;160;141m▀[0m[38;2;246;243;103m▄[0m[38;2;222;220;91m[48;2;238;234;94m▀[0m[38;2;128;139;74m[48;2;235;232;92m▀[0m[38;2;238;233;91m[48;2;235;231;92m▀[0m[38;2;235;231;91m[48;2;235;233;91m▀[0m[38;2;237;233;94m[48;2;235;231;93m▀[0m[38;2;237;235;93m[48;2;237;233;94m▀[0m[38;2;235;231;91m[48;2;218;215;96m▀[0m[38;2;218;215;95m[48;2;217;213;86m▀[0m[38;2;228;225;93m[48;2;218;213;88m▀[0m[38;2;184;184;79m[48;2;218;213;88m▀[0m[38;2;217;215;83m[48;2;217;214;84m▀[0m[38;2;4;5;4m[48;2;243;241;93m▀[0m      
     [38;2;194;192;89m[48;2;3;5;3m▀[0m[38;2;234;229;94m[48;2;14;19;14m▀[0m[38;2;230;227;93m[48;2;195;193;78m▀[0m[38;2;222;218;92m[48;2;190;188;80m▀[0m[38;2;207;205;76m[48;2;190;188;81m▀[0m[38;2;196;194;79m[48;2;190;188;81m▀[0m[38;2;185;183;79m[48;2;185;183;79m▀[0m[38;2;187;185;81m[48;2;186;184;80m▀[0m[38;2;186;184;79m[48;2;185;183;79m▀[0m[38;2;185;183;79m[48;2;185;183;79m▀[0m[38;2;186;184;78m[48;2;186;184;79m▀[0m[38;2;187;185;78m[48;2;185;183;79m▀[0m[38;2;186;184;79m[48;2;185;183;79m▀[0m[38;2;154;156;84m[48;2;194;177;149m▀[0m[38;2;175;160;140m[48;2;183;167;145m▀[0m[38;2;35;44;30m[48;2;237;233;94m▀[0m[38;2;235;231;91m[48;2;235;231;92m▀[0m[38;2;236;234;92m[48;2;236;233;91m▀[0m[38;2;235;231;91m[48;2;236;233;91m▀[0m[38;2;235;231;92m[48;2;236;234;91m▀[0m[38;2;235;231;92m[48;2;232;228;94m▀[0m[38;2;234;230;93m[48;2;218;214;90m▀[0m[38;2;225;223;95m[48;2;217;213;85m▀[0m[38;2;217;215;92m[48;2;217;215;85m▀[0m[38;2;217;215;84m[48;2;217;213;88m▀[0m[38;2;217;213;85m[48;2;217;213;85m▀[0m[38;2;217;213;87m[48;2;216;214;85m▀[0m[38;2;218;215;84m[48;2;216;213;85m▀[0m[38;2;217;214;85m[48;2;98;123;79m▀[0m[38;2;218;225;98m▀[0m     
        [38;2;14;19;14m▀[0m[38;2;190;188;81m▀[0m[38;2;189;187;79m[48;2;136;147;78m▀[0m[38;2;189;186;79m[48;2;190;186;80m▀[0m[38;2;186;184;79m[48;2;186;184;78m▀[0m[38;2;185;183;79m[48;2;189;186;79m▀[0m[38;2;186;184;79m[48;2;174;172;85m▀[0m[38;2;186;184;78m▀[0m[38;2;157;156;80m▀[0m[38;2;203;190;167m▄[0m[38;2;192;174;148m[48;2;194;175;149m▀[0m[38;2;27;25;21m▀[0m[38;2;228;225;94m▀[0m[38;2;237;233;93m[48;2;218;214;89m▀[0m[38;2;235;231;91m[48;2;220;217;95m▀[0m[38;2;235;231;92m[48;2;217;214;85m▀[0m[38;2;226;223;95m[48;2;218;215;84m▀[0m[38;2;217;214;84m[48;2;218;214;89m▀[0m[38;2;216;214;85m[48;2;217;215;83m▀[0m[38;2;217;213;86m[48;2;217;214;84m▀[0m[38;2;218;214;89m[48;2;217;214;89m▀[0m[38;2;217;215;84m[48;2;218;213;88m▀[0m[38;2;217;214;89m[48;2;219;216;88m▀[0m[38;2;214;211;82m▀[0m        
                 [38;2;202;190;168m[48;2;188;171;146m▀[0m[38;2;188;171;147m[48;2;155;141;124m▀[0m  [38;2;0;0;0m▀[0m[38;2;217;214;84m▀[0m[38;2;217;214;84m[48;2;135;137;65m▀[0m[38;2;217;215;84m[48;2;201;199;77m▀[0m[38;2;217;214;84m[48;2;217;214;81m▀[0m[38;2;217;214;85m[48;2;213;210;80m▀[0m[38;2;217;214;85m[48;2;159;163;79m▀[0m[38;2;216;214;90m▀[0m[38;2;190;200;92m▀[0m          
                [38;2;0;0;0m▄[0m[38;2;179;163;142m[48;2;177;161;140m▀[0m[38;2;0;0;0m▀[0m                     
             [38;2;0;0;0m▄[0m[38;2;0;0;0m▄[0m  [38;2;123;114;102m[48;2;109;109;105m▀[0m[38;2;0;0;0m[48;2;59;59;57m▀[0m                     
         [38;2;206;188;159m▄[0m[38;2;0;0;0m▀[0m[38;2;201;182;154m▀[0m    [38;2;101;97;90m▀[0m[38;2;97;98;95m▀[0m[38;2;109;110;107m[48;2;109;110;106m▀[0m          [38;2;0;0;0m▀[0m [38;2;30;27;24m▄[0m        
       [38;2;11;10;8m▄[0m[38;2;145;131;117m▀[0m         [38;2;3;4;3m▀[0m[38;2;108;109;105m▀[0m[38;2;109;110;105m▄[0m       [38;2;119;119;113m[48;2;102;93;83m▀[0m[38;2;76;69;60m[48;2;66;59;52m▀[0m[38;2;30;28;25m▄[0m         
        [38;2;4;4;3m▄[0m             [38;2;120;121;118m▀[0m[38;2;20;20;20m▀[0m[38;2;8;8;8m▀[0m[38;2;78;72;71m▀[0m[38;2;0;0;0m▀[0m             
      [38;2;0;0;0m▀[0m [38;2;74;66;61m▀[0m[38;2;0;0;0m[48;2;0;0;0m▀[0m                              
                                        
