                                        
          [38;2;188;229;255m▄[0m[38;2;173;217;255m[48;2;171;217;255m▀[0m[38;2;177;121;146m▄[0m[38;2;244;183;207m▄[0m[38;2;156;120;136m▄[0m                         
         [38;2;174;218;255m▄[0m[38;2;173;218;255m[48;2;255;114;137m▀[0m[38;2;244;182;206m[48;2;255;144;159m▀[0m[38;2;244;183;207m[48;2;246;184;211m▀[0m[38;2;244;182;207m[48;2;244;182;207m▀[0m[38;2;243;182;206m▄[0m[38;2;242;182;207m▄[0m                        
        [38;2;254;247;250m▄[0m[38;2;116;208;255m[48;2;253;245;249m▀[0m[38;2;119;210;255m[48;2;254;245;250m▀[0m[38;2;134;202;243m[48;2;119;209;255m▀[0m[38;2;255;83;117m[48;2;255;77;113m▀[0m[38;2;244;145;182m▀[0m[38;2;202;149;175m▀[0m       [38;2;139;173;204m▄[0m[38;2;173;217;255m▄[0m[38;2;173;217;255m▄[0m[38;2;87;110;141m▄[0m              
       [38;2;70;69;70m[48;2;253;246;249m▀[0m[38;2;255;246;250m[48;2;253;247;249m▀[0m[38;2;254;246;249m[48;2;255;251;253m▀[0m[38;2;255;247;249m[48;2;77;54;74m▀[0m[38;2;201;76;128m[48;2;247;140;188m▀[0m[38;2;118;209;255m[48;2;121;211;255m▀[0m[38;2;13;26;33m[48;2;24;39;52m▀[0m     [38;2;133;223;255m▄[0m[38;2;123;211;255m▄[0m[38;2;161;216;255m[48;2;127;211;255m▀[0m[38;2;174;219;255m[48;2;144;213;255m▀[0m[38;2;173;218;255m[48;2;145;213;255m▀[0m[38;2;173;218;255m[48;2;113;176;211m▀[0m               
       [38;2;255;254;255m[48;2;255;254;255m▀[0m[38;2;255;252;253m[48;2;118;135;138m▀[0m[38;2;121;211;255m[48;2;123;210;255m▀[0m[38;2;156;52;93m[48;2;127;44;76m▀[0m[38;2;251;138;189m[48;2;249;140;190m▀[0m[38;2;126;210;255m[48;2;90;188;255m▀[0m  [38;2;253;251;242m▄[0m  [38;2;126;218;255m[48;2;119;209;255m▀[0m[38;2;119;209;255m[48;2;238;98;160m▀[0m[38;2;118;211;255m[48;2;249;130;184m▀[0m[38;2;117;209;255m[48;2;120;210;255m▀[0m[38;2;118;210;255m[48;2;123;209;255m▀[0m[38;2;118;210;255m[48;2;121;211;255m▀[0m      [38;2;113;87;99m▄[0m[38;2;243;180;205m▄[0m        
       [38;2;153;154;154m▀[0m[38;2;210;223;240m▀[0m[38;2;119;209;255m[48;2;33;35;40m▀[0m[38;2;71;150;219m[48;2;89;187;255m▀[0m[38;2;123;30;72m[48;2;96;205;255m▀[0m[38;2;85;186;255m[48;2;94;195;255m▀[0m[38;2;0;0;1m[48;2;182;208;212m▀[0m[38;2;254;250;244m[48;2;252;252;245m▀[0m[38;2;253;255;245m[48;2;251;254;246m▀[0m[38;2;254;247;255m[48;2;173;217;255m▀[0m[38;2;118;210;255m[48;2;94;189;250m▀[0m[38;2;243;119;175m[48;2;250;131;186m▀[0m[38;2;250;131;186m[48;2;76;118;166m▀[0m[38;2;122;209;255m[48;2;119;209;255m▀[0m[38;2;122;210;255m[48;2;120;211;255m▀[0m[38;2;120;211;255m▀[0m    [38;2;255;252;253m▄[0m[38;2;248;77;117m[48;2;123;210;255m▀[0m[38;2;255;77;113m[48;2;124;210;255m▀[0m[38;2;247;164;194m[48;2;247;147;160m▀[0m[38;2;245;184;208m[48;2;79;61;68m▀[0m[38;2;252;188;215m▀[0m       
        [38;2;42;66;87m▄[0m[38;2;127;210;255m[48;2;125;209;255m▀[0m[38;2;30;51;73m[48;2;147;213;255m▀[0m[38;2;100;190;255m[48;2;174;218;255m▀[0m[38;2;157;216;255m[48;2;173;218;255m▀[0m[38;2;39;48;63m[48;2;173;218;255m▀[0m[38;2;255;254;255m[48;2;255;252;253m▀[0m[38;2;190;225;255m[48;2;199;236;255m▀[0m[38;2;174;219;255m[48;2;123;211;255m▀[0m[38;2;246;129;181m[48;2;126;211;255m▀[0m[38;2;127;135;160m[48;2;130;212;255m▀[0m[38;2;177;218;255m[48;2;255;253;255m▀[0m[38;2;254;255;247m[48;2;255;250;250m▀[0m[38;2;252;255;248m[48;2;255;249;250m▀[0m  [38;2;70;70;70m▄[0m[38;2;255;253;254m▄[0m[38;2;255;252;253m[48;2;255;252;253m▀[0m[38;2;255;253;255m[48;2;255;253;254m▀[0m[38;2;255;252;255m[48;2;184;183;183m▀[0m[38;2;136;211;255m▀[0m          
         [38;2;92;162;199m[48;2;255;255;255m▀[0m[38;2;255;249;251m[48;2;243;140;178m▀[0m[38;2;255;253;254m[48;2;249;229;242m▀[0m[38;2;145;220;254m[48;2;255;250;253m▀[0m[38;2;127;211;255m[48;2;119;209;255m▀[0m[38;2;66;126;160m[48;2;116;125;133m▀[0m[38;2;107;190;237m[48;2;250;247;248m▀[0m[38;2;123;210;255m[48;2;194;193;195m▀[0m[38;2;119;210;255m[48;2;255;247;250m▀[0m[38;2;210;236;253m[48;2;255;252;253m▀[0m[38;2;255;247;251m[48;2;251;251;251m▀[0m[38;2;255;251;253m[48;2;33;34;37m▀[0m[38;2;248;249;249m▄[0m[38;2;255;247;249m▄[0m[38;2;255;251;252m[48;2;255;246;250m▀[0m[38;2;255;248;250m[48;2;255;246;250m▀[0m[38;2;255;246;250m[48;2;255;247;250m▀[0m[38;2;254;245;248m▀[0m[38;2;47;75;97m[48;2;121;213;255m▀[0m[38;2;121;216;255m[48;2;119;210;255m▀[0m           
        [38;2;118;117;117m▄[0m[38;2;144;131;141m[48;2;252;247;249m▀[0m[38;2;244;136;177m[48;2;243;181;205m▀[0m[38;2;247;169;197m[48;2;221;218;220m▀[0m[38;2;255;246;250m[48;2;255;249;250m▀[0m[38;2;78;144;195m[48;2;255;246;248m▀[0m[38;2;254;253;253m[48;2;245;129;174m▀[0m[38;2;243;129;171m[48;2;243;133;175m▀[0m[38;2;255;248;249m[48;2;255;254;254m▀[0m  [38;2;204;216;233m▀[0m[38;2;251;247;248m▀[0m[38;2;250;246;246m▀[0m[38;2;253;245;246m▀[0m[38;2;254;245;249m▀[0m[38;2;137;137;138m▀[0m  [38;2;122;211;255m[48;2;120;211;255m▀[0m[38;2;122;210;255m[48;2;120;208;255m▀[0m           
         [38;2;255;246;249m▀[0m[38;2;255;248;250m[48;2;217;216;215m▀[0m[38;2;255;247;250m[48;2;254;249;250m▀[0m[38;2;255;251;252m[48;2;255;254;254m▀[0m[38;2;255;248;250m[48;2;254;254;243m▀[0m[38;2;63;63;66m[48;2;254;254;252m▀[0m[38;2;241;180;204m[48;2;255;253;253m▀[0m[38;2;255;247;249m[48;2;28;28;29m▀[0m [38;2;94;94;95m▄[0m[38;2;255;253;255m▄[0m[38;2;244;244;244m[48;2;255;252;253m▀[0m[38;2;250;250;250m[48;2;255;253;254m▀[0m[38;2;237;235;235m▄[0m[38;2;71;71;72m▄[0m  [38;2;124;210;255m▄[0m[38;2;122;210;255m[48;2;120;212;255m▀[0m[38;2;119;209;255m[48;2;129;221;255m▀[0m           
         [38;2;255;255;254m[48;2;100;102;103m▀[0m[38;2;220;233;255m[48;2;255;251;255m▀[0m[38;2;68;88;113m[48;2;118;210;255m▀[0m[38;2;174;219;255m[48;2;119;211;255m▀[0m[38;2;255;253;254m[48;2;255;250;254m▀[0m[38;2;255;255;255m[48;2;157;178;195m▀[0m [38;2;255;255;255m▄[0m[38;2;254;253;253m[48;2;255;255;255m▀[0m[38;2;255;252;253m[48;2;255;255;255m▀[0m[38;2;255;253;255m▀[0m [38;2;77;81;88m▀[0m[38;2;206;218;235m[48;2;120;138;140m▀[0m[38;2;177;203;206m[48;2;123;143;144m▀[0m[38;2;87;185;255m▄[0m[38;2;89;187;255m[48;2;85;186;255m▀[0m[38;2;88;189;255m[48;2;86;187;255m▀[0m[38;2;91;182;246m[48;2;93;198;255m▀[0m            
         [38;2;255;255;255m▄[0m[38;2;255;248;248m[48;2;80;82;84m▀[0m[38;2;168;175;180m[48;2;255;252;253m▀[0m[38;2;255;255;255m[48;2;205;218;235m▀[0m[38;2;255;255;255m[48;2;255;252;254m▀[0m[38;2;255;255;255m[48;2;255;247;250m▀[0m[38;2;255;252;253m[48;2;195;195;195m▀[0m[38;2;255;249;253m[48;2;255;252;253m▀[0m[38;2;255;247;250m[48;2;253;245;246m▀[0m[38;2;255;246;249m[48;2;254;246;248m▀[0m[38;2;255;246;250m[48;2;255;248;249m▀[0m[38;2;253;244;247m[48;2;255;248;250m▀[0m[38;2;253;245;246m[48;2;255;248;250m▀[0m[38;2;254;246;249m[48;2;255;248;250m▀[0m[38;2;88;191;251m[48;2;250;247;248m▀[0m[38;2;85;186;255m[48;2;181;209;211m▀[0m[38;2;81;177;231m[48;2;100;116;118m▀[0m              
        [38;2;40;40;40m[48;2;255;251;253m▀[0m[38;2;255;249;249m[48;2;255;247;249m▀[0m [38;2;255;248;251m[48;2;251;248;248m▀[0m[38;2;255;248;249m[48;2;251;247;248m▀[0m[38;2;255;248;250m[48;2;252;248;249m▀[0m[38;2;255;246;250m[48;2;255;249;250m▀[0m[38;2;255;246;250m[48;2;255;249;250m▀[0m[38;2;255;248;250m[48;2;255;252;253m▀[0m[38;2;254;248;249m[48;2;255;254;255m▀[0m[38;2;255;247;250m[48;2;255;255;255m▀[0m[38;2;255;246;250m[48;2;255;248;250m▀[0m[38;2;255;249;252m[48;2;255;255;255m▀[0m[38;2;255;250;252m[48;2;255;247;249m▀[0m[38;2;255;246;250m[48;2;255;255;255m▀[0m[38;2;255;248;251m[48;2;255;252;253m▀[0m[38;2;251;247;249m[48;2;255;251;253m▀[0m[38;2;155;201;214m[48;2;69;185;245m▀[0m              
        [38;2;255;248;251m▀[0m[38;2;255;249;250m[48;2;255;252;254m▀[0m[38;2;205;221;236m▄[0m[38;2;205;219;235m[48;2;18;19;21m▀[0m[38;2;206;219;236m[48;2;206;220;236m▀[0m[38;2;190;203;218m[48;2;248;248;248m▀[0m[38;2;255;255;255m[48;2;255;251;253m▀[0m[38;2;255;255;255m[48;2;255;251;252m▀[0m[38;2;255;252;253m[48;2;255;255;255m▀[0m[38;2;254;249;251m[48;2;207;220;237m▀[0m[38;2;251;249;248m[48;2;50;52;57m▀[0m[38;2;252;250;250m[48;2;44;46;50m▀[0m[38;2;255;254;255m[48;2;206;220;237m▀[0m[38;2;255;253;254m[48;2;255;253;254m▀[0m[38;2;255;254;255m[48;2;255;252;253m▀[0m[38;2;255;255;255m[48;2;255;253;255m▀[0m[38;2;255;253;255m[48;2;255;253;254m▀[0m[38;2;206;202;201m[48;2;255;253;254m▀[0m              
         [38;2;124;124;124m▀[0m[38;2;255;254;254m▀[0m[38;2;178;204;207m▀[0m[38;2;205;218;234m[48;2;23;25;27m▀[0m[38;2;254;249;250m[48;2;255;252;253m▀[0m[38;2;255;249;251m[48;2;255;249;253m▀[0m[38;2;254;250;250m[48;2;184;211;214m▀[0m    [38;2;205;218;235m[48;2;0;0;0m▀[0m[38;2;202;217;230m[48;2;177;203;205m▀[0m[38;2;235;235;235m[48;2;177;203;205m▀[0m[38;2;255;250;252m▀[0m[38;2;255;249;253m[48;2;255;249;251m▀[0m[38;2;255;250;253m[48;2;255;247;249m▀[0m[38;2;37;37;38m▄[0m             
          [38;2;39;24;29m▄[0m [38;2;255;247;249m▄[0m[38;2;255;250;253m[48;2;255;252;254m▀[0m[38;2;105;107;106m[48;2;176;203;205m▀[0m[38;2;178;204;207m[48;2;94;110;111m▀[0m     [38;2;29;35;36m[48;2;1;3;5m▀[0m[38;2;175;202;204m[48;2;177;204;206m▀[0m [38;2;60;59;59m▄[0m[38;2;255;248;250m[48;2;255;255;255m▀[0m              
         [38;2;255;142;192m▄[0m[38;2;249;142;191m[48;2;242;129;172m▀[0m[38;2;243;126;168m[48;2;131;227;255m▀[0m[38;2;254;246;249m[48;2;119;209;255m▀[0m[38;2;50;110;156m[48;2;222;96;91m▀[0m[38;2;155;196;208m[48;2;68;182;239m▀[0m      [38;2;70;182;244m[48;2;69;180;238m▀[0m[38;2;26;65;86m▀[0m [38;2;99;171;200m[48;2;119;209;255m▀[0m[38;2;124;214;255m▀[0m              
          [38;2;157;222;255m▄[0m[38;2;143;213;255m[48;2;129;211;255m▀[0m[38;2;4;9;12m▀[0m[38;2;45;112;150m▀[0m[38;2;68;182;239m▀[0m     [38;2;52;139;180m▀[0m[38;2;20;33;43m▀[0m [38;2;160;217;255m▀[0m[38;2;138;210;255m▀[0m               
                                        
