                                        
                                        
                                        
                  [38;2;238;154;92m▄[0m[38;2;238;154;92m▄[0m[38;2;237;154;93m▄[0m                   
          [38;2;105;73;46m▄[0m[38;2;103;192;160m▄[0m[38;2;101;187;156m▄[0m[38;2;224;140;81m[48;2;104;188;156m▀[0m[38;2;247;143;74m[48;2;110;190;158m▀[0m[38;2;130;82;49m[48;2;65;127;108m▀[0m[38;2;72;141;119m▄[0m[38;2;227;123;57m[48;2;99;183;153m▀[0m[38;2;237;154;92m[48;2;188;96;48m▀[0m[38;2;240;156;93m[48;2;231;119;52m▀[0m[38;2;231;119;53m▄[0m[38;2;230;119;53m▄[0m[38;2;92;51;26m▄[0m                 
        [38;2;204;114;73m▄[0m[38;2;145;201;173m[48;2;101;43;29m▀[0m[38;2;102;188;156m[48;2;101;187;156m▀[0m[38;2;102;187;157m[48;2;98;183;153m▀[0m[38;2;118;192;161m[48;2;98;181;151m▀[0m[38;2;112;69;42m[48;2;229;120;53m▀[0m[38;2;234;151;92m[48;2;208;174;47m▀[0m[38;2;52;46;44m[48;2;240;235;147m▀[0m[38;2;44;39;39m[48;2;44;39;38m▀[0m[38;2;228;117;50m[48;2;53;109;94m▀[0m[38;2;101;189;157m[48;2;101;183;152m▀[0m                     
        [38;2;199;65;39m▀[0m[38;2;152;44;26m[48;2;186;179;174m▀[0m[38;2;50;77;65m[48;2;185;178;173m▀[0m[38;2;32;56;45m[48;2;184;177;172m▀[0m[38;2;99;184;153m[48;2;184;177;172m▀[0m[38;2;230;120;52m[48;2;184;177;173m▀[0m[38;2;222;194;95m[48;2;102;193;162m▀[0m[38;2;250;247;178m[48;2;84;157;131m▀[0m[38;2;226;118;52m[48;2;99;183;153m▀[0m[38;2;99;183;152m[48;2;99;183;153m▀[0m[38;2;81;122;105m[48;2;105;186;156m▀[0m[38;2;148;202;174m[48;2;213;111;68m▀[0m                    
           [38;2;96;94;89m[48;2;255;255;255m▀[0m[38;2;134;87;106m[48;2;136;88;107m▀[0m[38;2;40;37;37m[48;2;164;108;115m▀[0m[38;2;191;184;180m[48;2;253;255;255m▀[0m[38;2;65;50;46m[48;2;255;255;255m▀[0m[38;2;86;177;149m[48;2;201;66;39m▀[0m[38;2;100;185;156m[48;2;199;66;39m▀[0m[38;2;101;186;155m[48;2;68;31;22m▀[0m[38;2;198;65;39m[48;2;198;66;39m▀[0m          [38;2;129;45;28m▄[0m         
           [38;2;155;52;33m▄[0m[38;2;247;250;253m[48;2;196;64;39m▀[0m[38;2;183;186;186m[48;2;247;249;251m▀[0m[38;2;254;255;255m[48;2;196;65;39m▀[0m[38;2;246;248;252m[48;2;196;65;39m▀[0m[38;2;249;251;253m[48;2;86;71;69m▀[0m[38;2;196;64;39m[48;2;195;64;39m▀[0m[38;2;196;64;39m[48;2;207;111;69m▀[0m[38;2;208;110;69m[48;2;208;110;69m▀[0m[38;2;207;111;69m[48;2;205;91;51m▀[0m[38;2;206;108;67m[48;2;197;64;39m▀[0m[38;2;196;64;39m[48;2;197;65;39m▀[0m[38;2;201;65;40m[48;2;198;66;39m▀[0m[38;2;102;37;25m[48;2;199;66;39m▀[0m[38;2;198;65;39m▄[0m[38;2;197;65;39m▄[0m[38;2;197;65;39m▄[0m[38;2;196;65;39m▄[0m[38;2;99;96;77m[48;2;153;54;37m▀[0m[38;2;114;40;29m[48;2;141;51;35m▀[0m[38;2;111;108;87m▄[0m        
         [38;2;201;78;42m▄[0m[38;2;223;127;82m[48;2;213;123;80m▀[0m[38;2;199;79;43m[48;2;213;124;80m▀[0m[38;2;196;65;39m[48;2;207;102;60m▀[0m[38;2;198;65;39m[48;2;211;114;69m▀[0m[38;2;202;80;45m[48;2;141;55;32m▀[0m[38;2;209;111;68m[48;2;197;64;39m▀[0m[38;2;204;90;51m[48;2;51;30;26m▀[0m[38;2;197;65;39m[48;2;248;251;254m▀[0m[38;2;197;65;39m[48;2;237;238;239m▀[0m[38;2;184;55;30m[48;2;186;180;175m▀[0m[38;2;181;187;189m[48;2;163;162;162m▀[0m[38;2;255;255;255m[48;2;72;115;106m▀[0m[38;2;238;237;238m[48;2;79;132;110m▀[0m[38;2;85;146;119m[48;2;82;142;114m▀[0m[38;2;82;142;114m[48;2;82;141;113m▀[0m[38;2;83;141;113m[48;2;82;141;113m▀[0m[38;2;83;141;113m[48;2;81;140;113m▀[0m[38;2;83;144;115m[48;2;82;141;113m▀[0m[38;2;74;34;23m[48;2;82;141;113m▀[0m[38;2;167;57;37m[48;2;29;60;49m▀[0m[38;2;157;56;37m[48;2;111;34;21m▀[0m[38;2;163;57;39m[48;2;81;142;113m▀[0m[38;2;189;63;39m▄[0m       
   [38;2;251;244;151m▄[0m[38;2;162;57;38m▄[0m[38;2;202;65;40m▄[0m[38;2;199;65;39m▄[0m[38;2;206;87;48m[48;2;198;65;39m▀[0m[38;2;202;65;39m[48;2;45;65;59m▀[0m[38;2;199;66;39m[48;2;51;48;46m▀[0m[38;2;231;119;71m[48;2;247;250;252m▀[0m[38;2;203;92;52m[48;2;249;253;255m▀[0m[38;2;199;67;39m[48;2;251;254;255m▀[0m[38;2;250;253;254m[48;2;250;253;255m▀[0m[38;2;43;14;11m[48;2;253;255;255m▀[0m[38;2;250;253;255m[48;2;255;255;255m▀[0m[38;2;251;254;255m[48;2;252;254;255m▀[0m[38;2;251;253;255m[48;2;253;254;255m▀[0m[38;2;190;182;177m[48;2;252;254;255m▀[0m[38;2;232;225;220m[48;2;73;115;106m▀[0m[38;2;73;116;106m[48;2;72;115;106m▀[0m[38;2;73;117;107m[48;2;74;120;107m▀[0m[38;2;81;140;113m[48;2;82;139;113m▀[0m[38;2;82;142;113m[48;2;81;140;113m▀[0m[38;2;82;143;114m[48;2;83;141;113m▀[0m[38;2;83;141;112m[48;2;83;142;114m▀[0m[38;2;83;140;113m[48;2;84;142;114m▀[0m[38;2;83;141;113m[48;2;84;142;114m▀[0m[38;2;83;141;113m[48;2;83;141;113m▀[0m[38;2;83;142;114m[48;2;83;141;114m▀[0m[38;2;82;142;114m[48;2;83;141;113m▀[0m[38;2;82;142;114m[48;2;62;103;82m▀[0m[38;2;83;141;113m[48;2;82;140;113m▀[0m[38;2;62;15;9m[48;2;82;140;113m▀[0m[38;2;83;141;114m▄[0m[38;2;178;61;37m▄[0m    
  [38;2;255;253;216m▀[0m[38;2;95;56;42m[48;2;161;160;130m▀[0m[38;2;144;51;34m[48;2;148;51;34m▀[0m[38;2;45;73;67m[48;2;73;116;107m▀[0m[38;2;71;114;105m[48;2;73;116;106m▀[0m[38;2;71;114;105m[48;2;73;116;106m▀[0m[38;2;73;116;106m[48;2;73;116;106m▀[0m[38;2;72;116;107m[48;2;72;115;106m▀[0m[38;2;249;253;255m[48;2;254;254;255m▀[0m[38;2;249;253;255m[48;2;247;250;254m▀[0m[38;2;248;251;254m[48;2;247;250;253m▀[0m[38;2;249;251;254m[48;2;246;249;251m▀[0m[38;2;249;253;255m[48;2;244;246;249m▀[0m[38;2;252;254;255m[48;2;245;247;250m▀[0m[38;2;255;255;255m[48;2;244;247;250m▀[0m[38;2;247;250;253m[48;2;71;114;105m▀[0m[38;2;71;114;105m[48;2;73;116;106m▀[0m[38;2;72;115;106m[48;2;72;117;106m▀[0m[38;2;74;121;108m[48;2;75;126;109m▀[0m[38;2;77;128;110m[48;2;79;133;111m▀[0m[38;2;84;142;114m[48;2;82;140;113m▀[0m[38;2;83;142;114m[48;2;81;140;113m▀[0m[38;2;83;141;113m[48;2;83;144;117m▀[0m[38;2;82;141;113m[48;2;82;140;113m▀[0m[38;2;82;140;113m[48;2;81;139;112m▀[0m[38;2;82;140;113m[48;2;94;171;141m▀[0m[38;2;82;139;113m[48;2;99;183;152m▀[0m[38;2;82;139;112m▀[0m[38;2;83;145;118m[48;2;99;185;154m▀[0m[38;2;94;171;141m[48;2;113;189;158m▀[0m[38;2;123;193;162m▄[0m[38;2;13;13;11m[48;2;21;26;22m▀[0m[38;2;99;185;153m▀[0m[38;2;99;185;155m▀[0m[38;2;228;121;74m▀[0m   
   [38;2;102;33;29m[48;2;32;43;39m▀[0m[38;2;73;115;106m[48;2;78;128;114m▀[0m[38;2;72;115;106m[48;2;72;116;106m▀[0m[38;2;72;115;106m[48;2;75;121;107m▀[0m[38;2;72;115;106m[48;2;74;123;108m▀[0m[38;2;72;115;105m[48;2;72;113;104m▀[0m[38;2;72;115;106m[48;2;72;113;104m▀[0m[38;2;71;115;105m[48;2;245;248;250m▀[0m[38;2;243;245;247m[48;2;246;248;250m▀[0m[38;2;243;244;247m[48;2;244;246;249m▀[0m[38;2;243;245;248m[48;2;246;248;251m▀[0m[38;2;246;249;251m[48;2;245;247;250m▀[0m[38;2;244;246;249m[48;2;245;247;250m▀[0m[38;2;245;248;250m[48;2;245;247;250m▀[0m[38;2;50;86;78m[48;2;32;45;42m▀[0m[38;2;71;115;105m[48;2;72;113;104m▀[0m[38;2;71;114;105m[48;2;71;114;105m▀[0m[38;2;72;115;105m[48;2;72;115;105m▀[0m[38;2;83;142;116m▄[0m[38;2;83;140;113m▀[0m[38;2;82;139;113m[48;2;98;181;151m▀[0m[38;2;90;163;135m[48;2;100;185;154m▀[0m[38;2;14;20;17m[48;2;100;186;155m▀[0m[38;2;101;187;155m▀[0m[38;2;98;182;152m▀[0m[38;2;103;186;155m[48;2;161;210;182m▀[0m[38;2;116;191;160m[48;2;158;205;178m▀[0m[38;2;159;206;178m▄[0m [38;2;166;217;188m▀[0m[38;2;158;206;179m▀[0m      
   [38;2;82;139;116m[48;2;79;137;113m▀[0m [38;2;78;128;109m[48;2;74;123;106m▀[0m[38;2;77;128;109m[48;2;81;137;115m▀[0m[38;2;79;132;113m▀[0m[38;2;76;128;108m[48;2;79;135;112m▀[0m [38;2;246;250;252m[48;2;204;204;204m▀[0m[38;2;249;252;252m[48;2;221;219;217m▀[0m[38;2;245;248;251m[48;2;246;248;251m▀[0m[38;2;243;246;249m[48;2;246;249;252m▀[0m[38;2;243;245;248m[48;2;248;251;254m▀[0m[38;2;166;165;166m[48;2;236;235;234m▀[0m[38;2;182;178;176m[48;2;246;250;253m▀[0m[38;2;106;104;104m[48;2;249;251;254m▀[0m[38;2;248;248;248m[48;2;253;255;255m▀[0m[38;2;224;224;224m▄[0m[38;2;72;115;106m▀[0m[38;2;82;142;114m[48;2;57;95;76m▀[0m  [38;2;21;30;26m▀[0m[38;2;118;193;161m▀[0m[38;2;158;206;179m▀[0m             
      [38;2;14;17;14m▀[0m   [38;2;248;250;253m[48;2;247;250;253m▀[0m[38;2;248;251;254m[48;2;253;254;255m▀[0m[38;2;252;252;252m[48;2;248;250;253m▀[0m[38;2;254;254;255m[48;2;253;254;255m▀[0m[38;2;251;254;255m[48;2;251;254;255m▀[0m[38;2;253;255;255m▀[0m[38;2;253;255;255m[48;2;251;253;255m▀[0m[38;2;252;254;255m[48;2;253;254;255m▀[0m[38;2;253;255;255m[48;2;255;255;255m▀[0m[38;2;252;254;255m[48;2;255;255;255m▀[0m[38;2;5;4;4m[48;2;189;181;175m▀[0m[38;2;191;179;109m[48;2;185;174;107m▀[0m[38;2;203;192;117m[48;2;183;172;106m▀[0m[38;2;194;183;112m▄[0m                
          [38;2;250;253;255m[48;2;253;255;255m▀[0m[38;2;250;253;255m[48;2;252;254;255m▀[0m[38;2;254;255;255m[48;2;251;254;255m▀[0m[38;2;147;133;100m▄[0m   [38;2;237;238;238m▀[0m[38;2;245;248;250m[48;2;73;114;105m▀[0m[38;2;245;247;250m[48;2;186;179;174m▀[0m[38;2;186;178;174m[48;2;169;157;94m▀[0m[38;2;183;173;107m▀[0m [38;2;131;123;76m▀[0m                
           [38;2;185;177;175m▀[0m[38;2;113;103;77m▀[0m[38;2;133;120;91m▀[0m                          
                                        
                                        
                                        
