                                        
                                        
                                        
                  [38;2;193;222;71m▄[0m[38;2;193;222;71m▄[0m[38;2;193;221;72m▄[0m                   
          [38;2;92;107;39m▄[0m[38;2;157;139;211m▄[0m[38;2;3;3;3m[48;2;154;135;207m▀[0m[38;2;185;214;62m[48;2;154;140;208m▀[0m[38;2;197;227;57m[48;2;158;144;209m▀[0m[38;2;111;125;42m[48;2;107;92;147m▀[0m[38;2;125;111;169m▄[0m[38;2;185;215;44m[48;2;150;133;202m▀[0m[38;2;192;221;71m[48;2;167;192;36m▀[0m[38;2;193;222;72m[48;2;189;219;40m▀[0m[38;2;190;219;41m▄[0m[38;2;190;219;41m▄[0m[38;2;82;97;22m▄[0m                 
        [38;2;77;77;77m▄[0m[38;2;181;178;219m[48;2;49;49;55m▀[0m[38;2;154;137;208m[48;2;153;135;207m▀[0m[38;2;155;136;207m[48;2;150;132;204m▀[0m[38;2;163;153;211m[48;2;149;132;202m▀[0m[38;2;105;105;38m[48;2;183;217;41m▀[0m[38;2;192;220;71m[48;2;217;158;38m▀[0m[38;2;52;45;44m[48;2;251;240;68m▀[0m[38;2;44;39;39m[48;2;44;39;38m▀[0m[38;2;187;217;38m[48;2;92;85;130m▀[0m[38;2;154;136;208m[48;2;151;136;204m▀[0m                     
        [38;2;63;63;63m▀[0m[38;2;60;55;55m[48;2;175;23;48m▀[0m[38;2;59;45;42m[48;2;173;23;48m▀[0m[38;2;31;29;28m[48;2;173;23;48m▀[0m[38;2;150;134;205m[48;2;173;23;48m▀[0m[38;2;188;218;40m[48;2;173;23;48m▀[0m[38;2;228;181;89m[48;2;154;132;210m▀[0m[38;2;253;248;136m[48;2;134;119;181m▀[0m[38;2;185;216;40m[48;2;152;134;204m▀[0m[38;2;150;134;204m[48;2;151;134;204m▀[0m[38;2;90;102;115m[48;2;154;139;204m▀[0m[38;2;183;181;219m[48;2;81;81;81m▀[0m                    
           [38;2;125;20;40m[48;2;219;42;78m▀[0m[38;2;134;87;109m[48;2;136;88;110m▀[0m[38;2;95;14;29m[48;2;164;108;119m▀[0m[38;2;177;24;50m[48;2;218;42;78m▀[0m[38;2;72;12;22m[48;2;219;41;78m▀[0m[38;2;143;119;198m[48;2;65;65;65m▀[0m[38;2;154;134;206m[48;2;63;63;63m▀[0m[38;2;152;136;206m[48;2;43;37;45m▀[0m[38;2;63;63;63m[48;2;63;63;63m▀[0m          [38;2;38;38;38m▄[0m         
           [38;2;55;54;53m▄[0m[38;2;214;41;79m[48;2;62;62;62m▀[0m[38;2;183;34;66m[48;2;214;38;75m▀[0m[38;2;218;41;78m[48;2;62;62;62m▀[0m[38;2;214;40;78m[48;2;62;62;62m▀[0m[38;2;216;41;78m[48;2;95;22;38m▀[0m[38;2;62;62;62m[48;2;62;62;62m▀[0m[38;2;62;62;62m[48;2;79;79;79m▀[0m[38;2;79;79;79m[48;2;79;79;79m▀[0m[38;2;79;79;79m[48;2;71;71;71m▀[0m[38;2;78;78;78m[48;2;63;63;63m▀[0m[38;2;63;63;63m[48;2;63;63;63m▀[0m[38;2;65;65;65m[48;2;63;63;63m▀[0m[38;2;32;30;30m[48;2;63;63;63m▀[0m[38;2;63;63;63m▄[0m[38;2;63;63;63m▄[0m[38;2;63;63;63m▄[0m[38;2;62;62;62m▄[0m[38;2;102;97;61m[48;2;47;47;47m▀[0m[38;2;50;44;44m[48;2;45;45;45m▀[0m[38;2;99;94;62m▄[0m        
         [38;2;66;66;66m▄[0m[38;2;91;91;91m[48;2;86;86;86m▀[0m[38;2;66;66;66m[48;2;86;86;86m▀[0m[38;2;62;62;62m[48;2;75;75;75m▀[0m[38;2;63;63;63m[48;2;81;81;81m▀[0m[38;2;67;67;67m[48;2;44;44;44m▀[0m[38;2;79;79;79m[48;2;62;62;62m▀[0m[38;2;71;71;71m[48;2;37;13;18m▀[0m[38;2;63;63;63m[48;2;215;41;79m▀[0m[38;2;63;63;63m[48;2;207;37;72m▀[0m[38;2;48;45;45m[48;2;175;24;49m▀[0m[38;2;171;27;56m[48;2;163;30;57m▀[0m[38;2;219;41;78m[48;2;117;100;144m▀[0m[38;2;209;39;74m[48;2;118;108;162m▀[0m[38;2;125;116;174m[48;2;120;113;170m▀[0m[38;2;120;113;170m[48;2;119;113;169m▀[0m[38;2;120;114;170m[48;2;119;113;169m▀[0m[38;2;120;114;170m[48;2;119;111;168m▀[0m[38;2;121;115;172m[48;2;119;113;169m▀[0m[38;2;59;43;44m[48;2;119;113;169m▀[0m[38;2;49;49;49m[48;2;48;55;75m▀[0m[38;2;46;46;46m[48;2;36;36;36m▀[0m[38;2;47;47;47m[48;2;118;112;171m▀[0m[38;2;59;59;59m▄[0m       
   [38;2;255;249;69m▄[0m[38;2;56;54;53m▄[0m[38;2;65;65;65m▄[0m[38;2;63;63;63m▄[0m[38;2;70;70;70m[48;2;63;63;63m▀[0m[38;2;65;65;65m[48;2;33;24;28m▀[0m[38;2;63;63;63m[48;2;67;13;22m▀[0m[38;2;70;70;70m[48;2;214;41;78m▀[0m[38;2;70;70;70m[48;2;216;41;79m▀[0m[38;2;63;63;63m[48;2;217;41;79m▀[0m[38;2;217;41;78m[48;2;216;41;79m▀[0m[38;2;33;11;15m[48;2;218;41;79m▀[0m[38;2;216;31;69m[48;2;219;42;78m▀[0m[38;2;216;42;79m[48;2;217;41;79m▀[0m[38;2;217;41;79m[48;2;218;41;79m▀[0m[38;2;176;24;49m[48;2;217;41;79m▀[0m[38;2;206;34;64m[48;2;117;100;144m▀[0m[38;2;117;101;145m[48;2;117;100;144m▀[0m[38;2;117;101;146m[48;2;117;102;150m▀[0m[38;2;120;112;169m[48;2;120;114;168m▀[0m[38;2;119;113;170m[48;2;119;112;169m▀[0m[38;2;120;113;171m[48;2;120;114;170m▀[0m[38;2;118;114;170m[48;2;121;115;171m▀[0m[38;2;120;114;169m[48;2;121;115;171m▀[0m[38;2;120;114;170m[48;2;121;115;171m▀[0m[38;2;120;114;170m[48;2;120;114;170m▀[0m[38;2;120;114;170m[48;2;121;114;170m▀[0m[38;2;120;113;170m[48;2;120;114;170m▀[0m[38;2;120;113;170m[48;2;90;91;127m▀[0m[38;2;120;114;170m[48;2;120;113;169m▀[0m[38;2;43;37;38m[48;2;120;114;169m▀[0m[38;2;121;113;170m▄[0m[38;2;62;62;62m▄[0m    
  [38;2;255;255;184m▀[0m[38;2;69;66;51m[48;2;162;162;103m▀[0m[38;2;47;46;46m[48;2;56;51;51m▀[0m[38;2;74;66;95m[48;2;117;101;146m▀[0m[38;2;116;98;143m[48;2;117;100;145m▀[0m[38;2;116;99;143m[48;2;118;101;145m▀[0m[38;2;117;101;145m[48;2;117;101;145m▀[0m[38;2;117;100;145m[48;2;117;100;144m▀[0m[38;2;216;41;79m[48;2;218;41;78m▀[0m[38;2;216;41;79m[48;2;214;41;79m▀[0m[38;2;215;41;79m[48;2;214;41;78m▀[0m[38;2;216;41;79m[48;2;213;40;78m▀[0m[38;2;216;41;79m[48;2;213;40;77m▀[0m[38;2;217;41;79m[48;2;213;40;77m▀[0m[38;2;219;42;78m[48;2;213;40;77m▀[0m[38;2;214;41;79m[48;2;116;98;143m▀[0m[38;2;116;98;143m[48;2;118;101;145m▀[0m[38;2;117;100;144m[48;2;116;100;146m▀[0m[38;2;117;102;151m[48;2;117;103;156m▀[0m[38;2;118;106;158m[48;2;118;108;162m▀[0m[38;2;121;115;171m[48;2;120;113;169m▀[0m[38;2;120;114;170m[48;2;119;112;169m▀[0m[38;2;120;114;170m[48;2;122;114;172m▀[0m[38;2;119;113;169m[48;2;120;113;169m▀[0m[38;2;120;113;169m[48;2;119;112;168m▀[0m[38;2;120;113;169m[48;2;142;127;195m▀[0m[38;2;120;113;169m[48;2;150;134;204m▀[0m[38;2;119;112;168m▀[0m[38;2;123;114;173m[48;2;151;134;206m▀[0m[38;2;142;127;195m[48;2;160;148;209m▀[0m[38;2;166;157;212m▄[0m[38;2;12;13;12m[48;2;27;27;34m▀[0m[38;2;150;134;206m▀[0m[38;2;152;133;206m▀[0m[38;2;89;89;89m▀[0m   
   [38;2;49;43;45m[48;2;43;44;47m▀[0m[38;2;117;100;145m[48;2;123;107;159m▀[0m[38;2;117;100;144m[48;2;116;100;145m▀[0m[38;2;117;100;144m[48;2;117;103;151m▀[0m[38;2;117;100;144m[48;2;117;102;153m▀[0m[38;2;116;100;144m[48;2;116;98;143m▀[0m[38;2;117;100;144m[48;2;116;98;143m▀[0m[38;2;116;99;144m[48;2;213;40;77m▀[0m[38;2;211;39;75m[48;2;214;40;77m▀[0m[38;2;211;39;75m[48;2;211;40;76m▀[0m[38;2;211;39;76m[48;2;213;40;78m▀[0m[38;2;214;40;78m[48;2;213;40;77m▀[0m[38;2;213;39;77m[48;2;213;40;77m▀[0m[38;2;213;40;77m[48;2;213;40;77m▀[0m[38;2;76;66;96m[48;2;56;17;23m▀[0m[38;2;116;98;144m[48;2;116;98;143m▀[0m[38;2;116;98;143m[48;2;116;98;143m▀[0m[38;2;115;99;144m[48;2;116;100;144m▀[0m[38;2;122;114;171m▄[0m[38;2;120;114;169m▀[0m[38;2;120;113;168m[48;2;149;132;202m▀[0m[38;2;137;123;189m[48;2;151;135;206m▀[0m[38;2;18;24;24m[48;2;153;134;206m▀[0m[38;2;152;136;207m▀[0m[38;2;150;133;203m▀[0m[38;2;154;138;206m[48;2;192;192;225m▀[0m[38;2;162;151;211m[48;2;189;189;222m▀[0m[38;2;190;190;222m▄[0m [38;2;196;195;229m▀[0m[38;2;190;189;222m▀[0m      
   [38;2;123;113;168m[48;2;119;109;166m▀[0m [38;2;118;107;158m[48;2;114;104;150m▀[0m[38;2;117;106;158m[48;2;122;112;167m▀[0m[38;2;121;108;162m▀[0m[38;2;116;105;158m[48;2;119;109;164m▀[0m [38;2;213;41;77m[48;2;185;29;60m▀[0m[38;2;215;41;78m[48;2;197;32;64m▀[0m[38;2;213;40;77m[48;2;213;40;77m▀[0m[38;2;210;40;76m[48;2;214;40;78m▀[0m[38;2;211;39;75m[48;2;214;41;79m▀[0m[38;2;145;27;51m[48;2;208;36;69m▀[0m[38;2;170;23;50m[48;2;214;41;79m▀[0m[38;2;123;17;37m[48;2;216;41;78m▀[0m[38;2;214;40;75m[48;2;217;41;79m▀[0m[38;2;198;35;67m▄[0m[38;2;117;100;144m▀[0m[38;2;120;113;170m[48;2;84;82;120m▀[0m  [38;2;28;36;36m▀[0m[38;2;163;153;212m▀[0m[38;2;190;189;223m▀[0m             
      [38;2;18;19;21m▀[0m   [38;2;214;41;79m[48;2;214;41;79m▀[0m[38;2;216;41;79m[48;2;217;41;79m▀[0m[38;2;216;41;76m[48;2;216;40;79m▀[0m[38;2;219;41;78m[48;2;218;41;79m▀[0m[38;2;217;41;79m[48;2;217;41;79m▀[0m[38;2;217;41;79m▀[0m[38;2;218;41;79m[48;2;217;41;79m▀[0m[38;2;217;41;79m[48;2;217;41;79m▀[0m[38;2;218;41;79m[48;2;219;42;78m▀[0m[38;2;217;41;79m[48;2;219;42;78m▀[0m[38;2;4;1;1m[48;2;176;24;49m▀[0m[38;2;205;181;45m[48;2;198;176;46m▀[0m[38;2;217;195;49m[48;2;196;174;45m▀[0m[38;2;208;185;48m▄[0m                
          [38;2;216;41;79m[48;2;218;42;79m▀[0m[38;2;216;41;79m[48;2;217;41;79m▀[0m[38;2;218;41;78m[48;2;217;41;79m▀[0m[38;2;160;132;68m▄[0m   [38;2;196;35;68m▀[0m[38;2;213;40;77m[48;2;116;99;144m▀[0m[38;2;213;40;77m[48;2;174;23;48m▀[0m[38;2;175;24;48m[48;2;160;134;24m▀[0m[38;2;196;175;47m▀[0m [38;2;133;119;30m▀[0m                
          [38;2;13;1;3m▀[0m[38;2;173;23;49m▀[0m[38;2;123;102;53m▀[0m[38;2;144;120;63m▀[0m                          
                                        
                                        
                                        
