                                        
      [38;2;180;173;175m▄[0m[38;2;235;229;232m[48;2;253;253;254m▀[0m[38;2;233;227;231m[48;2;235;229;233m▀[0m            [38;2;235;229;232m▄[0m[38;2;234;228;232m[48;2;241;236;239m▀[0m[38;2;235;229;232m[48;2;235;229;232m▀[0m[38;2;9;6;6m[48;2;14;8;9m▀[0m               
     [38;2;23;18;18m▄[0m[38;2;236;230;233m[48;2;234;228;232m▀[0m[38;2;235;229;233m[48;2;234;229;232m▀[0m[38;2;238;232;237m[48;2;162;156;158m▀[0m          [38;2;237;231;234m▄[0m[38;2;235;229;232m[48;2;236;229;233m▀[0m[38;2;235;228;232m[48;2;236;230;233m▀[0m[38;2;236;230;233m[48;2;235;229;232m▀[0m[38;2;235;230;233m[48;2;248;245;247m▀[0m                
     [38;2;236;230;234m[48;2;234;228;232m▀[0m[38;2;234;229;233m[48;2;234;228;232m▀[0m[38;2;235;229;233m[48;2;235;229;232m▀[0m[38;2;11;5;5m▀[0m         [38;2;16;14;14m[48;2;233;227;231m▀[0m[38;2;234;229;232m[48;2;234;228;232m▀[0m[38;2;234;229;231m[48;2;234;227;231m▀[0m[38;2;234;228;231m[48;2;234;227;231m▀[0m[38;2;234;228;232m[48;2;13;8;9m▀[0m                 
     [38;2;234;229;232m[48;2;235;229;233m▀[0m[38;2;235;229;232m[48;2;235;229;233m▀[0m[38;2;233;225;232m[48;2;223;215;231m▀[0m      [38;2;233;226;230m▄[0m[38;2;32;28;29m[48;2;233;227;230m▀[0m [38;2;13;8;8m[48;2;221;211;230m▀[0m[38;2;232;225;231m[48;2;216;207;225m▀[0m[38;2;230;224;229m[48;2;218;208;226m▀[0m[38;2;232;226;230m[48;2;214;204;225m▀[0m[38;2;234;225;237m▀[0m                  
  [38;2;11;7;9m[48;2;248;246;249m▀[0m[38;2;248;241;245m▄[0m [38;2;227;219;232m[48;2;216;206;227m▀[0m[38;2;220;212;231m[48;2;216;206;227m▀[0m[38;2;221;211;233m[48;2;204;193;213m▀[0m      [38;2;233;227;230m[48;2;214;205;225m▀[0m[38;2;228;220;230m[48;2;214;205;225m▀[0m[38;2;23;18;18m▄[0m[38;2;215;205;226m[48;2;214;205;225m▀[0m[38;2;214;205;225m[48;2;214;205;226m▀[0m[38;2;215;204;225m[48;2;234;223;245m▀[0m[38;2;20;15;15m▀[0m                   
  [38;2;234;228;232m[48;2;220;211;226m▀[0m[38;2;223;214;229m[48;2;213;203;224m▀[0m[38;2;17;12;12m[48;2;213;203;224m▀[0m[38;2;215;205;225m[48;2;214;204;224m▀[0m[38;2;213;204;225m[48;2;213;204;225m▀[0m[38;2;86;78;86m[48;2;19;13;13m▀[0m[38;2;17;13;13m▄[0m[38;2;233;227;230m▄[0m[38;2;234;227;231m▄[0m[38;2;10;4;4m[48;2;233;227;230m▀[0m[38;2;201;193;196m[48;2;233;227;230m▀[0m[38;2;250;244;247m[48;2;234;227;230m▀[0m[38;2;214;204;225m[48;2;214;205;225m▀[0m[38;2;214;205;225m[48;2;215;205;226m▀[0m[38;2;149;141;154m[48;2;151;142;156m▀[0m[38;2;215;205;225m[48;2;216;205;227m▀[0m[38;2;214;204;224m[48;2;5;4;4m▀[0m                     
  [38;2;27;21;23m▀[0m[38;2;213;204;224m[48;2;213;204;224m▀[0m[38;2;213;204;225m[48;2;215;205;226m▀[0m[38;2;213;203;223m[48;2;231;220;243m▀[0m[38;2;215;205;225m[48;2;215;204;225m▀[0m[38;2;26;23;23m[48;2;80;75;80m▀[0m[38;2;234;228;230m[48;2;233;226;230m▀[0m[38;2;234;227;231m[48;2;252;252;253m▀[0m[38;2;233;227;230m[48;2;244;241;243m▀[0m[38;2;233;227;230m[48;2;234;228;231m▀[0m[38;2;234;227;231m[48;2;234;228;231m▀[0m[38;2;234;228;231m[48;2;234;227;231m▀[0m[38;2;215;205;226m[48;2;109;102;112m▀[0m[38;2;214;205;226m[48;2;214;206;227m▀[0m[38;2;31;27;30m[48;2;113;106;115m▀[0m[38;2;214;204;225m[48;2;157;147;162m▀[0m[38;2;214;204;225m[48;2;216;206;228m▀[0m[38;2;213;204;225m[48;2;216;206;227m▀[0m[38;2;225;215;236m[48;2;217;206;228m▀[0m[38;2;217;208;229m▄[0m                  
   [38;2;17;13;13m▀[0m[38;2;214;204;225m[48;2;4;3;3m▀[0m[38;2;215;205;225m[48;2;218;207;229m▀[0m[38;2;217;207;228m[48;2;202;192;212m▀[0m[38;2;219;210;230m[48;2;221;212;230m▀[0m[38;2;230;222;231m[48;2;232;225;232m▀[0m[38;2;234;228;232m[48;2;234;229;233m▀[0m[38;2;234;228;232m[48;2;235;229;232m▀[0m[38;2;234;228;231m[48;2;235;229;233m▀[0m[38;2;235;229;232m[48;2;235;229;233m▀[0m[38;2;235;229;233m[48;2;235;229;233m▀[0m[38;2;232;225;231m[48;2;233;225;233m▀[0m[38;2;217;208;229m[48;2;219;210;230m▀[0m[38;2;218;209;229m[48;2;219;209;230m▀[0m[38;2;217;208;230m[48;2;222;212;232m▀[0m[38;2;218;209;230m[48;2;235;228;233m▀[0m[38;2;224;215;231m[48;2;234;228;233m▀[0m[38;2;222;213;231m[48;2;235;228;233m▀[0m[38;2;222;212;232m[48;2;232;225;233m▀[0m[38;2;219;209;230m[48;2;222;213;232m▀[0m[38;2;218;209;230m▄[0m                
   [38;2;27;20;20m[48;2;235;229;233m▀[0m[38;2;235;229;232m[48;2;235;229;232m▀[0m[38;2;226;218;231m[48;2;235;229;233m▀[0m[38;2;223;214;231m[48;2;236;230;233m▀[0m[38;2;235;229;232m[48;2;237;230;233m▀[0m[38;2;234;228;232m[48;2;236;230;234m▀[0m[38;2;235;229;233m[48;2;235;230;233m▀[0m[38;2;235;229;233m[48;2;236;230;233m▀[0m[38;2;236;229;232m[48;2;236;230;233m▀[0m[38;2;236;230;233m[48;2;235;229;233m▀[0m[38;2;237;230;233m[48;2;233;227;231m▀[0m[38;2;233;225;233m[48;2;224;216;230m▀[0m[38;2;219;209;230m[48;2;216;207;228m▀[0m[38;2;218;208;230m[48;2;216;206;227m▀[0m[38;2;219;210;231m[48;2;214;204;225m▀[0m[38;2;235;229;233m[48;2;224;215;228m▀[0m[38;2;235;229;232m[48;2;152;146;147m▀[0m[38;2;88;83;85m[48;2;191;214;170m▀[0m[38;2;126;121;122m[48;2;191;215;169m▀[0m[38;2;234;228;231m[48;2;40;37;38m▀[0m[38;2;215;205;227m[48;2;214;204;225m▀[0m[38;2;213;203;223m[48;2;214;204;225m▀[0m               
  [38;2;14;10;10m[48;2;197;192;195m▀[0m[38;2;235;229;233m[48;2;183;204;162m▀[0m[38;2;235;230;233m[48;2;235;229;233m▀[0m[38;2;235;229;233m[48;2;235;229;233m▀[0m[38;2;236;230;233m[48;2;234;228;232m▀[0m[38;2;235;229;232m[48;2;234;228;232m▀[0m[38;2;238;232;236m[48;2;182;176;179m▀[0m[38;2;235;229;233m[48;2;234;229;232m▀[0m[38;2;235;229;233m[48;2;233;227;231m▀[0m[38;2;235;229;232m[48;2;232;225;231m▀[0m[38;2;234;227;232m[48;2;227;220;230m▀[0m[38;2;14;8;8m[48;2;226;218;229m▀[0m[38;2;221;212;228m[48;2;215;205;226m▀[0m[38;2;216;206;225m[48;2;215;205;226m▀[0m[38;2;215;205;226m[48;2;216;205;226m▀[0m[38;2;215;205;226m[48;2;215;205;226m▀[0m[38;2;215;205;227m[48;2;214;204;226m▀[0m[38;2;140;190;125m[48;2;116;180;111m▀[0m[38;2;187;213;165m[48;2;116;180;111m▀[0m[38;2;191;215;170m[48;2;123;183;115m▀[0m[38;2;180;209;160m[48;2;156;198;139m▀[0m[38;2;222;214;228m[48;2;194;186;201m▀[0m[38;2;214;205;226m[48;2;187;174;187m▀[0m[38;2;193;183;200m[48;2;163;147;155m▀[0m              
  [38;2;190;215;168m[48;2;166;203;147m▀[0m[38;2;192;216;170m[48;2;180;208;157m▀[0m[38;2;236;230;234m[48;2;35;32;34m▀[0m[38;2;234;229;232m[48;2;233;227;231m▀[0m[38;2;234;228;232m[48;2;232;225;230m▀[0m[38;2;234;228;231m[48;2;227;219;229m▀[0m[38;2;234;228;231m[48;2;228;220;230m▀[0m[38;2;233;225;231m[48;2;217;208;227m▀[0m[38;2;227;219;230m[48;2;215;205;226m▀[0m[38;2;223;215;228m[48;2;216;205;227m▀[0m[38;2;222;214;227m[48;2;216;208;229m▀[0m[38;2;215;205;226m[48;2;218;209;230m▀[0m[38;2;216;205;226m[48;2;218;208;229m▀[0m[38;2;215;204;227m[48;2;216;205;227m▀[0m[38;2;217;207;228m[48;2;216;206;227m▀[0m[38;2;217;207;228m[48;2;216;206;228m▀[0m[38;2;217;207;228m[48;2;217;207;229m▀[0m[38;2;116;182;110m[48;2;116;180;109m▀[0m[38;2;117;181;110m[48;2;117;181;110m▀[0m[38;2;115;181;110m[48;2;102;155;95m▀[0m[38;2;115;177;107m[48;2;93;137;86m▀[0m[38;2;78;101;74m[48;2;90;129;83m▀[0m[38;2;165;148;156m[48;2;137;111;135m▀[0m[38;2;166;149;156m[48;2;163;147;155m▀[0m[38;2;10;5;5m[48;2;167;150;158m▀[0m             
  [38;2;117;181;109m[48;2;116;181;110m▀[0m[38;2;128;185;117m[48;2;115;182;110m▀[0m[38;2;147;194;132m[48;2;121;193;114m▀[0m[38;2;226;217;229m[48;2;216;207;228m▀[0m[38;2;222;214;229m[48;2;217;207;228m▀[0m[38;2;219;209;229m[48;2;217;208;229m▀[0m[38;2;219;209;229m[48;2;218;209;230m▀[0m[38;2;217;206;228m[48;2;217;208;229m▀[0m[38;2;217;207;229m[48;2;221;211;230m▀[0m[38;2;217;207;229m[48;2;220;208;230m▀[0m[38;2;217;208;229m[48;2;217;208;230m▀[0m[38;2;217;207;227m[48;2;218;208;229m▀[0m[38;2;217;207;229m[48;2;218;208;229m▀[0m[38;2;217;207;229m[48;2;193;180;196m▀[0m[38;2;217;207;229m[48;2;188;175;189m▀[0m[38;2;216;207;228m[48;2;164;147;155m▀[0m[38;2;192;180;196m[48;2;164;148;155m▀[0m[38;2;72;65;69m[48;2;136;111;135m▀[0m[38;2;92;137;86m[48;2;94;139;86m▀[0m[38;2;93;137;86m[48;2;93;137;86m▀[0m[38;2;93;137;86m[48;2;93;137;86m▀[0m[38;2;59;63;56m[48;2;136;111;135m▀[0m[38;2;136;109;133m[48;2;136;111;135m▀[0m[38;2;134;109;134m[48;2;137;111;135m▀[0m[38;2;137;112;136m[48;2;165;137;172m▀[0m[38;2;17;13;12m▄[0m            
  [38;2;43;58;40m▀[0m[38;2;97;146;91m[48;2;95;139;86m▀[0m[38;2;106;163;100m[48;2;66;60;62m▀[0m[38;2;200;189;207m[48;2;146;130;135m▀[0m[38;2;215;205;225m[48;2;166;148;156m▀[0m[38;2;220;208;228m[48;2;166;149;156m▀[0m[38;2;221;210;230m[48;2;164;148;155m▀[0m[38;2;217;205;225m[48;2;164;148;156m▀[0m[38;2;200;189;207m[48;2;164;148;156m▀[0m[38;2;186;174;188m[48;2;164;147;156m▀[0m[38;2;188;175;189m[48;2;165;149;157m▀[0m[38;2;188;173;187m[48;2;137;110;135m▀[0m[38;2;137;111;135m[48;2;136;110;135m▀[0m[38;2;136;110;135m[48;2;137;111;135m▀[0m[38;2;137;111;135m[48;2;137;110;135m▀[0m[38;2;142;116;141m[48;2;136;111;135m▀[0m[38;2;136;111;135m[48;2;138;111;135m▀[0m[38;2;136;111;134m[48;2;139;112;136m▀[0m[38;2;136;111;135m[48;2;138;111;135m▀[0m[38;2;72;87;66m[48;2;137;111;135m▀[0m[38;2;61;56;58m[48;2;137;111;135m▀[0m[38;2;139;112;136m[48;2;136;111;136m▀[0m[38;2;137;111;135m[48;2;138;112;137m▀[0m[38;2;152;126;156m[48;2;175;149;189m▀[0m[38;2;177;150;191m[48;2;176;149;191m▀[0m[38;2;175;149;189m[48;2;176;150;191m▀[0m[38;2;178;150;191m▄[0m           
   [38;2;13;11;10m▀[0m[38;2;137;111;135m[48;2;109;88;105m▀[0m[38;2;137;112;135m[48;2;135;110;135m▀[0m[38;2;166;149;158m[48;2;136;109;135m▀[0m[38;2;164;147;155m[48;2;16;13;14m▀[0m[38;2;163;147;155m[48;2;163;146;155m▀[0m[38;2;163;147;154m[48;2;163;146;154m▀[0m[38;2;163;147;156m[48;2;160;143;150m▀[0m[38;2;164;147;155m[48;2;135;109;134m▀[0m[38;2;136;111;135m[48;2;137;111;135m▀[0m[38;2;137;111;135m[48;2;137;111;135m▀[0m[38;2;136;111;135m[48;2;136;111;135m▀[0m[38;2;136;110;135m[48;2;137;111;135m▀[0m[38;2;137;111;135m[48;2;136;110;135m▀[0m[38;2;137;111;135m[48;2;136;110;135m▀[0m[38;2;137;111;135m[48;2;136;110;135m▀[0m[38;2;137;111;136m[48;2;137;112;136m▀[0m[38;2;137;111;135m[48;2;137;111;135m▀[0m[38;2;137;111;135m[48;2;136;111;135m▀[0m[38;2;136;111;135m[48;2;135;110;134m▀[0m[38;2;136;110;134m[48;2;160;134;168m▀[0m[38;2;173;147;187m[48;2;174;147;188m▀[0m[38;2;175;147;189m[48;2;174;147;187m▀[0m[38;2;174;147;188m[48;2;175;147;188m▀[0m[38;2;174;147;188m[48;2;176;150;190m▀[0m[38;2;174;148;188m[48;2;186;162;198m▀[0m[38;2;183;157;198m[48;2;194;171;202m▀[0m[38;2;207;190;210m▄[0m         
     [38;2;96;77;93m▀[0m[38;2;135;109;134m[48;2;14;9;9m▀[0m[38;2;136;109;134m[48;2;136;110;135m▀[0m[38;2;136;110;135m[48;2;136;110;134m▀[0m[38;2;136;110;135m[48;2;137;111;135m▀[0m[38;2;136;110;135m[48;2;136;110;135m▀[0m[38;2;136;110;135m[48;2;136;110;135m▀[0m[38;2;136;111;135m[48;2;136;109;134m▀[0m[38;2;136;110;135m[48;2;135;110;134m▀[0m[38;2;136;110;134m[48;2;136;110;134m▀[0m[38;2;136;110;135m[48;2;136;111;135m▀[0m[38;2;136;111;135m[48;2;137;111;135m▀[0m[38;2;136;111;135m[48;2;136;111;135m▀[0m[38;2;137;111;135m[48;2;135;109;134m▀[0m[38;2;137;111;135m[48;2;134;109;133m▀[0m[38;2;136;110;134m[48;2;143;118;146m▀[0m[38;2;135;109;134m[48;2;172;145;184m▀[0m[38;2;159;132;165m[48;2;174;147;187m▀[0m[38;2;174;147;187m[48;2;175;149;190m▀[0m[38;2;174;148;189m[48;2;177;150;191m▀[0m[38;2;176;149;191m[48;2;176;149;191m▀[0m[38;2;177;150;191m[48;2;174;147;189m▀[0m[38;2;178;150;192m[48;2;175;149;188m▀[0m[38;2;193;172;202m[48;2;191;169;198m▀[0m[38;2;213;198;214m[48;2;211;196;212m▀[0m[38;2;213;198;214m[48;2;212;197;213m▀[0m[38;2;212;197;213m[48;2;212;197;212m▀[0m[38;2;62;55;58m[48;2;229;220;229m▀[0m[38;2;212;197;212m▄[0m[38;2;218;202;218m▄[0m[38;2;14;7;7m▄[0m    
      [38;2;72;59;72m[48;2;175;148;190m▀[0m[38;2;136;111;135m[48;2;153;128;159m▀[0m[38;2;137;110;135m[48;2;135;110;134m▀[0m[38;2;135;109;134m[48;2;135;110;134m▀[0m[38;2;136;110;134m[48;2;135;109;134m▀[0m[38;2;136;110;135m[48;2;135;110;134m▀[0m[38;2;135;110;134m[48;2;136;110;134m▀[0m[38;2;136;110;134m[48;2;134;109;133m▀[0m[38;2;135;110;134m[48;2;135;109;133m▀[0m[38;2;135;109;134m[48;2;135;109;133m▀[0m[38;2;135;109;134m[48;2;135;109;133m▀[0m[38;2;135;109;133m[48;2;152;127;157m▀[0m[38;2;135;109;133m[48;2;174;146;187m▀[0m[38;2;153;127;157m[48;2;175;148;187m▀[0m[38;2;174;147;187m[48;2;174;148;188m▀[0m[38;2;176;149;191m[48;2;174;147;187m▀[0m[38;2;176;149;191m[48;2;174;147;187m▀[0m[38;2;174;147;188m[48;2;174;147;188m▀[0m[38;2;174;147;187m[48;2;174;148;188m▀[0m[38;2;174;147;187m[48;2;175;148;189m▀[0m[38;2;174;147;187m[48;2;177;150;190m▀[0m[38;2;175;148;188m[48;2;180;156;192m▀[0m[38;2;184;161;195m[48;2;186;164;197m▀[0m[38;2;200;182;205m[48;2;210;196;211m▀[0m[38;2;212;197;213m[48;2;212;197;212m▀[0m[38;2;212;197;213m[48;2;212;197;213m▀[0m[38;2;212;197;213m[48;2;212;198;213m▀[0m[38;2;212;197;213m[48;2;212;197;212m▀[0m[38;2;212;197;213m[48;2;212;197;213m▀[0m[38;2;212;197;213m[48;2;211;196;212m▀[0m[38;2;212;197;212m[48;2;11;6;6m▀[0m   
      [38;2;197;177;204m[48;2;6;2;2m▀[0m[38;2;175;148;189m[48;2;3;0;0m▀[0m[38;2;153;127;158m▀[0m[38;2;136;111;135m▀[0m[38;2;134;109;133m[48;2;18;13;14m▀[0m[38;2;134;109;134m[48;2;171;145;184m▀[0m[38;2;134;109;132m[48;2;173;146;186m▀[0m[38;2;140;114;140m[48;2;173;147;187m▀[0m[38;2;152;126;156m[48;2;172;147;186m▀[0m[38;2;156;129;160m[48;2;185;161;194m▀[0m[38;2;173;146;187m[48;2;207;191;210m▀[0m[38;2;173;147;187m[48;2;209;193;210m▀[0m[38;2;174;147;187m[48;2;208;192;210m▀[0m[38;2;174;148;188m[48;2;194;177;198m▀[0m[38;2;173;147;188m▀[0m[38;2;173;147;187m▀[0m[38;2;175;147;188m▀[0m[38;2;175;147;187m▀[0m[38;2;175;148;188m▀[0m[38;2;181;157;192m[48;2;67;56;63m▀[0m[38;2;199;180;204m[48;2;203;187;207m▀[0m[38;2;210;194;211m[48;2;212;196;212m▀[0m[38;2;211;196;212m[48;2;211;197;212m▀[0m[38;2;211;197;211m[48;2;212;196;211m▀[0m[38;2;212;197;212m[48;2;212;198;213m▀[0m[38;2;212;197;212m[48;2;212;198;213m▀[0m[38;2;212;197;213m[48;2;213;198;214m▀[0m[38;2;213;198;213m▀[0m[38;2;212;197;213m▀[0m     
              [38;2;11;7;7m▀[0m[38;2;43;36;38m▀[0m[38;2;23;17;18m▀[0m[38;2;17;12;12m▀[0m          [38;2;76;67;73m▀[0m[38;2;202;188;202m▀[0m[38;2;11;7;5m▀[0m         
                                        
