                                        
                    [38;2;240;247;199m[48;2;245;251;205m▀[0m[38;2;243;248;205m[48;2;241;246;202m▀[0m[38;2;240;247;200m▄[0m                 
           [38;2;0;0;0m▄[0m[38;2;201;211;165m▄[0m[38;2;196;204;160m▄[0m[38;2;0;0;0m▄[0m      [38;2;242;249;201m▀[0m[38;2;242;249;202m▀[0m[38;2;253;249;189m[48;2;252;243;180m▀[0m[38;2;253;242;180m▄[0m               
          [38;2;246;250;206m[48;2;239;247;201m▀[0m[38;2;244;248;201m[48;2;243;248;200m▀[0m[38;2;245;248;200m[48;2;244;248;200m▀[0m[38;2;243;248;200m[48;2;239;247;201m▀[0m[38;2;242;248;202m[48;2;246;252;205m▀[0m[38;2;253;249;193m[48;2;255;250;191m▀[0m[38;2;255;242;183m[48;2;254;244;183m▀[0m[38;2;32;39;21m[48;2;252;241;177m▀[0m[38;2;249;239;178m▄[0m    [38;2;46;53;31m▄[0m[38;2;249;240;180m▀[0m[38;2;0;0;0m[48;2;216;208;130m▀[0m              
                  [38;2;128;128;90m▀[0m[38;2;252;240;178m▀[0m[38;2;5;5;2m[48;2;249;240;179m▀[0m [38;2;69;77;47m▄[0m[38;2;240;245;198m[48;2;244;248;201m▀[0m [38;2;218;210;132m▀[0m[38;2;210;203;126m▄[0m [38;2;0;0;0m▄[0m           
                     [38;2;252;241;177m[48;2;193;200;157m▀[0m[38;2;225;220;161m[48;2;224;220;162m▀[0m[38;2;214;216;163m[48;2;244;250;203m▀[0m[38;2;249;248;193m▄[0m [38;2;218;210;130m[48;2;227;214;141m▀[0m[38;2;254;249;186m▄[0m[38;2;242;247;200m[48;2;246;254;210m▀[0m           
                   [38;2;0;0;0m▄[0m[38;2;242;248;202m[48;2;239;247;201m▀[0m[38;2;240;247;201m[48;2;239;248;200m▀[0m[38;2;241;248;200m[48;2;108;113;73m▀[0m[38;2;242;249;203m[48;2;241;247;202m▀[0m[38;2;240;248;200m[48;2;241;248;201m▀[0m[38;2;251;251;194m[48;2;251;246;189m▀[0m[38;2;254;246;184m[48;2;253;244;182m▀[0m[38;2;255;245;184m[48;2;250;245;185m▀[0m            
                   [38;2;254;242;183m[48;2;236;233;175m▀[0m[38;2;246;248;199m[48;2;252;242;178m▀[0m[38;2;238;245;198m[48;2;252;244;183m▀[0m[38;2;94;107;198m[48;2;76;68;189m▀[0m[38;2;101;103;82m[48;2;230;226;170m▀[0m[38;2;243;246;197m[48;2;251;242;178m▀[0m[38;2;249;243;180m[48;2;252;241;178m▀[0m[38;2;250;243;188m[48;2;86;82;213m▀[0m[38;2;248;243;186m[48;2;168;168;118m▀[0m[38;2;6;8;4m▄[0m           
                   [38;2;224;221;255m[48;2;153;154;182m▀[0m[38;2;183;181;209m[48;2;163;161;186m▀[0m[38;2;251;241;179m[48;2;62;63;41m▀[0m[38;2;255;249;183m[48;2;254;242;181m▀[0m[38;2;254;242;181m[48;2;254;242;181m▀[0m[38;2;254;242;181m[48;2;255;242;182m▀[0m[38;2;255;243;182m[48;2;255;242;183m▀[0m[38;2;78;53;187m[48;2;167;175;149m▀[0m[38;2;204;199;141m[48;2;254;242;181m▀[0m[38;2;141;147;101m▀[0m           
                   [38;2;65;64;63m[48;2;8;8;4m▀[0m[38;2;218;209;132m[48;2;224;216;134m▀[0m[38;2;218;210;131m[48;2;219;210;133m▀[0m[38;2;253;243;179m[48;2;160;108;108m▀[0m[38;2;255;243;182m[48;2;109;73;73m▀[0m[38;2;254;242;180m[48;2;218;209;134m▀[0m[38;2;89;97;57m[48;2;219;210;133m▀[0m[38;2;143;141;75m[48;2;224;215;136m▀[0m[38;2;216;209;130m▀[0m            
                    [38;2;155;156;183m[48;2;208;201;125m▀[0m[38;2;219;210;133m[48;2;219;210;133m▀[0m[38;2;226;219;138m[48;2;219;210;133m▀[0m[38;2;218;211;132m[48;2;219;210;133m▀[0m[38;2;219;211;133m▀[0m               
               [38;2;0;0;0m▄[0m[38;2;248;249;198m▄[0m[38;2;251;247;190m▄[0m[38;2;255;243;184m▄[0m [38;2;225;214;139m[48;2;0;0;0m▀[0m[38;2;219;209;134m[48;2;216;207;130m▀[0m[38;2;219;212;132m[48;2;217;209;130m▀[0m[38;2;220;211;133m[48;2;216;208;130m▀[0m                
              [38;2;1;3;1m[48;2;240;246;198m▀[0m[38;2;250;254;214m[48;2;242;247;201m▀[0m[38;2;243;247;201m[48;2;241;246;200m▀[0m[38;2;244;248;202m[48;2;237;244;198m▀[0m[38;2;249;248;190m[48;2;245;246;191m▀[0m[38;2;251;240;177m[48;2;250;240;178m▀[0m[38;2;4;5;4m[48;2;250;240;179m▀[0m[38;2;251;243;183m[48;2;249;243;186m▀[0m[38;2;241;228;161m[48;2;252;244;182m▀[0m[38;2;228;212;141m[48;2;239;238;174m▀[0m[38;2;252;244;181m▄[0m               
              [38;2;241;245;199m[48;2;249;243;182m▀[0m[38;2;190;202;162m[48;2;239;247;203m▀[0m[38;2;240;245;198m[48;2;248;244;190m▀[0m[38;2;50;55;40m[48;2;251;243;180m▀[0m[38;2;251;242;180m[48;2;253;243;180m▀[0m[38;2;252;239;179m[48;2;253;241;179m▀[0m[38;2;253;242;177m[48;2;255;254;193m▀[0m[38;2;251;245;186m[48;2;250;243;186m▀[0m[38;2;234;201;186m[48;2;229;192;177m▀[0m[38;2;227;170;156m[48;2;227;169;154m▀[0m[38;2;225;172;155m[48;2;227;169;156m▀[0m[38;2;227;169;156m▄[0m              
              [38;2;251;239;179m[48;2;194;194;138m▀[0m[38;2;93;96;67m[48;2;217;209;130m▀[0m[38;2;254;242;179m[48;2;242;226;154m▀[0m[38;2;254;241;179m[48;2;254;242;180m▀[0m[38;2;252;241;178m[48;2;250;239;178m▀[0m[38;2;251;241;178m[48;2;255;246;183m▀[0m[38;2;247;248;191m[48;2;252;246;188m▀[0m[38;2;30;28;20m[48;2;234;193;180m▀[0m[38;2;227;169;157m[48;2;228;173;158m▀[0m[38;2;228;170;157m[48;2;237;181;165m▀[0m[38;2;227;169;157m[48;2;229;179;160m▀[0m[38;2;227;172;158m[48;2;229;178;160m▀[0m[38;2;231;180;162m[48;2;130;110;101m▀[0m[38;2;230;172;158m▄[0m[38;2;233;193;179m▄[0m           
         [38;2;0;0;0m▀[0m[38;2;233;210;196m[48;2;234;203;190m▀[0m[38;2;0;0;0m[48;2;233;207;193m▀[0m[38;2;233;210;196m▄[0m[38;2;235;209;196m▄[0m[38;2;79;77;67m[48;2;235;210;196m▀[0m[38;2;254;242;179m[48;2;231;183;168m▀[0m[38;2;218;209;132m[48;2;255;244;183m▀[0m[38;2;217;210;131m[48;2;253;242;181m▀[0m[38;2;236;216;146m[48;2;255;243;181m▀[0m[38;2;253;244;182m[48;2;255;244;183m▀[0m[38;2;255;245;187m[48;2;255;242;183m▀[0m[38;2;229;171;158m[48;2;229;170;157m▀[0m[38;2;169;135;121m[48;2;229;172;158m▀[0m[38;2;233;192;178m[48;2;242;224;217m▀[0m[38;2;235;177;164m[48;2;235;210;197m▀[0m[38;2;230;172;158m[48;2;230;172;159m▀[0m[38;2;230;173;158m[48;2;229;178;159m▀[0m[38;2;138;109;97m[48;2;229;177;159m▀[0m[38;2;236;211;197m▀[0m[38;2;240;216;203m▀[0m          
          [38;2;18;18;17m▀[0m[38;2;230;176;162m[48;2;207;165;140m▀[0m[38;2;235;208;196m[48;2;229;171;158m▀[0m[38;2;235;207;194m[48;2;228;170;156m▀[0m[38;2;231;177;162m[48;2;228;173;158m▀[0m[38;2;228;173;157m[48;2;228;170;157m▀[0m[38;2;230;171;157m[48;2;229;171;158m▀[0m[38;2;228;170;157m[48;2;230;171;158m▀[0m[38;2;95;85;79m[48;2;232;178;161m▀[0m[38;2;255;243;181m[48;2;254;248;184m▀[0m[38;2;66;72;45m[48;2;228;177;158m▀[0m[38;2;229;171;158m[48;2;221;173;153m▀[0m[38;2;229;175;158m[48;2;223;176;156m▀[0m[38;2;229;178;159m[48;2;224;170;152m▀[0m[38;2;230;179;160m[48;2;214;166;146m▀[0m[38;2;229;178;159m[48;2;209;165;143m▀[0m[38;2;228;170;157m[48;2;211;166;143m▀[0m[38;2;227;170;157m[48;2;98;96;82m▀[0m            
            [38;2;190;159;126m▀[0m[38;2;191;159;127m[48;2;191;161;127m▀[0m[38;2;220;169;150m[48;2;191;162;127m▀[0m[38;2;230;175;158m[48;2;191;160;127m▀[0m[38;2;230;174;157m[48;2;189;162;126m▀[0m[38;2;220;171;150m[48;2;190;160;127m▀[0m[38;2;193;160;129m[48;2;190;159;126m▀[0m[38;2;191;159;127m[48;2;189;159;126m▀[0m[38;2;191;160;127m[48;2;189;159;125m▀[0m[38;2;190;160;127m[48;2;189;159;125m▀[0m[38;2;189;159;125m[48;2;187;160;124m▀[0m[38;2;189;160;126m[48;2;188;160;125m▀[0m[38;2;189;158;126m[48;2;189;159;125m▀[0m[38;2;189;159;125m[48;2;189;160;126m▀[0m[38;2;191;162;128m▀[0m             
              [38;2;10;7;4m▀[0m[38;2;191;160;127m▀[0m[38;2;189;158;125m▀[0m[38;2;189;159;125m▀[0m[38;2;193;162;129m▀[0m[38;2;58;50;48m▀[0m[38;2;194;162;130m▀[0m[38;2;189;159;126m▀[0m[38;2;189;159;126m[48;2;229;161;127m▀[0m[38;2;190;159;126m[48;2;231;163;130m▀[0m[38;2;190;159;126m[48;2;242;162;135m▀[0m[38;2;192;160;128m[48;2;246;165;138m▀[0m              
                                        
