                                        
           [38;2;90;76;55m▄[0m[38;2;120;103;78m▄[0m[38;2;140;124;97m▄[0m[38;2;139;123;96m▄[0m[38;2;144;126;99m▄[0m           [38;2;235;178;148m▄[0m            
          [38;2;102;87;62m[48;2;101;85;61m▀[0m[38;2;100;85;61m[48;2;27;24;19m▀[0m[38;2;135;119;92m[48;2;182;112;87m▀[0m[38;2;141;125;97m[48;2;183;112;87m▀[0m[38;2;143;125;97m[48;2;134;83;66m▀[0m[38;2;143;125;97m[48;2;140;123;96m▀[0m          [38;2;235;178;147m[48;2;236;178;147m▀[0m[38;2;234;177;147m[48;2;238;180;149m▀[0m[38;2;240;181;149m▄[0m[38;2;192;145;120m[48;2;239;181;149m▀[0m[38;2;239;181;149m[48;2;238;180;148m▀[0m[38;2;240;181;148m[48;2;238;180;148m▀[0m[38;2;240;180;148m[48;2;237;180;149m▀[0m[38;2;202;152;125m[48;2;49;38;33m▀[0m      
          [38;2;99;84;60m[48;2;29;21;19m▀[0m[38;2;180;111;87m[48;2;179;110;87m▀[0m[38;2;180;111;87m[48;2;180;111;87m▀[0m  [38;2;73;63;51m▀[0m       [38;2;35;23;21m▄[0m[38;2;12;8;8m[48;2;232;150;117m▀[0m[38;2;234;174;144m[48;2;237;174;143m▀[0m[38;2;235;178;148m[48;2;237;179;148m▀[0m[38;2;236;179;148m[48;2;238;180;149m▀[0m[38;2;236;179;148m[48;2;238;180;149m▀[0m[38;2;236;179;148m[48;2;239;181;149m▀[0m[38;2;236;178;148m[48;2;240;181;148m▀[0m[38;2;18;14;12m[48;2;238;181;149m▀[0m[38;2;238;180;149m▄[0m       
          [38;2;32;29;23m▀[0m[38;2;179;110;87m[48;2;230;147;114m▀[0m[38;2;228;145;112m[48;2;230;147;115m▀[0m[38;2;229;146;114m▄[0m[38;2;43;29;25m[48;2;230;147;114m▀[0m[38;2;230;147;114m▄[0m[38;2;231;148;114m▄[0m     [38;2;234;150;116m▄[0m[38;2;231;148;115m[48;2;234;150;116m▀[0m[38;2;232;150;116m[48;2;233;150;116m▀[0m[38;2;238;174;143m[48;2;232;152;118m▀[0m[38;2;240;181;149m[48;2;235;176;146m▀[0m[38;2;238;180;149m[48;2;234;174;144m▀[0m[38;2;237;180;149m[48;2;185;140;116m▀[0m[38;2;237;179;149m▀[0m[38;2;236;179;148m▀[0m[38;2;240;182;151m▀[0m[38;2;240;182;151m▀[0m[38;2;234;177;147m▀[0m      
           [38;2;230;147;114m[48;2;234;150;116m▀[0m[38;2;164;106;83m[48;2;237;153;118m▀[0m[38;2;183;114;90m[48;2;231;148;115m▀[0m[38;2;233;149;116m[48;2;231;148;115m▀[0m[38;2;247;157;120m[48;2;128;89;72m▀[0m[38;2;236;152;118m[48;2;235;179;148m▀[0m[38;2;240;181;148m[48;2;235;178;147m▀[0m[38;2;235;178;148m▄[0m[38;2;230;150;117m▄[0m[38;2;227;144;112m▄[0m[38;2;231;147;114m[48;2;227;144;112m▀[0m[38;2;230;147;114m[48;2;227;145;113m▀[0m[38;2;229;146;113m[48;2;228;145;114m▀[0m[38;2;227;145;113m[48;2;240;152;119m▀[0m[38;2;228;145;113m[48;2;0;0;1m▀[0m[38;2;228;147;115m▀[0m             
           [38;2;181;112;87m[48;2;201;131;102m▀[0m[38;2;229;146;114m[48;2;232;160;127m▀[0m[38;2;229;146;114m[48;2;230;149;116m▀[0m[38;2;228;145;112m[48;2;149;114;67m▀[0m[38;2;75;57;40m[48;2;241;214;86m▀[0m[38;2;41;28;27m[48;2;150;116;69m▀[0m[38;2;230;166;135m[48;2;138;91;80m▀[0m[38;2;229;151;118m[48;2;140;92;81m▀[0m[38;2;228;145;114m▀[0m[38;2;242;154;120m▀[0m                   
           [38;2;236;173;141m[48;2;254;200;164m▀[0m[38;2;238;180;149m[48;2;239;181;148m▀[0m[38;2;252;191;157m[48;2;37;27;27m▀[0m[38;2;186;146;80m[48;2;195;154;84m▀[0m[38;2;186;147;81m[48;2;189;148;80m▀[0m[38;2;185;147;80m[48;2;187;148;81m▀[0m[38;2;138;90;80m[48;2;147;95;83m▀[0m[38;2;139;91;80m[48;2;141;91;80m▀[0m[38;2;138;91;79m[48;2;141;91;80m▀[0m[38;2;138;90;79m[48;2;141;92;80m▀[0m[38;2;26;17;16m[48;2;186;113;88m▀[0m                  
         [38;2;202;126;98m▄[0m[38;2;182;112;87m[48;2;182;112;88m▀[0m[38;2;182;112;88m[48;2;183;112;87m▀[0m[38;2;237;179;148m▀[0m[38;2;239;181;149m[48;2;189;149;81m▀[0m[38;2;188;149;81m[48;2;186;147;81m▀[0m[38;2;189;148;80m[48;2;187;148;81m▀[0m[38;2;189;148;80m[48;2;188;148;81m▀[0m[38;2;193;152;82m[48;2;190;148;80m▀[0m[38;2;141;91;80m▀[0m[38;2;140;91;79m▀[0m[38;2;26;17;16m▀[0m[38;2;217;137;106m▀[0m[38;2;190;121;95m[48;2;8;8;8m▀[0m                 
       [38;2;149;96;76m▄[0m[38;2;233;150;116m[48;2;231;148;115m▀[0m[38;2;234;149;115m[48;2;230;147;114m▀[0m[38;2;196;121;94m[48;2;230;147;114m▀[0m  [38;2;124;97;56m[48;2;8;5;9m▀[0m[38;2;187;147;82m[48;2;185;146;82m▀[0m[38;2;185;146;80m[48;2;186;147;83m▀[0m[38;2;184;145;80m[48;2;185;146;80m▀[0m[38;2;184;145;80m[48;2;185;146;80m▀[0m[38;2;184;145;80m[48;2;188;149;81m▀[0m[38;2;98;83;60m▄[0m                    
       [38;2;171;109;86m[48;2;5;5;5m▀[0m[38;2;228;145;113m[48;2;231;148;115m▀[0m[38;2;229;146;113m[48;2;228;145;113m▀[0m[38;2;228;145;113m[48;2;228;144;113m▀[0m  [38;2;3;2;5m[48;2;97;83;59m▀[0m[38;2;184;145;80m[48;2;186;146;80m▀[0m[38;2;195;161;101m[48;2;205;175;121m▀[0m[38;2;185;146;80m[48;2;184;145;80m▀[0m[38;2;185;146;80m[48;2;183;144;80m▀[0m[38;2;89;75;55m[48;2;101;86;63m▀[0m[38;2;98;83;60m[48;2;98;83;60m▀[0m[38;2;97;83;60m[48;2;99;83;60m▀[0m[38;2;98;82;60m[48;2;99;83;60m▀[0m[38;2;99;84;60m▄[0m[38;2;84;71;51m▄[0m                
       [38;2;238;154;120m▄[0m[38;2;229;146;114m[48;2;231;149;116m▀[0m[38;2;231;148;115m[48;2;232;155;123m▀[0m[38;2;231;148;115m[48;2;231;150;117m▀[0m[38;2;231;148;116m[48;2;230;147;115m▀[0m[38;2;10;6;8m▄[0m[38;2;99;83;61m[48;2;100;84;62m▀[0m[38;2;184;145;80m[48;2;141;124;96m▀[0m[38;2;206;176;122m[48;2;208;177;122m▀[0m[38;2;185;146;80m[48;2;187;148;81m▀[0m[38;2;186;147;80m[48;2;110;86;50m▀[0m[38;2;98;84;60m[48;2;101;85;61m▀[0m[38;2;64;52;40m[48;2;100;84;61m▀[0m[38;2;101;86;61m[48;2;97;82;59m▀[0m[38;2;101;85;61m[48;2;100;85;61m▀[0m[38;2;101;85;61m[48;2;100;85;61m▀[0m[38;2;100;85;61m[48;2;100;85;61m▀[0m[38;2;96;82;59m[48;2;101;85;60m▀[0m[38;2;101;85;61m▄[0m              
      [38;2;238;180;148m▄[0m[38;2;234;169;137m[48;2;239;180;148m▀[0m[38;2;236;174;143m[48;2;239;181;149m▀[0m[38;2;239;180;148m[48;2;239;180;149m▀[0m[38;2;237;171;139m[48;2;237;179;148m▀[0m[38;2;234;150;115m▀[0m[38;2;111;95;69m[48;2;140;123;97m▀[0m[38;2;73;63;51m[48;2;140;124;97m▀[0m[38;2;141;125;97m[48;2;140;124;97m▀[0m[38;2;185;158;109m[48;2;140;124;97m▀[0m[38;2;188;149;82m[48;2;203;159;84m▀[0m[38;2;100;85;61m[48;2;101;86;61m▀[0m[38;2;100;84;61m[48;2;102;86;61m▀[0m[38;2;93;79;56m[48;2;145;120;53m▀[0m[38;2;100;85;61m[48;2;160;114;50m▀[0m[38;2;101;85;61m[48;2;98;83;60m▀[0m[38;2;100;84;61m[48;2;94;80;57m▀[0m[38;2;98;83;60m[48;2;94;80;57m▀[0m[38;2;99;84;60m[48;2;98;83;61m▀[0m[38;2;99;84;61m[48;2;90;76;55m▀[0m[38;2;75;64;48m▄[0m             
     [38;2;0;0;0m▄[0m[38;2;237;179;148m[48;2;249;189;155m▀[0m[38;2;236;179;148m[48;2;239;181;148m▀[0m[38;2;231;175;144m[48;2;34;26;22m▀[0m[38;2;236;179;148m[48;2;240;181;148m▀[0m[38;2;194;146;122m▀[0m[38;2;153;135;106m[48;2;140;124;97m▀[0m[38;2;53;45;37m[48;2;140;124;97m▀[0m[38;2;147;129;100m[48;2;218;156;66m▀[0m[38;2;32;24;17m[48;2;243;214;61m▀[0m[38;2;141;124;97m[48;2;139;122;97m▀[0m[38;2;56;48;37m[48;2;130;115;91m▀[0m[38;2;138;121;95m[48;2;138;121;96m▀[0m[38;2;95;81;59m[48;2;92;80;58m▀[0m[38;2;248;225;117m[48;2;249;232;159m▀[0m[38;2;154;128;57m[48;2;204;147;63m▀[0m[38;2;164;117;52m[48;2;98;83;60m▀[0m[38;2;92;79;58m[48;2;98;84;60m▀[0m[38;2;93;79;57m[48;2;98;83;60m▀[0m[38;2;98;84;60m[48;2;60;50;39m▀[0m[38;2;78;66;50m[48;2;79;66;50m▀[0m[38;2;75;64;49m[48;2;79;66;50m▀[0m             
      [38;2;240;180;148m[48;2;243;187;155m▀[0m[38;2;239;181;149m[48;2;239;181;149m▀[0m [38;2;242;185;153m[48;2;205;155;128m▀[0m [38;2;135;119;93m[48;2;96;82;61m▀[0m[38;2;138;122;96m[48;2;137;121;95m▀[0m[38;2;214;152;64m[48;2;138;122;96m▀[0m[38;2;246;221;101m[48;2;29;26;25m▀[0m[38;2;139;122;96m[48;2;46;40;36m▀[0m[38;2;120;105;83m[48;2;47;39;33m▀[0m[38;2;133;117;91m[48;2;99;85;61m▀[0m[38;2;74;64;48m[48;2;96;82;58m▀[0m[38;2;211;151;63m[48;2;101;85;61m▀[0m[38;2;98;83;60m[48;2;99;85;61m▀[0m[38;2;98;83;60m[48;2;94;80;58m▀[0m[38;2;99;84;61m[48;2;245;217;82m▀[0m[38;2;94;79;58m[48;2;78;66;49m▀[0m[38;2;75;64;48m[48;2;75;64;48m▀[0m[38;2;76;65;49m[48;2;76;64;49m▀[0m[38;2;78;66;50m[48;2;76;65;49m▀[0m             
       [38;2;236;179;148m▀[0m[38;2;22;17;15m▄[0m  [38;2;98;83;60m▀[0m[38;2;100;86;61m[48;2;96;81;58m▀[0m[38;2;129;113;87m[48;2;95;81;58m▀[0m[38;2;124;108;84m[48;2;100;85;61m▀[0m[38;2;105;90;66m[48;2;95;81;59m▀[0m[38;2;59;50;38m[48;2;193;137;58m▀[0m[38;2;100;85;61m[48;2;251;235;161m▀[0m[38;2;98;83;60m[48;2;99;84;60m▀[0m[38;2;98;83;60m[48;2;91;76;56m▀[0m[38;2;98;83;60m[48;2;253;243;166m▀[0m[38;2;237;233;160m[48;2;249;230;148m▀[0m[38;2;246;218;80m[48;2;224;159;67m▀[0m[38;2;80;67;50m[48;2;81;67;50m▀[0m[38;2;80;67;50m[48;2;80;67;50m▀[0m[38;2;76;65;48m[48;2;77;65;49m▀[0m[38;2;80;67;50m[48;2;80;67;50m▀[0m[38;2;12;9;10m[48;2;84;70;52m▀[0m            
            [38;2;80;67;50m▀[0m[38;2;79;66;50m[48;2;50;40;32m▀[0m[38;2;219;155;66m[48;2;79;66;50m▀[0m[38;2;208;186;57m[48;2;216;154;65m▀[0m[38;2;154;122;60m[48;2;245;216;70m▀[0m[38;2;249;233;159m[48;2;246;220;101m▀[0m[38;2;250;233;159m[48;2;248;225;118m▀[0m[38;2;249;232;159m[48;2;248;226;130m▀[0m[38;2;249;232;157m[48;2;229;204;74m▀[0m[38;2;243;218;91m[48;2;223;159;68m▀[0m[38;2;79;66;50m[48;2;80;67;50m▀[0m[38;2;80;67;50m[48;2;80;67;50m▀[0m[38;2;80;67;50m[48;2;40;32;26m▀[0m[38;2;80;67;50m[48;2;64;54;41m▀[0m[38;2;80;67;50m▀[0m[38;2;84;71;52m▀[0m[38;2;14;9;11m▀[0m           
             [38;2;16;11;11m▀[0m[38;2;49;40;33m[48;2;63;53;40m▀[0m[38;2;80;67;50m[48;2;80;67;50m▀[0m[38;2;142;102;46m[48;2;84;71;54m▀[0m[38;2;227;161;68m[48;2;77;66;49m▀[0m[38;2;179;127;59m[48;2;76;65;49m▀[0m[38;2;218;156;67m[48;2;75;64;48m▀[0m[38;2;229;163;70m[48;2;79;67;50m▀[0m[38;2;79;67;50m[48;2;85;73;54m▀[0m[38;2;80;66;50m[48;2;71;59;44m▀[0m[38;2;80;67;50m▀[0m[38;2;9;6;7m▀[0m               
               [38;2;78;66;50m▀[0m[38;2;79;66;50m▀[0m                       
                                        
