                                        
                                        
                                        
            [38;2;60;60;60m▄[0m[38;2;21;21;21m[48;2;65;65;65m▀[0m[38;2;91;91;91m[48;2;92;92;92m▀[0m[38;2;92;92;92m[48;2;93;93;93m▀[0m[38;2;93;93;93m▄[0m        [38;2;13;9;11m[48;2;189;147;193m▀[0m[38;2;119;91;121m▄[0m[38;2;23;15;23m▄[0m[38;2;167;130;169m▄[0m[38;2;188;146;192m▄[0m[38;2;82;61;83m▄[0m         
            [38;2;63;63;63m[48;2;18;16;18m▀[0m[38;2;122;80;131m[48;2;118;78;126m▀[0m[38;2;120;80;128m[48;2;47;31;49m▀[0m[38;2;37;25;37m▀[0m[38;2;92;92;92m▀[0m      [38;2;156;108;164m▄[0m[38;2;189;145;193m▄[0m[38;2;193;150;196m[48;2;192;148;195m▀[0m[38;2;193;149;196m[48;2;192;148;195m▀[0m[38;2;193;150;196m[48;2;193;149;196m▀[0m[38;2;193;150;196m[48;2;172;133;177m▀[0m[38;2;192;148;195m[48;2;26;20;25m▀[0m[38;2;76;60;75m▀[0m         
            [38;2;109;73;117m[48;2;20;20;17m▀[0m[38;2;118;78;126m[48;2;166;114;175m▀[0m[38;2;99;68;106m▄[0m[38;2;163;112;173m▄[0m[38;2;165;113;175m▄[0m    [38;2;0;0;0m▄[0m[38;2;145;99;152m[48;2;169;116;177m▀[0m[38;2;167;114;176m[48;2;169;116;177m▀[0m[38;2;192;148;196m[48;2;175;125;182m▀[0m[38;2;193;150;197m[48;2;189;146;193m▀[0m[38;2;196;150;200m[48;2;189;146;192m▀[0m[38;2;193;150;198m▀[0m[38;2;192;148;195m▀[0m[38;2;191;148;193m▀[0m[38;2;189;147;193m▀[0m         
             [38;2;167;114;176m[48;2;133;89;140m▀[0m[38;2;114;78;121m[48;2;168;116;176m▀[0m[38;2;169;116;178m[48;2;165;112;174m▀[0m[38;2;88;59;94m[48;2;175;149;108m▀[0m[38;2;179;129;186m[48;2;191;148;194m▀[0m[38;2;203;159;206m[48;2;188;144;192m▀[0m[38;2;166;115;174m▄[0m[38;2;0;0;0m[48;2;162;111;172m▀[0m[38;2;165;113;174m[48;2;163;112;174m▀[0m[38;2;162;111;172m[48;2;32;19;33m▀[0m[38;2;162;111;172m▀[0m[38;2;162;111;172m▀[0m[38;2;134;94;141m▀[0m              
             [38;2;166;114;175m[48;2;189;144;194m▀[0m[38;2;165;113;174m[48;2;193;150;196m▀[0m[38;2;90;64;78m[48;2;212;184;132m▀[0m[38;2;155;162;51m[48;2;164;140;100m▀[0m[38;2;89;66;96m[48;2;113;93;80m▀[0m[38;2;42;32;45m[48;2;88;66;95m▀[0m[38;2;88;66;95m▄[0m[38;2;95;69;103m▄[0m                   
            [38;2;66;42;70m[48;2;120;81;129m▀[0m[38;2;194;150;198m[48;2;126;84;134m▀[0m[38;2;194;150;199m[48;2;172;133;175m▀[0m[38;2;224;198;140m[48;2;97;79;77m▀[0m[38;2;224;198;141m[48;2;224;198;140m▀[0m[38;2;224;198;141m[48;2;224;198;139m▀[0m[38;2;90;66;97m▀[0m[38;2;86;64;94m[48;2;25;17;27m▀[0m[38;2;96;70;104m▀[0m[38;2;155;104;164m[48;2;72;48;75m▀[0m                  
          [38;2;6;4;6m[48;2;168;115;176m▀[0m[38;2;169;116;177m[48;2;165;113;174m▀[0m[38;2;120;80;128m[48;2;165;113;174m▀[0m  [38;2;223;198;141m[48;2;221;195;140m▀[0m[38;2;224;198;141m[48;2;221;196;140m▀[0m[38;2;222;196;139m[48;2;222;196;139m▀[0m[38;2;221;195;139m[48;2;222;196;139m▀[0m[38;2;62;62;62m▄[0m                    
          [38;2;162;110;171m[48;2;164;111;173m▀[0m[38;2;162;111;172m[48;2;161;110;171m▀[0m[38;2;161;111;170m[48;2;162;110;171m▀[0m  [38;2;221;195;139m[48;2;221;196;139m▀[0m[38;2;226;203;153m[48;2;234;217;177m▀[0m[38;2;222;196;139m[48;2;221;195;139m▀[0m[38;2;216;190;134m[48;2;37;40;44m▀[0m[38;2;62;62;62m[48;2;61;61;61m▀[0m[38;2;62;62;62m[48;2;62;62;62m▀[0m[38;2;59;59;59m[48;2;63;63;63m▀[0m[38;2;62;62;62m▄[0m                 
         [38;2;158;116;162m▄[0m[38;2;164;113;173m[48;2;182;135;187m▀[0m[38;2;164;112;173m[48;2;192;149;195m▀[0m[38;2;164;112;174m[48;2;180;132;186m▀[0m[38;2;0;0;0m▀[0m[38;2;62;62;62m[48;2;75;75;75m▀[0m[38;2;53;49;45m[48;2;93;93;93m▀[0m[38;2;236;221;183m[48;2;237;221;183m▀[0m[38;2;223;196;139m[48;2;224;198;142m▀[0m[38;2;62;62;62m[48;2;63;63;63m▀[0m[38;2;63;63;63m[48;2;61;61;61m▀[0m[38;2;61;61;61m[48;2;60;60;60m▀[0m[38;2;63;63;63m[48;2;40;40;40m▀[0m[38;2;63;63;63m[48;2;61;61;61m▀[0m[38;2;63;63;63m[48;2;62;62;62m▀[0m[38;2;63;63;63m▄[0m               
        [38;2;74;57;75m▄[0m[38;2;168;129;172m[48;2;193;149;195m▀[0m[38;2;193;150;197m[48;2;192;148;194m▀[0m[38;2;192;149;195m[48;2;192;148;195m▀[0m[38;2;193;150;196m▀[0m[38;2;91;91;91m[48;2;91;91;91m▀[0m[38;2;92;92;92m[48;2;94;94;94m▀[0m[38;2;92;92;92m[48;2;218;225;131m▀[0m[38;2;93;93;93m[48;2;92;92;92m▀[0m[38;2;61;62;62m[48;2;91;91;91m▀[0m[38;2;65;65;65m[48;2;70;70;70m▀[0m[38;2;253;255;190m[48;2;254;255;236m▀[0m[38;2;143;148;47m[48;2;251;253;197m▀[0m[38;2;62;62;62m[48;2;59;59;59m▀[0m[38;2;33;33;33m[48;2;61;61;61m▀[0m[38;2;61;61;61m[48;2;62;62;62m▀[0m[38;2;52;52;52m[48;2;49;49;49m▀[0m[38;2;25;25;25m[48;2;48;48;48m▀[0m              
        [38;2;65;49;65m▀[0m[38;2;193;150;198m[48;2;192;149;195m▀[0m[38;2;153;119;155m[48;2;0;0;0m▀[0m[38;2;193;150;197m[48;2;203;159;207m▀[0m [38;2;61;61;61m[48;2;37;37;37m▀[0m[38;2;66;65;30m[48;2;91;91;91m▀[0m[38;2;252;254;177m[48;2;88;92;24m▀[0m[38;2;89;89;89m[48;2;90;90;90m▀[0m[38;2;92;92;92m[48;2;86;86;86m▀[0m[38;2;59;59;59m[48;2;60;60;60m▀[0m[38;2;252;253;227m[48;2;62;62;62m▀[0m[38;2;63;63;63m[48;2;63;63;63m▀[0m[38;2;62;62;62m[48;2;59;59;59m▀[0m[38;2;62;62;62m[48;2;40;40;26m▀[0m[38;2;49;49;49m[48;2;48;48;48m▀[0m[38;2;50;50;50m[48;2;48;48;48m▀[0m[38;2;50;50;50m[48;2;50;50;50m▀[0m              
         [38;2;6;6;1m▀[0m[38;2;18;14;17m▀[0m  [38;2;62;62;62m[48;2;43;43;43m▀[0m[38;2;73;73;73m[48;2;62;62;62m▀[0m[38;2;77;77;77m[48;2;159;161;78m▀[0m[38;2;62;62;62m[48;2;58;58;58m▀[0m[38;2;157;165;52m[48;2;192;203;114m▀[0m[38;2;62;62;62m[48;2;167;170;146m▀[0m[38;2;62;62;62m[48;2;10;10;9m▀[0m[38;2;61;61;61m[48;2;254;255;235m▀[0m[38;2;254;255;229m[48;2;252;255;197m▀[0m[38;2;42;42;41m[48;2;51;51;51m▀[0m[38;2;51;51;51m[48;2;51;51;51m▀[0m[38;2;49;49;49m[48;2;51;51;51m▀[0m[38;2;50;50;50m[48;2;51;51;51m▀[0m[38;2;61;61;61m▄[0m             
              [38;2;46;46;46m▀[0m[38;2;49;49;49m[48;2;37;37;37m▀[0m[38;2;246;251;165m[48;2;51;51;51m▀[0m[38;2;254;255;221m[48;2;204;218;66m▀[0m[38;2;254;255;225m[48;2;186;194;88m▀[0m[38;2;254;255;228m[48;2;188;196;55m▀[0m[38;2;254;255;206m[48;2;197;209;64m▀[0m[38;2;134;137;43m[48;2;51;51;51m▀[0m[38;2;50;50;50m[48;2;50;50;50m▀[0m[38;2;51;51;51m[48;2;38;38;38m▀[0m[38;2;51;51;51m▀[0m[38;2;30;30;28m▀[0m              
                [38;2;51;51;51m[48;2;25;25;25m▀[0m[38;2;51;51;51m▀[0m[38;2;52;52;52m▀[0m[38;2;50;50;50m▀[0m[38;2;49;49;49m▀[0m[38;2;49;49;49m▀[0m                  
                                        
                                        
                                        
