                                        
                                        
              [38;2;177;159;130m▄[0m[38;2;169;154;126m▄[0m[38;2;135;123;99m▄[0m[38;2;7;11;7m▄[0m[38;2;210;177;119m▄[0m[38;2;210;178;121m▄[0m[38;2;27;41;28m▄[0m                   
          [38;2;57;68;45m▄[0m[38;2;222;190;134m▄[0m[38;2;224;192;134m▄[0m[38;2;177;160;131m[48;2;134;123;101m▀[0m[38;2;151;138;114m[48;2;217;186;129m▀[0m[38;2;218;186;130m[48;2;217;186;129m▀[0m[38;2;218;187;130m[48;2;217;186;130m▀[0m[38;2;219;187;131m[48;2;217;186;130m▀[0m[38;2;217;185;129m[48;2;217;185;129m▀[0m[38;2;217;186;130m[48;2;208;179;126m▀[0m[38;2;205;177;124m[48;2;112;96;65m▀[0m[38;2;201;170;117m[48;2;202;171;117m▀[0m[38;2;202;170;115m[48;2;202;171;116m▀[0m[38;2;158;135;87m[48;2;220;188;131m▀[0m[38;2;220;189;132m▄[0m               
       [38;2;218;186;130m▄[0m[38;2;81;88;59m[48;2;217;186;129m▀[0m[38;2;218;187;131m[48;2;217;186;129m▀[0m[38;2;219;187;131m[48;2;219;187;131m▀[0m[38;2;218;189;134m[48;2;219;187;132m▀[0m[38;2;217;186;130m[48;2;217;186;129m▀[0m[38;2;218;187;130m[48;2;219;187;131m▀[0m[38;2;217;186;129m[48;2;217;186;129m▀[0m[38;2;217;185;129m[48;2;217;186;130m▀[0m[38;2;217;185;129m[48;2;210;180;126m▀[0m[38;2;217;185;129m[48;2;201;170;115m▀[0m[38;2;205;175;124m[48;2;202;171;116m▀[0m[38;2;201;170;115m[48;2;202;171;116m▀[0m[38;2;203;171;117m[48;2;22;28;18m▀[0m[38;2;111;101;84m▀[0m[38;2;112;102;84m▄[0m                 
     [38;2;18;31;19m▄[0m[38;2;215;184;130m[48;2;201;170;115m▀[0m[38;2;203;174;122m[48;2;201;170;115m▀[0m[38;2;154;146;100m[48;2;217;186;129m▀[0m[38;2;218;186;130m[48;2;217;186;130m▀[0m[38;2;217;185;130m[48;2;217;186;130m▀[0m[38;2;219;188;131m[48;2;219;187;131m▀[0m[38;2;207;178;126m[48;2;206;176;125m▀[0m[38;2;217;185;129m[48;2;212;181;128m▀[0m[38;2;203;173;121m[48;2;202;171;116m▀[0m[38;2;203;171;117m[48;2;202;171;115m▀[0m[38;2;202;170;115m[48;2;202;171;116m▀[0m[38;2;202;170;115m[48;2;202;170;115m▀[0m[38;2;202;171;118m[48;2;179;150;101m▀[0m[38;2;201;168;108m[48;2;5;6;6m▀[0m[38;2;117;129;160m[48;2;154;170;205m▀[0m[38;2;127;116;125m▄[0m [38;2;112;102;84m▀[0m[38;2;110;101;84m▄[0m               
    [38;2;18;28;20m▄[0m[38;2;202;171;116m▀[0m[38;2;174;144;96m▀[0m [38;2;203;173;121m▀[0m[38;2;219;187;131m[48;2;0;1;1m▀[0m[38;2;217;185;129m[48;2;210;179;122m▀[0m[38;2;219;187;131m[48;2;202;172;118m▀[0m[38;2;210;181;127m[48;2;210;180;128m▀[0m[38;2;201;170;115m[48;2;203;172;120m▀[0m[38;2;201;170;115m[48;2;195;162;102m▀[0m[38;2;201;170;116m[48;2;0;2;2m▀[0m[38;2;188;156;102m[48;2;0;2;2m▀[0m[38;2;0;2;2m[48;2;0;1;2m▀[0m[38;2;1;2;2m[48;2;0;2;2m▀[0m[38;2;0;2;2m[48;2;0;1;2m▀[0m[38;2;0;0;0m[48;2;0;2;2m▀[0m[38;2;153;172;212m[48;2;153;172;212m▀[0m   [38;2;130;118;97m[48;2;52;48;40m▀[0m[38;2;0;0;0m▄[0m             
           [38;2;138;153;188m[48;2;139;156;190m▀[0m[38;2;31;29;31m[48;2;14;13;14m▀[0m[38;2;203;170;117m[48;2;0;2;2m▀[0m[38;2;0;2;2m[48;2;0;2;2m▀[0m[38;2;0;2;2m[48;2;0;2;2m▀[0m[38;2;0;2;2m[48;2;0;2;2m▀[0m[38;2;0;2;2m[48;2;0;1;1m▀[0m[38;2;0;1;2m[48;2;41;42;41m▀[0m[38;2;0;2;2m[48;2;57;58;57m▀[0m[38;2;3;3;4m[48;2;50;52;51m▀[0m[38;2;154;170;205m[48;2;154;170;205m▀[0m    [38;2;129;118;97m[48;2;0;0;0m▀[0m[38;2;136;123;101m▄[0m            
           [38;2;139;154;188m[48;2;138;153;184m▀[0m[38;2;1;2;3m[48;2;0;1;2m▀[0m[38;2;0;2;2m[48;2;0;1;1m▀[0m[38;2;0;2;2m[48;2;0;2;2m▀[0m[38;2;0;2;2m[48;2;0;2;2m▀[0m[38;2;1;2;2m[48;2;43;44;43m▀[0m[38;2;59;60;58m[48;2;59;60;59m▀[0m[38;2;241;242;242m[48;2;201;200;198m▀[0m[38;2;59;60;59m[48;2;78;79;97m▀[0m[38;2;172;194;243m[48;2;169;193;248m▀[0m[38;2;153;172;212m[48;2;93;103;48m▀[0m[38;2;120;132;62m[48;2;185;224;108m▀[0m    [38;2;127;115;96m[48;2;1;1;1m▀[0m[38;2;125;115;95m▄[0m   [38;2;4;5;2m▄[0m[38;2;171;146;104m▄[0m[38;2;211;179;123m▄[0m[38;2;210;178;121m▄[0m[38;2;199;167;112m▄[0m   
    [38;2;185;153;98m▄[0m[38;2;205;172;115m[48;2;138;122;92m▀[0m[38;2;208;175;116m[48;2;188;157;102m▀[0m[38;2;215;183;125m[48;2;191;162;111m▀[0m[38;2;219;187;131m[48;2;212;177;116m▀[0m[38;2;221;186;132m[48;2;217;184;130m▀[0m[38;2;196;169;121m[48;2;24;21;16m▀[0m[38;2;169;193;248m[48;2;168;193;246m▀[0m[38;2;206;209;210m[48;2;183;205;250m▀[0m[38;2;0;2;2m[48;2;169;195;249m▀[0m[38;2;0;2;3m[48;2;166;190;242m▀[0m[38;2;0;2;2m[48;2;192;211;255m▀[0m[38;2;57;59;58m[48;2;169;193;248m▀[0m[38;2;59;60;59m[48;2;170;194;249m▀[0m[38;2;171;195;251m[48;2;155;175;215m▀[0m[38;2;169;193;248m[48;2;216;230;244m▀[0m[38;2;18;19;21m[48;2;198;209;221m▀[0m[38;2;181;221;107m[48;2;181;221;106m▀[0m[38;2;192;234;111m[48;2;205;248;122m▀[0m[38;2;189;204;124m[48;2;205;247;122m▀[0m   [38;2;219;188;132m▄[0m[38;2;94;84;71m[48;2;217;185;129m▀[0m[38;2;220;189;134m[48;2;217;186;129m▀[0m[38;2;219;188;132m[48;2;219;187;131m▀[0m[38;2;219;187;131m[48;2;183;158;114m▀[0m[38;2;213;182;128m[48;2;217;186;130m▀[0m[38;2;199;170;118m[48;2;217;186;129m▀[0m[38;2;115;99;72m[48;2;211;181;127m▀[0m[38;2;202;170;117m[48;2;208;175;118m▀[0m[38;2;202;170;115m▀[0m   
    [38;2;140;123;92m▀[0m  [38;2;185;154;98m[48;2;185;154;99m▀[0m[38;2;191;161;108m[48;2;184;153;98m▀[0m[38;2;194;164;110m[48;2;184;153;98m▀[0m[38;2;199;168;111m[48;2;184;153;98m▀[0m[38;2;207;175;120m[48;2;180;151;98m▀[0m[38;2;197;164;104m[48;2;180;151;98m▀[0m[38;2;18;11;18m[48;2;180;151;98m▀[0m[38;2;125;142;181m[48;2;193;161;106m▀[0m[38;2;82;69;74m[48;2;252;253;253m▀[0m[38;2;1;2;2m[48;2;186;225;108m▀[0m[38;2;69;83;42m[48;2;182;221;106m▀[0m[38;2;57;69;31m[48;2;192;234;111m▀[0m[38;2;254;255;254m[48;2;196;239;114m▀[0m[38;2;119;145;69m[48;2;206;249;123m▀[0m[38;2;203;246;118m[48;2;204;247;121m▀[0m[38;2;205;247;124m[48;2;204;248;121m▀[0m[38;2;204;247;121m[48;2;205;247;122m▀[0m[38;2;190;169;67m[48;2;210;250;135m▀[0m[38;2;217;185;129m▄[0m[38;2;217;185;129m[48;2;217;186;130m▀[0m[38;2;219;187;131m[48;2;210;181;126m▀[0m[38;2;219;187;131m[48;2;208;179;126m▀[0m[38;2;25;37;25m[48;2;219;187;131m▀[0m[38;2;217;185;129m[48;2;217;186;130m▀[0m[38;2;217;186;129m[48;2;217;186;130m▀[0m[38;2;217;186;130m[48;2;217;185;129m▀[0m[38;2;217;186;130m[48;2;215;184;130m▀[0m[38;2;203;175;124m▀[0m     
       [38;2;186;155;99m[48;2;183;153;98m▀[0m[38;2;180;150;97m[48;2;180;150;97m▀[0m[38;2;184;154;99m[48;2;181;151;98m▀[0m[38;2;184;154;99m[48;2;180;151;97m▀[0m[38;2;184;154;99m[48;2;184;153;98m▀[0m[38;2;8;13;9m[48;2;180;151;98m▀[0m[38;2;180;151;98m[48;2;183;152;97m▀[0m[38;2;181;151;97m[48;2;180;151;98m▀[0m[38;2;204;247;121m[48;2;205;247;121m▀[0m[38;2;206;249;124m[48;2;207;248;129m▀[0m[38;2;204;247;121m[48;2;211;248;141m▀[0m[38;2;204;247;121m[48;2;214;249;146m▀[0m[38;2;205;248;122m[48;2;213;248;146m▀[0m[38;2;205;248;121m[48;2;212;248;142m▀[0m[38;2;206;249;123m[48;2;192;170;72m▀[0m[38;2;204;247;120m[48;2;213;235;114m▀[0m[38;2;204;247;121m[48;2;204;247;121m▀[0m[38;2;184;167;114m[48;2;201;170;115m▀[0m[38;2;206;178;125m[48;2;202;171;119m▀[0m[38;2;202;170;115m[48;2;202;171;116m▀[0m[38;2;208;179;126m[48;2;217;186;129m▀[0m[38;2;219;187;131m[48;2;219;187;131m▀[0m[38;2;217;186;129m[48;2;219;187;131m▀[0m[38;2;219;187;131m[48;2;219;187;131m▀[0m[38;2;219;187;131m[48;2;219;187;131m▀[0m[38;2;217;186;130m[48;2;219;187;131m▀[0m[38;2;208;179;128m[48;2;202;171;116m▀[0m      
       [38;2;184;153;97m[48;2;180;151;98m▀[0m[38;2;180;151;98m[48;2;180;151;97m▀[0m[38;2;183;152;97m[48;2;181;151;97m▀[0m[38;2;180;151;97m[48;2;181;151;96m▀[0m[38;2;181;151;98m[48;2;180;150;97m▀[0m[38;2;180;151;98m[48;2;181;151;98m▀[0m[38;2;182;151;97m[48;2;120;105;73m▀[0m[38;2;117;109;69m[48;2;186;167;83m▀[0m[38;2;225;236;141m[48;2;217;248;157m▀[0m[38;2;217;248;156m[48;2;217;248;157m▀[0m[38;2;217;249;157m[48;2;217;247;157m▀[0m[38;2;218;250;159m[48;2;218;249;158m▀[0m[38;2;220;252;161m[48;2;224;241;155m▀[0m[38;2;220;252;160m[48;2;221;252;162m▀[0m[38;2;217;248;156m[48;2;217;249;157m▀[0m[38;2;209;247;136m[48;2;215;249;150m▀[0m[38;2;204;247;120m[48;2;205;248;122m▀[0m[38;2;216;182;120m[48;2;115;135;69m▀[0m[38;2;210;178;121m[48;2;202;170;115m▀[0m[38;2;209;180;126m[48;2;217;186;130m▀[0m[38;2;217;185;129m[48;2;217;186;129m▀[0m[38;2;219;187;131m[48;2;217;185;129m▀[0m[38;2;219;188;131m[48;2;217;186;129m▀[0m[38;2;219;187;131m[48;2;216;184;129m▀[0m[38;2;219;187;131m[48;2;214;183;129m▀[0m[38;2;211;181;127m[48;2;208;179;127m▀[0m[38;2;203;172;119m[48;2;180;154;108m▀[0m      
  [38;2;194;235;114m[48;2;187;224;115m▀[0m[38;2;182;216;115m▄[0m   [38;2;180;151;97m[48;2;111;100;64m▀[0m[38;2;181;151;98m[48;2;182;151;96m▀[0m[38;2;183;153;97m[48;2;180;151;98m▀[0m[38;2;183;153;97m[48;2;183;152;96m▀[0m[38;2;181;151;98m[48;2;184;153;98m▀[0m[38;2;180;151;98m[48;2;180;151;98m▀[0m[38;2;2;4;3m[48;2;218;250;158m▀[0m[38;2;189;170;87m[48;2;225;246;183m▀[0m[38;2;218;249;158m[48;2;229;250;190m▀[0m[38;2;223;252;168m[48;2;227;248;188m▀[0m[38;2;225;251;174m[48;2;229;251;189m▀[0m[38;2;221;251;165m[48;2;229;251;187m▀[0m[38;2;187;168;87m[48;2;183;164;82m▀[0m[38;2;183;164;82m[48;2;205;233;143m▀[0m[38;2;220;251;160m[48;2;218;250;159m▀[0m[38;2;214;248;147m[48;2;212;248;141m▀[0m[38;2;205;247;122m[48;2;204;247;120m▀[0m[38;2;201;171;117m[48;2;202;171;117m▀[0m[38;2;202;171;117m[48;2;202;171;117m▀[0m[38;2;215;184;129m[48;2;206;177;125m▀[0m[38;2;209;179;126m[48;2;210;181;127m▀[0m[38;2;217;185;129m[48;2;210;180;127m▀[0m[38;2;217;186;130m[48;2;209;179;126m▀[0m[38;2;208;179;125m[48;2;206;177;125m▀[0m[38;2;207;178;126m[48;2;203;175;124m▀[0m[38;2;204;176;125m[48;2;203;172;118m▀[0m       
  [38;2;158;186;105m[48;2;98;109;62m▀[0m[38;2;177;208;115m[48;2;157;185;103m▀[0m[38;2;156;183;104m[48;2;154;181;102m▀[0m[38;2;156;183;103m[48;2;157;184;103m▀[0m[38;2;22;25;15m▄[0m [38;2;192;160;100m▀[0m[38;2;187;154;99m[48;2;193;159;99m▀[0m[38;2;185;154;98m[48;2;189;157;99m▀[0m[38;2;185;153;99m[48;2;186;155;99m▀[0m[38;2;184;153;97m[48;2;126;105;65m▀[0m[38;2;225;246;184m[48;2;224;247;181m▀[0m[38;2;226;246;186m[48;2;226;246;186m▀[0m[38;2;230;251;188m[48;2;230;251;189m▀[0m[38;2;230;251;188m[48;2;221;229;169m▀[0m[38;2;228;249;189m[48;2;191;174;100m▀[0m[38;2;229;251;188m[48;2;218;249;157m▀[0m[38;2;221;251;161m[48;2;216;248;155m▀[0m[38;2;219;251;160m[48;2;220;252;160m▀[0m[38;2;218;249;157m[48;2;211;249;138m▀[0m[38;2;207;248;126m[48;2;198;242;115m▀[0m[38;2;194;236;113m[48;2;193;236;112m▀[0m[38;2;202;171;117m[48;2;203;172;119m▀[0m[38;2;202;171;116m[48;2;202;171;118m▀[0m[38;2;203;175;126m[48;2;202;171;116m▀[0m[38;2;203;175;126m[48;2;203;173;123m▀[0m[38;2;203;175;124m[48;2;203;173;121m▀[0m[38;2;205;175;125m[48;2;203;173;121m▀[0m[38;2;204;176;125m[48;2;202;172;119m▀[0m[38;2;203;173;121m[48;2;201;170;116m▀[0m[38;2;24;32;21m▀[0m       
   [38;2;157;185;104m▀[0m[38;2;157;184;104m[48;2;148;173;98m▀[0m[38;2;157;184;104m[48;2;159;187;105m▀[0m[38;2;168;199;109m[48;2;70;69;67m▀[0m   [38;2;204;169;105m▀[0m[38;2;195;161;99m▀[0m[38;2;21;27;17m▀[0m[38;2;223;251;169m[48;2;219;251;160m▀[0m[38;2;221;248;170m[48;2;220;251;160m▀[0m[38;2;227;252;177m[48;2;220;251;160m▀[0m[38;2;222;252;165m[48;2;217;249;158m▀[0m[38;2;191;172;87m[48;2;217;249;157m▀[0m[38;2;220;251;160m[48;2;214;250;144m▀[0m[38;2;217;249;157m[48;2;205;248;121m▀[0m[38;2;208;247;132m[48;2;192;234;112m▀[0m[38;2;197;240;114m[48;2;194;237;112m▀[0m[38;2;193;235;112m[48;2;195;237;113m▀[0m[38;2;192;234;112m[48;2;192;234;112m▀[0m[38;2;69;86;59m[48;2;175;154;64m▀[0m[38;2;203;171;117m[48;2;79;91;42m▀[0m[38;2;202;171;117m[48;2;206;175;120m▀[0m[38;2;202;171;115m[48;2;207;175;119m▀[0m[38;2;203;172;120m[48;2;182;153;104m▀[0m[38;2;202;171;116m▀[0m[38;2;202;171;117m▀[0m         
        [38;2;104;96;83m▀[0m[38;2;23;21;19m▀[0m [38;2;0;0;0m▄[0m[38;2;13;13;13m▄[0m[38;2;195;238;113m[48;2;0;0;0m▀[0m[38;2;212;245;126m[48;2;196;239;113m▀[0m[38;2;210;251;132m[48;2;195;238;112m▀[0m[38;2;208;249;129m[48;2;195;238;113m▀[0m[38;2;202;246;117m[48;2;195;238;113m▀[0m[38;2;196;239;113m[48;2;195;239;112m▀[0m[38;2;192;234;112m[48;2;184;163;71m▀[0m[38;2;193;233;111m[48;2;193;235;112m▀[0m[38;2;194;236;112m[48;2;195;237;113m▀[0m[38;2;194;236;112m[48;2;196;238;113m▀[0m[38;2;192;234;112m[48;2;195;237;113m▀[0m[38;2;193;232;111m▀[0m               
               [38;2;70;69;31m▀[0m[38;2;199;243;116m▀[0m[38;2;195;237;114m▀[0m[38;2;194;236;113m▀[0m[38;2;191;234;112m▀[0m[38;2;192;235;112m▀[0m[38;2;193;235;112m▀[0m[38;2;0;0;0m▀[0m                 
                                        
                                        
