                                        
        [38;2;251;249;219m▄[0m[38;2;226;217;108m▄[0m[38;2;198;194;98m[48;2;245;243;124m▀[0m[38;2;242;234;115m[48;2;0;0;0m▀[0m[38;2;240;233;115m▀[0m[38;2;238;229;114m▀[0m[38;2;239;231;114m[48;2;45;43;22m▀[0m[38;2;1;1;0m[48;2;241;233;115m▀[0m[38;2;242;234;116m▄[0m[38;2;124;122;63m▄[0m                      
      [38;2;0;0;0m[48;2;239;231;114m▀[0m[38;2;238;230;114m▀[0m[38;2;62;60;31m▀[0m        [38;2;245;236;116m▀[0m[38;2;245;236;115m[48;2;247;240;119m▀[0m[38;2;241;233;115m▄[0m                    
    [38;2;178;171;84m▄[0m[38;2;241;232;112m[48;2;222;211;106m▀[0m             [38;2;243;235;118m▀[0m[38;2;10;10;4m[48;2;239;229;56m▀[0m                   
    [38;2;243;235;116m[48;2;243;235;116m▀[0m               [38;2;237;228;55m[48;2;170;161;40m▀[0m[38;2;253;251;63m▄[0m                  
    [38;2;239;231;115m[48;2;237;229;114m▀[0m                [38;2;228;217;56m[48;2;221;208;52m▀[0m                  
    [38;2;239;231;115m[48;2;238;230;106m▀[0m           [38;2;162;161;176m▄[0m   [38;2;26;25;7m[48;2;244;234;55m▀[0m[38;2;217;205;55m[48;2;3;3;1m▀[0m                  
    [38;2;252;248;59m▀[0m[38;2;240;236;59m[48;2;244;234;54m▀[0m       [38;2;209;208;228m▄[0m[38;2;212;212;231m[48;2;212;211;230m▀[0m[38;2;206;206;227m[48;2;212;211;230m▀[0m[38;2;207;207;227m[48;2;209;209;229m▀[0m[38;2;207;205;228m[48;2;198;198;227m▀[0m[38;2;164;58;108m▄[0m[38;2;196;182;54m▄[0m[38;2;200;187;50m[48;2;223;209;58m▀[0m                   
     [38;2;64;60;15m▀[0m[38;2;240;230;56m[48;2;193;190;50m▀[0m[38;2;238;229;55m▄[0m   [38;2;231;128;163m▄[0m[38;2;9;11;11m[48;2;204;202;224m▀[0m[38;2;207;207;227m[48;2;205;204;224m▀[0m[38;2;207;207;228m[48;2;199;198;223m▀[0m[38;2;207;207;227m[48;2;191;191;222m▀[0m[38;2;196;196;223m[48;2;192;192;224m▀[0m[38;2;190;189;221m[48;2;193;193;224m▀[0m[38;2;31;28;8m[48;2;26;25;29m▀[0m[38;2;172;159;48m[48;2;143;134;150m▀[0m[38;2;188;58;109m▄[0m   [38;2;90;50;64m▄[0m[38;2;63;35;45m[48;2;231;127;162m▀[0m[38;2;230;127;162m[48;2;231;128;163m▀[0m[38;2;241;77;146m[48;2;226;73;137m▀[0m[38;2;207;65;123m▄[0m           
       [38;2;18;15;5m▀[0m[38;2;184;171;49m▀[0m[38;2;236;227;55m[48;2;36;34;11m▀[0m[38;2;0;0;0m[48;2;173;160;48m▀[0m[38;2;232;128;163m[48;2;190;176;49m▀[0m[38;2;201;201;232m[48;2;184;170;48m▀[0m[38;2;192;193;225m[48;2;167;154;46m▀[0m[38;2;194;193;225m[48;2;144;136;152m▀[0m[38;2;195;195;226m[48;2;142;134;150m▀[0m[38;2;161;154;174m[48;2;142;134;150m▀[0m[38;2;41;38;43m[48;2;154;145;163m▀[0m[38;2;145;136;151m[48;2;161;152;170m▀[0m[38;2;143;135;151m[48;2;158;150;170m▀[0m[38;2;175;55;102m[48;2;173;54;100m▀[0m   [38;2;228;77;139m[48;2;206;128;164m▀[0m[38;2;232;124;162m[48;2;206;205;225m▀[0m[38;2;228;72;137m[48;2;248;123;173m▀[0m[38;2;227;73;138m[48;2;129;42;79m▀[0m[38;2;177;55;103m[48;2;175;55;101m▀[0m[38;2;172;54;100m[48;2;174;55;101m▀[0m[38;2;197;62;114m[48;2;174;55;102m▀[0m[38;2;174;55;101m▄[0m[38;2;217;69;131m[48;2;110;35;64m▀[0m       
          [38;2;75;41;53m▀[0m[38;2;233;130;165m[48;2;227;76;139m▀[0m[38;2;194;57;112m[48;2;200;64;119m▀[0m[38;2;130;125;144m[48;2;172;54;100m▀[0m[38;2;106;107;131m[48;2;112;34;64m▀[0m[38;2;107;107;132m[48;2;26;6;11m▀[0m[38;2;105;106;130m[48;2;176;55;102m▀[0m[38;2;104;105;129m[48;2;172;54;100m▀[0m[38;2;182;56;106m[48;2;172;54;100m▀[0m[38;2;172;54;100m[48;2;174;54;101m▀[0m[38;2;212;67;125m▀[0m[38;2;24;24;25m▄[0m[38;2;209;209;228m[48;2;206;206;226m▀[0m[38;2;208;208;228m[48;2;207;206;227m▀[0m[38;2;248;244;120m[48;2;253;250;130m▀[0m[38;2;252;249;125m[48;2;208;206;84m▀[0m[38;2;207;206;228m[48;2;191;191;222m▀[0m[38;2;192;192;223m[48;2;254;255;255m▀[0m[38;2;232;232;247m[48;2;247;245;63m▀[0m[38;2;246;87;162m[48;2;194;194;225m▀[0m[38;2;175;55;102m[48;2;81;24;46m▀[0m[38;2;175;55;102m▀[0m[38;2;246;237;108m▄[0m[38;2;249;243;124m▄[0m [38;2;33;32;30m[48;2;165;158;151m▀[0m    
           [38;2;33;36;40m▀[0m[38;2;207;66;124m[48;2;190;190;221m▀[0m[38;2;172;54;100m[48;2;34;33;34m▀[0m[38;2;173;54;100m[48;2;201;63;117m▀[0m[38;2;173;54;100m[48;2;200;63;117m▀[0m[38;2;172;54;100m[48;2;156;43;87m▀[0m[38;2;174;54;101m[48;2;153;144;162m▀[0m[38;2;204;65;121m[48;2;68;64;72m▀[0m[38;2;236;130;165m▄[0m[38;2;89;93;106m[48;2;131;134;151m▀[0m[38;2;239;230;86m[48;2;250;245;181m▀[0m[38;2;219;217;220m[48;2;154;203;120m▀[0m[38;2;106;183;85m[48;2;131;128;47m▀[0m[38;2;195;194;225m[48;2;192;192;224m▀[0m[38;2;195;194;225m[48;2;191;191;224m▀[0m[38;2;254;252;62m[48;2;191;192;223m▀[0m[38;2;131;194;98m[48;2;185;183;84m▀[0m[38;2;13;21;14m[48;2;123;123;56m▀[0m[38;2;242;184;211m[48;2;247;193;223m▀[0m[38;2;204;204;237m[48;2;191;190;222m▀[0m[38;2;232;127;163m[48;2;226;84;141m▀[0m[38;2;105;103;102m[48;2;128;125;124m▀[0m[38;2;238;229;114m[48;2;110;106;104m▀[0m[38;2;209;206;110m[48;2;240;232;121m▀[0m[38;2;114;111;109m[48;2;94;90;88m▀[0m    
             [38;2;57;54;60m[48;2;5;5;6m▀[0m[38;2;143;135;151m[48;2;142;134;150m▀[0m[38;2;142;134;150m[48;2;141;133;149m▀[0m[38;2;142;135;150m[48;2;141;134;150m▀[0m[38;2;104;98;110m[48;2;133;131;130m▀[0m[38;2;159;154;148m[48;2;125;124;123m▀[0m[38;2;228;85;142m[48;2;226;73;138m▀[0m[38;2;247;191;219m[48;2;190;190;221m▀[0m[38;2;190;142;162m[48;2;190;190;221m▀[0m[38;2;162;163;201m[48;2;188;188;219m▀[0m[38;2;191;190;222m[48;2;253;253;254m▀[0m[38;2;191;191;223m[48;2;253;254;255m▀[0m[38;2;190;190;222m[48;2;247;248;250m▀[0m[38;2;194;193;226m[48;2;248;249;251m▀[0m[38;2;197;198;196m[48;2;248;250;251m▀[0m[38;2;184;185;185m[48;2;165;160;182m▀[0m[38;2;190;189;221m[48;2;141;133;149m▀[0m[38;2;174;171;197m[48;2;142;134;150m▀[0m[38;2;173;54;100m[48;2;175;55;102m▀[0m[38;2;101;98;94m[48;2;97;92;89m▀[0m[38;2;94;90;88m[48;2;97;92;89m▀[0m[38;2;236;227;55m[48;2;30;29;7m▀[0m[38;2;0;0;0m[48;2;216;205;54m▀[0m    
               [38;2;143;135;152m▀[0m[38;2;143;135;151m▀[0m [38;2;95;91;88m▀[0m[38;2;173;54;101m▀[0m[38;2;143;134;151m[48;2;211;66;123m▀[0m[38;2;142;134;150m[48;2;145;135;151m▀[0m[38;2;145;138;155m[48;2;144;135;151m▀[0m[38;2;154;147;166m[48;2;144;135;151m▀[0m[38;2;134;131;127m[48;2;143;135;151m▀[0m[38;2;180;170;164m[48;2;143;135;151m▀[0m[38;2;184;174;168m[48;2;142;134;150m▀[0m[38;2;163;153;171m[48;2;140;133;149m▀[0m[38;2;144;135;151m[48;2;141;133;149m▀[0m[38;2;144;135;151m[48;2;193;59;110m▀[0m[38;2;38;30;36m[48;2;147;46;85m▀[0m[38;2;176;55;102m▀[0m[38;2;172;159;48m[48;2;182;170;50m▀[0m[38;2;188;175;52m▄[0m[38;2;186;172;51m▄[0m[38;2;170;157;48m[48;2;211;198;56m▀[0m    
                      [38;2;190;58;109m▀[0m[38;2;144;142;157m[48;2;130;129;48m▀[0m[38;2;141;133;149m[48;2;62;70;83m▀[0m[38;2;140;132;148m[48;2;74;14;34m▀[0m[38;2;164;155;174m[48;2;86;16;41m▀[0m[38;2;197;60;114m[48;2;106;112;136m▀[0m[38;2;172;53;99m▀[0m  [38;2;223;222;243m▄[0m[38;2;26;26;28m▄[0m[38;2;207;192;56m[48;2;212;211;230m▀[0m[38;2;201;186;56m[48;2;235;130;166m▀[0m[38;2;235;129;165m▄[0m    
                   [38;2;237;228;110m▄[0m[38;2;50;50;26m[48;2;237;229;113m▀[0m[38;2;139;135;67m[48;2;60;58;27m▀[0m[38;2;200;200;230m[48;2;204;204;223m▀[0m[38;2;190;58;111m[48;2;230;98;148m▀[0m[38;2;107;108;132m[48;2;161;173;191m▀[0m[38;2;107;107;132m[48;2;195;61;114m▀[0m[38;2;140;132;149m[48;2;173;54;100m▀[0m[38;2;186;58;107m[48;2;142;134;150m▀[0m[38;2;68;62;20m▀[0m[38;2;3;3;0m▀[0m[38;2;105;102;22m[48;2;190;190;221m▀[0m[38;2;196;196;226m[48;2;189;189;221m▀[0m[38;2;207;206;227m[48;2;189;189;221m▀[0m[38;2;139;138;150m[48;2;199;199;232m▀[0m[38;2;211;210;229m[48;2;192;192;225m▀[0m[38;2;230;127;161m[48;2;227;73;138m▀[0m[38;2;13;4;7m[48;2;126;37;73m▀[0m[38;2;142;133;150m▄[0m[38;2;137;129;145m▄[0m 
                   [38;2;237;228;113m[48;2;7;6;2m▀[0m[38;2;236;228;113m[48;2;236;227;97m▀[0m[38;2;236;227;113m[48;2;236;227;84m▀[0m[38;2;203;202;221m[48;2;237;228;67m▀[0m[38;2;231;79;142m[48;2;187;194;210m▀[0m[38;2;225;72;137m[48;2;127;38;74m▀[0m[38;2;225;73;137m[48;2;192;192;224m▀[0m[38;2;200;200;234m[48;2;193;193;225m▀[0m[38;2;189;189;220m[48;2;196;195;225m▀[0m[38;2;180;166;48m▄[0m  [38;2;147;139;157m[48;2;40;38;42m▀[0m[38;2;183;178;204m[48;2;141;133;149m▀[0m[38;2;175;170;196m[48;2;149;141;158m▀[0m[38;2;18;18;20m[48;2;173;54;100m▀[0m[38;2;176;55;102m[48;2;174;54;101m▀[0m[38;2;157;146;164m[48;2;141;133;149m▀[0m[38;2;143;135;151m▀[0m  
                    [38;2;79;74;22m▀[0m[38;2;227;217;54m[48;2;109;110;134m▀[0m[38;2;242;232;56m[48;2;173;161;48m▀[0m[38;2;241;232;56m[48;2;173;161;48m▀[0m[38;2;240;231;56m[48;2;173;161;49m▀[0m[38;2;247;245;62m[48;2;173;161;48m▀[0m[38;2;111;103;20m[48;2;172;160;48m▀[0m[38;2;150;139;41m[48;2;171;159;48m▀[0m[38;2;173;161;49m[48;2;173;161;49m▀[0m[38;2;173;160;49m[48;2;194;183;51m▀[0m  [38;2;172;54;100m▀[0m[38;2;173;54;100m[48;2;151;48;90m▀[0m[38;2;173;54;101m▀[0m[38;2;165;155;174m▀[0m[38;2;5;5;5m▀[0m   
                   [38;2;182;179;207m[48;2;139;131;147m▀[0m[38;2;107;108;132m[48;2;103;104;129m▀[0m[38;2;109;109;133m[48;2;104;106;129m▀[0m[38;2;110;110;134m[48;2;104;105;130m▀[0m[38;2;107;107;132m▀[0m[38;2;8;7;2m▀[0m[38;2;183;171;49m▀[0m[38;2;170;157;48m▀[0m[38;2;172;159;49m▀[0m[38;2;248;237;64m▀[0m           
                    [38;2;140;135;156m▀[0m[38;2;117;118;146m▀[0m                  
