                                        
                                        
                                        
     [38;2;125;216;216m▄[0m[38;2;99;170;164m[48;2;92;195;200m▀[0m[38;2;92;195;200m[48;2;92;195;200m▀[0m[38;2;92;195;200m[48;2;111;206;208m▀[0m[38;2;106;208;210m[48;2;78;178;184m▀[0m[38;2;91;195;200m▄[0m[38;2;52;98;106m▄[0m[38;2;49;92;101m▄[0m[38;2;53;96;104m▄[0m[38;2;96;203;209m▄[0m[38;2;92;195;200m▄[0m[38;2;91;195;200m▄[0m[38;2;89;122;113m▄[0m                      
    [38;2;121;215;216m▄[0m[38;2;92;195;200m[48;2;92;195;200m▀[0m[38;2;92;195;200m[48;2;92;195;200m▀[0m[38;2;92;195;200m[48;2;92;195;200m▀[0m[38;2;68;146;153m[48;2;53;65;47m▀[0m[38;2;33;49;43m[48;2;192;191;186m▀[0m[38;2;33;73;83m[48;2;214;213;209m▀[0m[38;2;90;193;197m[48;2;255;255;254m▀[0m[38;2;49;92;100m[48;2;70;139;129m▀[0m[38;2;95;201;207m[48;2;254;254;254m▀[0m[38;2;52;88;84m[48;2;255;255;254m▀[0m[38;2;116;114;118m[48;2;255;255;254m▀[0m[38;2;92;196;201m[48;2;255;255;254m▀[0m[38;2;92;195;200m[48;2;92;194;196m▀[0m[38;2;92;197;201m▄[0m                     
    [38;2;102;194;195m▀[0m[38;2;92;195;200m[48;2;92;195;200m▀[0m[38;2;92;195;200m[48;2;92;195;200m▀[0m[38;2;92;195;200m[48;2;92;195;200m▀[0m[38;2;85;177;176m[48;2;92;195;200m▀[0m[38;2;192;191;186m[48;2;16;16;16m▀[0m[38;2;255;255;254m[48;2;0;0;0m▀[0m[38;2;255;255;254m[48;2;188;186;186m▀[0m[38;2;189;189;184m[48;2;195;194;188m▀[0m[38;2;255;255;255m[48;2;97;97;97m▀[0m[38;2;255;255;254m[48;2;238;238;238m▀[0m[38;2;255;255;254m[48;2;0;0;0m▀[0m[38;2;255;255;254m[48;2;1;1;1m▀[0m[38;2;255;255;254m[48;2;255;255;254m▀[0m[38;2;92;195;200m[48;2;99;204;209m▀[0m                     
     [38;2;101;210;215m[48;2;41;71;74m▀[0m[38;2;92;195;200m[48;2;96;201;206m▀[0m[38;2;92;195;200m[48;2;92;195;200m▀[0m[38;2;92;195;200m[48;2;92;195;200m▀[0m[38;2;105;103;99m[48;2;92;195;200m▀[0m[38;2;255;255;254m[48;2;255;255;254m▀[0m[38;2;247;249;249m[48;2;252;253;252m▀[0m[38;2;193;192;187m[48;2;158;57;58m▀[0m[38;2;149;148;143m[48;2;164;164;160m▀[0m[38;2;136;134;134m[48;2;185;56;47m▀[0m[38;2;255;255;254m[48;2;255;255;254m▀[0m[38;2;255;255;254m[48;2;255;255;254m▀[0m[38;2;255;255;254m[48;2;255;255;254m▀[0m[38;2;75;179;186m[48;2;60;110;107m▀[0m[38;2;1;0;0m▄[0m                    
     [38;2;41;70;74m[48;2;42;71;74m▀[0m[38;2;41;70;73m[48;2;41;71;74m▀[0m[38;2;48;95;93m[48;2;51;93;101m▀[0m[38;2;92;195;200m[48;2;213;213;214m▀[0m[38;2;92;195;200m[48;2;34;60;56m▀[0m[38;2;103;203;205m[48;2;92;195;201m▀[0m[38;2;255;255;254m[48;2;124;200;196m▀[0m[38;2;157;56;57m[48;2;255;255;254m▀[0m[38;2;188;68;64m[48;2;227;81;69m▀[0m[38;2;162;165;166m[48;2;255;255;254m▀[0m[38;2;255;255;254m[48;2;255;255;254m▀[0m[38;2;255;255;254m[48;2;255;255;254m▀[0m[38;2;255;255;254m[48;2;182;182;183m▀[0m[38;2;49;91;101m[48;2;49;93;101m▀[0m[38;2;58;108;119m[48;2;61;112;121m▀[0m                    
    [38;2;190;190;185m▄[0m[38;2;193;192;188m[48;2;193;192;187m▀[0m[38;2;43;74;78m[48;2;221;220;216m▀[0m[38;2;49;92;101m[48;2;48;91;100m▀[0m[38;2;51;95;102m[48;2;51;93;101m▀[0m[38;2;143;143;143m[48;2;50;93;101m▀[0m[38;2;255;255;254m[48;2;53;99;108m▀[0m[38;2;255;255;255m[48;2;90;97;91m▀[0m[38;2;255;255;254m[48;2;95;100;92m▀[0m[38;2;255;255;254m[48;2;255;255;254m▀[0m[38;2;255;255;254m[48;2;159;158;160m▀[0m[38;2;255;255;254m[48;2;146;144;145m▀[0m[38;2;254;254;254m[48;2;49;91;100m▀[0m[38;2;49;91;100m[48;2;49;93;101m▀[0m[38;2;52;95;104m[48;2;49;91;99m▀[0m[38;2;60;109;119m[48;2;60;109;119m▀[0m  [38;2;250;250;250m▄[0m[38;2;255;255;254m▄[0m[38;2;255;255;254m▄[0m[38;2;255;255;254m▄[0m[38;2;255;255;254m▄[0m[38;2;255;255;254m▄[0m[38;2;255;255;254m▄[0m[38;2;255;255;254m▄[0m[38;2;255;255;254m▄[0m[38;2;255;255;254m▄[0m[38;2;250;250;250m▄[0m       
    [38;2;205;204;199m[48;2;190;189;185m▀[0m[38;2;193;192;187m[48;2;192;191;186m▀[0m[38;2;233;231;229m[48;2;231;230;228m▀[0m[38;2;40;73;79m[48;2;255;255;255m▀[0m[38;2;49;92;101m[48;2;49;91;99m▀[0m[38;2;48;91;99m[48;2;93;198;202m▀[0m[38;2;92;195;200m[48;2;92;195;200m▀[0m[38;2;92;195;200m[48;2;92;194;200m▀[0m[38;2;92;195;200m[48;2;91;194;199m▀[0m[38;2;91;197;201m[48;2;22;46;46m▀[0m[38;2;92;195;200m[48;2;92;195;200m▀[0m[38;2;119;210;211m[48;2;82;179;187m▀[0m[38;2;95;201;206m[48;2;92;195;200m▀[0m[38;2;49;91;100m[48;2;70;135;128m▀[0m[38;2;49;92;101m[48;2;49;91;100m▀[0m[38;2;42;81;88m[48;2;48;91;98m▀[0m[38;2;92;194;199m[48;2;92;195;200m▀[0m[38;2;119;210;211m[48;2;99;208;212m▀[0m[38;2;121;209;210m[48;2;218;131;125m▀[0m[38;2;94;55;52m[48;2;219;79;69m▀[0m[38;2;254;254;255m[48;2;189;65;54m▀[0m[38;2;255;255;254m[48;2;255;255;254m▀[0m[38;2;255;255;254m[48;2;255;255;254m▀[0m[38;2;255;255;254m[48;2;255;255;254m▀[0m[38;2;255;255;254m[48;2;255;255;254m▀[0m[38;2;255;255;254m[48;2;255;255;254m▀[0m[38;2;255;255;255m[48;2;255;255;255m▀[0m[38;2;123;122;122m[48;2;254;254;254m▀[0m[38;2;88;86;87m▄[0m       
    [38;2;141;172;181m[48;2;140;171;181m▀[0m[38;2;191;192;187m[48;2;172;188;193m▀[0m[38;2;206;208;205m[48;2;129;170;180m▀[0m[38;2;255;255;254m[48;2;255;255;254m▀[0m[38;2;49;91;100m[48;2;50;93;102m▀[0m[38;2;91;193;198m[48;2;49;91;100m▀[0m[38;2;92;195;200m[48;2;50;94;102m▀[0m[38;2;92;195;200m[48;2;49;93;101m▀[0m[38;2;92;198;203m[48;2;49;91;99m▀[0m[38;2;49;91;99m[48;2;49;91;99m▀[0m[38;2;94;192;192m[48;2;49;90;99m▀[0m[38;2;92;195;200m[48;2;49;91;99m▀[0m[38;2;92;195;200m[48;2;51;98;106m▀[0m[38;2;92;195;200m[48;2;49;92;100m▀[0m[38;2;49;92;101m[48;2;50;95;103m▀[0m[38;2;49;91;100m[48;2;102;204;199m▀[0m[38;2;89;164;148m[48;2;92;195;200m▀[0m[38;2;92;195;200m[48;2;92;195;200m▀[0m[38;2;92;195;200m[48;2;102;211;216m▀[0m[38;2;94;201;204m[48;2;253;253;252m▀[0m[38;2;255;255;254m[48;2;255;255;254m▀[0m[38;2;255;255;254m[48;2;255;255;254m▀[0m[38;2;255;255;254m[48;2;255;255;254m▀[0m[38;2;255;255;254m[48;2;255;255;254m▀[0m[38;2;255;255;254m[48;2;255;255;254m▀[0m[38;2;255;255;254m[48;2;255;255;254m▀[0m[38;2;255;255;254m[48;2;134;134;133m▀[0m[38;2;255;255;254m[48;2;177;176;176m▀[0m[38;2;255;255;254m[48;2;255;255;254m▀[0m[38;2;255;255;254m[48;2;254;254;253m▀[0m[38;2;254;254;254m[48;2;255;255;253m▀[0m[38;2;148;146;146m▄[0m    
    [38;2;205;206;202m[48;2;97;97;95m▀[0m[38;2;193;192;189m[48;2;192;191;186m▀[0m[38;2;133;171;181m[48;2;192;191;186m▀[0m[38;2;253;253;251m[48;2;194;194;189m▀[0m[38;2;126;126;127m[48;2;175;175;175m▀[0m[38;2;49;91;99m[48;2;52;57;57m▀[0m[38;2;49;92;101m[48;2;49;91;99m▀[0m[38;2;49;92;101m[48;2;43;78;85m▀[0m[38;2;49;91;100m[48;2;49;91;100m▀[0m[38;2;49;91;100m[48;2;49;91;99m▀[0m[38;2;49;91;100m[48;2;49;92;101m▀[0m[38;2;49;91;100m[48;2;22;32;34m▀[0m[38;2;49;92;100m[48;2;48;91;99m▀[0m[38;2;50;92;101m[48;2;254;254;254m▀[0m[38;2;71;69;72m▀[0m[38;2;90;194;198m▀[0m[38;2;92;195;200m[48;2;97;204;207m▀[0m[38;2;91;194;199m[48;2;92;195;200m▀[0m[38;2;221;153;150m[48;2;96;204;211m▀[0m[38;2;218;77;67m[48;2;248;250;250m▀[0m[38;2;254;254;254m[48;2;255;255;254m▀[0m[38;2;255;255;254m[48;2;255;255;254m▀[0m[38;2;255;255;254m[48;2;255;255;254m▀[0m[38;2;255;255;254m[48;2;255;255;254m▀[0m[38;2;255;255;254m[48;2;255;255;254m▀[0m[38;2;255;255;254m[48;2;249;249;248m▀[0m[38;2;255;255;254m[48;2;255;255;254m▀[0m[38;2;255;255;254m[48;2;255;255;254m▀[0m[38;2;255;255;254m[48;2;255;255;254m▀[0m[38;2;128;128;127m[48;2;255;255;254m▀[0m[38;2;255;255;254m▄[0m     
     [38;2;196;195;190m[48;2;192;191;186m▀[0m[38;2;192;191;186m[48;2;193;192;186m▀[0m[38;2;193;192;187m[48;2;193;192;187m▀[0m[38;2;148;147;143m[48;2;202;201;197m▀[0m[38;2;255;255;254m[48;2;250;249;248m▀[0m[38;2;255;255;255m[48;2;255;255;254m▀[0m[38;2;190;191;193m[48;2;255;255;254m▀[0m[38;2;51;96;104m[48;2;255;255;254m▀[0m[38;2;49;92;101m[48;2;160;158;158m▀[0m[38;2;53;99;107m[48;2;255;255;254m▀[0m[38;2;255;255;254m[48;2;254;254;254m▀[0m[38;2;255;255;254m[48;2;190;190;185m▀[0m[38;2;219;218;214m[48;2;24;24;24m▀[0m   [38;2;146;144;140m▀[0m[38;2;254;254;254m▀[0m[38;2;255;255;254m[48;2;221;221;217m▀[0m[38;2;255;255;254m[48;2;255;255;254m▀[0m[38;2;255;255;254m[48;2;255;255;254m▀[0m[38;2;255;255;254m[48;2;255;255;254m▀[0m[38;2;255;255;254m[48;2;255;255;254m▀[0m[38;2;255;255;254m[48;2;255;255;255m▀[0m[38;2;255;255;254m[48;2;253;253;253m▀[0m[38;2;255;255;254m[48;2;255;255;254m▀[0m[38;2;246;246;246m[48;2;255;255;254m▀[0m[38;2;163;163;162m[48;2;255;255;254m▀[0m[38;2;253;253;253m[48;2;253;253;253m▀[0m[38;2;254;254;253m▀[0m[38;2;236;235;235m▀[0m    
     [38;2;215;214;209m▀[0m[38;2;193;192;188m[48;2;192;191;186m▀[0m[38;2;193;192;187m[48;2;193;192;187m▀[0m[38;2;191;190;185m[48;2;193;192;187m▀[0m[38;2;194;193;187m[48;2;193;192;187m▀[0m[38;2;192;191;186m[48;2;193;192;187m▀[0m[38;2;195;194;189m[48;2;192;191;186m▀[0m[38;2;214;212;208m[48;2;193;192;187m▀[0m[38;2;207;206;201m[48;2;196;195;189m▀[0m[38;2;192;191;185m[48;2;192;191;186m▀[0m[38;2;192;191;186m[48;2;193;192;187m▀[0m[38;2;192;191;186m[48;2;193;192;187m▀[0m        [38;2;216;215;214m▀[0m[38;2;255;255;254m▀[0m[38;2;255;255;254m▀[0m[38;2;255;255;254m[48;2;174;174;173m▀[0m[38;2;255;255;254m[48;2;253;253;251m▀[0m[38;2;255;255;254m[48;2;255;255;254m▀[0m[38;2;255;255;254m▄[0m[38;2;188;187;187m[48;2;92;92;92m▀[0m[38;2;239;239;239m▀[0m[38;2;102;101;98m▀[0m     
      [38;2;100;99;96m▀[0m[38;2;209;207;201m[48;2;193;192;186m▀[0m[38;2;193;192;187m[48;2;194;193;187m▀[0m[38;2;193;192;187m[48;2;193;192;187m▀[0m[38;2;175;173;168m[48;2;46;81;108m▀[0m[38;2;46;82;109m[48;2;50;93;120m▀[0m[38;2;7;13;19m▀[0m[38;2;46;81;108m[48;2;46;81;108m▀[0m[38;2;193;192;187m[48;2;199;198;193m▀[0m[38;2;193;192;187m[48;2;193;192;187m▀[0m[38;2;207;206;200m[48;2;81;80;78m▀[0m                       
       [38;2;93;92;89m▀[0m[38;2;159;56;57m[48;2;157;57;58m▀[0m[38;2;159;56;58m[48;2;155;57;58m▀[0m[38;2;47;86;116m▀[0m   [38;2;164;58;58m[48;2;155;57;59m▀[0m[38;2;160;57;57m[48;2;157;57;58m▀[0m                        
     [38;2;55;20;17m[48;2;134;47;41m▀[0m[38;2;218;77;67m▀[0m[38;2;215;93;76m[48;2;150;53;46m▀[0m[38;2;218;77;67m▀[0m[38;2;217;76;66m▀[0m[38;2;225;79;69m▀[0m[38;2;50;18;14m▀[0m [38;2;227;80;69m▀[0m[38;2;219;77;67m▀[0m[38;2;224;79;68m▀[0m[38;2;218;76;66m▀[0m[38;2;78;35;31m[48;2;64;22;19m▀[0m[38;2;217;75;66m▀[0m[38;2;26;9;7m▀[0m                    
                                        
                                        
                                        
