                                        
                                        
                                        
      [38;2;242;239;219m[48;2;242;240;220m▀[0m[38;2;243;242;223m[48;2;220;169;120m▀[0m[38;2;220;169;120m▄[0m            [38;2;109;108;103m▄[0m[38;2;242;240;220m▄[0m[38;2;242;240;219m▄[0m                
     [38;2;242;240;219m▄[0m[38;2;220;168;119m▄[0m[38;2;234;179;127m[48;2;220;168;120m▀[0m[38;2;190;187;164m[48;2;179;158;130m▀[0m[38;2;167;116;83m[48;2;162;111;80m▀[0m[38;2;72;54;40m[48;2;161;111;80m▀[0m[38;2;234;189;141m▄[0m          [38;2;242;240;220m▀[0m[38;2;241;239;220m[48;2;242;240;220m▀[0m[38;2;245;243;223m▄[0m               
     [38;2;242;238;217m▀[0m[38;2;220;168;120m▀[0m[38;2;220;169;120m▀[0m[38;2;220;169;120m[48;2;25;16;13m▀[0m[38;2;168;116;84m[48;2;176;122;87m▀[0m[38;2;161;111;80m[48;2;161;111;80m▀[0m[38;2;161;111;80m[48;2;161;111;80m▀[0m[38;2;222;174;128m[48;2;161;111;80m▀[0m[38;2;222;170;121m▄[0m       [38;2;25;54;45m▄[0m[38;2;30;173;128m▄[0m[38;2;12;38;29m[48;2;0;168;121m▀[0m[38;2;222;212;210m[48;2;7;169;122m▀[0m[38;2;39;29;15m[48;2;0;168;121m▀[0m[38;2;0;167;120m▄[0m             
     [38;2;214;156;106m▄[0m[38;2;208;163;118m[48;2;220;169;119m▀[0m[38;2;220;169;120m[48;2;220;169;120m▀[0m[38;2;220;169;120m[48;2;217;164;117m▀[0m[38;2;161;111;80m[48;2;202;115;86m▀[0m[38;2;161;112;81m[48;2;196;113;85m▀[0m[38;2;161;111;80m[48;2;162;112;80m▀[0m[38;2;161;111;80m[48;2;161;111;80m▀[0m[38;2;162;112;81m[48;2;161;111;80m▀[0m[38;2;188;137;97m[48;2;161;112;80m▀[0m[38;2;163;112;80m▄[0m[38;2;191;150;107m▄[0m   [38;2;0;0;0m▀[0m[38;2;14;47;35m[48;2;0;168;121m▀[0m[38;2;0;169;121m[48;2;0;168;121m▀[0m[38;2;40;176;133m[48;2;0;168;121m▀[0m[38;2;0;169;121m[48;2;4;167;120m▀[0m[38;2;0;168;121m[48;2;14;19;23m▀[0m[38;2;0;168;121m[48;2;0;169;121m▀[0m[38;2;0;168;121m[48;2;0;169;121m▀[0m[38;2;0;7;5m▄[0m           
    [38;2;223;185;143m[48;2;83;69;53m▀[0m[38;2;215;159;109m[48;2;233;188;143m▀[0m[38;2;216;159;109m[48;2;158;106;75m▀[0m[38;2;213;162;115m[48;2;160;110;79m▀[0m[38;2;161;111;80m[48;2;157;106;75m▀[0m[38;2;161;110;79m[48;2;159;107;76m▀[0m[38;2;157;106;75m[48;2;158;106;75m▀[0m[38;2;134;92;69m[48;2;171;96;75m▀[0m[38;2;161;111;80m[48;2;178;101;79m▀[0m[38;2;161;111;80m[48;2;161;110;80m▀[0m[38;2;161;111;80m[48;2;161;111;80m▀[0m[38;2;161;112;80m[48;2;161;111;80m▀[0m[38;2;160;110;79m[48;2;161;111;80m▀[0m[38;2;0;116;83m[48;2;162;112;80m▀[0m[38;2;66;187;148m[48;2;0;169;121m▀[0m[38;2;0;168;121m▄[0m[38;2;3;91;65m[48;2;0;169;122m▀[0m[38;2;0;169;121m[48;2;0;168;120m▀[0m[38;2;0;168;121m[48;2;6;130;94m▀[0m[38;2;19;33;42m[48;2;0;168;121m▀[0m[38;2;21;47;53m[48;2;193;208;194m▀[0m[38;2;0;165;118m[48;2;252;124;81m▀[0m[38;2;97;65;40m[48;2;120;31;17m▀[0m[38;2;0;168;121m[48;2;102;62;38m▀[0m[38;2;43;72;56m▀[0m           
     [38;2;188;133;92m[48;2;158;106;75m▀[0m[38;2;157;106;75m[48;2;159;108;77m▀[0m[38;2;157;106;75m[48;2;163;110;77m▀[0m[38;2;158;106;75m[48;2;157;106;75m▀[0m[38;2;157;106;75m[48;2;157;106;75m▀[0m[38;2;160;109;78m[48;2;157;106;75m▀[0m[38;2;158;106;76m[48;2;160;109;78m▀[0m[38;2;158;106;75m[48;2;157;106;75m▀[0m[38;2;199;113;84m[48;2;154;105;75m▀[0m[38;2;165;90;68m[48;2;161;111;80m▀[0m[38;2;161;111;80m[48;2;208;115;85m▀[0m[38;2;161;111;80m[48;2;163;112;81m▀[0m[38;2;161;111;80m[48;2;161;111;80m▀[0m[38;2;0;148;105m[48;2;161;111;80m▀[0m[38;2;40;160;121m[48;2;10;108;78m▀[0m[38;2;0;168;121m[48;2;9;63;47m▀[0m[38;2;0;169;121m[48;2;81;71;49m▀[0m[38;2;0;168;121m[48;2;0;169;121m▀[0m[38;2;0;167;120m[48;2;0;170;123m▀[0m[38;2;154;156;125m[48;2;47;82;63m▀[0m[38;2;31;70;85m[48;2;44;77;59m▀[0m[38;2;104;102;81m[48;2;45;80;61m▀[0m[38;2;19;36;27m▀[0m[38;2;47;84;64m▀[0m           
      [38;2;186;129;88m▄[0m[38;2;161;110;79m[48;2;157;106;75m▀[0m[38;2;157;106;75m[48;2;160;109;78m▀[0m[38;2;157;105;75m[48;2;157;106;75m▀[0m[38;2;157;106;75m[48;2;157;105;75m▀[0m[38;2;157;106;75m[48;2;157;106;75m▀[0m[38;2;159;108;77m[48;2;159;109;77m▀[0m[38;2;157;105;75m[48;2;157;106;75m▀[0m[38;2;160;111;79m[48;2;157;106;75m▀[0m[38;2;208;115;85m[48;2;158;106;76m▀[0m[38;2;165;113;81m[48;2;161;111;80m▀[0m[38;2;165;97;74m[48;2;154;106;78m▀[0m[38;2;132;93;70m[48;2;166;117;82m▀[0m[38;2;0;168;121m[48;2;152;107;78m▀[0m[38;2;0;168;121m[48;2;36;46;35m▀[0m[38;2;236;111;72m[48;2;237;114;74m▀[0m[38;2;242;118;77m[48;2;245;120;77m▀[0m[38;2;246;119;77m[48;2;184;89;59m▀[0m[38;2;105;46;31m[48;2;0;166;119m▀[0m[38;2;9;105;81m[48;2;0;168;121m▀[0m[38;2;10;107;83m[48;2;0;168;121m▀[0m[38;2;9;108;83m[48;2;0;168;121m▀[0m[38;2;1;143;104m▄[0m           
      [38;2;160;111;78m▀[0m[38;2;158;106;75m▀[0m[38;2;171;115;81m[48;2;160;108;76m▀[0m[38;2;158;106;76m[48;2;157;106;75m▀[0m[38;2;157;106;75m[48;2;158;106;75m▀[0m[38;2;157;106;75m[48;2;157;106;75m▀[0m[38;2;157;106;75m[48;2;158;106;75m▀[0m[38;2;158;106;76m[48;2;159;108;77m▀[0m[38;2;13;103;75m[48;2;162;112;80m▀[0m[38;2;0;168;121m[48;2;160;109;78m▀[0m[38;2;5;110;79m[48;2;157;106;75m▀[0m[38;2;1;168;120m[48;2;157;106;75m▀[0m[38;2;39;29;21m[48;2;157;106;75m▀[0m[38;2;160;109;78m[48;2;160;110;79m▀[0m[38;2;158;106;75m[48;2;158;106;76m▀[0m[38;2;170;165;139m[48;2;248;247;228m▀[0m[38;2;190;186;160m[48;2;242;240;220m▀[0m[38;2;168;166;136m[48;2;235;234;217m▀[0m[38;2;57;38;26m[48;2;251;250;236m▀[0m[38;2;0;168;121m[48;2;176;121;87m▀[0m[38;2;0;167;120m[48;2;168;104;75m▀[0m[38;2;0;183;131m[48;2;0;192;138m▀[0m[38;2;0;168;121m[48;2;0;183;132m▀[0m[38;2;0;168;121m▄[0m          
        [38;2;159;109;77m▀[0m[38;2;157;105;75m▀[0m[38;2;158;106;75m▀[0m[38;2;158;106;75m[48;2;161;111;80m▀[0m[38;2;157;106;75m[48;2;159;109;77m▀[0m[38;2;158;106;75m[48;2;157;105;75m▀[0m[38;2;157;106;75m[48;2;157;106;75m▀[0m[38;2;157;105;75m[48;2;157;106;75m▀[0m[38;2;160;109;78m[48;2;159;107;76m▀[0m[38;2;159;108;77m[48;2;158;106;75m▀[0m[38;2;157;105;75m[48;2;157;106;75m▀[0m[38;2;159;108;77m[48;2;157;106;75m▀[0m[38;2;161;111;80m[48;2;157;106;75m▀[0m[38;2;92;58;37m[48;2;155;98;67m▀[0m[38;2;242;240;220m[48;2;247;245;226m▀[0m[38;2;217;212;190m[48;2;242;240;220m▀[0m[38;2;242;240;220m[48;2;242;240;220m▀[0m[38;2;229;176;125m[48;2;245;243;226m▀[0m[38;2;231;175;125m[48;2;0;184;132m▀[0m[38;2;221;170;121m[48;2;0;168;121m▀[0m[38;2;172;122;86m[48;2;219;167;119m▀[0m[38;2;211;204;177m▄[0m          
          [38;2;145;97;63m▀[0m[38;2;157;106;75m[48;2;166;111;79m▀[0m[38;2;160;109;78m▀[0m[38;2;19;13;9m[48;2;171;117;81m▀[0m[38;2;157;105;75m[48;2;158;106;75m▀[0m[38;2;160;109;78m[48;2;157;106;75m▀[0m[38;2;162;112;81m[48;2;166;112;78m▀[0m[38;2;161;110;79m[48;2;157;105;75m▀[0m[38;2;159;108;77m[48;2;157;106;75m▀[0m[38;2;158;106;75m[48;2;160;109;79m▀[0m[38;2;157;106;75m[48;2;161;111;79m▀[0m[38;2;157;105;74m[48;2;161;111;80m▀[0m[38;2;242;240;220m[48;2;242;240;220m▀[0m[38;2;242;240;220m[48;2;244;242;221m▀[0m[38;2;242;240;219m[48;2;203;196;172m▀[0m[38;2;242;240;220m[48;2;242;240;220m▀[0m[38;2;241;209;164m[48;2;242;240;220m▀[0m[38;2;0;168;121m[48;2;224;186;145m▀[0m[38;2;0;168;121m[48;2;220;169;120m▀[0m[38;2;220;169;120m[48;2;216;160;109m▀[0m[38;2;55;38;26m▄[0m         
             [38;2;159;108;76m[48;2;23;15;10m▀[0m[38;2;158;105;75m[48;2;155;105;74m▀[0m[38;2;158;106;75m▀[0m [38;2;157;106;75m[48;2;157;105;75m▀[0m[38;2;158;106;75m[48;2;157;105;75m▀[0m[38;2;161;107;76m[48;2;42;30;21m▀[0m[38;2;157;106;75m[48;2;158;106;76m▀[0m[38;2;157;106;75m[48;2;158;106;76m▀[0m[38;2;80;56;41m[48;2;43;30;22m▀[0m[38;2;186;182;159m[48;2;187;183;159m▀[0m[38;2;186;182;159m[48;2;195;191;167m▀[0m[38;2;15;109;85m[48;2;4;21;17m▀[0m[38;2;182;178;155m[48;2;55;62;52m▀[0m[38;2;211;208;182m[48;2;188;184;161m▀[0m[38;2;220;169;120m[48;2;182;126;87m▀[0m[38;2;215;159;109m[48;2;216;160;110m▀[0m[38;2;215;159;109m[48;2;219;163;114m▀[0m[38;2;25;17;12m▄[0m        
                 [38;2;158;107;76m[48;2;91;65;46m▀[0m[38;2;157;105;75m▀[0m [38;2;161;110;79m[48;2;157;106;75m▀[0m[38;2;161;111;80m[48;2;157;105;75m▀[0m[38;2;245;244;228m▄[0m[38;2;243;241;220m[48;2;242;240;220m▀[0m[38;2;12;108;84m[48;2;15;101;78m▀[0m[38;2;7;31;23m▀[0m[38;2;3;88;68m[48;2;4;84;62m▀[0m[38;2;187;182;159m[48;2;186;182;159m▀[0m[38;2;9;55;42m[48;2;11;19;13m▀[0m[38;2;213;157;108m[48;2;13;102;79m▀[0m[38;2;230;201;165m[48;2;215;159;109m▀[0m[38;2;161;110;79m[48;2;215;159;109m▀[0m[38;2;175;118;85m▄[0m       
                    [38;2;179;124;87m▀[0m [38;2;242;240;220m[48;2;242;240;220m▀[0m[38;2;242;240;220m[48;2;220;219;206m▀[0m[38;2;15;101;78m[48;2;7;101;78m▀[0m [38;2;222;218;192m▄[0m[38;2;242;240;220m[48;2;242;240;220m▀[0m[38;2;208;205;180m[48;2;113;111;100m▀[0m[38;2;1;12;8m▀[0m[38;2;15;105;81m[48;2;13;114;87m▀[0m[38;2;217;163;114m[48;2;179;124;84m▀[0m[38;2;189;134;90m[48;2;217;164;114m▀[0m[38;2;20;20;20m[48;2;157;105;75m▀[0m[38;2;66;44;31m▄[0m     
                   [38;2;247;245;222m▀[0m[38;2;52;87;102m[48;2;20;49;58m▀[0m[38;2;242;240;220m▀[0m[38;2;157;157;152m▀[0m  [38;2;48;46;40m▀[0m[38;2;216;218;217m[48;2;18;61;74m▀[0m[38;2;242;240;220m▀[0m[38;2;242;240;220m▀[0m[38;2;25;50;79m[48;2;140;135;126m▀[0m [38;2;14;117;89m▀[0m[38;2;215;158;109m▀[0m[38;2;215;159;109m[48;2;218;167;119m▀[0m[38;2;162;110;79m[48;2;219;168;120m▀[0m[38;2;108;78;55m▀[0m    
                                        
                                        
                                        
