                                        
                                        
                             [38;2;69;77;92m▄[0m[38;2;68;78;93m▄[0m         
                           [38;2;57;65;79m▄[0m[38;2;70;80;94m[48;2;68;77;92m▀[0m[38;2;68;78;92m[48;2;58;61;70m▀[0m[38;2;68;77;92m[48;2;44;42;47m▀[0m         
                              [38;2;47;45;50m[48;2;52;49;55m▀[0m[38;2;13;13;16m[48;2;45;44;50m▀[0m        
                            [38;2;10;13;13m▄[0m[38;2;0;0;0m[48;2;52;50;55m▀[0m[38;2;52;50;55m[48;2;52;50;54m▀[0m         
                         [38;2;80;91;107m▄[0m[38;2;0;0;0m[48;2;69;79;94m▀[0m[38;2;70;79;94m[48;2;78;88;105m▀[0m[38;2;69;79;93m▀[0m[38;2;82;94;112m▀[0m          
           [38;2;21;24;28m▄[0m[38;2;14;16;19m[48;2;151;153;154m▀[0m[38;2;67;78;92m▄[0m      [38;2;4;4;5m[48;2;80;90;106m▀[0m[38;2;67;77;90m[48;2;79;78;77m▀[0m  [38;2;76;86;103m[48;2;69;79;94m▀[0m[38;2;68;78;93m[48;2;12;15;17m▀[0m              
           [38;2;74;85;102m[48;2;73;83;99m▀[0m[38;2;167;166;165m[48;2;208;208;206m▀[0m[38;2;217;217;215m[48;2;208;209;207m▀[0m[38;2;59;61;69m[48;2;68;79;93m▀[0m[38;2;59;62;71m▄[0m[38;2;33;38;45m[48;2;69;79;93m▀[0m[38;2;19;20;21m▄[0m[38;2;70;79;94m[48;2;68;78;92m▀[0m[38;2;4;4;6m[48;2;69;79;94m▀[0m[38;2;207;206;204m[48;2;208;208;206m▀[0m[38;2;208;208;206m[48;2;208;208;206m▀[0m[38;2;75;85;100m[48;2;71;81;95m▀[0m[38;2;69;79;93m▄[0m[38;2;69;79;93m[48;2;69;79;93m▀[0m[38;2;71;81;96m▄[0m[38;2;76;87;104m▄[0m             
           [38;2;70;80;96m[48;2;79;89;107m▀[0m[38;2;208;208;206m[48;2;71;83;101m▀[0m[38;2;208;208;206m[48;2;79;86;100m▀[0m[38;2;37;43;53m[48;2;82;89;104m▀[0m[38;2;68;78;93m[48;2;83;89;104m▀[0m[38;2;66;77;92m[48;2;233;115;97m▀[0m[38;2;69;79;93m[48;2;68;78;93m▀[0m[38;2;69;79;94m[48;2;68;77;92m▀[0m[38;2;70;79;94m[48;2;69;79;93m▀[0m[38;2;17;24;34m[48;2;68;78;92m▀[0m[38;2;230;231;230m[48;2;70;79;94m▀[0m[38;2;42;48;55m[48;2;69;79;93m▀[0m[38;2;75;85;101m[48;2;59;67;80m▀[0m[38;2;68;78;93m[48;2;68;77;92m▀[0m[38;2;69;79;93m[48;2;68;77;92m▀[0m[38;2;69;79;93m[48;2;68;77;93m▀[0m[38;2;56;54;60m[48;2;52;49;54m▀[0m            
           [38;2;76;88;105m[48;2;72;82;98m▀[0m[38;2;89;96;113m[48;2;83;90;105m▀[0m[38;2;82;89;103m[48;2;87;93;109m▀[0m[38;2;32;18;18m[48;2;160;71;55m▀[0m[38;2;236;109;88m[48;2;245;97;76m▀[0m[38;2;235;97;77m[48;2;235;92;72m▀[0m[38;2;239;89;69m[48;2;126;43;30m▀[0m[38;2;8;8;8m[48;2;77;88;104m▀[0m[38;2;78;86;104m[48;2;71;80;94m▀[0m[38;2;68;77;92m[48;2;68;77;92m▀[0m[38;2;68;77;92m[48;2;69;78;92m▀[0m[38;2;68;77;92m[48;2;68;78;92m▀[0m[38;2;68;77;91m[48;2;68;77;92m▀[0m[38;2;68;77;92m[48;2;68;77;92m▀[0m[38;2;68;79;93m[48;2;53;50;57m▀[0m[38;2;55;53;60m[48;2;50;48;54m▀[0m[38;2;51;48;54m[48;2;51;48;54m▀[0m[38;2;49;47;52m▄[0m           
           [38;2;75;85;102m[48;2;76;86;102m▀[0m[38;2;75;83;98m[48;2;46;65;80m▀[0m[38;2;72;80;95m[48;2;247;98;77m▀[0m[38;2;35;52;64m[48;2;234;91;72m▀[0m[38;2;211;82;65m[48;2;235;91;72m▀[0m[38;2;235;91;72m[48;2;235;91;72m▀[0m[38;2;227;88;68m[48;2;234;91;71m▀[0m[38;2;213;83;64m[48;2;248;97;76m▀[0m[38;2;148;57;45m[48;2;70;35;32m▀[0m[38;2;52;37;38m[48;2;72;82;96m▀[0m[38;2;63;80;97m[48;2;68;77;92m▀[0m[38;2;68;77;92m[48;2;69;79;93m▀[0m[38;2;68;77;92m[48;2;69;78;94m▀[0m[38;2;50;48;53m[48;2;51;48;54m▀[0m[38;2;51;49;55m[48;2;53;52;58m▀[0m[38;2;51;49;55m[48;2;62;61;69m▀[0m[38;2;50;48;53m[48;2;50;49;55m▀[0m[38;2;50;48;54m[48;2;50;48;54m▀[0m           
           [38;2;4;5;6m▀[0m[38;2;227;224;14m[48;2;242;225;43m▀[0m[38;2;35;36;31m[48;2;242;222;14m▀[0m[38;2;68;77;92m[48;2;30;35;47m▀[0m[38;2;70;80;95m[48;2;204;78;61m▀[0m[38;2;235;91;72m[48;2;157;61;45m▀[0m[38;2;69;79;93m[48;2;46;56;67m▀[0m[38;2;45;56;83m[48;2;242;221;8m▀[0m[38;2;51;50;19m[48;2;242;222;14m▀[0m[38;2;246;240;16m[48;2;242;222;14m▀[0m[38;2;253;235;12m[48;2;162;168;7m▀[0m[38;2;66;80;96m[48;2;156;60;46m▀[0m[38;2;57;57;65m[48;2;53;51;56m▀[0m[38;2;51;48;54m[48;2;36;35;39m▀[0m  [38;2;155;63;63m[48;2;25;34;37m▀[0m[38;2;158;64;64m[48;2;55;56;63m▀[0m           
           [38;2;10;2;2m▄[0m[38;2;145;151;12m[48;2;234;92;72m▀[0m[38;2;242;222;14m[48;2;253;246;76m▀[0m[38;2;244;241;9m[48;2;246;230;75m▀[0m[38;2;244;97;75m[48;2;235;92;72m▀[0m[38;2;71;79;95m[48;2;234;91;72m▀[0m[38;2;41;44;52m[48;2;235;91;72m▀[0m[38;2;246;224;14m[48;2;235;91;72m▀[0m[38;2;242;222;14m[48;2;81;96;12m▀[0m[38;2;242;222;11m[48;2;209;220;63m▀[0m[38;2;230;231;12m[48;2;235;92;72m▀[0m[38;2;112;44;44m[48;2;235;91;72m▀[0m[38;2;52;50;55m[48;2;234;100;82m▀[0m[38;2;235;91;72m▄[0m[38;2;235;91;72m▄[0m[38;2;242;102;80m▄[0m[38;2;41;47;54m[48;2;162;66;65m▀[0m[38;2;169;64;62m▀[0m           
         [38;2;244;96;74m[48;2;239;98;77m▀[0m[38;2;235;92;72m[48;2;235;91;72m▀[0m[38;2;234;109;93m[48;2;235;91;72m▀[0m[38;2;234;101;84m[48;2;232;90;71m▀[0m[38;2;254;104;82m▀[0m[38;2;107;44;45m▀[0m[38;2;186;69;65m▀[0m[38;2;193;72;66m▀[0m[38;2;192;70;65m▀[0m[38;2;175;67;66m▀[0m[38;2;171;70;69m▀[0m[38;2;48;43;48m[48;2;147;62;62m▀[0m[38;2;55;52;58m[48;2;59;61;68m▀[0m[38;2;235;91;72m[48;2;52;51;57m▀[0m[38;2;235;91;72m[48;2;244;97;77m▀[0m[38;2;235;91;72m[48;2;235;91;72m▀[0m[38;2;239;93;73m[48;2;112;43;40m▀[0m[38;2;53;50;55m[48;2;255;105;83m▀[0m[38;2;53;51;57m▀[0m            
         [38;2;88;36;36m▀[0m[38;2;42;16;13m[48;2;72;28;23m▀[0m[38;2;235;91;72m▀[0m        [38;2;48;47;52m▀[0m[38;2;223;85;66m[48;2;234;90;72m▀[0m[38;2;216;81;63m[48;2;243;95;75m▀[0m [38;2;87;34;28m▀[0m               
                    [38;2;3;5;6m[48;2;238;92;73m▀[0m[38;2;69;79;93m[48;2;235;91;72m▀[0m[38;2;24;28;33m[48;2;56;53;59m▀[0m                 
                   [38;2;60;68;81m[48;2;53;54;62m▀[0m[38;2;180;65;49m[48;2;30;32;38m▀[0m[38;2;41;41;48m[48;2;21;22;25m▀[0m                  
                                        
                                        
