                                        
                                        
                             [38;2;230;241;253m▄[0m[38;2;217;226;232m▄[0m         
                           [38;2;178;187;191m▄[0m[38;2;233;245;252m[48;2;229;241;253m▀[0m[38;2;231;242;253m[48;2;212;217;229m▀[0m[38;2;228;240;252m[48;2;191;189;194m▀[0m         
                              [38;2;197;194;201m[48;2;203;200;207m▀[0m[38;2;102;104;107m[48;2;191;190;196m▀[0m        
                            [38;2;90;95;102m▄[0m[38;2;27;27;27m[48;2;203;201;207m▀[0m[38;2;204;201;208m[48;2;204;201;207m▀[0m         
                         [38;2;243;254;254m▄[0m[38;2;39;41;43m[48;2;231;244;253m▀[0m[38;2;233;243;253m[48;2;243;253;253m▀[0m[38;2;230;242;253m▀[0m[38;2;237;249;251m▀[0m          
           [38;2;124;129;137m▄[0m[38;2;100;106;114m[48;2;138;139;140m▀[0m[38;2;225;236;247m▄[0m      [38;2;61;63;69m[48;2;245;254;255m▀[0m[38;2;229;241;252m[48;2;78;78;77m▀[0m  [38;2;240;251;252m[48;2;230;242;253m▀[0m[38;2;230;242;253m[48;2;83;87;94m▀[0m              
           [38;2;224;236;239m[48;2;245;254;255m▀[0m[38;2;170;169;168m[48;2;208;208;206m▀[0m[38;2;198;198;196m[48;2;208;208;206m▀[0m[38;2;215;216;226m[48;2;232;244;251m▀[0m[38;2;215;217;229m▄[0m[38;2;113;120;124m[48;2;231;243;253m▀[0m[38;2;66;67;71m▄[0m[38;2;232;245;253m[48;2;229;242;253m▀[0m[38;2;46;51;53m[48;2;228;239;250m▀[0m[38;2;204;204;203m[48;2;208;208;206m▀[0m[38;2;209;209;207m[48;2;208;208;206m▀[0m[38;2;222;233;236m[48;2;236;248;252m▀[0m[38;2;231;243;253m▄[0m[38;2;230;243;253m[48;2;230;243;253m▀[0m[38;2;234;245;253m▄[0m[38;2;238;247;249m▄[0m             
           [38;2;241;254;255m[48;2;245;255;255m▀[0m[38;2;208;208;206m[48;2;202;214;220m▀[0m[38;2;207;207;205m[48;2;245;254;254m▀[0m[38;2;148;156;164m[48;2;248;255;255m▀[0m[38;2;230;242;253m[48;2;250;255;255m▀[0m[38;2;227;241;252m[48;2;234;116;97m▀[0m[38;2;230;242;253m[48;2;229;242;253m▀[0m[38;2;231;242;253m[48;2;228;240;252m▀[0m[38;2;234;245;253m[48;2;230;242;253m▀[0m[38;2;123;130;133m[48;2;230;241;253m▀[0m[38;2;221;222;220m[48;2;231;243;253m▀[0m[38;2;92;96;99m[48;2;230;242;253m▀[0m[38;2;234;246;253m[48;2;208;217;228m▀[0m[38;2;230;242;253m[48;2;228;241;253m▀[0m[38;2;230;242;253m[48;2;228;240;253m▀[0m[38;2;230;242;253m[48;2;229;241;253m▀[0m[38;2;208;204;212m[48;2;202;199;205m▀[0m            
           [38;2;238;252;255m[48;2;240;255;255m▀[0m[38;2;254;255;255m[48;2;250;255;255m▀[0m[38;2;255;255;255m[48;2;252;255;255m▀[0m[38;2;138;112;114m[48;2;145;63;50m▀[0m[38;2;212;98;79m[48;2;240;95;74m▀[0m[38;2;235;97;78m[48;2;235;91;72m▀[0m[38;2;213;78;60m[48;2;118;42;30m▀[0m[38;2;98;82;83m[48;2;230;238;241m▀[0m[38;2;236;251;255m[48;2;231;244;253m▀[0m[38;2;228;240;252m[48;2;229;240;252m▀[0m[38;2;229;240;252m[48;2;230;242;253m▀[0m[38;2;228;241;252m[48;2;229;241;253m▀[0m[38;2;229;241;253m[48;2;229;241;253m▀[0m[38;2;230;241;253m[48;2;228;241;252m▀[0m[38;2;231;243;253m[48;2;204;203;210m▀[0m[38;2;209;205;215m[48;2;201;198;206m▀[0m[38;2;201;197;205m[48;2;201;197;205m▀[0m[38;2;206;203;208m▄[0m           
           [38;2;248;255;255m[48;2;222;233;236m▀[0m[38;2;239;249;254m[48;2;201;214;226m▀[0m[38;2;239;250;254m[48;2;245;96;75m▀[0m[38;2;176;183;195m[48;2;234;91;72m▀[0m[38;2;199;78;62m[48;2;235;91;72m▀[0m[38;2;235;91;72m[48;2;235;91;72m▀[0m[38;2;213;83;63m[48;2;236;91;71m▀[0m[38;2;196;76;58m[48;2;245;96;74m▀[0m[38;2;160;76;64m[48;2;128;88;84m▀[0m[38;2;165;134;137m[48;2;236;248;253m▀[0m[38;2;215;237;250m[48;2;229;241;253m▀[0m[38;2;228;240;252m[48;2;229;242;253m▀[0m[38;2;229;240;252m[48;2;230;242;253m▀[0m[38;2;201;198;205m[48;2;201;198;206m▀[0m[38;2;203;199;206m[48;2;203;202;209m▀[0m[38;2;201;198;206m[48;2;216;214;223m▀[0m[38;2;200;198;204m[48;2;201;199;206m▀[0m[38;2;201;198;205m[48;2;201;197;205m▀[0m           
           [38;2;35;36;38m▀[0m[38;2;225;219;13m[48;2;242;227;51m▀[0m[38;2;110;111;93m[48;2;242;222;14m▀[0m[38;2;211;222;225m[48;2;37;42;46m▀[0m[38;2;232;244;253m[48;2;186;67;55m▀[0m[38;2;235;92;72m[48;2;142;61;48m▀[0m[38;2;230;242;253m[48;2;193;196;205m▀[0m[38;2;179;191;208m[48;2;243;221;14m▀[0m[38;2;101;100;57m[48;2;242;222;14m▀[0m[38;2;237;232;14m[48;2;242;222;14m▀[0m[38;2;248;231;12m[48;2;167;168;9m▀[0m[38;2;218;235;240m[48;2;163;71;57m▀[0m[38;2;212;212;223m[48;2;193;191;196m▀[0m[38;2;201;198;205m[48;2;159;158;163m▀[0m  [38;2;156;63;63m[48;2;85;72;72m▀[0m[38;2;159;65;65m[48;2;210;212;220m▀[0m           
           [38;2;24;7;6m▄[0m[38;2;134;136;11m[48;2;236;92;72m▀[0m[38;2;242;222;14m[48;2;249;244;74m▀[0m[38;2;223;221;10m[48;2;248;235;74m▀[0m[38;2;241;94;74m[48;2;235;92;73m▀[0m[38;2;233;246;255m[48;2;235;91;72m▀[0m[38;2;125;121;130m[48;2;235;91;72m▀[0m[38;2;247;227;14m[48;2;235;91;72m▀[0m[38;2;242;222;14m[48;2;104;105;20m▀[0m[38;2;242;222;11m[48;2;185;194;56m▀[0m[38;2;222;222;12m[48;2;235;91;72m▀[0m[38;2;106;40;40m[48;2;235;91;72m▀[0m[38;2;204;201;208m[48;2;234;101;84m▀[0m[38;2;235;91;72m▄[0m[38;2;234;91;72m▄[0m[38;2;202;86;67m▄[0m[38;2;172;174;182m[48;2;160;66;65m▀[0m[38;2;143;86;85m▀[0m           
         [38;2;245;96;74m[48;2;223;90;71m▀[0m[38;2;235;91;72m[48;2;235;91;72m▀[0m[38;2;233;110;92m[48;2;235;91;72m▀[0m[38;2;234;102;86m[48;2;236;92;72m▀[0m[38;2;237;96;76m▀[0m[38;2;107;43;43m▀[0m[38;2;183;69;65m▀[0m[38;2;196;74;66m▀[0m[38;2;194;72;65m▀[0m[38;2;174;67;65m▀[0m[38;2;170;67;67m▀[0m[38;2;200;195;203m[48;2;148;62;62m▀[0m[38;2;208;206;213m[48;2;215;218;228m▀[0m[38;2;234;91;71m[48;2;205;204;211m▀[0m[38;2;235;91;72m[48;2;241;96;77m▀[0m[38;2;235;91;72m[48;2;236;92;73m▀[0m[38;2;244;95;74m[48;2;108;41;37m▀[0m[38;2;203;200;206m[48;2;246;101;79m▀[0m[38;2;204;202;209m▀[0m            
         [38;2;100;39;37m▀[0m[38;2;53;20;17m[48;2;79;30;24m▀[0m[38;2;235;92;72m▀[0m        [38;2;196;197;204m▀[0m[38;2;207;78;59m[48;2;234;90;72m▀[0m[38;2;201;76;60m[48;2;242;95;74m▀[0m [38;2;103;40;32m▀[0m               
                    [38;2;67;69;76m[48;2;239;93;74m▀[0m[38;2;231;243;253m[48;2;235;92;73m▀[0m[38;2;117;120;124m[48;2;214;211;219m▀[0m                 
                   [38;2;199;207;217m[48;2;194;195;204m▀[0m[38;2;191;80;66m[48;2;144;146;152m▀[0m[38;2;125;113;116m[48;2;66;68;74m▀[0m                  
                                        
                                        
