                                        
                                        
                              [38;2;138;136;136m▄[0m[38;2;230;227;226m[48;2;242;236;235m▀[0m        
                            [38;2;241;235;235m[48;2;61;61;58m▀[0m[38;2;241;235;235m▄[0m[38;2;242;236;236m[48;2;243;236;237m▀[0m[38;2;241;235;235m[48;2;243;236;235m▀[0m[38;2;242;236;236m[48;2;241;235;235m▀[0m       
                [38;2;72;39;28m[48;2;232;133;101m▀[0m            [38;2;246;237;237m[48;2;248;243;241m▀[0m[38;2;244;238;237m[48;2;216;215;215m▀[0m[38;2;245;239;238m[48;2;245;239;239m▀[0m[38;2;243;236;236m[48;2;250;246;244m▀[0m       
          [38;2;122;122;122m▄[0m[38;2;252;251;251m[48;2;255;255;255m▀[0m[38;2;254;248;247m▄[0m   [38;2;227;132;101m[48;2;227;126;93m▀[0m [38;2;253;252;253m▄[0m[38;2;249;245;245m[48;2;241;235;235m▀[0m         [38;2;238;119;79m[48;2;225;222;222m▀[0m[38;2;228;112;74m[48;2;244;238;236m▀[0m[38;2;228;112;74m[48;2;231;233;236m▀[0m        
          [38;2;132;133;133m▀[0m[38;2;241;235;235m[48;2;137;136;135m▀[0m[38;2;241;235;235m[48;2;219;219;219m▀[0m[38;2;54;51;50m[48;2;242;236;236m▀[0m [38;2;187;98;65m[48;2;229;112;74m▀[0m[38;2;228;112;74m[48;2;228;112;74m▀[0m [38;2;242;236;236m[48;2;242;236;236m▀[0m[38;2;244;238;237m[48;2;241;235;235m▀[0m[38;2;96;93;93m[48;2;245;239;238m▀[0m        [38;2;236;115;77m[48;2;242;236;234m▀[0m[38;2;227;112;73m[48;2;243;236;234m▀[0m[38;2;153;145;143m▀[0m        
           [38;2;111;110;110m[48;2;245;238;237m▀[0m[38;2;216;216;216m[48;2;244;238;236m▀[0m[38;2;247;241;240m[48;2;245;239;238m▀[0m[38;2;152;147;146m[48;2;231;113;75m▀[0m[38;2;228;112;74m[48;2;228;112;74m▀[0m[38;2;227;111;73m[48;2;238;118;78m▀[0m[38;2;205;201;200m[48;2;241;235;235m▀[0m[38;2;215;215;215m[48;2;215;215;215m▀[0m[38;2;253;253;253m[48;2;238;238;238m▀[0m[38;2;242;236;235m[48;2;241;235;235m▀[0m       [38;2;238;236;234m[48;2;242;236;235m▀[0m[38;2;241;235;235m[48;2;204;196;195m▀[0m[38;2;145;140;138m▀[0m         
          [38;2;79;77;77m▄[0m[38;2;255;255;255m[48;2;255;255;255m▀[0m[38;2;255;255;255m[48;2;226;132;102m▀[0m[38;2;245;239;237m[48;2;228;112;74m▀[0m[38;2;228;112;74m[48;2;228;112;74m▀[0m[38;2;228;112;74m[48;2;228;112;74m▀[0m[38;2;128;82;67m[48;2;200;95;60m▀[0m[38;2;242;236;235m[48;2;241;237;237m▀[0m[38;2;242;236;236m[48;2;242;236;235m▀[0m[38;2;140;140;140m[48;2;243;237;236m▀[0m[38;2;241;235;235m[48;2;241;235;235m▀[0m   [38;2;242;237;236m▄[0m[38;2;255;255;255m[48;2;228;120;84m▀[0m[38;2;239;243;244m[48;2;208;210;211m▀[0m[38;2;241;235;235m[48;2;242;236;236m▀[0m[38;2;242;236;236m[48;2;243;237;238m▀[0m[38;2;242;236;236m[48;2;242;236;235m▀[0m[38;2;241;235;235m▄[0m         
          [38;2;119;73;56m[48;2;211;208;207m▀[0m[38;2;246;240;241m[48;2;237;120;79m▀[0m[38;2;242;236;236m[48;2;228;112;74m▀[0m[38;2;236;117;77m[48;2;228;112;74m▀[0m[38;2;228;112;74m[48;2;228;112;74m▀[0m[38;2;228;112;74m[48;2;142;70;45m▀[0m[38;2;218;108;70m[48;2;113;68;54m▀[0m[38;2;153;164;168m[48;2;219;103;64m▀[0m[38;2;241;235;233m[48;2;242;120;78m▀[0m[38;2;242;236;236m[48;2;84;53;43m▀[0m[38;2;242;236;236m[48;2;241;235;235m▀[0m[38;2;44;42;42m[48;2;112;68;56m▀[0m[38;2;218;106;71m▄[0m[38;2;169;134;123m[48;2;228;112;74m▀[0m[38;2;228;112;74m[48;2;115;67;51m▀[0m[38;2;99;53;41m[48;2;80;60;53m▀[0m[38;2;247;242;241m[48;2;142;150;154m▀[0m[38;2;241;235;235m[48;2;242;236;236m▀[0m[38;2;244;238;238m[48;2;241;235;234m▀[0m[38;2;242;236;235m[48;2;241;236;235m▀[0m[38;2;245;239;238m[48;2;215;102;64m▀[0m[38;2;163;81;53m▄[0m        
      [38;2;238;141;107m▄[0m[38;2;228;112;74m▄[0m[38;2;17;8;5m[48;2;228;112;74m▀[0m[38;2;228;111;73m▄[0m[38;2;234;228;229m[48;2;228;112;74m▀[0m[38;2;248;243;148m[48;2;247;238;98m▀[0m[38;2;181;90;58m[48;2;241;129;85m▀[0m[38;2;228;112;74m[48;2;197;98;64m▀[0m[38;2;228;112;74m[48;2;237;120;79m▀[0m[38;2;228;112;74m[48;2;242;239;101m▀[0m[38;2;232;114;75m[48;2;45;44;43m▀[0m[38;2;180;185;78m[48;2;246;237;98m▀[0m[38;2;118;115;49m[48;2;83;80;33m▀[0m[38;2;242;235;235m[48;2;243;237;235m▀[0m[38;2;242;235;235m[48;2;245;239;238m▀[0m[38;2;214;211;211m[48;2;210;201;198m▀[0m[38;2;240;235;235m[48;2;221;213;212m▀[0m[38;2;238;232;232m[48;2;236;231;231m▀[0m[38;2;163;82;56m[48;2;245;238;237m▀[0m[38;2;225;111;73m[48;2;239;233;233m▀[0m[38;2;241;236;236m[48;2;226;220;219m▀[0m[38;2;176;172;172m[48;2;246;242;243m▀[0m[38;2;240;241;244m[48;2;228;112;74m▀[0m[38;2;228;112;74m[48;2;228;112;74m▀[0m[38;2;228;112;74m[48;2;228;112;74m▀[0m[38;2;235;120;81m[48;2;243;119;78m▀[0m        
       [38;2;32;14;10m[48;2;69;34;22m▀[0m[38;2;188;90;59m[48;2;242;124;81m▀[0m[38;2;228;112;74m[48;2;236;115;75m▀[0m[38;2;228;112;74m[48;2;228;112;74m▀[0m[38;2;181;89;59m[48;2;228;112;74m▀[0m[38;2;47;44;33m[48;2;228;112;74m▀[0m[38;2;242;236;236m[48;2;226;111;73m▀[0m[38;2;241;235;234m[48;2;178;85;55m▀[0m[38;2;159;155;155m[48;2;228;112;74m▀[0m[38;2;180;181;80m[48;2;203;100;66m▀[0m[38;2;200;196;82m[48;2;228;112;74m▀[0m[38;2;237;120;78m[48;2;228;112;74m▀[0m[38;2;228;112;74m[48;2;228;112;74m▀[0m[38;2;228;112;74m[48;2;228;112;74m▀[0m[38;2;228;112;74m[48;2;228;112;74m▀[0m[38;2;231;113;75m[48;2;228;112;74m▀[0m[38;2;118;118;117m[48;2;228;112;74m▀[0m[38;2;201;192;190m[48;2;228;112;74m▀[0m[38;2;200;191;189m[48;2;144;68;49m▀[0m[38;2;167;167;167m[48;2;151;72;51m▀[0m[38;2;233;114;75m[48;2;125;63;41m▀[0m[38;2;228;112;74m[48;2;228;112;74m▀[0m[38;2;228;112;74m[48;2;228;112;74m▀[0m[38;2;228;112;74m[48;2;228;112;74m▀[0m[38;2;228;112;74m[48;2;228;112;74m▀[0m[38;2;35;17;11m[48;2;228;112;74m▀[0m[38;2;232;114;76m▄[0m      
          [38;2;33;13;9m▀[0m[38;2;215;102;67m[48;2;201;98;64m▀[0m [38;2;180;85;58m▀[0m[38;2;234;116;76m[48;2;76;35;25m▀[0m[38;2;230;113;74m[48;2;148;70;51m▀[0m[38;2;229;113;75m[48;2;150;71;51m▀[0m[38;2;228;112;74m[48;2;149;69;50m▀[0m[38;2;197;94;62m[48;2;228;112;74m▀[0m[38;2;237;116;77m[48;2;184;190;80m▀[0m[38;2;228;112;74m[48;2;253;252;156m▀[0m[38;2;227;111;73m[48;2;148;70;50m▀[0m[38;2;81;40;28m[48;2;89;44;31m▀[0m[38;2;162;76;55m[48;2;140;70;48m▀[0m[38;2;229;112;74m[48;2;228;112;74m▀[0m[38;2;228;112;74m[48;2;228;112;74m▀[0m[38;2;229;112;74m[48;2;228;112;74m▀[0m[38;2;229;112;74m▄[0m[38;2;158;78;50m▀[0m[38;2;237;117;77m▀[0m[38;2;229;112;74m▀[0m[38;2;228;112;74m▀[0m[38;2;230;112;74m[48;2;201;192;190m▀[0m[38;2;184;87;60m[48;2;208;200;196m▀[0m      
             [38;2;228;112;74m▄[0m[38;2;228;112;74m[48;2;228;112;74m▀[0m[38;2;228;112;74m[48;2;228;112;74m▀[0m[38;2;228;112;74m[48;2;228;112;74m▀[0m[38;2;210;164;85m[48;2;228;112;74m▀[0m[38;2;69;45;25m[48;2;247;237;108m▀[0m[38;2;246;143;23m[48;2;251;245;101m▀[0m[38;2;246;237;99m▀[0m[38;2;152;72;51m▀[0m[38;2;150;72;51m▀[0m[38;2;228;112;74m[48;2;207;214;217m▀[0m[38;2;109;60;45m[48;2;234;117;77m▀[0m[38;2;246;245;246m[48;2;134;99;89m▀[0m[38;2;209;103;67m[48;2;241;235;235m▀[0m[38;2;228;112;74m[48;2;177;86;56m▀[0m[38;2;156;79;52m[48;2;172;87;57m▀[0m  [38;2;119;65;51m▄[0m[38;2;150;71;51m[48;2;171;173;172m▀[0m[38;2;148;71;51m[48;2;115;107;104m▀[0m      
            [38;2;253;248;247m▄[0m[38;2;252;252;253m[48;2;149;137;133m▀[0m[38;2;251;251;251m[48;2;241;236;235m▀[0m[38;2;238;118;79m[48;2;243;237;236m▀[0m[38;2;228;112;74m[48;2;227;111;73m▀[0m[38;2;239;117;78m▀[0m  [38;2;228;112;74m▄[0m[38;2;231;114;75m[48;2;228;112;74m▀[0m[38;2;229;112;74m[48;2;228;112;74m▀[0m[38;2;85;58;51m[48;2;228;112;74m▀[0m[38;2;241;235;235m[48;2;222;214;211m▀[0m[38;2;228;112;74m[48;2;162;76;54m▀[0m[38;2;245;239;238m[48;2;30;28;28m▀[0m[38;2;108;104;103m▀[0m   [38;2;150;71;51m▀[0m[38;2;148;71;51m▀[0m       
            [38;2;161;124;112m[48;2;241;235;235m▀[0m[38;2;194;103;73m[48;2;243;237;238m▀[0m[38;2;228;112;74m[48;2;154;94;72m▀[0m[38;2;241;235;235m▀[0m    [38;2;228;112;74m[48;2;163;76;54m▀[0m[38;2;231;113;74m[48;2;224;109;72m▀[0m[38;2;230;113;74m[48;2;233;114;75m▀[0m[38;2;228;112;74m[48;2;211;102;67m▀[0m[38;2;236;117;77m[48;2;115;53;37m▀[0m               
        [38;2;25;11;7m▄[0m[38;2;228;119;84m▄[0m[38;2;236;117;76m[48;2;228;119;82m▀[0m[38;2;228;112;74m[48;2;236;117;77m▀[0m[38;2;228;112;74m[48;2;228;112;74m▀[0m[38;2;207;107;70m[48;2;228;112;74m▀[0m        [38;2;180;171;168m▀[0m                 
         [38;2;214;105;67m▀[0m[38;2;127;137;138m[48;2;111;110;107m▀[0m[38;2;164;82;55m▀[0m[38;2;178;88;58m▀[0m                           
                                        
                                        
