                                        
                       [38;2;54;33;32m▄[0m[38;2;225;82;73m▄[0m[38;2;45;12;10m▄[0m              
                      [38;2;255;255;255m▀[0m[38;2;141;65;61m▀[0m[38;2;69;33;31m[48;2;138;64;60m▀[0m[38;2;150;69;64m[48;2;137;65;60m▀[0m[38;2;218;83;74m[48;2;59;67;68m▀[0m[38;2;3;2;2m[48;2;231;83;74m▀[0m            
                     [38;2;255;255;255m▄[0m[38;2;241;102;95m▄[0m[38;2;25;9;7m▄[0m[38;2;138;65;61m[48;2;166;58;54m▀[0m[38;2;155;67;61m[48;2;240;137;104m▀[0m[38;2;138;65;60m[48;2;224;82;73m▀[0m[38;2;248;90;80m▀[0m            
                      [38;2;224;82;72m▀[0m[38;2;224;82;73m▀[0m[38;2;195;74;66m▀[0m[38;2;139;50;46m[48;2;57;52;49m▀[0m[38;2;230;82;73m▀[0m             
                [38;2;48;45;42m▄[0m [38;2;241;98;88m▄[0m [38;2;109;47;43m▄[0m   [38;2;210;76;68m▄[0m[38;2;220;76;68m[48;2;224;82;73m▀[0m              
              [38;2;84;75;70m▄[0m[38;2;235;89;79m▄[0m[38;2;79;70;65m[48;2;101;90;83m▀[0m[38;2;223;81;72m▄[0m[38;2;218;80;70m[48;2;80;85;79m▀[0m[38;2;224;82;73m[48;2;225;82;73m▀[0m[38;2;3;0;0m[48;2;69;63;59m▀[0m [38;2;48;44;42m▄[0m[38;2;222;81;72m▄[0m[38;2;70;64;59m[48;2;27;43;40m▀[0m[38;2;71;65;60m[48;2;70;64;59m▀[0m              
            [38;2;118;43;38m▄[0m[38;2;95;50;46m[48;2;133;60;57m▀[0m[38;2;219;80;71m[48;2;55;59;54m▀[0m[38;2;74;137;102m[48;2;195;195;194m▀[0m[38;2;221;92;86m[48;2;111;110;109m▀[0m[38;2;224;82;73m[48;2;224;82;73m▀[0m[38;2;128;47;43m[48;2;234;86;76m▀[0m[38;2;71;65;60m[48;2;24;30;28m▀[0m[38;2;54;59;55m[48;2;224;82;73m▀[0m[38;2;94;91;83m[48;2;69;63;59m▀[0m[38;2;71;65;60m[48;2;70;64;60m▀[0m[38;2;235;87;78m[48;2;70;64;59m▀[0m[38;2;224;82;73m[48;2;241;86;77m▀[0m[38;2;224;82;73m[48;2;78;30;26m▀[0m              
            [38;2;41;38;36m▄[0m[38;2;45;21;19m[48;2;7;7;7m▀[0m[38;2;175;175;174m[48;2;148;68;63m▀[0m[38;2;226;83;74m[48;2;114;111;113m▀[0m[38;2;215;79;71m[48;2;138;135;137m▀[0m[38;2;137;134;136m[48;2;138;135;137m▀[0m[38;2;138;135;137m[48;2;138;135;137m▀[0m[38;2;224;82;73m[48;2;224;82;73m▀[0m[38;2;224;82;73m[48;2;224;82;73m▀[0m[38;2;70;64;60m[48;2;38;20;19m▀[0m[38;2;69;63;59m[48;2;69;64;59m▀[0m[38;2;70;64;59m[48;2;44;42;39m▀[0m[38;2;46;43;40m▀[0m               
            [38;2;118;58;55m▄[0m[38;2;148;145;146m[48;2;138;135;137m▀[0m[38;2;138;135;137m[48;2;138;135;137m▀[0m[38;2;138;135;137m[48;2;44;39;34m▀[0m[38;2;138;135;137m[48;2;138;135;137m▀[0m[38;2;138;135;137m[48;2;138;135;137m▀[0m[38;2;138;135;137m[48;2;143;141;143m▀[0m[38;2;204;76;69m[48;2;92;91;91m▀[0m[38;2;163;66;62m[48;2;144;59;54m▀[0m[38;2;140;64;60m[48;2;161;68;63m▀[0m[38;2;139;64;60m▀[0m                 
            [38;2;118;58;55m[48;2;132;63;60m▀[0m[38;2;138;135;137m[48;2;111;109;110m▀[0m[38;2;138;135;137m[48;2;138;137;139m▀[0m[38;2;71;66;61m[48;2;69;64;59m▀[0m[38;2;138;135;137m[48;2;70;65;59m▀[0m[38;2;91;90;90m[48;2;156;152;154m▀[0m[38;2;137;134;136m[48;2;138;135;137m▀[0m[38;2;138;135;137m[48;2;138;135;137m▀[0m[38;2;138;135;137m[48;2;148;145;146m▀[0m[38;2;167;160;163m[48;2;15;13;15m▀[0m   [38;2;27;25;22m[48;2;50;47;44m▀[0m[38;2;82;75;68m[48;2;69;63;59m▀[0m[38;2;129;44;40m[48;2;70;65;60m▀[0m[38;2;224;82;73m[48;2;247;93;83m▀[0m[38;2;237;105;98m[48;2;224;82;73m▀[0m          
            [38;2;229;85;75m▄[0m[38;2;25;28;26m[48;2;119;59;55m▀[0m[38;2;135;132;134m[48;2;27;27;27m▀[0m[38;2;55;50;45m[48;2;48;44;40m▀[0m[38;2;57;51;46m[48;2;70;64;59m▀[0m[38;2;137;134;136m[48;2;57;51;47m▀[0m[38;2;144;142;144m[48;2;138;135;137m▀[0m[38;2;138;135;137m[48;2;138;135;137m▀[0m[38;2;138;135;137m[48;2;138;135;137m▀[0m[38;2;254;224;83m▄[0m   [38;2;227;83;74m[48;2;224;82;73m▀[0m[38;2;224;82;73m[48;2;223;81;72m▀[0m[38;2;70;64;60m[48;2;27;26;23m▀[0m[38;2;71;65;60m[48;2;47;44;41m▀[0m[38;2;140;63;59m▀[0m          
            [38;2;122;47;43m[48;2;104;51;48m▀[0m[38;2;224;85;75m[48;2;119;59;55m▀[0m[38;2;212;83;75m[48;2;117;58;54m▀[0m[38;2;138;135;136m[48;2;251;189;74m▀[0m[38;2;127;131;134m[48;2;227;163;70m▀[0m[38;2;201;105;58m[48;2;237;108;67m▀[0m[38;2;155;81;90m[48;2;235;100;59m▀[0m[38;2;138;134;136m[48;2;237;109;69m▀[0m[38;2;199;113;66m[48;2;237;107;69m▀[0m[38;2;237;109;70m[48;2;237;110;69m▀[0m [38;2;162;58;52m▄[0m[38;2;70;64;59m[48;2;55;50;47m▀[0m[38;2;224;81;72m▀[0m              
              [38;2;164;62;56m▄[0m[38;2;238;110;70m[48;2;216;58;68m▀[0m[38;2;240;120;65m[48;2;241;189;71m▀[0m[38;2;243;222;31m[48;2;230;200;29m▀[0m[38;2;234;99;57m[48;2;246;172;71m▀[0m[38;2;205;104;58m[48;2;223;82;73m▀[0m[38;2;254;220;81m[48;2;224;82;73m▀[0m[38;2;226;77;75m[48;2;224;82;73m▀[0m[38;2;136;61;60m[48;2;223;81;72m▀[0m[38;2;139;64;60m▀[0m                
            [38;2;224;81;72m▄[0m[38;2;221;80;72m[48;2;224;95;89m▀[0m[38;2;224;82;73m[48;2;224;82;73m▀[0m[38;2;224;82;73m[48;2;224;82;73m▀[0m[38;2;224;82;73m[48;2;224;82;73m▀[0m[38;2;224;82;73m[48;2;112;53;51m▀[0m[38;2;224;82;73m▀[0m[38;2;224;82;73m[48;2;79;30;27m▀[0m[38;2;224;82;73m[48;2;224;82;73m▀[0m[38;2;224;82;73m[48;2;224;82;73m▀[0m[38;2;224;82;73m[48;2;224;82;73m▀[0m[38;2;236;101;93m[48;2;224;82;73m▀[0m[38;2;227;96;89m▄[0m               
            [38;2;94;86;79m[48;2;70;64;59m▀[0m[38;2;195;80;75m[48;2;70;64;59m▀[0m[38;2;228;83;74m[48;2;43;40;38m▀[0m[38;2;68;34;31m[48;2;118;58;54m▀[0m[38;2;124;58;54m▄[0m[38;2;43;40;38m▄[0m[38;2;38;19;18m▄[0m  [38;2;227;83;74m▀[0m[38;2;224;82;73m▀[0m[38;2;224;82;73m[48;2;100;40;37m▀[0m[38;2;172;59;52m[48;2;70;65;60m▀[0m[38;2;80;74;68m[48;2;70;64;59m▀[0m[38;2;208;82;73m▄[0m             
             [38;2;18;18;18m▀[0m   [38;2;118;58;54m[48;2;79;41;39m▀[0m[38;2;118;58;54m[48;2;117;58;54m▀[0m      [38;2;69;63;58m▀[0m[38;2;250;91;82m[48;2;206;79;70m▀[0m[38;2;118;44;40m[48;2;26;33;31m▀[0m[38;2;35;12;11m▄[0m           
                           [38;2;121;51;49m▄[0m[38;2;150;69;65m[48;2;226;82;73m▀[0m[38;2;13;7;7m[48;2;223;87;78m▀[0m          
                           [38;2;40;20;18m▀[0m[38;2;148;70;65m▀[0m[38;2;192;74;66m▀[0m          
                                        
