                                        
                       [38;2;65;29;27m▄[0m[38;2;227;83;73m▄[0m[38;2;91;40;38m▄[0m              
                      [38;2;255;255;255m▀[0m[38;2;142;64;60m▀[0m[38;2;83;39;36m[48;2;138;64;60m▀[0m[38;2;157;70;66m[48;2;137;65;61m▀[0m[38;2;178;67;60m[48;2;86;85;86m▀[0m[38;2;34;13;10m[48;2;227;82;74m▀[0m            
                     [38;2;251;251;251m▄[0m[38;2;230;97;90m▄[0m [38;2;139;65;61m[48;2;170;62;56m▀[0m[38;2;163;69;63m[48;2;240;135;100m▀[0m[38;2;139;65;60m[48;2;224;82;73m▀[0m[38;2;240;88;77m▀[0m            
                      [38;2;224;82;73m▀[0m[38;2;224;82;73m▀[0m[38;2;187;69;62m▀[0m[38;2;146;55;49m[48;2;232;225;219m▀[0m[38;2;225;81;72m▀[0m             
                [38;2;101;97;92m▄[0m [38;2;236;92;82m▄[0m [38;2;23;7;5m[48;2;130;55;51m▀[0m   [38;2;191;68;60m▄[0m[38;2;203;73;64m[48;2;224;82;73m▀[0m              
              [38;2;201;197;194m▄[0m[38;2;223;83;74m▄[0m[38;2;250;251;246m[48;2;255;255;255m▀[0m[38;2;223;82;73m▄[0m[38;2;218;80;71m[48;2;216;224;222m▀[0m[38;2;224;82;73m[48;2;226;83;74m▀[0m[38;2;6;1;1m[48;2;252;243;236m▀[0m [38;2;211;205;202m▄[0m[38;2;225;82;73m▄[0m[38;2;254;244;236m[48;2;134;144;141m▀[0m[38;2;255;247;239m[48;2;254;245;238m▀[0m              
            [38;2;110;40;34m▄[0m[38;2;82;40;38m[48;2;126;56;53m▀[0m[38;2;212;78;70m[48;2;163;168;162m▀[0m[38;2;91;144;93m[48;2;192;192;191m▀[0m[38;2;222;94;87m[48;2;125;125;125m▀[0m[38;2;224;82;73m[48;2;224;82;73m▀[0m[38;2;139;60;54m[48;2;236;87;76m▀[0m[38;2;254;246;239m[48;2;132;125;120m▀[0m[38;2;193;200;196m[48;2;224;82;73m▀[0m[38;2;211;216;215m[48;2;254;244;236m▀[0m[38;2;255;246;238m[48;2;254;245;238m▀[0m[38;2;234;87;78m[48;2;254;245;238m▀[0m[38;2;224;82;73m[48;2;238;85;76m▀[0m[38;2;224;82;72m[48;2;86;33;29m▀[0m              
            [38;2;61;56;54m▄[0m[38;2;59;27;25m[48;2;18;18;17m▀[0m[38;2;140;139;138m[48;2;148;68;63m▀[0m[38;2;227;83;74m[48;2;116;112;114m▀[0m[38;2;208;79;71m[48;2;138;135;137m▀[0m[38;2;137;134;136m[48;2;138;135;137m▀[0m[38;2;138;135;137m[48;2;138;135;137m▀[0m[38;2;222;81;72m[48;2;222;81;72m▀[0m[38;2;224;82;73m[48;2;224;82;73m▀[0m[38;2;255;246;239m[48;2;112;87;84m▀[0m[38;2;253;244;236m[48;2;253;245;237m▀[0m[38;2;254;245;237m[48;2;213;210;205m▀[0m[38;2;217;213;208m▀[0m               
            [38;2;115;58;54m▄[0m[38;2;148;145;147m[48;2;138;135;137m▀[0m[38;2;138;135;137m[48;2;138;135;137m▀[0m[38;2;138;135;137m[48;2;135;128;122m▀[0m[38;2;138;135;137m[48;2;138;135;137m▀[0m[38;2;138;135;137m[48;2;138;135;137m▀[0m[38;2;138;135;137m[48;2;145;142;144m▀[0m[38;2;177;63;57m[48;2;92;91;91m▀[0m[38;2;166;66;62m[48;2;118;49;44m▀[0m[38;2;140;64;60m[48;2;150;62;58m▀[0m[38;2;138;64;60m▀[0m                 
            [38;2;118;58;54m[48;2;106;50;47m▀[0m[38;2;138;135;137m[48;2;102;101;102m▀[0m[38;2;138;135;137m[48;2;129;127;129m▀[0m[38;2;254;246;240m[48;2;254;244;236m▀[0m[38;2;138;135;137m[48;2;255;246;238m▀[0m[38;2;91;88;90m[48;2;147;143;145m▀[0m[38;2;136;133;135m[48;2;138;135;137m▀[0m[38;2;138;135;137m[48;2;138;135;137m▀[0m[38;2;138;135;137m[48;2;147;144;145m▀[0m[38;2;166;160;162m▀[0m   [38;2;148;146;143m[48;2;190;186;181m▀[0m[38;2;253;252;246m[48;2;253;244;237m▀[0m[38;2;119;40;35m[48;2;254;246;238m▀[0m[38;2;225;83;74m[48;2;233;88;78m▀[0m[38;2;198;86;79m[48;2;224;82;73m▀[0m          
            [38;2;233;80;70m▄[0m[38;2;27;31;29m[48;2;121;60;55m▀[0m[38;2;133;130;131m[48;2;39;38;38m▀[0m[38;2;202;198;192m[48;2;158;152;148m▀[0m[38;2;190;187;180m[48;2;254;245;237m▀[0m[38;2;139;136;138m[48;2;150;145;142m▀[0m[38;2;130;128;130m[48;2;138;135;137m▀[0m[38;2;138;135;137m[48;2;138;135;137m▀[0m[38;2;138;135;137m[48;2;138;135;137m▀[0m[38;2;253;226;83m▄[0m   [38;2;229;84;76m[48;2;224;82;73m▀[0m[38;2;228;84;75m[48;2;222;80;72m▀[0m[38;2;254;245;237m[48;2;190;187;184m▀[0m[38;2;253;243;234m[48;2;216;211;207m▀[0m[38;2;143;65;61m▀[0m          
            [38;2;136;52;48m[48;2;91;45;43m▀[0m[38;2;216;82;72m[48;2;120;59;55m▀[0m[38;2;188;72;65m[48;2;118;58;54m▀[0m[38;2;137;133;135m[48;2;244;176;71m▀[0m[38;2;122;126;128m[48;2;225;152;69m▀[0m[38;2;202;119;66m[48;2;238;114;67m▀[0m[38;2;163;96;90m[48;2;235;102;61m▀[0m[38;2;139;135;137m[48;2;237;109;69m▀[0m[38;2;203;127;68m[48;2;237;107;69m▀[0m[38;2;237;109;70m[48;2;237;110;69m▀[0m [38;2;153;54;47m▄[0m[38;2;255;245;238m[48;2;233;224;219m▀[0m[38;2;225;82;73m▀[0m              
              [38;2;157;58;52m▄[0m[38;2;236;109;68m[48;2;215;65;66m▀[0m[38;2;240;116;63m[48;2;236;171;69m▀[0m[38;2;243;223;36m[48;2;225;186;33m▀[0m[38;2;233;97;56m[48;2;246;171;72m▀[0m[38;2;213;110;63m[48;2;227;85;75m▀[0m[38;2;253;214;80m[48;2;224;82;73m▀[0m[38;2;218;71;70m[48;2;224;82;73m▀[0m[38;2;136;59;59m[48;2;223;81;72m▀[0m[38;2;140;65;60m▀[0m                
            [38;2;222;81;72m▄[0m[38;2;222;81;72m[48;2;224;95;88m▀[0m[38;2;224;82;73m[48;2;224;82;73m▀[0m[38;2;224;82;73m[48;2;224;82;73m▀[0m[38;2;224;82;73m[48;2;225;82;73m▀[0m[38;2;224;81;73m[48;2;100;47;45m▀[0m[38;2;224;82;73m▀[0m[38;2;224;82;73m[48;2;92;35;30m▀[0m[38;2;224;82;73m[48;2;224;82;73m▀[0m[38;2;224;82;73m[48;2;224;82;73m▀[0m[38;2;224;82;73m[48;2;224;82;73m▀[0m[38;2;237;101;93m[48;2;224;82;73m▀[0m[38;2;210;89;82m▄[0m               
            [38;2;254;254;254m[48;2;255;245;238m▀[0m[38;2;170;67;62m[48;2;255;246;238m▀[0m[38;2;235;87;78m[48;2;211;207;204m▀[0m[38;2;74;35;33m[48;2;118;57;54m▀[0m[38;2;108;48;44m▄[0m[38;2;211;207;203m▄[0m[38;2;47;23;21m▄[0m  [38;2;232;85;75m▀[0m[38;2;224;82;73m▀[0m[38;2;224;82;73m[48;2;105;43;40m▀[0m[38;2;156;52;46m[48;2;255;246;238m▀[0m[38;2;251;250;247m[48;2;255;245;237m▀[0m[38;2;185;74;67m▄[0m             
             [38;2;55;52;52m▀[0m   [38;2;118;58;54m[48;2;90;46;43m▀[0m[38;2;118;58;54m[48;2;117;58;54m▀[0m      [38;2;252;242;233m▀[0m[38;2;236;86;77m[48;2;181;69;61m▀[0m[38;2;117;45;39m[48;2;158;149;145m▀[0m[38;2;26;9;9m▄[0m           
                           [38;2;125;52;48m▄[0m[38;2;151;69;63m[48;2;229;83;74m▀[0m[38;2;223;86;78m▄[0m          
                           [38;2;70;33;31m▀[0m[38;2;150;70;65m▀[0m[38;2;167;64;57m▀[0m          
                                        
