                                        
                                        
                                        
                    [38;2;2;0;0m▄[0m[38;2;84;129;202m▄[0m[38;2;77;117;187m▄[0m[38;2;79;120;193m▄[0m[38;2;54;80;122m▄[0m               
                 [38;2;57;84;124m▄[0m[38;2;18;26;38m[48;2;89;137;194m▀[0m[38;2;88;137;194m[48;2;87;137;194m▀[0m[38;2;87;135;193m[48;2;86;132;193m▀[0m[38;2;78;120;188m[48;2;77;117;186m▀[0m[38;2;77;117;186m[48;2;77;117;186m▀[0m[38;2;77;117;186m[48;2;77;117;186m▀[0m[38;2;77;117;186m[48;2;77;117;186m▀[0m[38;2;77;117;186m[48;2;77;117;186m▀[0m[38;2;78;118;187m[48;2;77;117;186m▀[0m[38;2;77;117;186m▄[0m [38;2;239;143;181m▄[0m[38;2;242;192;208m[48;2;170;104;135m▀[0m[38;2;238;142;179m[48;2;170;104;135m▀[0m[38;2;28;16;20m[48;2;189;114;144m▀[0m       
                [38;2;77;117;186m▄[0m[38;2;77;117;186m[48;2;77;117;186m▀[0m[38;2;81;123;189m[48;2;77;117;186m▀[0m[38;2;77;117;186m[48;2;84;129;198m▀[0m[38;2;19;27;36m[48;2;255;255;255m▀[0m[38;2;147;144;143m[48;2;255;255;255m▀[0m[38;2;77;117;186m[48;2;97;89;86m▀[0m[38;2;77;117;186m[48;2;77;117;186m▀[0m[38;2;77;117;186m[48;2;59;55;51m▀[0m[38;2;82;127;197m[48;2;255;255;255m▀[0m[38;2;255;255;255m[48;2;61;59;57m▀[0m[38;2;185;180;176m[48;2;255;255;255m▀[0m[38;2;255;255;255m[48;2;255;255;255m▀[0m[38;2;167;103;133m[48;2;164;101;130m▀[0m[38;2;167;103;133m[48;2;170;104;135m▀[0m[38;2;167;103;133m[48;2;169;104;134m▀[0m[38;2;167;103;133m[48;2;169;103;134m▀[0m[38;2;0;0;0m▀[0m      
           [38;2;81;124;194m▄[0m[38;2;96;145;203m▄[0m[38;2;77;117;186m▄[0m[38;2;77;117;186m▄[0m[38;2;77;117;186m▄[0m[38;2;77;117;186m[48;2;77;117;186m▀[0m[38;2;77;117;186m[48;2;77;117;186m▀[0m[38;2;77;117;186m[48;2;77;117;186m▀[0m[38;2;255;255;255m[48;2;255;255;255m▀[0m[38;2;255;255;255m[48;2;255;255;255m▀[0m[38;2;71;63;59m[48;2;91;83;78m▀[0m[38;2;108;107;106m[48;2;237;236;235m▀[0m[38;2;77;117;186m[48;2;75;115;183m▀[0m[38;2;255;255;255m[48;2;195;209;227m▀[0m[38;2;255;255;255m[48;2;178;196;220m▀[0m[38;2;255;255;255m[48;2;171;191;217m▀[0m[38;2;170;192;217m[48;2;172;194;218m▀[0m[38;2;172;193;218m[48;2;174;194;219m▀[0m[38;2;177;197;220m[48;2;173;194;219m▀[0m[38;2;60;36;46m▀[0m[38;2;169;104;136m▀[0m        
           [38;2;77;117;186m[48;2;73;102;160m▀[0m[38;2;77;117;186m[48;2;77;117;186m▀[0m[38;2;77;117;186m[48;2;77;117;186m▀[0m[38;2;77;117;186m[48;2;51;76;116m▀[0m[38;2;16;21;31m▀[0m[38;2;77;117;186m[48;2;77;117;185m▀[0m[38;2;77;117;186m[48;2;70;84;129m▀[0m[38;2;77;115;183m[48;2;69;83;127m▀[0m[38;2;178;177;175m[48;2;67;83;126m▀[0m[38;2;216;221;231m[48;2;214;219;229m▀[0m[38;2;102;93;88m[48;2;217;221;231m▀[0m[38;2;176;172;169m[48;2;69;84;128m▀[0m[38;2;67;83;126m[48;2;68;83;126m▀[0m[38;2;172;193;218m[48;2;172;193;218m▀[0m[38;2;172;193;218m[48;2;173;195;220m▀[0m[38;2;95;66;74m[48;2;86;60;67m▀[0m[38;2;96;66;73m[48;2;96;66;74m▀[0m[38;2;68;44;50m[48;2;112;76;84m▀[0m[38;2;178;199;225m[48;2;63;67;70m▀[0m[38;2;59;72;109m▄[0m         
      [38;2;16;15;13m▄[0m[38;2;64;97;148m▄[0m[38;2;21;30;45m▄[0m  [38;2;17;21;30m▀[0m[38;2;73;90;138m▀[0m   [38;2;69;84;127m[48;2;48;59;88m▀[0m[38;2;68;83;127m[48;2;68;83;126m▀[0m[38;2;68;83;127m[48;2;68;83;126m▀[0m[38;2;68;83;126m[48;2;68;83;126m▀[0m[38;2;69;84;127m[48;2;68;83;126m▀[0m[38;2;68;83;126m[48;2;68;83;126m▀[0m[38;2;68;83;126m[48;2;68;83;126m▀[0m[38;2;68;83;126m[48;2;68;83;126m▀[0m[38;2;114;126;135m[48;2;68;83;126m▀[0m[38;2;157;178;199m[48;2;116;131;142m▀[0m[38;2;204;141;157m[48;2;120;134;148m▀[0m[38;2;223;157;175m[48;2;178;200;225m▀[0m[38;2;173;192;218m[48;2;42;51;75m▀[0m[38;2;60;73;110m[48;2;60;72;109m▀[0m[38;2;60;72;109m[48;2;60;73;110m▀[0m[38;2;12;19;28m▀[0m        
    [38;2;91;139;214m[48;2;71;91;139m▀[0m[38;2;252;252;250m[48;2;79;98;153m▀[0m[38;2;77;116;181m[48;2;148;165;173m▀[0m[38;2;76;109;172m[48;2;67;84;128m▀[0m[38;2;251;252;253m[48;2;140;156;158m▀[0m[38;2;77;117;186m[48;2;72;88;136m▀[0m[38;2;77;117;186m[48;2;74;90;141m▀[0m[38;2;77;117;186m▄[0m[38;2;79;121;191m▄[0m[38;2;67;97;115m▄[0m[38;2;151;210;231m▄[0m[38;2;184;224;235m▄[0m[38;2;167;215;231m▄[0m[38;2;68;83;126m[48;2;146;205;226m▀[0m[38;2;68;83;126m[48;2;77;96;151m▀[0m[38;2;68;83;126m[48;2;68;83;126m▀[0m[38;2;68;83;126m[48;2;68;83;126m▀[0m[38;2;68;83;126m[48;2;68;83;126m▀[0m[38;2;68;83;126m[48;2;68;83;126m▀[0m[38;2;68;83;126m[48;2;68;83;126m▀[0m[38;2;68;83;126m[48;2;68;83;126m▀[0m[38;2;68;83;126m[48;2;68;82;124m▀[0m[38;2;68;83;126m▀[0m[38;2;0;0;0m▀[0m            
     [38;2;68;83;126m[48;2;20;26;39m▀[0m[38;2;69;84;129m[48;2;68;83;126m▀[0m[38;2;68;83;126m[48;2;68;83;126m▀[0m[38;2;68;83;127m[48;2;68;83;126m▀[0m[38;2;74;89;137m[48;2;68;83;127m▀[0m[38;2;68;83;126m[48;2;68;83;126m▀[0m[38;2;68;80;123m[48;2;68;83;126m▀[0m[38;2;77;117;186m[48;2;68;83;126m▀[0m[38;2;77;117;186m[48;2;68;83;126m▀[0m[38;2;79;120;190m[48;2;67;82;125m▀[0m[38;2;82;116;133m[48;2;68;83;126m▀[0m[38;2;150;207;228m[48;2;71;91;129m▀[0m[38;2;150;208;229m[48;2;150;208;229m▀[0m[38;2;150;207;228m[48;2;150;209;230m▀[0m[38;2;150;207;228m[48;2;150;209;230m▀[0m[38;2;107;159;168m[48;2;150;208;229m▀[0m[38;2;110;170;184m[48;2;149;206;227m▀[0m[38;2;12;23;19m[48;2;122;174;186m▀[0m[38;2;13;12;13m[48;2;106;158;169m▀[0m[38;2;111;165;178m[48;2;107;159;170m▀[0m[38;2;107;159;170m[48;2;106;158;169m▀[0m[38;2;108;163;173m[48;2;106;158;169m▀[0m[38;2;93;126;146m[48;2;107;159;170m▀[0m[38;2;108;161;172m▄[0m[38;2;146;191;215m▄[0m          
       [38;2;68;83;126m▀[0m[38;2;68;83;126m[48;2;2;1;2m▀[0m[38;2;68;83;126m[48;2;78;102;159m▀[0m[38;2;68;83;126m[48;2;68;82;125m▀[0m[38;2;68;83;126m[48;2;68;83;126m▀[0m[38;2;68;83;126m[48;2;75;91;141m▀[0m[38;2;68;83;126m[48;2;9;14;17m▀[0m[38;2;68;83;126m▀[0m[38;2;68;83;126m▀[0m[38;2;36;44;64m[48;2;34;49;70m▀[0m[38;2;68;83;126m[48;2;68;83;126m▀[0m[38;2;68;84;126m[48;2;68;83;126m▀[0m[38;2;67;81;125m[48;2;68;83;126m▀[0m[38;2;68;83;127m[48;2;68;83;126m▀[0m[38;2;68;84;127m[48;2;68;83;126m▀[0m[38;2;150;207;228m[48;2;68;83;126m▀[0m[38;2;150;207;228m[48;2;87;122;135m▀[0m[38;2;112;165;175m[48;2;149;207;228m▀[0m[38;2;107;159;170m[48;2;119;171;183m▀[0m[38;2;107;159;171m[48;2;106;157;169m▀[0m[38;2;110;164;174m▀[0m[38;2;111;165;176m▀[0m[38;2;109;162;173m▀[0m[38;2;153;210;234m▀[0m         
                [38;2;81;124;195m[48;2;77;120;189m▀[0m[38;2;68;83;126m[48;2;68;83;126m▀[0m[38;2;68;83;126m[48;2;68;83;126m▀[0m[38;2;68;83;126m[48;2;68;83;126m▀[0m[38;2;68;83;126m[48;2;68;83;126m▀[0m[38;2;68;83;126m[48;2;68;83;126m▀[0m[38;2;68;83;126m[48;2;68;83;126m▀[0m[38;2;68;83;126m[48;2;68;83;127m▀[0m[38;2;68;84;127m[48;2;68;84;128m▀[0m[38;2;68;83;126m[48;2;68;83;126m▀[0m[38;2;74;91;141m▄[0m             
                [38;2;73;101;158m[48;2;67;81;123m▀[0m[38;2;68;83;126m[48;2;68;83;126m▀[0m[38;2;68;83;126m[48;2;68;83;126m▀[0m[38;2;68;83;126m[48;2;68;83;126m▀[0m[38;2;68;83;126m[48;2;68;83;126m▀[0m[38;2;68;83;126m[48;2;68;83;126m▀[0m[38;2;68;83;126m[48;2;68;83;126m▀[0m[38;2;67;83;124m▀[0m[38;2;68;83;126m[48;2;71;92;142m▀[0m[38;2;69;85;130m[48;2;77;117;186m▀[0m[38;2;68;84;129m[48;2;77;117;186m▀[0m[38;2;0;0;0m[48;2;77;117;186m▀[0m[38;2;0;0;0m▄[0m           
        [38;2;40;60;87m▄[0m[38;2;71;108;167m▄[0m[38;2;29;44;68m▄[0m    [38;2;0;0;0m▄[0m[38;2;68;83;126m[48;2;68;83;126m▀[0m[38;2;68;83;126m[48;2;68;83;126m▀[0m[38;2;68;83;126m[48;2;68;83;126m▀[0m[38;2;68;83;126m[48;2;68;83;126m▀[0m[38;2;68;83;126m[48;2;68;83;126m▀[0m[38;2;68;83;126m▀[0m[38;2;0;0;0m▀[0m [38;2;78;118;188m[48;2;71;109;164m▀[0m[38;2;77;117;186m[48;2;77;117;186m▀[0m[38;2;77;117;186m[48;2;77;117;186m▀[0m[38;2;77;117;186m[48;2;77;117;186m▀[0m[38;2;77;117;186m[48;2;77;117;186m▀[0m[38;2;54;82;121m[48;2;77;117;186m▀[0m[38;2;76;117;186m▄[0m         
      [38;2;0;0;0m▀[0m[38;2;77;117;186m[48;2;77;117;185m▀[0m[38;2;77;117;186m[48;2;77;117;186m▀[0m[38;2;77;117;186m[48;2;77;117;186m▀[0m[38;2;77;117;186m[48;2;77;117;186m▀[0m[38;2;77;117;186m[48;2;77;117;186m▀[0m[38;2;77;117;186m[48;2;77;118;187m▀[0m[38;2;78;119;190m[48;2;76;111;175m▀[0m[38;2;0;0;1m[48;2;68;82;125m▀[0m[38;2;68;83;126m[48;2;0;0;0m▀[0m[38;2;68;83;126m[48;2;43;54;83m▀[0m[38;2;68;83;126m[48;2;67;82;125m▀[0m[38;2;68;83;126m[48;2;68;83;127m▀[0m[38;2;12;15;20m[48;2;68;83;127m▀[0m[38;2;67;84;128m[48;2;68;83;127m▀[0m[38;2;68;83;127m[48;2;68;83;127m▀[0m[38;2;68;83;127m[48;2;68;83;127m▀[0m[38;2;71;87;135m[48;2;68;83;127m▀[0m [38;2;77;117;186m[48;2;77;117;187m▀[0m[38;2;77;117;186m[48;2;77;117;186m▀[0m[38;2;77;117;186m[48;2;77;117;186m▀[0m[38;2;77;117;186m[48;2;77;117;186m▀[0m[38;2;77;117;186m[48;2;77;118;189m▀[0m[38;2;77;117;186m[48;2;77;117;188m▀[0m[38;2;77;117;186m[48;2;77;117;186m▀[0m[38;2;77;117;187m[48;2;30;33;41m▀[0m[38;2;85;131;201m▄[0m[38;2;76;115;184m▄[0m     
         [38;2;9;11;14m▀[0m[38;2;10;12;15m▀[0m[38;2;9;10;11m▀[0m        [38;2;11;14;17m▀[0m[38;2;22;28;41m▀[0m[38;2;6;8;8m▀[0m   [38;2;70;87;135m▀[0m[38;2;77;117;184m[48;2;68;83;126m▀[0m[38;2;77;118;187m[48;2;68;83;126m▀[0m[38;2;77;117;186m[48;2;69;84;129m▀[0m[38;2;255;255;255m[48;2;175;195;219m▀[0m[38;2;77;117;186m[48;2;68;83;127m▀[0m[38;2;77;117;186m[48;2;67;83;128m▀[0m[38;2;208;206;203m[48;2;63;73;80m▀[0m[38;2;81;122;192m[48;2;68;86;136m▀[0m[38;2;75;99;154m▀[0m    
                               [38;2;0;0;0m▀[0m        
                                        
                                        
