                                        
                                        
                                        
                            [38;2;246;246;245m▄[0m[38;2;254;253;253m▄[0m          
                    [38;2;173;173;173m▄[0m      [38;2;255;255;255m[48;2;255;253;253m▀[0m[38;2;255;253;253m[48;2;255;253;253m▀[0m[38;2;255;253;253m[48;2;255;253;253m▀[0m[38;2;255;253;253m[48;2;255;253;253m▀[0m[38;2;102;102;102m▄[0m        
                   [38;2;255;253;253m[48;2;255;253;253m▀[0m[38;2;255;253;253m[48;2;255;253;253m▀[0m[38;2;255;253;253m[48;2;255;253;253m▀[0m[38;2;200;200;200m[48;2;255;253;253m▀[0m    [38;2;195;196;196m▀[0m[38;2;255;253;253m▀[0m[38;2;241;241;241m[48;2;85;89;91m▀[0m[38;2;234;212;222m[48;2;234;212;222m▀[0m[38;2;234;212;222m[48;2;234;212;222m▀[0m[38;2;154;171;181m▄[0m[38;2;37;39;41m[48;2;162;180;190m▀[0m[38;2;161;180;190m▄[0m     
   [38;2;254;254;254m▄[0m[38;2;51;51;51m[48;2;252;254;255m▀[0m[38;2;252;254;255m▄[0m[38;2;252;254;255m▄[0m  [38;2;232;241;245m▄[0m[38;2;252;254;255m[48;2;252;254;255m▀[0m[38;2;252;254;255m[48;2;252;254;255m▀[0m[38;2;252;253;253m[48;2;209;209;209m▀[0m[38;2;244;245;245m▄[0m     [38;2;255;253;253m▀[0m[38;2;255;253;253m[48;2;241;216;221m▀[0m[38;2;255;253;253m[48;2;233;210;215m▀[0m[38;2;253;252;252m[48;2;82;85;86m▀[0m      [38;2;66;75;101m▄[0m[38;2;142;125;224m[48;2;137;123;216m▀[0m[38;2;139;124;219m[48;2;139;124;219m▀[0m[38;2;70;78;81m[48;2;171;189;199m▀[0m[38;2;160;178;189m[48;2;160;178;189m▀[0m[38;2;160;178;189m[48;2;159;178;189m▀[0m[38;2;162;180;190m[48;2;160;178;189m▀[0m    
   [38;2;252;254;255m[48;2;252;254;255m▀[0m[38;2;252;254;255m[48;2;252;254;255m▀[0m[38;2;252;254;255m[48;2;91;86;136m▀[0m[38;2;252;254;255m[48;2;147;133;223m▀[0m[38;2;253;255;255m[48;2;144;130;221m▀[0m [38;2;253;255;255m[48;2;138;123;218m▀[0m[38;2;254;255;255m[48;2;135;121;217m▀[0m[38;2;252;254;255m[48;2;252;254;255m▀[0m[38;2;253;254;254m[48;2;252;254;255m▀[0m[38;2;252;254;255m[48;2;252;254;255m▀[0m[38;2;252;254;255m[48;2;252;254;255m▀[0m[38;2;183;183;183m[48;2;252;254;255m▀[0m    [38;2;235;213;222m▀[0m[38;2;234;212;222m[48;2;234;212;222m▀[0m[38;2;234;212;222m[48;2;119;119;153m▀[0m[38;2;140;126;220m▄[0m[38;2;146;132;222m▄[0m[38;2;117;109;184m▄[0m[38;2;116;112;185m[48;2;139;124;219m▀[0m[38;2;139;124;219m[48;2;139;124;219m▀[0m[38;2;139;124;219m[48;2;139;124;219m▀[0m[38;2;139;124;219m[48;2;139;124;219m▀[0m[38;2;154;141;226m[48;2;139;124;219m▀[0m[38;2;154;143;226m[48;2;154;141;226m▀[0m[38;2;132;144;150m[48;2;155;141;226m▀[0m[38;2;162;180;190m[48;2;139;153;161m▀[0m[38;2;160;178;189m[48;2;163;181;190m▀[0m[38;2;160;178;189m[48;2;169;182;194m▀[0m    
    [38;2;252;254;255m[48;2;252;252;254m▀[0m[38;2;139;124;219m[48;2;139;124;219m▀[0m[38;2;139;124;219m[48;2;139;124;219m▀[0m[38;2;146;132;223m[48;2;139;124;219m▀[0m[38;2;140;124;220m[48;2;139;124;220m▀[0m[38;2;139;124;219m[48;2;139;124;220m▀[0m[38;2;97;86;151m[48;2;141;125;223m▀[0m[38;2;228;228;228m[48;2;252;254;255m▀[0m[38;2;252;254;255m[48;2;252;254;255m▀[0m[38;2;255;255;255m[48;2;253;254;253m▀[0m[38;2;252;254;255m[48;2;252;254;255m▀[0m[38;2;252;254;255m[48;2;252;254;255m▀[0m[38;2;152;138;226m[48;2;148;134;223m▀[0m[38;2;137;134;141m▄[0m[38;2;234;212;222m▄[0m[38;2;234;212;222m▄[0m[38;2;240;236;236m▄[0m[38;2;255;253;253m▄[0m[38;2;118;109;185m[48;2;255;253;253m▀[0m[38;2;139;124;219m[48;2;255;254;254m▀[0m[38;2;139;124;219m[48;2;97;90;136m▀[0m[38;2;139;124;219m[48;2;139;124;219m▀[0m[38;2;139;124;219m[48;2;139;124;219m▀[0m[38;2;139;124;219m[48;2;42;40;39m▀[0m[38;2;140;125;221m[48;2;89;85;82m▀[0m[38;2;126;114;195m[48;2;49;50;47m▀[0m[38;2;139;124;219m[48;2;139;124;219m▀[0m[38;2;139;124;219m[48;2;139;124;219m▀[0m[38;2;139;124;219m[48;2;139;124;219m▀[0m[38;2;142;127;220m[48;2;139;124;219m▀[0m[38;2;115;98;168m[48;2;143;91;107m▀[0m[38;2;114;99;168m[48;2;228;165;189m▀[0m[38;2;76;47;58m▄[0m   
     [38;2;92;87;138m▀[0m[38;2;139;124;219m▀[0m[38;2;139;124;219m▀[0m[38;2;139;124;219m[48;2;130;115;198m▀[0m[38;2;139;124;219m[48;2;142;126;225m▀[0m[38;2;139;124;219m[48;2;140;125;221m▀[0m[38;2;223;235;241m▀[0m[38;2;246;247;248m[48;2;243;248;250m▀[0m[38;2;252;254;255m[48;2;252;254;255m▀[0m[38;2;252;254;255m[48;2;252;254;255m▀[0m[38;2;252;254;255m[48;2;251;252;254m▀[0m[38;2;139;124;220m[48;2;139;124;219m▀[0m[38;2;154;140;226m[48;2;141;127;220m▀[0m[38;2;238;217;227m[48;2;155;142;226m▀[0m[38;2;234;212;222m[48;2;119;117;120m▀[0m[38;2;255;253;253m[48;2;255;253;253m▀[0m[38;2;255;253;253m[48;2;255;253;253m▀[0m[38;2;255;253;253m[48;2;255;253;253m▀[0m[38;2;255;254;255m[48;2;138;123;218m▀[0m[38;2;139;124;219m[48;2;139;124;219m▀[0m[38;2;139;124;219m[48;2;139;124;219m▀[0m[38;2;139;124;219m[48;2;139;124;219m▀[0m[38;2;230;230;230m[48;2;189;192;235m▀[0m[38;2;240;145;181m[48;2;58;66;68m▀[0m[38;2;218;218;218m[48;2;231;233;234m▀[0m[38;2;139;124;219m[48;2;139;124;219m▀[0m[38;2;139;124;219m[48;2;139;124;219m▀[0m[38;2;148;133;223m[48;2;254;255;255m▀[0m[38;2;252;254;255m[48;2;252;254;255m▀[0m[38;2;217;136;167m[48;2;183;114;142m▀[0m[38;2;217;136;167m[48;2;219;141;175m▀[0m[38;2;217;136;167m[48;2;38;24;27m▀[0m   
         [38;2;64;68;95m▀[0m[38;2;139;124;219m[48;2;139;124;219m▀[0m[38;2;139;124;219m[48;2;139;124;219m▀[0m[38;2;139;124;220m[48;2;255;253;254m▀[0m[38;2;122;105;192m[48;2;255;253;253m▀[0m[38;2;138;124;219m[48;2;254;254;254m▀[0m[38;2;139;124;219m[48;2;146;130;232m▀[0m[38;2;139;124;219m[48;2;139;124;219m▀[0m[38;2;139;124;219m[48;2;139;124;219m▀[0m[38;2;139;124;219m[48;2;139;124;219m▀[0m[38;2;139;124;219m[48;2;139;124;219m▀[0m[38;2;144;130;223m[48;2;139;124;219m▀[0m[38;2;113;107;179m[48;2;139;124;219m▀[0m[38;2;126;111;196m[48;2;139;124;219m▀[0m[38;2;139;124;219m[48;2;139;124;219m▀[0m[38;2;139;124;219m[48;2;139;124;219m▀[0m[38;2;139;124;219m[48;2;139;124;219m▀[0m[38;2;139;124;219m[48;2;139;124;219m▀[0m[38;2;139;124;219m[48;2;139;124;219m▀[0m[38;2;136;123;218m[48;2;132;122;221m▀[0m[38;2;138;124;218m[48;2;216;121;136m▀[0m[38;2;139;124;219m[48;2;217;121;136m▀[0m[38;2;139;124;219m[48;2;116;63;63m▀[0m[38;2;135;120;218m[48;2;139;124;219m▀[0m[38;2;253;255;255m▀[0m[38;2;42;47;48m▀[0m     
          [38;2;145;126;230m▀[0m[38;2;140;125;219m[48;2;139;124;218m▀[0m[38;2;255;253;253m[48;2;255;253;253m▀[0m[38;2;255;253;253m[48;2;255;253;253m▀[0m[38;2;203;175;182m[48;2;234;212;222m▀[0m[38;2;234;212;222m[48;2;234;212;222m▀[0m[38;2;234;212;222m[48;2;234;212;222m▀[0m[38;2;239;215;226m[48;2;225;212;218m▀[0m[38;2;125;127;130m[48;2;255;253;253m▀[0m[38;2;102;94;156m[48;2;255;253;253m▀[0m[38;2;108;103;181m[48;2;255;253;253m▀[0m[38;2;111;100;176m[48;2;255;253;253m▀[0m[38;2;66;78;115m[48;2;136;122;217m▀[0m[38;2;139;124;219m[48;2;137;123;218m▀[0m[38;2;139;124;219m[48;2;136;122;219m▀[0m[38;2;139;124;219m[48;2;123;109;189m▀[0m[38;2;139;124;219m[48;2;114;98;167m▀[0m[38;2;139;124;219m[48;2;114;99;168m▀[0m[38;2;139;124;219m[48;2;114;99;166m▀[0m[38;2;132;120;184m▀[0m[38;2;110;79;99m▀[0m[38;2;143;127;223m▀[0m        
           [38;2;14;23;28m▀[0m[38;2;255;253;253m[48;2;250;246;247m▀[0m[38;2;255;253;253m[48;2;255;253;253m▀[0m[38;2;234;212;222m[48;2;234;211;222m▀[0m[38;2;234;212;222m[48;2;234;212;222m▀[0m[38;2;234;212;222m[48;2;234;212;222m▀[0m[38;2;237;233;235m[48;2;232;210;221m▀[0m[38;2;255;253;253m[48;2;255;253;253m▀[0m[38;2;255;253;253m[48;2;255;253;253m▀[0m[38;2;255;253;253m[48;2;255;253;253m▀[0m[38;2;255;253;253m[48;2;255;253;253m▀[0m[38;2;122;106;185m[48;2;254;253;253m▀[0m[38;2;114;99;168m[48;2;114;99;168m▀[0m[38;2;114;99;168m[48;2;114;99;168m▀[0m[38;2;114;99;168m[48;2;114;99;168m▀[0m[38;2;114;99;168m[48;2;208;193;197m▀[0m[38;2;165;156;158m[48;2;232;209;215m▀[0m            
             [38;2;255;253;253m[48;2;255;253;253m▀[0m[38;2;255;253;253m[48;2;255;253;253m▀[0m[38;2;197;169;177m[48;2;255;253;253m▀[0m[38;2;234;212;222m[48;2;236;214;219m▀[0m[38;2;234;212;222m[48;2;234;212;222m▀[0m[38;2;210;184;193m[48;2;235;213;223m▀[0m[38;2;255;253;253m[48;2;208;175;187m▀[0m[38;2;255;253;253m[48;2;255;253;253m▀[0m[38;2;255;253;253m[48;2;255;253;253m▀[0m[38;2;255;253;253m[48;2;255;253;253m▀[0m[38;2;230;208;213m[48;2;243;228;232m▀[0m[38;2;119;116;118m[48;2;232;209;214m▀[0m[38;2;231;209;213m[48;2;232;209;214m▀[0m[38;2;233;211;215m[48;2;232;209;214m▀[0m[38;2;232;208;213m[48;2;232;209;214m▀[0m            
            [38;2;212;206;209m▀[0m[38;2;255;253;253m[48;2;255;253;253m▀[0m[38;2;255;253;253m[48;2;255;253;253m▀[0m[38;2;255;253;253m[48;2;255;253;253m▀[0m[38;2;247;235;237m[48;2;255;253;254m▀[0m[38;2;234;212;222m[48;2;239;217;227m▀[0m[38;2;234;212;222m[48;2;234;212;222m▀[0m[38;2;218;185;198m[48;2;234;212;222m▀[0m[38;2;255;253;253m[48;2;231;229;229m▀[0m[38;2;255;253;253m[48;2;255;253;253m▀[0m[38;2;255;253;253m[48;2;255;253;253m▀[0m[38;2;255;254;254m[48;2;209;179;188m▀[0m[38;2;232;209;214m[48;2;209;168;184m▀[0m[38;2;233;210;215m[48;2;209;168;184m▀[0m[38;2;232;210;215m[48;2;210;168;184m▀[0m[38;2;195;193;195m▀[0m            
             [38;2;255;253;253m▀[0m[38;2;255;253;253m[48;2;238;233;234m▀[0m[38;2;255;253;253m[48;2;237;233;235m▀[0m[38;2;255;253;253m▀[0m[38;2;233;209;220m▀[0m[38;2;234;212;222m[48;2;234;212;222m▀[0m[38;2;234;212;222m[48;2;234;212;222m▀[0m[38;2;234;212;222m[48;2;234;212;222m▀[0m[38;2;235;212;223m[48;2;202;180;192m▀[0m[38;2;209;168;184m▀[0m[38;2;208;167;184m▀[0m[38;2;209;168;184m▀[0m[38;2;209;168;184m▀[0m              
                   [38;2;131;131;142m▀[0m                    
                                        
                                        
                                        
