                                        
                                        
                                        
                 [38;2;153;96;121m▄[0m[38;2;193;88;126m▄[0m[38;2;169;215;236m▄[0m[38;2;128;199;231m[48;2;172;220;239m▀[0m[38;2;101;189;227m[48;2;74;173;213m▀[0m[38;2;79;181;225m[48;2;179;82;106m▀[0m[38;2;84;54;67m[48;2;236;213;218m▀[0m[38;2;75;48;59m[48;2;198;121;141m▀[0m[38;2;169;54;81m▄[0m[38;2;181;75;111m▄[0m             
              [38;2;162;102;127m▄[0m[38;2;28;17;21m[48;2;165;51;79m▀[0m[38;2;237;212;219m[48;2;166;53;80m▀[0m[38;2;167;54;81m[48;2;170;54;82m▀[0m[38;2;165;212;234m[48;2;129;198;229m▀[0m[38;2;168;212;234m[48;2;149;206;233m▀[0m[38;2;145;204;231m[48;2;108;197;229m▀[0m[38;2;175;62;94m[48;2;182;72;107m▀[0m[38;2;167;53;81m[48;2;166;53;80m▀[0m[38;2;166;53;80m[48;2;166;52;80m▀[0m[38;2;166;53;80m[48;2;166;52;80m▀[0m[38;2;169;55;81m[48;2;166;53;80m▀[0m[38;2;169;55;81m[48;2;167;54;81m▀[0m[38;2;170;56;82m[48;2;169;55;82m▀[0m[38;2;188;91;126m▄[0m           
             [38;2;198;127;155m▄[0m[38;2;169;55;81m[48;2;169;54;81m▀[0m[38;2;166;52;80m[48;2;191;102;129m▀[0m[38;2;180;80;110m[48;2;182;83;113m▀[0m[38;2;39;81;98m[48;2;99;192;227m▀[0m[38;2;124;196;228m[48;2;124;201;231m▀[0m[38;2;125;196;228m[48;2;98;186;226m▀[0m[38;2;98;186;226m[48;2;98;186;225m▀[0m[38;2;185;78;116m[48;2;158;65;98m▀[0m[38;2;169;55;81m[48;2;185;78;116m▀[0m[38;2;171;59;87m[48;2;184;84;112m▀[0m[38;2;184;84;112m[48;2;183;83;112m▀[0m[38;2;183;83;112m[48;2;192;103;130m▀[0m[38;2;175;63;95m[48;2;190;101;128m▀[0m[38;2;168;55;82m[48;2;183;84;112m▀[0m[38;2;166;52;80m[48;2;169;54;81m▀[0m[38;2;7;15;18m▄[0m          
             [38;2;203;127;156m[48;2;204;129;157m▀[0m[38;2;201;128;157m[48;2;201;127;156m▀[0m[38;2;202;128;156m[48;2;201;128;157m▀[0m[38;2;203;129;158m[48;2;158;225;245m▀[0m[38;2;98;187;225m[48;2;50;32;42m▀[0m[38;2;99;188;227m[48;2;211;154;169m▀[0m[38;2;99;193;227m[48;2;183;77;116m▀[0m[38;2;99;192;229m[48;2;98;186;225m▀[0m[38;2;72;168;206m[48;2;99;192;228m▀[0m[38;2;184;77;116m[48;2;48;114;142m▀[0m[38;2;199;124;156m[48;2;184;77;115m▀[0m[38;2;202;127;154m[48;2;201;127;157m▀[0m[38;2;193;107;135m[48;2;201;128;156m▀[0m[38;2;189;103;131m[48;2;201;128;156m▀[0m[38;2;186;97;126m[48;2;201;128;157m▀[0m[38;2;202;130;159m[48;2;201;127;157m▀[0m[38;2;31;53;63m[48;2;78;177;214m▀[0m[38;2;99;192;227m▄[0m[38;2;111;193;229m▄[0m        
           [38;2;130;200;230m▄[0m[38;2;112;193;229m[48;2;98;187;225m▀[0m[38;2;37;46;55m[48;2;99;191;229m▀[0m[38;2;201;128;157m[48;2;106;192;228m▀[0m[38;2;46;34;40m[48;2;129;199;230m▀[0m[38;2;132;206;232m[48;2;130;199;230m▀[0m[38;2;173;56;84m[48;2;130;199;229m▀[0m[38;2;187;91;120m[48;2;171;73;108m▀[0m[38;2;201;127;156m[48;2;32;71;88m▀[0m[38;2;97;191;226m[48;2;132;204;233m▀[0m[38;2;99;192;228m[48;2;132;205;233m▀[0m[38;2;99;191;228m[48;2;129;204;231m▀[0m[38;2;77;173;209m[48;2;102;189;226m▀[0m[38;2;186;79;116m[48;2;98;191;228m▀[0m[38;2;199;123;155m[48;2;99;188;227m▀[0m[38;2;199;125;156m[48;2;63;145;180m▀[0m[38;2;200;127;157m[48;2;75;173;212m▀[0m[38;2;116;71;88m[48;2;43;92;112m▀[0m[38;2;71;164;202m[48;2;70;163;203m▀[0m[38;2;99;192;228m[48;2;79;170;209m▀[0m[38;2;98;192;227m[48;2;72;164;204m▀[0m[38;2;101;194;225m[48;2;82;177;213m▀[0m[38;2;100;195;230m[48;2;99;192;226m▀[0m[38;2;91;182;222m▄[0m     
          [38;2;30;58;70m▀[0m[38;2;129;199;229m[48;2;97;190;225m▀[0m[38;2;98;186;225m[48;2;98;189;227m▀[0m[38;2;99;188;226m[48;2;110;192;227m▀[0m[38;2;124;202;231m[48;2;63;116;141m▀[0m[38;2;131;206;232m[48;2;19;29;35m▀[0m[38;2;131;204;234m[48;2;136;200;230m▀[0m[38;2;132;206;231m[48;2;132;206;231m▀[0m[38;2;110;169;194m[48;2;141;216;244m▀[0m[38;2;130;199;230m[48;2;131;205;229m▀[0m[38;2;130;201;230m[48;2;134;207;232m▀[0m[38;2;130;200;230m[48;2;74;169;207m▀[0m[38;2;129;199;230m[48;2;204;213;227m▀[0m[38;2;102;187;225m[48;2;180;188;199m▀[0m[38;2;98;188;226m[48;2;32;31;30m▀[0m[38;2;98;187;225m[48;2;72;168;206m▀[0m[38;2;99;187;226m[48;2;103;188;222m▀[0m[38;2;99;192;229m[48;2;130;202;230m▀[0m[38;2;74;170;204m[48;2;74;170;205m▀[0m[38;2;73;168;205m[48;2;25;53;64m▀[0m[38;2;74;171;210m▀[0m[38;2;72;166;204m▀[0m[38;2;71;164;203m▀[0m[38;2;73;168;209m▀[0m[38;2;74;171;212m▀[0m     
            [38;2;1;0;0m▀[0m[38;2;56;126;158m▀[0m [38;2;51;54;56m[48;2;135;130;131m▀[0m[38;2;171;181;189m[48;2;6;7;7m▀[0m[38;2;84;178;215m[48;2;63;67;68m▀[0m[38;2;100;193;225m[48;2;73;169;205m▀[0m[38;2;74;168;204m[48;2;50;52;53m▀[0m[38;2;51;119;146m[48;2;64;65;68m▀[0m[38;2;204;216;224m[48;2;65;68;69m▀[0m[38;2;235;245;245m[48;2;35;37;36m▀[0m[38;2;34;36;37m[48;2;34;36;36m▀[0m[38;2;34;36;36m[48;2;34;36;36m▀[0m[38;2;34;36;36m[48;2;136;133;134m▀[0m[38;2;35;37;38m[48;2;134;130;132m▀[0m[38;2;45;111;136m[48;2;149;147;146m▀[0m[38;2;146;143;143m▄[0m           
        [38;2;0;0;0m▄[0m[38;2;5;5;5m▄[0m  [38;2;175;168;160m▄[0m[38;2;35;34;32m▄[0m[38;2;140;136;135m[48;2;67;64;60m▀[0m[38;2;136;131;131m[48;2;44;44;41m▀[0m[38;2;136;134;134m▄[0m[38;2;21;21;21m[48;2;132;207;230m▀[0m[38;2;129;198;229m[48;2;74;169;205m▀[0m[38;2;72;165;203m[48;2;75;170;204m▀[0m[38;2;2;3;4m[48;2;9;10;10m▀[0m[38;2;25;26;26m[48;2;4;4;4m▀[0m[38;2;34;35;35m[48;2;31;31;32m▀[0m[38;2;141;139;138m[48;2;105;110;124m▀[0m[38;2;103;101;99m[48;2;28;28;28m▀[0m[38;2;136;133;133m[48;2;60;109;132m▀[0m[38;2;74;135;163m[48;2;149;144;135m▀[0m[38;2;151;144;141m▀[0m[38;2;147;138;132m▄[0m[38;2;4;4;4m▀[0m [38;2;167;160;151m▄[0m        
   [38;2;171;167;155m▄[0m[38;2;207;204;198m[48;2;173;167;157m▀[0m[38;2;169;160;153m[48;2;153;147;137m▀[0m[38;2;169;161;153m▀[0m[38;2;152;145;137m▀[0m[38;2;127;121;115m▀[0m[38;2;17;16;16m▀[0m[38;2;15;15;15m[48;2;135;128;123m▀[0m[38;2;59;56;54m[48;2;29;27;26m▀[0m[38;2;20;19;18m[48;2;170;161;154m▀[0m[38;2;45;44;41m▀[0m [38;2;87;120;131m▄[0m[38;2;121;185;212m[48;2;147;208;234m▀[0m[38;2;112;197;228m[48;2;71;164;203m▀[0m[38;2;74;170;204m[48;2;74;169;205m▀[0m[38;2;74;170;204m[48;2;1;3;3m▀[0m[38;2;88;93;106m[48;2;106;111;124m▀[0m[38;2;15;18;23m▄[0m[38;2;139;135;135m▀[0m[38;2;98;102;116m[48;2;170;161;154m▀[0m [38;2;70;128;155m[48;2;20;36;43m▀[0m[38;2;144;136;129m[48;2;69;126;152m▀[0m[38;2;40;37;34m[48;2;173;166;158m▀[0m[38;2;134;127;121m▄[0m[38;2;64;60;57m▀[0m[38;2;172;167;154m▄[0m[38;2;182;176;166m▄[0m[38;2;128;123;116m[48;2;170;161;154m▀[0m[38;2;170;162;155m▄[0m[38;2;174;167;159m▄[0m[38;2;181;177;167m▄[0m    
  [38;2;142;137;133m[48;2;220;216;213m▀[0m[38;2;170;161;154m[48;2;167;158;151m▀[0m[38;2;150;141;135m[48;2;7;7;7m▀[0m    [38;2;118;112;107m▄[0m[38;2;165;156;149m[48;2;128;121;115m▀[0m[38;2;13;14;19m▄[0m[38;2;149;140;134m[48;2;155;146;139m▀[0m[38;2;125;129;141m▀[0m[38;2;112;117;130m▀[0m[38;2;132;200;229m[48;2;99;192;229m▀[0m[38;2;82;176;212m[48;2;78;172;210m▀[0m[38;2;74;169;204m[48;2;72;167;205m▀[0m[38;2;53;116;139m[48;2;123;131;141m▀[0m[38;2;168;161;149m[48;2;153;147;137m▀[0m [38;2;108;114;126m[48;2;39;43;49m▀[0m[38;2;112;117;128m▄[0m [38;2;175;169;156m▀[0m[38;2;169;163;154m▀[0m[38;2;50;48;43m[48;2;66;126;149m▀[0m[38;2;184;179;165m[48;2;75;141;166m▀[0m[38;2;191;184;179m▀[0m[38;2;155;147;140m[48;2;170;162;154m▀[0m[38;2;42;40;38m▀[0m[38;2;168;160;152m▀[0m[38;2;178;170;162m▄[0m[38;2;159;150;143m▀[0m[38;2;162;154;147m[48;2;156;146;140m▀[0m[38;2;207;202;199m[48;2;152;146;138m▀[0m[38;2;209;205;201m[48;2;210;205;201m▀[0m[38;2;22;21;19m[48;2;177;168;162m▀[0m  
  [38;2;219;218;214m[48;2;180;175;163m▀[0m[38;2;163;154;147m[48;2;170;161;154m▀[0m  [38;2;0;0;0m▄[0m[38;2;149;141;134m▄[0m[38;2;135;139;142m[48;2;122;120;118m▀[0m[38;2;171;166;155m[48;2;172;166;157m▀[0m[38;2;113;118;132m▀[0m[38;2;69;66;63m[48;2;1;1;1m▀[0m[38;2;150;142;135m[48;2;153;147;137m▀[0m[38;2;0;0;0m▄[0m[38;2;121;127;140m[48;2;122;123;131m▀[0m[38;2;98;189;226m[48;2;97;186;225m▀[0m[38;2;69;162;202m[48;2;71;163;203m▀[0m[38;2;71;163;203m[48;2;71;163;203m▀[0m[38;2;107;111;124m▀[0m [38;2;159;152;144m[48;2;152;146;138m▀[0m[38;2;40;43;50m[48;2;17;16;15m▀[0m    [38;2;69;125;152m[48;2;69;125;151m▀[0m[38;2;69;125;152m[48;2;0;0;0m▀[0m [38;2;83;80;76m[48;2;190;183;171m▀[0m[38;2;91;86;83m[48;2;172;167;155m▀[0m [38;2;166;157;150m[48;2;0;0;0m▀[0m[38;2;142;136;129m▄[0m [38;2;146;139;132m[48;2;173;166;157m▀[0m[38;2;34;32;31m▀[0m[38;2;152;143;137m▀[0m  
   [38;2;6;6;5m▀[0m  [38;2;201;195;190m[48;2;9;8;8m▀[0m  [38;2;173;170;156m[48;2;210;206;199m▀[0m  [38;2;210;205;202m▀[0m[38;2;163;156;152m[48;2;168;161;155m▀[0m [38;2;76;173;214m▀[0m[38;2;71;164;203m[48;2;73;168;205m▀[0m[38;2;71;164;202m[48;2;71;163;203m▀[0m[38;2;71;163;203m▄[0m[38;2;179;172;163m▄[0m[38;2;136;138;142m▀[0m[38;2;153;147;137m[48;2;136;134;133m▀[0m[38;2;175;169;157m[48;2;43;41;39m▀[0m  [38;2;71;136;166m[48;2;74;165;204m▀[0m[38;2;69;125;151m▀[0m [38;2;170;161;154m▄[0m[38;2;177;170;156m▀[0m[38;2;173;167;156m[48;2;170;162;154m▀[0m[38;2;21;21;19m▄[0m [38;2;170;161;154m[48;2;207;203;199m▀[0m [38;2;2;2;2m▀[0m    
         [38;2;6;6;4m▀[0m     [38;2;16;16;16m[48;2;16;15;14m▀[0m[38;2;148;141;135m[48;2;152;144;137m▀[0m[38;2;72;166;205m▀[0m[38;2;71;163;203m[48;2;74;170;208m▀[0m[38;2;0;0;0m[48;2;71;163;203m▀[0m  [38;2;185;179;175m▀[0m [38;2;53;102;122m▀[0m [38;2;141;134;129m▄[0m[38;2;110;107;99m[48;2;152;143;137m▀[0m[38;2;158;149;143m▀[0m [38;2;170;161;154m[48;2;170;162;154m▀[0m[38;2;63;60;58m[48;2;29;28;27m▀[0m [38;2;210;205;201m▀[0m      
                    [38;2;77;174;211m▀[0m     [38;2;83;77;74m▀[0m   [38;2;175;167;160m[48;2;162;154;146m▀[0m         
                                        
                                        
                                        
