                                        
                                        
                           [38;2;240;255;183m▄[0m[38;2;241;255;186m▄[0m[38;2;239;255;178m▄[0m[38;2;230;243;196m▄[0m         
                  [38;2;250;242;237m▄[0m[38;2;255;255;248m[48;2;250;242;237m▀[0m[38;2;255;252;247m[48;2;249;241;236m▀[0m[38;2;240;234;229m▄[0m[38;2;242;255;193m▄[0m   [38;2;240;255;179m[48;2;239;255;178m▀[0m[38;2;239;255;178m[48;2;239;255;178m▀[0m[38;2;239;255;178m[48;2;239;255;178m▀[0m[38;2;239;255;178m[48;2;239;255;178m▀[0m[38;2;239;255;178m▄[0m  [38;2;218;239;170m▄[0m[38;2;214;227;194m[48;2;191;212;145m▀[0m[38;2;216;232;181m▄[0m    
               [38;2;121;120;120m▄[0m[38;2;189;189;187m▄[0m[38;2;254;254;247m[48;2;255;255;255m▀[0m[38;2;251;242;237m[48;2;252;251;249m▀[0m[38;2;250;242;237m[48;2;250;242;237m▀[0m[38;2;252;245;240m[48;2;251;242;237m▀[0m[38;2;239;255;177m[48;2;173;198;134m▀[0m[38;2;239;255;178m[48;2;174;199;134m▀[0m[38;2;239;255;178m[48;2;240;255;180m▀[0m[38;2;238;254;180m▄[0m [38;2;239;255;178m[48;2;159;176;132m▀[0m[38;2;239;255;178m[48;2;211;218;218m▀[0m[38;2;171;196;132m[48;2;170;196;134m▀[0m[38;2;171;195;132m[48;2;125;146;105m▀[0m[38;2;239;255;178m[48;2;8;17;19m▀[0m[38;2;145;155;130m[48;2;239;255;178m▀[0m[38;2;239;255;179m▄[0m[38;2;241;255;189m▄[0m[38;2;58;78;68m[48;2;239;255;178m▀[0m[38;2;240;253;206m[48;2;177;200;135m▀[0m[38;2;185;214;149m▀[0m   
            [38;2;251;216;225m▀[0m[38;2;212;204;212m▄[0m[38;2;224;218;225m▄[0m[38;2;254;255;255m[48;2;255;255;255m▀[0m[38;2;186;181;184m[48;2;255;255;255m▀[0m[38;2;248;191;199m[48;2;253;195;204m▀[0m[38;2;195;136;150m[48;2;197;137;152m▀[0m[38;2;163;166;159m[48;2;172;203;135m▀[0m[38;2;251;242;237m[48;2;175;200;135m▀[0m[38;2;173;197;134m[48;2;173;197;134m▀[0m[38;2;173;197;134m[48;2;174;198;135m▀[0m[38;2;173;197;134m[48;2;174;198;135m▀[0m[38;2;219;235;162m[48;2;173;197;134m▀[0m[38;2;255;254;254m▄[0m [38;2;213;205;214m[48;2;239;255;182m▀[0m[38;2;213;205;213m[48;2;175;199;136m▀[0m[38;2;167;157;162m[48;2;214;205;213m▀[0m  [38;2;242;255;196m▀[0m[38;2;235;252;186m▀[0m      
              [38;2;135;129;133m▀[0m[38;2;212;203;212m[48;2;85;83;85m▀[0m[38;2;212;203;212m[48;2;212;203;212m▀[0m[38;2;212;203;212m[48;2;212;203;212m▀[0m[38;2;211;202;211m[48;2;167;191;129m▀[0m[38;2;173;197;134m[48;2;179;204;138m▀[0m[38;2;173;197;134m[48;2;174;198;135m▀[0m[38;2;175;198;135m[48;2;173;197;134m▀[0m[38;2;175;200;135m[48;2;175;200;135m▀[0m[38;2;173;197;134m[48;2;173;197;133m▀[0m[38;2;173;197;134m[48;2;183;192;169m▀[0m[38;2;213;204;213m[48;2;213;204;213m▀[0m[38;2;214;205;214m[48;2;175;199;136m▀[0m[38;2;238;255;185m[48;2;176;200;136m▀[0m[38;2;175;199;136m[48;2;177;201;136m▀[0m[38;2;201;233;162m[48;2;175;199;136m▀[0m[38;2;10;19;20m▄[0m         
               [38;2;243;229;229m[48;2;242;230;229m▀[0m[38;2;213;204;211m[48;2;189;176;187m▀[0m[38;2;212;204;213m[48;2;169;162;174m▀[0m[38;2;189;177;187m▄[0m[38;2;86;101;75m[48;2;189;177;187m▀[0m[38;2;188;209;143m▀[0m[38;2;190;213;146m▀[0m [38;2;193;187;190m▀[0m[38;2;255;255;255m▀[0m[38;2;215;206;215m▀[0m[38;2;175;199;136m[48;2;152;179;122m▀[0m[38;2;177;201;136m[48;2;178;201;136m▀[0m[38;2;177;201;136m[48;2;175;199;136m▀[0m[38;2;175;199;136m[48;2;175;199;136m▀[0m[38;2;188;209;142m[48;2;186;209;142m▀[0m         
               [38;2;202;202;209m▀[0m[38;2;188;176;187m[48;2;206;194;201m▀[0m[38;2;188;176;187m[48;2;190;178;188m▀[0m[38;2;209;199;205m[48;2;212;203;213m▀[0m[38;2;189;177;188m[48;2;188;176;187m▀[0m[38;2;128;138;161m▄[0m   [38;2;186;211;143m▄[0m [38;2;170;195;132m▄[0m[38;2;175;199;136m[48;2;175;199;136m▀[0m[38;2;179;202;138m▀[0m[38;2;188;210;143m▀[0m          
        [38;2;140;116;121m[48;2;55;79;179m▀[0m[38;2;253;199;208m[48;2;57;85;184m▀[0m[38;2;58;88;185m▄[0m[38;2;59;92;189m▄[0m[38;2;59;91;190m▄[0m[38;2;251;244;240m[48;2;239;226;227m▀[0m[38;2;247;236;233m▄[0m[38;2;246;236;234m[48;2;239;226;227m▀[0m[38;2;239;226;227m[48;2;239;226;227m▀[0m[38;2;231;227;231m[48;2;255;255;255m▀[0m[38;2;145;144;161m[48;2;193;180;189m▀[0m[38;2;188;176;186m[48;2;191;179;188m▀[0m[38;2;137;139;158m[48;2;60;57;59m▀[0m      [38;2;187;217;150m▀[0m            
     [38;2;56;82;181m▄[0m[38;2;57;87;186m[48;2;50;77;168m▀[0m[38;2;57;83;181m[48;2;196;135;148m▀[0m[38;2;58;89;187m[48;2;218;139;149m▀[0m[38;2;58;103;198m[48;2;57;108;203m▀[0m[38;2;253;250;245m[48;2;240;226;227m▀[0m[38;2;239;226;227m[48;2;240;226;227m▀[0m[38;2;239;226;228m[48;2;239;226;227m▀[0m[38;2;239;226;227m[48;2;239;226;227m▀[0m[38;2;239;226;227m[48;2;254;255;255m▀[0m[38;2;237;236;235m[48;2;254;255;255m▀[0m[38;2;254;255;255m[48;2;212;203;212m▀[0m[38;2;254;255;255m[48;2;254;255;255m▀[0m[38;2;236;217;219m[48;2;238;228;237m▀[0m [38;2;213;204;213m[48;2;234;224;234m▀[0m[38;2;32;29;31m▄[0m                  
    [38;2;57;95;201m[48;2;56;82;181m▀[0m[38;2;56;82;181m[48;2;56;82;181m▀[0m[38;2;58;88;186m[48;2;58;87;185m▀[0m[38;2;60;95;192m[48;2;57;86;185m▀[0m[38;2;60;94;192m[48;2;57;83;182m▀[0m[38;2;59;93;191m[48;2;56;82;181m▀[0m[38;2;226;206;211m[48;2;57;83;183m▀[0m[38;2;240;226;227m[48;2;162;137;166m▀[0m[38;2;240;226;227m[48;2;239;226;227m▀[0m[38;2;255;255;255m[48;2;213;204;213m▀[0m[38;2;229;224;230m[48;2;213;204;213m▀[0m[38;2;214;205;214m[48;2;213;205;214m▀[0m[38;2;213;204;213m[48;2;212;203;212m▀[0m[38;2;254;254;255m[48;2;254;255;255m▀[0m[38;2;213;212;212m[48;2;254;255;255m▀[0m  [38;2;212;203;212m[48;2;212;203;212m▀[0m[38;2;212;203;212m▄[0m[38;2;97;93;97m▄[0m                
   [38;2;59;90;196m[48;2;56;82;180m▀[0m[38;2;58;99;183m[48;2;71;107;182m▀[0m[38;2;56;82;181m[48;2;56;82;181m▀[0m[38;2;56;82;181m[48;2;56;82;181m▀[0m[38;2;56;82;181m[48;2;32;45;94m▀[0m[38;2;62;39;59m[48;2;7;12;18m▀[0m[38;2;213;172;174m▀[0m[38;2;42;66;135m[48;2;37;28;67m▀[0m[38;2;107;101;152m[48;2;243;229;229m▀[0m[38;2;239;226;227m[48;2;239;226;227m▀[0m[38;2;232;227;232m[48;2;156;156;173m▀[0m[38;2;212;203;212m[48;2;34;57;111m▀[0m[38;2;212;203;212m[48;2;172;166;181m▀[0m[38;2;220;211;219m[48;2;191;179;190m▀[0m[38;2;254;255;255m[48;2;255;255;255m▀[0m[38;2;254;255;255m[48;2;254;255;255m▀[0m[38;2;254;255;255m[48;2;254;255;255m▀[0m[38;2;254;255;255m▄[0m [38;2;254;255;255m▀[0m[38;2;254;255;255m[48;2;254;255;255m▀[0m[38;2;254;255;255m[48;2;254;255;255m▀[0m[38;2;255;255;255m[48;2;166;164;163m▀[0m[38;2;255;255;255m▄[0m[38;2;238;238;238m▄[0m            
   [38;2;57;88;192m▀[0m[38;2;58;99;183m[48;2;56;82;180m▀[0m[38;2;56;82;181m[48;2;56;82;181m▀[0m[38;2;56;84;183m[48;2;40;54;111m▀[0m   [38;2;223;214;214m[48;2;196;189;194m▀[0m[38;2;205;194;200m[48;2;196;189;194m▀[0m[38;2;196;189;194m▄[0m[38;2;196;189;193m▄[0m[38;2;227;219;219m[48;2;198;190;195m▀[0m[38;2;252;245;240m[48;2;196;189;194m▀[0m[38;2;252;247;243m▀[0m[38;2;56;56;54m▀[0m[38;2;254;255;255m[48;2;254;255;255m▀[0m[38;2;254;255;255m[48;2;254;255;255m▀[0m[38;2;254;255;255m[48;2;255;255;255m▀[0m[38;2;254;255;255m[48;2;144;143;142m▀[0m[38;2;41;41;41m[48;2;254;255;255m▀[0m [38;2;195;194;194m▀[0m[38;2;254;255;255m▀[0m[38;2;254;255;255m▀[0m[38;2;254;255;255m▀[0m[38;2;247;247;247m▀[0m           
     [38;2;56;82;181m▀[0m[38;2;56;82;181m[48;2;31;43;108m▀[0m[38;2;56;82;181m▄[0m[38;2;55;82;181m▄[0m[38;2;56;81;181m▄[0m[38;2;199;191;196m[48;2;153;146;147m▀[0m[38;2;42;67;134m[48;2;9;15;41m▀[0m[38;2;75;70;75m[48;2;212;203;212m▀[0m[38;2;230;222;229m[48;2;210;200;210m▀[0m[38;2;254;253;254m[48;2;254;255;255m▀[0m[38;2;254;255;255m[48;2;254;255;255m▀[0m[38;2;254;255;255m[48;2;254;255;255m▀[0m[38;2;254;255;255m[48;2;254;255;255m▀[0m[38;2;254;255;255m[48;2;254;255;255m▀[0m[38;2;239;230;240m▀[0m[38;2;237;234;237m▀[0m[38;2;232;228;233m▀[0m[38;2;127;120;125m▀[0m                 
         [38;2;69;84;176m[48;2;195;188;193m▀[0m[38;2;30;56;124m[48;2;45;72;143m▀[0m[38;2;212;203;212m[48;2;212;203;212m▀[0m[38;2;212;203;212m[48;2;254;254;254m▀[0m[38;2;248;246;249m[48;2;254;255;255m▀[0m[38;2;254;255;255m[48;2;255;255;255m▀[0m[38;2;254;255;255m[48;2;156;149;152m▀[0m[38;2;254;255;255m[48;2;196;189;195m▀[0m[38;2;152;152;149m[48;2;199;193;198m▀[0m                      
        [38;2;253;247;242m▄[0m[38;2;199;191;196m[48;2;197;190;194m▀[0m[38;2;43;68;136m[48;2;199;192;197m▀[0m[38;2;219;210;220m[48;2;255;255;255m▀[0m[38;2;254;255;255m[48;2;254;255;255m▀[0m[38;2;254;255;255m[48;2;254;255;255m▀[0m[38;2;254;255;255m[48;2;254;255;255m▀[0m[38;2;198;194;202m▀[0m                        
        [38;2;150;160;175m▀[0m[38;2;252;243;238m▀[0m[38;2;163;164;176m▀[0m[38;2;7;7;7m▀[0m[38;2;254;255;255m[48;2;93;92;92m▀[0m[38;2;254;255;255m[48;2;254;255;255m▀[0m[38;2;254;255;255m▀[0m                         
                                        
                                        
