                                        
                                        
                           [38;2;13;12;13m▄[0m            
               [38;2;42;43;40m▄[0m           [38;2;255;255;255m[48;2;252;251;247m▀[0m[38;2;249;249;244m[48;2;247;246;242m▀[0m[38;2;24;23;23m▄[0m          
              [38;2;47;47;44m[48;2;42;42;40m▀[0m[38;2;43;43;41m[48;2;42;42;40m▀[0m [38;2;8;8;8m▄[0m  [38;2;105;43;36m[48;2;162;64;51m▀[0m[38;2;22;27;24m[48;2;179;71;56m▀[0m[38;2;74;74;67m▄[0m    [38;2;252;251;247m[48;2;249;249;244m▀[0m[38;2;248;247;243m[48;2;251;250;246m▀[0m[38;2;253;253;252m[48;2;249;249;244m▀[0m   [38;2;254;255;252m▄[0m[38;2;247;246;242m▄[0m     
              [38;2;42;43;40m[48;2;41;42;40m▀[0m[38;2;41;42;40m[48;2;42;42;40m▀[0m[38;2;1;1;1m[48;2;43;44;41m▀[0m[38;2;42;42;40m[48;2;45;22;18m▀[0m[38;2;202;77;59m▄[0m[38;2;161;64;52m[48;2;204;78;60m▀[0m[38;2;160;64;51m[48;2;177;65;52m▀[0m[38;2;160;64;51m[48;2;182;71;57m▀[0m[38;2;70;70;63m[48;2;70;70;63m▀[0m[38;2;74;74;67m▄[0m  [38;2;9;9;8m[48;2;94;91;84m▀[0m[38;2;247;246;242m[48;2;248;248;243m▀[0m[38;2;253;251;248m[48;2;248;249;244m▀[0m[38;2;248;247;243m[48;2;251;250;245m▀[0m[38;2;36;35;34m▄[0m[38;2;249;248;244m▄[0m[38;2;251;251;245m[48;2;253;253;249m▀[0m[38;2;249;248;244m[48;2;255;254;251m▀[0m[38;2;255;255;253m▀[0m     
             [38;2;202;75;58m▄[0m[38;2;18;8;7m[48;2;202;77;59m▀[0m[38;2;205;100;84m[48;2;202;77;59m▀[0m[38;2;202;77;59m[48;2;83;87;87m▀[0m[38;2;202;77;59m[48;2;246;245;241m▀[0m[38;2;202;77;59m[48;2;202;77;59m▀[0m[38;2;202;77;59m[48;2;202;77;59m▀[0m[38;2;202;77;59m[48;2;17;6;5m▀[0m[38;2;91;90;82m[48;2;87;86;78m▀[0m[38;2;70;70;63m[48;2;70;70;63m▀[0m[38;2;71;70;64m[48;2;70;70;63m▀[0m  [38;2;71;69;63m[48;2;47;48;44m▀[0m[38;2;251;250;247m[48;2;248;247;242m▀[0m[38;2;248;249;244m[48;2;249;249;244m▀[0m[38;2;255;255;255m[48;2;248;247;243m▀[0m[38;2;253;253;248m[48;2;248;247;243m▀[0m[38;2;252;251;247m[48;2;251;250;246m▀[0m[38;2;255;254;251m[48;2;250;249;245m▀[0m[38;2;254;254;253m▀[0m      
           [38;2;203;90;70m▄[0m[38;2;202;77;59m[48;2;202;76;59m▀[0m[38;2;202;77;59m[48;2;202;78;59m▀[0m[38;2;202;77;59m[48;2;247;246;241m▀[0m[38;2;247;246;242m[48;2;247;246;242m▀[0m[38;2;248;248;244m[48;2;248;249;244m▀[0m[38;2;149;50;37m[48;2;219;222;221m▀[0m[38;2;202;77;59m[48;2;249;248;244m▀[0m[38;2;89;89;81m[48;2;251;250;246m▀[0m[38;2;86;85;77m[48;2;71;70;64m▀[0m[38;2;75;74;68m[48;2;70;70;63m▀[0m[38;2;71;70;64m[48;2;71;70;64m▀[0m[38;2;70;70;63m[48;2;70;70;63m▀[0m [38;2;17;17;15m[48;2;72;71;64m▀[0m[38;2;255;255;254m[48;2;247;246;242m▀[0m[38;2;247;246;242m[48;2;249;250;245m▀[0m[38;2;248;247;243m[48;2;252;250;245m▀[0m[38;2;248;248;243m[48;2;255;254;251m▀[0m[38;2;252;250;246m[48;2;252;251;247m▀[0m[38;2;251;250;246m▀[0m        
          [38;2;85;84;83m[48;2;42;30;30m▀[0m[38;2;206;104;86m[48;2;203;89;69m▀[0m[38;2;206;102;85m[48;2;202;84;65m▀[0m[38;2;232;233;232m[48;2;251;250;246m▀[0m[38;2;248;248;244m[48;2;26;40;45m▀[0m[38;2;69;168;212m[48;2;63;63;56m▀[0m[38;2;249;249;245m[48;2;110;185;226m▀[0m[38;2;253;252;248m[48;2;248;247;242m▀[0m[38;2;249;249;244m[48;2;248;248;243m▀[0m[38;2;254;251;247m[48;2;250;250;244m▀[0m[38;2;69;70;63m[48;2;75;74;67m▀[0m[38;2;71;70;64m[48;2;71;70;64m▀[0m[38;2;71;70;64m[48;2;71;70;64m▀[0m[38;2;71;70;64m[48;2;71;71;64m▀[0m[38;2;82;81;74m▄[0m[38;2;71;70;63m[48;2;252;252;248m▀[0m[38;2;251;251;247m[48;2;249;249;244m▀[0m[38;2;248;247;243m[48;2;252;251;247m▀[0m[38;2;251;251;247m[48;2;249;249;245m▀[0m[38;2;249;249;244m[48;2;191;178;177m▀[0m[38;2;16;14;14m[48;2;189;176;174m▀[0m[38;2;189;176;174m[48;2;191;178;176m▀[0m[38;2;193;180;179m[48;2;192;179;177m▀[0m[38;2;194;181;179m[48;2;198;186;185m▀[0m      
        [38;2;1;1;1m▄[0m[38;2;171;169;173m▄[0m[38;2;77;16;11m[48;2;168;166;171m▀[0m[38;2;133;141;145m[48;2;168;166;171m▀[0m[38;2;200;76;59m[48;2;167;164;170m▀[0m[38;2;249;250;245m[48;2;249;249;245m▀[0m[38;2;68;68;61m[48;2;70;70;63m▀[0m[38;2;68;68;61m[48;2;68;68;61m▀[0m[38;2;89;178;225m[48;2;71;173;224m▀[0m[38;2;248;247;242m[48;2;249;248;243m▀[0m[38;2;247;246;242m[48;2;20;21;18m▀[0m[38;2;250;249;245m[48;2;80;80;72m▀[0m[38;2;71;70;64m[48;2;70;70;63m▀[0m[38;2;70;70;63m[48;2;52;53;49m▀[0m[38;2;71;71;64m[48;2;41;42;40m▀[0m[38;2;47;48;45m[48;2;77;77;69m▀[0m[38;2;81;81;73m[48;2;250;249;245m▀[0m[38;2;251;250;245m[48;2;205;195;192m▀[0m[38;2;247;248;244m[48;2;190;177;175m▀[0m[38;2;231;226;223m[48;2;186;174;172m▀[0m[38;2;189;176;174m[48;2;188;175;173m▀[0m[38;2;189;176;174m[48;2;189;176;174m▀[0m[38;2;190;177;175m[48;2;188;175;173m▀[0m[38;2;192;179;178m[48;2;88;82;81m▀[0m[38;2;198;185;183m▀[0m       
    [38;2;0;0;0m▄[0m[38;2;73;72;66m▄[0m[38;2;0;0;0m[48;2;73;72;66m▀[0m[38;2;82;81;74m[48;2;57;57;52m▀[0m[38;2;185;183;189m[48;2;54;53;54m▀[0m[38;2;168;166;171m[48;2;3;2;3m▀[0m[38;2;168;166;171m▀[0m[38;2;168;166;171m[48;2;191;178;176m▀[0m[38;2;188;185;192m[48;2;190;177;175m▀[0m[38;2;251;250;245m[48;2;190;176;175m▀[0m[38;2;247;247;243m[48;2;191;179;177m▀[0m[38;2;8;7;5m[48;2;188;175;174m▀[0m[38;2;54;135;163m[48;2;188;174;172m▀[0m[38;2;250;249;244m[48;2;189;176;174m▀[0m[38;2;70;69;62m[48;2;48;44;43m▀[0m[38;2;52;53;49m[48;2;41;42;40m▀[0m[38;2;41;42;40m[48;2;42;43;40m▀[0m[38;2;42;42;40m▀[0m[38;2;45;45;42m▄[0m[38;2;59;59;54m[48;2;188;176;174m▀[0m[38;2;189;176;174m[48;2;189;176;174m▀[0m[38;2;190;177;175m[48;2;187;174;172m▀[0m[38;2;188;175;173m[48;2;185;171;169m▀[0m[38;2;186;174;172m[48;2;12;11;11m▀[0m[38;2;186;173;171m▀[0m[38;2;220;206;204m▀[0m          
              [38;2;27;25;25m▀[0m[38;2;163;154;153m▀[0m[38;2;189;177;174m▀[0m[38;2;127;120;118m▀[0m[38;2;221;209;206m[48;2;1;1;1m▀[0m[38;2;189;176;174m[48;2;189;177;174m▀[0m[38;2;48;48;45m[48;2;191;178;177m▀[0m[38;2;14;14;14m[48;2;15;15;14m▀[0m[38;2;37;35;34m[48;2;211;197;196m▀[0m[38;2;189;176;174m[48;2;188;175;173m▀[0m[38;2;189;176;174m[48;2;186;173;171m▀[0m[38;2;186;174;172m[48;2;193;182;179m▀[0m[38;2;186;173;171m[48;2;2;1;1m▀[0m[38;2;190;177;175m▀[0m[38;2;13;12;12m▀[0m           
                  [38;2;255;255;253m[48;2;251;251;247m▀[0m[38;2;245;242;239m[48;2;250;249;245m▀[0m[38;2;253;252;248m[48;2;248;248;244m▀[0m[38;2;249;250;245m[48;2;85;84;76m▀[0m[38;2;250;250;244m[48;2;70;70;63m▀[0m[38;2;45;45;42m[48;2;70;70;63m▀[0m[38;2;52;52;47m[48;2;70;70;63m▀[0m[38;2;83;82;75m▄[0m      [38;2;20;20;18m▄[0m       
             [38;2;143;140;144m▄[0m     [38;2;204;201;201m[48;2;0;0;0m▀[0m[38;2;254;254;248m[48;2;69;69;62m▀[0m[38;2;72;71;65m[48;2;70;70;63m▀[0m[38;2;70;70;63m[48;2;70;70;63m▀[0m[38;2;71;70;64m[48;2;70;70;63m▀[0m[38;2;70;70;63m[48;2;72;71;65m▀[0m[38;2;71;70;64m[48;2;71;70;64m▀[0m[38;2;85;85;77m[48;2;71;70;64m▀[0m[38;2;0;0;0m▄[0m[38;2;84;84;76m▄[0m[38;2;70;70;63m▄[0m[38;2;72;71;65m[48;2;70;70;63m▀[0m[38;2;75;74;67m[48;2;70;70;63m▀[0m[38;2;77;76;69m[48;2;71;70;64m▀[0m[38;2;71;70;64m[48;2;70;70;63m▀[0m[38;2;71;70;64m[48;2;73;72;66m▀[0m[38;2;0;0;0m▄[0m    
            [38;2;0;0;0m▀[0m [38;2;0;0;0m[48;2;92;88;90m▀[0m[38;2;109;104;107m[48;2;108;103;106m▀[0m[38;2;124;118;121m▄[0m[38;2;124;118;121m▄[0m[38;2;107;102;105m▄[0m[38;2;11;11;10m[48;2;107;102;105m▀[0m[38;2;192;189;196m[48;2;130;124;127m▀[0m[38;2;70;70;63m[48;2;47;47;44m▀[0m[38;2;70;70;63m[48;2;30;31;28m▀[0m[38;2;70;70;63m[48;2;70;70;63m▀[0m[38;2;70;70;63m[48;2;70;70;63m▀[0m[38;2;71;70;64m[48;2;51;51;47m▀[0m[38;2;70;70;63m▀[0m[38;2;64;63;57m▀[0m[38;2;42;43;39m▀[0m[38;2;70;70;63m▀[0m[38;2;73;72;66m▀[0m[38;2;81;81;73m▀[0m[38;2;11;11;10m▀[0m       
                 [38;2;109;104;107m[48;2;116;111;114m▀[0m[38;2;111;106;109m▄[0m [38;2;106;101;104m▀[0m[38;2;128;123;126m[48;2;119;114;117m▀[0m[38;2;166;165;169m▀[0m[38;2;146;145;149m▀[0m[38;2;70;69;63m▀[0m               
                 [38;2;0;0;0m▀[0m  [38;2;0;0;0m▀[0m [38;2;90;89;91m▀[0m                 
                                        
                                        
                                        
