                                        
                                        
                           [38;2;58;57;56m▄[0m            
               [38;2;42;43;40m▄[0m           [38;2;255;255;255m[48;2;255;255;254m▀[0m[38;2;249;249;244m[48;2;247;246;242m▀[0m[38;2;35;34;34m▄[0m          
              [38;2;43;43;40m[48;2;42;42;40m▀[0m[38;2;43;43;41m[48;2;41;42;40m▀[0m [38;2;11;12;11m▄[0m  [38;2;103;33;52m[48;2;165;47;90m▀[0m[38;2;31;33;28m[48;2;181;51;98m▀[0m[38;2;65;66;59m▄[0m    [38;2;255;255;255m[48;2;255;255;251m▀[0m[38;2;249;248;244m[48;2;252;250;246m▀[0m[38;2;252;252;251m[48;2;248;248;244m▀[0m   [38;2;252;252;251m▄[0m[38;2;247;246;242m▄[0m     
              [38;2;41;43;40m[48;2;41;42;40m▀[0m[38;2;41;42;40m[48;2;42;42;40m▀[0m[38;2;3;3;3m[48;2;45;46;42m▀[0m[38;2;42;42;40m[48;2;69;27;34m▀[0m[38;2;206;55;108m▄[0m[38;2;165;48;91m[48;2;207;55;108m▀[0m[38;2;164;47;89m[48;2;181;48;97m▀[0m[38;2;163;47;88m[48;2;183;53;100m▀[0m[38;2;70;70;63m[48;2;70;70;63m▀[0m[38;2;72;71;65m▄[0m  [38;2;17;17;16m[48;2;90;89;81m▀[0m[38;2;247;245;241m[48;2;248;247;243m▀[0m[38;2;252;251;248m[48;2;248;249;244m▀[0m[38;2;248;247;243m[48;2;250;249;245m▀[0m[38;2;60;59;58m▄[0m[38;2;248;247;243m▄[0m[38;2;251;250;245m[48;2;253;253;249m▀[0m[38;2;249;248;244m[48;2;255;254;251m▀[0m[38;2;253;253;251m▀[0m     
             [38;2;206;54;107m▄[0m[38;2;45;19;23m[48;2;206;55;108m▀[0m[38;2;210;80;123m[48;2;206;55;108m▀[0m[38;2;206;55;107m[48;2;106;106;106m▀[0m[38;2;206;55;108m[48;2;247;245;241m▀[0m[38;2;206;55;108m[48;2;206;55;108m▀[0m[38;2;206;55;108m[48;2;206;55;108m▀[0m[38;2;206;55;108m[48;2;37;15;21m▀[0m[38;2;88;87;80m[48;2;86;85;78m▀[0m[38;2;70;70;63m[48;2;70;70;63m▀[0m[38;2;71;70;64m[48;2;70;70;63m▀[0m  [38;2;72;70;64m[48;2;47;49;45m▀[0m[38;2;251;250;247m[48;2;248;247;242m▀[0m[38;2;248;248;244m[48;2;249;249;244m▀[0m[38;2;237;237;236m[48;2;248;247;243m▀[0m[38;2;253;253;248m[48;2;248;247;243m▀[0m[38;2;251;251;247m[48;2;252;250;246m▀[0m[38;2;255;254;251m[48;2;250;249;245m▀[0m[38;2;247;246;246m▀[0m      
           [38;2;207;66;112m▄[0m[38;2;206;55;108m[48;2;206;55;108m▀[0m[38;2;206;55;108m[48;2;206;55;107m▀[0m[38;2;206;54;108m[48;2;246;245;241m▀[0m[38;2;247;246;242m[48;2;247;246;242m▀[0m[38;2;248;248;244m[48;2;248;248;244m▀[0m[38;2;141;33;69m[48;2;202;205;205m▀[0m[38;2;204;54;106m[48;2;249;248;244m▀[0m[38;2;87;89;81m[48;2;250;249;244m▀[0m[38;2;85;85;77m[48;2;71;70;64m▀[0m[38;2;74;74;68m[48;2;70;70;63m▀[0m[38;2;71;70;64m[48;2;71;70;64m▀[0m[38;2;70;70;63m[48;2;70;70;63m▀[0m [38;2;24;24;22m[48;2;71;70;64m▀[0m[38;2;242;242;240m[48;2;248;247;242m▀[0m[38;2;247;246;242m[48;2;250;250;245m▀[0m[38;2;248;247;242m[48;2;251;250;245m▀[0m[38;2;248;248;244m[48;2;254;254;250m▀[0m[38;2;252;250;246m[48;2;252;251;247m▀[0m[38;2;251;250;246m▀[0m        
          [38;2;92;90;90m[48;2;69;49;59m▀[0m[38;2;210;83;125m[48;2;207;64;111m▀[0m[38;2;210;81;123m[48;2;205;63;110m▀[0m[38;2;222;224;223m[48;2;250;250;245m▀[0m[38;2;248;248;244m[48;2;38;56;35m▀[0m[38;2;64;165;52m[48;2;65;65;57m▀[0m[38;2;249;248;245m[48;2;95;185;90m▀[0m[38;2;253;252;248m[48;2;247;246;242m▀[0m[38;2;249;250;244m[48;2;248;247;243m▀[0m[38;2;253;251;247m[48;2;250;249;244m▀[0m[38;2;69;70;63m[48;2;78;77;71m▀[0m[38;2;71;70;64m[48;2;71;70;64m▀[0m[38;2;71;70;64m[48;2;71;70;64m▀[0m[38;2;71;70;64m[48;2;72;70;64m▀[0m[38;2;81;81;73m▄[0m[38;2;63;63;57m[48;2;252;251;248m▀[0m[38;2;251;250;247m[48;2;249;249;244m▀[0m[38;2;249;248;244m[48;2;252;251;247m▀[0m[38;2;250;250;246m[48;2;250;248;244m▀[0m[38;2;249;248;244m[48;2;191;178;177m▀[0m[38;2;31;28;28m[48;2;189;176;173m▀[0m[38;2;190;176;174m[48;2;190;177;176m▀[0m[38;2;193;180;179m[48;2;192;179;177m▀[0m[38;2;193;181;179m[48;2;188;175;175m▀[0m      
        [38;2;5;5;5m▄[0m[38;2;170;169;173m▄[0m[38;2;78;24;19m[48;2;168;166;171m▀[0m[38;2;119;125;130m[48;2;168;166;171m▀[0m[38;2;219;60;118m[48;2;173;170;176m▀[0m[38;2;249;249;245m[48;2;249;249;245m▀[0m[38;2;69;69;62m[48;2;67;67;61m▀[0m[38;2;68;68;61m[48;2;68;68;61m▀[0m[38;2;79;184;72m[48;2;67;185;58m▀[0m[38;2;247;246;241m[48;2;248;247;243m▀[0m[38;2;247;246;242m[48;2;30;29;26m▀[0m[38;2;250;250;245m[48;2;75;75;67m▀[0m[38;2;69;69;62m[48;2;70;70;63m▀[0m[38;2;70;70;63m[48;2;52;54;50m▀[0m[38;2;71;70;63m[48;2;41;42;40m▀[0m[38;2;47;48;45m[48;2;75;74;67m▀[0m[38;2;77;77;70m[48;2;252;251;246m▀[0m[38;2;251;250;246m[48;2;208;198;195m▀[0m[38;2;248;249;244m[48;2;189;177;175m▀[0m[38;2;230;224;221m[48;2;186;174;172m▀[0m[38;2;189;176;174m[48;2;188;175;173m▀[0m[38;2;189;176;174m[48;2;189;176;174m▀[0m[38;2;190;177;175m[48;2;188;175;173m▀[0m[38;2;192;179;178m[48;2;96;90;88m▀[0m[38;2;199;186;184m▀[0m       
    [38;2;0;0;0m▄[0m[38;2;73;72;66m▄[0m[38;2;2;2;2m[48;2;72;71;65m▀[0m[38;2;82;81;73m[48;2;54;54;50m▀[0m[38;2;185;182;188m[48;2;54;53;54m▀[0m[38;2;168;166;171m[48;2;5;5;5m▀[0m[38;2;168;166;171m▀[0m[38;2;168;166;171m[48;2;175;164;162m▀[0m[38;2;180;176;183m[48;2;190;177;175m▀[0m[38;2;251;250;245m[48;2;190;177;175m▀[0m[38;2;246;246;242m[48;2;192;179;177m▀[0m[38;2;21;26;23m[48;2;189;176;174m▀[0m[38;2;51;125;51m[48;2;188;175;172m▀[0m[38;2;249;249;244m[48;2;189;176;173m▀[0m[38;2;69;69;62m[48;2;72;67;66m▀[0m[38;2;52;53;49m[48;2;41;42;40m▀[0m[38;2;41;42;40m[48;2;42;43;40m▀[0m[38;2;42;42;40m▀[0m[38;2;44;45;41m▄[0m[38;2;57;58;53m[48;2;188;175;174m▀[0m[38;2;189;176;174m[48;2;189;176;174m▀[0m[38;2;190;177;174m[48;2;188;174;172m▀[0m[38;2;188;175;173m[48;2;188;174;172m▀[0m[38;2;186;173;172m[48;2;17;16;16m▀[0m[38;2;186;173;171m▀[0m[38;2;195;182;180m▀[0m          
              [38;2;39;37;36m▀[0m[38;2;149;141;140m▀[0m[38;2;168;157;154m▀[0m[38;2;125;119;117m▀[0m[38;2;198;186;184m[48;2;1;1;1m▀[0m[38;2;189;176;174m[48;2;189;177;174m▀[0m[38;2;46;46;43m[48;2;191;178;176m▀[0m[38;2;18;18;17m[48;2;23;21;21m▀[0m[38;2;55;52;51m[48;2;204;191;189m▀[0m[38;2;189;175;173m[48;2;188;175;173m▀[0m[38;2;189;175;173m[48;2;186;174;171m▀[0m[38;2;186;174;172m[48;2;193;182;180m▀[0m[38;2;186;174;172m[48;2;14;13;11m▀[0m[38;2;190;177;175m▀[0m[38;2;24;22;23m▀[0m           
                  [38;2;255;255;253m[48;2;250;250;247m▀[0m[38;2;244;241;238m[48;2;250;249;246m▀[0m[38;2;253;252;248m[48;2;249;248;245m▀[0m[38;2;249;250;245m[48;2;79;78;70m▀[0m[38;2;250;249;244m[48;2;70;69;63m▀[0m[38;2;45;45;42m[48;2;70;70;63m▀[0m[38;2;51;50;46m[48;2;70;70;63m▀[0m[38;2;84;84;76m▄[0m      [38;2;27;27;25m▄[0m       
             [38;2;131;127;131m▄[0m     [38;2;179;177;177m[48;2;2;2;2m▀[0m[38;2;255;255;255m[48;2;72;71;64m▀[0m[38;2;72;71;65m[48;2;70;70;63m▀[0m[38;2;70;70;63m[48;2;70;70;63m▀[0m[38;2;71;70;64m[48;2;70;70;63m▀[0m[38;2;70;70;63m[48;2;72;71;65m▀[0m[38;2;71;70;64m[48;2;71;70;64m▀[0m[38;2;85;85;78m[48;2;71;70;64m▀[0m[38;2;0;0;0m▄[0m[38;2;74;73;67m▄[0m[38;2;70;70;63m▄[0m[38;2;73;72;66m[48;2;70;70;63m▀[0m[38;2;75;74;67m[48;2;70;70;63m▀[0m[38;2;76;75;69m[48;2;72;70;65m▀[0m[38;2;71;70;64m[48;2;70;70;63m▀[0m[38;2;71;70;64m[48;2;72;72;65m▀[0m[38;2;0;0;0m▄[0m    
              [38;2;0;0;1m[48;2;84;81;82m▀[0m[38;2;107;103;106m[48;2;108;103;106m▀[0m[38;2;125;120;122m▄[0m[38;2;119;114;118m▄[0m[38;2;109;104;107m▄[0m[38;2;26;26;26m[48;2;106;101;104m▀[0m[38;2;176;173;179m[48;2;117;112;115m▀[0m[38;2;69;69;62m[48;2;44;44;42m▀[0m[38;2;71;71;64m[48;2;27;28;26m▀[0m[38;2;70;70;63m[48;2;70;70;63m▀[0m[38;2;70;70;63m[48;2;70;70;63m▀[0m[38;2;71;70;64m[48;2;40;41;39m▀[0m[38;2;70;70;63m▀[0m[38;2;66;66;59m▀[0m[38;2;43;44;42m▀[0m[38;2;72;72;65m▀[0m[38;2;77;76;69m▀[0m[38;2;73;72;65m▀[0m[38;2;19;19;17m▀[0m       
                 [38;2;109;104;107m[48;2;116;111;115m▀[0m[38;2;115;109;113m▄[0m [38;2;91;85;89m▀[0m[38;2;119;113;116m[48;2;111;106;109m▀[0m[38;2;154;152;157m▀[0m[38;2;133;131;136m▀[0m[38;2;70;69;63m▀[0m               
                 [38;2;4;2;4m▀[0m  [38;2;0;0;0m▀[0m [38;2;95;94;97m▀[0m                 
                                        
                                        
                                        
