                                        
                                        
                                        
                                        
         [38;2;55;55;50m▄[0m[38;2;38;39;35m▄[0m[38;2;74;74;66m▄[0m[38;2;195;81;168m▄[0m[38;2;194;81;166m▄[0m[38;2;166;88;184m▄[0m[38;2;153;98;182m▄[0m[38;2;51;31;60m▄[0m  [38;2;253;253;253m▄[0m[38;2;206;185;83m▄[0m[38;2;231;208;109m▄[0m[38;2;67;63;56m▄[0m[38;2;93;89;80m▄[0m[38;2;93;88;80m▄[0m[38;2;92;88;79m▄[0m[38;2;91;87;78m▄[0m             
            [38;2;198;83;170m▀[0m[38;2;195;81;167m▀[0m[38;2;164;72;141m[48;2;57;32;70m▀[0m[38;2;159;86;201m[48;2;108;66;148m▀[0m[38;2;153;82;196m[48;2;125;72;166m▀[0m[38;2;153;82;196m[48;2;120;66;152m▀[0m[38;2;157;91;198m[48;2;152;81;195m▀[0m[38;2;236;236;234m[48;2;254;254;250m▀[0m[38;2;73;67;56m[48;2;82;184;84m▀[0m[38;2;151;144;138m[48;2;250;251;246m▀[0m[38;2;255;255;252m[48;2;255;255;251m▀[0m[38;2;82;80;72m[48;2;71;71;64m▀[0m[38;2;94;89;79m[48;2;71;71;64m▀[0m[38;2;71;71;64m[48;2;71;71;64m▀[0m[38;2;71;71;64m[48;2;71;71;64m▀[0m[38;2;71;71;64m[48;2;71;71;64m▀[0m[38;2;70;70;63m[48;2;71;71;64m▀[0m[38;2;72;72;64m[48;2;71;71;64m▀[0m[38;2;71;71;64m▄[0m[38;2;71;71;64m▄[0m        
     [38;2;208;208;207m▄[0m           [38;2;117;71;160m▀[0m[38;2;104;65;143m▀[0m[38;2;191;178;177m[48;2;196;183;182m▀[0m[38;2;211;201;200m[48;2;192;179;178m▀[0m[38;2;253;254;250m[48;2;44;45;42m▀[0m[38;2;62;62;55m[48;2;43;44;41m▀[0m[38;2;71;71;64m[48;2;43;42;40m▀[0m[38;2;71;71;64m[48;2;62;61;55m▀[0m[38;2;72;71;64m[48;2;70;71;64m▀[0m[38;2;71;71;63m[48;2;71;71;64m▀[0m[38;2;71;71;64m[48;2;71;71;64m▀[0m[38;2;29;29;28m[48;2;71;71;64m▀[0m[38;2;32;32;29m▀[0m[38;2;19;20;19m▀[0m         
     [38;2;140;140;138m▀[0m[38;2;252;252;248m[48;2;251;251;248m▀[0m[38;2;180;180;180m▄[0m           [38;2;201;187;184m▀[0m[38;2;188;176;174m[48;2;154;77;130m▀[0m[38;2;24;23;23m[48;2;212;197;195m▀[0m[38;2;43;43;41m[48;2;154;77;130m▀[0m[38;2;43;43;40m▀[0m[38;2;44;44;41m▀[0m[38;2;25;26;24m▀[0m[38;2;44;44;42m▀[0m             
      [38;2;249;249;247m▀[0m[38;2;255;255;252m[48;2;251;251;247m▀[0m[38;2;50;48;44m[48;2;252;252;248m▀[0m[38;2;78;76;68m▄[0m          [38;2;192;85;154m[48;2;250;250;246m▀[0m[38;2;200;87;158m[48;2;207;86;164m▀[0m[38;2;182;82;146m[48;2;249;248;243m▀[0m[38;2;66;43;59m[48;2;71;71;64m▀[0m[38;2;70;70;63m▄[0m[38;2;97;93;84m▄[0m              
        [38;2;255;255;251m▀[0m[38;2;252;252;248m[48;2;255;255;253m▀[0m[38;2;61;60;54m[48;2;252;252;248m▀[0m[38;2;11;11;11m[48;2;208;206;207m▀[0m[38;2;69;69;62m▄[0m[38;2;76;75;69m▄[0m[38;2;14;14;13m▄[0m[38;2;1;1;1m▄[0m[38;2;43;44;41m▄[0m[38;2;25;25;24m▄[0m[38;2;43;44;41m[48;2;191;177;177m▀[0m[38;2;24;25;23m[48;2;136;126;122m▀[0m[38;2;251;250;246m[48;2;239;211;82m▀[0m[38;2;249;250;246m[48;2;251;248;240m▀[0m[38;2;84;84;81m[48;2;51;49;45m▀[0m[38;2;71;71;64m[48;2;71;71;64m▀[0m[38;2;93;88;79m[48;2;71;71;64m▀[0m[38;2;91;86;77m[48;2;71;71;64m▀[0m[38;2;92;87;78m[48;2;90;86;78m▀[0m[38;2;89;86;77m▄[0m[38;2;26;25;24m▄[0m   [38;2;93;88;80m▄[0m[38;2;33;32;28m[48;2;92;88;79m▀[0m[38;2;92;87;78m[48;2;87;84;76m▀[0m[38;2;100;95;85m▀[0m    
    [38;2;255;255;252m▀[0m[38;2;250;251;246m[48;2;140;139;138m▀[0m[38;2;250;250;246m[48;2;250;249;246m▀[0m[38;2;252;253;249m[48;2;250;250;246m▀[0m[38;2;250;250;246m[48;2;254;255;250m▀[0m[38;2;254;254;249m[48;2;252;252;249m▀[0m[38;2;252;253;248m[48;2;252;253;248m▀[0m[38;2;253;253;250m[48;2;250;250;246m▀[0m[38;2;254;255;250m[48;2;254;254;250m▀[0m[38;2;250;251;246m[48;2;252;251;247m▀[0m[38;2;198;199;199m[48;2;253;253;249m▀[0m[38;2;184;183;182m[48;2;251;251;247m▀[0m[38;2;194;181;180m[48;2;255;255;251m▀[0m[38;2;192;178;178m[48;2;189;177;174m▀[0m[38;2;194;181;180m[48;2;193;179;178m▀[0m[38;2;185;167;75m[48;2;178;162;95m▀[0m[38;2;240;211;75m[48;2;240;211;75m▀[0m[38;2;240;211;76m[48;2;240;211;76m▀[0m[38;2;162;147;76m[48;2;103;94;55m▀[0m[38;2;71;71;64m[48;2;71;71;64m▀[0m[38;2;71;71;64m[48;2;71;71;64m▀[0m[38;2;71;71;64m[48;2;71;71;64m▀[0m[38;2;71;71;64m[48;2;71;71;64m▀[0m[38;2;71;71;64m[48;2;71;71;64m▀[0m[38;2;71;71;64m[48;2;71;71;64m▀[0m[38;2;71;71;64m▄[0m [38;2;29;28;24m[48;2;71;71;63m▀[0m[38;2;71;71;64m[48;2;72;72;64m▀[0m[38;2;71;70;63m▀[0m      
        [38;2;254;255;250m▄[0m[38;2;90;90;89m[48;2;250;250;246m▀[0m[38;2;250;250;247m[48;2;252;252;248m▀[0m[38;2;255;255;252m[48;2;254;255;251m▀[0m[38;2;250;250;246m[48;2;255;255;250m▀[0m[38;2;250;251;247m[48;2;248;247;245m▀[0m[38;2;251;252;247m[48;2;253;253;249m▀[0m[38;2;255;255;251m[48;2;254;254;250m▀[0m[38;2;253;254;249m[48;2;243;240;237m▀[0m[38;2;190;177;176m[48;2;193;179;178m▀[0m[38;2;192;179;177m[48;2;191;178;177m▀[0m[38;2;3;3;3m▀[0m[38;2;71;71;64m[48;2;71;71;64m▀[0m[38;2;71;71;64m[48;2;71;71;64m▀[0m[38;2;71;71;64m[48;2;72;71;64m▀[0m[38;2;63;62;56m[48;2;71;71;64m▀[0m[38;2;71;71;64m[48;2;80;79;71m▀[0m[38;2;71;71;64m[48;2;71;71;64m▀[0m[38;2;71;71;64m[48;2;71;71;64m▀[0m[38;2;71;71;64m[48;2;71;71;64m▀[0m[38;2;71;71;64m[48;2;71;71;64m▀[0m[38;2;71;71;64m[48;2;71;71;64m▀[0m[38;2;70;70;64m[48;2;71;71;64m▀[0m[38;2;27;28;27m[48;2;71;71;64m▀[0m[38;2;71;71;64m[48;2;72;71;64m▀[0m[38;2;71;70;64m[48;2;35;35;33m▀[0m[38;2;53;53;50m▀[0m     
      [38;2;193;192;192m▀[0m[38;2;250;250;246m▀[0m[38;2;253;254;250m▀[0m[38;2;250;250;246m▀[0m[38;2;250;250;248m▀[0m[38;2;255;255;252m▄[0m[38;2;250;250;246m[48;2;251;252;247m▀[0m[38;2;250;250;246m[48;2;254;254;250m▀[0m[38;2;251;251;247m[48;2;252;253;250m▀[0m[38;2;250;250;246m▀[0m[38;2;198;185;183m[48;2;193;180;179m▀[0m[38;2;192;178;177m▀[0m   [38;2;71;71;64m▀[0m[38;2;71;71;64m[48;2;42;43;40m▀[0m[38;2;71;71;63m[48;2;42;43;40m▀[0m[38;2;71;70;64m[48;2;43;44;41m▀[0m[38;2;40;40;38m[48;2;43;44;41m▀[0m[38;2;69;68;62m[48;2;43;44;41m▀[0m[38;2;72;71;64m[48;2;42;43;40m▀[0m[38;2;71;71;64m[48;2;46;46;43m▀[0m[38;2;71;71;64m[48;2;31;32;28m▀[0m[38;2;57;56;51m▀[0m[38;2;40;40;38m▀[0m        
          [38;2;143;141;139m▀[0m[38;2;255;255;252m▀[0m[38;2;247;247;246m▀[0m         [38;2;30;30;28m▀[0m[38;2;44;43;41m[48;2;42;43;40m▀[0m[38;2;42;43;41m[48;2;43;44;40m▀[0m[38;2;43;44;41m▀[0m[38;2;44;43;41m[48;2;43;43;41m▀[0m[38;2;43;43;41m[48;2;43;43;40m▀[0m            
                       [38;2;47;120;129m▄[0m[38;2;28;38;40m▀[0m  [38;2;51;140;148m▀[0m            
                  [38;2;43;91;97m▄[0m[38;2;48;119;120m▄[0m[38;2;39;92;95m▄[0m[38;2;53;140;148m▄[0m[38;2;10;12;16m[48;2;44;108;112m▀[0m [38;2;50;135;140m▄[0m[38;2;29;51;54m▀[0m              
                  [38;2;29;77;80m▀[0m [38;2;75;179;191m▀[0m [38;2;77;183;194m▀[0m[38;2;48;122;125m▀[0m[38;2;45;110;115m▀[0m[38;2;50;120;127m▀[0m[38;2;50;136;142m▀[0m             
                                        
                                        
                                        
