                                        
                                        
                                        
                                        
                                        
        [38;2;241;172;212m▄[0m[38;2;250;182;233m▄[0m[38;2;204;132;173m▄[0m                             
    [38;2;210;152;131m▄[0m[38;2;195;141;121m[48;2;183;106;110m▀[0m[38;2;241;172;222m[48;2;240;166;220m▀[0m[38;2;240;166;220m[48;2;240;166;220m▀[0m[38;2;240;166;220m[48;2;240;164;219m▀[0m[38;2;240;166;220m[48;2;240;164;219m▀[0m[38;2;246;227;240m[48;2;240;166;220m▀[0m[38;2;240;167;220m[48;2;240;164;220m▀[0m[38;2;188;135;117m[48;2;95;66;62m▀[0m[38;2;130;95;80m[48;2;234;140;142m▀[0m[38;2;38;28;25m▄[0m                         
    [38;2;151;90;94m[48;2;132;89;82m▀[0m[38;2;176;111;115m[48;2;191;138;119m▀[0m[38;2;125;78;86m[48;2;194;139;120m▀[0m[38;2;240;166;220m[48;2;240;165;220m▀[0m[38;2;240;166;220m[48;2;176;87;131m▀[0m[38;2;240;165;220m[48;2;240;164;219m▀[0m[38;2;240;166;220m[48;2;240;165;220m▀[0m[38;2;240;165;219m[48;2;191;138;120m▀[0m[38;2;190;136;118m[48;2;190;137;118m▀[0m[38;2;236;140;143m[48;2;189;136;117m▀[0m[38;2;120;85;74m▀[0m                         
     [38;2;191;137;118m[48;2;159;105;95m▀[0m[38;2;189;136;117m[48;2;191;137;118m▀[0m[38;2;251;250;250m[48;2;72;67;61m▀[0m[38;2;247;218;241m[48;2;135;84;87m▀[0m[38;2;237;192;226m[48;2;238;142;145m▀[0m[38;2;196;140;136m[48;2;192;137;119m▀[0m[38;2;39;40;38m[48;2;52;39;33m▀[0m[38;2;190;137;118m[48;2;191;137;118m▀[0m[38;2;195;143;125m▄[0m                   [38;2;245;177;224m▄[0m[38;2;210;125;162m[48;2;240;183;227m▀[0m [38;2;110;58;75m[48;2;154;74;111m▀[0m   
     [38;2;144;98;89m▀[0m[38;2;202;146;125m[48;2;107;109;110m▀[0m[38;2;176;181;182m[48;2;116;115;113m▀[0m[38;2;154;153;152m[48;2;207;210;211m▀[0m[38;2;255;255;255m[48;2;110;111;111m▀[0m[38;2;255;255;255m[48;2;193;197;199m▀[0m[38;2;53;54;53m[48;2;241;242;242m▀[0m[38;2;144;96;86m[48;2;40;26;25m▀[0m[38;2;189;137;118m[48;2;191;137;118m▀[0m[38;2;195;141;122m▄[0m[38;2;161;117;101m▄[0m  [38;2;251;174;230m▄[0m[38;2;107;70;73m▄[0m[38;2;97;69;83m[48;2;189;137;118m▀[0m[38;2;146;84;123m[48;2;190;137;118m▀[0m[38;2;191;137;118m▄[0m[38;2;184;111;135m▄[0m         [38;2;181;107;132m▀[0m[38;2;240;167;221m[48;2;240;168;221m▀[0m[38;2;240;166;220m[48;2;240;167;220m▀[0m[38;2;165;81;126m[48;2;44;38;46m▀[0m   
       [38;2;73;52;49m▀[0m[38;2;193;105;162m[48;2;100;72;69m▀[0m[38;2;216;124;189m[48;2;175;101;157m▀[0m[38;2;105;50;85m[48;2;195;109;172m▀[0m[38;2;175;101;158m[48;2;235;134;208m▀[0m[38;2;190;137;118m[48;2;190;137;118m▀[0m[38;2;191;137;118m[48;2;190;137;118m▀[0m[38;2;190;137;118m[48;2;190;137;118m▀[0m[38;2;191;137;118m[48;2;192;137;118m▀[0m[38;2;196;141;122m[48;2;191;137;118m▀[0m[38;2;192;137;118m[48;2;192;138;119m▀[0m[38;2;190;137;118m[48;2;190;137;118m▀[0m[38;2;190;137;118m[48;2;190;137;118m▀[0m[38;2;190;137;118m[48;2;190;137;118m▀[0m[38;2;191;137;118m[48;2;191;137;118m▀[0m[38;2;191;137;118m[48;2;190;137;118m▀[0m[38;2;191;137;118m[48;2;192;138;119m▀[0m[38;2;153;109;101m[48;2;190;137;118m▀[0m[38;2;142;82;103m▄[0m       [38;2;181;107;142m▄[0m[38;2;240;168;221m[48;2;240;166;220m▀[0m[38;2;240;167;220m[48;2;239;162;219m▀[0m    
        [38;2;109;79;74m▀[0m[38;2;236;130;204m[48;2;81;53;53m▀[0m[38;2;230;129;201m[48;2;237;134;209m▀[0m[38;2;236;130;201m[48;2;236;130;204m▀[0m[38;2;191;138;119m[48;2;191;138;119m▀[0m[38;2;190;137;118m[48;2;190;137;118m▀[0m[38;2;191;137;118m[48;2;201;144;124m▀[0m[38;2;191;137;118m[48;2;190;137;118m▀[0m[38;2;190;137;118m[48;2;190;137;118m▀[0m[38;2;191;138;119m[48;2;191;138;119m▀[0m[38;2;191;137;119m[48;2;190;137;118m▀[0m[38;2;191;137;118m[48;2;191;138;118m▀[0m[38;2;192;138;119m[48;2;192;138;119m▀[0m[38;2;191;137;118m[48;2;191;138;119m▀[0m[38;2;191;138;119m[48;2;192;139;120m▀[0m[38;2;191;137;118m[48;2;192;138;119m▀[0m[38;2;190;137;118m[48;2;145;98;90m▀[0m[38;2;190;137;118m[48;2;177;123;107m▀[0m[38;2;159;91;135m[48;2;190;137;118m▀[0m[38;2;192;138;120m▄[0m[38;2;187;128;150m▄[0m  [38;2;219;153;191m▄[0m[38;2;240;168;221m▄[0m[38;2;240;167;220m[48;2;241;182;224m▀[0m[38;2;240;167;220m[48;2;158;102;94m▀[0m     
         [38;2;133;90;83m[48;2;144;96;88m▀[0m[38;2;73;46;55m[48;2;134;91;84m▀[0m[38;2;236;130;204m[48;2;137;93;86m▀[0m[38;2;188;135;116m[48;2;191;137;118m▀[0m[38;2;192;137;119m[48;2;192;138;119m▀[0m[38;2;101;74;64m[48;2;236;130;206m▀[0m[38;2;191;137;118m[48;2;236;130;207m▀[0m[38;2;191;137;118m[48;2;234;131;204m▀[0m[38;2;192;138;119m[48;2;236;130;205m▀[0m[38;2;189;135;117m[48;2;236;131;208m▀[0m[38;2;132;88;84m[48;2;236;131;204m▀[0m[38;2;158;93;128m[48;2;131;80;105m▀[0m[38;2;192;138;119m▀[0m[38;2;192;138;118m[48;2;193;139;120m▀[0m[38;2;192;137;118m[48;2;192;138;120m▀[0m[38;2;128;85;101m[48;2;25;18;15m▀[0m[38;2;136;91;86m▀[0m[38;2;132;89;83m[48;2;230;130;202m▀[0m[38;2;161;107;95m[48;2;80;55;52m▀[0m[38;2;190;137;118m[48;2;133;90;84m▀[0m[38;2;191;138;119m[48;2;132;89;83m▀[0m[38;2;152;105;94m[48;2;133;90;84m▀[0m[38;2;89;63;60m[48;2;132;89;83m▀[0m[38;2;189;136;117m[48;2;99;65;68m▀[0m[38;2;138;92;87m▀[0m      
         [38;2;51;48;46m▄[0m[38;2;134;90;84m[48;2;59;55;51m▀[0m[38;2;98;66;62m▀[0m[38;2;91;82;76m▀[0m[38;2;26;24;22m▀[0m  [38;2;1;2;1m▄[0m[38;2;116;82;79m[48;2;7;9;7m▀[0m[38;2;97;69;67m▀[0m   [38;2;131;88;82m[48;2;192;138;120m▀[0m[38;2;194;140;121m[48;2;193;138;119m▀[0m     [38;2;160;78;122m▀[0m[38;2;174;87;134m▀[0m         
                                        
                                        
                                        
                                        
                                        
                                        
