                                        
                                        
                                        
                          [38;2;229;217;122m▄[0m[38;2;220;204;116m▄[0m[38;2;217;201;113m[48;2;224;209;128m▀[0m[38;2;217;201;113m[48;2;222;208;133m▀[0m[38;2;217;201;114m[48;2;224;209;133m▀[0m[38;2;222;206;117m[48;2;218;202;115m▀[0m[38;2;217;200;114m▄[0m[38;2;29;25;15m▄[0m      
                        [38;2;138;113;91m▄[0m[38;2;220;204;116m[48;2;152;125;100m▀[0m[38;2;217;200;113m[48;2;186;176;97m▀[0m[38;2;221;207;130m[48;2;217;201;113m▀[0m[38;2;216;201;114m[48;2;222;205;116m▀[0m[38;2;217;201;114m[48;2;216;200;113m▀[0m[38;2;217;200;113m[48;2;218;202;114m▀[0m[38;2;219;203;115m[48;2;218;202;114m▀[0m[38;2;218;202;114m[48;2;218;201;114m▀[0m[38;2;224;208;118m[48;2;219;203;115m▀[0m[38;2;224;208;118m▄[0m     
                       [38;2;151;124;99m▄[0m[38;2;152;124;100m[48;2;152;124;100m▀[0m[38;2;149;121;97m[48;2;78;61;55m▀[0m[38;2;149;123;99m[48;2;68;64;59m▀[0m[38;2;120;96;80m[48;2;152;125;100m▀[0m[38;2;217;200;113m[48;2;149;122;99m▀[0m[38;2;216;201;113m[48;2;217;200;113m▀[0m[38;2;217;201;113m[48;2;218;202;114m▀[0m[38;2;220;203;115m[48;2;217;200;114m▀[0m[38;2;217;201;113m[48;2;217;200;113m▀[0m[38;2;102;95;56m[48;2;226;209;118m▀[0m[38;2;225;209;119m[48;2;224;209;119m▀[0m[38;2;149;139;78m▄[0m    
                      [38;2;159;129;104m▄[0m[38;2;152;123;100m[48;2;159;133;109m▀[0m[38;2;152;123;99m[48;2;154;125;101m▀[0m[38;2;152;125;100m[48;2;153;125;101m▀[0m[38;2;76;70;64m[48;2;153;126;101m▀[0m[38;2;152;124;100m[48;2;152;124;100m▀[0m[38;2;152;125;100m[48;2;152;125;101m▀[0m[38;2;86;70;59m[48;2;152;124;101m▀[0m[38;2;54;57;54m[48;2;182;184;185m▀[0m[38;2;171;150;88m[48;2;7;7;7m▀[0m[38;2;238;221;125m[48;2;130;81;83m▀[0m[38;2;220;204;115m[48;2;140;86;89m▀[0m[38;2;227;212;121m▀[0m[38;2;111;98;59m▀[0m    
                      [38;2;157;128;103m[48;2;158;129;104m▀[0m[38;2;153;126;101m[48;2;154;126;101m▀[0m[38;2;152;124;100m[48;2;154;126;102m▀[0m[38;2;153;125;100m[48;2;152;124;100m▀[0m[38;2;152;125;100m[48;2;152;124;100m▀[0m[38;2;48;38;38m[48;2;217;200;114m▀[0m[38;2;153;125;101m[48;2;127;114;83m▀[0m[38;2;54;43;35m[48;2;195;178;103m▀[0m[38;2;202;201;200m[48;2;230;213;116m▀[0m[38;2;242;243;243m[48;2;230;213;121m▀[0m[38;2;238;238;239m[48;2;70;65;36m▀[0m[38;2;164;178;182m▀[0m      
                    [38;2;0;0;0m▄[0m[38;2;21;17;15m[48;2;153;126;101m▀[0m[38;2;153;125;101m[48;2;153;125;101m▀[0m[38;2;153;125;101m[48;2;153;125;101m▀[0m[38;2;153;125;100m[48;2;153;125;101m▀[0m[38;2;156;127;102m[48;2;125;102;82m▀[0m[38;2;171;140;113m[48;2;107;86;76m▀[0m[38;2;217;201;113m[48;2;217;200;114m▀[0m[38;2;217;201;114m[48;2;217;200;113m▀[0m[38;2;130;117;84m[48;2;218;202;114m▀[0m[38;2;99;90;65m[48;2;33;30;26m▀[0m[38;2;232;218;124m[48;2;87;73;66m▀[0m[38;2;105;89;80m[48;2;87;73;67m▀[0m       
                   [38;2;6;5;5m▄[0m[38;2;153;125;101m[48;2;152;125;101m▀[0m[38;2;153;125;101m[48;2;153;125;101m▀[0m[38;2;154;125;102m[48;2;153;124;101m▀[0m[38;2;153;125;101m[48;2;154;126;101m▀[0m[38;2;153;125;102m[48;2;153;126;101m▀[0m[38;2;39;32;29m[48;2;153;125;101m▀[0m[38;2;109;87;76m[48;2;109;87;76m▀[0m[38;2;178;159;93m[48;2;180;160;94m▀[0m[38;2;220;204;116m[48;2;220;204;116m▀[0m[38;2;221;205;117m[48;2;223;207;117m▀[0m[38;2;67;63;37m[48;2;244;227;127m▀[0m[38;2;87;73;67m▀[0m        
                   [38;2;22;18;16m▀[0m[38;2;157;129;104m[48;2;107;86;76m▀[0m[38;2;154;125;101m[48;2;153;126;101m▀[0m[38;2;152;125;101m[48;2;163;137;113m▀[0m[38;2;152;125;100m[48;2;153;125;100m▀[0m[38;2;154;126;101m[48;2;164;138;114m▀[0m[38;2;153;125;101m[48;2;152;125;101m▀[0m[38;2;60;49;44m[48;2;153;124;100m▀[0m[38;2;192;174;100m[48;2;217;201;113m▀[0m[38;2;222;206;116m[48;2;217;200;113m▀[0m[38;2;219;203;116m[48;2;217;200;114m▀[0m[38;2;222;206;117m[48;2;218;202;114m▀[0m         
                  [38;2;169;139;112m▄[0m[38;2;153;125;101m▄[0m[38;2;159;133;109m[48;2;154;125;101m▀[0m[38;2;154;126;101m[48;2;152;124;100m▀[0m[38;2;153;124;101m[48;2;153;126;101m▀[0m[38;2;153;125;101m[48;2;153;125;101m▀[0m[38;2;153;125;101m[48;2;152;124;100m▀[0m[38;2;155;127;102m[48;2;155;127;103m▀[0m[38;2;152;124;100m[48;2;155;127;102m▀[0m[38;2;219;202;114m[48;2;223;207;116m▀[0m[38;2;224;208;118m[48;2;217;201;114m▀[0m[38;2;217;201;113m[48;2;227;211;116m▀[0m[38;2;219;203;114m[48;2;219;203;114m▀[0m[38;2;94;75;67m▄[0m        
              [38;2;62;52;41m▀[0m[38;2;155;127;102m▀[0m[38;2;153;125;101m▀[0m[38;2;154;126;101m[48;2;154;125;101m▀[0m[38;2;154;126;102m[48;2;153;125;101m▀[0m[38;2;157;128;103m[48;2;156;127;103m▀[0m[38;2;153;125;101m[48;2;153;125;101m▀[0m[38;2;152;124;100m[48;2;153;125;101m▀[0m[38;2;153;125;101m[48;2;153;125;101m▀[0m[38;2;153;126;101m[48;2;152;125;101m▀[0m[38;2;153;126;101m[48;2;141;115;93m▀[0m[38;2;163;133;107m[48;2;106;85;75m▀[0m[38;2;37;30;29m[48;2;159;138;88m▀[0m[38;2;218;202;114m[48;2;218;202;114m▀[0m[38;2;224;209;118m[48;2;218;202;115m▀[0m[38;2;191;172;111m[48;2;221;205;116m▀[0m[38;2;220;204;116m[48;2;223;207;118m▀[0m[38;2;108;86;76m[48;2;48;39;34m▀[0m[38;2;116;93;80m▄[0m       
    [38;2;25;21;19m▄[0m         [38;2;16;13;11m▀[0m[38;2;152;125;101m[48;2;40;33;31m▀[0m[38;2;154;127;102m[48;2;9;8;6m▀[0m[38;2;154;126;101m[48;2;105;84;74m▀[0m[38;2;65;52;47m[48;2;153;126;101m▀[0m[38;2;156;128;103m[48;2;154;127;101m▀[0m[38;2;156;128;103m[48;2;153;125;101m▀[0m[38;2;155;128;103m[48;2;153;126;102m▀[0m[38;2;153;126;101m[48;2;153;125;101m▀[0m[38;2;57;45;41m[48;2;166;136;110m▀[0m[38;2;121;96;84m[48;2;33;28;21m▀[0m[38;2;58;50;32m[48;2;158;138;89m▀[0m[38;2;158;139;89m[48;2;161;140;91m▀[0m[38;2;171;152;89m[48;2;157;137;88m▀[0m[38;2;212;196;111m[48;2;158;138;88m▀[0m[38;2;174;153;91m[48;2;67;59;38m▀[0m          
     [38;2;245;229;129m▄[0m[38;2;218;201;114m[48;2;220;204;117m▀[0m[38;2;202;187;105m[48;2;218;202;114m▀[0m[38;2;76;71;41m[48;2;217;201;113m▀[0m[38;2;44;38;30m[48;2;215;199;112m▀[0m[38;2;224;206;117m▄[0m[38;2;230;213;118m▄[0m[38;2;161;131;106m▄[0m[38;2;234;218;124m[48;2;153;125;101m▀[0m[38;2;250;234;132m[48;2;154;126;101m▀[0m[38;2;153;126;102m[48;2;153;125;101m▀[0m[38;2;154;126;101m[48;2;114;92;79m▀[0m[38;2;148;122;99m[48;2;108;86;75m▀[0m[38;2;152;125;100m[48;2;153;125;101m▀[0m[38;2;155;127;102m[48;2;153;125;101m▀[0m[38;2;153;126;101m[48;2;154;126;101m▀[0m[38;2;153;125;101m[48;2;124;100;84m▀[0m[38;2;153;125;101m[48;2;157;137;87m▀[0m[38;2;159;138;89m[48;2;158;138;88m▀[0m[38;2;157;137;88m[48;2;160;140;89m▀[0m[38;2;157;137;87m[48;2;174;153;91m▀[0m[38;2;159;139;89m[48;2;193;169;103m▀[0m[38;2;158;138;89m[48;2;89;75;68m▀[0m[38;2;53;45;45m[48;2;89;75;68m▀[0m           
      [38;2;137;110;92m▀[0m[38;2;154;126;102m▀[0m[38;2;156;128;103m▀[0m[38;2;156;129;103m▀[0m[38;2;155;127;102m▀[0m[38;2;143;116;95m▀[0m[38;2;107;86;75m[48;2;5;7;3m▀[0m[38;2;106;86;76m[48;2;23;21;16m▀[0m[38;2;107;86;75m[48;2;40;36;29m▀[0m[38;2;106;85;74m[48;2;56;52;40m▀[0m[38;2;55;44;40m[48;2;29;26;20m▀[0m[38;2;117;103;77m▀[0m[38;2;153;125;101m[48;2;178;146;116m▀[0m[38;2;153;125;101m[48;2;152;124;100m▀[0m[38;2;157;130;105m[48;2;156;128;103m▀[0m[38;2;31;28;22m[48;2;127;102;89m▀[0m[38;2;158;138;89m▀[0m[38;2;179;158;94m▀[0m[38;2;37;34;20m▀[0m  [38;2;88;74;67m[48;2;65;55;49m▀[0m[38;2;90;76;68m[48;2;90;76;68m▀[0m[38;2;15;12;11m[48;2;43;40;38m▀[0m[38;2;36;34;32m▄[0m         
                   [38;2;154;127;102m▀[0m[38;2;157;129;104m[48;2;71;65;60m▀[0m[38;2;132;108;89m[48;2;70;64;60m▀[0m[38;2;39;36;34m▄[0m                 
                                        
                                        
                                        
