                                        
                                        
                                        
                          [38;2;247;152;207m▄[0m[38;2;242;147;203m▄[0m[38;2;237;144;200m[48;2;246;158;210m▀[0m[38;2;238;144;200m[48;2;245;163;212m▀[0m[38;2;239;146;202m[48;2;247;164;214m▀[0m[38;2;244;149;205m[48;2;240;146;201m▀[0m[38;2;238;145;201m▄[0m[38;2;67;49;58m▄[0m      
                        [38;2;131;107;86m▄[0m[38;2;244;150;206m[48;2;152;125;100m▀[0m[38;2;238;144;201m[48;2;182;112;152m▀[0m[38;2;244;161;210m[48;2;238;144;201m▀[0m[38;2;237;145;200m[48;2;243;148;204m▀[0m[38;2;238;145;201m[48;2;238;144;200m▀[0m[38;2;238;144;201m[48;2;240;145;202m▀[0m[38;2;241;146;202m[48;2;239;145;201m▀[0m[38;2;239;146;202m[48;2;240;146;202m▀[0m[38;2;245;150;206m[48;2;240;145;202m▀[0m[38;2;246;151;206m▄[0m     
                       [38;2;150;122;99m▄[0m[38;2;152;124;100m[48;2;152;124;100m▀[0m[38;2;136;111;89m[48;2;74;59;52m▀[0m[38;2;151;124;99m[48;2;71;66;59m▀[0m[38;2;114;92;82m[48;2;152;125;100m▀[0m[38;2;238;145;201m[48;2;163;134;108m▀[0m[38;2;238;144;200m[48;2;239;145;201m▀[0m[38;2;238;144;201m[48;2;239;145;202m▀[0m[38;2;241;146;202m[48;2;238;145;201m▀[0m[38;2;239;145;201m[48;2;239;144;202m▀[0m[38;2;153;97;130m[48;2;248;151;210m▀[0m[38;2;247;151;207m[48;2;246;151;206m▀[0m[38;2;153;96;131m▄[0m    
                      [38;2;154;126;101m▄[0m[38;2;152;123;100m[48;2;160;134;108m▀[0m[38;2;152;124;100m[48;2;153;125;101m▀[0m[38;2;149;122;98m[48;2;153;125;101m▀[0m[38;2;71;66;61m[48;2;152;125;100m▀[0m[38;2;152;125;100m[48;2;152;124;100m▀[0m[38;2;152;125;100m[48;2;152;125;101m▀[0m[38;2;84;69;58m[48;2;152;124;101m▀[0m[38;2;98;88;95m[48;2;167;169;170m▀[0m[38;2;196;119;172m[48;2;18;17;17m▀[0m[38;2;231;144;195m[48;2;131;82;84m▀[0m[38;2;245;148;205m[48;2;135;83;87m▀[0m[38;2;250;155;211m▀[0m[38;2;123;77;106m▀[0m    
                      [38;2;156;128;102m[48;2;157;128;104m▀[0m[38;2;153;126;101m[48;2;154;126;101m▀[0m[38;2;153;125;100m[48;2;154;126;102m▀[0m[38;2;153;125;101m[48;2;152;124;100m▀[0m[38;2;152;125;100m[48;2;152;124;100m▀[0m[38;2;88;71;71m[48;2;237;144;199m▀[0m[38;2;153;125;100m[48;2;150;109;139m▀[0m[38;2;67;55;44m[48;2;209;127;178m▀[0m[38;2;165;164;163m[48;2;238;139;198m▀[0m[38;2;234;235;235m[48;2;247;150;209m▀[0m[38;2;230;231;230m[48;2;105;67;88m▀[0m[38;2;156;169;172m▀[0m      
                    [38;2;5;3;3m▄[0m[38;2;38;30;26m[48;2;153;125;101m▀[0m[38;2;153;125;101m[48;2;153;126;101m▀[0m[38;2;153;125;101m[48;2;153;125;101m▀[0m[38;2;153;125;100m[48;2;154;125;101m▀[0m[38;2;149;121;98m[48;2;110;91;73m▀[0m[38;2;165;135;109m[48;2;108;87;76m▀[0m[38;2;237;143;199m[48;2;237;145;200m▀[0m[38;2;238;144;200m[48;2;237;144;199m▀[0m[38;2;151;110;139m[48;2;239;146;202m▀[0m[38;2;110;82;99m[48;2;55;47;44m▀[0m[38;2;245;155;208m[48;2;87;73;66m▀[0m[38;2;100;84;75m[48;2;87;73;67m▀[0m       
                   [38;2;13;10;6m▄[0m[38;2;153;125;101m[48;2;152;125;101m▀[0m[38;2;153;125;101m[48;2;153;125;101m▀[0m[38;2;153;125;101m[48;2;151;123;99m▀[0m[38;2;153;125;101m[48;2;153;126;101m▀[0m[38;2;153;125;102m[48;2;153;126;101m▀[0m[38;2;59;47;41m[48;2;153;125;101m▀[0m[38;2;109;87;76m[48;2;109;87;76m▀[0m[38;2;197;121;172m[48;2;198;122;173m▀[0m[38;2;242;148;204m[48;2;242;147;203m▀[0m[38;2;243;149;204m[48;2;245;149;205m▀[0m[38;2;98;75;74m[48;2;252;155;212m▀[0m[38;2;87;73;67m▀[0m        
                   [38;2;41;33;28m▀[0m[38;2;156;128;103m[48;2;107;86;76m▀[0m[38;2;153;125;101m[48;2;153;125;101m▀[0m[38;2;153;125;101m[48;2;162;137;113m▀[0m[38;2;152;125;100m[48;2;153;125;100m▀[0m[38;2;154;126;101m[48;2;165;138;115m▀[0m[38;2;153;126;102m[48;2;152;125;100m▀[0m[38;2;71;57;51m[48;2;152;124;100m▀[0m[38;2;208;127;180m[48;2;237;143;199m▀[0m[38;2;244;147;204m[48;2;238;144;201m▀[0m[38;2;241;147;203m[48;2;238;145;201m▀[0m[38;2;241;146;202m[48;2;239;146;201m▀[0m         
                  [38;2;164;135;108m▄[0m[38;2;153;125;101m▄[0m[38;2;159;132;108m[48;2;153;125;101m▀[0m[38;2;154;126;101m[48;2;152;124;100m▀[0m[38;2;152;125;100m[48;2;154;126;101m▀[0m[38;2;153;125;101m[48;2;153;125;100m▀[0m[38;2;153;125;101m[48;2;152;124;100m▀[0m[38;2;155;127;101m[48;2;154;127;102m▀[0m[38;2;152;125;100m[48;2;156;127;102m▀[0m[38;2;240;146;203m[48;2;244;148;204m▀[0m[38;2;246;149;206m[48;2;239;146;202m▀[0m[38;2;238;145;200m[48;2;247;148;205m▀[0m[38;2;241;146;202m[48;2;240;146;202m▀[0m[38;2;85;67;61m▄[0m        
              [38;2;56;47;36m▀[0m[38;2;149;122;98m▀[0m[38;2;153;125;101m▀[0m[38;2;155;126;102m[48;2;153;125;101m▀[0m[38;2;154;126;102m[48;2;153;125;101m▀[0m[38;2;157;128;103m[48;2;155;127;103m▀[0m[38;2;153;125;101m[48;2;153;125;101m▀[0m[38;2;153;124;101m[48;2;153;125;101m▀[0m[38;2;153;125;101m[48;2;153;125;101m▀[0m[38;2;153;126;101m[48;2;153;125;101m▀[0m[38;2;153;126;101m[48;2;125;101;83m▀[0m[38;2;165;134;109m[48;2;105;85;75m▀[0m[38;2;56;43;46m[48;2;178;115;162m▀[0m[38;2;240;146;202m[48;2;242;147;203m▀[0m[38;2;246;150;205m[48;2;240;146;202m▀[0m[38;2;214;141;190m[48;2;243;147;203m▀[0m[38;2;242;147;204m[48;2;244;148;204m▀[0m[38;2;108;86;77m[48;2;50;40;37m▀[0m[38;2;121;97;83m▄[0m       
    [38;2;35;30;34m▄[0m         [38;2;26;20;17m▀[0m[38;2;151;124;100m[48;2;65;56;44m▀[0m[38;2;154;126;101m[48;2;24;21;16m▀[0m[38;2;154;126;101m[48;2;114;92;80m▀[0m[38;2;77;62;55m[48;2;154;126;102m▀[0m[38;2;156;128;103m[48;2;154;127;101m▀[0m[38;2;157;128;103m[48;2;153;125;101m▀[0m[38;2;155;128;102m[48;2;153;125;102m▀[0m[38;2;153;125;102m[48;2;153;125;101m▀[0m[38;2;64;50;45m[48;2;165;135;109m▀[0m[38;2;113;90;79m[48;2;74;55;61m▀[0m[38;2;89;65;73m[48;2;178;116;161m▀[0m[38;2;178;116;161m[48;2;182;118;164m▀[0m[38;2;199;121;173m[48;2;177;115;160m▀[0m[38;2;232;141;195m[48;2;179;116;162m▀[0m[38;2;199;121;173m[48;2;90;60;82m▀[0m          
     [38;2;23;19;21m[48;2;252;158;217m▀[0m[38;2;236;144;199m[48;2;243;151;207m▀[0m[38;2;186;122;149m[48;2;241;146;203m▀[0m[38;2;104;67;89m[48;2;238;144;201m▀[0m[38;2;90;68;88m[48;2;236;143;199m▀[0m[38;2;249;151;211m▄[0m[38;2;228;137;193m▄[0m[38;2;152;125;105m▄[0m[38;2;252;157;215m[48;2;153;125;101m▀[0m[38;2;244;151;206m[48;2;154;126;101m▀[0m[38;2;151;125;101m[48;2;153;125;101m▀[0m[38;2;154;126;102m[48;2;115;93;80m▀[0m[38;2;147;119;97m[48;2;109;87;76m▀[0m[38;2;152;125;100m[48;2;153;125;101m▀[0m[38;2;155;127;102m[48;2;153;125;101m▀[0m[38;2;154;126;101m[48;2;154;127;102m▀[0m[38;2;153;125;101m[48;2;125;101;84m▀[0m[38;2;154;126;102m[48;2;176;114;159m▀[0m[38;2;178;115;161m[48;2;177;115;160m▀[0m[38;2;177;116;162m[48;2;179;116;162m▀[0m[38;2;177;115;160m[48;2;193;119;170m▀[0m[38;2;181;117;164m[48;2;209;128;184m▀[0m[38;2;179;116;162m[48;2;88;75;68m▀[0m[38;2;52;46;40m[48;2;89;75;68m▀[0m           
      [38;2;135;109;91m▀[0m[38;2;149;123;99m▀[0m[38;2;153;125;101m▀[0m[38;2;153;126;102m▀[0m[38;2;153;125;100m▀[0m[38;2;141;114;94m▀[0m[38;2;108;85;75m[48;2;5;7;5m▀[0m[38;2;107;86;76m[48;2;53;43;52m▀[0m[38;2;107;86;75m[48;2;65;52;60m▀[0m[38;2;106;85;74m[48;2;79;63;76m▀[0m[38;2;71;58;60m[48;2;51;42;48m▀[0m[38;2;137;101;129m▀[0m[38;2;154;126;101m[48;2;171;140;112m▀[0m[38;2;152;125;100m[48;2;152;124;100m▀[0m[38;2;160;132;106m[48;2;156;128;103m▀[0m[38;2;61;48;48m[48;2;118;94;82m▀[0m[38;2;177;115;160m▀[0m[38;2;206;124;183m▀[0m[38;2;49;35;38m▀[0m  [38;2;88;74;67m[48;2;66;55;50m▀[0m[38;2;90;76;68m[48;2;97;82;72m▀[0m[38;2;24;18;15m[48;2;44;41;38m▀[0m[38;2;34;32;30m▄[0m         
                   [38;2;155;128;102m▀[0m[38;2;156;129;103m[48;2;70;64;60m▀[0m[38;2;133;109;90m[48;2;70;63;59m▀[0m[38;2;34;32;30m▄[0m                 
                                        
                                        
                                        
