                                        
                                        
                                        
             [38;2;92;138;162m[48;2;46;81;108m▀[0m[38;2;47;84;111m[48;2;47;82;108m▀[0m                [38;2;21;34;41m▄[0m        
             [38;2;47;81;106m[48;2;46;82;108m▀[0m[38;2;46;83;109m[48;2;46;82;108m▀[0m[38;2;5;9;12m[48;2;47;83;109m▀[0m             [38;2;66;106;132m▄[0m[38;2;80;125;151m[48;2;72;114;140m▀[0m         
            [38;2;2;3;4m[48;2;43;69;80m▀[0m[38;2;46;83;109m[48;2;48;84;111m▀[0m[38;2;46;81;107m[48;2;47;82;108m▀[0m[38;2;47;82;108m[48;2;47;82;108m▀[0m[38;2;17;28;39m▄[0m     [38;2;136;134;167m▄[0m   [38;2;21;36;45m▄[0m[38;2;53;90;116m▄[0m[38;2;57;96;121m[48;2;54;90;117m▀[0m[38;2;60;99;125m[48;2;55;96;125m▀[0m[38;2;42;63;80m▀[0m         
       [38;2;168;165;189m▄[0m [38;2;115;112;148m[48;2;249;249;253m▀[0m[38;2;208;213;228m[48;2;249;249;253m▀[0m[38;2;248;248;251m▄[0m[38;2;24;46;58m[48;2;30;32;30m▀[0m[38;2;48;85;113m[48;2;30;50;64m▀[0m[38;2;46;81;107m[48;2;48;84;112m▀[0m[38;2;46;81;109m[48;2;46;80;107m▀[0m[38;2;47;82;110m[48;2;47;82;109m▀[0m[38;2;251;253;255m[48;2;253;253;253m▀[0m[38;2;249;249;253m[48;2;231;234;240m▀[0m[38;2;248;248;253m[48;2;148;139;139m▀[0m[38;2;248;249;253m[48;2;180;174;174m▀[0m[38;2;210;204;185m[48;2;190;184;180m▀[0m[38;2;193;186;182m[48;2;181;175;175m▀[0m[38;2;114;106;101m[48;2;188;182;182m▀[0m[38;2;46;81;107m▄[0m[38;2;54;94;124m[48;2;46;81;107m▀[0m[38;2;47;85;111m[48;2;46;82;108m▀[0m[38;2;48;84;110m[48;2;46;81;107m▀[0m[38;2;48;84;110m[48;2;36;51;65m▀[0m[38;2;37;58;73m▀[0m          
    [38;2;110;108;144m▄[0m[38;2;249;249;253m▄[0m[38;2;248;249;253m▄[0m[38;2;249;249;253m[48;2;248;248;253m▀[0m[38;2;249;249;253m[48;2;248;248;251m▀[0m[38;2;249;249;253m[48;2;248;248;251m▀[0m[38;2;250;250;253m[48;2;248;250;251m▀[0m[38;2;249;251;253m[48;2;248;250;253m▀[0m[38;2;226;233;248m[48;2;248;248;251m▀[0m[38;2;38;58;74m[48;2;39;59;75m▀[0m[38;2;38;58;73m[48;2;37;57;73m▀[0m[38;2;37;57;72m[48;2;37;57;73m▀[0m[38;2;37;57;72m[48;2;28;45;59m▀[0m[38;2;253;253;255m[48;2;160;151;148m▀[0m[38;2;159;151;149m[48;2;164;169;185m▀[0m[38;2;185;178;157m[48;2;183;174;170m▀[0m[38;2;231;227;185m[48;2;135;131;164m▀[0m[38;2;253;247;205m[48;2;172;172;179m▀[0m[38;2;197;193;187m[48;2;183;177;176m▀[0m[38;2;45;81;107m[48;2;38;57;73m▀[0m[38;2;46;81;108m[48;2;37;57;72m▀[0m[38;2;47;82;109m[48;2;36;56;71m▀[0m[38;2;48;83;111m[48;2;38;57;73m▀[0m[38;2;47;83;110m[48;2;37;57;72m▀[0m[38;2;37;56;71m[48;2;248;248;251m▀[0m[38;2;247;249;251m▄[0m          
             [38;2;27;42;53m[48;2;87;82;82m▀[0m[38;2;37;57;72m[48;2;36;56;72m▀[0m[38;2;37;56;72m[48;2;12;19;23m▀[0m[38;2;54;49;49m[48;2;99;150;175m▀[0m[38;2;58;52;51m[48;2;100;151;176m▀[0m[38;2;34;30;28m[48;2;104;158;183m▀[0m[38;2;49;73;100m[48;2;48;83;110m▀[0m[38;2;18;23;28m[48;2;43;72;98m▀[0m[38;2;181;174;174m[48;2;45;79;105m▀[0m[38;2;183;175;173m[48;2;60;54;51m▀[0m[38;2;36;56;71m[48;2;20;36;47m▀[0m[38;2;37;57;73m[48;2;37;57;72m▀[0m[38;2;37;57;72m[48;2;37;57;73m▀[0m[38;2;38;57;74m[48;2;74;68;67m▀[0m[38;2;243;241;241m[48;2;253;253;255m▀[0m[38;2;248;250;253m[48;2;220;226;235m▀[0m[38;2;249;249;251m[48;2;177;188;211m▀[0m[38;2;249;251;253m[48;2;251;249;253m▀[0m[38;2;248;248;251m▄[0m[38;2;130;128;159m[48;2;249;249;253m▀[0m       
            [38;2;0;0;0m▄[0m[38;2;90;84;84m▀[0m[38;2;15;25;28m▄[0m[38;2;99;149;174m[48;2;113;172;202m▀[0m[38;2;99;150;175m[48;2;99;150;175m▀[0m[38;2;99;150;176m[48;2;100;151;176m▀[0m[38;2;85;132;156m[48;2;47;83;109m▀[0m[38;2;46;81;107m[48;2;46;81;107m▀[0m[38;2;46;82;109m[48;2;36;64;83m▀[0m[38;2;46;81;107m[48;2;46;82;108m▀[0m[38;2;47;82;108m[48;2;46;81;108m▀[0m[38;2;39;33;31m[48;2;47;86;113m▀[0m[38;2;36;56;71m▀[0m[38;2;1;0;0m▀[0m[38;2;52;47;47m▄[0m [38;2;235;234;239m▀[0m[38;2;248;250;251m▀[0m[38;2;248;250;253m▀[0m[38;2;248;250;251m[48;2;114;112;148m▀[0m[38;2;248;248;251m[48;2;249;249;253m▀[0m[38;2;247;249;251m[48;2;249;249;253m▀[0m[38;2;138;135;165m[48;2;249;249;253m▀[0m     
           [38;2;255;248;170m▀[0m[38;2;161;157;107m▀[0m[38;2;99;159;193m[48;2;249;238;159m▀[0m[38;2;99;150;175m[48;2;213;202;72m▀[0m[38;2;99;150;176m[48;2;46;83;112m▀[0m[38;2;100;150;175m[48;2;255;255;255m▀[0m[38;2;100;151;176m[48;2;100;151;176m▀[0m[38;2;48;82;108m[48;2;46;81;108m▀[0m[38;2;47;82;108m[48;2;43;72;94m▀[0m[38;2;43;70;92m[48;2;223;124;124m▀[0m[38;2;9;17;21m[48;2;48;87;115m▀[0m[38;2;37;57;72m[48;2;100;150;176m▀[0m[38;2;38;57;73m[48;2;112;169;198m▀[0m[38;2;55;50;50m[48;2;49;45;44m▀[0m [38;2;107;100;100m[48;2;29;29;28m▀[0m        [38;2;255;255;255m▀[0m    
            [38;2;73;68;67m[48;2;204;206;205m▀[0m[38;2;1;1;1m[48;2;96;88;36m▀[0m[38;2;245;227;88m[48;2;245;227;88m▀[0m[38;2;46;81;108m[48;2;46;81;107m▀[0m[38;2;206;133;76m[48;2;51;90;119m▀[0m[38;2;239;155;87m[48;2;133;89;63m▀[0m[38;2;235;148;84m[48;2;175;112;74m▀[0m[38;2;73;71;31m[48;2;45;80;106m▀[0m[38;2;38;33;39m[48;2;46;81;107m▀[0m[38;2;175;170;73m[48;2;245;226;88m▀[0m[38;2;151;150;98m[48;2;248;240;96m▀[0m[38;2;87;142;174m[48;2;252;243;160m▀[0m[38;2;102;153;178m[48;2;208;208;142m▀[0m[38;2;103;155;180m[48;2;69;67;29m▀[0m              
             [38;2;198;198;78m[48;2;248;248;99m▀[0m[38;2;253;242;93m[48;2;64;71;51m▀[0m[38;2;46;82;108m[48;2;46;81;108m▀[0m  [38;2;47;82;108m▄[0m[38;2;47;81;107m[48;2;46;81;107m▀[0m[38;2;127;118;43m[48;2;245;227;87m▀[0m[38;2;245;227;88m[48;2;245;227;88m▀[0m[38;2;208;205;85m▀[0m [38;2;58;58;57m[48;2;156;154;153m▀[0m               
             [38;2;246;227;87m[48;2;245;226;87m▀[0m[38;2;46;82;111m[48;2;46;81;107m▀[0m[38;2;45;80;105m[48;2;48;85;112m▀[0m  [38;2;47;83;109m[48;2;46;82;108m▀[0m[38;2;32;31;22m[48;2;245;227;88m▀[0m[38;2;245;226;88m[48;2;252;251;108m▀[0m                   
             [38;2;245;226;88m[48;2;245;225;88m▀[0m[38;2;47;82;109m[48;2;46;83;109m▀[0m  [38;2;46;81;107m[48;2;46;82;109m▀[0m[38;2;27;63;103m[48;2;245;228;88m▀[0m[38;2;245;227;88m[48;2;0;0;0m▀[0m                    
             [38;2;254;249;104m[48;2;24;57;93m▀[0m[38;2;47;81;108m▀[0m [38;2;50;87;115m[48;2;55;93;118m▀[0m[38;2;49;86;115m[48;2;248;231;120m▀[0m[38;2;245;226;88m▀[0m                     
             [38;2;61;100;126m[48;2;65;105;131m▀[0m [38;2;43;67;84m▄[0m[38;2;67;107;132m[48;2;250;239;143m▀[0m[38;2;142;141;88m▀[0m                      
              [38;2;0;1;1m▀[0m[38;2;67;108;134m▀[0m                        
                                        
                                        
