                                        
                                        
                                        
                         [38;2;92;194;220m▄[0m[38;2;94;204;233m[48;2;34;180;213m▀[0m[38;2;12;178;212m[48;2;14;177;211m▀[0m[38;2;5;177;212m[48;2;0;177;211m▀[0m[38;2;35;180;214m[48;2;31;180;215m▀[0m[38;2;7;169;201m[48;2;2;177;211m▀[0m[38;2;3;177;211m▄[0m        
                    [38;2;250;247;182m▄[0m   [38;2;86;190;209m[48;2;3;176;211m▀[0m[38;2;81;199;229m[48;2;4;177;211m▀[0m[38;2;24;178;212m[48;2;59;211;235m▀[0m[38;2;43;138;160m[48;2;41;114;133m▀[0m[38;2;41;114;133m[48;2;47;115;134m▀[0m[38;2;41;114;133m[48;2;41;114;133m▀[0m[38;2;42;114;133m[48;2;44;114;133m▀[0m[38;2;43;113;131m[48;2;43;114;133m▀[0m[38;2;34;177;211m[48;2;40;114;133m▀[0m       
                   [38;2;254;253;200m[48;2;250;248;210m▀[0m[38;2;240;236;171m[48;2;250;248;208m▀[0m[38;2;22;22;16m▄[0m  [38;2;40;180;214m[48;2;25;179;213m▀[0m[38;2;3;177;211m[48;2;20;178;212m▀[0m[38;2;43;124;146m[48;2;43;122;142m▀[0m[38;2;42;114;133m[48;2;46;115;134m▀[0m[38;2;48;116;135m[48;2;43;114;133m▀[0m[38;2;42;114;133m[48;2;43;114;133m▀[0m[38;2;43;114;133m[48;2;41;114;133m▀[0m[38;2;41;114;133m[48;2;41;114;133m▀[0m[38;2;42;114;133m[48;2;41;114;133m▀[0m[38;2;47;120;140m[48;2;41;114;133m▀[0m      
                   [38;2;240;236;169m[48;2;240;236;171m▀[0m[38;2;240;236;170m[48;2;240;235;170m▀[0m[38;2;238;234;167m[48;2;240;236;171m▀[0m  [38;2;15;178;212m[48;2;33;176;210m▀[0m[38;2;6;178;212m[48;2;13;178;212m▀[0m[38;2;33;89;104m[48;2;16;40;47m▀[0m[38;2;41;114;133m[48;2;44;114;133m▀[0m[38;2;44;114;133m[48;2;49;116;135m▀[0m[38;2;46;115;134m[48;2;42;114;133m▀[0m[38;2;41;114;133m[48;2;41;114;133m▀[0m[38;2;41;114;133m[48;2;41;114;133m▀[0m[38;2;42;114;133m[48;2;46;115;134m▀[0m[38;2;41;114;133m[48;2;44;114;134m▀[0m      
                   [38;2;240;236;171m[48;2;46;46;32m▀[0m[38;2;19;18;13m[48;2;239;235;170m▀[0m[38;2;240;236;171m[48;2;237;233;168m▀[0m[38;2;236;233;177m[48;2;157;158;111m▀[0m  [38;2;20;178;213m[48;2;3;18;22m▀[0m[38;2;25;59;67m[48;2;30;110;127m▀[0m[38;2;42;114;133m[48;2;43;114;133m▀[0m[38;2;49;116;135m[48;2;43;114;133m▀[0m[38;2;41;114;133m[48;2;42;114;133m▀[0m[38;2;42;115;133m[48;2;41;114;133m▀[0m[38;2;40;114;133m[48;2;41;114;133m▀[0m[38;2;42;114;133m[48;2;42;114;133m▀[0m[38;2;41;113;132m[48;2;4;15;17m▀[0m      
                    [38;2;155;157;110m[48;2;111;81;136m▀[0m[38;2;155;157;110m[48;2;163;165;115m▀[0m[38;2;157;158;111m[48;2;162;163;114m▀[0m[38;2;156;157;111m[48;2;131;140;142m▀[0m[38;2;147;106;180m▄[0m [38;2;3;11;12m▀[0m[38;2;40;114;133m▀[0m[38;2;44;114;133m[48;2;45;114;133m▀[0m[38;2;41;114;133m[48;2;41;114;133m▀[0m[38;2;41;114;133m[48;2;41;114;133m▀[0m[38;2;41;114;133m[48;2;43;114;133m▀[0m[38;2;41;114;133m[48;2;78;62;97m▀[0m[38;2;87;64;105m[48;2;18;14;21m▀[0m      
                    [38;2;61;45;73m[48;2;20;16;23m▀[0m[38;2;6;200;240m[48;2;253;253;253m▀[0m[38;2;255;255;255m[48;2;136;98;167m▀[0m[38;2;249;249;248m[48;2;148;107;182m▀[0m[38;2;146;105;179m[48;2;172;175;120m▀[0m[38;2;51;37;63m[48;2;138;101;169m▀[0m[38;2;137;99;168m▄[0m[38;2;46;33;55m▄[0m[38;2;99;71;119m▀[0m[38;2;77;62;97m[48;2;74;61;92m▀[0m[38;2;76;61;95m[48;2;78;63;97m▀[0m[38;2;78;63;97m[48;2;79;63;98m▀[0m[38;2;77;62;96m[48;2;29;23;36m▀[0m       
                   [38;2;21;16;25m▄[0m[38;2;54;41;66m[48;2;124;90;151m▀[0m[38;2;157;159;111m[48;2;159;160;113m▀[0m[38;2;24;25;25m[48;2;92;62;121m▀[0m[38;2;156;157;110m[48;2;155;157;109m▀[0m[38;2;157;159;111m[48;2;155;157;110m▀[0m[38;2;147;106;180m[48;2;137;99;168m▀[0m[38;2;138;99;168m[48;2;135;97;164m▀[0m[38;2;135;97;165m[48;2;135;98;165m▀[0m[38;2;135;97;165m[48;2;23;16;29m▀[0m[38;2;155;157;110m▄[0m[38;2;167;168;118m[48;2;155;157;110m▀[0m[38;2;155;157;110m▀[0m        
            [38;2;140;98;171m▄[0m[38;2;135;97;165m▄[0m[38;2;136;98;165m▄[0m[38;2;135;97;165m▄[0m[38;2;246;244;186m▄[0m[38;2;240;236;171m▄[0m[38;2;248;245;184m▄[0m[38;2;136;98;166m[48;2;133;97;163m▀[0m[38;2;136;98;166m[48;2;148;107;180m▀[0m[38;2;157;158;111m[48;2;172;124;211m▀[0m[38;2;155;157;110m[48;2;156;158;111m▀[0m[38;2;161;163;114m[48;2;169;168;118m▀[0m[38;2;158;160;112m[48;2;168;170;118m▀[0m[38;2;135;97;164m[48;2;137;99;167m▀[0m[38;2;81;58;97m[48;2;134;96;165m▀[0m[38;2;35;26;54m[48;2;155;158;110m▀[0m[38;2;155;157;110m[48;2;155;156;109m▀[0m[38;2;156;157;111m[48;2;120;86;147m▀[0m[38;2;115;82;141m[48;2;78;63;97m▀[0m         
      [38;2;2;14;16m▄[0m[38;2;89;194;221m▄[0m[38;2;9;85;102m[48;2;64;186;218m▀[0m[38;2;74;188;218m[48;2;12;178;212m▀[0m[38;2;12;177;212m[48;2;22;179;213m▀[0m[38;2;9;177;212m[48;2;4;177;211m▀[0m[38;2;6;178;211m[48;2;39;180;214m▀[0m[38;2;11;177;212m[48;2;18;178;212m▀[0m[38;2;134;97;165m[48;2;15;178;212m▀[0m[38;2;135;98;165m[48;2;137;99;167m▀[0m[38;2;136;98;165m[48;2;95;69;116m▀[0m[38;2;161;162;113m▀[0m[38;2;236;232;167m▀[0m[38;2;240;236;171m[48;2;163;166;115m▀[0m[38;2;93;64;115m[48;2;155;157;111m▀[0m[38;2;136;98;166m[48;2;136;98;167m▀[0m[38;2;76;53;103m[48;2;83;64;102m▀[0m[38;2;240;236;171m[48;2;240;236;171m▀[0m[38;2;68;47;87m[48;2;249;248;185m▀[0m[38;2;136;98;166m[48;2;77;62;97m▀[0m[38;2;136;98;166m[48;2;78;62;96m▀[0m[38;2;86;68;108m[48;2;77;62;97m▀[0m[38;2;48;40;60m[48;2;82;66;104m▀[0m[38;2;77;63;97m[48;2;77;62;97m▀[0m[38;2;77;62;96m[48;2;79;63;98m▀[0m         
     [38;2;10;72;87m[48;2;91;194;220m▀[0m[38;2;91;194;220m[48;2;91;194;220m▀[0m[38;2;66;187;218m[48;2;74;189;219m▀[0m[38;2;3;177;211m[48;2;0;177;211m▀[0m[38;2;7;177;211m[48;2;5;177;211m▀[0m[38;2;31;179;213m[48;2;2;178;212m▀[0m[38;2;18;178;212m[48;2;4;177;211m▀[0m[38;2;3;177;212m[48;2;3;177;211m▀[0m[38;2;1;176;211m[48;2;3;177;211m▀[0m[38;2;12;178;212m[48;2;1;177;211m▀[0m[38;2;144;106;179m[48;2;91;71;112m▀[0m[38;2;105;75;129m[48;2;63;47;86m▀[0m[38;2;154;111;189m[48;2;77;62;97m▀[0m[38;2;20;15;24m[48;2;77;62;97m▀[0m[38;2;66;53;82m[48;2;77;62;96m▀[0m[38;2;79;63;97m[48;2;82;65;102m▀[0m[38;2;77;62;96m[48;2;77;61;95m▀[0m[38;2;80;63;100m[48;2;177;179;124m▀[0m[38;2;240;236;171m[48;2;100;72;121m▀[0m[38;2;240;236;171m[48;2;76;61;94m▀[0m[38;2;55;56;39m[48;2;76;62;95m▀[0m[38;2;38;31;46m[48;2;30;26;38m▀[0m[38;2;89;71;111m[48;2;78;62;96m▀[0m[38;2;21;18;26m[48;2;77;62;97m▀[0m[38;2;76;62;95m[48;2;14;11;17m▀[0m[38;2;78;63;97m[48;2;75;61;94m▀[0m[38;2;136;99;167m[48;2;139;100;169m▀[0m[38;2;135;97;165m[48;2;135;98;166m▀[0m[38;2;133;97;164m[48;2;135;98;165m▀[0m[38;2;98;71;119m[48;2;136;99;168m▀[0m[38;2;87;65;106m▄[0m    
    [38;2;12;171;204m[48;2;95;194;219m▀[0m[38;2;91;194;220m[48;2;64;186;219m▀[0m[38;2;91;193;220m[48;2;1;177;211m▀[0m[38;2;3;176;211m[48;2;3;177;211m▀[0m[38;2;21;178;212m[48;2;3;177;211m▀[0m[38;2;1;177;211m[48;2;3;177;211m▀[0m[38;2;3;177;212m[48;2;0;177;211m▀[0m[38;2;0;176;210m[48;2;0;177;211m▀[0m[38;2;0;176;210m[48;2;0;177;211m▀[0m[38;2;11;177;212m[48;2;34;134;156m▀[0m[38;2;36;132;154m[48;2;29;97;113m▀[0m[38;2;77;62;96m[48;2;78;62;96m▀[0m  [38;2;89;68;109m[48;2;63;35;62m▀[0m  [38;2;76;61;94m▀[0m[38;2;77;63;97m[48;2;59;44;72m▀[0m[38;2;78;63;97m[48;2;77;63;97m▀[0m[38;2;78;63;97m[48;2;78;63;97m▀[0m[38;2;77;63;97m[48;2;78;62;98m▀[0m[38;2;78;63;97m[48;2;41;131;153m▀[0m[38;2;45;130;153m[48;2;91;71;112m▀[0m[38;2;58;47;73m▀[0m  [38;2;63;48;77m[48;2;22;17;27m▀[0m[38;2;63;51;77m[48;2;59;47;72m▀[0m [38;2;138;100;168m[48;2;135;97;165m▀[0m[38;2;141;102;173m[48;2;3;180;216m▀[0m    
    [38;2;74;187;217m[48;2;37;200;240m▀[0m[38;2;8;178;212m[48;2;17;178;212m▀[0m[38;2;20;178;213m[48;2;20;179;212m▀[0m[38;2;11;177;212m[48;2;5;76;92m▀[0m[38;2;4;177;212m[48;2;7;177;211m▀[0m[38;2;2;177;211m[48;2;11;178;212m▀[0m[38;2;0;179;214m[48;2;0;178;211m▀[0m[38;2;7;181;215m[48;2;36;133;156m▀[0m[38;2;31;150;175m[48;2;42;114;134m▀[0m[38;2;32;98;114m▀[0m[38;2;41;116;136m[48;2;20;62;71m▀[0m         [38;2;29;98;114m▀[0m[38;2;18;39;44m▀[0m      [38;2;50;33;55m▀[0m [38;2;13;128;153m▀[0m[38;2;0;179;215m[48;2;24;167;198m▀[0m    
     [38;2;34;180;214m▀[0m[38;2;23;181;216m[48;2;48;122;142m▀[0m[38;2;37;180;214m[48;2;42;114;133m▀[0m[38;2;26;176;209m[48;2;45;115;134m▀[0m[38;2;37;132;154m[48;2;48;115;134m▀[0m[38;2;41;114;133m[48;2;47;115;134m▀[0m[38;2;41;114;133m▀[0m[38;2;5;15;18m▀[0m                           
                                        
                                        
                                        
