                                        
                                        
                                        
                         [38;2;253;143;132m▄[0m[38;2;253;154;146m[48;2;255;111;93m▀[0m[38;2;255;102;80m[48;2;255;102;80m▀[0m[38;2;255;99;76m[48;2;255;96;72m▀[0m[38;2;254;110;95m[48;2;255;110;93m▀[0m[38;2;211;105;90m[48;2;255;98;73m▀[0m[38;2;255;98;74m▄[0m        
                    [38;2;255;225;167m▄[0m   [38;2;243;141;124m[48;2;238;97;75m▀[0m[38;2;254;145;135m[48;2;240;97;75m▀[0m[38;2;255;106;87m[48;2;254;150;129m▀[0m[38;2;247;74;49m[48;2;216;59;38m▀[0m[38;2;216;59;38m[48;2;224;60;38m▀[0m[38;2;216;59;38m[48;2;217;59;38m▀[0m[38;2;218;59;38m[48;2;220;59;38m▀[0m[38;2;217;58;36m[48;2;219;59;38m▀[0m[38;2;254;108;90m[48;2;216;59;38m▀[0m       
                   [38;2;255;233;186m[48;2;255;229;197m▀[0m[38;2;255;213;155m[48;2;255;228;194m▀[0m[38;2;22;22;16m▄[0m  [38;2;255;107;90m[48;2;255;101;79m▀[0m[38;2;239;97;75m[48;2;254;99;77m▀[0m[38;2;222;63;43m[48;2;218;63;41m▀[0m[38;2;218;59;38m[48;2;222;60;38m▀[0m[38;2;226;60;38m[48;2;218;59;38m▀[0m[38;2;218;59;37m[48;2;219;59;38m▀[0m[38;2;219;59;38m[48;2;216;59;38m▀[0m[38;2;216;59;38m[48;2;216;59;38m▀[0m[38;2;218;59;38m[48;2;217;59;38m▀[0m[38;2;230;63;40m[48;2;216;59;38m▀[0m      
                   [38;2;255;213;153m[48;2;255;213;155m▀[0m[38;2;255;213;154m[48;2;255;212;154m▀[0m[38;2;253;212;151m[48;2;255;213;155m▀[0m  [38;2;254;97;75m[48;2;255;101;81m▀[0m[38;2;244;98;75m[48;2;252;97;74m▀[0m[38;2;164;44;29m[48;2;51;29;28m▀[0m[38;2;216;59;38m[48;2;220;59;38m▀[0m[38;2;220;59;38m[48;2;227;60;38m▀[0m[38;2;223;60;38m[48;2;217;59;38m▀[0m[38;2;216;59;38m[48;2;217;59;38m▀[0m[38;2;217;59;38m[48;2;217;59;38m▀[0m[38;2;218;59;38m[48;2;222;59;38m▀[0m[38;2;217;59;38m[48;2;220;59;38m▀[0m      
                   [38;2;255;213;155m[48;2;47;44;31m▀[0m[38;2;19;18;13m[48;2;254;212;154m▀[0m[38;2;255;213;155m[48;2;251;210;152m▀[0m[38;2;245;213;163m[48;2;168;143;100m▀[0m  [38;2;251;100;79m[48;2;31;9;6m▀[0m[38;2;63;47;47m[48;2;181;59;40m▀[0m[38;2;217;59;37m[48;2;218;59;38m▀[0m[38;2;226;60;38m[48;2;218;59;38m▀[0m[38;2;216;59;38m[48;2;217;59;38m▀[0m[38;2;217;59;38m[48;2;217;59;38m▀[0m[38;2;216;59;37m[48;2;216;59;38m▀[0m[38;2;218;59;38m[48;2;217;59;38m▀[0m[38;2;216;58;37m[48;2;4;15;17m▀[0m      
                    [38;2;165;142;99m[48;2;111;81;136m▀[0m[38;2;165;142;99m[48;2;173;149;104m▀[0m[38;2;167;143;100m[48;2;173;148;103m▀[0m[38;2;166;142;100m[48;2;131;140;142m▀[0m[38;2;186;130;226m▄[0m [38;2;19;4;3m▀[0m[38;2;215;59;38m▀[0m[38;2;220;59;38m[48;2;221;59;38m▀[0m[38;2;216;59;38m[48;2;216;59;38m▀[0m[38;2;216;59;38m[48;2;216;59;38m▀[0m[38;2;216;59;38m[48;2;219;59;38m▀[0m[38;2;217;59;38m[48;2;106;80;131m▀[0m[38;2;110;79;134m[48;2;30;21;36m▀[0m      
                    [38;2;61;45;73m[48;2;20;16;23m▀[0m[38;2;228;97;75m[48;2;253;253;253m▀[0m[38;2;255;255;255m[48;2;172;120;210m▀[0m[38;2;249;249;248m[48;2;183;128;222m▀[0m[38;2;183;129;224m[48;2;187;166;113m▀[0m[38;2;57;40;69m[48;2;179;126;218m▀[0m[38;2;180;128;218m▄[0m[38;2;48;35;58m▄[0m[38;2;124;87;150m▀[0m[38;2;105;80;131m[48;2;101;79;125m▀[0m[38;2;104;79;129m[48;2;106;81;131m▀[0m[38;2;106;81;131m[48;2;107;81;132m▀[0m[38;2;105;80;130m[48;2;42;32;53m▀[0m       
                   [38;2;23;17;28m▄[0m[38;2;54;41;66m[48;2;158;111;190m▀[0m[38;2;165;143;101m[48;2;167;146;103m▀[0m[38;2;24;25;25m[48;2;119;77;152m▀[0m[38;2;172;148;103m[48;2;163;142;99m▀[0m[38;2;173;150;104m[48;2;163;142;100m▀[0m[38;2;188;134;228m[48;2;180;128;218m▀[0m[38;2;181;128;219m[48;2;178;126;216m▀[0m[38;2;178;126;216m[48;2;178;127;217m▀[0m[38;2;178;126;216m[48;2;31;21;39m▀[0m[38;2;164;141;99m▄[0m[38;2;176;152;107m[48;2;164;141;99m▀[0m[38;2;164;141;99m▀[0m        
            [38;2;180;125;218m▄[0m[38;2;178;125;215m▄[0m[38;2;178;126;215m▄[0m[38;2;177;125;215m▄[0m[38;2;255;223;172m▄[0m[38;2;255;213;156m▄[0m[38;2;255;224;170m▄[0m[38;2;178;125;216m[48;2;175;123;213m▀[0m[38;2;178;125;216m[48;2;188;132;227m▀[0m[38;2;165;143;101m[48;2;193;137;235m▀[0m[38;2;163;142;100m[48;2;166;143;101m▀[0m[38;2;169;148;103m[48;2;180;152;107m▀[0m[38;2;166;145;102m[48;2;179;154;107m▀[0m[38;2;178;126;216m[48;2;176;124;214m▀[0m[38;2;94;67;112m[48;2;172;121;211m▀[0m[38;2;47;33;67m[48;2;164;141;99m▀[0m[38;2;164;141;99m[48;2;164;139;98m▀[0m[38;2;165;141;100m[48;2;156;108;190m▀[0m[38;2;148;103;181m[48;2;106;81;131m▀[0m         
      [38;2;2;14;16m▄[0m[38;2;253;142;132m▄[0m[38;2;107;54;49m[48;2;254;126;116m▀[0m[38;2;254;132;121m[48;2;255;102;81m▀[0m[38;2;255;101;80m[48;2;255;106;87m▀[0m[38;2;255;100;79m[48;2;255;98;75m▀[0m[38;2;255;100;77m[48;2;254;113;98m▀[0m[38;2;255;101;80m[48;2;255;104;84m▀[0m[38;2;176;124;214m[48;2;255;102;82m▀[0m[38;2;177;126;215m[48;2;179;128;217m▀[0m[38;2;178;126;215m[48;2;129;92;156m▀[0m[38;2;171;146;103m▀[0m[38;2;248;211;153m▀[0m[38;2;255;213;156m[48;2;174;150;104m▀[0m[38;2;113;76;139m[48;2;165;142;100m▀[0m[38;2;176;124;215m[48;2;176;123;214m▀[0m[38;2;97;65;128m[48;2;111;82;138m▀[0m[38;2;255;213;156m[48;2;255;213;155m▀[0m[38;2;84;57;106m[48;2;255;226;171m▀[0m[38;2;175;123;212m[48;2;105;80;130m▀[0m[38;2;175;124;213m[48;2;106;80;129m▀[0m[38;2;116;87;143m[48;2;105;81;130m▀[0m[38;2;70;54;87m[48;2;110;84;137m▀[0m[38;2;105;81;130m[48;2;106;80;130m▀[0m[38;2;105;80;129m[48;2;107;81;132m▀[0m         
     [38;2;123;36;25m[48;2;253;143;132m▀[0m[38;2;253;143;132m[48;2;253;143;132m▀[0m[38;2;254;128;116m[48;2;254;133;122m▀[0m[38;2;255;98;75m[48;2;255;97;74m▀[0m[38;2;255;99;77m[48;2;255;99;76m▀[0m[38;2;254;109;92m[48;2;255;99;75m▀[0m[38;2;255;104;84m[48;2;255;98;75m▀[0m[38;2;255;98;76m[48;2;255;98;75m▀[0m[38;2;255;97;74m[48;2;255;98;75m▀[0m[38;2;255;101;80m[48;2;255;97;74m▀[0m[38;2;184;132;226m[48;2;124;93;151m▀[0m[38;2;144;100;175m[48;2;88;63;119m▀[0m[38;2;191;133;233m[48;2;105;79;131m▀[0m[38;2;20;15;24m[48;2;105;79;131m▀[0m[38;2;91;68;113m[48;2;104;79;130m▀[0m[38;2;106;80;132m[48;2;111;82;137m▀[0m[38;2;104;79;130m[48;2;104;78;129m▀[0m[38;2;105;79;131m[48;2;188;162;112m▀[0m[38;2;255;213;155m[48;2;125;87;151m▀[0m[38;2;255;213;155m[48;2;103;78;127m▀[0m[38;2;62;56;43m[48;2;104;79;128m▀[0m[38;2;55;42;67m[48;2;31;27;40m▀[0m[38;2;119;90;147m[48;2;106;80;129m▀[0m[38;2;32;25;39m[48;2;105;80;130m▀[0m[38;2;105;80;130m[48;2;14;11;17m▀[0m[38;2;108;82;132m[48;2;105;79;129m▀[0m[38;2;177;125;216m[48;2;179;126;217m▀[0m[38;2;176;123;213m[48;2;177;124;215m▀[0m[38;2;174;123;212m[48;2;176;124;214m▀[0m[38;2;98;71;119m[48;2;177;125;216m▀[0m[38;2;118;85;143m▄[0m    
    [38;2;238;100;82m[48;2;253;144;134m▀[0m[38;2;253;143;132m[48;2;254;127;116m▀[0m[38;2;253;142;133m[48;2;255;97;74m▀[0m[38;2;255;96;74m[48;2;255;98;75m▀[0m[38;2;255;105;86m[48;2;255;98;75m▀[0m[38;2;255;97;74m[48;2;255;98;75m▀[0m[38;2;255;97;75m[48;2;255;97;74m▀[0m[38;2;255;96;73m[48;2;255;97;74m▀[0m[38;2;255;96;72m[48;2;254;97;74m▀[0m[38;2;255;100;80m[48;2;235;72;47m▀[0m[38;2;235;70;47m[48;2;184;48;29m▀[0m[38;2;105;79;131m[48;2;105;79;130m▀[0m  [38;2;118;86;146m[48;2;69;46;77m▀[0m  [38;2;103;77;129m▀[0m[38;2;104;80;130m[48;2;105;58;93m▀[0m[38;2;105;80;130m[48;2;104;80;130m▀[0m[38;2;105;80;131m[48;2;105;80;130m▀[0m[38;2;104;80;130m[48;2;105;79;131m▀[0m[38;2;105;80;130m[48;2;186;85;76m▀[0m[38;2;205;80;65m[48;2;123;91;151m▀[0m[38;2;93;68;116m▀[0m  [38;2;110;81;134m[48;2;30;22;35m▀[0m[38;2;108;82;132m[48;2;106;80;130m▀[0m [38;2;179;126;217m[48;2;177;123;213m▀[0m[38;2;181;127;220m[48;2;248;101;81m▀[0m    
    [38;2;253;130;120m[48;2;251;133;125m▀[0m[38;2;255;100;78m[48;2;255;104;83m▀[0m[38;2;255;105;86m[48;2;255;105;85m▀[0m[38;2;255;100;80m[48;2;110;43;35m▀[0m[38;2;255;98;76m[48;2;255;99;78m▀[0m[38;2;255;97;73m[48;2;255;101;80m▀[0m[38;2;251;100;78m[48;2;253;99;74m▀[0m[38;2;255;103;81m[48;2;236;71;48m▀[0m[38;2;249;81;57m[48;2;220;59;38m▀[0m[38;2;167;56;41m▀[0m[38;2;206;57;37m[48;2;134;44;32m▀[0m         [38;2;180;51;32m▀[0m[38;2;68;23;17m▀[0m      [38;2;82;55;95m▀[0m [38;2;237;94;73m▀[0m[38;2;246;100;79m[48;2;255;93;70m▀[0m    
     [38;2;254;111;95m▀[0m[38;2;255;108;90m[48;2;234;63;42m▀[0m[38;2;254;112;97m[48;2;219;59;38m▀[0m[38;2;255;104;86m[48;2;223;59;38m▀[0m[38;2;236;70;47m[48;2;226;59;38m▀[0m[38;2;217;58;37m[48;2;224;59;38m▀[0m[38;2;217;59;38m▀[0m[38;2;12;12;13m▀[0m                           
                                        
                                        
                                        
