                                        
                                        
                                        
                                        
                                [38;2;249;253;255m▄[0m[38;2;246;250;253m▄[0m[38;2;234;235;235m[48;2;249;253;255m▀[0m     
                             [38;2;247;251;254m[48;2;107;99;136m▀[0m[38;2;49;48;54m[48;2;167;223;236m▀[0m[38;2;106;97;139m[48;2;160;215;228m▀[0m[38;2;46;32;50m[48;2;88;71;107m▀[0m[38;2;48;70;82m[48;2;91;75;112m▀[0m[38;2;246;251;253m[48;2;92;84;120m▀[0m[38;2;248;253;255m[48;2;246;250;252m▀[0m[38;2;247;252;255m[48;2;254;255;255m▀[0m   
                      [38;2;122;121;86m▄[0m[38;2;249;248;189m▄[0m   [38;2;186;184;130m▄[0m[38;2;108;99;96m▄[0m[38;2;138;128;172m[48;2;99;91;127m▀[0m[38;2;116;109;145m[48;2;92;84;120m▀[0m[38;2;95;87;123m[48;2;93;85;121m▀[0m[38;2;114;200;223m[48;2;113;198;222m▀[0m[38;2;122;218;243m[48;2;114;200;224m▀[0m[38;2;114;200;223m[48;2;114;201;224m▀[0m[38;2;255;255;255m[48;2;39;52;54m▀[0m[38;2;246;251;253m[48;2;244;248;251m▀[0m[38;2;244;248;251m▄[0m  
                        [38;2;244;240;175m[48;2;191;190;149m▀[0m [38;2;128;129;90m▀[0m[38;2;245;249;252m▀[0m[38;2;130;182;193m[48;2;55;81;87m▀[0m[38;2;93;85;121m[48;2;93;85;121m▀[0m[38;2;93;85;121m[48;2;93;85;121m▀[0m[38;2;93;85;121m[48;2;93;85;121m▀[0m[38;2;115;202;225m[48;2;118;212;236m▀[0m[38;2;114;200;223m[48;2;114;200;223m▀[0m[38;2;114;200;224m[48;2;137;207;226m▀[0m[38;2;237;234;234m[48;2;244;249;251m▀[0m[38;2;245;250;252m[48;2;244;248;251m▀[0m   
             [38;2;249;254;255m▄[0m[38;2;253;254;255m▄[0m      [38;2;243;242;186m▄[0m[38;2;86;107;97m▄[0m[38;2;250;249;211m[48;2;242;240;171m▀[0m[38;2;240;236;167m[48;2;99;171;200m▀[0m[38;2;240;236;167m[48;2;240;236;167m▀[0m[38;2;241;237;169m▄[0m[38;2;244;248;251m[48;2;68;67;48m▀[0m[38;2;245;249;252m[48;2;244;248;251m▀[0m[38;2;92;85;121m[48;2;252;254;254m▀[0m[38;2;93;85;121m[48;2;93;85;121m▀[0m[38;2;93;85;121m[48;2;93;85;121m▀[0m[38;2;66;51;78m[48;2;94;86;122m▀[0m[38;2;114;200;224m[48;2;253;254;255m▀[0m[38;2;88;81;79m[48;2;244;249;251m▀[0m[38;2;247;251;254m[48;2;245;249;252m▀[0m[38;2;195;215;225m[48;2;255;255;255m▀[0m   
        [38;2;246;250;253m▄[0m[38;2;246;250;253m▄[0m[38;2;245;249;252m▄[0m[38;2;249;253;255m▄[0m[38;2;245;249;252m[48;2;249;252;254m▀[0m[38;2;244;249;251m[48;2;92;84;120m▀[0m[38;2;245;249;252m[48;2;114;107;143m▀[0m[38;2;246;250;252m[48;2;245;249;252m▀[0m[38;2;246;250;253m▄[0m   [38;2;202;202;202m▄[0m[38;2;30;28;28m[48;2;142;96;106m▀[0m[38;2;127;228;253m[48;2;144;97;106m▀[0m[38;2;114;200;223m[48;2;76;55;59m▀[0m[38;2;124;217;236m[48;2;88;63;68m▀[0m[38;2;244;248;250m[48;2;93;67;72m▀[0m[38;2;245;250;252m[48;2;246;250;253m▀[0m[38;2;234;233;233m[48;2;245;249;252m▀[0m[38;2;251;253;255m[48;2;250;253;253m▀[0m[38;2;85;84;84m[48;2;249;252;254m▀[0m[38;2;245;249;251m▀[0m[38;2;245;250;252m[48;2;245;249;252m▀[0m[38;2;244;248;252m[48;2;245;249;252m▀[0m[38;2;252;254;255m[48;2;179;197;205m▀[0m[38;2;197;218;227m[48;2;182;190;191m▀[0m[38;2;162;159;158m[48;2;178;197;205m▀[0m    
   [38;2;186;205;214m▀[0m[38;2;179;197;205m▄[0m[38;2;179;195;204m▄[0m[38;2;58;59;59m[48;2;178;197;204m▀[0m[38;2;251;253;255m[48;2;85;87;87m▀[0m[38;2;246;251;254m[48;2;177;195;203m▀[0m[38;2;245;249;252m[48;2;177;196;203m▀[0m[38;2;246;250;252m[48;2;253;254;255m▀[0m[38;2;247;252;254m[48;2;246;250;253m▀[0m[38;2;249;253;255m[48;2;246;250;253m▀[0m[38;2;77;70;105m▀[0m[38;2;93;85;121m[48;2;53;59;59m▀[0m[38;2;91;83;119m▀[0m[38;2;197;211;217m[48;2;178;197;205m▀[0m[38;2;176;195;203m[48;2;207;205;205m▀[0m[38;2;157;158;159m[48;2;140;141;141m▀[0m[38;2;246;249;252m[48;2;116;110;146m▀[0m[38;2;245;250;252m[48;2;84;77;113m▀[0m[38;2;244;248;251m[48;2;245;250;251m▀[0m[38;2;102;72;77m[48;2;245;250;252m▀[0m[38;2;244;249;251m[48;2;245;248;252m▀[0m[38;2;250;252;253m[48;2;135;137;135m▀[0m[38;2;78;58;63m[48;2;251;253;254m▀[0m[38;2;244;249;251m[48;2;247;251;254m▀[0m[38;2;246;250;252m[48;2;248;252;255m▀[0m[38;2;244;248;251m[48;2;247;252;254m▀[0m[38;2;84;85;84m▄[0m[38;2;73;74;74m[48;2;234;234;234m▀[0m[38;2;60;61;61m[48;2;252;254;255m▀[0m[38;2;56;52;85m[48;2;116;129;133m▀[0m[38;2;55;51;85m[48;2;179;198;205m▀[0m[38;2;184;201;209m[48;2;179;197;205m▀[0m[38;2;179;197;205m▀[0m    
  [38;2;177;195;203m▄[0m[38;2;178;196;203m[48;2;176;196;203m▀[0m[38;2;178;198;205m[48;2;87;142;169m▀[0m[38;2;46;81;93m[48;2;85;139;165m▀[0m[38;2;54;90;107m[48;2;87;142;168m▀[0m[38;2;184;203;212m[48;2;87;142;168m▀[0m[38;2;181;199;206m[48;2;92;150;177m▀[0m[38;2;180;198;206m[48;2;179;198;205m▀[0m[38;2;192;212;220m[48;2;36;34;33m▀[0m[38;2;247;251;253m[48;2;247;251;254m▀[0m[38;2;246;250;254m[48;2;248;253;255m▀[0m    [38;2;107;109;109m[48;2;209;210;210m▀[0m[38;2;87;79;120m[48;2;243;243;242m▀[0m[38;2;93;85;121m[48;2;93;85;121m▀[0m[38;2;93;85;121m[48;2;94;86;123m▀[0m[38;2;93;85;121m[48;2;249;252;253m▀[0m[38;2;93;85;121m[48;2;235;235;233m▀[0m[38;2;93;85;121m[48;2;93;85;121m▀[0m[38;2;93;85;121m[48;2;93;85;121m▀[0m[38;2;93;85;121m[48;2;93;85;121m▀[0m[38;2;253;255;255m[48;2;250;253;254m▀[0m[38;2;247;252;255m[48;2;245;250;252m▀[0m[38;2;245;250;252m[48;2;254;255;255m▀[0m[38;2;247;253;255m[48;2;246;250;253m▀[0m[38;2;247;252;255m[48;2;247;250;251m▀[0m[38;2;247;252;255m[48;2;179;198;206m▀[0m[38;2;178;197;205m[48;2;131;143;145m▀[0m[38;2;125;139;145m▀[0m      
   [38;2;196;214;222m[48;2;55;52;85m▀[0m[38;2;54;51;85m[48;2;55;52;86m▀[0m[38;2;55;51;85m[48;2;31;34;46m▀[0m[38;2;96;159;188m[48;2;87;142;168m▀[0m[38;2;56;52;86m[48;2;80;135;158m▀[0m[38;2;87;142;168m[48;2;87;142;169m▀[0m[38;2;87;143;170m[48;2;87;142;168m▀[0m[38;2;178;197;205m[48;2;25;46;52m▀[0m[38;2;179;197;205m[48;2;178;196;204m▀[0m[38;2;89;89;89m[48;2;177;197;204m▀[0m   [38;2;248;252;255m[48;2;245;250;252m▀[0m[38;2;245;250;252m[48;2;244;247;248m▀[0m[38;2;243;247;250m[48;2;178;198;206m▀[0m[38;2;243;249;251m[48;2;178;197;205m▀[0m[38;2;247;251;253m[48;2;94;157;187m▀[0m[38;2;107;98;138m[48;2;44;39;66m▀[0m[38;2;91;82;122m[48;2;82;76;111m▀[0m[38;2;245;250;252m[48;2;85;79;114m▀[0m[38;2;198;199;195m[48;2;220;228;233m▀[0m[38;2;247;251;253m[48;2;215;224;229m▀[0m[38;2;247;251;254m[48;2;179;198;206m▀[0m[38;2;106;107;107m[48;2;180;199;206m▀[0m[38;2;246;250;253m[48;2;249;253;255m▀[0m[38;2;251;254;255m[48;2;94;107;110m▀[0m[38;2;179;197;205m[48;2;37;93;113m▀[0m         
    [38;2;102;172;200m[48;2;4;4;5m▀[0m[38;2;56;52;86m[48;2;57;53;87m▀[0m[38;2;26;17;37m[48;2;56;52;86m▀[0m[38;2;87;143;169m[48;2;56;53;87m▀[0m[38;2;87;142;168m[48;2;87;142;168m▀[0m[38;2;87;142;168m[48;2;87;142;169m▀[0m[38;2;86;141;167m[48;2;86;141;167m▀[0m[38;2;181;198;206m[48;2;178;196;205m▀[0m[38;2;27;29;31m▀[0m   [38;2;253;254;255m[48;2;66;112;121m▀[0m[38;2;239;241;241m[48;2;12;12;12m▀[0m [38;2;207;227;236m▀[0m[38;2;58;54;90m▀[0m[38;2;56;52;86m[48;2;15;16;24m▀[0m[38;2;62;57;95m[48;2;55;101;115m▀[0m[38;2;43;32;62m[48;2;48;40;71m▀[0m[38;2;146;161;160m[48;2;44;36;65m▀[0m[38;2;178;197;205m[48;2;179;197;205m▀[0m[38;2;177;196;204m[48;2;177;196;204m▀[0m[38;2;186;204;212m[48;2;157;173;180m▀[0m[38;2;248;252;255m[48;2;245;249;252m▀[0m[38;2;192;192;192m[48;2;226;226;227m▀[0m[38;2;58;127;153m▀[0m         
     [38;2;4;4;5m▀[0m[38;2;72;66;101m▀[0m[38;2;65;60;94m▀[0m[38;2;55;51;85m[48;2;195;216;220m▀[0m[38;2;36;60;70m[48;2;165;179;185m▀[0m[38;2;211;230;239m[48;2;176;193;199m▀[0m[38;2;178;197;204m[48;2;208;229;238m▀[0m[38;2;194;213;221m▄[0m   [38;2;113;198;222m▀[0m           [38;2;238;225;224m[48;2;123;216;236m▀[0m[38;2;89;89;90m▀[0m          
                                        
                                        
                                        
                                        
                                        
