                                        
                                        
                         [38;2;233;83;94m▄[0m[38;2;251;115;111m[48;2;233;84;94m▀[0m[38;2;234;95;98m[48;2;233;84;94m▀[0m[38;2;205;74;85m▄[0m           
                        [38;2;238;85;95m[48;2;137;51;59m▀[0m[38;2;233;83;94m[48;2;233;82;93m▀[0m[38;2;233;83;94m[48;2;183;62;64m▀[0m[38;2;233;83;94m[48;2;166;58;58m▀[0m[38;2;8;3;3m▀[0m           
                    [38;2;248;94;107m▄[0m[38;2;182;94;89m[48;2;166;58;58m▀[0m[38;2;166;57;58m[48;2;166;59;59m▀[0m[38;2;169;58;59m[48;2;169;58;59m▀[0m[38;2;188;64;65m[48;2;40;35;31m▀[0m[38;2;166;58;58m[48;2;41;36;32m▀[0m[38;2;166;58;58m[48;2;40;35;31m▀[0m[38;2;89;31;32m▀[0m            
                    [38;2;168;58;59m▀[0m[38;2;112;33;35m[48;2;167;59;59m▀[0m[38;2;44;38;34m[48;2;165;58;58m▀[0m[38;2;171;59;59m[48;2;166;58;58m▀[0m[38;2;165;58;58m[48;2;166;58;58m▀[0m[38;2;165;58;58m[48;2;166;58;58m▀[0m              
                  [38;2;24;21;19m[48;2;238;91;106m▀[0m[38;2;248;93;106m[48;2;233;84;94m▀[0m[38;2;187;64;65m[48;2;127;46;46m▀[0m[38;2;165;58;58m[48;2;171;56;58m▀[0m[38;2;167;58;59m[48;2;44;38;34m▀[0m[38;2;168;58;59m[48;2;42;36;33m▀[0m[38;2;166;58;58m[48;2;40;36;32m▀[0m               
            [38;2;196;66;70m▄[0m[38;2;189;63;68m▄[0m[38;2;11;5;5m▄[0m [38;2;17;15;15m▄[0m[38;2;56;51;46m[48;2;243;88;100m▀[0m[38;2;233;83;94m[48;2;163;57;57m▀[0m[38;2;165;57;57m[48;2;106;43;44m▀[0m[38;2;12;12;10m[48;2;14;11;10m▀[0m[38;2;41;39;34m[48;2;165;58;58m▀[0m[38;2;166;59;59m[48;2;164;57;58m▀[0m[38;2;165;57;58m▀[0m                
          [38;2;50;18;21m▄[0m[38;2;187;64;67m[48;2;193;66;69m▀[0m[38;2;184;63;65m[48;2;38;40;35m▀[0m[38;2;213;71;75m[48;2;19;15;15m▀[0m  [38;2;39;34;31m[48;2;27;13;13m▀[0m[38;2;147;55;55m[48;2;122;51;52m▀[0m[38;2;71;26;27m[48;2;40;35;31m▀[0m[38;2;42;39;34m[48;2;75;33;34m▀[0m[38;2;124;52;52m[48;2;132;54;54m▀[0m[38;2;139;56;56m▀[0m                  
       [38;2;235;85;95m▄[0m[38;2;232;82;93m[48;2;233;83;94m▀[0m[38;2;233;83;94m[48;2;76;70;64m▀[0m[38;2;198;68;81m▄[0m[38;2;39;43;38m[48;2;233;83;94m▀[0m[38;2;185;63;66m[48;2;75;70;64m▀[0m[38;2;78;74;68m▄[0m [38;2;40;35;31m[48;2;41;36;32m▀[0m[38;2;122;51;52m[48;2;218;174;166m▀[0m[38;2;126;51;52m[48;2;67;63;62m▀[0m[38;2;125;107;101m[48;2;255;254;254m▀[0m[38;2;163;57;57m[48;2;161;53;56m▀[0m[38;2;166;58;57m[48;2;107;105;187m▀[0m[38;2;233;84;94m▄[0m                  
      [38;2;183;61;65m[48;2;184;63;65m▀[0m[38;2;233;83;94m[48;2;27;7;10m▀[0m[38;2;233;87;99m[48;2;72;65;61m▀[0m[38;2;77;73;66m[48;2;239;87;97m▀[0m[38;2;233;83;94m[48;2;235;85;95m▀[0m[38;2;77;71;66m[48;2;144;48;56m▀[0m[38;2;233;84;94m[48;2;233;84;94m▀[0m[38;2;233;84;94m[48;2;233;83;94m▀[0m[38;2;120;43;51m▄[0m[38;2;16;19;17m[48;2;84;34;35m▀[0m[38;2;93;37;39m[48;2;187;62;63m▀[0m[38;2;208;59;69m[48;2;229;84;96m▀[0m[38;2;255;250;250m[48;2;233;83;94m▀[0m[38;2;43;40;37m[48;2;233;83;94m▀[0m[38;2;217;75;82m[48;2;233;83;94m▀[0m[38;2;254;94;109m[48;2;172;111;116m▀[0m[38;2;232;84;93m[48;2;253;225;218m▀[0m                 
       [38;2;233;83;94m[48;2;235;84;95m▀[0m[38;2;73;66;62m▀[0m[38;2;235;88;96m[48;2;26;15;15m▀[0m[38;2;239;86;97m[48;2;235;100;100m▀[0m[38;2;68;70;62m[48;2;64;70;63m▀[0m[38;2;233;84;94m[48;2;49;55;49m▀[0m[38;2;233;83;94m[48;2;232;85;94m▀[0m[38;2;233;83;94m[48;2;233;84;94m▀[0m[38;2;224;80;93m[48;2;233;84;94m▀[0m[38;2;165;58;58m[48;2;233;83;94m▀[0m[38;2;233;84;94m[48;2;233;83;94m▀[0m[38;2;233;84;94m[48;2;202;74;85m▀[0m[38;2;233;84;94m[48;2;240;86;96m▀[0m[38;2;233;83;94m[48;2;233;83;94m▀[0m[38;2;252;93;106m[48;2;154;52;54m▀[0m[38;2;13;7;7m▀[0m                 
       [38;2;29;9;9m▀[0m [38;2;76;70;65m[48;2;75;68;63m▀[0m[38;2;240;90;101m[48;2;77;68;63m▀[0m[38;2;233;83;94m[48;2;31;27;24m▀[0m[38;2;137;44;53m[48;2;233;84;94m▀[0m[38;2;76;68;63m[48;2;233;83;94m▀[0m[38;2;56;42;40m[48;2;233;83;94m▀[0m[38;2;83;76;69m[48;2;240;86;98m▀[0m[38;2;51;33;32m[48;2;234;83;94m▀[0m[38;2;185;62;73m[48;2;225;77;88m▀[0m[38;2;239;85;97m[48;2;222;75;88m▀[0m[38;2;233;83;94m[48;2;233;83;94m▀[0m[38;2;233;83;94m[48;2;233;84;94m▀[0m[38;2;22;7;7m[48;2;244;88;98m▀[0m                  
           [38;2;73;66;61m▀[0m[38;2;75;68;63m▀[0m[38;2;76;69;64m▀[0m[38;2;46;54;48m[48;2;75;68;63m▀[0m[38;2;61;21;25m[48;2;77;70;66m▀[0m[38;2;104;36;42m[48;2;86;78;73m▀[0m[38;2;39;52;46m[48;2;83;25;27m▀[0m[38;2;76;70;65m[48;2;84;25;26m▀[0m[38;2;73;66;61m[48;2;211;73;79m▀[0m[38;2;233;84;94m[48;2;233;84;94m▀[0m[38;2;235;95;98m[48;2;233;83;94m▀[0m[38;2;233;84;94m▄[0m      [38;2;41;36;32m▄[0m[38;2;39;34;31m▄[0m [38;2;28;25;23m▄[0m[38;2;41;36;32m[48;2;40;35;31m▀[0m      
                  [38;2;158;55;55m▀[0m[38;2;239;86;96m▀[0m[38;2;233;84;94m[48;2;232;84;93m▀[0m[38;2;233;84;94m[48;2;233;82;93m▀[0m[38;2;233;84;94m[48;2;228;84;96m▀[0m[38;2;238;84;97m[48;2;233;83;94m▀[0m[38;2;219;83;93m[48;2;237;110;103m▀[0m[38;2;233;84;94m▄[0m[38;2;137;43;52m▄[0m[38;2;79;72;67m[48;2;42;36;32m▀[0m[38;2;42;36;33m[48;2;165;57;57m▀[0m[38;2;160;63;65m[48;2;233;83;94m▀[0m[38;2;246;87;97m[48;2;41;36;31m▀[0m[38;2;40;36;32m[48;2;126;51;52m▀[0m[38;2;123;52;52m[48;2;7;6;6m▀[0m[38;2;26;23;21m▀[0m      
                     [38;2;172;59;61m[48;2;215;141;148m▀[0m[38;2;165;54;55m[48;2;13;8;10m▀[0m[38;2;232;83;93m▀[0m[38;2;233;83;94m[48;2;168;62;72m▀[0m[38;2;233;83;94m[48;2;233;84;94m▀[0m[38;2;33;36;31m[48;2;26;33;28m▀[0m[38;2;38;12;13m[48;2;233;83;94m▀[0m[38;2;233;84;94m[48;2;233;83;94m▀[0m[38;2;37;33;29m[48;2;41;36;33m▀[0m[38;2;40;35;31m▀[0m         
                    [38;2;249;182;190m▄[0m                   
                  [38;2;249;195;204m▄[0m                     
                                        
                                        
