                                        
                                        
           [38;2;252;253;255m[48;2;252;253;255m▀[0m[38;2;252;253;255m[48;2;252;253;255m▀[0m[38;2;251;253;255m▄[0m                          
           [38;2;252;253;255m[48;2;252;253;255m▀[0m[38;2;252;253;255m[48;2;252;253;255m▀[0m[38;2;251;253;255m[48;2;252;253;255m▀[0m[38;2;252;253;255m[48;2;251;253;255m▀[0m[38;2;252;253;255m▄[0m                        
           [38;2;246;246;246m▀[0m[38;2;251;253;255m[48;2;251;253;255m▀[0m[38;2;252;253;255m[48;2;252;253;255m▀[0m[38;2;252;253;255m[48;2;239;235;232m▀[0m[38;2;252;253;255m[48;2;251;253;255m▀[0m[38;2;252;253;255m▄[0m                       
            [38;2;252;253;255m[48;2;252;253;255m▀[0m[38;2;195;170;152m[48;2;195;170;153m▀[0m[38;2;195;170;152m[48;2;195;170;152m▀[0m[38;2;195;170;153m[48;2;195;170;153m▀[0m[38;2;246;242;238m[48;2;195;170;153m▀[0m[38;2;252;253;255m▄[0m         [38;2;185;182;181m▄[0m[38;2;253;255;255m▄[0m[38;2;252;253;255m▄[0m[38;2;252;253;255m▄[0m[38;2;252;251;250m▄[0m        
            [38;2;205;202;202m▀[0m[38;2;195;170;152m[48;2;195;170;152m▀[0m[38;2;195;168;149m[48;2;197;172;154m▀[0m[38;2;252;253;255m[48;2;252;253;255m▀[0m[38;2;195;170;152m[48;2;196;172;155m▀[0m[38;2;222;212;207m[48;2;195;170;152m▀[0m    [38;2;218;217;215m▄[0m[38;2;251;253;255m▄[0m[38;2;221;219;219m[48;2;251;253;255m▀[0m[38;2;252;253;255m[48;2;252;253;255m▀[0m[38;2;252;253;255m[48;2;252;253;255m▀[0m[38;2;252;253;255m[48;2;251;253;255m▀[0m[38;2;251;253;255m[48;2;252;253;255m▀[0m[38;2;251;253;255m[48;2;252;253;255m▀[0m[38;2;251;253;255m[48;2;251;253;255m▀[0m[38;2;251;253;255m[48;2;252;253;255m▀[0m[38;2;252;253;255m[48;2;251;253;255m▀[0m[38;2;252;255;255m▄[0m      
         [38;2;251;244;231m▄[0m   [38;2;200;172;151m▀[0m[38;2;195;170;153m[48;2;195;170;153m▀[0m[38;2;252;253;255m[48;2;248;248;246m▀[0m[38;2;241;236;230m[48;2;250;248;245m▀[0m[38;2;195;170;152m[48;2;255;254;246m▀[0m[38;2;50;49;48m▄[0m[38;2;161;160;161m▄[0m[38;2;194;169;153m▄[0m[38;2;252;252;251m[48;2;194;169;153m▀[0m[38;2;196;172;157m[48;2;194;169;153m▀[0m[38;2;193;168;151m[48;2;194;169;152m▀[0m[38;2;202;181;169m[48;2;194;169;152m▀[0m[38;2;253;255;255m[48;2;194;169;153m▀[0m[38;2;251;253;255m[48;2;201;183;171m▀[0m[38;2;252;253;255m[48;2;252;253;255m▀[0m[38;2;251;253;255m[48;2;251;253;255m▀[0m[38;2;252;253;255m[48;2;252;253;255m▀[0m[38;2;251;253;255m[48;2;252;253;255m▀[0m[38;2;251;253;255m[48;2;252;253;255m▀[0m[38;2;251;253;255m[48;2;252;253;255m▀[0m[38;2;252;253;255m[48;2;252;253;255m▀[0m[38;2;252;253;255m▄[0m     
        [38;2;248;202;206m▄[0m[38;2;248;208;196m▄[0m[38;2;135;114;104m[48;2;245;195;203m▀[0m[38;2;248;206;200m[48;2;245;197;203m▀[0m[38;2;188;165;136m[48;2;247;199;203m▀[0m[38;2;8;6;4m[48;2;255;221;235m▀[0m[38;2;209;180;158m[48;2;248;204;211m▀[0m[38;2;255;255;249m[48;2;248;201;205m▀[0m[38;2;255;254;247m[48;2;41;38;25m▀[0m[38;2;200;199;198m[48;2;176;159;157m▀[0m[38;2;204;193;191m[48;2;195;170;154m▀[0m[38;2;195;170;154m[48;2;250;249;246m▀[0m[38;2;194;169;153m[48;2;252;253;255m▀[0m[38;2;196;173;157m[48;2;251;253;255m▀[0m[38;2;245;240;232m[48;2;251;253;255m▀[0m[38;2;251;248;244m[48;2;251;253;255m▀[0m[38;2;194;169;151m[48;2;251;253;255m▀[0m[38;2;194;168;152m[48;2;194;169;152m▀[0m[38;2;194;169;152m[48;2;193;169;153m▀[0m[38;2;251;253;255m[48;2;253;255;255m▀[0m[38;2;252;253;255m[48;2;252;253;255m▀[0m[38;2;251;253;255m[48;2;252;253;255m▀[0m[38;2;252;253;255m[48;2;252;253;255m▀[0m[38;2;252;253;255m[48;2;251;253;255m▀[0m[38;2;252;253;255m[48;2;252;253;255m▀[0m[38;2;252;253;255m[48;2;252;253;255m▀[0m[38;2;251;253;255m[48;2;251;253;255m▀[0m[38;2;233;232;232m▄[0m    
      [38;2;48;43;39m▄[0m[38;2;71;70;68m[48;2;255;254;247m▀[0m[38;2;255;254;246m[48;2;255;254;247m▀[0m[38;2;255;254;247m[48;2;255;254;247m▀[0m[38;2;255;254;247m[48;2;255;254;246m▀[0m[38;2;246;197;202m[48;2;255;255;246m▀[0m[38;2;247;199;203m[48;2;245;195;202m▀[0m[38;2;246;199;204m[48;2;247;198;203m▀[0m[38;2;245;197;203m[48;2;247;199;203m▀[0m[38;2;247;201;205m[48;2;247;200;205m▀[0m[38;2;246;198;203m[48;2;247;199;203m▀[0m[38;2;249;203;205m[48;2;247;200;204m▀[0m[38;2;250;248;247m[48;2;255;255;254m▀[0m[38;2;252;253;255m[48;2;178;165;165m▀[0m[38;2;251;253;255m[48;2;194;169;153m▀[0m[38;2;252;253;255m[48;2;194;169;152m▀[0m[38;2;251;253;255m[48;2;194;169;152m▀[0m[38;2;253;253;253m[48;2;194;169;152m▀[0m[38;2;192;166;148m[48;2;194;169;153m▀[0m[38;2;194;169;153m[48;2;194;168;152m▀[0m[38;2;194;168;152m[48;2;253;252;250m▀[0m[38;2;252;253;255m[48;2;252;253;255m▀[0m[38;2;252;253;255m[48;2;251;253;255m▀[0m[38;2;251;253;255m[48;2;252;253;255m▀[0m[38;2;252;253;255m[48;2;252;253;255m▀[0m[38;2;252;253;255m[48;2;252;253;255m▀[0m[38;2;252;253;255m[48;2;251;253;255m▀[0m[38;2;251;253;255m[48;2;252;253;255m▀[0m[38;2;252;253;255m[48;2;251;253;255m▀[0m[38;2;252;252;252m[48;2;150;144;143m▀[0m    
      [38;2;27;25;24m[48;2;255;255;247m▀[0m[38;2;255;254;247m[48;2;223;224;223m▀[0m[38;2;255;254;246m[48;2;211;210;207m▀[0m[38;2;255;254;247m[48;2;255;254;247m▀[0m[38;2;47;42;37m[48;2;48;43;39m▀[0m[38;2;255;252;247m[48;2;44;40;37m▀[0m[38;2;111;109;63m[48;2;244;216;210m▀[0m[38;2;246;198;203m[48;2;246;198;203m▀[0m[38;2;247;199;203m[48;2;246;198;203m▀[0m[38;2;248;202;205m[48;2;247;199;205m▀[0m[38;2;248;202;205m[48;2;249;204;205m▀[0m[38;2;247;200;191m[48;2;249;203;205m▀[0m[38;2;253;236;206m[48;2;253;237;214m▀[0m[38;2;255;254;246m[48;2;255;254;247m▀[0m[38;2;253;253;249m▄[0m[38;2;255;255;254m▄[0m[38;2;155;153;157m▀[0m[38;2;250;248;244m▀[0m[38;2;255;255;253m▀[0m[38;2;252;253;255m▀[0m[38;2;252;253;255m▀[0m[38;2;252;253;255m▀[0m[38;2;252;253;255m▀[0m[38;2;252;253;255m▀[0m[38;2;252;253;255m▀[0m[38;2;252;253;255m▀[0m[38;2;252;253;255m▀[0m[38;2;255;255;255m▀[0m      
      [38;2;183;142;132m▀[0m[38;2;255;255;248m[48;2;238;184;186m▀[0m[38;2;255;254;247m[48;2;229;168;164m▀[0m[38;2;255;255;247m[48;2;252;227;210m▀[0m[38;2;191;167;150m[48;2;193;177;165m▀[0m[38;2;48;43;39m[48;2;247;200;203m▀[0m[38;2;247;199;204m[48;2;246;198;203m▀[0m[38;2;245;196;203m[48;2;246;198;203m▀[0m[38;2;247;200;204m[48;2;246;198;203m▀[0m[38;2;247;199;204m[48;2;247;200;205m▀[0m[38;2;249;204;205m[48;2;246;200;204m▀[0m[38;2;249;203;205m[48;2;249;205;201m▀[0m[38;2;255;255;251m[48;2;255;254;247m▀[0m[38;2;255;254;247m[48;2;255;254;246m▀[0m[38;2;255;254;247m[48;2;255;254;246m▀[0m[38;2;255;254;246m▄[0m                  
        [38;2;228;166;163m▀[0m[38;2;229;170;166m[48;2;50;43;30m▀[0m[38;2;228;168;164m[48;2;228;167;164m▀[0m[38;2;229;169;164m[48;2;228;167;164m▀[0m[38;2;233;175;174m[48;2;229;168;164m▀[0m[38;2;243;192;197m[48;2;229;168;164m▀[0m[38;2;247;200;201m[48;2;230;175;183m▀[0m[38;2;249;204;204m[48;2;228;218;185m▀[0m[38;2;249;206;201m[48;2;247;244;228m▀[0m[38;2;255;254;247m[48;2;255;254;247m▀[0m[38;2;255;254;247m[48;2;255;254;247m▀[0m[38;2;255;254;246m[48;2;255;254;247m▀[0m[38;2;255;254;247m[48;2;255;254;247m▀[0m[38;2;255;255;253m▄[0m                  
         [38;2;68;66;55m▀[0m[38;2;228;223;186m▀[0m[38;2;229;223;187m[48;2;229;222;185m▀[0m[38;2;228;221;183m[48;2;10;10;10m▀[0m[38;2;228;221;183m[48;2;229;221;184m▀[0m[38;2;228;222;183m[48;2;240;234;197m▀[0m[38;2;229;222;185m[48;2;229;222;185m▀[0m[38;2;228;221;185m[48;2;228;221;184m▀[0m[38;2;245;241;223m[48;2;229;222;186m▀[0m[38;2;255;255;247m[48;2;250;248;234m▀[0m[38;2;249;247;225m[48;2;224;224;198m▀[0m                    
           [38;2;78;77;79m▀[0m [38;2;234;228;195m▀[0m[38;2;76;74;75m[48;2;73;73;73m▀[0m [38;2;66;64;54m▀[0m[38;2;76;76;77m▀[0m[38;2;62;61;53m[48;2;76;76;76m▀[0m  [38;2;78;76;77m▄[0m                  
               [38;2;67;65;64m▄[0m     [38;2;77;76;77m[48;2;77;76;77m▀[0m  [38;2;77;75;77m▀[0m[38;2;74;72;73m▀[0m              
             [38;2;77;75;77m▄[0m  [38;2;76;76;76m▀[0m[38;2;71;69;69m▄[0m                      
                 [38;2;76;75;76m▀[0m[38;2;77;76;76m▀[0m                     
                                        
                                        
