                                        
                                        
        [38;2;79;58;50m[48;2;154;114;97m▀[0m[38;2;86;63;55m[48;2;156;116;99m▀[0m      [38;2;173;128;110m▄[0m[38;2;64;47;41m[48;2;156;116;99m▀[0m[38;2;41;31;27m▄[0m                     
        [38;2;156;116;99m[48;2;154;115;98m▀[0m[38;2;161;120;102m[48;2;237;161;140m▀[0m[38;2;156;116;99m[48;2;157;117;100m▀[0m    [38;2;44;32;28m[48;2;176;130;111m▀[0m[38;2;156;116;99m[48;2;199;136;118m▀[0m[38;2;156;116;99m[48;2;156;116;99m▀[0m[38;2;29;22;20m▀[0m                     
        [38;2;172;127;109m▀[0m[38;2;237;162;140m[48;2;237;161;139m▀[0m[38;2;165;122;104m[48;2;102;71;63m▀[0m[38;2;61;61;64m[48;2;59;60;62m▀[0m[38;2;58;60;62m[48;2;58;60;61m▀[0m[38;2;49;49;51m[48;2;58;59;61m▀[0m[38;2;101;75;63m[48;2;167;124;105m▀[0m[38;2;237;162;140m[48;2;237;162;140m▀[0m[38;2;107;75;66m[48;2;154;115;98m▀[0m[38;2;156;116;99m[48;2;151;112;95m▀[0m                      
         [38;2;94;70;59m▀[0m[38;2;201;140;121m[48;2;97;66;58m▀[0m[38;2;28;33;36m[48;2;120;88;75m▀[0m[38;2;25;27;27m[48;2;59;60;62m▀[0m[38;2;60;62;64m[48;2;58;59;61m▀[0m[38;2;207;147;128m[48;2;89;63;54m▀[0m[38;2;246;180;156m[48;2;110;81;69m▀[0m[38;2;157;117;100m[48;2;77;77;78m▀[0m[38;2;95;96;98m▄[0m                      
        [38;2;39;39;39m▄[0m[38;2;67;68;69m[48;2;93;94;96m▀[0m[38;2;103;104;106m[48;2;114;80;65m▀[0m[38;2;95;66;54m[48;2;24;31;35m▀[0m[38;2;99;100;102m[48;2;93;95;97m▀[0m[38;2;94;95;97m[48;2;91;91;93m▀[0m[38;2;113;84;72m[48;2;32;32;33m▀[0m[38;2;157;116;99m[48;2;156;116;99m▀[0m[38;2;89;91;93m[48;2;168;124;105m▀[0m[38;2;31;32;33m[48;2;90;91;93m▀[0m                      
         [38;2;49;37;32m[48;2;160;120;102m▀[0m[38;2;252;239;222m[48;2;252;230;213m▀[0m[38;2;88;76;72m[48;2;183;136;116m▀[0m[38;2;156;116;99m[48;2;156;116;99m▀[0m[38;2;156;116;99m[48;2;74;46;35m▀[0m[38;2;255;255;255m[48;2;189;188;187m▀[0m[38;2;96;67;56m[48;2;244;244;244m▀[0m[38;2;156;116;99m[48;2;156;116;99m▀[0m[38;2;94;95;97m[48;2;24;22;22m▀[0m[38;2;93;94;97m[48;2;94;95;97m▀[0m                     
        [38;2;237;203;188m▄[0m[38;2;154;140;130m[48;2;237;203;188m▀[0m[38;2;246;211;195m[48;2;237;203;187m▀[0m[38;2;54;52;48m[48;2;237;203;188m▀[0m[38;2;156;116;99m[48;2;146;134;124m▀[0m[38;2;40;30;25m[48;2;156;116;99m▀[0m[38;2;67;62;62m[48;2;255;255;255m▀[0m[38;2;181;180;180m[48;2;216;218;219m▀[0m[38;2;156;116;99m[48;2;237;202;187m▀[0m[38;2;156;116;99m[48;2;156;116;99m▀[0m[38;2;93;94;96m[48;2;92;93;94m▀[0m                     
        [38;2;236;201;186m[48;2;237;203;188m▀[0m[38;2;239;204;189m[48;2;219;198;183m▀[0m[38;2;64;59;58m[48;2;67;61;60m▀[0m[38;2;236;202;186m[48;2;237;203;188m▀[0m[38;2;237;202;187m[48;2;237;203;188m▀[0m[38;2;157;117;100m[48;2;156;116;99m▀[0m[38;2;157;117;99m[48;2;159;118;101m▀[0m[38;2;157;117;100m[48;2;139;103;89m▀[0m[38;2;237;202;187m[48;2;157;116;99m▀[0m[38;2;156;116;99m[48;2;156;116;99m▀[0m[38;2;62;44;36m[48;2;156;116;99m▀[0m[38;2;76;58;50m▄[0m[38;2;159;118;100m▄[0m[38;2;156;116;99m▄[0m[38;2;156;116;99m▄[0m[38;2;157;116;99m▄[0m[38;2;158;119;102m▄[0m[38;2;164;128;112m▄[0m[38;2;23;18;15m▄[0m             
        [38;2;118;98;88m▀[0m[38;2;193;161;146m▀[0m[38;2;187;155;140m▀[0m[38;2;47;42;39m▀[0m[38;2;42;32;28m▀[0m[38;2;138;102;88m▄[0m[38;2;110;81;70m[48;2;110;81;70m▀[0m[38;2;110;81;70m[48;2;159;118;101m▀[0m[38;2;156;116;99m[48;2;157;116;99m▀[0m[38;2;156;116;99m[48;2;157;117;100m▀[0m[38;2;156;117;100m[48;2;157;117;100m▀[0m[38;2;156;116;99m[48;2;156;116;99m▀[0m[38;2;156;116;99m[48;2;156;116;99m▀[0m[38;2;156;116;99m[48;2;156;116;99m▀[0m[38;2;157;117;100m[48;2;157;117;100m▀[0m[38;2;156;116;99m[48;2;157;117;100m▀[0m[38;2;156;116;99m[48;2;156;116;99m▀[0m[38;2;155;116;100m[48;2;156;116;99m▀[0m[38;2;165;127;111m[48;2;160;122;106m▀[0m[38;2;24;26;27m[48;2;165;128;112m▀[0m[38;2;58;59;60m[48;2;61;62;64m▀[0m[38;2;59;59;62m▄[0m[38;2;36;36;37m▄[0m         
             [38;2;121;89;76m[48;2;61;46;39m▀[0m[38;2;157;117;100m[48;2;156;116;99m▀[0m[38;2;156;116;99m[48;2;154;113;97m▀[0m[38;2;157;116;99m[48;2;246;212;197m▀[0m[38;2;156;116;99m[48;2;156;116;99m▀[0m[38;2;156;116;99m[48;2;156;116;99m▀[0m[38;2;160;122;106m[48;2;165;127;112m▀[0m[38;2;156;116;99m[48;2;160;122;105m▀[0m[38;2;154;114;96m[48;2;237;202;187m▀[0m[38;2;157;116;99m[48;2;156;116;99m▀[0m[38;2;156;116;99m[48;2;157;117;99m▀[0m[38;2;156;116;99m[48;2;237;203;188m▀[0m[38;2;157;117;100m[48;2;156;116;99m▀[0m[38;2;156;116;99m[48;2;156;116;99m▀[0m[38;2;165;128;112m[48;2;157;116;99m▀[0m[38;2;60;62;64m[48;2;59;61;62m▀[0m[38;2;60;61;64m[48;2;20;22;23m▀[0m[38;2;61;62;64m[48;2;58;59;61m▀[0m[38;2;45;45;46m[48;2;58;59;61m▀[0m        
              [38;2;113;83;71m[48;2;113;83;72m▀[0m[38;2;237;202;187m[48;2;167;133;117m▀[0m[38;2;237;203;188m[48;2;237;203;187m▀[0m[38;2;157;117;100m[48;2;163;120;101m▀[0m[38;2;156;116;99m[48;2;156;116;99m▀[0m[38;2;165;128;113m[48;2;163;125;109m▀[0m[38;2;152;113;96m[48;2;202;166;149m▀[0m[38;2;237;202;188m[48;2;203;170;156m▀[0m[38;2;237;203;188m[48;2;176;145;131m▀[0m[38;2;237;203;188m[48;2;160;132;120m▀[0m[38;2;237;202;187m[48;2;36;28;25m▀[0m[38;2;156;116;99m[48;2;157;116;99m▀[0m[38;2;156;116;99m[48;2;156;116;99m▀[0m[38;2;156;116;99m[48;2;156;116;99m▀[0m[38;2;58;60;61m[48;2;59;60;62m▀[0m[38;2;58;59;61m[48;2;58;59;61m▀[0m[38;2;59;61;62m▀[0m[38;2;59;60;62m▀[0m        
               [38;2;110;81;70m[48;2;74;60;53m▀[0m[38;2;56;40;35m[48;2;158;130;118m▀[0m[38;2;171;127;108m[48;2;240;206;191m▀[0m[38;2;156;116;99m[48;2;134;96;80m▀[0m[38;2;156;116;99m[48;2;137;102;87m▀[0m   [38;2;140;112;101m▄[0m[38;2;126;100;90m[48;2;126;100;90m▀[0m[38;2;78;61;53m▀[0m[38;2;156;116;99m▀[0m[38;2;157;117;100m[48;2;156;116;99m▀[0m[38;2;237;203;188m▄[0m           
                [38;2;157;130;118m▀[0m[38;2;237;202;188m[48;2;237;203;188m▀[0m[38;2;248;224;207m[48;2;237;202;187m▀[0m   [38;2;126;101;91m▄[0m[38;2;126;101;90m[48;2;125;100;91m▀[0m[38;2;126;100;90m[48;2;126;100;90m▀[0m[38;2;1;1;1m▀[0m [38;2;236;200;186m[48;2;237;203;188m▀[0m[38;2;237;202;188m[48;2;237;202;187m▀[0m           
               [38;2;245;226;209m▄[0m[38;2;24;20;19m[48;2;237;203;188m▀[0m[38;2;237;203;188m[48;2;237;203;188m▀[0m[38;2;238;203;189m[48;2;237;203;187m▀[0m[38;2;157;130;118m[48;2;156;129;116m▀[0m[38;2;34;28;24m▄[0m [38;2;126;100;90m[48;2;126;101;91m▀[0m[38;2;126;100;90m[48;2;126;100;90m▀[0m[38;2;126;101;91m[48;2;126;100;90m▀[0m[38;2;99;80;72m▀[0m[38;2;237;202;187m[48;2;212;176;161m▀[0m[38;2;237;202;187m[48;2;237;203;188m▀[0m[38;2;237;203;188m[48;2;237;202;187m▀[0m[38;2;237;202;187m[48;2;227;196;178m▀[0m          
              [38;2;61;54;49m▄[0m[38;2;237;203;187m[48;2;237;202;187m▀[0m[38;2;237;203;188m[48;2;237;203;188m▀[0m[38;2;237;203;188m[48;2;237;203;188m▀[0m[38;2;237;202;187m[48;2;237;203;188m▀[0m[38;2;156;129;116m[48;2;155;128;115m▀[0m[38;2;157;130;118m[48;2;28;23;21m▀[0m [38;2;41;42;43m▀[0m[38;2;60;48;43m▀[0m[38;2;126;101;91m▀[0m [38;2;237;203;187m[48;2;92;92;94m▀[0m[38;2;237;203;188m[48;2;30;32;35m▀[0m[38;2;237;202;187m[48;2;237;202;187m▀[0m[38;2;237;203;188m[48;2;237;203;188m▀[0m          
              [38;2;52;56;58m[48;2;101;102;104m▀[0m[38;2;19;16;15m[48;2;90;90;93m▀[0m[38;2;237;203;187m[48;2;100;101;104m▀[0m[38;2;237;203;188m[48;2;251;221;205m▀[0m[38;2;237;203;188m▀[0m                     
                                        
                                        
