                                        
                                        
                                        
                                        
                                        
                                        
                                 [38;2;217;209;106m▄[0m[38;2;187;177;99m▄[0m     
   [38;2;237;210;48m▄[0m[38;2;240;236;69m▄[0m[38;2;241;240;83m[48;2;236;201;42m▀[0m[38;2;171;139;47m[48;2;176;115;33m▀[0m[38;2;218;201;59m[48;2;154;97;31m▀[0m          [38;2;241;240;81m▄[0m[38;2;236;206;43m▄[0m[38;2;237;211;45m▄[0m[38;2;21;13;6m▄[0m         [38;2;236;202;42m▄[0m[38;2;238;219;50m[48;2;235;199;42m▀[0m[38;2;237;212;45m[48;2;236;202;42m▀[0m[38;2;236;199;42m[48;2;236;200;42m▀[0m[38;2;100;63;20m[48;2;236;200;42m▀[0m[38;2;236;203;42m▄[0m   
  [38;2;237;211;44m[48;2;234;189;40m▀[0m[38;2;236;200;42m[48;2;215;147;36m▀[0m[38;2;234;187;41m[48;2;157;102;31m▀[0m[38;2;46;34;18m[48;2;21;9;7m▀[0m[38;2;135;80;29m[48;2;189;125;33m▀[0m[38;2;139;84;29m[48;2;168;108;32m▀[0m[38;2;228;157;38m▄[0m    [38;2;241;241;85m▄[0m[38;2;3;3;3m[48;2;239;224;56m▀[0m[38;2;187;124;33m[48;2;185;122;33m▀[0m[38;2;236;200;42m[48;2;110;82;25m▀[0m[38;2;236;200;42m[48;2;236;206;43m▀[0m[38;2;236;201;42m[48;2;236;202;42m▀[0m[38;2;237;212;44m[48;2;217;151;36m▀[0m[38;2;236;200;42m[48;2;234;189;41m▀[0m[38;2;186;123;34m[48;2;147;90;30m▀[0m[38;2;136;82;29m▄[0m       [38;2;236;197;44m▄[0m[38;2;162;103;32m[48;2;132;77;29m▀[0m[38;2;200;135;35m[48;2;8;8;8m▀[0m[38;2;237;208;43m[48;2;237;212;44m▀[0m[38;2;237;210;44m[48;2;236;200;42m▀[0m[38;2;237;211;44m[48;2;237;205;43m▀[0m[38;2;235;199;42m[48;2;237;212;45m▀[0m[38;2;239;225;52m▄[0m  
  [38;2;236;199;42m▀[0m[38;2;48;37;12m[48;2;236;202;42m▀[0m[38;2;214;151;36m[48;2;236;200;42m▀[0m[38;2;181;119;33m[48;2;190;125;33m▀[0m[38;2;179;116;33m[48;2;189;125;34m▀[0m[38;2;62;37;19m▀[0m[38;2;5;5;5m▀[0m   [38;2;35;25;13m[48;2;242;242;101m▀[0m[38;2;66;46;23m[48;2;237;207;43m▀[0m[38;2;235;199;42m[48;2;235;199;42m▀[0m[38;2;237;212;45m[48;2;236;201;42m▀[0m[38;2;236;199;42m[48;2;236;203;44m▀[0m[38;2;238;223;52m[48;2;236;203;43m▀[0m[38;2;237;206;42m[48;2;59;49;25m▀[0m[38;2;230;160;37m[48;2;0;0;0m▀[0m[38;2;145;88;29m[48;2;166;107;32m▀[0m[38;2;139;85;30m[48;2;139;85;30m▀[0m[38;2;132;77;29m[48;2;134;79;29m▀[0m[38;2;95;58;25m[48;2;151;95;31m▀[0m[38;2;29;13;12m▄[0m[38;2;239;230;58m▄[0m[38;2;32;27;17m▄[0m [38;2;247;244;148m▄[0m[38;2;237;215;47m▄[0m[38;2;235;199;42m▄[0m[38;2;144;89;30m[48;2;236;202;42m▀[0m[38;2;6;6;6m[48;2;178;116;33m▀[0m[38;2;176;114;33m[48;2;178;117;33m▀[0m[38;2;239;226;53m[48;2;180;118;34m▀[0m[38;2;236;204;42m[48;2;236;200;42m▀[0m[38;2;236;204;42m[48;2;235;199;42m▀[0m[38;2;233;176;39m[48;2;236;197;41m▀[0m  
   [38;2;240;231;58m▀[0m[38;2;235;199;42m[48;2;237;212;45m▀[0m[38;2;199;134;35m[48;2;236;200;42m▀[0m[38;2;181;118;33m[48;2;193;129;34m▀[0m[38;2;203;139;35m▄[0m    [38;2;196;131;34m[48;2;226;205;44m▀[0m[38;2;202;206;215m[48;2;231;231;232m▀[0m[38;2;233;192;41m[48;2;235;234;234m▀[0m[38;2;83;51;24m[48;2;235;190;41m▀[0m[38;2;136;119;28m[48;2;236;200;42m▀[0m[38;2;62;43;21m[48;2;236;200;42m▀[0m[38;2;229;230;232m[48;2;242;241;89m▀[0m[38;2;96;78;60m[48;2;237;212;44m▀[0m[38;2;168;108;32m[48;2;197;132;35m▀[0m[38;2;140;84;30m[48;2;137;82;29m▀[0m[38;2;143;88;30m[48;2;131;78;29m▀[0m[38;2;232;176;39m[48;2;150;94;30m▀[0m[38;2;236;202;42m[48;2;156;98;30m▀[0m[38;2;237;212;44m[48;2;235;189;40m▀[0m[38;2;237;212;45m[48;2;235;193;41m▀[0m[38;2;32;25;13m[48;2;235;199;42m▀[0m[38;2;237;208;43m[48;2;235;199;42m▀[0m[38;2;236;201;42m[48;2;236;202;42m▀[0m[38;2;236;200;42m[48;2;237;208;43m▀[0m[38;2;237;232;65m[48;2;234;186;40m▀[0m[38;2;230;159;38m[48;2;222;153;37m▀[0m[38;2;190;125;34m▀[0m[38;2;0;0;0m▀[0m[38;2;29;25;19m▀[0m    
    [38;2;69;50;22m▀[0m[38;2;236;205;43m[48;2;240;234;62m▀[0m[38;2;236;200;42m[48;2;236;200;42m▀[0m[38;2;237;209;43m[48;2;236;200;42m▀[0m[38;2;1;1;1m[48;2;116;80;25m▀[0m [38;2;237;211;44m▄[0m[38;2;211;144;35m▄[0m[38;2;7;7;7m[48;2;38;20;19m▀[0m[38;2;203;195;169m[48;2;237;212;45m▀[0m[38;2;239;233;70m[48;2;117;82;26m▀[0m[38;2;239;224;57m[48;2;18;15;14m▀[0m[38;2;236;206;43m[48;2;185;123;33m▀[0m[38;2;237;214;45m[48;2;236;201;42m▀[0m[38;2;119;77;25m[48;2;235;199;42m▀[0m[38;2;70;48;19m[48;2;227;161;37m▀[0m[38;2;156;98;31m[48;2;135;81;29m▀[0m[38;2;142;86;30m[48;2;155;96;31m▀[0m[38;2;162;103;32m[48;2;4;4;4m▀[0m[38;2;144;89;30m[48;2;136;81;29m▀[0m    [38;2;1;1;1m▀[0m           
     [38;2;225;219;99m▀[0m[38;2;237;208;43m[48;2;142;99;28m▀[0m[38;2;237;211;45m[48;2;237;204;42m▀[0m[38;2;236;203;42m[48;2;237;212;44m▀[0m[38;2;237;214;45m▄[0m[38;2;236;202;42m[48;2;226;169;38m▀[0m[38;2;219;151;36m▀[0m[38;2;1;0;0m▀[0m[38;2;178;116;33m▀[0m[38;2;237;209;44m[48;2;18;16;9m▀[0m[38;2;236;199;42m[48;2;236;201;42m▀[0m[38;2;236;200;42m[48;2;236;202;42m▀[0m[38;2;237;212;45m[48;2;226;156;37m▀[0m[38;2;235;193;41m[48;2;136;89;29m▀[0m[38;2;184;123;34m[48;2;108;68;23m▀[0m[38;2;142;87;30m[48;2;142;87;30m▀[0m[38;2;131;78;29m[48;2;143;87;29m▀[0m[38;2;150;93;30m▀[0m                 
        [38;2;64;43;19m▀[0m[38;2;226;216;54m▀[0m      [38;2;11;10;10m▀[0m[38;2;141;86;30m▀[0m[38;2;137;82;29m▀[0m[38;2;135;82;29m▀[0m                    
                                        
                                        
                                        
                                        
                                        
                                        
