                                        
                                        
                   [38;2;235;245;251m▄[0m[38;2;225;239;247m▄[0m[38;2;191;217;231m▄[0m[38;2;209;229;237m▄[0m[38;2;237;247;253m▄[0m[38;2;178;208;224m▄[0m               
              [38;2;202;224;63m▄[0m[38;2;255;255;255m▄[0m[38;2;255;255;255m▄[0m[38;2;253;255;255m[48;2;255;255;255m▀[0m[38;2;203;225;235m[48;2;251;253;253m▀[0m[38;2;189;217;229m[48;2;189;217;229m▀[0m[38;2;189;217;229m[48;2;189;217;229m▀[0m[38;2;189;217;229m[48;2;189;217;229m▀[0m[38;2;189;217;229m[48;2;189;217;229m▀[0m[38;2;189;217;229m[48;2;189;217;229m▀[0m[38;2;235;245;251m[48;2;189;217;229m▀[0m[38;2;187;215;229m▄[0m[38;2;161;192;214m[48;2;81;88;21m▀[0m             
            [38;2;34;39;13m▄[0m[38;2;183;203;49m▀[0m[38;2;218;232;240m[48;2;255;255;255m▀[0m[38;2;255;255;255m[48;2;255;255;255m▀[0m[38;2;255;255;255m[48;2;255;255;255m▀[0m[38;2;255;255;255m▀[0m[38;2;189;217;229m▄[0m[38;2;189;217;229m[48;2;189;217;229m▀[0m[38;2;189;217;229m[48;2;189;217;229m▀[0m[38;2;191;217;229m[48;2;94;173;202m▀[0m[38;2;189;217;229m[48;2;89;160;189m▀[0m[38;2;189;217;229m[48;2;189;217;229m▀[0m[38;2;189;217;229m[48;2;189;217;229m▀[0m[38;2;189;217;231m[48;2;189;217;229m▀[0m[38;2;70;100;113m[48;2;156;203;152m▀[0m[38;2;195;216;51m[48;2;192;213;51m▀[0m[38;2;177;206;222m[48;2;189;217;231m▀[0m           
           [38;2;208;231;56m▄[0m[38;2;221;245;57m▀[0m[38;2;201;223;235m[48;2;189;217;229m▀[0m[38;2;189;217;229m[48;2;189;217;229m▀[0m[38;2;76;96;96m[48;2;98;182;214m▀[0m[38;2;88;152;182m[48;2;88;154;182m▀[0m[38;2;95;174;204m[48;2;91;162;193m▀[0m[38;2;66;129;145m[48;2;104;147;162m▀[0m[38;2;45;70;69m[48;2;107;151;166m▀[0m[38;2;95;174;202m[48;2;112;157;174m▀[0m[38;2;95;175;204m[48;2;94;174;203m▀[0m[38;2;88;154;183m[48;2;90;160;191m▀[0m[38;2;95;174;203m[48;2;92;128;137m▀[0m[38;2;189;217;229m[48;2;107;151;166m▀[0m[38;2;189;217;229m[48;2;38;70;71m▀[0m [38;2;2;3;1m[48;2;154;202;154m▀[0m[38;2;4;5;1m[48;2;186;206;50m▀[0m[38;2;189;217;229m[48;2;189;217;229m▀[0m          
           [38;2;187;207;50m[48;2;201;222;53m▀[0m[38;2;235;247;251m[48;2;189;217;229m▀[0m[38;2;195;221;233m[48;2;191;217;229m▀[0m[38;2;189;217;229m[48;2;121;167;186m▀[0m[38;2;54;88;89m[48;2;105;148;163m▀[0m[38;2;106;150;165m[48;2;108;152;168m▀[0m[38;2;107;151;167m[48;2;112;157;174m▀[0m[38;2;107;150;166m[48;2;108;153;168m▀[0m[38;2;105;148;163m[48;2;108;152;167m▀[0m[38;2;107;150;165m[48;2;95;180;211m▀[0m[38;2;104;148;163m[48;2;115;193;214m▀[0m[38;2;91;130;141m[48;2;115;193;214m▀[0m[38;2;55;81;80m[48;2;94;174;203m▀[0m[38;2;74;107;112m[48;2;95;174;203m▀[0m[38;2;105;148;163m[48;2;95;174;203m▀[0m[38;2;104;147;162m[48;2;94;173;201m▀[0m[38;2;82;109;83m[48;2;187;207;50m▀[0m[38;2;187;207;50m[48;2;187;208;50m▀[0m[38;2;191;217;229m[48;2;223;241;59m▀[0m[38;2;189;215;229m[48;2;189;217;231m▀[0m         
          [38;2;223;243;84m[48;2;177;194;54m▀[0m[38;2;187;207;50m[48;2;127;139;55m▀[0m[38;2;73;136;159m▄[0m[38;2;118;198;219m[48;2;115;193;214m▀[0m[38;2;96;175;204m[48;2;94;174;203m▀[0m[38;2;97;181;213m[48;2;170;219;238m▀[0m[38;2;105;148;163m[48;2;97;178;210m▀[0m[38;2;106;149;164m[48;2;105;149;164m▀[0m[38;2;106;149;164m[48;2;74;132;148m▀[0m[38;2;166;215;232m[48;2;181;232;252m▀[0m[38;2;102;181;207m[48;2;98;183;214m▀[0m[38;2;117;194;214m[48;2;94;174;204m▀[0m[38;2;115;193;215m[48;2;95;174;203m▀[0m[38;2;95;174;203m[48;2;95;174;203m▀[0m[38;2;95;174;203m[48;2;95;174;203m▀[0m[38;2;95;174;203m[48;2;94;174;203m▀[0m[38;2;104;191;224m[48;2;94;174;203m▀[0m[38;2;126;139;55m[48;2;127;139;55m▀[0m[38;2;126;139;55m[48;2;126;139;55m▀[0m[38;2;125;138;55m[48;2;144;159;61m▀[0m[38;2;189;217;229m[48;2;189;217;229m▀[0m         
          [38;2;186;207;48m▀[0m[38;2;126;139;55m[48;2;126;139;55m▀[0m[38;2;95;173;202m[48;2;97;179;209m▀[0m[38;2;95;175;204m[48;2;92;169;197m▀[0m[38;2;95;174;203m[48;2;93;170;198m▀[0m[38;2;168;217;235m[48;2;87;160;184m▀[0m[38;2;68;120;133m[48;2;93;128;105m▀[0m[38;2;88;128;144m[48;2;61;89;98m▀[0m[38;2;113;159;175m[48;2;166;213;154m▀[0m[38;2;180;232;251m[48;2;67;100;106m▀[0m[38;2;95;176;205m[48;2;95;174;203m▀[0m[38;2;95;174;203m[48;2;87;153;182m▀[0m[38;2;95;175;204m[48;2;87;153;182m▀[0m[38;2;95;174;203m[48;2;87;153;182m▀[0m[38;2;95;175;204m[48;2;87;153;182m▀[0m[38;2;95;174;203m[48;2;87;153;182m▀[0m[38;2;94;175;203m[48;2;91;167;196m▀[0m[38;2;31;32;11m[48;2;126;139;55m▀[0m[38;2;126;139;55m[48;2;145;160;62m▀[0m[38;2;177;203;213m▀[0m[38;2;189;217;229m▀[0m         
           [38;2;21;23;8m▀[0m[38;2;89;98;41m[48;2;126;139;55m▀[0m[38;2;83;151;181m[48;2;73;157;191m▀[0m[38;2;86;152;181m[48;2;71;116;125m▀[0m[38;2;96;138;148m[48;2;69;115;126m▀[0m[38;2;160;207;150m[48;2;41;78;80m▀[0m[38;2;94;125;129m[48;2;84;123;128m▀[0m[38;2;157;203;149m[48;2;105;159;128m▀[0m[38;2;99;141;153m[48;2;71;115;125m▀[0m[38;2;86;123;132m[48;2;70;114;124m▀[0m[38;2;49;76;74m[48;2;71;117;126m▀[0m[38;2;86;153;182m[48;2;69;115;125m▀[0m[38;2;87;153;182m[48;2;70;115;124m▀[0m[38;2;86;153;182m[48;2;62;104;109m▀[0m[38;2;87;153;182m[48;2;52;103;113m▀[0m[38;2;99;176;209m[48;2;127;139;55m▀[0m[38;2;126;139;55m[48;2;137;151;57m▀[0m[38;2;85;130;140m[48;2;72;118;127m▀[0m[38;2;190;216;228m[48;2;203;226;233m▀[0m          
             [38;2;127;140;55m▀[0m[38;2;72;116;126m[48;2;126;139;55m▀[0m[38;2;72;116;125m[48;2;10;11;5m▀[0m[38;2;72;117;127m[48;2;104;114;45m▀[0m[38;2;72;117;126m[48;2;71;115;124m▀[0m[38;2;72;117;126m[48;2;71;115;124m▀[0m[38;2;71;115;124m[48;2;71;115;125m▀[0m[38;2;71;114;124m[48;2;76;124;135m▀[0m[38;2;72;117;127m[48;2;126;140;55m▀[0m[38;2;72;116;126m[48;2;12;22;27m▀[0m[38;2;71;115;125m[48;2;70;115;125m▀[0m[38;2;71;116;124m[48;2;54;88;97m▀[0m[38;2;28;32;15m[48;2;126;139;55m▀[0m[38;2;126;139;55m[48;2;27;44;49m▀[0m[38;2;70;116;127m[48;2;195;219;230m▀[0m[38;2;193;218;229m▀[0m           
               [38;2;125;138;54m▀[0m[38;2;124;137;55m▀[0m[38;2;126;139;55m[48;2;130;144;56m▀[0m[38;2;132;145;57m[48;2;125;138;55m▀[0m[38;2;131;144;57m[48;2;126;139;55m▀[0m[38;2;126;139;55m[48;2;126;139;55m▀[0m[38;2;126;139;55m[48;2;126;139;55m▀[0m[38;2;21;36;42m[48;2;125;139;55m▀[0m[38;2;75;83;34m[48;2;61;69;33m▀[0m[38;2;127;140;55m[48;2;87;99;52m▀[0m[38;2;37;65;65m[48;2;104;116;58m▀[0m[38;2;25;41;37m▀[0m             
          [38;2;190;210;50m▄[0m[38;2;187;207;50m▄[0m[38;2;44;49;13m[48;2;182;201;51m▀[0m[38;2;191;212;52m▀[0m[38;2;154;170;58m▀[0m[38;2;133;147;58m▀[0m[38;2;55;62;26m▀[0m[38;2;154;171;61m▄[0m[38;2;126;139;55m[48;2;81;90;111m▀[0m[38;2;137;151;60m[48;2;92;104;115m▀[0m[38;2;126;139;55m[48;2;194;214;49m▀[0m[38;2;126;138;55m[48;2;164;181;57m▀[0m[38;2;115;128;52m[48;2;129;142;56m▀[0m[38;2;134;148;59m▀[0m[38;2;93;108;56m[48;2;155;173;43m▀[0m[38;2;27;32;17m[48;2;189;210;50m▀[0m[38;2;64;74;40m▄[0m[38;2;86;98;52m▄[0m            
         [38;2;166;184;64m▀[0m[38;2;151;168;58m[48;2;151;168;58m▀[0m[38;2;153;170;58m[48;2;151;168;58m▀[0m[38;2;153;170;58m▀[0m   [38;2;28;32;36m▄[0m[38;2;213;228;89m[48;2;105;117;130m▀[0m[38;2;93;104;115m[48;2;94;104;115m▀[0m[38;2;93;103;115m[48;2;93;104;116m▀[0m[38;2;92;103;116m[48;2;93;104;115m▀[0m[38;2;187;206;50m[48;2;98;109;27m▀[0m[38;2;126;139;55m[48;2;138;153;60m▀[0m [38;2;3;3;1m[48;2;95;106;44m▀[0m[38;2;188;209;49m[48;2;127;140;55m▀[0m[38;2;190;210;49m[48;2;126;140;55m▀[0m[38;2;139;152;39m[48;2;129;142;56m▀[0m[38;2;85;98;52m[48;2;86;98;52m▀[0m[38;2;98;110;54m[48;2;86;99;52m▀[0m          
          [38;2;159;176;57m[48;2;187;207;50m▀[0m[38;2;0;0;2m▀[0m    [38;2;95;105;120m[48;2;0;0;0m▀[0m[38;2;94;105;116m[48;2;93;104;116m▀[0m[38;2;94;104;115m[48;2;93;104;116m▀[0m[38;2;94;104;115m[48;2;93;103;115m▀[0m[38;2;92;104;115m[48;2;92;103;115m▀[0m[38;2;95;106;118m[48;2;68;76;83m▀[0m[38;2;53;61;67m[48;2;52;60;67m▀[0m  [38;2;142;156;60m▀[0m[38;2;126;139;55m[48;2;126;139;55m▀[0m[38;2;146;162;63m[48;2;111;123;50m▀[0m[38;2;86;98;52m[48;2;87;100;53m▀[0m[38;2;87;100;54m[48;2;120;133;54m▀[0m          
          [38;2;187;207;50m[48;2;187;208;50m▀[0m      [38;2;93;103;115m▀[0m[38;2;92;103;115m[48;2;93;103;116m▀[0m[38;2;93;104;116m[48;2;94;105;117m▀[0m[38;2;92;103;114m[48;2;19;23;25m▀[0m[38;2;53;60;68m▀[0m[38;2;0;0;0m▀[0m   [38;2;126;139;55m[48;2;126;139;55m▀[0m[38;2;81;89;37m[48;2;39;44;19m▀[0m[38;2;86;98;52m[48;2;95;108;57m▀[0m[38;2;84;94;37m[48;2;29;32;14m▀[0m          
          [38;2;187;207;50m[48;2;187;207;50m▀[0m        [38;2;1;2;2m▀[0m      [38;2;126;139;55m[48;2;137;151;61m▀[0m[38;2;2;2;3m[48;2;0;0;0m▀[0m[38;2;0;0;0m▀[0m[38;2;8;8;3m▀[0m          
          [38;2;212;235;56m▀[0m                             
                                        
                                        
