                                        
                      [38;2;226;112;121m▄[0m                 
                    [38;2;223;102;112m▄[0m[38;2;226;112;121m[48;2;233;146;152m▀[0m[38;2;226;112;121m[48;2;224;101;111m▀[0m[38;2;128;115;118m▄[0m                
               [38;2;242;121;132m[48;2;226;109;119m▀[0m[38;2;232;115;125m[48;2;245;205;208m▀[0m [38;2;110;174;148m▄[0m[38;2;12;14;12m[48;2;82;137;115m▀[0m[38;2;245;207;211m[48;2;245;206;210m▀[0m[38;2;245;206;210m[48;2;245;206;210m▀[0m[38;2;251;219;224m[48;2;246;206;210m▀[0m[38;2;121;111;116m▀[0m                
              [38;2;109;97;99m▄[0m[38;2;61;57;57m[48;2;122;193;165m▀[0m[38;2;247;206;209m[48;2;234;201;203m▀[0m[38;2;249;218;220m▄[0m[38;2;130;207;176m[48;2;107;185;154m▀[0m[38;2;18;30;24m[48;2;198;150;150m▀[0m[38;2;246;206;210m[48;2;247;207;211m▀[0m[38;2;246;207;211m[48;2;248;208;211m▀[0m[38;2;26;24;24m▄[0m                 
               [38;2;122;193;165m[48;2;249;222;226m▀[0m[38;2;40;31;32m[48;2;248;235;239m▀[0m[38;2;119;192;163m[48;2;68;63;63m▀[0m[38;2;245;204;207m[48;2;246;206;210m▀[0m[38;2;246;207;211m[48;2;245;206;210m▀[0m[38;2;246;207;211m[48;2;60;64;62m▀[0m[38;2;246;206;210m[48;2;246;120;142m▀[0m[38;2;244;210;214m[48;2;246;206;210m▀[0m[38;2;79;75;76m[48;2;245;206;210m▀[0m[38;2;246;206;210m▄[0m[38;2;255;229;234m▄[0m[38;2;255;255;255m▄[0m[38;2;255;255;255m▄[0m[38;2;255;255;255m▄[0m           
             [38;2;44;42;42m▄[0m[38;2;255;255;255m▄[0m[38;2;52;43;46m▄[0m[38;2;246;207;211m[48;2;246;207;211m▀[0m[38;2;245;206;210m[48;2;246;206;210m▀[0m[38;2;246;207;211m[48;2;246;206;211m▀[0m[38;2;142;133;135m[48;2;221;108;120m▀[0m[38;2;249;116;135m[48;2;226;112;122m▀[0m[38;2;227;113;122m[48;2;252;150;158m▀[0m[38;2;245;206;209m[48;2;134;119;120m▀[0m[38;2;246;207;211m▀[0m[38;2;245;206;210m▀[0m[38;2;246;206;210m[48;2;253;236;237m▀[0m[38;2;255;255;255m[48;2;255;255;255m▀[0m[38;2;255;255;255m[48;2;255;255;255m▀[0m[38;2;255;255;255m[48;2;197;176;177m▀[0m[38;2;47;42;42m[48;2;190;167;169m▀[0m          
             [38;2;228;228;228m[48;2;203;194;199m▀[0m[38;2;255;255;255m[48;2;246;206;210m▀[0m[38;2;218;111;121m[48;2;245;206;210m▀[0m[38;2;50;48;47m[48;2;240;132;139m▀[0m[38;2;83;73;73m[48;2;228;114;124m▀[0m[38;2;255;255;255m[48;2;216;214;213m▀[0m[38;2;255;255;255m[48;2;87;76;77m▀[0m[38;2;255;255;255m[48;2;69;125;106m▀[0m[38;2;150;134;135m▀[0m [38;2;226;116;125m▄[0m[38;2;226;112;121m▄[0m[38;2;146;77;83m[48;2;57;29;32m▀[0m[38;2;75;41;44m[48;2;146;77;83m▀[0m[38;2;149;79;85m[48;2;146;77;83m▀[0m[38;2;232;224;224m[48;2;228;115;123m▀[0m[38;2;255;255;255m▀[0m          
           [38;2;204;202;201m▀[0m[38;2;255;255;255m[48;2;255;255;255m▀[0m[38;2;249;217;219m[48;2;255;255;255m▀[0m[38;2;246;207;211m[48;2;249;251;251m▀[0m[38;2;247;234;236m[48;2;226;113;122m▀[0m[38;2;230;132;139m[48;2;230;133;141m▀[0m[38;2;226;112;121m[48;2;226;112;121m▀[0m[38;2;221;109;118m[48;2;228;113;122m▀[0m[38;2;159;80;87m[48;2;147;113;113m▀[0m[38;2;146;77;83m[48;2;170;128;129m▀[0m[38;2;157;167;166m▄[0m[38;2;251;239;238m[48;2;255;255;255m▀[0m[38;2;230;132;141m[48;2;226;112;121m▀[0m[38;2;226;112;121m[48;2;226;112;121m▀[0m[38;2;226;112;121m[48;2;226;112;122m▀[0m[38;2;143;76;82m[48;2;186;94;101m▀[0m[38;2;146;77;84m[48;2;146;77;83m▀[0m[38;2;143;76;82m▀[0m           
              [38;2;207;207;207m[48;2;239;239;239m▀[0m[38;2;226;112;122m[48;2;226;112;121m▀[0m[38;2;226;112;121m[48;2;226;112;121m▀[0m[38;2;226;112;122m[48;2;226;112;121m▀[0m[38;2;227;112;121m[48;2;228;113;123m▀[0m[38;2;68;53;52m[48;2;61;46;46m▀[0m[38;2;172;130;131m[48;2;173;131;132m▀[0m[38;2;255;255;255m[48;2;163;86;93m▀[0m[38;2;255;255;255m[48;2;159;158;156m▀[0m[38;2;226;112;122m[48;2;246;217;216m▀[0m[38;2;226;112;121m[48;2;226;112;121m▀[0m[38;2;226;112;121m[48;2;226;112;121m▀[0m[38;2;227;112;122m[48;2;226;112;121m▀[0m             
              [38;2;252;244;243m▄[0m[38;2;228;118;126m[48;2;226;112;121m▀[0m[38;2;226;112;121m[48;2;226;112;121m▀[0m[38;2;226;112;121m[48;2;226;112;122m▀[0m[38;2;214;106;114m[48;2;158;80;87m▀[0m[38;2;53;47;47m[48;2;62;47;47m▀[0m[38;2;242;235;235m[48;2;255;255;255m▀[0m[38;2;255;255;255m[48;2;255;255;255m▀[0m[38;2;37;12;14m[48;2;246;206;211m▀[0m[38;2;255;255;255m[48;2;255;255;255m▀[0m[38;2;226;109;119m[48;2;226;112;121m▀[0m[38;2;226;112;121m[48;2;226;112;121m▀[0m[38;2;226;112;121m[48;2;226;112;122m▀[0m[38;2;0;0;0m[48;2;88;43;47m▀[0m            
             [38;2;255;255;255m[48;2;255;255;255m▀[0m[38;2;226;112;121m[48;2;226;112;121m▀[0m[38;2;226;112;121m[48;2;226;112;121m▀[0m[38;2;226;112;121m[48;2;226;112;121m▀[0m[38;2;226;112;121m[48;2;226;112;121m▀[0m[38;2;108;55;61m[48;2;146;77;83m▀[0m[38;2;74;117;100m[48;2;75;118;102m▀[0m[38;2;120;55;62m[48;2;224;105;115m▀[0m[38;2;246;207;211m[48;2;250;215;219m▀[0m[38;2;246;205;209m[48;2;246;206;210m▀[0m[38;2;255;255;255m[48;2;255;255;255m▀[0m[38;2;226;112;122m[48;2;226;112;121m▀[0m[38;2;226;112;121m[48;2;226;112;121m▀[0m[38;2;226;112;122m[48;2;226;112;121m▀[0m[38;2;116;58;63m[48;2;23;14;15m▀[0m            
            [38;2;230;114;123m▄[0m[38;2;47;46;46m[48;2;42;31;31m▀[0m[38;2;226;112;122m[48;2;226;112;122m▀[0m[38;2;226;112;121m[48;2;226;112;121m▀[0m[38;2;226;112;121m[48;2;226;112;121m▀[0m[38;2;152;74;80m[48;2;145;75;81m▀[0m[38;2;146;77;83m[48;2;145;77;83m▀[0m[38;2;25;15;17m[48;2;184;92;100m▀[0m[38;2;226;112;120m[48;2;226;112;122m▀[0m[38;2;244;203;207m[48;2;246;210;214m▀[0m[38;2;245;206;210m[48;2;228;142;148m▀[0m[38;2;192;192;192m[48;2;133;119;122m▀[0m[38;2;235;157;158m[48;2;255;255;255m▀[0m[38;2;226;112;121m[48;2;226;112;121m▀[0m[38;2;226;112;121m[48;2;226;112;121m▀[0m[38;2;132;69;75m[48;2;144;77;82m▀[0m[38;2;12;7;7m▄[0m           
           [38;2;255;255;255m▄[0m[38;2;226;112;121m[48;2;249;229;226m▀[0m[38;2;244;208;206m[48;2;224;102;113m▀[0m[38;2;226;112;121m[48;2;226;112;121m▀[0m[38;2;226;112;121m[48;2;226;112;121m▀[0m[38;2;52;24;27m[48;2;168;80;89m▀[0m[38;2;144;74;81m[48;2;145;76;83m▀[0m[38;2;146;77;83m[48;2;146;78;84m▀[0m[38;2;147;75;83m[48;2;212;167;164m▀[0m[38;2;226;112;121m[48;2;226;112;121m▀[0m[38;2;250;224;227m[48;2;246;202;205m▀[0m[38;2;231;135;143m[48;2;232;138;145m▀[0m[38;2;120;62;68m[48;2;39;20;22m▀[0m[38;2;255;255;255m[48;2;255;255;255m▀[0m[38;2;226;112;121m[48;2;226;112;121m▀[0m[38;2;226;112;121m[48;2;226;112;121m▀[0m[38;2;148;77;85m[48;2;146;77;84m▀[0m[38;2;145;77;84m[48;2;229;111;121m▀[0m[38;2;255;255;255m▄[0m          
           [38;2;255;255;255m[48;2;255;255;255m▀[0m[38;2;255;255;255m[48;2;197;196;195m▀[0m[38;2;230;130;135m[48;2;141;224;191m▀[0m[38;2;226;112;121m▀[0m [38;2;107;51;57m▀[0m[38;2;146;77;83m[48;2;143;72;79m▀[0m[38;2;161;97;101m[48;2;198;155;154m▀[0m[38;2;185;153;149m[48;2;49;45;46m▀[0m[38;2;226;112;121m[48;2;225;112;121m▀[0m[38;2;228;118;129m[48;2;225;104;114m▀[0m[38;2;236;159;164m[48;2;246;205;208m▀[0m[38;2;68;35;37m[48;2;38;20;21m▀[0m[38;2;255;255;255m[48;2;211;209;209m▀[0m[38;2;226;112;121m[48;2;226;112;121m▀[0m[38;2;19;10;11m[48;2;158;90;94m▀[0m[38;2;143;76;83m[48;2;255;255;255m▀[0m[38;2;255;255;255m[48;2;255;255;255m▀[0m[38;2;255;255;255m[48;2;255;255;255m▀[0m[38;2;254;254;254m▄[0m         
            [38;2;9;11;9m[48;2;22;33;27m▀[0m[38;2;47;71;60m▀[0m   [38;2;194;149;148m[48;2;198;156;154m▀[0m[38;2;203;165;162m[48;2;146;77;83m▀[0m[38;2;254;221;225m[48;2;245;202;205m▀[0m[38;2;223;97;107m[48;2;247;209;213m▀[0m[38;2;226;113;121m[48;2;226;112;122m▀[0m[38;2;246;210;214m[48;2;247;210;214m▀[0m [38;2;101;159;135m▄[0m[38;2;229;113;122m▀[0m  [38;2;100;98;98m▀[0m[38;2;255;255;255m▀[0m[38;2;255;255;255m▀[0m         
                  [38;2;147;77;83m[48;2;137;106;105m▀[0m[38;2;226;112;121m[48;2;226;111;121m▀[0m[38;2;246;207;211m[48;2;249;218;223m▀[0m[38;2;226;112;121m[48;2;223;97;108m▀[0m[38;2;230;129;138m[48;2;229;115;125m▀[0m [38;2;140;212;183m▀[0m               
                  [38;2;247;197;201m▀[0m[38;2;226;108;117m[48;2;252;227;231m▀[0m[38;2;226;112;122m[48;2;12;6;6m▀[0m[38;2;246;207;212m▀[0m                  
                                        
                                        
