                                        
                      [38;2;49;248;129m▄[0m                 
                    [38;2;36;246;120m▄[0m[38;2;49;248;129m[48;2;120;248;148m▀[0m[38;2;49;248;129m[48;2;44;246;114m▀[0m[38;2;128;126;107m▄[0m                
               [38;2;55;253;137m[48;2;45;248;126m▀[0m[38;2;51;249;133m[48;2;240;248;178m▀[0m [38;2;110;174;148m▄[0m[38;2;5;6;5m[48;2;82;137;115m▀[0m[38;2;242;248;181m[48;2;241;248;180m▀[0m[38;2;241;248;180m[48;2;242;248;180m▀[0m[38;2;249;253;198m[48;2;242;249;179m▀[0m[38;2;121;118;106m▀[0m                
              [38;2;108;108;90m▄[0m[38;2;58;69;54m[48;2;122;193;165m▀[0m[38;2;241;250;179m[48;2;228;236;179m▀[0m[38;2;243;252;198m▄[0m[38;2;130;207;176m[48;2;107;185;154m▀[0m[38;2;10;34;21m[48;2;186;202;118m▀[0m[38;2;242;249;180m[48;2;243;250;180m▀[0m[38;2;242;249;180m[48;2;242;251;182m▀[0m[38;2;25;26;21m▄[0m                 
               [38;2;122;193;165m[48;2;246;249;204m▀[0m[38;2;39;40;25m[48;2;249;248;227m▀[0m[38;2;119;192;163m[48;2;68;72;61m▀[0m[38;2;239;248;176m[48;2;242;249;179m▀[0m[38;2;242;249;181m[48;2;241;248;180m▀[0m[38;2;242;249;181m[48;2;59;69;52m▀[0m[38;2;242;249;179m[48;2;52;251;119m▀[0m[38;2;242;246;186m[48;2;242;249;180m▀[0m[38;2;79;79;73m[48;2;241;248;180m▀[0m[38;2;242;249;180m▄[0m[38;2;255;255;211m▄[0m[38;2;255;255;255m▄[0m[38;2;255;255;255m▄[0m[38;2;255;255;255m▄[0m           
             [38;2;40;42;41m▄[0m[38;2;255;255;255m▄[0m[38;2;49;47;35m▄[0m[38;2;242;249;181m[48;2;242;249;181m▀[0m[38;2;241;248;180m[48;2;242;249;180m▀[0m[38;2;242;249;180m[48;2;242;248;180m▀[0m[38;2;143;141;127m[48;2;47;242;120m▀[0m[38;2;43;254;121m[48;2;50;247;128m▀[0m[38;2;50;245;130m[48;2;93;255;164m▀[0m[38;2;241;248;180m[48;2;112;136;123m▀[0m[38;2;242;249;181m▀[0m[38;2;241;248;180m▀[0m[38;2;242;249;180m[48;2;250;255;225m▀[0m[38;2;255;255;255m[48;2;255;255;255m▀[0m[38;2;255;255;255m[48;2;255;255;255m▀[0m[38;2;255;255;255m[48;2;164;201;181m▀[0m[38;2;28;34;32m[48;2;154;195;171m▀[0m          
             [38;2;228;228;228m[48;2;199;201;190m▀[0m[38;2;255;255;255m[48;2;242;249;180m▀[0m[38;2;54;228;124m[48;2;242;248;181m▀[0m[38;2;49;49;46m[48;2;72;249;151m▀[0m[38;2;83;83;65m[48;2;51;238;129m▀[0m[38;2;255;255;255m[48;2;214;216;212m▀[0m[38;2;255;255;255m[48;2;68;86;75m▀[0m[38;2;255;255;255m[48;2;69;125;106m▀[0m[38;2;125;153;137m▀[0m [38;2;55;247;132m▄[0m[38;2;49;248;129m▄[0m[38;2;39;159;85m[48;2;14;62;33m▀[0m[38;2;21;83;46m[48;2;39;159;85m▀[0m[38;2;40;163;88m[48;2;39;159;86m▀[0m[38;2;219;233;226m[48;2;52;249;134m▀[0m[38;2;255;255;255m▀[0m          
           [38;2;205;202;200m▀[0m[38;2;255;255;255m[48;2;255;255;255m▀[0m[38;2;244;251;195m[48;2;255;255;255m▀[0m[38;2;242;249;181m[48;2;249;251;251m▀[0m[38;2;247;247;226m[48;2;51;248;130m▀[0m[38;2;78;249;147m[48;2;80;249;146m▀[0m[38;2;49;248;129m[48;2;49;248;129m▀[0m[38;2;47;243;126m[48;2;50;250;130m▀[0m[38;2;36;174;91m[48;2;139;150;91m▀[0m[38;2;39;159;86m[48;2;160;173;101m▀[0m[38;2;162;167;157m▄[0m[38;2;231;253;244m[48;2;255;255;255m▀[0m[38;2;78;249;144m[48;2;49;248;129m▀[0m[38;2;49;248;129m[48;2;49;248;129m▀[0m[38;2;49;248;129m[48;2;49;248;128m▀[0m[38;2;39;156;86m[48;2;42;204;106m▀[0m[38;2;39;159;85m[48;2;39;159;86m▀[0m[38;2;39;155;83m▀[0m           
              [38;2;207;207;207m[48;2;238;239;239m▀[0m[38;2;49;248;128m[48;2;49;248;129m▀[0m[38;2;49;248;129m[48;2;49;248;129m▀[0m[38;2;49;248;128m[48;2;49;248;129m▀[0m[38;2;49;249;129m[48;2;50;250;130m▀[0m[38;2;62;69;41m[48;2;57;62;36m▀[0m[38;2;163;175;102m[48;2;164;176;103m▀[0m[38;2;255;255;255m[48;2;86;163;116m▀[0m[38;2;255;255;255m[48;2;158;158;157m▀[0m[38;2;49;248;128m[48;2;199;252;227m▀[0m[38;2;49;248;129m[48;2;49;248;129m▀[0m[38;2;49;248;129m[48;2;49;248;129m▀[0m[38;2;49;249;128m[48;2;49;248;129m▀[0m             
              [38;2;238;254;247m▄[0m[38;2;58;248;137m[48;2;49;248;129m▀[0m[38;2;49;248;129m[48;2;49;248;129m▀[0m[38;2;49;248;129m[48;2;49;248;128m▀[0m[38;2;46;234;123m[48;2;37;173;90m▀[0m[38;2;43;54;49m[48;2;58;64;38m▀[0m[38;2;231;243;237m[48;2;255;255;255m▀[0m[38;2;255;255;255m[48;2;255;255;255m▀[0m[38;2;15;37;22m[48;2;242;249;180m▀[0m[38;2;255;255;255m[48;2;255;255;255m▀[0m[38;2;44;248;126m[48;2;49;248;129m▀[0m[38;2;49;248;129m[48;2;49;248;129m▀[0m[38;2;49;248;129m[48;2;50;247;128m▀[0m[38;2;0;0;0m[48;2;20;96;49m▀[0m            
             [38;2;255;255;255m[48;2;255;255;255m▀[0m[38;2;49;248;129m[48;2;49;248;129m▀[0m[38;2;49;248;129m[48;2;49;248;129m▀[0m[38;2;49;248;129m[48;2;49;247;129m▀[0m[38;2;49;248;129m[48;2;49;248;129m▀[0m[38;2;31;118;59m[48;2;39;159;87m▀[0m[38;2;74;117;100m[48;2;75;118;102m▀[0m[38;2;26;132;59m[48;2;39;247;123m▀[0m[38;2;242;249;180m[48;2;246;252;194m▀[0m[38;2;242;249;177m[48;2;242;249;180m▀[0m[38;2;255;255;255m[48;2;255;255;255m▀[0m[38;2;49;248;128m[48;2;49;248;129m▀[0m[38;2;49;248;129m[48;2;49;248;129m▀[0m[38;2;49;248;128m[48;2;49;248;129m▀[0m[38;2;26;126;66m[48;2;9;26;15m▀[0m            
            [38;2;114;230;160m▄[0m[38;2;45;48;46m[48;2;27;46;36m▀[0m[38;2;49;248;128m[48;2;49;248;128m▀[0m[38;2;49;248;129m[48;2;49;248;129m▀[0m[38;2;49;248;129m[48;2;49;248;129m▀[0m[38;2;35;166;83m[48;2;43;158;81m▀[0m[38;2;39;159;86m[48;2;39;158;87m▀[0m[38;2;8;23;14m[48;2;40;202;104m▀[0m[38;2;48;248;130m[48;2;50;248;130m▀[0m[38;2;241;247;176m[48;2;243;248;186m▀[0m[38;2;241;248;180m[48;2;95;244;156m▀[0m[38;2;192;192;191m[48;2;126;134;113m▀[0m[38;2;111;250;176m[48;2;255;255;255m▀[0m[38;2;49;248;129m[48;2;49;248;129m▀[0m[38;2;49;248;129m[48;2;49;248;129m▀[0m[38;2;69;132;93m[48;2;77;144;103m▀[0m[38;2;7;12;8m▄[0m           
           [38;2;255;255;255m▄[0m[38;2;112;226;158m[48;2;226;249;240m▀[0m[38;2;184;251;220m[48;2;35;248;120m▀[0m[38;2;49;248;129m[48;2;49;248;129m▀[0m[38;2;49;248;129m[48;2;49;247;129m▀[0m[38;2;10;57;28m[48;2;37;184;88m▀[0m[38;2;36;158;82m[48;2;38;159;85m▀[0m[38;2;39;159;86m[48;2;40;159;87m▀[0m[38;2;52;159;74m[48;2;197;217;133m▀[0m[38;2;49;248;129m[48;2;49;248;129m▀[0m[38;2;248;253;207m[48;2;220;252;183m▀[0m[38;2;100;248;140m[48;2;108;247;140m▀[0m[38;2;30;132;68m[48;2;9;43;22m▀[0m[38;2;255;255;255m[48;2;255;255;255m▀[0m[38;2;49;248;129m[48;2;49;248;129m▀[0m[38;2;49;248;129m[48;2;49;247;130m▀[0m[38;2;77;148;103m[48;2;77;146;103m▀[0m[38;2;77;145;103m[48;2;111;229;158m▀[0m[38;2;255;255;255m▄[0m          
           [38;2;255;255;255m[48;2;255;255;255m▀[0m[38;2;255;255;255m[48;2;197;196;194m▀[0m[38;2;75;248;150m[48;2;141;224;191m▀[0m[38;2;49;248;129m▀[0m [38;2;20;117;58m▀[0m[38;2;39;159;86m[48;2;33;157;81m▀[0m[38;2;94;171;87m[48;2;185;202;125m▀[0m[38;2;171;189;126m[48;2;50;49;41m▀[0m[38;2;49;248;129m[48;2;50;247;130m▀[0m[38;2;71;247;123m[48;2;37;248;120m▀[0m[38;2;163;247;141m[48;2;211;251;195m▀[0m[38;2;17;74;40m[48;2;10;40;23m▀[0m[38;2;255;255;255m[48;2;208;211;210m▀[0m[38;2;49;248;129m[48;2;49;248;129m▀[0m[38;2;10;19;13m[48;2;87;158;117m▀[0m[38;2;76;143;101m[48;2;255;255;255m▀[0m[38;2;255;255;255m[48;2;255;255;255m▀[0m[38;2;255;255;255m[48;2;255;255;255m▀[0m[38;2;254;254;254m▄[0m         
            [38;2;6;7;6m[48;2;22;33;27m▀[0m[38;2;47;71;60m▀[0m   [38;2;179;199;117m[48;2;184;202;126m▀[0m[38;2;187;207;135m[48;2;39;159;86m▀[0m[38;2;252;255;199m[48;2;209;251;191m▀[0m[38;2;27;247;115m[48;2;233;250;190m▀[0m[38;2;50;248;130m[48;2;49;247;128m▀[0m[38;2;243;249;185m[48;2;244;249;186m▀[0m [38;2;101;159;135m▄[0m[38;2;49;250;130m▀[0m  [38;2;93;97;95m▀[0m[38;2;255;255;255m▀[0m[38;2;255;255;255m▀[0m         
                  [38;2;39;160;86m[48;2;126;140;84m▀[0m[38;2;49;248;129m[48;2;48;248;127m▀[0m[38;2;242;249;181m[48;2;248;251;197m▀[0m[38;2;49;248;129m[48;2;28;246;114m▀[0m[38;2;76;249;142m[48;2;52;244;131m▀[0m [38;2;140;212;183m▀[0m               
                  [38;2;212;252;179m▀[0m[38;2;43;248;125m[48;2;252;252;211m▀[0m[38;2;50;248;128m[48;2;4;12;7m▀[0m[38;2;244;249;180m▀[0m                  
                                        
                                        
