                                        
                                        
                    [38;2;249;220;226m▄[0m[38;2;252;231;240m[48;2;247;208;217m▀[0m[38;2;249;220;224m[48;2;246;208;217m▀[0m[38;2;249;221;226m▄[0m                
                  [38;2;245;203;213m▄[0m[38;2;246;211;219m[48;2;246;208;217m▀[0m[38;2;246;208;217m[48;2;246;208;217m▀[0m[38;2;246;206;215m[48;2;246;208;217m▀[0m[38;2;246;207;216m[48;2;247;209;218m▀[0m[38;2;246;209;217m[48;2;246;208;217m▀[0m[38;2;199;180;189m[48;2;246;207;216m▀[0m               
                 [38;2;247;208;217m▄[0m[38;2;247;209;217m[48;2;247;211;219m▀[0m[38;2;247;213;220m[48;2;247;211;220m▀[0m[38;2;247;209;218m[48;2;247;210;219m▀[0m[38;2;246;209;218m[48;2;247;211;219m▀[0m[38;2;246;209;218m[48;2;248;211;219m▀[0m[38;2;246;209;217m[48;2;247;211;219m▀[0m[38;2;247;208;217m[48;2;247;209;218m▀[0m               
                [38;2;61;46;56m▄[0m[38;2;247;210;219m[48;2;247;210;219m▀[0m[38;2;248;211;219m[48;2;248;211;220m▀[0m[38;2;247;212;220m[48;2;196;151;192m▀[0m[38;2;39;32;33m[48;2;196;151;192m▀[0m[38;2;247;212;220m[48;2;83;62;81m▀[0m[38;2;247;212;220m[48;2;247;210;218m▀[0m[38;2;247;212;220m[48;2;247;210;218m▀[0m[38;2;246;210;219m[48;2;247;211;219m▀[0m               
             [38;2;245;240;249m▄[0m[38;2;224;223;224m[48;2;230;221;231m▀[0m[38;2;233;226;236m▄[0m[38;2;218;171;214m[48;2;199;157;196m▀[0m[38;2;196;151;192m[48;2;196;151;192m▀[0m[38;2;196;151;192m[48;2;196;151;192m▀[0m[38;2;195;150;190m[48;2;196;151;192m▀[0m[38;2;196;151;192m[48;2;137;105;134m▀[0m[38;2;196;151;192m[48;2;196;151;192m▀[0m[38;2;196;151;192m[48;2;196;151;192m▀[0m[38;2;193;148;189m[48;2;198;153;193m▀[0m[38;2;246;211;219m[48;2;195;150;192m▀[0m               
            [38;2;148;144;148m▄[0m[38;2;232;225;235m[48;2;235;230;240m▀[0m[38;2;233;227;238m[48;2;237;231;242m▀[0m[38;2;235;229;239m[48;2;237;232;243m▀[0m[38;2;202;155;198m[48;2;236;230;241m▀[0m[38;2;140;107;130m[48;2;132;98;125m▀[0m[38;2;53;42;50m[48;2;136;105;127m▀[0m[38;2;57;44;54m[48;2;136;105;127m▀[0m[38;2;152;116;141m[48;2;198;187;168m▀[0m[38;2;187;144;182m[48;2;135;104;127m▀[0m[38;2;196;151;192m[48;2;136;105;128m▀[0m[38;2;196;151;192m[48;2;119;90;111m▀[0m[38;2;202;157;199m[48;2;196;150;189m▀[0m               
            [38;2;223;223;222m[48;2;41;38;38m▀[0m[38;2;237;231;243m[48;2;237;233;244m▀[0m[38;2;176;176;173m[48;2;186;172;202m▀[0m[38;2;103;94;111m[48;2;186;172;203m▀[0m[38;2;184;170;201m[48;2;204;189;223m▀[0m[38;2;235;229;241m[48;2;186;172;202m▀[0m[38;2;14;13;13m▄[0m [38;2;254;251;239m[48;2;255;255;254m▀[0m [38;2;248;243;251m▄[0m[38;2;236;229;239m▄[0m[38;2;29;28;29m[48;2;241;236;245m▀[0m[38;2;243;238;247m▄[0m              
             [38;2;236;230;243m[48;2;187;172;203m▀[0m[38;2;186;172;202m[48;2;139;120;153m▀[0m[38;2;185;170;201m[48;2;126;110;139m▀[0m[38;2;15;14;16m[48;2;254;253;246m▀[0m[38;2;146;127;159m[48;2;126;110;138m▀[0m[38;2;173;157;187m▀[0m[38;2;8;8;8m[48;2;255;253;243m▀[0m[38;2;255;255;250m[48;2;94;85;102m▀[0m[38;2;245;244;245m[48;2;237;231;243m▀[0m[38;2;234;227;238m[48;2;236;231;241m▀[0m[38;2;234;228;239m[48;2;237;232;243m▀[0m[38;2;237;231;242m[48;2;237;232;244m▀[0m[38;2;236;230;241m[48;2;237;232;243m▀[0m              
              [38;2;127;111;139m▀[0m[38;2;133;116;146m▀[0m[38;2;239;238;237m[48;2;43;42;42m▀[0m[38;2;11;11;11m[48;2;184;183;183m▀[0m[38;2;255;254;251m▄[0m[38;2;253;251;241m[48;2;254;251;240m▀[0m[38;2;205;189;223m[48;2;248;244;233m▀[0m[38;2;202;188;220m[48;2;181;168;197m▀[0m[38;2;191;177;209m[48;2;199;184;217m▀[0m[38;2;238;233;244m[48;2;183;184;179m▀[0m[38;2;237;232;243m[48;2;191;177;208m▀[0m[38;2;238;233;244m[48;2;11;9;10m▀[0m              
                [38;2;254;251;242m[48;2;255;253;249m▀[0m[38;2;234;234;232m[48;2;254;250;240m▀[0m[38;2;254;251;241m[48;2;254;252;242m▀[0m[38;2;253;251;241m[48;2;254;251;240m▀[0m[38;2;255;251;241m[48;2;254;250;240m▀[0m[38;2;254;251;240m[48;2;254;252;241m▀[0m[38;2;88;82;96m[48;2;254;251;241m▀[0m[38;2;191;177;208m[48;2;233;228;211m▀[0m[38;2;202;187;220m▀[0m               
                [38;2;255;254;246m[48;2;254;251;241m▀[0m[38;2;254;252;242m[48;2;249;249;245m▀[0m[38;2;254;252;241m[48;2;254;251;241m▀[0m[38;2;254;251;240m[48;2;253;251;241m▀[0m[38;2;254;251;241m[48;2;253;251;241m▀[0m[38;2;254;252;241m[48;2;254;251;241m▀[0m[38;2;254;252;242m[48;2;254;251;241m▀[0m[38;2;230;226;209m▀[0m                
               [38;2;37;36;33m[48;2;5;4;4m▀[0m[38;2;216;230;179m[48;2;255;253;244m▀[0m[38;2;62;59;58m[48;2;62;59;58m▀[0m[38;2;254;251;242m[48;2;254;251;240m▀[0m[38;2;255;251;241m[48;2;255;253;245m▀[0m[38;2;61;58;57m[48;2;60;57;57m▀[0m[38;2;254;251;240m[48;2;252;253;247m▀[0m[38;2;254;251;241m[48;2;254;252;242m▀[0m                 
                [38;2;254;251;241m▀[0m[38;2;254;251;241m[48;2;205;198;175m▀[0m[38;2;254;250;241m[48;2;229;224;206m▀[0m[38;2;254;251;241m[48;2;230;225;207m▀[0m[38;2;253;251;240m[48;2;220;215;194m▀[0m[38;2;254;251;241m[48;2;198;192;169m▀[0m[38;2;254;251;240m▀[0m                 
                   [38;2;75;73;65m▀[0m                    
                  [38;2;13;13;10m[48;2;213;228;175m▀[0m[38;2;152;161;118m▄[0m[38;2;155;162;121m▄[0m                   
               [38;2;236;238;196m▀[0m[38;2;26;26;20m▀[0m[38;2;204;208;165m▀[0m [38;2;120;120;96m▀[0m[38;2;239;249;195m▄[0m[38;2;19;20;15m▄[0m                  
                                        
                                        
