                                        
                                        
                    [38;2;255;54;9m▄[0m[38;2;254;69;18m[48;2;255;40;7m▀[0m[38;2;255;53;9m[48;2;255;40;7m▀[0m[38;2;255;53;9m▄[0m                
                  [38;2;255;35;5m▄[0m[38;2;255;44;7m[48;2;255;40;7m▀[0m[38;2;255;40;6m[48;2;255;40;7m▀[0m[38;2;255;39;5m[48;2;255;40;7m▀[0m[38;2;255;39;6m[48;2;255;41;7m▀[0m[38;2;255;40;6m[48;2;255;40;6m▀[0m[38;2;167;43;13m[48;2;255;39;6m▀[0m               
                 [38;2;255;40;6m▄[0m[38;2;255;41;7m[48;2;255;44;8m▀[0m[38;2;255;46;9m[48;2;255;45;9m▀[0m[38;2;255;42;7m[48;2;255;43;9m▀[0m[38;2;255;42;6m[48;2;255;45;9m▀[0m[38;2;255;42;6m[48;2;255;44;8m▀[0m[38;2;255;40;6m[48;2;255;44;9m▀[0m[38;2;255;41;6m[48;2;255;41;7m▀[0m               
                [38;2;50;23;0m▄[0m[38;2;255;43;9m[48;2;255;43;9m▀[0m[38;2;255;44;8m[48;2;255;44;6m▀[0m[38;2;255;45;8m[48;2;255;212;0m▀[0m[38;2;7;3;0m[48;2;255;212;0m▀[0m[38;2;255;45;8m[48;2;63;56;0m▀[0m[38;2;255;44;8m[48;2;255;42;7m▀[0m[38;2;255;45;8m[48;2;255;43;7m▀[0m[38;2;255;44;9m[48;2;255;44;9m▀[0m               
             [38;2;215;133;0m▄[0m[38;2;200;125;0m[48;2;208;123;0m▀[0m[38;2;208;126;1m▄[0m[38;2;255;239;0m[48;2;255;221;0m▀[0m[38;2;255;212;0m[48;2;255;212;0m▀[0m[38;2;255;212;0m[48;2;255;212;0m▀[0m[38;2;255;211;0m[48;2;255;212;0m▀[0m[38;2;255;212;0m[48;2;141;69;0m▀[0m[38;2;255;212;0m[48;2;255;212;0m▀[0m[38;2;255;212;0m[48;2;255;212;0m▀[0m[38;2;255;206;0m[48;2;255;214;0m▀[0m[38;2;255;44;8m[48;2;255;211;0m▀[0m               
            [38;2;148;83;0m▄[0m[38;2;208;126;1m[48;2;209;128;1m▀[0m[38;2;208;126;1m[48;2;210;129;1m▀[0m[38;2;209;127;0m[48;2;210;129;3m▀[0m[38;2;255;218;0m[48;2;210;128;2m▀[0m[38;2;166;67;0m[48;2;132;98;0m▀[0m[38;2;34;15;0m[48;2;154;62;0m▀[0m[38;2;50;22;0m[48;2;158;62;0m▀[0m[38;2;203;96;0m[48;2;200;187;164m▀[0m[38;2;255;194;0m[48;2;155;60;0m▀[0m[38;2;255;212;0m[48;2;150;63;0m▀[0m[38;2;255;212;0m[48;2;135;69;0m▀[0m[38;2;255;222;0m[48;2;232;188;0m▀[0m               
            [38;2;200;126;0m[48;2;42;23;2m▀[0m[38;2;210;129;3m[48;2;210;130;3m▀[0m[38;2;154;101;8m[48;2;255;228;0m▀[0m[38;2;103;80;0m[48;2;255;228;0m▀[0m[38;2;255;226;0m[48;2;255;242;0m▀[0m[38;2;209;127;2m[48;2;255;228;0m▀[0m[38;2;0;0;0m▄[0m [38;2;255;251;236m[48;2;255;255;254m▀[0m [38;2;216;134;0m▄[0m[38;2;210;127;1m▄[0m[38;2;24;12;0m[48;2;213;131;0m▀[0m[38;2;214;132;0m▄[0m              
             [38;2;210;128;4m[48;2;255;229;0m▀[0m[38;2;255;228;0m[48;2;199;101;0m▀[0m[38;2;253;222;0m[48;2;162;63;0m▀[0m[38;2;9;4;0m[48;2;254;253;245m▀[0m[38;2;220;119;0m[48;2;161;64;0m▀[0m[38;2;213;194;0m▀[0m[38;2;8;8;8m[48;2;255;253;241m▀[0m[38;2;255;255;250m[48;2;61;31;0m▀[0m[38;2;217;135;0m[48;2;210;127;5m▀[0m[38;2;209;126;2m[48;2;210;129;0m▀[0m[38;2;209;127;2m[48;2;210;129;3m▀[0m[38;2;210;128;2m[48;2;210;129;2m▀[0m[38;2;210;128;2m[48;2;210;129;3m▀[0m              
             [38;2;0;0;0m▀[0m[38;2;164;65;0m▀[0m[38;2;191;80;0m▀[0m[38;2;239;238;237m[48;2;37;36;36m▀[0m[38;2;0;0;0m[48;2;184;183;183m▀[0m[38;2;255;255;253m▄[0m[38;2;254;251;239m[48;2;255;251;238m▀[0m[38;2;249;240;0m[48;2;249;244;231m▀[0m[38;2;255;246;0m[48;2;255;223;0m▀[0m[38;2;255;237;0m[48;2;255;240;0m▀[0m[38;2;211;129;2m[48;2;174;107;0m▀[0m[38;2;210;129;3m[48;2;255;232;0m▀[0m[38;2;211;129;3m[48;2;4;3;1m▀[0m              
                [38;2;255;251;240m[48;2;255;253;248m▀[0m[38;2;234;234;232m[48;2;255;250;238m▀[0m[38;2;255;251;239m[48;2;254;252;240m▀[0m[38;2;254;251;239m[48;2;255;251;238m▀[0m[38;2;255;251;239m[48;2;255;250;238m▀[0m[38;2;255;251;238m[48;2;255;252;239m▀[0m[38;2;84;74;0m[48;2;255;251;239m▀[0m[38;2;255;235;0m[48;2;234;228;208m▀[0m[38;2;255;244;0m▀[0m               
                [38;2;255;254;244m[48;2;255;251;239m▀[0m[38;2;255;252;240m[48;2;249;249;245m▀[0m[38;2;254;252;239m[48;2;255;251;239m▀[0m[38;2;255;251;238m[48;2;254;251;238m▀[0m[38;2;255;251;239m[48;2;254;251;239m▀[0m[38;2;255;252;239m[48;2;255;251;239m▀[0m[38;2;255;252;240m[48;2;255;251;239m▀[0m[38;2;231;226;206m▀[0m                
               [38;2;37;36;33m[48;2;5;4;4m▀[0m[38;2;215;231;170m[48;2;255;253;242m▀[0m[38;2;63;59;58m[48;2;63;59;58m▀[0m[38;2;255;251;240m[48;2;255;251;238m▀[0m[38;2;255;251;239m[48;2;255;253;243m▀[0m[38;2;62;58;57m[48;2;60;57;57m▀[0m[38;2;255;251;238m[48;2;252;253;246m▀[0m[38;2;255;251;239m[48;2;255;252;240m▀[0m                 
                [38;2;255;251;239m▀[0m[38;2;255;251;239m[48;2;206;198;170m▀[0m[38;2;255;250;239m[48;2;230;224;202m▀[0m[38;2;255;251;239m[48;2;231;225;204m▀[0m[38;2;253;251;238m[48;2;221;215;190m▀[0m[38;2;255;251;239m[48;2;199;192;164m▀[0m[38;2;255;251;238m▀[0m                 
                   [38;2;71;68;59m▀[0m                    
                  [38;2;13;13;8m[48;2;211;229;166m▀[0m[38;2;152;162;111m▄[0m[38;2;154;163;114m▄[0m                   
               [38;2;236;239;188m▀[0m[38;2;26;26;19m▀[0m[38;2;204;209;158m▀[0m [38;2;120;120;92m▀[0m[38;2;238;249;186m▄[0m[38;2;19;20;15m▄[0m                  
                                        
                                        
