                                        
                                        
                      [38;2;255;124;50m▀[0m[38;2;234;74;26m▄[0m                
                       [38;2;170;184;198m[48;2;234;229;224m▀[0m[38;2;186;173;171m[48;2;226;216;211m▀[0m               
                      [38;2;235;225;222m[48;2;235;222;218m▀[0m[38;2;237;78;29m[48;2;159;169;171m▀[0m                
                     [38;2;2;2;2m▀[0m[38;2;200;94;61m[48;2;197;181;178m▀[0m[38;2;191;174;170m[48;2;140;31;10m▀[0m[38;2;201;187;183m▄[0m               
                      [38;2;2;2;2m▀[0m[38;2;192;173;170m▀[0m[38;2;211;53;22m[48;2;215;204;200m▀[0m[38;2;190;174;170m[48;2;191;173;168m▀[0m[38;2;199;186;182m[48;2;231;55;22m▀[0m[38;2;191;174;170m▄[0m            
                         [38;2;210;194;191m▀[0m[38;2;191;174;170m[48;2;191;174;170m▀[0m[38;2;245;81;48m[48;2;227;63;30m▀[0m[38;2;190;174;170m[48;2;191;174;170m▀[0m[38;2;0;0;0m▄[0m          
                        [38;2;56;51;49m▄[0m[38;2;150;136;130m[48;2;146;131;127m▀[0m[38;2;207;180;172m[48;2;130;136;136m▀[0m[38;2;168;34;12m[48;2;194;175;173m▀[0m[38;2;191;174;170m[48;2;190;174;170m▀[0m           
                 [38;2;68;62;59m▄[0m   [38;2;229;77;28m▄[0m[38;2;0;0;0m[48;2;218;219;220m▀[0m[38;2;230;221;216m[48;2;251;123;49m▀[0m[38;2;255;109;49m[48;2;254;115;52m▀[0m[38;2;230;220;216m[48;2;240;226;221m▀[0m[38;2;201;189;180m[48;2;230;220;218m▀[0m[38;2;190;174;170m[48;2;199;184;181m▀[0m            
                [38;2;9;8;8m▄[0m[38;2;68;62;59m[48;2;68;62;59m▀[0m[38;2;47;45;44m▄[0m[38;2;238;230;228m[48;2;232;219;215m▀[0m[38;2;170;148;141m[48;2;229;220;216m▀[0m[38;2;231;220;215m[48;2;243;87;31m▀[0m[38;2;247;82;29m[48;2;230;75;27m▀[0m[38;2;230;220;217m[48;2;230;220;216m▀[0m[38;2;240;70;16m[48;2;252;89;33m▀[0m[38;2;254;86;31m[48;2;205;215;215m▀[0m[38;2;237;226;221m[48;2;230;220;217m▀[0m[38;2;215;199;195m[48;2;232;222;218m▀[0m[38;2;237;227;223m▄[0m           
               [38;2;233;225;219m▄[0m[38;2;231;220;216m▄[0m[38;2;68;62;59m[48;2;49;44;43m▀[0m[38;2;30;29;27m[48;2;32;29;29m▀[0m[38;2;231;220;218m[48;2;74;67;65m▀[0m[38;2;84;80;79m[48;2;37;34;33m▀[0m[38;2;36;33;32m[48;2;37;34;33m▀[0m[38;2;37;34;33m[48;2;234;225;221m▀[0m[38;2;113;105;103m[48;2;230;220;215m▀[0m[38;2;233;223;218m[48;2;232;222;217m▀[0m[38;2;231;221;218m[48;2;230;220;218m▀[0m[38;2;229;218;215m[48;2;228;216;212m▀[0m[38;2;232;223;218m[48;2;232;221;218m▀[0m[38;2;229;220;216m[48;2;230;220;215m▀[0m[38;2;231;221;219m[48;2;230;220;216m▀[0m[38;2;243;237;234m▄[0m[38;2;0;0;0m▄[0m        
          [38;2;86;80;78m▄[0m[38;2;97;91;86m[48;2;85;78;75m▀[0m[38;2;68;62;59m[48;2;68;62;59m▀[0m[38;2;68;62;59m[48;2;68;62;59m▀[0m[38;2;68;62;59m[48;2;68;62;59m▀[0m[38;2;68;62;59m[48;2;68;62;59m▀[0m[38;2;68;62;59m[48;2;68;62;59m▀[0m[38;2;68;62;59m[48;2;68;62;59m▀[0m[38;2;45;42;40m[48;2;68;62;59m▀[0m[38;2;37;34;33m[48;2;37;34;33m▀[0m[38;2;105;101;100m[48;2;231;220;218m▀[0m[38;2;231;221;218m[48;2;231;221;219m▀[0m[38;2;230;220;216m[48;2;231;220;218m▀[0m[38;2;230;220;216m[48;2;230;220;215m▀[0m[38;2;232;221;218m[48;2;228;218;213m▀[0m[38;2;232;221;218m[48;2;190;174;170m▀[0m[38;2;191;176;171m[48;2;190;174;170m▀[0m[38;2;186;172;169m[48;2;196;178;176m▀[0m[38;2;229;220;215m[48;2;141;133;128m▀[0m[38;2;230;220;218m[48;2;193;173;168m▀[0m[38;2;230;220;215m[48;2;230;219;214m▀[0m[38;2;231;220;216m[48;2;231;220;216m▀[0m        
         [38;2;44;48;51m▄[0m[38;2;68;61;60m[48;2;68;62;59m▀[0m[38;2;68;62;59m[48;2;68;62;59m▀[0m[38;2;68;62;59m[48;2;45;40;36m▀[0m[38;2;78;71;68m[48;2;177;159;204m▀[0m[38;2;202;184;233m[48;2;80;73;70m▀[0m[38;2;20;18;19m[48;2;68;62;59m▀[0m[38;2;68;62;59m[48;2;68;62;59m▀[0m[38;2;68;62;59m[48;2;68;62;59m▀[0m[38;2;68;62;59m[48;2;54;49;48m▀[0m[38;2;68;62;59m[48;2;46;37;37m▀[0m[38;2;230;220;215m[48;2;231;223;217m▀[0m[38;2;232;221;220m[48;2;231;221;220m▀[0m[38;2;231;222;217m[48;2;230;219;214m▀[0m[38;2;198;179;177m[48;2;231;220;218m▀[0m[38;2;190;174;170m[48;2;240;232;229m▀[0m[38;2;194;175;172m▀[0m  [38;2;37;34;33m▄[0m[38;2;37;34;33m▀[0m[38;2;194;175;173m[48;2;37;34;33m▀[0m[38;2;200;183;181m[48;2;36;33;32m▀[0m        
         [38;2;145;130;168m[48;2;54;46;60m▀[0m[38;2;68;62;59m[48;2;56;50;50m▀[0m[38;2;68;62;59m[48;2;56;50;50m▀[0m[38;2;177;159;204m[48;2;65;60;57m▀[0m[38;2;68;62;59m[48;2;68;62;59m▀[0m[38;2;68;62;59m[48;2;68;62;59m▀[0m[38;2;77;70;69m[48;2;68;62;59m▀[0m[38;2;72;66;64m[48;2;5;5;5m▀[0m[38;2;0;0;0m▀[0m  [38;2;53;46;45m▀[0m[38;2;52;59;58m▀[0m [38;2;232;223;218m[48;2;68;61;55m▀[0m[38;2;230;219;214m[48;2;194;174;171m▀[0m  [38;2;28;25;24m▀[0m [38;2;29;26;25m[48;2;43;39;38m▀[0m[38;2;1;1;1m▀[0m[38;2;18;17;16m▄[0m[38;2;70;64;62m▀[0m[38;2;87;80;78m▄[0m      
         [38;2;49;44;43m[48;2;68;62;59m▀[0m[38;2;68;62;59m[48;2;68;62;59m▀[0m[38;2;71;64;61m[48;2;68;62;59m▀[0m[38;2;68;62;59m[48;2;68;62;59m▀[0m[38;2;68;62;59m[48;2;66;60;57m▀[0m[38;2;68;62;59m[48;2;62;56;54m▀[0m[38;2;75;68;65m▀[0m      [38;2;72;65;63m▄[0m[38;2;37;34;33m[48;2;68;62;59m▀[0m       [38;2;78;71;69m▀[0m        
      [38;2;103;96;92m[48;2;68;62;59m▀[0m[38;2;68;62;59m[48;2;68;62;59m▀[0m[38;2;68;62;59m[48;2;68;62;59m▀[0m[38;2;68;62;59m[48;2;68;62;59m▀[0m[38;2;68;62;59m▀[0m[38;2;25;23;23m▀[0m [38;2;19;17;17m▀[0m       [38;2;25;24;23m▀[0m[38;2;78;71;68m▀[0m[38;2;75;68;64m[48;2;60;55;52m▀[0m[38;2;75;68;65m▀[0m               
      [38;2;69;63;60m▀[0m[38;2;44;40;39m▀[0m[38;2;42;39;38m[48;2;16;16;15m▀[0m[38;2;68;62;59m▀[0m                              
                                        
                                        
