                                        
              [38;2;224;199;255m▄[0m     [38;2;120;44;78m▄[0m[38;2;168;74;228m▄[0m[38;2;195;78;125m▄[0m                 
           [38;2;215;186;255m▄[0m[38;2;204;184;255m[48;2;205;188;255m▀[0m[38;2;209;186;255m[48;2;220;188;255m▀[0m[38;2;236;215;255m[48;2;236;217;255m▀[0m[38;2;141;128;157m▄[0m [38;2;123;112;165m▄[0m[38;2;227;198;253m▄[0m[38;2;229;207;253m▄[0m[38;2;129;48;90m[48;2;224;192;255m▀[0m[38;2;131;50;91m[48;2;42;41;51m▀[0m[38;2;184;71;116m[48;2;121;119;127m▀[0m[38;2;213;82;135m[48;2;112;41;73m▀[0m                
          [38;2;22;20;32m[48;2;228;198;255m▀[0m[38;2;219;188;255m[48;2;220;188;255m▀[0m[38;2;211;187;255m[48;2;213;187;255m▀[0m[38;2;220;188;255m[48;2;215;187;255m▀[0m[38;2;220;188;255m[48;2;219;188;255m▀[0m[38;2;221;189;255m[48;2;220;188;255m▀[0m[38;2;226;196;255m[48;2;220;188;255m▀[0m[38;2;125;102;163m[48;2;220;188;255m▀[0m[38;2;120;98;156m[48;2;220;188;255m▀[0m[38;2;220;188;255m[48;2;220;188;255m▀[0m[38;2;220;188;255m[48;2;228;203;255m▀[0m[38;2;236;216;255m[48;2;236;215;255m▀[0m[38;2;237;224;255m[48;2;236;216;255m▀[0m[38;2;235;214;255m[48;2;220;188;255m▀[0m[38;2;183;173;207m[48;2;220;188;255m▀[0m[38;2;220;188;255m▄[0m              
           [38;2;221;189;255m▀[0m[38;2;220;188;255m[48;2;196;141;227m▀[0m[38;2;218;188;255m[48;2;220;189;255m▀[0m[38;2;216;187;255m[48;2;220;188;255m▀[0m[38;2;227;198;255m[48;2;111;35;85m▀[0m[38;2;220;188;255m[48;2;223;189;255m▀[0m[38;2;220;188;255m[48;2;220;188;255m▀[0m[38;2;220;188;255m[48;2;221;189;255m▀[0m[38;2;228;199;255m[48;2;164;145;199m▀[0m[38;2;220;188;255m[48;2;248;252;156m▀[0m[38;2;221;188;255m[48;2;209;213;139m▀[0m[38;2;255;255;176m[48;2;235;236;156m▀[0m[38;2;195;137;226m[48;2;191;132;220m▀[0m[38;2;196;139;227m[48;2;201;135;228m▀[0m[38;2;69;47;83m[48;2;195;138;226m▀[0m[38;2;216;187;255m[48;2;62;79;78m▀[0m             
             [38;2;199;142;229m[48;2;195;137;226m▀[0m[38;2;196;139;228m[48;2;195;138;227m▀[0m[38;2;195;139;228m[48;2;195;137;226m▀[0m[38;2;72;24;42m[48;2;87;50;98m▀[0m[38;2;115;61;69m[48;2;254;254;254m▀[0m[38;2;228;114;136m[48;2;163;63;103m▀[0m[38;2;255;255;178m[48;2;255;255;178m▀[0m[38;2;255;255;178m[48;2;255;255;178m▀[0m[38;2;226;113;137m[48;2;255;255;255m▀[0m[38;2;152;55;97m[48;2;196;75;123m▀[0m[38;2;97;26;56m[48;2;112;108;71m▀[0m[38;2;195;137;226m[48;2;195;137;226m▀[0m[38;2;195;137;226m[48;2;191;132;213m▀[0m[38;2;195;138;226m[48;2;195;139;225m▀[0m[38;2;178;154;229m[48;2;212;169;254m▀[0m            
             [38;2;195;137;226m[48;2;195;137;226m▀[0m[38;2;196;139;228m[48;2;196;141;230m▀[0m[38;2;195;135;214m[48;2;195;137;226m▀[0m[38;2;195;137;226m[48;2;201;137;255m▀[0m[38;2;181;90;110m[48;2;197;140;227m▀[0m[38;2;242;248;155m[48;2;164;85;102m▀[0m[38;2;163;70;87m[48;2;169;87;105m▀[0m[38;2;160;65;87m[48;2;168;86;103m▀[0m[38;2;196;210;122m[48;2;169;87;105m▀[0m[38;2;67;27;29m[48;2;143;101;165m▀[0m[38;2;196;140;226m[48;2;157;115;205m▀[0m[38;2;197;139;228m[48;2;194;137;225m▀[0m[38;2;198;139;228m[48;2;196;134;217m▀[0m[38;2;195;137;226m[48;2;196;139;226m▀[0m[38;2;195;137;227m[48;2;196;139;228m▀[0m            
             [38;2;195;138;228m[48;2;195;139;228m▀[0m[38;2;195;137;226m[48;2;195;139;225m▀[0m[38;2;146;114;187m[48;2;195;137;226m▀[0m[38;2;207;138;255m[48;2;194;138;226m▀[0m[38;2;186;138;222m[48;2;148;114;176m▀[0m[38;2;173;136;220m[48;2;137;45;91m▀[0m[38;2;167;86;104m[48;2;166;86;104m▀[0m[38;2;166;86;104m[48;2;166;86;104m▀[0m[38;2;79;39;85m[48;2;164;90;183m▀[0m [38;2;157;109;187m[48;2;195;137;226m▀[0m[38;2;145;109;168m[48;2;134;102;153m▀[0m[38;2;195;137;226m[48;2;195;138;226m▀[0m[38;2;195;137;226m[48;2;195;137;226m▀[0m[38;2;195;141;229m[48;2;194;137;226m▀[0m            
             [38;2;195;139;225m[48;2;194;137;225m▀[0m[38;2;196;139;228m[48;2;255;255;178m▀[0m[38;2;50;42;22m[48;2;255;255;178m▀[0m[38;2;255;255;178m[48;2;255;255;178m▀[0m[38;2;218;222;139m[48;2;255;255;178m▀[0m[38;2;228;116;138m[48;2;75;39;40m▀[0m[38;2;206;79;130m[48;2;14;4;7m▀[0m[38;2;156;61;102m[48;2;160;56;109m▀[0m[38;2;60;32;37m[48;2;240;241;146m▀[0m[38;2;252;253;170m[48;2;255;255;178m▀[0m[38;2;255;255;178m[48;2;255;255;178m▀[0m[38;2;112;111;64m[48;2;255;255;178m▀[0m[38;2;195;140;227m[48;2;255;255;178m▀[0m[38;2;196;139;227m[48;2;162;109;189m▀[0m[38;2;194;138;225m[48;2;198;142;228m▀[0m            
            [38;2;209;150;240m▄[0m[38;2;255;255;178m[48;2;217;227;119m▀[0m[38;2;255;255;178m[48;2;255;255;178m▀[0m[38;2;255;255;178m[48;2;255;255;178m▀[0m[38;2;255;255;178m[48;2;255;255;178m▀[0m[38;2;241;243;149m[48;2;255;255;178m▀[0m[38;2;255;255;178m[48;2;255;255;178m▀[0m[38;2;255;255;178m[48;2;255;255;178m▀[0m[38;2;69;79;57m[48;2;255;255;178m▀[0m[38;2;255;255;178m[48;2;255;255;178m▀[0m[38;2;255;255;178m[48;2;255;255;178m▀[0m[38;2;255;255;178m[48;2;91;92;44m▀[0m[38;2;255;255;178m[48;2;255;255;178m▀[0m[38;2;255;255;178m[48;2;255;255;177m▀[0m[38;2;255;255;178m[48;2;221;230;122m▀[0m[38;2;197;140;227m[48;2;195;139;228m▀[0m            
           [38;2;204;147;235m▄[0m[38;2;195;137;226m[48;2;195;138;226m▀[0m[38;2;99;64;115m[48;2;196;139;226m▀[0m[38;2;218;228;121m[48;2;179;131;206m▀[0m[38;2;218;228;120m[48;2;222;231;123m▀[0m[38;2;221;229;131m[48;2;174;90;108m▀[0m[38;2;218;228;120m[48;2;179;93;111m▀[0m[38;2;236;243;138m[48;2;218;228;120m▀[0m[38;2;250;253;157m[48;2;220;230;121m▀[0m[38;2;255;255;173m[48;2;228;237;131m▀[0m[38;2;249;252;155m[48;2;242;246;159m▀[0m[38;2;236;242;137m[48;2;214;225;117m▀[0m[38;2;102;48;60m[48;2;167;86;103m▀[0m[38;2;218;228;122m[48;2;93;39;24m▀[0m[38;2;219;229;122m[48;2;47;48;24m▀[0m[38;2;213;225;117m[48;2;195;137;226m▀[0m[38;2;195;139;228m[48;2;196;139;226m▀[0m[38;2;99;68;116m▄[0m           
         [38;2;22;19;31m▄[0m[38;2;22;19;30m[48;2;220;188;255m▀[0m[38;2;195;137;226m[48;2;198;147;236m▀[0m[38;2;195;137;226m[48;2;195;137;226m▀[0m[38;2;195;137;226m[48;2;195;137;226m▀[0m[38;2;195;137;226m[48;2;197;140;229m▀[0m[38;2;195;137;226m[48;2;199;76;125m▀[0m[38;2;197;130;224m[48;2;88;21;61m▀[0m[38;2;185;72;117m[48;2;185;72;117m▀[0m[38;2;114;57;70m[48;2;185;72;117m▀[0m[38;2;185;72;117m[48;2;185;72;117m▀[0m[38;2;220;230;122m[48;2;80;39;47m▀[0m[38;2;185;72;117m[48;2;185;72;117m▀[0m[38;2;173;89;107m[48;2;186;72;118m▀[0m[38;2;185;72;117m[48;2;185;72;117m▀[0m[38;2;62;25;61m[48;2;151;52;102m▀[0m[38;2;195;137;226m[48;2;186;72;117m▀[0m[38;2;195;137;226m[48;2;195;137;226m▀[0m[38;2;195;137;226m[48;2;195;137;226m▀[0m[38;2;195;137;226m[48;2;195;137;226m▀[0m[38;2;231;207;255m▄[0m          
       [38;2;228;199;255m▄[0m[38;2;117;102;144m[48;2;220;188;255m▀[0m[38;2;112;104;149m[48;2;159;113;213m▀[0m[38;2;208;138;255m[48;2;220;188;255m▀[0m[38;2;220;188;255m[48;2;209;138;255m▀[0m[38;2;181;128;206m[48;2;215;185;250m▀[0m[38;2;196;139;227m[48;2;220;189;255m▀[0m[38;2;195;137;226m[48;2;195;138;227m▀[0m[38;2;167;56;105m[48;2;194;139;227m▀[0m[38;2;184;71;116m[48;2;185;72;117m▀[0m[38;2;185;71;117m[48;2;186;72;117m▀[0m[38;2;185;72;117m[48;2;185;72;117m▀[0m[38;2;185;71;117m[48;2;198;77;126m▀[0m[38;2;195;137;226m[48;2;208;149;241m▀[0m[38;2;185;72;117m[48;2;201;86;132m▀[0m[38;2;185;72;117m[48;2;185;72;117m▀[0m[38;2;184;72;117m[48;2;185;72;117m▀[0m[38;2;185;71;116m[48;2;193;137;223m▀[0m[38;2;195;138;226m[48;2;167;116;189m▀[0m[38;2;195;137;226m[48;2;200;151;236m▀[0m[38;2;187;128;237m[48;2;209;138;255m▀[0m[38;2;222;190;255m[48;2;220;144;255m▀[0m[38;2;214;141;255m[48;2;207;171;225m▀[0m[38;2;36;30;48m[48;2;168;133;214m▀[0m[38;2;23;20;32m▄[0m        
      [38;2;220;187;255m[48;2;220;187;255m▀[0m[38;2;220;188;255m[48;2;220;188;255m▀[0m[38;2;220;188;255m[48;2;220;188;255m▀[0m[38;2;220;188;255m[48;2;221;188;255m▀[0m[38;2;209;138;255m[48;2;209;138;255m▀[0m[38;2;209;138;255m[48;2;87;77;129m▀[0m[38;2;220;188;255m[48;2;218;142;255m▀[0m[38;2;209;138;255m[48;2;209;138;255m▀[0m[38;2;221;189;255m[48;2;220;188;255m▀[0m[38;2;50;44;73m▀[0m[38;2;58;22;49m[48;2;196;139;228m▀[0m[38;2;188;74;120m[48;2;185;72;117m▀[0m[38;2;185;72;117m[48;2;185;72;117m▀[0m[38;2;196;70;123m[48;2;190;69;119m▀[0m[38;2;125;18;78m[48;2;84;24;63m▀[0m[38;2;185;72;117m[48;2;185;72;117m▀[0m[38;2;185;72;117m[48;2;185;72;117m▀[0m[38;2;91;36;59m[48;2;195;138;224m▀[0m[38;2;211;180;251m▀[0m[38;2;132;105;185m[48;2;210;182;243m▀[0m[38;2;209;138;255m[48;2;209;138;255m▀[0m[38;2;109;94;165m[48;2;220;188;255m▀[0m[38;2;209;138;255m[48;2;209;138;255m▀[0m[38;2;222;190;255m[48;2;160;109;215m▀[0m[38;2;220;188;255m[48;2;220;188;255m▀[0m[38;2;220;188;255m[48;2;219;188;255m▀[0m[38;2;220;188;255m▄[0m       
      [38;2;230;206;255m▀[0m[38;2;220;188;255m[48;2;220;188;255m▀[0m[38;2;220;188;255m[48;2;220;188;255m▀[0m[38;2;220;188;255m[48;2;220;188;255m▀[0m[38;2;220;188;255m[48;2;220;188;255m▀[0m[38;2;220;188;255m[48;2;223;193;255m▀[0m[38;2;209;138;255m[48;2;209;138;255m▀[0m[38;2;223;146;255m[48;2;220;188;255m▀[0m[38;2;226;200;255m▀[0m[38;2;223;191;255m▄[0m[38;2;221;189;255m[48;2;222;191;255m▀[0m[38;2;45;20;34m[48;2;203;137;255m▀[0m[38;2;184;71;116m[48;2;185;72;117m▀[0m[38;2;197;71;124m[48;2;195;76;123m▀[0m[38;2;99;61;137m[48;2;207;137;255m▀[0m[38;2;144;54;97m[48;2;130;50;91m▀[0m[38;2;141;53;99m[48;2;139;51;98m▀[0m[38;2;195;139;227m[48;2;201;140;229m▀[0m [38;2;220;188;255m[48;2;228;198;255m▀[0m[38;2;209;138;255m[48;2;226;198;253m▀[0m[38;2;125;105;157m[48;2;90;104;106m▀[0m[38;2;220;188;255m[48;2;220;188;255m▀[0m[38;2;220;188;255m[48;2;220;188;255m▀[0m[38;2;220;188;255m[48;2;220;188;255m▀[0m[38;2;220;188;255m[48;2;220;188;255m▀[0m[38;2;221;189;255m[48;2;219;186;255m▀[0m       
        [38;2;221;189;255m▀[0m[38;2;220;188;255m▀[0m[38;2;220;188;255m[48;2;205;147;235m▀[0m[38;2;220;188;255m[48;2;206;147;238m▀[0m[38;2;220;188;255m▀[0m  [38;2;220;188;255m[48;2;216;183;254m▀[0m[38;2;220;188;255m[48;2;220;188;255m▀[0m[38;2;196;140;229m[48;2;196;139;227m▀[0m[38;2;185;72;117m[48;2;157;56;99m▀[0m[38;2;184;72;116m[48;2;185;72;117m▀[0m[38;2;157;110;175m[48;2;196;139;226m▀[0m[38;2;131;50;92m[48;2;129;49;91m▀[0m[38;2;139;51;97m[48;2;146;51;98m▀[0m[38;2;196;139;227m[48;2;195;138;226m▀[0m[38;2;211;188;250m▀[0m [38;2;220;188;255m[48;2;28;22;34m▀[0m[38;2;220;188;255m[48;2;220;188;255m▀[0m[38;2;220;188;255m[48;2;220;188;255m▀[0m[38;2;220;188;255m[48;2;222;191;255m▀[0m[38;2;220;188;255m[48;2;190;134;219m▀[0m[38;2;220;188;255m▀[0m        
                 [38;2;0;0;0m▀[0m[38;2;81;56;94m▀[0m[38;2;185;72;117m[48;2;184;71;116m▀[0m[38;2;31;23;38m▀[0m[38;2;138;52;96m[48;2;152;54;103m▀[0m[38;2;64;26;41m▀[0m                 
                   [38;2;194;80;126m[48;2;4;1;2m▀[0m [38;2;101;40;72m[48;2;44;18;30m▀[0m                  
                                        
                                        
