                                        
                                        
                                        
                                        
                         [38;2;86;71;88m▄[0m              
  [38;2;0;0;0m▀[0m [38;2;177;148;183m▄[0m[38;2;186;153;190m▄[0m     [38;2;162;133;164m[48;2;169;133;175m▀[0m[38;2;168;130;175m▄[0m        [38;2;25;21;26m▀[0m[38;2;173;142;177m▄[0m   [38;2;120;100;123m▀[0m             
      [38;2;162;134;165m▀[0m[38;2;162;134;165m[48;2;15;12;17m▀[0m[38;2;0;0;0m[48;2;146;113;151m▀[0m[38;2;145;111;150m▄[0m[38;2;163;125;169m▄[0m[38;2;16;13;17m▀[0m[38;2;146;113;151m[48;2;143;110;148m▀[0m[38;2;145;113;150m▄[0m [38;2;0;0;0m▄[0m       [38;2;173;136;176m▀[0m[38;2;160;123;166m▄[0m    [38;2;9;7;9m▀[0m[38;2;56;43;58m▄[0m         
       [38;2;154;120;161m▄[0m[38;2;145;113;150m▄[0m[38;2;159;123;165m[48;2;145;111;149m▀[0m[38;2;145;112;150m[48;2;144;110;149m▀[0m[38;2;144;112;150m[48;2;145;112;150m▀[0m[38;2;144;111;149m[48;2;144;111;150m▀[0m[38;2;145;112;150m[48;2;45;44;44m▀[0m[38;2;107;86;109m[48;2;32;35;31m▀[0m[38;2;93;78;96m[48;2;207;225;216m▀[0m[38;2;135;145;141m▄[0m[38;2;36;34;32m▄[0m[38;2;207;225;216m▄[0m[38;2;97;104;98m[48;2;206;225;215m▀[0m[38;2;131;140;132m[48;2;119;108;100m▀[0m[38;2;131;141;133m[48;2;103;95;86m▀[0m[38;2;11;11;11m[48;2;76;81;77m▀[0m[38;2;211;225;218m▄[0m[38;2;152;162;154m▄[0m[38;2;150;116;156m[48;2;37;32;38m▀[0m[38;2;116;91;121m▄[0m    [38;2;81;64;84m[48;2;8;7;8m▀[0m[38;2;28;22;29m▄[0m       
          [38;2;87;68;90m▀[0m[38;2;144;111;149m▀[0m[38;2;145;112;150m▀[0m[38;2;16;14;16m[48;2;206;225;215m▀[0m[38;2;220;231;226m[48;2;206;225;216m▀[0m[38;2;210;226;217m[48;2;207;225;216m▀[0m[38;2;206;226;215m[48;2;217;231;223m▀[0m[38;2;207;225;216m[48;2;207;225;216m▀[0m[38;2;207;225;216m[48;2;211;230;220m▀[0m[38;2;207;225;216m[48;2;212;231;223m▀[0m[38;2;138;127;117m[48;2;204;224;214m▀[0m[38;2;83;77;71m[48;2;206;225;215m▀[0m[38;2;203;223;212m[48;2;206;225;216m▀[0m[38;2;207;225;216m[48;2;207;225;216m▀[0m[38;2;207;225;216m[48;2;216;234;226m▀[0m[38;2;210;229;219m[48;2;141;131;121m▀[0m[38;2;161;124;167m[48;2;217;232;225m▀[0m[38;2;45;49;45m[48;2;142;110;147m▀[0m[38;2;136;146;138m[48;2;134;143;135m▀[0m[38;2;131;140;132m▄[0m  [38;2;156;120;162m▀[0m[38;2;144;111;149m▄[0m      
             [38;2;207;226;216m[48;2;125;123;113m▀[0m[38;2;207;226;216m[48;2;206;225;215m▀[0m[38;2;204;223;213m[48;2;204;223;213m▀[0m[38;2;207;225;216m[48;2;206;225;215m▀[0m[38;2;207;226;216m[48;2;207;225;216m▀[0m[38;2;220;232;225m[48;2;207;225;216m▀[0m[38;2;206;226;217m[48;2;219;232;225m▀[0m[38;2;206;226;215m[48;2;219;232;224m▀[0m[38;2;207;225;216m[48;2;207;225;216m▀[0m[38;2;207;225;216m[48;2;207;225;216m▀[0m[38;2;206;225;215m[48;2;206;225;215m▀[0m[38;2;221;238;232m[48;2;225;244;235m▀[0m[38;2;132;123;113m[48;2;133;123;114m▀[0m[38;2;132;123;114m[48;2;133;124;114m▀[0m[38;2;141;132;121m[48;2;123;114;106m▀[0m[38;2;143;110;149m[48;2;162;124;169m▀[0m[38;2;134;143;135m[48;2;17;19;18m▀[0m[38;2;134;143;135m[48;2;112;121;114m▀[0m[38;2;49;44;52m▄[0m  [38;2;142;110;147m[48;2;92;77;95m▀[0m     
             [38;2;143;132;122m[48;2;150;140;128m▀[0m[38;2;207;226;216m[48;2;207;225;216m▀[0m[38;2;207;225;216m[48;2;206;225;215m▀[0m[38;2;207;225;216m[48;2;207;225;216m▀[0m[38;2;207;225;216m[48;2;206;225;215m▀[0m[38;2;207;225;216m[48;2;207;225;216m▀[0m[38;2;207;225;216m[48;2;206;225;215m▀[0m[38;2;219;232;224m[48;2;207;225;216m▀[0m[38;2;219;232;224m[48;2;216;230;222m▀[0m[38;2;213;228;220m[48;2;218;231;223m▀[0m[38;2;206;226;215m[48;2;207;225;216m▀[0m[38;2;189;205;198m[48;2;210;226;216m▀[0m[38;2;30;29;26m[48;2;204;222;213m▀[0m[38;2;207;225;216m[48;2;36;32;36m▀[0m[38;2;207;225;216m[48;2;206;225;215m▀[0m[38;2;207;225;216m[48;2;206;225;215m▀[0m[38;2;153;122;156m[48;2;138;111;142m▀[0m[38;2;142;151;144m[48;2;67;51;67m▀[0m[38;2;102;112;103m[48;2;120;130;121m▀[0m[38;2;3;3;3m[48;2;86;94;87m▀[0m[38;2;93;77;95m[48;2;103;85;106m▀[0m[38;2;104;84;106m[48;2;93;77;95m▀[0m     
              [38;2;207;226;217m[48;2;133;124;114m▀[0m[38;2;111;115;113m[48;2;206;226;215m▀[0m[38;2;207;225;216m[48;2;207;225;216m▀[0m[38;2;207;225;216m[48;2;206;225;215m▀[0m[38;2;207;225;216m[48;2;207;225;216m▀[0m[38;2;206;225;215m[48;2;207;225;216m▀[0m[38;2;207;225;216m[48;2;207;225;216m▀[0m[38;2;206;225;215m[48;2;207;225;216m▀[0m[38;2;207;225;216m[48;2;209;226;217m▀[0m[38;2;206;225;215m[48;2;85;92;86m▀[0m[38;2;145;113;151m[48;2;228;240;234m▀[0m[38;2;147;114;152m[48;2;213;228;220m▀[0m[38;2;75;58;78m[48;2;206;226;216m▀[0m[38;2;207;225;216m[48;2;147;114;153m▀[0m[38;2;206;225;216m[48;2;207;225;216m▀[0m[38;2;97;80;99m[48;2;44;36;46m▀[0m[38;2;35;29;36m[48;2;206;225;215m▀[0m[38;2;78;63;86m[48;2;130;138;132m▀[0m[38;2;78;77;47m[48;2;193;187;98m▀[0m[38;2;182;176;95m[48;2;91;87;81m▀[0m[38;2;98;80;100m[48;2;97;80;98m▀[0m     
           [38;2;127;105;129m▀[0m[38;2;163;133;164m▄[0m[38;2;173;142;177m▄[0m [38;2;203;220;210m[48;2;132;123;113m▀[0m[38;2;207;225;216m[48;2;206;225;215m▀[0m[38;2;207;225;216m[48;2;207;225;216m▀[0m[38;2;206;225;216m[48;2;207;225;216m▀[0m[38;2;207;225;216m[48;2;207;225;216m▀[0m[38;2;206;225;215m[48;2;206;225;215m▀[0m[38;2;37;40;38m[48;2;206;225;216m▀[0m[38;2;207;225;216m[48;2;207;225;216m▀[0m[38;2;159;124;166m[48;2;28;25;21m▀[0m[38;2;207;225;216m[48;2;235;227;112m▀[0m[38;2;220;232;224m[48;2;238;235;130m▀[0m[38;2;206;225;215m[48;2;239;234;115m▀[0m[38;2;201;193;101m[48;2;235;227;112m▀[0m[38;2;82;86;83m[48;2;168;130;174m▀[0m[38;2;206;226;216m[48;2;207;225;216m▀[0m[38;2;207;226;216m[48;2;209;228;218m▀[0m[38;2;207;225;216m[48;2;145;112;150m▀[0m[38;2;102;85;105m[48;2;139;108;143m▀[0m[38;2;94;78;96m[48;2;84;69;85m▀[0m[38;2;110;91;113m[48;2;93;78;95m▀[0m     
             [38;2;155;124;158m▀[0m[38;2;146;113;151m[48;2;98;76;102m▀[0m[38;2;145;112;150m[48;2;144;112;150m▀[0m[38;2;145;111;149m[48;2;144;110;149m▀[0m[38;2;148;115;154m[48;2;148;115;153m▀[0m[38;2;145;112;150m[48;2;145;113;151m▀[0m[38;2;146;113;151m[48;2;144;111;149m▀[0m[38;2;145;112;150m[48;2;144;112;150m▀[0m[38;2;146;112;151m[48;2;143;111;149m▀[0m[38;2;57;61;56m[48;2;143;110;148m▀[0m[38;2;97;73;111m[48;2;146;112;151m▀[0m[38;2;235;227;112m[48;2;167;130;174m▀[0m[38;2;235;227;111m[48;2;39;36;27m▀[0m[38;2;132;123;113m[48;2;77;52;98m▀[0m[38;2;235;226;112m[48;2;146;113;152m▀[0m[38;2;152;117;157m[48;2;143;112;149m▀[0m[38;2;145;113;151m[48;2;144;111;150m▀[0m[38;2;146;113;151m[48;2;144;111;149m▀[0m[38;2;146;113;151m[48;2;147;113;152m▀[0m[38;2;146;113;151m[48;2;145;112;151m▀[0m[38;2;95;78;97m[48;2;22;18;23m▀[0m      
                [38;2;147;113;153m▀[0m[38;2;146;113;151m▀[0m[38;2;145;112;150m[48;2;102;83;103m▀[0m[38;2;144;112;149m[48;2;130;100;132m▀[0m[38;2;144;111;149m[48;2;147;113;153m▀[0m[38;2;145;112;150m[48;2;144;112;149m▀[0m[38;2;144;111;149m[48;2;144;111;149m▀[0m[38;2;144;110;149m[48;2;146;112;151m▀[0m[38;2;146;113;152m[48;2;146;113;151m▀[0m[38;2;146;113;151m[48;2;148;115;153m▀[0m[38;2;145;112;151m[48;2;151;116;157m▀[0m[38;2;147;115;152m[48;2;127;99;128m▀[0m[38;2;145;112;150m[48;2;102;84;104m▀[0m[38;2;145;112;150m▀[0m[38;2;147;114;152m[48;2;146;114;151m▀[0m[38;2;147;114;152m▀[0m[38;2;95;74;97m▀[0m[38;2;5;3;6m▀[0m      
                     [38;2;11;10;12m▀[0m[38;2;91;74;93m▀[0m[38;2;93;75;95m▀[0m[38;2;56;47;57m▀[0m[38;2;3;3;3m▀[0m              
                                        
                                        
                                        
                                        
