                                        
                                        
                                        
           [38;2;0;0;0m▄[0m[38;2;20;9;13m▄[0m                           
           [38;2;220;99;144m[48;2;220;99;144m▀[0m[38;2;220;99;144m[48;2;220;99;144m▀[0m[38;2;68;31;45m[48;2;220;99;144m▀[0m       [38;2;225;121;159m▄[0m    [38;2;36;16;22m▄[0m             
           [38;2;220;99;144m[48;2;220;99;144m▀[0m[38;2;220;99;144m[48;2;220;99;144m▀[0m[38;2;220;99;144m[48;2;220;99;144m▀[0m[38;2;228;103;150m[48;2;220;99;144m▀[0m     [38;2;0;0;0m[48;2;226;100;147m▀[0m[38;2;220;99;144m[48;2;220;99;144m▀[0m[38;2;226;102;148m[48;2;220;99;144m▀[0m [38;2;217;98;142m▄[0m[38;2;244;177;203m[48;2;220;99;144m▀[0m[38;2;220;99;144m[48;2;220;99;144m▀[0m[38;2;241;107;156m[48;2;239;107;156m▀[0m            
           [38;2;223;100;146m[48;2;157;77;94m▀[0m[38;2;220;99;144m[48;2;220;99;144m▀[0m[38;2;220;99;144m[48;2;220;99;144m▀[0m[38;2;220;99;144m[48;2;220;99;143m▀[0m[38;2;240;108;158m[48;2;220;99;144m▀[0m  [38;2;0;0;0m▄[0m[38;2;48;45;45m▄[0m[38;2;220;99;144m[48;2;31;32;31m▀[0m[38;2;220;99;144m[48;2;8;3;5m▀[0m[38;2;220;99;144m[48;2;168;76;110m▀[0m[38;2;73;33;47m[48;2;220;99;144m▀[0m[38;2;220;99;144m[48;2;220;99;144m▀[0m[38;2;219;99;143m[48;2;163;78;99m▀[0m[38;2;150;76;91m[48;2;150;75;91m▀[0m[38;2;203;92;133m[48;2;0;0;0m▀[0m            
    [38;2;233;143;176m[48;2;220;99;144m▀[0m[38;2;195;86;127m[48;2;220;99;144m▀[0m[38;2;219;98;143m▄[0m    [38;2;0;0;0m▄[0m[38;2;220;99;144m[48;2;104;99;97m▀[0m[38;2;189;85;123m[48;2;104;98;97m▀[0m[38;2;82;77;77m[48;2;104;99;97m▀[0m[38;2;83;78;77m[48;2;40;21;27m▀[0m[38;2;104;99;97m[48;2;114;108;106m▀[0m[38;2;104;99;97m[48;2;102;96;94m▀[0m[38;2;104;99;97m[48;2;104;98;96m▀[0m[38;2;104;99;97m[48;2;104;99;97m▀[0m[38;2;103;97;94m[48;2;84;81;80m▀[0m[38;2;77;73;73m[48;2;78;74;73m▀[0m[38;2;15;15;15m[48;2;229;102;150m▀[0m[38;2;220;99;144m[48;2;220;99;144m▀[0m[38;2;223;100;146m[48;2;150;76;91m▀[0m[38;2;150;75;91m[48;2;150;75;91m▀[0m[38;2;150;75;91m[48;2;151;76;92m▀[0m[38;2;52;50;49m▄[0m    [38;2;240;115;161m▄[0m[38;2;218;97;141m▄[0m      
    [38;2;87;42;54m▀[0m[38;2;220;99;144m[48;2;220;99;144m▀[0m[38;2;220;99;144m[48;2;220;99;144m▀[0m[38;2;220;99;144m[48;2;220;99;144m▀[0m[38;2;219;99;143m▄[0m[38;2;104;99;97m▄[0m[38;2;104;98;96m[48;2;104;99;97m▀[0m[38;2;161;160;159m[48;2;104;99;97m▀[0m[38;2;104;98;97m[48;2;104;99;97m▀[0m[38;2;104;99;97m[48;2;104;99;97m▀[0m[38;2;112;106;104m[48;2;227;101;148m▀[0m[38;2;224;100;147m[48;2;150;75;91m▀[0m[38;2;223;100;146m[48;2;149;75;91m▀[0m[38;2;77;74;73m[48;2;18;16;17m▀[0m[38;2;78;74;74m[48;2;78;74;74m▀[0m[38;2;78;75;73m[48;2;78;74;74m▀[0m[38;2;78;75;74m[48;2;78;74;73m▀[0m[38;2;78;75;73m[48;2;78;74;73m▀[0m[38;2;220;99;144m[48;2;220;99;144m▀[0m[38;2;222;99;145m[48;2;173;79;105m▀[0m[38;2;150;75;91m[48;2;149;75;90m▀[0m[38;2;150;75;91m[48;2;149;75;90m▀[0m[38;2;151;75;91m[48;2;150;76;91m▀[0m[38;2;77;74;73m[48;2;78;74;73m▀[0m[38;2;78;74;73m[48;2;77;73;72m▀[0m[38;2;56;57;55m▄[0m[38;2;220;99;143m▄[0m[38;2;220;99;143m[48;2;168;78;101m▀[0m[38;2;172;78;105m[48;2;150;75;91m▀[0m[38;2;150;75;90m[48;2;149;75;91m▀[0m      
     [38;2;156;78;93m▀[0m[38;2;220;99;144m[48;2;195;89;123m▀[0m[38;2;220;99;144m[48;2;218;98;143m▀[0m[38;2;233;106;154m[48;2;78;75;73m▀[0m[38;2;78;74;73m[48;2;78;74;74m▀[0m[38;2;79;75;74m[48;2;78;74;73m▀[0m[38;2;80;76;75m[48;2;80;76;75m▀[0m[38;2;79;75;74m[48;2;78;74;74m▀[0m[38;2;80;76;75m[48;2;78;75;74m▀[0m[38;2;186;84;115m[48;2;150;75;91m▀[0m[38;2;149;75;90m[48;2;149;75;90m▀[0m[38;2;149;75;90m[48;2;149;75;90m▀[0m[38;2;227;100;147m[48;2;170;78;102m▀[0m[38;2;78;74;74m[48;2;79;75;74m▀[0m[38;2;78;74;74m[48;2;78;74;73m▀[0m[38;2;79;75;74m[48;2;78;74;74m▀[0m[38;2;77;74;73m[48;2;77;73;72m▀[0m[38;2;78;74;73m[48;2;79;75;74m▀[0m[38;2;153;76;92m[48;2;78;74;73m▀[0m[38;2;149;75;90m[48;2;65;60;59m▀[0m[38;2;150;75;91m[48;2;70;65;64m▀[0m[38;2;73;69;67m[48;2;77;73;72m▀[0m[38;2;77;74;72m[48;2;76;73;72m▀[0m[38;2;77;73;72m[48;2;78;74;74m▀[0m[38;2;220;99;144m[48;2;224;101;147m▀[0m[38;2;175;78;106m[48;2;149;75;90m▀[0m[38;2;149;75;91m[48;2;150;75;91m▀[0m[38;2;150;75;91m[48;2;147;74;89m▀[0m[38;2;0;0;0m[48;2;255;255;255m▀[0m      
      [38;2;105;99;97m[48;2;78;74;74m▀[0m[38;2;77;74;73m[48;2;78;74;73m▀[0m[38;2;78;74;73m[48;2;78;74;73m▀[0m[38;2;78;74;73m[48;2;77;73;72m▀[0m[38;2;78;74;73m[48;2;78;74;74m▀[0m[38;2;78;74;73m[48;2;77;73;72m▀[0m[38;2;78;73;73m[48;2;77;73;72m▀[0m[38;2;79;75;74m[48;2;77;73;72m▀[0m[38;2;150;75;91m[48;2;28;30;28m▀[0m[38;2;149;75;90m[48;2;149;75;90m▀[0m[38;2;149;75;90m[48;2;148;75;89m▀[0m[38;2;151;75;91m[48;2;58;56;55m▀[0m[38;2;78;74;73m[48;2;77;74;73m▀[0m[38;2;77;74;73m[48;2;76;73;72m▀[0m[38;2;78;74;74m[48;2;79;75;74m▀[0m[38;2;78;73;72m[48;2;78;73;73m▀[0m[38;2;77;73;72m[48;2;77;73;72m▀[0m[38;2;77;73;72m[48;2;77;74;73m▀[0m[38;2;75;72;71m[48;2;77;73;72m▀[0m[38;2;77;73;72m[48;2;78;73;73m▀[0m[38;2;79;74;74m[48;2;74;71;70m▀[0m[38;2;80;76;75m[48;2;78;74;74m▀[0m[38;2;77;72;72m[48;2;76;74;73m▀[0m[38;2;35;36;35m[48;2;77;73;72m▀[0m[38;2;150;75;91m[48;2;77;73;72m▀[0m[38;2;150;75;91m[48;2;67;62;60m▀[0m[38;2;25;24;24m[48;2;78;75;74m▀[0m[38;2;255;255;255m[48;2;255;255;255m▀[0m[38;2;200;208;213m[48;2;255;255;255m▀[0m[38;2;195;194;193m▄[0m    
     [38;2;38;36;35m[48;2;197;98;136m▀[0m[38;2;79;75;74m[48;2;77;73;72m▀[0m[38;2;77;72;71m[48;2;77;73;72m▀[0m[38;2;77;73;72m[48;2;215;213;211m▀[0m[38;2;77;73;72m[48;2;76;72;71m▀[0m[38;2;79;75;74m[48;2;77;73;72m▀[0m[38;2;77;73;72m[48;2;77;73;73m▀[0m[38;2;77;73;72m[48;2;76;72;71m▀[0m[38;2;78;74;73m[48;2;77;73;72m▀[0m[38;2;77;73;72m[48;2;78;75;74m▀[0m[38;2;73;70;68m[48;2;75;72;71m▀[0m[38;2;71;68;67m[48;2;75;71;71m▀[0m[38;2;77;73;72m[48;2;76;72;71m▀[0m[38;2;76;73;72m[48;2;75;71;70m▀[0m[38;2;75;72;71m[48;2;76;73;72m▀[0m[38;2;75;72;71m[48;2;77;73;72m▀[0m[38;2;75;72;71m[48;2;75;71;70m▀[0m[38;2;77;73;72m[48;2;76;72;71m▀[0m[38;2;77;73;71m[48;2;77;73;72m▀[0m[38;2;76;72;72m[48;2;76;72;72m▀[0m[38;2;77;73;72m[48;2;75;72;71m▀[0m[38;2;75;72;71m[48;2;75;72;71m▀[0m[38;2;76;73;72m[48;2;75;71;70m▀[0m[38;2;78;74;73m[48;2;78;74;73m▀[0m[38;2;77;73;72m[48;2;75;72;71m▀[0m[38;2;79;75;74m[48;2;80;76;74m▀[0m[38;2;79;75;74m[48;2;79;75;74m▀[0m[38;2;80;76;74m[48;2;70;65;64m▀[0m[38;2;255;255;255m[48;2;227;230;234m▀[0m[38;2;255;255;255m[48;2;234;237;239m▀[0m[38;2;255;255;255m[48;2;215;226;233m▀[0m    
     [38;2;0;0;0m▀[0m[38;2;217;215;214m[48;2;65;61;59m▀[0m[38;2;85;80;80m[48;2;151;147;144m▀[0m[38;2;78;74;73m[48;2;255;255;255m▀[0m[38;2;76;72;71m[48;2;68;64;64m▀[0m[38;2;75;72;71m[48;2;69;65;64m▀[0m[38;2;75;72;71m[48;2;76;72;71m▀[0m[38;2;75;72;71m[48;2;76;72;72m▀[0m[38;2;149;71;102m[48;2;220;99;144m▀[0m[38;2;75;72;71m[48;2;56;54;53m▀[0m[38;2;75;72;71m[48;2;76;72;71m▀[0m[38;2;75;71;71m[48;2;76;72;71m▀[0m[38;2;76;73;71m[48;2;75;72;71m▀[0m[38;2;77;73;72m[48;2;77;72;72m▀[0m[38;2;75;71;70m[48;2;74;71;70m▀[0m[38;2;77;73;72m[48;2;76;72;71m▀[0m[38;2;76;72;71m[48;2;76;72;71m▀[0m[38;2;75;72;71m[48;2;75;72;71m▀[0m[38;2;75;72;71m[48;2;75;72;71m▀[0m[38;2;76;72;71m[48;2;75;72;71m▀[0m[38;2;75;72;71m[48;2;77;73;72m▀[0m[38;2;77;73;73m[48;2;76;72;72m▀[0m[38;2;79;75;74m[48;2;77;73;72m▀[0m[38;2;76;73;71m[48;2;72;68;66m▀[0m[38;2;79;74;74m[48;2;67;62;60m▀[0m[38;2;78;73;73m[48;2;49;44;43m▀[0m[38;2;63;59;58m[48;2;55;50;49m▀[0m[38;2;200;211;217m[48;2;191;201;207m▀[0m[38;2;190;200;206m[48;2;191;200;206m▀[0m[38;2;41;43;44m▀[0m     
       [38;2;46;42;41m▀[0m[38;2;53;49;48m[48;2;48;43;43m▀[0m[38;2;177;166;160m[48;2;46;41;41m▀[0m[38;2;77;73;73m[48;2;47;42;41m▀[0m[38;2;75;71;71m[48;2;45;41;40m▀[0m[38;2;76;72;71m[48;2;47;42;41m▀[0m[38;2;43;46;43m[48;2;44;40;40m▀[0m[38;2;75;72;71m[48;2;47;42;42m▀[0m[38;2;75;72;71m[48;2;49;44;44m▀[0m[38;2;75;72;71m[48;2;51;47;46m▀[0m[38;2;75;71;71m[48;2;50;46;45m▀[0m[38;2;78;74;73m[48;2;54;49;48m▀[0m[38;2;76;72;71m[48;2;50;46;45m▀[0m[38;2;75;71;70m[48;2;48;43;43m▀[0m[38;2;75;72;71m[48;2;49;44;43m▀[0m[38;2;75;72;71m[48;2;45;41;40m▀[0m[38;2;76;73;72m[48;2;47;43;42m▀[0m[38;2;71;66;65m[48;2;47;42;42m▀[0m[38;2;65;60;59m[48;2;47;42;42m▀[0m[38;2;62;58;56m[48;2;48;43;42m▀[0m[38;2;48;43;42m[48;2;48;43;42m▀[0m[38;2;47;43;42m[48;2;47;42;42m▀[0m[38;2;48;43;42m[48;2;0;0;0m▀[0m[38;2;63;58;57m▀[0m         
          [38;2;51;47;46m▀[0m[38;2;47;42;41m▀[0m[38;2;47;41;41m[48;2;0;0;0m▀[0m[38;2;46;42;41m[48;2;59;53;52m▀[0m[38;2;45;41;40m[48;2;45;41;40m▀[0m[38;2;47;42;41m[48;2;47;43;42m▀[0m[38;2;45;41;40m[48;2;46;41;40m▀[0m[38;2;46;41;40m[48;2;45;41;40m▀[0m[38;2;47;42;42m[48;2;47;43;42m▀[0m[38;2;45;41;40m[48;2;47;42;41m▀[0m[38;2;46;41;41m[48;2;45;41;40m▀[0m[38;2;45;41;40m[48;2;46;41;40m▀[0m[38;2;46;41;41m[48;2;47;41;41m▀[0m[38;2;46;41;40m[48;2;49;44;43m▀[0m[38;2;47;42;41m[48;2;5;5;5m▀[0m[38;2;47;43;42m▀[0m[38;2;47;42;42m▀[0m[38;2;0;0;0m▀[0m            
                                        
                                        
                                        
                                        
                                        
