                                        
                                        
                   [38;2;180;180;183m[48;2;147;147;149m▀[0m[38;2;147;147;149m▄[0m[38;2;148;148;151m▄[0m                  
                   [38;2;148;148;150m[48;2;147;147;149m▀[0m[38;2;147;147;149m[48;2;147;147;149m▀[0m[38;2;147;147;149m[48;2;148;147;149m▀[0m[38;2;147;147;149m[48;2;147;147;149m▀[0m[38;2;105;107;111m[48;2;198;153;126m▀[0m[38;2;170;126;103m[48;2;172;129;106m▀[0m[38;2;180;137;113m[48;2;166;124;102m▀[0m[38;2;117;80;68m▄[0m             
                   [38;2;167;167;174m[48;2;147;147;149m▀[0m[38;2;150;150;152m[48;2;147;147;149m▀[0m[38;2;147;147;149m[48;2;147;147;149m▀[0m[38;2;147;147;149m[48;2;147;147;150m▀[0m[38;2;171;128;105m[48;2;173;131;107m▀[0m[38;2;175;134;110m[48;2;176;133;109m▀[0m[38;2;118;80;69m[48;2;50;38;35m▀[0m[38;2;126;124;126m[48;2;147;147;149m▀[0m[38;2;147;147;149m[48;2;148;147;150m▀[0m[38;2;90;94;96m[48;2;147;147;149m▀[0m[38;2;46;47;48m▄[0m          
                   [38;2;147;147;149m[48;2;148;147;149m▀[0m[38;2;147;147;149m[48;2;151;151;154m▀[0m[38;2;148;148;150m[48;2;109;107;113m▀[0m[38;2;153;152;155m[48;2;44;49;56m▀[0m[38;2;174;132;108m[48;2;170;127;103m▀[0m[38;2;170;127;105m[48;2;180;136;112m▀[0m[38;2;90;89;95m[48;2;119;117;122m▀[0m[38;2;148;148;150m[48;2;147;147;149m▀[0m[38;2;148;147;149m[48;2;147;147;149m▀[0m[38;2;147;147;149m[48;2;148;147;149m▀[0m[38;2;147;147;150m[48;2;147;147;149m▀[0m[38;2;161;166;169m[48;2;170;175;179m▀[0m[38;2;187;195;203m[48;2;173;178;181m▀[0m[38;2;174;178;182m▄[0m       
               [38;2;225;173;143m▀[0m[38;2;191;143;118m▄[0m[38;2;216;166;141m▄[0m    [38;2;220;164;135m▄[0m[38;2;186;148;124m▄[0m[38;2;158;116;97m[48;2;171;127;104m▀[0m[38;2;106;106;112m[48;2;170;127;104m▀[0m[38;2;114;112;116m[48;2;50;35;31m▀[0m[38;2;147;147;149m[48;2;90;89;95m▀[0m[38;2;147;147;149m[48;2;140;138;141m▀[0m[38;2;147;147;149m[48;2;106;105;111m▀[0m[38;2;78;80;82m▀[0m[38;2;172;179;185m▀[0m[38;2;177;181;185m[48;2;66;69;71m▀[0m       
       [38;2;6;12;15m▀[0m[38;2;52;103;147m▄[0m        [38;2;170;128;105m▀[0m[38;2;108;85;68m▀[0m[38;2;124;93;76m[48;2;173;130;107m▀[0m[38;2;164;129;108m[48;2;180;130;107m▀[0m[38;2;173;130;107m[48;2;115;77;67m▀[0m[38;2;94;82;61m[48;2;87;126;65m▀[0m[38;2;145;107;89m[48;2;79;126;61m▀[0m[38;2;187;140;114m[48;2;51;38;32m▀[0m[38;2;171;127;105m[48;2;170;126;103m▀[0m[38;2;41;36;32m[48;2;117;79;68m▀[0m[38;2;90;89;96m[48;2;116;76;63m▀[0m[38;2;105;103;110m[48;2;147;101;86m▀[0m           
        [38;2;87;90;89m[48;2;165;164;167m▀[0m[38;2;27;57;85m[48;2;173;178;181m▀[0m[38;2;43;84;122m▄[0m        [38;2;32;32;32m▄[0m[38;2;98;66;57m[48;2;160;117;96m▀[0m[38;2;188;140;114m[48;2;120;83;71m▀[0m[38;2;72;54;45m[48;2;172;129;106m▀[0m[38;2;98;65;57m[48;2;171;127;104m▀[0m[38;2;169;125;104m[48;2;145;108;88m▀[0m[38;2;53;38;31m[48;2;41;37;32m▀[0m[38;2;119;80;69m[48;2;16;15;13m▀[0m[38;2;119;79;69m[48;2;137;92;78m▀[0m[38;2;121;82;70m[48;2;23;15;13m▀[0m           
        [38;2;150;150;152m[48;2;169;173;177m▀[0m[38;2;173;178;181m[48;2;60;61;60m▀[0m[38;2;176;180;184m[48;2;173;177;181m▀[0m[38;2;44;38;38m[48;2;50;101;147m▀[0m[38;2;24;57;92m▄[0m      [38;2;147;147;150m[48;2;9;9;9m▀[0m[38;2;13;9;7m[48;2;146;147;148m▀[0m[38;2;63;31;32m[48;2;109;73;62m▀[0m[38;2;76;59;49m[48;2;119;81;70m▀[0m[38;2;173;131;107m[48;2;174;132;108m▀[0m[38;2;171;128;104m[48;2;172;129;106m▀[0m[38;2;176;132;108m[48;2;130;94;79m▀[0m[38;2;40;34;29m[48;2;127;88;74m▀[0m[38;2;123;82;71m[48;2;116;78;67m▀[0m[38;2;100;67;58m[48;2;119;79;69m▀[0m[38;2;151;104;88m▄[0m          
        [38;2;178;186;193m[48;2;180;185;189m▀[0m[38;2;176;183;189m[48;2;173;178;181m▀[0m[38;2;174;177;181m[48;2;173;177;181m▀[0m[38;2;173;177;181m[48;2;177;186;194m▀[0m[38;2;24;59;91m[48;2;102;93;84m▀[0m[38;2;45;44;45m[48;2;96;88;81m▀[0m[38;2;24;23;20m▄[0m[38;2;52;49;46m▄[0m[38;2;171;170;178m▄[0m[38;2;147;147;149m▄[0m[38;2;147;146;148m[48;2;147;147;149m▀[0m[38;2;171;171;173m[48;2;147;147;149m▀[0m[38;2;147;147;149m[48;2;146;146;149m▀[0m[38;2;199;157;133m[48;2;146;146;148m▀[0m[38;2;101;78;65m[48;2;160;121;99m▀[0m[38;2;63;43;38m[48;2;123;84;72m▀[0m[38;2;47;31;28m▀[0m[38;2;91;58;49m[48;2;43;30;26m▀[0m[38;2;91;58;49m[48;2;84;54;46m▀[0m[38;2;88;57;49m▀[0m[38;2;89;57;49m[48;2;110;75;65m▀[0m[38;2;89;58;48m[48;2;49;36;31m▀[0m          
        [38;2;162;162;164m[48;2;161;160;164m▀[0m[38;2;109;108;110m[48;2;173;178;181m▀[0m[38;2;172;176;180m[48;2;51;47;40m▀[0m[38;2;71;66;61m[48;2;73;68;61m▀[0m[38;2;71;65;60m[48;2;71;66;61m▀[0m[38;2;72;66;61m[48;2;72;66;61m▀[0m[38;2;71;66;61m[48;2;71;66;60m▀[0m[38;2;153;153;154m[48;2;149;149;150m▀[0m[38;2;147;147;149m[48;2;36;32;28m▀[0m[38;2;158;158;160m[48;2;147;147;149m▀[0m[38;2;147;147;149m[48;2;147;147;149m▀[0m[38;2;147;147;149m[48;2;14;13;13m▀[0m[38;2;151;149;152m[48;2;147;147;149m▀[0m[38;2;147;147;149m[48;2;147;147;149m▀[0m[38;2;174;131;107m[48;2;92;91;97m▀[0m[38;2;91;91;96m[48;2;91;90;97m▀[0m[38;2;91;90;96m[48;2;91;90;97m▀[0m   [38;2;36;26;21m▀[0m [38;2;112;77;66m▀[0m         
        [38;2;193;203;211m▀[0m[38;2;197;204;211m[48;2;3;9;13m▀[0m[38;2;84;73;111m[48;2;85;73;111m▀[0m[38;2;74;69;64m[48;2;13;12;8m▀[0m[38;2;71;65;60m[48;2;71;66;61m▀[0m[38;2;71;65;60m[48;2;42;37;33m▀[0m[38;2;71;66;60m[48;2;41;37;32m▀[0m[38;2;71;66;60m[48;2;73;66;61m▀[0m[38;2;90;82;75m[48;2;71;65;60m▀[0m[38;2;147;147;149m[48;2;71;66;61m▀[0m[38;2;60;55;49m[48;2;71;66;61m▀[0m[38;2;19;17;15m[48;2;147;147;149m▀[0m[38;2;147;147;149m[48;2;147;147;149m▀[0m[38;2;145;145;147m[48;2;34;30;26m▀[0m[38;2;92;91;97m[48;2;92;91;97m▀[0m[38;2;92;91;97m[48;2;91;90;97m▀[0m[38;2;91;90;96m[48;2;92;92;97m▀[0m[38;2;97;96;104m[48;2;97;96;102m▀[0m              
          [38;2;84;73;111m[48;2;45;41;32m▀[0m[38;2;71;65;60m[48;2;72;66;61m▀[0m[38;2;72;66;61m[48;2;72;66;61m▀[0m[38;2;6;5;5m▀[0m[38;2;31;28;24m▀[0m[38;2;15;14;12m[48;2;21;20;18m▀[0m[38;2;72;66;61m[48;2;71;66;61m▀[0m[38;2;71;65;60m[48;2;71;65;60m▀[0m[38;2;53;48;44m[48;2;71;66;61m▀[0m[38;2;148;147;149m[48;2;49;43;37m▀[0m[38;2;147;147;149m[48;2;44;38;34m▀[0m[38;2;41;37;32m[48;2;49;44;38m▀[0m[38;2;107;105;110m[48;2;148;147;149m▀[0m[38;2;91;91;96m[48;2;88;88;94m▀[0m[38;2;23;21;19m[48;2;38;32;28m▀[0m[38;2;91;91;97m[48;2;92;91;97m▀[0m[38;2;115;114;116m▀[0m             
        [38;2;36;33;31m▄[0m[38;2;71;66;61m[48;2;45;39;35m▀[0m[38;2;71;65;60m[48;2;51;46;40m▀[0m[38;2;71;66;61m▀[0m  [38;2;42;37;33m[48;2;45;40;34m▀[0m[38;2;70;65;60m[48;2;76;67;63m▀[0m[38;2;72;66;61m[48;2;39;52;46m▀[0m[38;2;71;65;60m▀[0m    [38;2;45;39;34m▀[0m[38;2;158;158;160m[48;2;42;37;32m▀[0m[38;2;41;37;32m[48;2;41;35;32m▀[0m[38;2;125;122;127m▀[0m              
        [38;2;31;29;27m[48;2;57;53;48m▀[0m[38;2;51;44;69m[48;2;52;44;69m▀[0m[38;2;31;25;41m▀[0m   [38;2;42;37;32m[48;2;41;37;32m▀[0m[38;2;54;74;69m[48;2;40;33;56m▀[0m[38;2;85;112;99m[48;2;85;112;99m▀[0m[38;2;4;6;4m[48;2;17;25;21m▀[0m    [38;2;3;3;3m▀[0m[38;2;41;37;32m▀[0m[38;2;48;64;56m[48;2;46;62;54m▀[0m[38;2;65;86;74m[48;2;49;65;57m▀[0m[38;2;46;62;54m▄[0m             
        [38;2;73;67;62m[48;2;3;4;4m▀[0m[38;2;40;35;27m[48;2;69;63;58m▀[0m[38;2;72;66;61m▄[0m[38;2;53;48;44m▄[0m  [38;2;170;176;182m▀[0m[38;2;28;39;36m▀[0m[38;2;85;112;99m[48;2;41;57;52m▀[0m[38;2;85;113;100m[48;2;43;57;51m▀[0m       [38;2;26;35;32m▀[0m[38;2;48;65;57m[48;2;74;100;87m▀[0m[38;2;13;16;14m[48;2;48;64;56m▀[0m[38;2;46;61;54m▄[0m[38;2;50;67;58m▄[0m[38;2;48;64;56m▄[0m[38;2;48;64;56m▄[0m        
         [38;2;6;6;4m▀[0m[38;2;22;20;18m▀[0m     [38;2;85;112;98m▀[0m[38;2;85;112;99m▀[0m[38;2;21;29;25m[48;2;25;33;29m▀[0m[38;2;85;112;99m▀[0m[38;2;85;112;99m▀[0m[38;2;0;0;0m▄[0m        [38;2;22;29;25m▀[0m[38;2;25;35;30m▀[0m[38;2;28;38;33m▀[0m       
                                        
                                        
