                                        
                                        
                [38;2;206;205;204m▄[0m[38;2;211;209;208m[48;2;202;201;201m▀[0m                      
              [38;2;136;145;152m▄[0m[38;2;183;184;186m[48;2;201;204;206m▀[0m[38;2;211;208;207m[48;2;211;208;207m▀[0m                       
            [38;2;253;251;210m▄[0m[38;2;255;255;224m▄[0m[38;2;211;208;207m[48;2;201;204;206m▀[0m[38;2;201;204;206m[48;2;149;157;164m▀[0m  [38;2;218;212;209m▄[0m[38;2;218;212;209m▄[0m[38;2;218;213;210m▀[0m                   
           [38;2;254;251;210m▄[0m[38;2;254;251;210m[48;2;254;251;210m▀[0m[38;2;254;252;215m[48;2;254;251;210m▀[0m[38;2;68;68;66m[48;2;255;253;212m▀[0m[38;2;206;206;206m▄[0m[38;2;218;213;210m[48;2;206;206;206m▀[0m[38;2;206;206;206m[48;2;218;212;209m▀[0m[38;2;218;212;209m▀[0m                     
          [38;2;150;139;90m[48;2;255;255;230m▀[0m[38;2;254;251;210m[48;2;254;251;210m▀[0m[38;2;254;251;210m[48;2;255;255;228m▀[0m[38;2;254;251;210m[48;2;250;249;224m▀[0m[38;2;206;206;206m[48;2;254;251;210m▀[0m[38;2;207;206;207m[48;2;143;140;118m▀[0m[38;2;208;203;202m▀[0m[38;2;151;158;170m▄[0m[38;2;166;166;170m▄[0m[38;2;207;203;201m▄[0m[38;2;218;213;210m▄[0m                   
         [38;2;241;231;169m[48;2;224;209;138m▀[0m[38;2;187;178;130m[48;2;224;209;138m▀[0m[38;2;254;251;210m[48;2;254;251;210m▀[0m[38;2;254;251;210m[48;2;5;141;113m▀[0m[38;2;254;251;210m[48;2;151;152;146m▀[0m[38;2;143;143;132m[48;2;255;254;215m▀[0m[38;2;109;110;111m▀[0m[38;2;206;206;206m▀[0m[38;2;210;208;208m▀[0m[38;2;218;213;210m▀[0m                     
         [38;2;94;93;82m▀[0m [38;2;6;135;112m[48;2;197;201;187m▀[0m[38;2;37;199;160m[48;2;255;252;212m▀[0m[38;2;162;160;134m[48;2;178;170;120m▀[0m[38;2;254;251;210m[48;2;185;185;184m▀[0m[38;2;252;249;208m[48;2;255;254;222m▀[0m[38;2;254;251;210m▄[0m                       
          [38;2;20;18;15m▄[0m[38;2;247;246;220m[48;2;216;201;132m▀[0m[38;2;232;232;232m[48;2;139;96;102m▀[0m[38;2;219;205;134m[48;2;255;255;220m▀[0m[38;2;232;219;152m[48;2;233;229;194m▀[0m[38;2;253;251;210m[48;2;254;251;210m▀[0m[38;2;254;251;210m[48;2;59;60;60m▀[0m[38;2;254;251;210m[48;2;254;251;210m▀[0m[38;2;253;250;209m▄[0m[38;2;45;46;49m▄[0m           [38;2;18;107;157m▄[0m[38;2;91;100;101m▄[0m[38;2;22;113;168m▀[0m      
           [38;2;213;204;136m▀[0m[38;2;183;124;132m▀[0m[38;2;254;253;217m[48;2;173;174;155m▀[0m[38;2;175;175;156m[48;2;255;252;210m▀[0m[38;2;183;184;160m[48;2;255;253;212m▀[0m[38;2;254;251;210m[48;2;255;255;230m▀[0m[38;2;139;137;122m[48;2;254;251;210m▀[0m[38;2;254;251;210m[48;2;183;182;168m▀[0m[38;2;244;244;206m▀[0m        [38;2;170;164;95m▄[0m[38;2;14;103;152m▄[0m[38;2;17;105;154m[48;2;209;209;209m▀[0m[38;2;209;209;209m[48;2;209;209;209m▀[0m        
             [38;2;175;174;156m[48;2;71;70;61m▀[0m[38;2;255;252;211m[48;2;255;255;226m▀[0m[38;2;254;251;210m[48;2;255;255;221m▀[0m[38;2;117;115;101m[48;2;254;251;210m▀[0m[38;2;254;251;210m[48;2;208;208;189m▀[0m[38;2;254;252;222m[48;2;254;251;210m▀[0m[38;2;254;251;210m▄[0m[38;2;227;226;199m▄[0m    [38;2;200;197;120m▄[0m[38;2;16;105;154m▄[0m[38;2;16;105;154m[48;2;16;105;154m▀[0m[38;2;18;107;155m[48;2;201;207;210m▀[0m[38;2;209;209;209m[48;2;197;198;198m▀[0m[38;2;209;209;209m[48;2;209;209;209m▀[0m[38;2;251;252;214m[48;2;209;209;209m▀[0m[38;2;239;239;220m[48;2;209;209;209m▀[0m[38;2;176;175;152m▄[0m      
             [38;2;215;212;179m▄[0m[38;2;255;255;229m[48;2;255;255;229m▀[0m[38;2;255;255;229m[48;2;255;255;229m▀[0m[38;2;255;255;230m[48;2;255;255;230m▀[0m[38;2;254;251;210m[48;2;255;255;229m▀[0m[38;2;255;255;228m[48;2;255;255;229m▀[0m[38;2;244;242;209m[48;2;255;255;232m▀[0m[38;2;252;249;209m[48;2;254;252;216m▀[0m[38;2;177;175;158m[48;2;152;149;125m▀[0m[38;2;65;63;58m[48;2;76;73;73m▀[0m[38;2;95;91;90m[48;2;77;75;75m▀[0m[38;2;82;78;78m[48;2;76;74;74m▀[0m[38;2;79;77;77m[48;2;77;75;75m▀[0m[38;2;20;110;160m[48;2;77;75;75m▀[0m[38;2;161;156;151m[48;2;17;105;155m▀[0m[38;2;201;207;210m[48;2;201;207;210m▀[0m[38;2;201;208;210m[48;2;209;209;209m▀[0m[38;2;209;209;209m[48;2;255;255;234m▀[0m[38;2;209;209;209m[48;2;185;186;181m▀[0m[38;2;209;209;209m[48;2;237;237;219m▀[0m[38;2;210;210;197m▀[0m      
            [38;2;246;246;208m[48;2;255;255;223m▀[0m[38;2;255;255;229m[48;2;255;255;233m▀[0m[38;2;255;255;229m[48;2;255;255;229m▀[0m[38;2;255;255;230m[48;2;255;255;229m▀[0m[38;2;255;255;230m[48;2;255;255;229m▀[0m[38;2;41;40;40m[48;2;7;8;7m▀[0m[38;2;255;255;229m[48;2;96;92;92m▀[0m[38;2;77;75;76m[48;2;77;75;76m▀[0m[38;2;77;75;76m[48;2;77;75;76m▀[0m[38;2;76;75;74m[48;2;48;46;46m▀[0m[38;2;77;75;75m[48;2;77;75;75m▀[0m[38;2;77;75;75m[48;2;75;73;72m▀[0m[38;2;95;91;90m[48;2;77;75;75m▀[0m[38;2;95;88;132m[48;2;102;95;142m▀[0m[38;2;94;87;131m[48;2;95;88;132m▀[0m[38;2;5;25;42m[48;2;79;77;77m▀[0m[38;2;30;125;170m▀[0m[38;2;201;207;210m[48;2;16;107;156m▀[0m[38;2;209;209;209m[48;2;82;78;78m▀[0m[38;2;140;139;137m[48;2;209;209;209m▀[0m        
             [38;2;255;255;229m[48;2;102;116;102m▀[0m[38;2;91;141;115m[48;2;31;40;40m▀[0m[38;2;20;29;26m[48;2;95;149;120m▀[0m[38;2;87;139;111m[48;2;255;255;216m▀[0m[38;2;60;87;79m[48;2;88;141;113m▀[0m[38;2;81;153;132m[48;2;87;140;112m▀[0m[38;2;100;160;135m[48;2;87;140;112m▀[0m[38;2;76;74;76m[48;2;24;19;19m▀[0m[38;2;48;46;46m[48;2;39;38;38m▀[0m[38;2;50;48;48m[48;2;45;44;45m▀[0m[38;2;33;34;35m[48;2;45;44;45m▀[0m[38;2;77;75;75m[48;2;49;48;47m▀[0m[38;2;96;92;91m[48;2;77;75;75m▀[0m[38;2;95;88;132m[48;2;77;75;75m▀[0m[38;2;74;73;69m[48;2;77;75;75m▀[0m   [38;2;19;109;160m▀[0m[38;2;63;102;109m▀[0m       
             [38;2;208;207;199m[48;2;87;140;112m▀[0m[38;2;36;35;35m[48;2;16;25;20m▀[0m[38;2;43;42;43m▀[0m[38;2;255;255;218m▀[0m[38;2;49;79;65m▀[0m [38;2;38;58;48m▀[0m[38;2;47;44;46m▀[0m [38;2;50;49;49m[48;2;59;55;82m▀[0m[38;2;44;43;45m[48;2;46;45;46m▀[0m[38;2;47;46;47m▀[0m [38;2;77;75;75m▀[0m[38;2;77;75;75m[48;2;101;93;141m▀[0m[38;2;77;75;75m[48;2;76;74;74m▀[0m           
        [38;2;53;80;66m▄[0m[38;2;87;140;112m▄[0m[38;2;98;154;126m▄[0m[38;2;38;55;48m▄[0m[38;2;87;140;112m[48;2;63;102;82m▀[0m[38;2;40;57;47m▀[0m      [38;2;37;37;38m▄[0m[38;2;59;56;84m▄[0m[38;2;57;53;79m[48;2;45;44;45m▀[0m[38;2;44;43;44m[48;2;45;42;42m▀[0m    [38;2;88;85;83m[48;2;72;67;103m▀[0m[38;2;44;42;40m▄[0m          
       [38;2;15;21;18m▀[0m[38;2;3;5;7m▀[0m    [38;2;13;14;14m▀[0m      [38;2;28;28;29m▀[0m[38;2;33;31;31m▀[0m    [38;2;58;56;57m[48;2;49;47;47m▀[0m[38;2;102;93;141m[48;2;74;72;73m▀[0m[38;2;82;79;78m[48;2;65;65;64m▀[0m[38;2;216;215;134m▀[0m          
                                        
                                        
