                                        
                                        
                                        
                [38;2;61;41;67m▄[0m[38;2;108;75;117m▄[0m                      
              [38;2;152;98;170m▄[0m[38;2;147;95;165m[48;2;147;94;164m▀[0m[38;2;67;43;75m[48;2;147;94;164m▀[0m[38;2;156;107;171m[48;2;147;94;164m▀[0m[38;2;110;76;118m▄[0m                     
              [38;2;147;94;164m[48;2;147;94;164m▀[0m[38;2;147;94;165m[48;2;147;94;164m▀[0m[38;2;147;94;164m[48;2;147;94;164m▀[0m[38;2;147;94;164m[48;2;128;83;148m▀[0m                      
             [38;2;164;85;129m[48;2;213;111;167m▀[0m[38;2;212;110;166m[48;2;212;110;166m▀[0m[38;2;113;75;135m▀[0m [38;2;97;138;141m▄[0m[38;2;146;210;226m▄[0m[38;2;146;210;225m▄[0m[38;2;133;163;170m[48;2;142;209;224m▀[0m[38;2;0;0;0m[48;2;178;220;234m▀[0m[38;2;180;224;235m▄[0m                 
            [38;2;0;0;0m[48;2;225;146;184m▀[0m[38;2;214;111;168m[48;2;213;110;167m▀[0m[38;2;215;111;167m[48;2;81;62;48m▀[0m[38;2;228;116;178m[48;2;252;248;101m▀[0m[38;2;157;157;62m[48;2;145;93;162m▀[0m[38;2;167;81;139m[48;2;141;83;171m▀[0m[38;2;97;44;70m[48;2;146;210;225m▀[0m[38;2;41;58;60m[48;2;145;210;224m▀[0m[38;2;155;224;238m[48;2;212;110;166m▀[0m[38;2;146;210;225m[48;2;194;91;144m▀[0m[38;2;146;210;225m[48;2;143;206;222m▀[0m[38;2;160;228;239m[48;2;146;210;225m▀[0m                
          [38;2;163;213;226m▄[0m[38;2;180;220;232m[48;2;146;210;224m▀[0m[38;2;236;119;183m[48;2;213;111;166m▀[0m[38;2;215;112;168m[48;2;87;35;78m▀[0m[38;2;243;233;91m[48;2;128;80;149m▀[0m[38;2;146;94;164m[48;2;147;94;164m▀[0m[38;2;147;94;164m[48;2;128;192;197m▀[0m[38;2;147;211;227m[48;2;181;90;145m▀[0m[38;2;158;226;236m[48;2;240;230;91m▀[0m[38;2;213;111;167m[48;2;214;110;167m▀[0m[38;2;215;118;171m[48;2;41;72;69m▀[0m[38;2;105;69;90m[48;2;180;223;235m▀[0m[38;2;92;57;79m[48;2;180;223;235m▀[0m[38;2;209;107;163m[48;2;69;80;87m▀[0m[38;2;161;233;240m[48;2;213;110;166m▀[0m[38;2;145;210;225m[48;2;212;110;166m▀[0m[38;2;146;210;225m[48;2;154;220;232m▀[0m[38;2;144;207;223m[48;2;145;210;225m▀[0m[38;2;145;210;225m▄[0m   [38;2;160;102;178m▄[0m[38;2;148;97;166m▄[0m[38;2;135;95;144m[48;2;163;115;175m▀[0m[38;2;51;37;54m[48;2;167;121;179m▀[0m[38;2;175;126;188m▄[0m   
        [38;2;240;229;90m▄[0m[38;2;223;115;173m[48;2;84;36;75m▀[0m[38;2;75;128;127m[48;2;229;112;185m▀[0m[38;2;209;108;163m[48;2;72;86;20m▀[0m[38;2;214;111;167m[48;2;242;233;92m▀[0m[38;2;244;236;92m[48;2;241;232;92m▀[0m[38;2;141;146;136m[48;2;251;251;252m▀[0m[38;2;213;223;216m[48;2;250;249;248m▀[0m[38;2;84;140;138m[48;2;224;142;182m▀[0m[38;2;130;140;133m[48;2;226;223;88m▀[0m[38;2;253;252;102m[48;2;212;111;165m▀[0m[38;2;215;112;168m[48;2;213;111;167m▀[0m[38;2;94;166;167m[48;2;212;110;166m▀[0m[38;2;143;207;219m[48;2;139;202;217m▀[0m[38;2;143;207;222m[48;2;143;208;223m▀[0m[38;2;157;223;238m[48;2;216;113;170m▀[0m[38;2;225;145;183m[48;2;211;109;165m▀[0m[38;2;226;148;185m[48;2;214;111;167m▀[0m[38;2;212;109;166m[48;2;213;111;166m▀[0m[38;2;229;120;181m[48;2;212;110;166m▀[0m[38;2;146;210;225m[48;2;212;110;166m▀[0m[38;2;30;19;34m[48;2;77;39;57m▀[0m[38;2;147;94;164m▄[0m[38;2;166;107;187m[48;2;147;94;164m▀[0m[38;2;146;94;164m[48;2;147;94;164m▀[0m[38;2;146;93;163m[48;2;147;216;229m▀[0m[38;2;147;94;164m[48;2;146;210;225m▀[0m[38;2;146;95;164m[48;2;145;210;225m▀[0m[38;2;146;94;164m▀[0m   
   [38;2;163;86;135m▄[0m[38;2;196;102;158m▄[0m[38;2;162;85;133m▄[0m[38;2;2;4;4m[48;2;216;112;168m▀[0m[38;2;148;211;226m[48;2;144;209;223m▀[0m[38;2;144;208;222m[48;2;145;209;223m▀[0m[38;2;137;202;213m[48;2;142;206;221m▀[0m[38;2;242;233;92m[48;2;149;214;228m▀[0m[38;2;242;232;92m[48;2;241;232;92m▀[0m[38;2;243;234;92m[48;2;243;233;92m▀[0m[38;2;242;233;92m[48;2;84;61;54m▀[0m[38;2;239;229;91m[48;2;79;34;67m▀[0m[38;2;250;253;253m[48;2;254;255;98m▀[0m[38;2;202;201;78m[48;2;229;120;186m▀[0m[38;2;201;205;81m[48;2;212;110;166m▀[0m[38;2;154;57;103m[48;2;143;207;221m▀[0m[38;2;143;207;221m[48;2;142;206;220m▀[0m[38;2;238;125;188m[48;2;142;206;221m▀[0m[38;2;213;111;168m[48;2;211;109;165m▀[0m[38;2;213;111;167m[48;2;209;107;164m▀[0m[38;2;213;110;166m[48;2;240;231;92m▀[0m[38;2;252;249;104m[48;2;241;231;92m▀[0m[38;2;243;234;93m[48;2;241;233;92m▀[0m[38;2;241;232;92m[48;2;240;231;92m▀[0m[38;2;251;243;100m[48;2;240;231;91m▀[0m[38;2;213;111;167m[48;2;210;108;164m▀[0m[38;2;212;111;166m[48;2;212;110;166m▀[0m[38;2;222;116;175m[48;2;213;110;167m▀[0m[38;2;147;94;164m[48;2;147;94;164m▀[0m[38;2;146;210;225m[48;2;147;89;162m▀[0m[38;2;146;210;225m[48;2;145;210;225m▀[0m[38;2;146;210;225m[48;2;145;210;225m▀[0m[38;2;146;210;225m▄[0m    
   [38;2;188;95;154m▀[0m[38;2;170;172;170m[48;2;251;250;250m▀[0m[38;2;98;48;79m[48;2;254;253;253m▀[0m[38;2;163;86;135m[48;2;249;248;248m▀[0m[38;2;214;111;167m[48;2;214;219;215m▀[0m[38;2;146;210;224m[48;2;216;113;169m▀[0m[38;2;143;208;223m[48;2;48;77;76m▀[0m[38;2;145;209;223m[48;2;156;226;238m▀[0m[38;2;121;115;43m[48;2;144;207;221m▀[0m[38;2;243;233;92m[48;2;241;231;92m▀[0m[38;2;82;90;25m[48;2;240;230;90m▀[0m[38;2;87;152;151m[48;2;212;110;166m▀[0m[38;2;223;107;168m[48;2;129;204;205m▀[0m[38;2;78;94;101m[48;2;142;206;221m▀[0m[38;2;213;111;167m[48;2;213;110;166m▀[0m[38;2;230;118;181m[48;2;146;95;164m▀[0m[38;2;131;80;144m[48;2;146;94;164m▀[0m[38;2;147;94;164m[48;2;147;94;164m▀[0m[38;2;146;94;164m[48;2;147;94;164m▀[0m[38;2;147;94;164m[48;2;147;94;164m▀[0m[38;2;147;94;164m[48;2;147;94;164m▀[0m[38;2;94;59;113m[48;2;120;72;149m▀[0m[38;2;241;232;92m[48;2;245;236;93m▀[0m[38;2;243;233;92m[48;2;162;80;144m▀[0m[38;2;245;235;93m[48;2;164;87;136m▀[0m[38;2;213;110;166m[48;2;24;16;26m▀[0m[38;2;175;91;142m[48;2;112;79;145m▀[0m[38;2;96;69;124m▀[0m[38;2;121;81;143m▀[0m[38;2;147;94;164m[48;2;147;94;164m▀[0m[38;2;147;94;164m[48;2;146;94;164m▀[0m[38;2;146;92;163m[48;2;152;98;171m▀[0m[38;2;147;171;206m[48;2;149;96;167m▀[0m    
   [38;2;236;122;186m▄[0m[38;2;255;254;254m[48;2;215;112;168m▀[0m[38;2;172;170;168m[48;2;215;112;168m▀[0m[38;2;252;252;251m[48;2;216;112;168m▀[0m[38;2;250;249;248m[48;2;210;109;165m▀[0m[38;2;222;223;222m[48;2;169;90;140m▀[0m[38;2;234;121;183m[48;2;107;162;168m▀[0m[38;2;182;92;144m[48;2;106;159;164m▀[0m[38;2;109;163;168m[48;2;119;180;186m▀[0m[38;2;200;193;80m[48;2;178;174;77m▀[0m[38;2;213;206;84m[48;2;176;172;77m▀[0m[38;2;94;53;73m[48;2;179;175;77m▀[0m[38;2;213;110;167m[48;2;176;172;76m▀[0m[38;2;214;110;167m[48;2;183;181;77m▀[0m[38;2;214;112;168m[48;2;118;121;48m▀[0m[38;2;146;211;226m[48;2;194;190;81m▀[0m[38;2;146;216;228m[48;2;99;144;154m▀[0m[38;2;147;94;164m[48;2;146;210;225m▀[0m[38;2;147;94;164m[48;2;146;94;164m▀[0m[38;2;146;94;164m[48;2;150;96;168m▀[0m[38;2;98;59;123m[48;2;192;187;82m▀[0m[38;2;172;169;76m[48;2;184;179;79m▀[0m[38;2;175;172;76m[48;2;97;68;124m▀[0m[38;2;85;84;38m[48;2;96;69;124m▀[0m[38;2;98;69;125m[48;2;96;68;124m▀[0m[38;2;96;69;125m▀[0m     [38;2;88;57;98m▀[0m     
       [38;2;118;176;181m▀[0m[38;2;107;160;163m▀[0m[38;2;106;159;163m▀[0m[38;2;108;162;167m▀[0m[38;2;177;173;76m[48;2;196;192;85m▀[0m[38;2;176;173;76m[48;2;177;173;77m▀[0m[38;2;178;172;76m[48;2;177;173;76m▀[0m[38;2;179;175;78m[48;2;174;171;76m▀[0m[38;2;180;176;77m[48;2;175;172;76m▀[0m[38;2;176;172;76m[48;2;175;171;76m▀[0m[38;2;175;171;76m[48;2;176;173;77m▀[0m[38;2;174;171;77m[48;2;175;171;76m▀[0m[38;2;179;174;77m[48;2;178;174;77m▀[0m[38;2;176;172;77m[48;2;194;188;84m▀[0m[38;2;178;174;77m[48;2;94;67;121m▀[0m[38;2;175;171;76m[48;2;46;33;59m▀[0m[38;2;113;80;146m[48;2;96;69;124m▀[0m[38;2;96;68;124m▀[0m               
                 [38;2;4;4;1m▀[0m[38;2;59;43;75m▀[0m[38;2;105;76;135m▀[0m[38;2;95;67;123m▀[0m[38;2;96;69;124m▀[0m[38;2;106;74;132m▀[0m[38;2;9;7;13m▀[0m                
                                        
                                        
                                        
                                        
                                        
