                                        
                                        
                                        
                [38;2;48;123;67m▄[0m[38;2;95;147;117m▄[0m                      
              [38;2;126;255;170m▄[0m[38;2;120;255;165m[48;2;120;255;164m▀[0m[38;2;59;91;75m[48;2;120;255;164m▀[0m[38;2;130;255;171m[48;2;120;255;164m▀[0m[38;2;88;204;118m▄[0m                     
              [38;2;120;255;164m[48;2;120;255;164m▀[0m[38;2;120;255;165m[48;2;120;255;164m▀[0m[38;2;120;255;164m[48;2;120;255;164m▀[0m[38;2;120;255;164m[48;2;106;217;148m▀[0m                      
             [38;2;196;34;36m[48;2;255;43;46m▀[0m[38;2;254;42;45m[48;2;255;42;45m▀[0m[38;2;89;216;135m▀[0m [38;2;122;149;147m▄[0m[38;2;255;254;255m▄[0m[38;2;255;253;254m▄[0m[38;2;133;163;170m[48;2;250;251;253m▀[0m[38;2;0;0;0m[48;2;255;255;255m▀[0m[38;2;255;255;255m▄[0m                 
            [38;2;0;0;0m[48;2;255;87;79m▀[0m[38;2;255;43;46m[48;2;255;42;45m▀[0m[38;2;255;43;46m[48;2;86;53;33m▀[0m[38;2;255;52;64m[48;2;255;255;148m▀[0m[38;2;165;169;91m[48;2;119;253;162m▀[0m[38;2;191;30;49m[48;2;120;209;171m▀[0m[38;2;104;28;41m[48;2;255;253;254m▀[0m[38;2;41;58;60m[48;2;254;253;253m▀[0m[38;2;255;255;255m[48;2;255;44;46m▀[0m[38;2;255;253;254m[48;2;206;44;57m▀[0m[38;2;255;253;254m[48;2;250;249;251m▀[0m[38;2;252;251;253m[48;2;255;253;254m▀[0m                
          [38;2;255;253;254m▄[0m[38;2;255;255;255m[48;2;255;255;255m▀[0m[38;2;253;59;75m[48;2;254;44;46m▀[0m[38;2;255;44;47m[48;2;91;23;58m▀[0m[38;2;255;255;141m[48;2;110;192;149m▀[0m[38;2;120;255;164m[48;2;121;255;164m▀[0m[38;2;121;255;164m[48;2;219;225;218m▀[0m[38;2;253;252;253m[48;2;206;14;38m▀[0m[38;2;247;247;248m[48;2;253;252;141m▀[0m[38;2;255;46;49m[48;2;255;45;48m▀[0m[38;2;255;55;56m[48;2;42;69;65m▀[0m[38;2;123;41;39m[48;2;255;255;255m▀[0m[38;2;105;37;43m[48;2;255;255;255m▀[0m[38;2;251;42;46m[48;2;84;86;91m▀[0m[38;2;255;255;255m[48;2;255;44;47m▀[0m[38;2;255;253;254m[48;2;255;45;48m▀[0m[38;2;255;253;254m[48;2;253;253;254m▀[0m[38;2;251;249;251m[48;2;255;253;254m▀[0m[38;2;255;253;254m▄[0m   [38;2;134;253;178m▄[0m[38;2;121;255;166m▄[0m[38;2;114;213;144m[48;2;138;255;175m▀[0m[38;2;39;107;54m[48;2;143;255;179m▀[0m[38;2;152;255;188m▄[0m   
        [38;2;253;251;139m▄[0m[38;2;255;50;58m[48;2;91;24;54m▀[0m[38;2;130;150;143m[48;2;251;50;76m▀[0m[38;2;249;42;44m[48;2;72;87;24m▀[0m[38;2;255;43;46m[48;2;255;255;142m▀[0m[38;2;255;255;141m[48;2;254;254;142m▀[0m[38;2;141;146;136m[48;2;251;251;252m▀[0m[38;2;250;248;246m[48;2;250;249;248m▀[0m[38;2;84;140;138m[48;2;255;43;47m▀[0m[38;2;130;140;133m[48;2;233;237;133m▀[0m[38;2;254;255;148m[48;2;254;46;47m▀[0m[38;2;255;47;50m[48;2;255;46;49m▀[0m[38;2;178;200;192m[48;2;255;44;47m▀[0m[38;2;253;252;252m[48;2;247;246;248m▀[0m[38;2;253;253;255m[48;2;253;253;255m▀[0m[38;2;252;250;252m[48;2;251;50;56m▀[0m[38;2;255;89;81m[48;2;255;43;46m▀[0m[38;2;255;91;84m[48;2;255;46;48m▀[0m[38;2;255;43;47m[48;2;255;45;48m▀[0m[38;2;254;59;71m[48;2;255;44;47m▀[0m[38;2;254;253;254m[48;2;255;44;47m▀[0m[38;2;24;50;34m[48;2;85;25;31m▀[0m[38;2;120;255;164m▄[0m[38;2;141;254;187m[48;2;120;255;164m▀[0m[38;2;119;255;164m[48;2;119;255;164m▀[0m[38;2;119;254;163m[48;2;252;253;255m▀[0m[38;2;120;255;164m[48;2;255;253;254m▀[0m[38;2;119;255;164m[48;2;255;253;254m▀[0m[38;2;119;255;164m▀[0m   
   [38;2;163;25;31m▄[0m[38;2;196;29;34m▄[0m[38;2;162;25;31m▄[0m[38;2;2;4;4m[48;2;216;32;31m▀[0m[38;2;254;255;255m[48;2;255;254;255m▀[0m[38;2;255;254;254m[48;2;255;254;255m▀[0m[38;2;194;211;218m[48;2;253;251;253m▀[0m[38;2;255;255;142m[48;2;246;246;250m▀[0m[38;2;255;254;142m[48;2;254;254;142m▀[0m[38;2;255;255;142m[48;2;255;255;142m▀[0m[38;2;255;255;142m[48;2;86;64;61m▀[0m[38;2;252;251;140m[48;2;87;23;46m▀[0m[38;2;250;253;253m[48;2;255;255;145m▀[0m[38;2;210;213;118m[48;2;232;71;97m▀[0m[38;2;201;206;114m[48;2;255;44;47m▀[0m[38;2;179;17;29m[48;2;255;254;255m▀[0m[38;2;255;254;255m[48;2;255;254;254m▀[0m[38;2;255;66;81m[48;2;255;253;255m▀[0m[38;2;255;46;49m[48;2;255;43;46m▀[0m[38;2;255;46;49m[48;2;251;43;46m▀[0m[38;2;255;45;47m[48;2;253;253;141m▀[0m[38;2;252;253;150m[48;2;254;253;142m▀[0m[38;2;255;255;143m[48;2;254;255;142m▀[0m[38;2;254;254;142m[48;2;253;253;142m▀[0m[38;2;255;255;148m[48;2;254;253;141m▀[0m[38;2;255;46;49m[48;2;253;43;46m▀[0m[38;2;255;46;48m[48;2;255;44;47m▀[0m[38;2;255;53;61m[48;2;255;44;48m▀[0m[38;2;119;255;164m[48;2;120;255;164m▀[0m[38;2;255;253;254m[48;2;122;245;163m▀[0m[38;2;255;253;254m[48;2;254;253;254m▀[0m[38;2;255;253;254m[48;2;254;253;254m▀[0m[38;2;255;254;255m▄[0m    
   [38;2;188;25;34m▀[0m[38;2;170;163;155m[48;2;251;250;250m▀[0m[38;2;98;12;18m[48;2;254;253;253m▀[0m[38;2;163;25;31m[48;2;249;248;248m▀[0m[38;2;214;31;31m[48;2;214;219;215m▀[0m[38;2;255;255;255m[48;2;216;32;32m▀[0m[38;2;254;253;255m[48;2;62;81;80m▀[0m[38;2;255;254;255m[48;2;252;250;252m▀[0m[38;2;125;121;58m[48;2;253;251;253m▀[0m[38;2;255;255;142m[48;2;254;253;142m▀[0m[38;2;84;93;34m[48;2;253;251;139m▀[0m[38;2;140;169;165m[48;2;255;43;46m▀[0m[38;2;247;48;63m[48;2;192;214;210m▀[0m[38;2;118;101;98m[48;2;251;251;252m▀[0m[38;2;255;45;48m[48;2;255;44;47m▀[0m[38;2;244;62;81m[48;2;120;255;164m▀[0m[38;2;111;179;140m[48;2;120;255;164m▀[0m[38;2;121;255;164m[48;2;121;255;164m▀[0m[38;2;120;255;164m[48;2;121;255;164m▀[0m[38;2;121;255;164m[48;2;121;255;164m▀[0m[38;2;120;255;164m[48;2;120;255;164m▀[0m[38;2;80;146;113m[48;2;102;177;149m▀[0m[38;2;254;254;142m[48;2;255;255;143m▀[0m[38;2;255;255;143m[48;2;166;51;91m▀[0m[38;2;255;254;142m[48;2;199;34;39m▀[0m[38;2;255;44;47m[48;2;24;16;26m▀[0m[38;2;212;35;40m[48;2;88;219;145m▀[0m[38;2;74;199;124m▀[0m[38;2;97;227;143m▀[0m[38;2;120;255;164m[48;2;120;255;164m▀[0m[38;2;120;255;164m[48;2;119;255;164m▀[0m[38;2;121;252;163m[48;2;126;253;171m▀[0m[38;2;224;255;229m[48;2;125;243;167m▀[0m    
   [38;2;236;35;38m▄[0m[38;2;255;254;254m[48;2;215;32;32m▀[0m[38;2;172;135;109m[48;2;215;32;32m▀[0m[38;2;252;252;251m[48;2;216;32;32m▀[0m[38;2;250;249;248m[48;2;210;30;31m▀[0m[38;2;222;223;222m[48;2;169;27;33m▀[0m[38;2;234;34;37m[48;2;195;197;193m▀[0m[38;2;182;24;28m[48;2;191;194;189m▀[0m[38;2;196;198;193m[48;2;214;218;213m▀[0m[38;2;210;212;122m[48;2;188;190;114m▀[0m[38;2;225;226;128m[48;2;186;188;114m▀[0m[38;2;109;29;30m[48;2;189;191;114m▀[0m[38;2;255;44;48m[48;2;186;188;113m▀[0m[38;2;255;45;49m[48;2;193;198;116m▀[0m[38;2;255;47;50m[48;2;121;127;61m▀[0m[38;2;254;255;255m[48;2;205;208;122m▀[0m[38;2;249;254;254m[48;2;169;173;173m▀[0m[38;2;126;252;166m[48;2;254;255;255m▀[0m[38;2;120;255;164m[48;2;120;255;164m▀[0m[38;2;120;255;164m[48;2;125;254;168m▀[0m[38;2;83;154;123m[48;2;202;205;122m▀[0m[38;2;181;185;112m[48;2;194;196;118m▀[0m[38;2;185;188;113m[48;2;75;199;124m▀[0m[38;2;89;92;54m[48;2;74;199;124m▀[0m[38;2;76;201;125m[48;2;74;199;124m▀[0m[38;2;74;199;125m▀[0m     [38;2;73;152;98m▀[0m     
       [38;2;206;212;207m▀[0m[38;2;192;194;188m▀[0m[38;2;191;193;187m▀[0m[38;2;194;197;192m▀[0m[38;2;187;189;113m[48;2;207;210;125m▀[0m[38;2;186;189;113m[48;2;187;189;114m▀[0m[38;2;188;188;113m[48;2;187;189;113m▀[0m[38;2;189;191;115m[48;2;183;187;112m▀[0m[38;2;190;192;115m[48;2;184;188;113m▀[0m[38;2;186;188;114m[48;2;184;187;113m▀[0m[38;2;184;187;113m[48;2;186;189;114m▀[0m[38;2;184;187;113m[48;2;184;187;113m▀[0m[38;2;189;190;114m[48;2;188;190;114m▀[0m[38;2;186;188;114m[48;2;205;206;125m▀[0m[38;2;188;190;114m[48;2;73;196;121m▀[0m[38;2;185;187;113m[48;2;38;81;59m▀[0m[38;2;89;221;146m[48;2;74;199;124m▀[0m[38;2;74;199;124m▀[0m               
                 [38;2;4;4;1m▀[0m[38;2;42;147;75m▀[0m[38;2;83;212;135m▀[0m[38;2;73;197;123m▀[0m[38;2;74;199;124m▀[0m[38;2;84;210;132m▀[0m[38;2;7;13;13m▀[0m                
                                        
                                        
                                        
                                        
                                        
