                                        
                        [38;2;255;204;75m▄[0m[38;2;255;204;75m[48;2;255;204;75m▀[0m[38;2;255;232;78m▄[0m[38;2;244;221;77m[48;2;255;235;63m▀[0m[38;2;211;174;87m[48;2;149;99;88m▀[0m[38;2;244;200;74m[48;2;245;198;76m▀[0m          
                      [38;2;117;107;98m▄[0m[38;2;228;185;79m▄[0m[38;2;157;102;98m[48;2;255;205;75m▀[0m[38;2;255;204;75m[48;2;255;234;68m▀[0m[38;2;255;218;76m[48;2;255;232;81m▀[0m[38;2;255;230;76m[48;2;255;204;75m▀[0m[38;2;212;168;85m[48;2;237;205;73m▀[0m[38;2;249;136;78m▄[0m[38;2;232;210;80m▄[0m         
                      [38;2;155;87;91m[48;2;232;222;182m▀[0m[38;2;253;209;74m[48;2;251;172;77m▀[0m[38;2;253;186;75m[48;2;243;114;89m▀[0m[38;2;153;152;134m[48;2;179;99;94m▀[0m[38;2;198;163;59m[48;2;164;156;128m▀[0m[38;2;255;204;74m[48;2;239;109;85m▀[0m[38;2;254;190;76m[48;2;247;146;79m▀[0m[38;2;240;113;84m[48;2;239;109;86m▀[0m[38;2;238;107;85m[48;2;239;109;86m▀[0m         
          [38;2;165;118;78m▄[0m   [38;2;214;165;82m▄[0m[38;2;163;109;91m▄[0m[38;2;245;199;75m▄[0m[38;2;255;191;76m[48;2;249;150;100m▀[0m[38;2;255;239;67m[48;2;255;207;83m▀[0m  [38;2;252;247;226m▄[0m[38;2;244;235;195m[48;2;252;247;225m▀[0m[38;2;244;235;195m[48;2;245;236;198m▀[0m[38;2;245;238;202m[48;2;244;235;195m▀[0m[38;2;200;107;100m[48;2;244;235;195m▀[0m[38;2;229;219;180m[48;2;236;225;184m▀[0m[38;2;244;125;94m[48;2;237;107;86m▀[0m[38;2;238;107;86m[48;2;244;116;90m▀[0m[38;2;238;107;86m[48;2;244;123;95m▀[0m[38;2;244;118;88m[48;2;246;141;95m▀[0m[38;2;247;134;86m[48;2;246;138;85m▀[0m[38;2;249;137;80m▄[0m       
      [38;2;218;115;96m▄[0m[38;2;241;111;88m▄[0m[38;2;183;100;92m▄[0m[38;2;237;104;86m▀[0m[38;2;253;181;88m[48;2;238;107;86m▀[0m[38;2;253;159;85m[48;2;244;126;97m▀[0m[38;2;240;119;83m▄[0m[38;2;255;203;74m[48;2;240;115;84m▀[0m[38;2;251;168;77m[48;2;243;107;84m▀[0m[38;2;255;204;73m[48;2;241;122;82m▀[0m[38;2;255;234;69m[48;2;255;232;80m▀[0m[38;2;250;165;83m[48;2;255;232;76m▀[0m[38;2;255;207;75m[48;2;255;201;76m▀[0m[38;2;255;211;75m[48;2;207;152;50m▀[0m[38;2;21;20;18m[48;2;253;247;225m▀[0m[38;2;252;247;226m[48;2;253;245;209m▀[0m[38;2;183;180;160m[48;2;244;234;195m▀[0m[38;2;231;166;159m[48;2;244;235;195m▀[0m[38;2;244;235;195m[48;2;244;235;195m▀[0m[38;2;244;235;195m[48;2;244;235;195m▀[0m[38;2;244;235;195m[48;2;244;234;195m▀[0m[38;2;238;107;86m[48;2;246;137;89m▀[0m[38;2;238;107;86m[48;2;241;110;87m▀[0m[38;2;241;110;87m[48;2;244;125;96m▀[0m[38;2;241;116;83m[48;2;226;138;91m▀[0m[38;2;242;126;82m[48;2;240;124;82m▀[0m        
      [38;2;249;141;97m▀[0m[38;2;255;201;74m▀[0m[38;2;197;121;85m▀[0m [38;2;245;132;82m▀[0m[38;2;241;124;82m▀[0m[38;2;244;117;83m▀[0m  [38;2;244;122;92m▀[0m[38;2;252;175;87m[48;2;251;138;87m▀[0m[38;2;255;231;77m[48;2;238;107;85m▀[0m[38;2;238;109;85m[48;2;244;123;94m▀[0m[38;2;253;246;226m[48;2;247;240;200m▀[0m[38;2;243;235;195m[48;2;92;90;73m▀[0m[38;2;244;235;195m[48;2;148;88;84m▀[0m[38;2;244;234;195m[48;2;247;137;82m▀[0m[38;2;244;235;195m[48;2;223;211;173m▀[0m[38;2;218;210;175m[48;2;221;211;172m▀[0m[38;2;226;214;176m[48;2;224;214;175m▀[0m[38;2;243;234;194m[48;2;240;231;191m▀[0m[38;2;193;89;64m[48;2;253;244;203m▀[0m[38;2;240;116;83m[48;2;247;148;93m▀[0m[38;2;146;94;96m▄[0m          
               [38;2;167;92;86m▀[0m[38;2;241;111;88m[48;2;139;91;92m▀[0m[38;2;241;112;89m[48;2;242;114;84m▀[0m[38;2;238;107;86m[48;2;247;144;79m▀[0m[38;2;238;107;86m▀[0m[38;2;238;107;86m▀[0m[38;2;244;125;104m▀[0m[38;2;240;114;84m▀[0m[38;2;115;114;105m[48;2;163;161;146m▀[0m[38;2;225;215;176m[48;2;229;220;180m▀[0m[38;2;227;216;178m[48;2;232;222;183m▀[0m[38;2;236;226;187m[48;2;237;227;187m▀[0m[38;2;244;235;195m[48;2;243;234;194m▀[0m            
         [38;2;144;90;94m▀[0m[38;2;255;204;75m[48;2;255;196;74m▀[0m[38;2;202;152;81m[48;2;247;148;78m▀[0m[38;2;234;121;83m▄[0m  [38;2;212;177;84m▄[0m[38;2;255;204;75m▄[0m [38;2;254;219;80m▄[0m[38;2;255;232;74m▄[0m[38;2;255;199;74m▄[0m[38;2;252;154;91m[48;2;244;122;95m▀[0m[38;2;238;107;86m▄[0m[38;2;234;232;201m[48;2;252;247;226m▀[0m[38;2;120;117;100m[48;2;253;247;226m▀[0m[38;2;234;224;185m[48;2;239;230;190m▀[0m[38;2;239;229;190m[48;2;239;229;190m▀[0m[38;2;243;235;196m[48;2;244;235;195m▀[0m[38;2;7;7;6m[48;2;173;169;156m▀[0m           
      [38;2;255;234;68m▄[0m[38;2;249;165;78m▄[0m[38;2;207;159;80m[48;2;255;204;75m▀[0m[38;2;250;160;78m▄[0m[38;2;243;119;84m[48;2;244;130;80m▀[0m[38;2;240;116;84m[48;2;240;115;84m▀[0m[38;2;245;130;84m▄[0m[38;2;242;124;82m▄[0m[38;2;239;114;83m[48;2;237;107;86m▀[0m[38;2;242;107;85m[48;2;242;108;86m▀[0m[38;2;250;166;90m[48;2;248;146;79m▀[0m[38;2;242;122;82m[48;2;48;58;52m▀[0m[38;2;246;122;95m[48;2;246;136;88m▀[0m[38;2;251;168;88m[48;2;250;116;93m▀[0m[38;2;245;133;88m[48;2;252;246;225m▀[0m[38;2;246;136;87m[48;2;229;228;217m▀[0m[38;2;252;246;226m[48;2;252;247;226m▀[0m[38;2;253;247;226m[48;2;253;246;225m▀[0m[38;2;252;247;226m[48;2;252;247;226m▀[0m[38;2;243;234;194m[48;2;243;235;195m▀[0m[38;2;239;230;190m[48;2;238;229;189m▀[0m[38;2;244;235;195m[48;2;244;234;195m▀[0m[38;2;253;245;208m[48;2;244;234;195m▀[0m           
     [38;2;152;102;83m▄[0m[38;2;244;224;70m[48;2;255;203;72m▀[0m[38;2;242;117;88m[48;2;239;113;85m▀[0m[38;2;255;200;74m[48;2;238;107;86m▀[0m[38;2;238;107;86m[48;2;238;107;86m▀[0m[38;2;238;107;86m[48;2;184;109;90m▀[0m[38;2;245;131;90m▀[0m[38;2;244;119;93m[48;2;238;107;86m▀[0m[38;2;244;127;95m[48;2;238;107;86m▀[0m[38;2;242;111;87m[48;2;238;107;86m▀[0m[38;2;243;114;89m[48;2;213;214;205m▀[0m[38;2;250;251;245m[48;2;252;247;226m▀[0m[38;2;252;246;223m[48;2;253;247;226m▀[0m[38;2;252;245;221m[48;2;253;246;220m▀[0m[38;2;251;246;223m[48;2;252;247;226m▀[0m[38;2;252;246;226m[48;2;252;246;226m▀[0m[38;2;252;246;226m[48;2;252;246;226m▀[0m[38;2;253;247;226m[48;2;252;247;226m▀[0m[38;2;253;247;226m[48;2;251;244;207m▀[0m[38;2;246;237;200m[48;2;244;235;195m▀[0m[38;2;250;241;206m[48;2;243;235;196m▀[0m[38;2;241;232;192m[48;2;240;230;190m▀[0m[38;2;244;235;195m[48;2;244;235;195m▀[0m[38;2;243;234;195m[48;2;242;233;193m▀[0m[38;2;242;232;192m▄[0m [38;2;115;72;77m[48;2;255;210;75m▀[0m        
    [38;2;155;106;88m▄[0m[38;2;244;135;80m[48;2;251;172;90m▀[0m   [38;2;251;204;79m▀[0m [38;2;133;86;75m▄[0m[38;2;226;131;93m[48;2;255;203;74m▀[0m[38;2;238;107;86m[48;2;240;117;83m▀[0m[38;2;238;107;86m[48;2;240;117;83m▀[0m[38;2;253;247;226m[48;2;247;238;202m▀[0m[38;2;252;247;226m[48;2;253;246;225m▀[0m[38;2;253;247;226m[48;2;251;244;209m▀[0m[38;2;250;244;216m[48;2;248;242;201m▀[0m[38;2;252;247;226m[48;2;243;234;195m▀[0m[38;2;253;247;226m[48;2;244;235;195m▀[0m[38;2;250;242;205m[48;2;244;235;195m▀[0m[38;2;244;235;195m[48;2;244;235;195m▀[0m[38;2;244;235;195m[48;2;243;235;195m▀[0m[38;2;244;235;195m[48;2;244;235;195m▀[0m[38;2;244;235;195m[48;2;244;235;195m▀[0m[38;2;236;225;184m[48;2;90;87;73m▀[0m[38;2;241;232;192m[48;2;226;215;181m▀[0m[38;2;236;225;185m[48;2;215;205;175m▀[0m[38;2;213;202;173m[48;2;205;194;169m▀[0m[38;2;205;194;169m▄[0m[38;2;246;129;93m[48;2;92;85;73m▀[0m        
            [38;2;173;121;82m▀[0m[38;2;241;125;82m▀[0m [38;2;252;246;206m[48;2;81;78;66m▀[0m[38;2;244;235;196m[48;2;244;235;195m▀[0m[38;2;244;235;196m[48;2;244;235;195m▀[0m[38;2;243;235;196m[48;2;205;194;168m▀[0m[38;2;208;197;171m[48;2;211;200;174m▀[0m[38;2;242;233;192m[48;2;205;195;169m▀[0m[38;2;244;235;195m[48;2;206;195;170m▀[0m[38;2;244;235;195m[48;2;208;197;171m▀[0m[38;2;252;247;226m[48;2;252;247;226m▀[0m[38;2;246;237;199m[48;2;253;247;226m▀[0m[38;2;244;235;195m[48;2;243;235;195m▀[0m[38;2;213;202;173m[48;2;216;204;177m▀[0m[38;2;205;194;168m[48;2;193;183;159m▀[0m[38;2;205;194;169m[48;2;197;186;161m▀[0m[38;2;205;194;169m[48;2;193;184;161m▀[0m[38;2;206;195;169m[48;2;210;199;172m▀[0m[38;2;226;217;184m[48;2;208;196;171m▀[0m[38;2;245;237;202m[48;2;238;228;189m▀[0m[38;2;234;233;219m[48;2;245;237;198m▀[0m[38;2;253;247;226m▄[0m     
              [38;2;254;211;71m[48;2;242;127;82m▀[0m[38;2;244;240;201m▄[0m[38;2;244;235;195m[48;2;244;235;195m▀[0m[38;2;244;235;195m[48;2;241;232;193m▀[0m[38;2;239;228;187m▀[0m [38;2;149;137;142m[48;2;149;137;142m▀[0m[38;2;148;136;142m[48;2;148;136;142m▀[0m[38;2;148;136;141m[48;2;29;27;28m▀[0m[38;2;253;250;228m▀[0m[38;2;252;247;226m[48;2;252;247;226m▀[0m[38;2;243;235;195m[48;2;249;240;201m▀[0m  [38;2;157;99;101m▀[0m[38;2;255;223;77m▀[0m[38;2;244;128;82m[48;2;246;141;92m▀[0m[38;2;240;117;83m[48;2;239;111;85m▀[0m[38;2;240;107;86m[48;2;244;126;96m▀[0m[38;2;213;202;174m[48;2;205;194;169m▀[0m[38;2;225;215;182m[48;2;133;126;109m▀[0m     
         [38;2;255;204;75m▄[0m [38;2;171;118;90m[48;2;208;151;90m▀[0m[38;2;255;204;75m▄[0m [38;2;252;247;226m▄[0m[38;2;253;247;225m[48;2;246;237;200m▀[0m[38;2;242;233;193m[48;2;213;201;176m▀[0m[38;2;243;234;194m[48;2;248;154;86m▀[0m[38;2;243;126;82m▄[0m[38;2;147;136;141m[48;2;148;137;142m▀[0m[38;2;149;138;142m[48;2;150;139;144m▀[0m[38;2;149;136;142m[48;2;219;174;80m▀[0m   [38;2;252;246;216m[48;2;253;247;226m▀[0m[38;2;54;51;43m[48;2;247;237;198m▀[0m   [38;2;240;108;85m▀[0m [38;2;74;36;29m[48;2;205;194;169m▀[0m[38;2;205;194;169m▀[0m      
       [38;2;164;111;91m▄[0m[38;2;239;109;85m▀[0m [38;2;242;125;82m▀[0m[38;2;244;123;85m▀[0m[38;2;254;191;76m[48;2;238;108;86m▀[0m[38;2;255;203;74m[48;2;255;225;73m▀[0m[38;2;122;121;105m[48;2;3;1;3m▀[0m[38;2;228;218;181m[48;2;208;197;170m▀[0m [38;2;241;122;83m▀[0m[38;2;240;118;84m[48;2;245;133;89m▀[0m[38;2;169;158;154m[48;2;243;118;92m▀[0m[38;2;182;172;158m[48;2;140;89;94m▀[0m[38;2;247;147;93m▄[0m [38;2;253;238;69m▄[0m [38;2;253;246;210m▀[0m[38;2;240;229;190m[48;2;236;225;185m▀[0m   [38;2;65;90;134m[48;2;65;90;132m▀[0m[38;2;223;213;178m▀[0m        
            [38;2;238;107;86m▀[0m[38;2;239;112;84m[48;2;193;108;89m▀[0m[38;2;245;136;94m[48;2;246;142;92m▀[0m[38;2;233;222;182m[48;2;233;223;182m▀[0m  [38;2;123;80;83m▀[0m[38;2;238;107;86m▀[0m[38;2;1;0;0m▀[0m[38;2;185;174;160m[48;2;184;174;160m▀[0m[38;2;243;128;84m[48;2;236;128;86m▀[0m[38;2;255;223;77m[48;2;245;131;89m▀[0m[38;2;244;127;95m▄[0m[38;2;244;126;97m▄[0m[38;2;236;225;185m[48;2;241;231;191m▀[0m             
              [38;2;237;228;187m▀[0m[38;2;233;221;180m[48;2;209;199;165m▀[0m[38;2;0;0;0m▄[0m    [38;2;17;23;44m▀[0m[38;2;82;90;124m[48;2;2;3;6m▀[0m[38;2;247;137;88m[48;2;242;134;92m▀[0m[38;2;246;140;88m[48;2;247;143;91m▀[0m[38;2;245;126;93m[48;2;246;135;96m▀[0m[38;2;244;235;195m[48;2;243;235;196m▀[0m[38;2;253;247;205m[48;2;217;206;175m▀[0m            
               [38;2;66;81;129m▀[0m[38;2;67;81;129m▀[0m         [38;2;214;202;176m[48;2;83;107;148m▀[0m[38;2;33;33;35m[48;2;80;103;142m▀[0m[38;2;26;34;47m▄[0m           
                                        
