                                        
                                        
         [38;2;11;10;5m▄[0m[38;2;241;221;125m▄[0m[38;2;240;218;111m▄[0m[38;2;118;116;59m▄[0m[38;2;240;219;119m▄[0m[38;2;0;0;0m[48;2;244;227;149m▀[0m[38;2;253;250;175m[48;2;240;218;109m▀[0m[38;2;245;228;153m[48;2;240;218;111m▀[0m[38;2;241;220;121m[48;2;240;218;111m▀[0m[38;2;251;247;142m[48;2;240;218;111m▀[0m[38;2;239;217;111m▄[0m                    
       [38;2;48;43;22m▄[0m[38;2;247;235;121m[48;2;249;242;213m▀[0m[38;2;244;228;153m[48;2;245;232;170m▀[0m[38;2;240;218;111m[48;2;239;217;106m▀[0m[38;2;239;218;111m[48;2;245;232;167m▀[0m[38;2;239;218;111m[48;2;245;231;165m▀[0m[38;2;240;218;111m[48;2;239;218;110m▀[0m[38;2;240;218;111m[48;2;240;218;111m▀[0m[38;2;240;218;111m[48;2;240;218;111m▀[0m[38;2;239;218;111m[48;2;240;218;111m▀[0m[38;2;240;218;111m[48;2;240;218;111m▀[0m[38;2;240;218;111m[48;2;240;218;111m▀[0m[38;2;239;218;111m[48;2;167;159;85m▀[0m                    
      [38;2;237;233;207m▄[0m[38;2;245;232;172m[48;2;245;232;169m▀[0m[38;2;245;232;169m[48;2;245;232;169m▀[0m[38;2;245;232;169m[48;2;245;232;170m▀[0m[38;2;245;232;169m[48;2;245;232;169m▀[0m[38;2;245;232;170m[48;2;245;232;170m▀[0m[38;2;245;231;170m[48;2;245;230;162m▀[0m[38;2;240;218;111m[48;2;239;218;111m▀[0m[38;2;240;218;111m[48;2;240;218;111m▀[0m[38;2;240;218;111m[48;2;239;217;110m▀[0m[38;2;240;218;111m[48;2;80;76;38m▀[0m[38;2;240;218;110m▀[0m[38;2;214;212;110m▀[0m[38;2;101;101;100m▄[0m[38;2;226;224;224m▄[0m[38;2;183;182;182m▄[0m                  
      [38;2;245;232;169m[48;2;245;233;171m▀[0m[38;2;245;231;170m[48;2;245;232;170m▀[0m[38;2;245;231;163m[48;2;245;232;170m▀[0m[38;2;245;232;169m[48;2;241;221;126m▀[0m[38;2;245;232;169m[48;2;5;5;3m▀[0m[38;2;240;217;106m[48;2;231;230;230m▀[0m[38;2;240;218;110m[48;2;218;217;217m▀[0m[38;2;24;24;23m[48;2;220;220;220m▀[0m[38;2;210;209;208m[48;2;218;217;217m▀[0m[38;2;140;138;135m[48;2;220;220;219m▀[0m[38;2;143;141;139m[48;2;218;218;218m▀[0m[38;2;226;225;226m[48;2;217;217;216m▀[0m[38;2;220;220;219m[48;2;218;217;217m▀[0m[38;2;221;221;220m[48;2;0;0;0m▀[0m[38;2;219;219;218m▀[0m                   
     [38;2;125;123;123m[48;2;216;216;216m▀[0m[38;2;55;53;37m[48;2;241;240;240m▀[0m[38;2;241;220;120m[48;2;216;216;216m▀[0m[38;2;92;91;93m[48;2;216;216;216m▀[0m[38;2;156;155;153m[48;2;0;0;0m▀[0m[38;2;230;229;230m[48;2;14;13;11m▀[0m[38;2;223;223;223m[48;2;142;44;30m▀[0m[38;2;217;217;216m[48;2;142;141;139m▀[0m[38;2;215;215;215m[48;2;24;23;20m▀[0m[38;2;216;216;216m[48;2;0;0;0m▀[0m[38;2;219;218;218m[48;2;0;0;0m▀[0m[38;2;219;219;218m[48;2;220;220;219m▀[0m[38;2;217;217;217m[48;2;221;220;220m▀[0m[38;2;219;218;217m[48;2;211;210;209m▀[0m[38;2;220;221;221m▀[0m[38;2;11;11;11m▀[0m                   
    [38;2;228;228;228m[48;2;219;219;218m▀[0m[38;2;219;218;218m[48;2;218;217;217m▀[0m[38;2;217;217;216m[48;2;219;217;217m▀[0m[38;2;216;216;216m[48;2;217;217;217m▀[0m[38;2;215;215;215m[48;2;236;236;236m▀[0m[38;2;61;60;59m[48;2;156;155;155m▀[0m[38;2;255;255;251m[48;2;255;255;251m▀[0m[38;2;248;214;208m[48;2;210;58;39m▀[0m[38;2;255;255;251m[48;2;255;255;251m▀[0m[38;2;255;255;251m[48;2;255;255;251m▀[0m[38;2;255;255;251m[48;2;255;255;251m▀[0m[38;2;0;0;0m[48;2;0;0;0m▀[0m[38;2;218;218;217m[48;2;216;216;216m▀[0m[38;2;215;215;215m[48;2;217;216;217m▀[0m[38;2;220;219;219m[48;2;220;220;219m▀[0m                     
    [38;2;222;222;221m▀[0m[38;2;218;217;217m[48;2;221;221;221m▀[0m[38;2;228;228;228m[48;2;220;219;219m▀[0m[38;2;216;216;216m[48;2;219;219;218m▀[0m[38;2;216;216;216m[48;2;216;215;214m▀[0m[38;2;216;216;216m[48;2;216;216;216m▀[0m[38;2;255;255;252m[48;2;215;215;215m▀[0m[38;2;255;255;251m[48;2;215;214;215m▀[0m[38;2;255;255;251m[48;2;233;232;230m▀[0m[38;2;255;255;251m[48;2;219;219;220m▀[0m[38;2;198;197;196m[48;2;219;219;219m▀[0m[38;2;214;215;215m[48;2;216;216;216m▀[0m[38;2;216;216;216m[48;2;216;216;216m▀[0m[38;2;220;220;219m[48;2;216;216;216m▀[0m[38;2;217;217;216m[48;2;216;216;216m▀[0m                     
     [38;2;224;224;224m▀[0m[38;2;218;217;218m[48;2;216;216;215m▀[0m[38;2;220;220;219m[48;2;218;218;217m▀[0m[38;2;219;219;219m[48;2;218;217;217m▀[0m[38;2;216;216;216m[48;2;216;216;216m▀[0m[38;2;215;215;215m[48;2;216;216;216m▀[0m[38;2;218;219;218m[48;2;216;216;216m▀[0m[38;2;220;219;218m[48;2;216;216;216m▀[0m[38;2;218;217;216m[48;2;219;218;218m▀[0m[38;2;217;216;216m[48;2;219;219;218m▀[0m[38;2;216;215;216m[48;2;218;218;218m▀[0m[38;2;220;220;219m[48;2;176;175;174m▀[0m[38;2;218;218;217m[48;2;151;151;150m▀[0m[38;2;143;142;141m▀[0m             [38;2;42;39;29m▄[0m[38;2;131;129;117m▄[0m      
       [38;2;179;178;176m▀[0m[38;2;184;182;180m▀[0m[38;2;189;188;186m[48;2;166;166;164m▀[0m[38;2;185;183;181m[48;2;152;153;151m▀[0m[38;2;176;175;174m[48;2;151;151;150m▀[0m[38;2;150;150;148m[48;2;150;150;149m▀[0m[38;2;152;152;151m[48;2;156;153;153m▀[0m[38;2;151;150;149m[48;2;151;151;150m▀[0m[38;2;153;153;151m[48;2;151;152;151m▀[0m[38;2;151;150;149m▀[0m       [38;2;242;242;242m▄[0m[38;2;239;239;238m▄[0m[38;2;0;0;0m[48;2;219;218;218m▀[0m[38;2;232;232;232m[48;2;216;216;216m▀[0m[38;2;217;217;217m[48;2;216;215;216m▀[0m[38;2;220;219;219m[48;2;56;56;56m▀[0m[38;2;215;215;214m▀[0m[38;2;237;236;235m[48;2;245;232;169m▀[0m[38;2;246;234;177m[48;2;252;244;212m▀[0m[38;2;252;244;208m[48;2;247;236;184m▀[0m[38;2;249;239;194m[48;2;245;232;168m▀[0m[38;2;62;56;39m[48;2;244;231;168m▀[0m    
             [38;2;152;153;151m[48;2;149;150;148m▀[0m[38;2;153;153;152m[48;2;154;153;152m▀[0m[38;2;151;151;149m[48;2;211;210;209m▀[0m[38;2;235;235;234m▄[0m   [38;2;218;217;217m▄[0m[38;2;220;219;218m▄[0m[38;2;97;97;96m[48;2;216;215;215m▀[0m[38;2;233;232;232m[48;2;219;218;218m▀[0m[38;2;215;215;214m[48;2;241;230;169m▀[0m[38;2;216;216;216m[48;2;165;165;168m▀[0m[38;2;220;220;219m[48;2;154;155;152m▀[0m[38;2;228;227;227m▀[0m    [38;2;252;244;209m▀[0m[38;2;245;232;169m[48;2;81;79;61m▀[0m[38;2;245;232;170m▀[0m[38;2;16;15;10m▀[0m    
            [38;2;226;225;225m[48;2;108;107;106m▀[0m[38;2;255;255;251m[48;2;255;255;251m▀[0m[38;2;216;216;215m[48;2;92;90;89m▀[0m[38;2;220;219;218m[48;2;219;219;218m▀[0m[38;2;217;216;216m[48;2;209;209;208m▀[0m[38;2;215;214;213m[48;2;219;219;218m▀[0m[38;2;217;217;217m[48;2;217;217;217m▀[0m[38;2;215;215;214m[48;2;144;143;143m▀[0m[38;2;215;215;215m[48;2;216;216;216m▀[0m[38;2;219;219;218m[48;2;219;219;218m▀[0m[38;2;204;204;202m[48;2;235;225;181m▀[0m[38;2;207;194;138m[48;2;181;179;141m▀[0m[38;2;85;80;60m[48;2;218;217;217m▀[0m[38;2;202;202;202m[48;2;190;190;190m▀[0m              
            [38;2;255;255;251m[48;2;255;255;251m▀[0m[38;2;106;105;104m[48;2;102;100;99m▀[0m[38;2;95;93;93m[48;2;95;93;92m▀[0m[38;2;102;98;98m[48;2;94;93;92m▀[0m[38;2;50;50;49m[48;2;91;89;88m▀[0m[38;2;218;218;217m[48;2;238;228;184m▀[0m[38;2;219;219;217m[48;2;235;226;189m▀[0m[38;2;221;220;214m[48;2;242;230;172m▀[0m[38;2;246;235;172m[48;2;169;168;166m▀[0m[38;2;243;230;168m[48;2;152;152;150m▀[0m[38;2;243;231;168m[48;2;58;59;59m▀[0m[38;2;179;176;148m[48;2;95;93;92m▀[0m[38;2;55;55;55m[48;2;95;93;92m▀[0m[38;2;95;93;92m[48;2;95;93;92m▀[0m              
             [38;2;59;59;59m[48;2;74;72;71m▀[0m[38;2;95;93;92m[48;2;58;58;58m▀[0m[38;2;95;93;93m[48;2;95;93;93m▀[0m[38;2;95;93;92m[48;2;95;93;92m▀[0m[38;2;251;250;196m[48;2;95;93;92m▀[0m[38;2;243;230;169m[48;2;92;90;89m▀[0m[38;2;242;230;170m[48;2;95;92;92m▀[0m[38;2;19;19;19m[48;2;95;93;93m▀[0m[38;2;11;10;10m[48;2;60;59;60m▀[0m[38;2;60;60;60m[48;2;44;44;44m▀[0m[38;2;95;93;92m[48;2;95;93;92m▀[0m[38;2;95;93;92m[48;2;95;93;92m▀[0m[38;2;95;93;93m[48;2;85;82;82m▀[0m              
            [38;2;95;92;92m▄[0m[38;2;95;93;92m[48;2;95;93;92m▀[0m[38;2;95;92;92m[48;2;95;93;92m▀[0m [38;2;60;60;60m▀[0m[38;2;59;59;59m▀[0m[38;2;76;75;74m[48;2;94;92;92m▀[0m[38;2;95;93;92m[48;2;95;93;92m▀[0m[38;2;95;93;92m[48;2;95;93;93m▀[0m[38;2;64;64;64m[48;2;1;1;1m▀[0m [38;2;95;93;92m▀[0m[38;2;68;67;67m[48;2;3;3;3m▀[0m[38;2;59;59;59m[48;2;59;59;59m▀[0m[38;2;59;59;59m[48;2;59;59;59m▀[0m             
          [38;2;37;35;24m▄[0m[38;2;131;128;127m[48;2;239;217;111m▀[0m[38;2;112;110;109m[48;2;214;211;164m▀[0m[38;2;112;109;108m[48;2;32;31;30m▀[0m[38;2;95;93;93m▀[0m   [38;2;112;110;109m[48;2;112;110;110m▀[0m[38;2;113;112;110m[48;2;94;92;92m▀[0m[38;2;95;93;92m[48;2;76;75;75m▀[0m   [38;2;41;41;41m[48;2;214;208;108m▀[0m[38;2;96;94;93m[48;2;251;239;123m▀[0m[38;2;95;93;92m[48;2;107;104;52m▀[0m             
           [38;2;48;44;20m▀[0m      [38;2;238;216;111m▀[0m[38;2;194;169;102m▀[0m   [38;2;192;184;94m▀[0m[38;2;70;67;31m▀[0m[38;2;240;217;110m▀[0m[38;2;240;218;111m▀[0m             
                                        
                                        
