                                        
                [38;2;67;73;67m▄[0m [38;2;9;7;9m▀[0m[38;2;41;46;52m▄[0m                    
               [38;2;41;39;13m[48;2;195;178;24m▀[0m[38;2;199;177;24m[48;2;159;125;21m▀[0m  [38;2;191;172;25m[48;2;142;132;35m▀[0m[38;2;150;118;19m[48;2;191;172;25m▀[0m[38;2;146;117;22m▄[0m                  
              [38;2;80;78;44m[48;2;5;5;5m▀[0m[38;2;131;124;55m[48;2;64;70;64m▀[0m[38;2;149;118;19m[48;2;45;45;41m▀[0m  [38;2;3;3;3m▄[0m[38;2;90;90;62m[48;2;15;19;16m▀[0m[38;2;45;45;41m[48;2;41;41;37m▀[0m     [38;2;0;0;0m▄[0m[38;2;38;38;38m▄[0m[38;2;57;57;57m▄[0m[38;2;60;60;60m▄[0m[38;2;56;56;56m▄[0m[38;2;42;35;34m▄[0m       
               [38;2;64;70;64m[48;2;64;71;65m▀[0m[38;2;42;42;37m[48;2;56;61;56m▀[0m[38;2;38;39;35m▄[0m [38;2;80;86;77m[48;2;64;70;64m▀[0m[38;2;60;66;61m[48;2;64;70;64m▀[0m[38;2;32;32;29m[48;2;40;40;40m▀[0m[38;2;32;32;32m[48;2;34;34;34m▀[0m[38;2;32;32;32m[48;2;12;12;12m▀[0m[38;2;0;0;0m[48;2;51;51;51m▀[0m[38;2;71;71;71m[48;2;51;51;51m▀[0m[38;2;74;74;74m[48;2;55;55;55m▀[0m[38;2;64;64;64m[48;2;45;45;45m▀[0m[38;2;62;62;62m[48;2;50;50;50m▀[0m[38;2;56;56;56m[48;2;49;49;49m▀[0m[38;2;59;59;59m[48;2;49;49;49m▀[0m[38;2;51;51;51m[48;2;49;49;49m▀[0m[38;2;45;44;39m[48;2;40;41;36m▀[0m[38;2;25;25;25m[48;2;5;1;1m▀[0m      
        [38;2;93;93;93m▄[0m[38;2;50;50;50m▄[0m[38;2;51;47;47m[48;2;65;65;65m▀[0m[38;2;49;49;49m[48;2;22;22;22m▀[0m[38;2;0;0;0m[48;2;248;247;242m▀[0m[38;2;1;1;1m[48;2;49;49;49m▀[0m[38;2;89;89;89m[48;2;49;49;49m▀[0m[38;2;68;74;68m[48;2;49;49;49m▀[0m[38;2;64;70;64m[48;2;48;48;48m▀[0m[38;2;11;7;7m[48;2;49;49;49m▀[0m[38;2;99;99;99m[48;2;49;49;49m▀[0m[38;2;64;64;64m[48;2;50;50;50m▀[0m[38;2;56;56;56m[48;2;49;49;49m▀[0m[38;2;34;34;34m[48;2;26;26;26m▀[0m[38;2;3;2;2m[48;2;31;31;31m▀[0m[38;2;161;114;105m[48;2;21;21;21m▀[0m[38;2;0;0;0m[48;2;16;16;16m▀[0m[38;2;50;50;50m[48;2;52;52;52m▀[0m[38;2;49;49;49m[48;2;39;39;39m▀[0m[38;2;49;49;49m[48;2;0;0;0m▀[0m[38;2;49;49;49m[48;2;49;49;49m▀[0m[38;2;45;45;45m[48;2;0;0;0m▀[0m[38;2;19;19;19m[48;2;255;249;241m▀[0m[38;2;7;5;5m▀[0m[38;2;5;6;5m▀[0m       
      [38;2;75;75;75m[48;2;0;0;0m▀[0m[38;2;52;52;52m[48;2;48;48;48m▀[0m[38;2;51;51;51m[48;2;49;49;49m▀[0m[38;2;49;49;49m[48;2;49;49;49m▀[0m[38;2;48;48;48m[48;2;49;49;49m▀[0m[38;2;0;0;0m[48;2;0;0;0m▀[0m[38;2;0;0;0m[48;2;10;10;10m▀[0m[38;2;50;50;50m[48;2;49;49;49m▀[0m[38;2;49;49;49m[48;2;49;49;49m▀[0m[38;2;49;49;49m[48;2;49;49;49m▀[0m[38;2;49;49;49m[48;2;49;49;49m▀[0m[38;2;49;49;49m[48;2;49;49;49m▀[0m[38;2;43;43;43m[48;2;49;49;49m▀[0m[38;2;49;49;49m[48;2;49;49;49m▀[0m[38;2;49;49;49m[48;2;49;49;49m▀[0m[38;2;66;66;66m[48;2;36;36;36m▀[0m[38;2;34;34;34m[48;2;34;34;34m▀[0m[38;2;0;0;0m[48;2;135;105;15m▀[0m[38;2;173;149;43m[48;2;0;0;0m▀[0m[38;2;0;0;0m[48;2;255;253;245m▀[0m[38;2;49;49;49m▀[0m[38;2;255;253;247m▀[0m[38;2;253;253;252m▀[0m           
      [38;2;235;231;230m▀[0m[38;2;75;65;63m▀[0m[38;2;0;0;0m▀[0m[38;2;0;0;0m[48;2;17;14;13m▀[0m[38;2;0;0;0m[48;2;187;187;185m▀[0m[38;2;5;4;5m[48;2;51;41;40m▀[0m[38;2;53;52;52m[48;2;51;51;51m▀[0m[38;2;49;49;49m[48;2;49;49;49m▀[0m[38;2;49;49;49m[48;2;49;49;49m▀[0m[38;2;49;49;49m[48;2;50;50;50m▀[0m[38;2;49;49;49m[48;2;50;50;50m▀[0m[38;2;49;49;49m[48;2;49;49;49m▀[0m[38;2;41;41;41m[48;2;49;49;49m▀[0m[38;2;49;49;49m[48;2;49;49;49m▀[0m[38;2;49;49;49m[48;2;49;49;49m▀[0m[38;2;49;49;49m[48;2;6;13;11m▀[0m[38;2;36;36;36m[48;2;44;44;40m▀[0m[38;2;40;41;36m▄[0m                
            [38;2;0;0;0m▀[0m[38;2;21;21;21m▀[0m[38;2;55;55;55m▀[0m[38;2;61;61;61m▀[0m[38;2;51;51;51m▀[0m[38;2;50;50;50m[48;2;171;150;129m▀[0m[38;2;151;126;16m[48;2;152;121;19m▀[0m[38;2;124;97;15m[48;2;179;155;135m▀[0m[38;2;41;41;37m[48;2;41;41;37m▀[0m[38;2;19;9;10m[48;2;31;39;34m▀[0m[38;2;38;38;38m[48;2;105;105;104m▀[0m[38;2;29;29;26m[48;2;255;255;253m▀[0m[38;2;37;37;33m[48;2;65;71;66m▀[0m               
                [38;2;0;0;0m▄[0m[38;2;255;255;255m[48;2;82;84;77m▀[0m[38;2;44;44;39m[48;2;22;25;20m▀[0m[38;2;255;255;251m[48;2;64;70;64m▀[0m[38;2;64;70;64m[48;2;64;70;64m▀[0m[38;2;64;70;64m[48;2;64;70;64m▀[0m[38;2;65;71;65m[48;2;254;254;254m▀[0m[38;2;64;70;64m[48;2;64;70;64m▀[0m[38;2;64;70;64m[48;2;49;49;49m▀[0m[38;2;42;42;38m[48;2;33;33;33m▀[0m[38;2;13;8;8m▄[0m             
               [38;2;49;49;49m[48;2;61;61;61m▀[0m[38;2;31;35;34m[48;2;16;17;17m▀[0m[38;2;10;12;8m[48;2;255;255;251m▀[0m[38;2;22;26;24m[48;2;47;52;48m▀[0m[38;2;76;76;74m[48;2;255;255;250m▀[0m[38;2;255;255;250m[48;2;204;201;201m▀[0m[38;2;255;255;250m[48;2;64;71;65m▀[0m[38;2;255;255;250m[48;2;42;42;37m▀[0m[38;2;30;27;27m[48;2;44;44;44m▀[0m[38;2;31;31;31m[48;2;36;36;36m▀[0m[38;2;33;33;33m[48;2;40;40;35m▀[0m[38;2;32;32;32m[48;2;65;71;65m▀[0m             
              [38;2;1;1;1m[48;2;82;84;77m▀[0m[38;2;12;13;13m[48;2;64;70;65m▀[0m[38;2;32;32;32m[48;2;33;33;33m▀[0m[38;2;40;42;39m[48;2;32;32;32m▀[0m[38;2;64;70;65m[48;2;42;42;38m▀[0m[38;2;42;43;39m[48;2;39;39;35m▀[0m[38;2;42;43;38m[48;2;41;41;37m▀[0m[38;2;41;41;37m[48;2;41;41;37m▀[0m[38;2;41;41;37m[48;2;41;41;37m▀[0m[38;2;34;34;34m[48;2;31;31;31m▀[0m[38;2;12;17;14m[48;2;33;33;33m▀[0m[38;2;64;70;64m[48;2;40;46;42m▀[0m[38;2;64;70;64m[48;2;64;70;64m▀[0m[38;2;63;69;63m[48;2;64;70;64m▀[0m[38;2;12;13;12m▄[0m           
             [38;2;72;78;71m[48;2;64;70;64m▀[0m[38;2;64;70;64m[48;2;64;70;64m▀[0m[38;2;64;70;64m[48;2;64;70;64m▀[0m[38;2;44;45;40m[48;2;43;43;42m▀[0m[38;2;14;13;13m▀[0m[38;2;18;13;13m▀[0m [38;2;44;44;40m▀[0m[38;2;40;40;36m▀[0m[38;2;41;41;37m[48;2;41;41;37m▀[0m[38;2;41;41;37m[48;2;41;41;37m▀[0m[38;2;7;7;7m[48;2;64;70;64m▀[0m[38;2;64;70;64m[48;2;64;70;64m▀[0m[38;2;64;70;64m[48;2;64;70;64m▀[0m[38;2;64;70;64m[48;2;64;70;64m▀[0m[38;2;64;70;64m[48;2;41;41;37m▀[0m           
             [38;2;64;70;64m▀[0m[38;2;64;70;64m[48;2;65;71;66m▀[0m[38;2;226;224;110m[48;2;209;188;27m▀[0m[38;2;187;169;24m[48;2;184;166;26m▀[0m[38;2;98;88;14m[48;2;71;57;21m▀[0m[38;2;231;211;30m[48;2;125;100;16m▀[0m[38;2;117;92;13m▄[0m [38;2;170;134;21m▄[0m[38;2;191;172;25m[48;2;191;172;25m▀[0m[38;2;195;177;26m[48;2;189;171;26m▀[0m[38;2;63;69;64m[48;2;191;174;25m▀[0m[38;2;64;70;64m[48;2;45;45;40m▀[0m[38;2;43;44;40m[48;2;42;42;38m▀[0m[38;2;41;41;37m▀[0m            
                [38;2;76;66;10m▀[0m[38;2;141;112;19m[48;2;123;98;19m▀[0m[38;2;44;44;38m[48;2;86;67;13m▀[0m  [38;2;141;126;20m▀[0m[38;2;191;172;25m[48;2;34;29;9m▀[0m[38;2;151;119;19m[48;2;38;32;6m▀[0m[38;2;40;32;6m▀[0m               
                    [38;2;113;111;65m▄[0m[38;2;17;17;5m[48;2;26;28;37m▀[0m[38;2;207;198;84m[48;2;23;26;37m▀[0m[38;2;150;131;18m[48;2;178;161;29m▀[0m[38;2;41;37;19m▄[0m               
                   [38;2;143;137;53m[48;2;96;92;50m▀[0m[38;2;191;172;25m[48;2;193;175;25m▀[0m[38;2;191;172;25m[48;2;14;18;39m▀[0m[38;2;191;172;25m[48;2;180;163;28m▀[0m[38;2;191;172;25m[48;2;29;31;41m▀[0m[38;2;191;172;25m[48;2;190;172;24m▀[0m[38;2;7;7;3m▄[0m              
                   [38;2;59;56;35m▀[0m[38;2;167;150;31m[48;2;37;30;13m▀[0m[38;2;205;185;24m[48;2;36;37;37m▀[0m[38;2;107;99;34m[48;2;94;74;12m▀[0m[38;2;201;181;24m[48;2;177;153;20m▀[0m[38;2;149;116;19m[48;2;106;86;27m▀[0m               
                    [38;2;54;44;9m▀[0m[38;2;64;70;64m[48;2;13;13;13m▀[0m[38;2;68;74;69m▀[0m[38;2;112;92;27m▀[0m                
                                        
