                                        
                                        
           [38;2;119;97;155m[48;2;124;100;162m▀[0m[38;2;10;9;14m[48;2;124;101;165m▀[0m[38;2;124;101;165m▄[0m[38;2;130;106;168m▄[0m[38;2;134;110;172m▄[0m              [38;2;135;114;171m▄[0m[38;2;69;60;84m[48;2;76;79;74m▀[0m[38;2;16;17;16m▀[0m       
            [38;2;50;59;74m▀[0m[38;2;71;83;103m[48;2;164;191;225m▀[0m[38;2;120;96;159m[48;2;164;191;226m▀[0m[38;2;132;108;170m[48;2;164;191;225m▀[0m[38;2;124;101;165m[48;2;171;199;235m▀[0m[38;2;127;103;168m[48;2;125;102;167m▀[0m[38;2;124;100;165m▄[0m        [38;2;107;86;141m▄[0m[38;2;129;105;168m▄[0m[38;2;125;101;166m[48;2;65;70;65m▀[0m[38;2;77;80;75m[48;2;6;6;6m▀[0m         
              [38;2;164;191;226m▀[0m[38;2;164;191;226m[48;2;148;173;207m▀[0m[38;2;164;191;226m[48;2;86;103;132m▀[0m[38;2;164;191;226m[48;2;126;102;167m▀[0m[38;2;90;110;121m[48;2;124;100;164m▀[0m[38;2;124;100;165m[48;2;141;121;174m▀[0m[38;2;5;4;7m[48;2;141;121;174m▀[0m[38;2;142;121;174m▄[0m[38;2;138;116;173m▄[0m[38;2;139;114;179m▄[0m [38;2;124;100;165m▄[0m[38;2;123;100;164m[48;2;130;105;168m▀[0m[38;2;128;105;168m[48;2;65;69;65m▀[0m[38;2;64;69;65m[48;2;65;70;65m▀[0m[38;2;63;68;63m▀[0m          
             [38;2;0;0;1m▄[0m[38;2;143;122;174m▄[0m[38;2;123;99;164m[48;2;142;122;173m▀[0m[38;2;137;118;166m[48;2;142;122;174m▀[0m[38;2;143;123;174m[48;2;142;122;173m▀[0m[38;2;143;123;174m[48;2;146;126;180m▀[0m[38;2;143;122;174m[48;2;143;123;174m▀[0m[38;2;143;123;174m[48;2;140;118;172m▀[0m[38;2;133;111;170m[48;2;127;103;167m▀[0m[38;2;123;99;165m[48;2;128;105;167m▀[0m[38;2;125;102;165m[48;2;132;108;170m▀[0m[38;2;55;47;71m[48;2;132;108;170m▀[0m[38;2;132;108;170m[48;2;65;70;65m▀[0m[38;2;63;68;63m[48;2;65;70;66m▀[0m[38;2;65;70;65m[48;2;72;77;72m▀[0m            
            [38;2;0;0;0m[48;2;205;196;200m▀[0m[38;2;131;110;150m[48;2;237;231;238m▀[0m[38;2;102;85;95m[48;2;116;94;137m▀[0m[38;2;143;123;174m[48;2;118;97;153m▀[0m[38;2;131;108;168m[48;2;99;83;86m▀[0m[38;2;125;101;167m[48;2;250;248;249m▀[0m[38;2;124;100;164m[48;2;240;236;241m▀[0m[38;2;124;100;163m[48;2;250;248;248m▀[0m[38;2;124;100;163m[48;2;19;23;19m▀[0m[38;2;132;108;170m[48;2;12;13;12m▀[0m[38;2;22;22;26m[48;2;41;41;38m▀[0m[38;2;72;77;72m[48;2;98;118;151m▀[0m[38;2;82;68;106m[48;2;74;62;97m▀[0m[38;2;74;62;98m[48;2;74;61;98m▀[0m[38;2;28;32;25m[48;2;81;68;107m▀[0m             
           [38;2;250;248;250m[48;2;128;104;167m▀[0m[38;2;97;81;82m[48;2;99;84;85m▀[0m[38;2;255;253;250m[48;2;160;148;148m▀[0m[38;2;129;106;170m[48;2;126;102;166m▀[0m[38;2;131;107;169m[48;2;126;101;171m▀[0m[38;2;202;192;198m[48;2;244;240;247m▀[0m[38;2;237;233;239m[48;2;212;210;210m▀[0m[38;2;238;234;239m[48;2;13;15;15m▀[0m[38;2;68;73;68m[48;2;98;117;149m▀[0m[38;2;41;42;38m[48;2;41;41;38m▀[0m[38;2;142;148;177m[48;2;145;149;177m▀[0m[38;2;140;146;174m[48;2;43;43;39m▀[0m[38;2;95;113;147m[48;2;94;112;145m▀[0m[38;2;74;62;98m[48;2;74;62;98m▀[0m[38;2;74;62;97m[48;2;74;62;98m▀[0m[38;2;34;28;48m[48;2;75;80;75m▀[0m             
          [38;2;17;16;13m[48;2;61;56;78m▀[0m[38;2;97;82;85m[48;2;153;176;216m▀[0m[38;2;103;86;102m[48;2;102;85;99m▀[0m[38;2;124;100;164m[48;2;97;81;84m▀[0m[38;2;124;100;165m[48;2;187;176;181m▀[0m[38;2;120;97;153m[48;2;85;84;85m▀[0m[38;2;119;117;119m[48;2;96;114;148m▀[0m[38;2;88;105;137m[48;2;24;22;30m▀[0m[38;2;17;20;24m[48;2;66;71;66m▀[0m[38;2;37;38;35m[48;2;91;185;175m▀[0m[38;2;66;71;67m[48;2;65;70;65m▀[0m[38;2;170;170;168m[48;2;76;81;75m▀[0m[38;2;58;75;78m[48;2;74;91;120m▀[0m[38;2;101;121;157m[48;2;168;196;232m▀[0m[38;2;74;62;98m[48;2;74;62;98m▀[0m[38;2;75;63;99m[48;2;54;56;52m▀[0m              
          [38;2;82;69;70m[48;2;74;62;97m▀[0m[38;2;131;105;180m[48;2;124;101;164m▀[0m[38;2;249;244;252m[48;2;245;240;250m▀[0m[38;2;239;234;240m[48;2;239;234;242m▀[0m[38;2;179;178;179m[48;2;26;33;43m▀[0m[38;2;83;100;131m[48;2;86;103;134m▀[0m[38;2;93;111;144m[48;2;138;160;193m▀[0m[38;2;51;45;63m[48;2;29;28;37m▀[0m[38;2;26;32;45m[48;2;13;12;16m▀[0m[38;2;65;70;66m[48;2;86;106;139m▀[0m[38;2;65;70;65m[48;2;78;96;126m▀[0m[38;2;84;104;136m[48;2;43;58;71m▀[0m[38;2;82;100;130m[48;2;157;182;216m▀[0m[38;2;172;199;228m[48;2;164;190;225m▀[0m[38;2;104;83;138m▀[0m               
          [38;2;73;62;97m[48;2;74;62;98m▀[0m[38;2;128;104;169m[48;2;78;66;84m▀[0m[38;2;249;246;252m[48;2;34;36;32m▀[0m[38;2;52;52;48m[48;2;51;46;62m▀[0m[38;2;78;95;125m[48;2;96;114;149m▀[0m[38;2;94;112;145m[48;2;94;112;145m▀[0m[38;2;163;190;225m[48;2;167;195;229m▀[0m[38;2;123;100;164m[48;2;132;108;171m▀[0m[38;2;80;65;107m[48;2;130;108;169m▀[0m[38;2;41;41;38m[48;2;69;75;70m▀[0m[38;2;96;78;125m[48;2;161;160;172m▀[0m[38;2;127;104;167m[48;2;129;105;169m▀[0m[38;2;144;121;179m[48;2;61;48;78m▀[0m[38;2;180;209;243m▀[0m                
          [38;2;77;67;71m[48;2;46;35;68m▀[0m[38;2;130;133;165m[48;2;17;19;16m▀[0m[38;2;36;32;44m[48;2;27;25;35m▀[0m[38;2;42;38;52m[48;2;24;26;27m▀[0m[38;2;42;37;50m[48;2;71;76;70m▀[0m[38;2;94;112;145m[48;2;31;38;49m▀[0m[38;2;70;75;69m[48;2;94;112;146m▀[0m[38;2;77;64;102m[48;2;27;28;24m▀[0m[38;2;124;100;164m[48;2;80;66;104m▀[0m[38;2;255;255;255m[48;2;89;74;113m▀[0m[38;2;74;62;97m[48;2;42;35;56m▀[0m[38;2;124;101;165m[48;2;93;112;145m▀[0m[38;2;65;70;65m▀[0m [38;2;69;74;69m▄[0m[38;2;20;23;20m▄[0m              
          [38;2;85;70;110m[48;2;44;44;40m▀[0m[38;2;65;70;66m▀[0m[38;2;65;70;65m[48;2;64;68;64m▀[0m[38;2;65;70;65m[48;2;51;45;63m▀[0m[38;2;51;46;63m[48;2;50;45;63m▀[0m[38;2;49;43;60m[48;2;34;41;53m▀[0m[38;2;94;112;145m[48;2;94;112;145m▀[0m[38;2;28;29;27m[48;2;100;119;154m▀[0m[38;2;65;70;65m[48;2;65;70;65m▀[0m[38;2;65;70;66m[48;2;65;70;65m▀[0m[38;2;94;112;145m[48;2;58;62;57m▀[0m[38;2;68;73;66m▄[0m     [38;2;64;69;64m▀[0m[38;2;84;86;80m[48;2;64;69;65m▀[0m[38;2;84;86;80m[48;2;46;50;47m▀[0m[38;2;50;49;54m[48;2;41;42;38m▀[0m         
         [38;2;159;186;218m▄[0m[38;2;164;191;225m[48;2;164;191;226m▀[0m[38;2;164;191;226m[48;2;164;191;226m▀[0m[38;2;174;203;228m[48;2;163;190;225m▀[0m[38;2;164;191;226m[48;2;163;191;226m▀[0m[38;2;164;191;226m[48;2;164;191;225m▀[0m[38;2;170;199;233m[48;2;164;191;225m▀[0m[38;2;94;112;145m[48;2;122;141;174m▀[0m[38;2;96;114;148m[48;2;44;44;41m▀[0m[38;2;65;70;65m[48;2;66;71;66m▀[0m[38;2;65;70;66m[48;2;65;70;65m▀[0m[38;2;71;77;72m[48;2;59;72;93m▀[0m[38;2;164;191;226m[48;2;164;191;226m▀[0m[38;2;164;191;226m[48;2;164;191;225m▀[0m[38;2;163;191;226m[48;2;164;191;225m▀[0m[38;2;164;191;225m[48;2;164;191;225m▀[0m[38;2;164;191;225m▄[0m[38;2;180;210;248m▄[0m             
          [38;2;174;204;228m▄[0m[38;2;164;191;225m[48;2;164;191;226m▀[0m[38;2;164;191;225m[48;2;164;191;226m▀[0m[38;2;175;203;229m[48;2;189;220;249m▀[0m[38;2;172;200;228m[48;2;146;147;184m▀[0m[38;2;164;191;225m[48;2;82;69;110m▀[0m[38;2;82;68;107m[48;2;73;61;96m▀[0m[38;2;24;25;19m[48;2;42;36;55m▀[0m[38;2;57;60;56m[48;2;44;44;41m▀[0m[38;2;65;70;65m[48;2;111;129;152m▀[0m[38;2;101;81;132m[48;2;164;191;226m▀[0m[38;2;98;79;128m[48;2;124;101;165m▀[0m[38;2;130;155;177m[48;2;124;100;165m▀[0m[38;2;164;191;225m[48;2;124;100;165m▀[0m[38;2;174;202;229m▀[0m[38;2;164;191;225m▀[0m              
             [38;2;83;70;70m[48;2;41;34;54m▀[0m[38;2;118;116;141m[48;2;73;61;96m▀[0m[38;2;48;51;55m[48;2;80;69;76m▀[0m[38;2;40;40;37m[48;2;54;59;52m▀[0m[38;2;38;38;35m[48;2;40;40;37m▀[0m[38;2;41;41;38m[48;2;41;41;38m▀[0m[38;2;164;191;226m[48;2;164;191;226m▀[0m[38;2;122;95;159m[48;2;179;209;240m▀[0m[38;2;124;100;164m[48;2;124;100;164m▀[0m[38;2;124;100;164m[48;2;124;100;164m▀[0m[38;2;124;100;165m[48;2;124;100;165m▀[0m[38;2;65;60;80m[48;2;124;100;165m▀[0m               
              [38;2;74;62;97m▀[0m[38;2;73;62;97m[48;2;74;61;97m▀[0m[38;2;114;112;133m[48;2;82;70;73m▀[0m[38;2;44;49;43m[48;2;129;130;163m▀[0m[38;2;72;78;73m[48;2;122;125;156m▀[0m[38;2;172;201;238m[48;2;16;19;19m▀[0m[38;2;57;62;55m[48;2;34;36;29m▀[0m[38;2;124;100;164m[48;2;124;100;164m▀[0m[38;2;124;100;164m[48;2;124;100;164m▀[0m[38;2;124;100;164m[48;2;124;100;164m▀[0m[38;2;131;108;169m[48;2;141;121;173m▀[0m[38;2;79;84;77m[48;2;58;53;67m▀[0m              
                [38;2;90;74;117m▀[0m[38;2;74;61;98m▀[0m[38;2;74;62;97m[48;2;99;79;125m▀[0m[38;2;77;65;88m[48;2;74;62;97m▀[0m[38;2;64;69;64m[48;2;73;61;97m▀[0m[38;2;124;100;165m[48;2;74;61;96m▀[0m[38;2;124;101;165m[48;2;68;74;68m▀[0m[38;2;137;117;172m[48;2;74;60;99m▀[0m[38;2;132;109;170m[48;2;132;108;170m▀[0m[38;2;98;80;126m[48;2;83;87;81m▀[0m              
                      [38;2;9;8;12m▀[0m[38;2;23;21;29m▀[0m                
                                        
