                                        
                                        
           [38;2;51;50;53m[48;2;51;51;51m▀[0m[38;2;10;8;11m[48;2;52;52;52m▀[0m[38;2;52;52;52m▄[0m[38;2;54;54;54m▄[0m[38;2;60;60;60m▄[0m              [38;2;58;58;58m▄[0m[38;2;46;42;53m[48;2;76;79;73m▀[0m[38;2;16;17;16m▀[0m       
            [38;2;49;59;75m▀[0m[38;2;68;82;104m[48;2;161;191;230m▀[0m[38;2;49;49;49m[48;2;161;191;231m▀[0m[38;2;55;55;55m[48;2;161;191;230m▀[0m[38;2;52;52;52m[48;2;168;200;239m▀[0m[38;2;54;54;54m[48;2;52;52;52m▀[0m[38;2;51;51;51m▄[0m        [38;2;51;50;54m▄[0m[38;2;54;54;54m▄[0m[38;2;52;52;52m[48;2;65;70;65m▀[0m[38;2;77;80;74m[48;2;6;6;6m▀[0m         
              [38;2;161;191;231m▀[0m[38;2;161;191;231m[48;2;145;173;212m▀[0m[38;2;161;191;231m[48;2;84;103;136m▀[0m[38;2;161;191;231m[48;2;52;52;52m▀[0m[38;2;88;111;123m[48;2;51;51;51m▀[0m[38;2;51;51;51m[48;2;66;66;66m▀[0m[38;2;2;2;2m[48;2;66;66;66m▀[0m[38;2;66;66;66m▄[0m[38;2;60;60;60m▄[0m[38;2;60;60;60m▄[0m [38;2;51;51;51m▄[0m[38;2;51;51;51m[48;2;54;54;54m▀[0m[38;2;53;53;53m[48;2;64;69;64m▀[0m[38;2;64;69;65m[48;2;64;70;64m▀[0m[38;2;62;68;63m▀[0m          
             [38;2;0;0;0m▄[0m[38;2;69;69;69m▄[0m[38;2;51;51;51m[48;2;68;68;68m▀[0m[38;2;71;71;71m[48;2;67;67;67m▀[0m[38;2;68;68;68m[48;2;67;67;67m▀[0m[38;2;69;69;69m[48;2;74;74;74m▀[0m[38;2;68;68;68m[48;2;69;69;69m▀[0m[38;2;68;68;68m[48;2;62;62;62m▀[0m[38;2;56;56;56m[48;2;53;53;53m▀[0m[38;2;51;51;51m[48;2;53;53;53m▀[0m[38;2;52;52;52m[48;2;55;55;55m▀[0m[38;2;23;23;23m[48;2;55;55;55m▀[0m[38;2;55;55;55m[48;2;64;70;64m▀[0m[38;2;62;68;62m[48;2;64;70;65m▀[0m[38;2;64;70;64m[48;2;72;77;72m▀[0m            
            [38;2;0;0;0m[48;2;175;175;175m▀[0m[38;2;31;31;31m[48;2;238;231;239m▀[0m[38;2;21;21;21m[48;2;43;43;43m▀[0m[38;2;69;69;69m[48;2;50;50;50m▀[0m[38;2;55;55;55m[48;2;20;20;20m▀[0m[38;2;52;52;52m[48;2;250;248;249m▀[0m[38;2;51;51;51m[48;2;240;236;242m▀[0m[38;2;51;51;51m[48;2;250;248;248m▀[0m[38;2;51;51;51m[48;2;18;23;19m▀[0m[38;2;55;55;55m[48;2;12;13;12m▀[0m[38;2;12;12;11m[48;2;41;41;38m▀[0m[38;2;71;77;71m[48;2;95;118;156m▀[0m[38;2;34;34;34m[48;2;31;31;31m▀[0m[38;2;31;31;31m[48;2;31;31;31m▀[0m[38;2;27;32;24m[48;2;34;34;34m▀[0m             
           [38;2;250;248;250m[48;2;53;53;53m▀[0m[38;2;28;27;27m[48;2;20;20;20m▀[0m[38;2;255;253;250m[48;2;114;114;114m▀[0m[38;2;53;53;53m[48;2;52;52;52m▀[0m[38;2;54;54;54m[48;2;52;52;52m▀[0m[38;2;168;166;168m[48;2;244;240;247m▀[0m[38;2;237;233;240m[48;2;212;210;210m▀[0m[38;2;238;234;239m[48;2;10;11;8m▀[0m[38;2;67;73;68m[48;2;51;51;51m▀[0m[38;2;41;42;38m[48;2;41;41;38m▀[0m[38;2;141;148;181m[48;2;144;149;181m▀[0m[38;2;139;146;178m[48;2;43;43;38m▀[0m[38;2;93;113;152m[48;2;92;112;150m▀[0m[38;2;31;31;31m[48;2;31;31;31m▀[0m[38;2;31;31;31m[48;2;31;31;31m▀[0m[38;2;14;14;14m[48;2;75;80;74m▀[0m             
          [38;2;10;10;10m[48;2;62;56;80m▀[0m[38;2;20;20;20m[48;2;150;176;222m▀[0m[38;2;34;34;34m[48;2;22;22;22m▀[0m[38;2;51;51;51m[48;2;19;19;19m▀[0m[38;2;51;51;51m[48;2;179;169;173m▀[0m[38;2;32;32;32m[48;2;85;84;85m▀[0m[38;2;119;117;119m[48;2;94;114;153m▀[0m[38;2;85;105;141m[48;2;17;18;22m▀[0m[38;2;10;10;9m[48;2;65;71;66m▀[0m[38;2;37;38;35m[48;2;80;188;177m▀[0m[38;2;65;71;67m[48;2;64;70;64m▀[0m[38;2;170;170;168m[48;2;76;81;74m▀[0m[38;2;57;75;79m[48;2;71;91;125m▀[0m[38;2;99;121;162m[48;2;165;197;237m▀[0m[38;2;31;31;31m[48;2;31;31;31m▀[0m[38;2;31;31;31m[48;2;54;56;51m▀[0m              
          [38;2;16;16;16m[48;2;31;31;31m▀[0m[38;2;54;54;54m[48;2;52;52;52m▀[0m[38;2;249;244;252m[48;2;246;240;251m▀[0m[38;2;239;234;240m[48;2;239;234;243m▀[0m[38;2;179;178;179m[48;2;25;33;44m▀[0m[38;2;81;100;135m[48;2;84;103;138m▀[0m[38;2;91;111;149m[48;2;135;160;198m▀[0m[38;2;22;22;22m[48;2;13;13;13m▀[0m[38;2;25;32;47m[48;2;6;6;6m▀[0m[38;2;64;70;66m[48;2;84;106;144m▀[0m[38;2;64;70;64m[48;2;76;96;130m▀[0m[38;2;81;104;141m[48;2;40;57;70m▀[0m[38;2;80;100;134m[48;2;154;182;221m▀[0m[38;2;169;199;233m[48;2;161;190;230m▀[0m[38;2;49;49;49m▀[0m               
          [38;2;31;31;31m[48;2;31;31;31m▀[0m[38;2;53;53;53m[48;2;18;18;18m▀[0m[38;2;249;246;253m[48;2;34;36;32m▀[0m[38;2;52;52;48m[48;2;22;22;22m▀[0m[38;2;76;95;129m[48;2;94;114;154m▀[0m[38;2;92;112;150m[48;2;92;112;150m▀[0m[38;2;160;191;230m[48;2;164;195;234m▀[0m[38;2;51;51;51m[48;2;54;54;54m▀[0m[38;2;33;33;33m[48;2;54;54;54m▀[0m[38;2;41;41;38m[48;2;68;75;69m▀[0m[38;2;40;40;40m[48;2;161;160;173m▀[0m[38;2;53;53;53m[48;2;54;54;54m▀[0m[38;2;69;69;69m[48;2;32;28;35m▀[0m[38;2;177;210;245m▀[0m                
          [38;2;16;16;16m[48;2;9;9;9m▀[0m[38;2;129;133;169m[48;2;17;19;15m▀[0m[38;2;15;15;15m[48;2;12;12;12m▀[0m[38;2;18;18;18m[48;2;24;26;27m▀[0m[38;2;18;18;18m[48;2;70;76;70m▀[0m[38;2;92;112;150m[48;2;31;38;51m▀[0m[38;2;69;75;69m[48;2;92;112;151m▀[0m[38;2;33;33;33m[48;2;27;28;23m▀[0m[38;2;51;51;51m[48;2;33;33;33m▀[0m[38;2;255;255;255m[48;2;37;37;37m▀[0m[38;2;31;31;31m[48;2;18;18;18m▀[0m[38;2;51;51;51m[48;2;91;112;150m▀[0m[38;2;64;70;64m▀[0m [38;2;69;74;69m▄[0m[38;2;20;23;20m▄[0m              
          [38;2;49;46;57m[48;2;44;44;40m▀[0m[38;2;65;70;65m▀[0m[38;2;64;70;64m[48;2;64;68;64m▀[0m[38;2;64;70;64m[48;2;22;22;22m▀[0m[38;2;22;22;22m[48;2;22;22;22m▀[0m[38;2;21;21;21m[48;2;33;41;54m▀[0m[38;2;92;112;150m[48;2;92;112;150m▀[0m[38;2;26;27;26m[48;2;98;119;159m▀[0m[38;2;65;70;64m[48;2;64;70;64m▀[0m[38;2;64;70;66m[48;2;64;70;64m▀[0m[38;2;92;112;150m[48;2;58;62;56m▀[0m[38;2;67;73;65m▄[0m     [38;2;64;69;64m▀[0m[38;2;84;86;79m[48;2;64;69;65m▀[0m[38;2;84;86;79m[48;2;45;50;47m▀[0m[38;2;44;45;44m[48;2;41;42;38m▀[0m         
         [38;2;156;186;222m▄[0m[38;2;161;191;230m[48;2;161;191;231m▀[0m[38;2;161;191;231m[48;2;161;191;231m▀[0m[38;2;170;203;229m[48;2;160;191;230m▀[0m[38;2;161;191;231m[48;2;160;191;231m▀[0m[38;2;161;191;231m[48;2;161;191;230m▀[0m[38;2;166;199;238m[48;2;161;191;230m▀[0m[38;2;92;112;150m[48;2;119;141;179m▀[0m[38;2;93;114;153m[48;2;44;44;40m▀[0m[38;2;64;70;64m[48;2;65;71;65m▀[0m[38;2;64;70;66m[48;2;64;70;64m▀[0m[38;2;70;77;71m[48;2;57;72;96m▀[0m[38;2;161;191;231m[48;2;161;191;231m▀[0m[38;2;161;191;231m[48;2;161;191;230m▀[0m[38;2;160;191;231m[48;2;161;191;230m▀[0m[38;2;161;191;230m[48;2;161;191;230m▀[0m[38;2;161;191;230m▄[0m[38;2;176;211;253m▄[0m             
          [38;2;171;205;230m▄[0m[38;2;161;191;230m[48;2;161;191;231m▀[0m[38;2;161;191;230m[48;2;161;191;231m▀[0m[38;2;172;204;233m[48;2;185;221;253m▀[0m[38;2;169;200;233m[48;2;146;147;189m▀[0m[38;2;161;191;230m[48;2;35;35;35m▀[0m[38;2;34;34;35m[48;2;31;31;31m▀[0m[38;2;24;25;18m[48;2;18;18;19m▀[0m[38;2;57;60;56m[48;2;44;44;41m▀[0m[38;2;64;70;64m[48;2;109;129;156m▀[0m[38;2;42;42;42m[48;2;161;191;231m▀[0m[38;2;40;40;40m[48;2;52;52;52m▀[0m[38;2;119;143;166m[48;2;51;51;51m▀[0m[38;2;161;191;230m[48;2;51;51;51m▀[0m[38;2;170;203;233m▀[0m[38;2;161;191;230m▀[0m              
             [38;2;16;16;16m[48;2;19;18;20m▀[0m[38;2;106;106;131m[48;2;31;31;31m▀[0m[38;2;48;51;55m[48;2;22;22;22m▀[0m[38;2;40;40;37m[48;2;53;59;51m▀[0m[38;2;38;38;35m[48;2;40;40;37m▀[0m[38;2;41;41;38m[48;2;41;41;38m▀[0m[38;2;161;191;231m[48;2;161;191;231m▀[0m[38;2;50;50;51m[48;2;176;209;243m▀[0m[38;2;51;51;51m[48;2;51;51;51m▀[0m[38;2;51;51;51m[48;2;51;51;51m▀[0m[38;2;51;51;51m[48;2;51;51;51m▀[0m[38;2;31;33;30m[48;2;51;51;51m▀[0m               
              [38;2;31;31;31m▀[0m[38;2;31;31;31m[48;2;30;30;30m▀[0m[38;2;114;112;136m[48;2;16;16;16m▀[0m[38;2;43;49;42m[48;2;129;130;167m▀[0m[38;2;71;78;73m[48;2;121;125;160m▀[0m[38;2;169;201;244m[48;2;16;19;18m▀[0m[38;2;57;62;55m[48;2;34;36;28m▀[0m[38;2;51;51;51m[48;2;51;51;51m▀[0m[38;2;51;51;51m[48;2;51;51;51m▀[0m[38;2;51;51;51m[48;2;51;51;51m▀[0m[38;2;54;54;54m[48;2;66;66;66m▀[0m[38;2;79;84;77m[48;2;33;34;32m▀[0m              
                [38;2;38;37;38m▀[0m[38;2;31;31;31m▀[0m[38;2;31;31;31m[48;2;42;41;42m▀[0m[38;2;28;28;28m[48;2;31;31;31m▀[0m[38;2;64;69;64m[48;2;31;31;31m▀[0m[38;2;52;52;52m[48;2;31;31;31m▀[0m[38;2;52;52;52m[48;2;67;74;67m▀[0m[38;2;60;60;60m[48;2;31;32;31m▀[0m[38;2;55;55;55m[48;2;55;55;55m▀[0m[38;2;46;46;49m[48;2;83;87;80m▀[0m              
                      [38;2;7;7;9m▀[0m[38;2;20;19;26m▀[0m                
                                        
