                                        
                                        
                      [38;2;0;0;0m▄[0m                 
                [38;2;244;226;231m▄[0m[38;2;0;0;0m[48;2;244;225;230m▀[0m[38;2;244;225;230m[48;2;246;226;232m▀[0m[38;2;243;224;229m[48;2;245;223;229m▀[0m[38;2;245;226;231m[48;2;246;220;226m▀[0m[38;2;242;214;221m[48;2;244;209;217m▀[0m[38;2;241;204;214m[48;2;236;177;190m▀[0m[38;2;244;213;219m[48;2;229;166;184m▀[0m[38;2;235;194;205m[48;2;228;165;183m▀[0m[38;2;232;181;196m[48;2;228;165;183m▀[0m[38;2;228;166;183m[48;2;228;168;186m▀[0m[38;2;108;78;87m[48;2;232;181;196m▀[0m[38;2;228;169;187m▄[0m[38;2;119;86;96m▄[0m          
               [38;2;248;210;222m▀[0m[38;2;32;27;28m▀[0m     [38;2;0;0;0m▀[0m[38;2;236;171;190m▀[0m[38;2;228;165;183m▀[0m[38;2;227;165;183m[48;2;230;167;186m▀[0m[38;2;228;164;183m[48;2;228;164;183m▀[0m[38;2;228;165;184m[48;2;229;166;184m▀[0m[38;2;229;165;184m[48;2;228;165;183m▀[0m[38;2;231;181;195m[48;2;228;165;183m▀[0m[38;2;227;165;183m[48;2;228;165;184m▀[0m[38;2;229;166;185m▄[0m        
                          [38;2;80;55;63m▀[0m[38;2;228;167;184m[48;2;9;6;7m▀[0m[38;2;229;165;183m[48;2;226;165;183m▀[0m[38;2;229;166;184m[48;2;229;166;184m▀[0m[38;2;229;167;184m[48;2;229;166;184m▀[0m[38;2;229;166;184m[48;2;227;165;182m▀[0m[38;2;227;165;183m[48;2;227;164;182m▀[0m[38;2;226;165;182m▄[0m      
                            [38;2;195;140;155m▀[0m[38;2;228;166;183m[48;2;225;163;180m▀[0m[38;2;229;166;184m[48;2;226;164;181m▀[0m[38;2;228;166;183m[48;2;225;163;181m▀[0m[38;2;217;157;174m[48;2;184;136;148m▀[0m[38;2;224;162;179m[48;2;218;159;174m▀[0m[38;2;0;0;0m[48;2;226;164;181m▀[0m     
                             [38;2;47;32;37m▀[0m[38;2;219;159;176m[48;2;181;135;146m▀[0m[38;2;222;162;178m[48;2;210;153;169m▀[0m[38;2;181;135;145m[48;2;182;135;146m▀[0m[38;2;183;135;146m[48;2;178;134;144m▀[0m[38;2;198;146;160m[48;2;184;138;147m▀[0m[38;2;0;0;0m▄[0m    
     [38;2;29;22;23m[48;2;240;188;197m▀[0m[38;2;242;189;197m[48;2;238;184;195m▀[0m[38;2;235;179;192m[48;2;227;165;183m▀[0m[38;2;227;165;183m[48;2;57;48;50m▀[0m[38;2;243;214;219m▄[0m[38;2;242;205;213m▄[0m[38;2;241;194;201m▄[0m[38;2;239;188;196m▄[0m[38;2;234;174;189m▄[0m[38;2;229;166;184m▄[0m[38;2;240;174;193m▄[0m[38;2;245;210;216m[48;2;240;189;197m▀[0m[38;2;245;211;216m[48;2;236;183;194m▀[0m[38;2;242;193;201m[48;2;228;166;184m▀[0m[38;2;228;164;183m▄[0m[38;2;184;144;150m▄[0m[38;2;241;188;197m▄[0m[38;2;241;188;198m▄[0m[38;2;241;188;197m▄[0m[38;2;238;187;196m▄[0m[38;2;241;188;196m▄[0m[38;2;228;178;186m▄[0m   [38;2;178;134;144m[48;2;178;134;144m▀[0m[38;2;180;134;145m[48;2;179;134;144m▀[0m[38;2;180;134;143m[48;2;180;134;143m▀[0m[38;2;178;134;144m[48;2;181;134;144m▀[0m[38;2;179;134;144m[48;2;179;134;144m▀[0m[38;2;77;55;61m[48;2;198;145;159m▀[0m    
     [38;2;233;173;188m[48;2;229;166;183m▀[0m[38;2;229;165;184m[48;2;248;248;248m▀[0m[38;2;245;206;211m[48;2;242;202;209m▀[0m[38;2;245;216;219m[48;2;244;203;206m▀[0m[38;2;242;214;219m[48;2;243;195;200m▀[0m[38;2;242;198;206m[48;2;241;190;198m▀[0m[38;2;241;190;197m[48;2;235;181;193m▀[0m[38;2;242;190;198m[48;2;229;166;185m▀[0m[38;2;227;165;183m[48;2;209;151;167m▀[0m[38;2;227;165;183m[48;2;234;169;187m▀[0m[38;2;227;165;183m[48;2;229;165;184m▀[0m[38;2;227;165;183m[48;2;229;166;184m▀[0m[38;2;227;164;183m[48;2;229;166;184m▀[0m[38;2;227;165;183m[48;2;229;166;184m▀[0m[38;2;227;164;183m[48;2;224;163;179m▀[0m[38;2;223;168;181m[48;2;227;165;181m▀[0m[38;2;238;184;194m[48;2;229;165;185m▀[0m[38;2;239;186;196m[48;2;227;164;183m▀[0m[38;2;241;188;198m[48;2;229;166;184m▀[0m[38;2;238;187;196m[48;2;227;165;183m▀[0m[38;2;239;187;196m[48;2;228;169;186m▀[0m[38;2;241;188;197m[48;2;228;170;187m▀[0m[38;2;238;187;195m[48;2;228;169;186m▀[0m[38;2;235;176;189m[48;2;227;168;186m▀[0m[38;2;231;169;187m▄[0m[38;2;180;133;143m[48;2;238;172;191m▀[0m[38;2;180;134;144m[48;2;180;134;144m▀[0m[38;2;179;134;144m[48;2;179;134;144m▀[0m[38;2;180;134;144m[48;2;180;134;144m▀[0m[38;2;180;134;144m[48;2;180;134;144m▀[0m[38;2;184;136;147m[48;2;186;139;150m▀[0m    
     [38;2;244;244;245m[48;2;239;240;243m▀[0m[38;2;251;253;254m[48;2;238;240;243m▀[0m[38;2;238;186;195m[48;2;228;165;184m▀[0m[38;2;239;187;195m[48;2;239;172;191m▀[0m[38;2;234;179;192m[48;2;231;167;186m▀[0m[38;2;229;168;186m[48;2;229;166;184m▀[0m[38;2;229;165;183m[48;2;229;166;184m▀[0m[38;2;255;255;255m[48;2;255;255;255m▀[0m[38;2;255;255;255m[48;2;255;255;255m▀[0m[38;2;255;255;255m[48;2;250;251;252m▀[0m[38;2;239;241;243m[48;2;239;240;243m▀[0m[38;2;229;166;184m[48;2;241;175;194m▀[0m[38;2;223;162;178m[48;2;218;159;174m▀[0m[38;2;3;2;2m[48;2;217;158;174m▀[0m[38;2;203;149;162m[48;2;195;143;156m▀[0m[38;2;217;160;175m[48;2;218;159;174m▀[0m[38;2;225;164;181m[48;2;218;159;174m▀[0m[38;2;227;165;183m[48;2;223;162;179m▀[0m[38;2;229;165;183m[48;2;229;166;184m▀[0m[38;2;229;165;184m[48;2;227;165;183m▀[0m[38;2;229;166;184m[48;2;228;165;184m▀[0m[38;2;228;165;184m[48;2;228;164;183m▀[0m[38;2;227;164;183m[48;2;228;165;184m▀[0m[38;2;227;165;183m[48;2;227;165;183m▀[0m[38;2;228;165;183m[48;2;227;165;183m▀[0m[38;2;227;165;183m[48;2;227;165;183m▀[0m[38;2;228;165;183m[48;2;227;164;183m▀[0m[38;2;181;135;145m[48;2;228;166;184m▀[0m[38;2;180;134;143m[48;2;180;135;145m▀[0m[38;2;180;134;144m[48;2;180;135;145m▀[0m[38;2;21;16;17m▀[0m    
    [38;2;238;231;227m▄[0m[38;2;41;41;42m[48;2;235;231;227m▀[0m[38;2;237;231;227m[48;2;236;231;226m▀[0m[38;2;231;225;217m[48;2;228;222;217m▀[0m[38;2;228;222;217m[48;2;228;222;216m▀[0m[38;2;229;223;217m[48;2;228;222;217m▀[0m[38;2;231;225;218m[48;2;228;222;217m▀[0m[38;2;87;85;82m[48;2;229;222;216m▀[0m[38;2;255;255;255m[48;2;231;225;217m▀[0m[38;2;248;249;251m[48;2;102;94;85m▀[0m[38;2;239;240;243m[48;2;239;240;243m▀[0m[38;2;239;240;243m[48;2;238;239;243m▀[0m[38;2;225;164;180m[48;2;218;160;175m▀[0m[38;2;217;159;174m[48;2;216;159;174m▀[0m[38;2;216;159;174m[48;2;218;160;175m▀[0m[38;2;217;160;174m[48;2;217;159;175m▀[0m[38;2;218;159;175m[48;2;218;159;175m▀[0m[38;2;216;159;174m[48;2;217;159;174m▀[0m[38;2;218;159;175m[48;2;218;159;175m▀[0m[38;2;226;164;182m[48;2;226;164;181m▀[0m[38;2;227;165;183m[48;2;228;165;183m▀[0m[38;2;228;164;183m[48;2;227;165;183m▀[0m[38;2;230;165;184m[48;2;227;165;183m▀[0m[38;2;229;166;184m[48;2;227;164;183m▀[0m[38;2;228;164;183m[48;2;227;165;183m▀[0m[38;2;228;164;183m[48;2;228;165;183m▀[0m[38;2;227;165;183m[48;2;228;165;183m▀[0m[38;2;229;165;184m[48;2;229;165;184m▀[0m[38;2;229;165;183m[48;2;204;149;163m▀[0m[38;2;56;40;44m[48;2;218;159;174m▀[0m[38;2;179;134;144m[48;2;180;134;144m▀[0m     
    [38;2;235;229;224m[48;2;219;208;191m▀[0m[38;2;233;227;219m[48;2;206;194;174m▀[0m[38;2;231;225;217m[48;2;206;193;172m▀[0m[38;2;231;225;217m[48;2;214;200;176m▀[0m[38;2;231;225;217m[48;2;211;199;178m▀[0m[38;2;231;225;217m[48;2;222;212;199m▀[0m[38;2;231;224;217m[48;2;228;222;215m▀[0m[38;2;229;223;216m[48;2;228;222;216m▀[0m[38;2;231;224;217m[48;2;230;223;216m▀[0m[38;2;231;225;217m[48;2;221;211;198m▀[0m[38;2;207;193;172m[48;2;205;191;170m▀[0m[38;2;184;172;153m[48;2;205;192;170m▀[0m[38;2;217;158;173m[48;2;207;193;171m▀[0m[38;2;218;160;174m[48;2;217;159;174m▀[0m[38;2;217;160;175m[48;2;218;160;175m▀[0m[38;2;218;160;175m[48;2;217;158;174m▀[0m[38;2;217;160;175m[48;2;217;160;175m▀[0m[38;2;217;160;174m[48;2;217;160;175m▀[0m[38;2;219;160;175m[48;2;222;161;178m▀[0m[38;2;226;164;182m[48;2;228;165;183m▀[0m[38;2;229;165;185m[48;2;228;165;183m▀[0m[38;2;229;165;184m[48;2;228;165;183m▀[0m[38;2;227;165;183m[48;2;227;164;183m▀[0m[38;2;227;165;183m[48;2;228;166;184m▀[0m[38;2;228;164;183m[48;2;228;165;183m▀[0m[38;2;228;165;183m[48;2;227;164;183m▀[0m[38;2;227;165;183m[48;2;227;165;183m▀[0m[38;2;227;165;183m[48;2;224;163;180m▀[0m[38;2;205;150;164m[48;2;201;147;161m▀[0m[38;2;201;147;160m[48;2;202;148;161m▀[0m[38;2;19;13;15m▄[0m     
   [38;2;231;183;193m▄[0m[38;2;218;171;179m▄[0m[38;2;75;77;80m[48;2;215;168;175m▀[0m[38;2;34;31;29m[48;2;148;120;136m▀[0m[38;2;148;122;136m[48;2;150;121;137m▀[0m[38;2;33;30;28m[48;2;161;132;148m▀[0m[38;2;206;193;172m[48;2;161;131;148m▀[0m[38;2;206;192;170m[48;2;161;132;148m▀[0m[38;2;205;191;171m[48;2;200;201;206m▀[0m[38;2;205;191;170m[48;2;161;131;148m▀[0m[38;2;205;191;170m[48;2;161;131;148m▀[0m[38;2;206;193;172m[48;2;162;132;147m▀[0m[38;2;108;101;90m[48;2;204;192;169m▀[0m[38;2;207;193;171m[48;2;204;191;170m▀[0m[38;2;221;162;178m[48;2;217;159;174m▀[0m[38;2;217;159;174m[48;2;219;159;175m▀[0m[38;2;217;160;175m[48;2;218;160;176m▀[0m[38;2;217;160;175m[48;2;222;161;177m▀[0m[38;2;220;160;176m[48;2;226;164;182m▀[0m[38;2;227;164;182m[48;2;227;165;183m▀[0m[38;2;227;165;183m[48;2;227;165;183m▀[0m[38;2;229;166;184m[48;2;227;165;183m▀[0m[38;2;228;165;183m[48;2;227;164;183m▀[0m[38;2;227;165;183m[48;2;229;165;184m▀[0m[38;2;227;165;183m[48;2;229;165;184m▀[0m[38;2;227;165;183m[48;2;228;165;183m▀[0m[38;2;228;165;184m[48;2;228;164;182m▀[0m[38;2;227;164;182m[48;2;217;159;173m▀[0m[38;2;218;159;175m[48;2;212;157;171m▀[0m[38;2;200;148;161m[48;2;201;148;162m▀[0m[38;2;201;147;160m[48;2;202;147;161m▀[0m[38;2;212;156;169m[48;2;203;148;161m▀[0m     
  [38;2;126;98;104m[48;2;216;167;176m▀[0m[38;2;220;183;191m[48;2;218;172;180m▀[0m[38;2;218;170;176m[48;2;215;167;176m▀[0m[38;2;215;167;175m[48;2;213;162;173m▀[0m[38;2;112;108;99m[48;2;188;184;178m▀[0m[38;2;77;63;71m[48;2;40;32;36m▀[0m[38;2;204;162;188m[48;2;214;171;196m▀[0m[38;2;212;170;196m[48;2;214;172;197m▀[0m[38;2;200;161;184m[48;2;214;173;197m▀[0m[38;2;166;135;152m[48;2;214;171;197m▀[0m[38;2;161;131;148m[48;2;213;171;197m▀[0m[38;2;161;131;148m[48;2;214;200;179m▀[0m[38;2;134;126;111m[48;2;123;115;102m▀[0m[38;2;204;191;170m[48;2;240;189;197m▀[0m[38;2;158;116;125m[48;2;242;190;198m▀[0m[38;2;222;161;178m[48;2;240;189;196m▀[0m[38;2;225;164;180m[48;2;236;181;193m▀[0m[38;2;228;165;183m[48;2;229;166;185m▀[0m[38;2;229;167;184m[48;2;229;166;184m▀[0m[38;2;228;164;183m[48;2;228;165;183m▀[0m[38;2;227;164;183m[48;2;229;166;184m▀[0m[38;2;229;166;184m[48;2;228;165;183m▀[0m[38;2;228;165;184m[48;2;228;165;183m▀[0m[38;2;227;165;183m[48;2;229;166;184m▀[0m[38;2;227;164;183m[48;2;229;167;184m▀[0m[38;2;229;167;184m[48;2;229;166;184m▀[0m[38;2;229;165;184m[48;2;228;164;183m▀[0m[38;2;226;163;181m[48;2;210;154;169m▀[0m[38;2;206;151;164m[48;2;202;148;162m▀[0m[38;2;204;149;164m[48;2;200;147;160m▀[0m[38;2;200;147;161m[48;2;202;148;161m▀[0m[38;2;201;147;160m[48;2;202;148;161m▀[0m[38;2;202;148;161m[48;2;189;138;150m▀[0m[38;2;199;145;159m▄[0m    
  [38;2;211;156;169m[48;2;53;38;42m▀[0m[38;2;215;162;173m[48;2;209;154;169m▀[0m[38;2;211;157;170m[48;2;211;156;169m▀[0m[38;2;209;153;168m[48;2;210;154;169m▀[0m[38;2;209;153;168m[48;2;209;153;168m▀[0m[38;2;26;22;22m[48;2;209;154;168m▀[0m[38;2;221;213;200m[48;2;189;141;152m▀[0m[38;2;206;194;172m▀[0m[38;2;216;200;179m▀[0m[38;2;207;193;171m[48;2;0;0;0m▀[0m[38;2;207;194;172m[48;2;238;184;194m▀[0m[38;2;243;191;198m[48;2;242;191;197m▀[0m[38;2;240;188;197m[48;2;243;191;198m▀[0m[38;2;240;189;197m[48;2;239;188;196m▀[0m[38;2;241;189;197m[48;2;239;189;197m▀[0m[38;2;239;188;196m[48;2;234;179;192m▀[0m[38;2;235;179;193m[48;2;227;164;183m▀[0m[38;2;227;164;183m[48;2;229;166;184m▀[0m[38;2;227;164;183m[48;2;227;164;183m▀[0m[38;2;228;165;183m[48;2;228;165;183m▀[0m[38;2;227;164;183m[48;2;228;165;183m▀[0m[38;2;227;164;183m[48;2;228;165;183m▀[0m[38;2;227;165;183m[48;2;228;164;183m▀[0m[38;2;229;166;184m[48;2;228;165;183m▀[0m[38;2;227;165;183m[48;2;222;161;178m▀[0m[38;2;226;164;182m[48;2;206;150;165m▀[0m[38;2;209;154;168m[48;2;201;148;161m▀[0m[38;2;203;148;162m[48;2;201;146;161m▀[0m[38;2;201;147;161m[48;2;202;147;161m▀[0m[38;2;202;148;161m[48;2;201;146;161m▀[0m[38;2;201;147;161m[48;2;201;147;161m▀[0m[38;2;202;148;161m[48;2;201;147;161m▀[0m[38;2;201;147;160m[48;2;201;147;161m▀[0m[38;2;202;149;161m[48;2;202;147;161m▀[0m[38;2;214;157;172m[48;2;202;147;161m▀[0m[38;2;12;10;10m▄[0m  
   [38;2;71;52;56m▀[0m[38;2;206;152;166m▀[0m[38;2;210;155;168m▀[0m[38;2;216;158;172m▀[0m[38;2;252;252;253m▀[0m[38;2;204;204;210m▀[0m [38;2;255;255;255m▄[0m[38;2;117;84;93m[48;2;248;248;250m▀[0m[38;2;239;174;192m[48;2;212;212;219m▀[0m[38;2;238;183;194m[48;2;224;163;181m▀[0m[38;2;239;184;195m[48;2;228;165;183m▀[0m[38;2;236;179;192m[48;2;228;165;184m▀[0m[38;2;227;165;183m[48;2;229;165;184m▀[0m[38;2;227;165;183m[48;2;229;165;184m▀[0m[38;2;227;165;183m[48;2;229;166;184m▀[0m[38;2;227;164;183m[48;2;229;167;184m▀[0m[38;2;228;165;183m[48;2;229;167;184m▀[0m[38;2;227;165;183m[48;2;237;172;190m▀[0m[38;2;228;165;183m[48;2;93;68;75m▀[0m[38;2;227;165;183m[48;2;0;0;0m▀[0m[38;2;227;164;183m[48;2;13;8;11m▀[0m[38;2;211;153;168m[48;2;171;125;137m▀[0m[38;2;202;148;161m[48;2;209;152;167m▀[0m[38;2;201;146;160m[48;2;203;148;161m▀[0m[38;2;202;147;161m[48;2;201;147;161m▀[0m[38;2;202;149;161m[48;2;213;157;169m▀[0m[38;2;202;148;160m[48;2;15;10;12m▀[0m[38;2;202;149;161m▀[0m[38;2;202;148;161m▀[0m[38;2;202;148;160m▀[0m[38;2;201;147;161m▀[0m[38;2;201;147;161m▀[0m[38;2;196;142;156m▀[0m   
               [38;2;0;0;0m▀[0m[38;2;0;0;0m▀[0m[38;2;0;0;0m▀[0m                      
                                        
                                        
