                                        
                            [38;2;247;246;193m▄[0m[38;2;21;21;18m[48;2;247;246;190m▀[0m[38;2;253;252;190m▄[0m         
                           [38;2;162;162;125m▄[0m[38;2;247;246;192m[48;2;249;246;177m▀[0m[38;2;247;246;193m[48;2;48;40;101m▀[0m[38;2;247;246;194m[48;2;247;246;191m▀[0m[38;2;178;177;167m[48;2;247;246;192m▀[0m        
          [38;2;159;158;124m▄[0m[38;2;184;186;117m▄[0m[38;2;186;188;117m▄[0m[38;2;204;206;129m▄[0m             [38;2;63;62;43m▀[0m[38;2;70;45;126m▀[0m[38;2;108;66;150m▀[0m[38;2;111;68;151m▄[0m[38;2;247;246;192m[48;2;43;41;35m▀[0m[38;2;250;248;186m[48;2;247;246;193m▀[0m       
        [38;2;182;185;116m▄[0m[38;2;182;185;116m[48;2;182;185;116m▀[0m[38;2;182;185;116m[48;2;3;3;1m▀[0m[38;2;180;183;115m[48;2;57;38;123m▀[0m[38;2;194;197;122m[48;2;52;39;113m▀[0m[38;2;180;183;115m▀[0m[38;2;185;188;118m[48;2;178;179;112m▀[0m               [38;2;110;65;152m[48;2;46;46;45m▀[0m[38;2;111;67;154m[48;2;100;57;141m▀[0m[38;2;246;243;177m[48;2;243;242;164m▀[0m[38;2;251;249;200m[48;2;246;242;172m▀[0m      
      [38;2;195;197;126m▄[0m[38;2;183;185;116m[48;2;182;185;116m▀[0m[38;2;183;186;116m[48;2;162;162;102m▀[0m [38;2;51;39;110m▄[0m[38;2;51;40;111m[48;2;53;40;116m▀[0m[38;2;195;201;194m▀[0m                  [38;2;94;50;135m[48;2;94;50;135m▀[0m[38;2;101;54;147m[48;2;94;50;135m▀[0m[38;2;246;237;150m[48;2;255;253;213m▀[0m[38;2;216;214;138m▄[0m     
     [38;2;213;215;141m▄[0m[38;2;182;185;116m[48;2;183;185;116m▀[0m[38;2;182;185;116m[48;2;22;22;14m▀[0m[38;2;53;44;113m▄[0m[38;2;26;22;55m[48;2;50;40;110m▀[0m[38;2;53;39;113m[48;2;54;38;118m▀[0m[38;2;52;34;122m[48;2;40;39;58m▀[0m          [38;2;163;159;95m▄[0m  [38;2;225;227;155m▄[0m     [38;2;93;50;133m[48;2;97;52;139m▀[0m[38;2;94;50;135m[48;2;93;49;134m▀[0m[38;2;182;185;116m[48;2;182;185;116m▀[0m[38;2;243;234;144m[48;2;246;236;152m▀[0m     
     [38;2;149;150;92m[48;2;182;185;116m▀[0m[38;2;182;184;116m[48;2;117;140;94m▀[0m[38;2;54;41;116m[48;2;162;171;109m▀[0m[38;2;50;40;109m[48;2;48;40;109m▀[0m[38;2;50;40;110m[48;2;51;40;110m▀[0m[38;2;55;39;119m[48;2;58;38;125m▀[0m[38;2;50;54;64m[48;2;44;31;107m▀[0m         [38;2;203;203;207m[48;2;34;38;75m▀[0m[38;2;153;163;186m[48;2;67;71;81m▀[0m[38;2;171;200;220m▄[0m [38;2;250;252;253m▄[0m[38;2;151;165;109m[48;2;216;219;135m▀[0m    [38;2;96;51;137m[48;2;89;49;132m▀[0m[38;2;65;58;82m[48;2;93;49;133m▀[0m[38;2;72;70;53m[48;2;68;37;103m▀[0m[38;2;245;235;144m[48;2;244;234;143m▀[0m     
    [38;2;206;208;130m[48;2;182;185;116m▀[0m[38;2;182;185;116m[48;2;183;186;116m▀[0m [38;2;51;40;111m[48;2;50;40;111m▀[0m[38;2;50;40;110m[48;2;51;40;111m▀[0m[38;2;58;38;125m[48;2;39;40;54m▀[0m[38;2;50;40;110m[48;2;49;40;109m▀[0m[38;2;50;40;110m[48;2;50;40;110m▀[0m[38;2;26;30;33m▄[0m        [38;2;134;146;158m[48;2;254;253;210m▀[0m[38;2;162;173;198m[48;2;181;96;129m▀[0m[38;2;122;116;170m[48;2;235;62;134m▀[0m[38;2;79;77;91m[48;2;44;39;91m▀[0m[38;2;251;253;254m[48;2;250;245;152m▀[0m[38;2;97;117;80m[48;2;113;139;94m▀[0m  [38;2;61;59;57m▀[0m[38;2;121;121;121m[48;2;141;156;166m▀[0m[38;2;95;50;136m[48;2;90;47;136m▀[0m[38;2;94;50;135m[48;2;92;50;135m▀[0m[38;2;13;13;28m▀[0m[38;2;244;234;142m[48;2;244;234;141m▀[0m[38;2;3;3;3m▄[0m    
    [38;2;182;185;116m[48;2;182;185;116m▀[0m[38;2;182;185;116m[48;2;182;185;116m▀[0m [38;2;36;29;80m[48;2;8;9;13m▀[0m[38;2;50;40;110m[48;2;53;39;118m▀[0m[38;2;50;40;110m[48;2;50;40;110m▀[0m[38;2;51;40;110m[48;2;50;40;110m▀[0m[38;2;49;40;109m[48;2;49;40;109m▀[0m[38;2;19;18;32m[48;2;22;17;67m▀[0m[38;2;35;40;43m▄[0m[38;2;28;26;26m[48;2;191;209;224m▀[0m[38;2;231;230;230m▀[0m      [38;2;253;245;148m▀[0m[38;2;188;197;226m▀[0m[38;2;70;87;50m[48;2;76;91;65m▀[0m[38;2;81;96;67m▀[0m[38;2;31;39;45m▄[0m   [38;2;167;179;204m[48;2;170;182;206m▀[0m[38;2;86;45;132m[48;2;94;50;134m▀[0m[38;2;94;50;135m[48;2;94;50;135m▀[0m [38;2;244;234;144m[48;2;244;234;144m▀[0m[38;2;6;6;3m[48;2;0;0;0m▀[0m    
    [38;2;185;188;118m[48;2;182;185;116m▀[0m[38;2;183;186;117m[48;2;182;186;117m▀[0m [38;2;3;4;9m[48;2;17;15;37m▀[0m[38;2;58;38;125m[48;2;58;38;125m▀[0m[38;2;51;40;111m[48;2;50;40;110m▀[0m[38;2;51;40;109m[48;2;54;39;119m▀[0m[38;2;59;38;127m[48;2;50;40;110m▀[0m[38;2;54;39;116m[48;2;52;40;112m▀[0m[38;2;159;169;194m[48;2;161;172;197m▀[0m[38;2;146;156;177m[48;2;163;173;199m▀[0m[38;2;163;176;202m▄[0m     [38;2;208;223;232m[48;2;250;253;254m▀[0m[38;2;83;52;131m▄[0m[38;2;135;158;105m[48;2;84;94;98m▀[0m[38;2;182;198;226m[48;2;150;197;229m▀[0m[38;2;136;147;159m[48;2;244;244;243m▀[0m[38;2;252;254;254m[48;2;54;42;116m▀[0m[38;2;85;46;139m▄[0m[38;2;253;254;255m▄[0m[38;2;250;252;253m[48;2;224;227;220m▀[0m[38;2;171;168;167m[48;2;186;187;187m▀[0m[38;2;94;50;135m[48;2;74;39;106m▀[0m[38;2;94;50;135m[48;2;94;50;135m▀[0m [38;2;244;234;142m[48;2;245;236;147m▀[0m     
    [38;2;183;185;116m[48;2;176;180;108m▀[0m[38;2;182;186;117m[48;2;183;186;117m▀[0m [38;2;45;36;106m[48;2;50;40;110m▀[0m[38;2;51;40;110m[48;2;50;40;110m▀[0m[38;2;50;40;111m[48;2;52;40;112m▀[0m[38;2;52;40;112m[48;2;47;37;111m▀[0m[38;2;51;40;111m[48;2;50;40;110m▀[0m[38;2;38;37;60m[48;2;51;40;109m▀[0m[38;2;58;38;125m[48;2;55;38;119m▀[0m[38;2;41;29;93m[48;2;58;38;125m▀[0m[38;2;59;39;127m[48;2;152;163;174m▀[0m[38;2;162;171;196m[48;2;49;40;109m▀[0m[38;2;163;173;198m▄[0m[38;2;154;162;165m▄[0m[38;2;40;20;87m▄[0m[38;2;249;250;248m[48;2;51;40;108m▀[0m[38;2;72;40;128m[48;2;50;40;109m▀[0m[38;2;248;248;247m[48;2;206;201;199m▀[0m[38;2;164;175;201m[48;2;162;173;199m▀[0m[38;2;104;138;157m[48;2;153;176;200m▀[0m[38;2;253;255;255m[48;2;155;213;239m▀[0m[38;2;52;40;112m[48;2;58;45;116m▀[0m[38;2;50;40;110m[48;2;54;38;117m▀[0m[38;2;104;55;151m[48;2;93;50;134m▀[0m[38;2;92;46;138m[48;2;95;50;136m▀[0m[38;2;74;36;123m[48;2;94;50;135m▀[0m[38;2;91;48;132m[48;2;93;50;134m▀[0m[38;2;96;51;137m[48;2;123;134;130m▀[0m[38;2;65;35;100m[48;2;54;48;54m▀[0m[38;2;246;237;157m[48;2;245;235;144m▀[0m     
    [38;2;119;117;99m▀[0m[38;2;183;186;117m[48;2;182;185;116m▀[0m[38;2;182;185;116m▄[0m[38;2;50;40;110m[48;2;152;164;106m▀[0m[38;2;50;40;110m[48;2;50;40;110m▀[0m[38;2;153;165;179m[48;2;52;39;113m▀[0m[38;2;51;41;109m[48;2;50;40;110m▀[0m[38;2;50;40;109m[48;2;51;40;110m▀[0m[38;2;50;40;110m[48;2;49;40;109m▀[0m[38;2;58;38;125m[48;2;51;41;113m▀[0m[38;2;55;39;118m[48;2;58;38;125m▀[0m[38;2;50;40;110m[48;2;50;40;110m▀[0m[38;2;50;40;110m[48;2;49;40;109m▀[0m[38;2;53;39;115m[48;2;58;38;125m▀[0m[38;2;163;173;199m[48;2;51;40;110m▀[0m[38;2;50;40;110m[48;2;56;39;120m▀[0m[38;2;51;41;110m[48;2;58;38;125m▀[0m[38;2;51;40;110m[48;2;50;40;110m▀[0m[38;2;139;164;208m[48;2;49;40;109m▀[0m[38;2;184;204;229m[48;2;55;41;103m▀[0m[38;2;168;190;218m[48;2;69;55;127m▀[0m[38;2;141;168;212m[48;2;51;40;111m▀[0m[38;2;53;39;115m[48;2;50;40;110m▀[0m[38;2;58;38;125m[48;2;58;38;125m▀[0m[38;2;94;50;135m[48;2;94;50;135m▀[0m[38;2;94;50;135m[48;2;94;50;135m▀[0m[38;2;94;49;134m[48;2;96;50;138m▀[0m[38;2;95;50;136m[48;2;80;37;124m▀[0m[38;2;94;49;134m[48;2;94;50;135m▀[0m[38;2;252;249;212m[48;2;186;188;118m▀[0m[38;2;244;234;145m[48;2;245;234;144m▀[0m     
     [38;2;166;174;111m▀[0m[38;2;104;119;76m[48;2;181;185;116m▀[0m[38;2;35;28;79m▀[0m[38;2;55;42;118m▀[0m[38;2;50;40;110m▀[0m[38;2;50;40;109m▀[0m[38;2;49;40;109m[48;2;50;40;109m▀[0m[38;2;49;40;109m[48;2;50;40;110m▀[0m[38;2;14;8;49m[48;2;50;39;115m▀[0m[38;2;51;40;110m[48;2;51;40;111m▀[0m[38;2;49;40;109m[48;2;49;40;109m▀[0m[38;2;177;186;211m[48;2;50;40;110m▀[0m[38;2;50;40;110m[48;2;51;41;109m▀[0m[38;2;52;40;111m[48;2;52;40;112m▀[0m[38;2;53;39;115m[48;2;55;39;119m▀[0m[38;2;58;39;121m[48;2;53;39;115m▀[0m[38;2;50;40;109m[48;2;49;40;109m▀[0m[38;2;39;35;86m[48;2;49;40;109m▀[0m[38;2;56;39;121m[48;2;53;39;114m▀[0m[38;2;52;40;113m[48;2;58;38;124m▀[0m[38;2;55;39;118m[48;2;53;39;114m▀[0m[38;2;51;40;111m[48;2;57;38;125m▀[0m[38;2;58;38;125m[48;2;47;40;109m▀[0m[38;2;94;50;135m[48;2;94;51;135m▀[0m[38;2;94;50;135m[48;2;94;50;135m▀[0m[38;2;94;50;136m[48;2;93;50;135m▀[0m[38;2;70;32;103m[48;2;94;50;135m▀[0m[38;2;92;49;134m[48;2;70;39;103m▀[0m[38;2;253;251;158m[48;2;244;234;143m▀[0m[38;2;250;249;166m▀[0m     
      [38;2;182;185;116m▀[0m[38;2;195;198;123m[48;2;184;186;117m▀[0m    [38;2;49;40;108m▀[0m[38;2;53;39;113m[48;2;135;157;99m▀[0m[38;2;56;38;121m[48;2;53;43;117m▀[0m[38;2;50;40;110m▀[0m[38;2;50;40;110m▀[0m[38;2;57;41;126m[48;2;38;27;83m▀[0m[38;2;51;40;110m[48;2;9;9;21m▀[0m  [38;2;50;40;110m▀[0m[38;2;49;40;109m[48;2;50;40;110m▀[0m[38;2;33;26;73m[48;2;57;39;123m▀[0m[38;2;63;41;138m[48;2;176;182;116m▀[0m[38;2;52;40;112m[48;2;55;39;118m▀[0m[38;2;55;38;121m[48;2;35;31;80m▀[0m[38;2;3;3;4m▀[0m   [38;2;85;45;126m[48;2;30;33;24m▀[0m[38;2;184;183;117m▄[0m[38;2;246;237;156m[48;2;245;234;143m▀[0m      
       [38;2;190;193;121m▀[0m[38;2;185;188;118m[48;2;183;186;116m▀[0m   [38;2;91;107;72m▄[0m[38;2;116;135;89m[48;2;123;145;97m▀[0m[38;2;136;160;106m▄[0m  [38;2;131;155;101m▄[0m[38;2;118;138;91m[48;2;128;150;99m▀[0m[38;2;78;91;61m▀[0m   [38;2;52;40;112m[48;2;52;36;110m▀[0m[38;2;176;181;113m[48;2;230;231;144m▀[0m[38;2;50;40;110m[48;2;45;37;99m▀[0m   [38;2;247;237;147m[48;2;130;153;101m▀[0m[38;2;11;11;7m▀[0m[38;2;226;224;142m▀[0m[38;2;244;234;141m[48;2;245;235;143m▀[0m[38;2;11;9;7m▀[0m      
         [38;2;182;185;116m▀[0m[38;2;184;186;117m▄[0m             [38;2;236;230;138m[48;2;189;191;119m▀[0m[38;2;13;9;28m[48;2;52;36;112m▀[0m  [38;2;232;230;200m▄[0m  [38;2;34;31;20m[48;2;244;233;140m▀[0m[38;2;140;137;91m▀[0m       
           [38;2;200;197;122m▀[0m         [38;2;55;65;45m[48;2;28;29;18m▀[0m[38;2;182;185;116m▄[0m[38;2;65;43;140m[48;2;183;185;116m▀[0m[38;2;183;186;117m[48;2;120;142;95m▀[0m[38;2;60;39;133m[48;2;145;159;103m▀[0m[38;2;50;33;106m[48;2;146;160;103m▀[0m[38;2;148;161;104m[48;2;156;172;111m▀[0m  [38;2;246;240;146m▄[0m[38;2;49;48;37m▀[0m        
                       [38;2;183;186;117m▀[0m[38;2;120;140;93m▀[0m[38;2;146;159;103m▀[0m[38;2;39;44;28m▀[0m             
                                        
