                                        
                            [38;2;248;247;183m▄[0m[38;2;21;21;18m[48;2;248;247;180m▀[0m[38;2;253;252;179m▄[0m         
                           [38;2;163;162;118m▄[0m[38;2;248;247;182m[48;2;250;247;163m▀[0m[38;2;248;247;183m[48;2;111;34;54m▀[0m[38;2;248;247;184m[48;2;248;247;181m▀[0m[38;2;178;177;165m[48;2;248;247;182m▀[0m        
          [38;2;159;158;118m▄[0m[38;2;185;187;103m▄[0m[38;2;187;189;104m▄[0m[38;2;205;207;115m▄[0m             [38;2;63;62;39m▀[0m[38;2;139;41;61m▀[0m[38;2;163;62;63m▀[0m[38;2;164;64;64m▄[0m[38;2;248;247;182m[48;2;45;41;33m▀[0m[38;2;251;249;175m[48;2;248;247;183m▀[0m       
        [38;2;183;186;103m▄[0m[38;2;183;186;103m[48;2;183;186;103m▀[0m[38;2;183;186;103m[48;2;1;1;1m▀[0m[38;2;181;184;102m[48;2;136;34;63m▀[0m[38;2;195;198;108m[48;2;124;35;65m▀[0m[38;2;181;184;102m▀[0m[38;2;185;189;105m[48;2;179;180;99m▀[0m               [38;2;166;61;62m[48;2;11;1;11m▀[0m[38;2;167;63;64m[48;2;154;53;53m▀[0m[38;2;248;244;164m[48;2;243;242;150m▀[0m[38;2;251;250;191m[48;2;248;243;158m▀[0m      
      [38;2;196;198;113m▄[0m[38;2;184;186;103m[48;2;183;186;103m▀[0m[38;2;184;187;103m[48;2;162;163;91m▀[0m [38;2;121;36;64m▄[0m[38;2;122;37;68m[48;2;128;36;68m▀[0m[38;2;51;0;55m▀[0m                  [38;2;148;46;46m[48;2;148;46;46m▀[0m[38;2;162;50;51m[48;2;148;46;46m▀[0m[38;2;249;238;134m[48;2;255;254;205m▀[0m[38;2;218;214;124m▄[0m     
     [38;2;214;216;127m▄[0m[38;2;183;186;103m[48;2;184;186;103m▀[0m[38;2;183;186;103m[48;2;18;18;7m▀[0m[38;2;123;41;72m▄[0m[38;2;60;20;36m[48;2;121;37;68m▀[0m[38;2;125;35;64m[48;2;130;34;65m▀[0m[38;2;133;29;60m[48;2;18;1;13m▀[0m          [38;2;160;155;81m▄[0m  [38;2;225;227;141m▄[0m     [38;2;146;47;46m[48;2;152;48;49m▀[0m[38;2;148;46;46m[48;2;147;45;45m▀[0m[38;2;183;186;103m[48;2;183;186;103m▀[0m[38;2;246;235;127m[48;2;249;237;136m▀[0m     
     [38;2;149;151;81m[48;2;183;186;103m▀[0m[38;2;183;185;103m[48;2;114;142;86m▀[0m[38;2;127;38;69m[48;2;162;172;98m▀[0m[38;2;121;37;67m[48;2;119;37;69m▀[0m[38;2;121;37;68m[48;2;121;37;67m▀[0m[38;2;132;35;65m[48;2;138;34;64m▀[0m[38;2;19;0;14m[48;2;62;16;28m▀[0m         [38;2;208;203;204m[48;2;81;32;33m▀[0m[38;2;53;1;44m[48;2;25;1;20m▀[0m[38;2;64;4;53m▄[0m[38;2;0;0;0m▄[0m[38;2;67;0;73m▄[0m[38;2;150;166;99m[48;2;217;220;120m▀[0m    [38;2;150;47;47m[48;2;145;45;49m▀[0m[38;2;25;2;14m[48;2;147;46;45m▀[0m[38;2;75;70;47m[48;2;113;34;38m▀[0m[38;2;248;236;127m[48;2;247;235;126m▀[0m     
    [38;2;207;209;117m[48;2;183;186;103m▀[0m[38;2;183;186;103m[48;2;184;187;103m▀[0m [38;2;122;37;68m[48;2;122;37;68m▀[0m[38;2;121;37;67m[48;2;122;37;68m▀[0m[38;2;138;34;64m[48;2;16;1;11m▀[0m[38;2;121;37;68m[48;2;120;37;69m▀[0m[38;2;121;37;68m[48;2;121;37;68m▀[0m[38;2;8;1;7m▄[0m        [38;2;44;1;40m[48;2;254;254;203m▀[0m[38;2;57;3;48m[48;2;181;81;123m▀[0m[38;2;122;115;180m[48;2;244;54;140m▀[0m[38;2;25;3;42m[48;2;45;38;101m▀[0m[38;2;67;0;73m[48;2;252;246;134m▀[0m[38;2;95;119;74m[48;2;110;141;87m▀[0m  [38;2;15;0;15m▀[0m[38;2;31;0;34m[48;2;47;2;43m▀[0m[38;2;149;47;46m[48;2;150;43;48m▀[0m[38;2;148;46;46m[48;2;148;46;47m▀[0m[38;2;20;10;8m▀[0m[38;2;247;235;125m[48;2;247;235;123m▀[0m[38;2;1;1;1m▄[0m    
    [38;2;183;186;103m[48;2;183;186;103m▀[0m[38;2;183;186;103m[48;2;183;186;103m▀[0m [38;2;88;27;50m[48;2;13;5;2m▀[0m[38;2;121;37;68m[48;2;129;35;67m▀[0m[38;2;121;37;68m[48;2;121;37;68m▀[0m[38;2;120;37;67m[48;2;121;37;68m▀[0m[38;2;120;37;69m[48;2;120;37;69m▀[0m[38;2;15;2;7m[48;2;23;6;10m▀[0m[38;2;8;0;7m▄[0m[38;2;5;0;5m[48;2;63;1;59m▀[0m[38;2;61;0;66m▀[0m      [38;2;255;246;129m▀[0m[38;2;64;1;54m▀[0m[38;2;53;64;34m[48;2;74;92;61m▀[0m[38;2;79;97;63m▀[0m[38;2;10;0;8m▄[0m   [38;2;59;2;49m[48;2;59;2;49m▀[0m[38;2;146;41;46m[48;2;148;46;46m▀[0m[38;2;148;46;46m[48;2;148;46;46m▀[0m [38;2;247;235;127m[48;2;247;235;127m▀[0m[38;2;0;0;0m[48;2;0;0;0m▀[0m    
    [38;2;186;189;105m[48;2;183;186;103m▀[0m[38;2;184;187;104m[48;2;182;187;104m▀[0m [38;2;7;3;4m[48;2;42;12;22m▀[0m[38;2;138;34;64m[48;2;138;34;64m▀[0m[38;2;122;37;67m[48;2;121;37;68m▀[0m[38;2;120;37;67m[48;2;131;35;65m▀[0m[38;2;141;34;64m[48;2;121;37;68m▀[0m[38;2;128;35;65m[48;2;123;37;67m▀[0m[38;2;55;2;46m[48;2;57;3;47m▀[0m[38;2;50;1;43m[48;2;58;3;47m▀[0m[38;2;58;2;48m▄[0m     [38;2;64;0;61m[48;2;67;0;73m▀[0m[38;2;143;49;60m▄[0m[38;2;133;160;96m[48;2;46;31;36m▀[0m[38;2;65;3;55m[48;2;240;146;179m▀[0m[38;2;45;1;41m[48;2;64;0;69m▀[0m[38;2;67;0;73m[48;2;127;39;70m▀[0m[38;2;153;42;53m▄[0m[38;2;67;0;73m▄[0m[38;2;67;0;73m[48;2;59;0;62m▀[0m[38;2;45;0;47m[48;2;49;0;54m▀[0m[38;2;148;46;46m[48;2;111;36;34m▀[0m[38;2;148;46;46m[48;2;148;46;46m▀[0m [38;2;247;235;124m[48;2;249;237;130m▀[0m     
    [38;2;184;186;103m[48;2;176;181;94m▀[0m[38;2;182;187;104m[48;2;183;187;104m▀[0m [38;2;117;32;65m[48;2;120;37;68m▀[0m[38;2;121;37;67m[48;2;121;37;68m▀[0m[38;2;122;37;68m[48;2;123;37;67m▀[0m[38;2;124;37;67m[48;2;115;32;63m▀[0m[38;2;122;37;67m[48;2;121;37;68m▀[0m[38;2;18;3;11m[48;2;120;37;67m▀[0m[38;2;138;34;64m[48;2;131;34;65m▀[0m[38;2;41;10;18m[48;2;138;34;64m▀[0m[38;2;140;35;65m[48;2;48;1;45m▀[0m[38;2;56;3;46m[48;2;120;37;69m▀[0m[38;2;57;3;47m▄[0m[38;2;46;3;44m▄[0m[38;2;51;12;16m▄[0m[38;2;65;0;71m[48;2;119;37;66m▀[0m[38;2;142;36;51m[48;2;119;37;67m▀[0m[38;2;65;0;71m[48;2;55;0;56m▀[0m[38;2;58;2;48m[48;2;58;2;47m▀[0m[38;2;148;87;113m[48;2;58;4;49m▀[0m[38;2;67;0;73m[48;2;252;151;192m▀[0m[38;2;123;37;68m[48;2;127;42;70m▀[0m[38;2;121;37;68m[48;2;130;34;64m▀[0m[38;2;166;51;52m[48;2;147;46;46m▀[0m[38;2;144;40;40m[48;2;149;46;46m▀[0m[38;2;127;32;37m[48;2;148;46;46m▀[0m[38;2;145;45;45m[48;2;148;46;46m▀[0m[38;2;150;49;47m[48;2;35;1;37m▀[0m[38;2;110;32;36m[48;2;76;47;34m▀[0m[38;2;249;238;141m[48;2;248;236;127m▀[0m     
    [38;2;119;117;96m▀[0m[38;2;183;187;104m[48;2;183;186;103m▀[0m[38;2;183;186;103m▄[0m[38;2;121;37;68m[48;2;151;166;96m▀[0m[38;2;121;37;68m[48;2;122;37;68m▀[0m[38;2;51;1;46m[48;2;124;35;66m▀[0m[38;2;119;38;67m[48;2;121;37;67m▀[0m[38;2;121;37;67m[48;2;121;37;67m▀[0m[38;2;121;37;68m[48;2;120;37;69m▀[0m[38;2;138;34;64m[48;2;124;38;70m▀[0m[38;2;130;35;65m[48;2;138;34;64m▀[0m[38;2;121;37;68m[48;2;121;37;68m▀[0m[38;2;121;37;68m[48;2;119;37;69m▀[0m[38;2;127;35;65m[48;2;138;34;64m▀[0m[38;2;58;2;47m[48;2;121;37;66m▀[0m[38;2;121;37;68m[48;2;132;35;64m▀[0m[38;2;120;38;68m[48;2;138;34;64m▀[0m[38;2;121;37;67m[48;2;121;37;68m▀[0m[38;2;219;136;160m[48;2;120;37;69m▀[0m[38;2;65;3;57m[48;2;108;36;57m▀[0m[38;2;63;4;52m[48;2;138;52;79m▀[0m[38;2;222;138;165m[48;2;122;37;68m▀[0m[38;2;127;35;66m[48;2;121;37;68m▀[0m[38;2;138;34;64m[48;2;138;34;63m▀[0m[38;2;148;46;46m[48;2;148;46;46m▀[0m[38;2;148;46;46m[48;2;148;46;46m▀[0m[38;2;147;46;45m[48;2;151;46;46m▀[0m[38;2;149;47;46m[48;2;108;32;29m▀[0m[38;2;147;46;45m[48;2;148;46;46m▀[0m[38;2;253;249;204m[48;2;187;189;105m▀[0m[38;2;247;235;128m[48;2;248;235;126m▀[0m     
     [38;2;166;175;99m▀[0m[38;2;103;120;69m[48;2;181;186;103m▀[0m[38;2;86;26;50m▀[0m[38;2;129;38;70m▀[0m[38;2;121;37;67m▀[0m[38;2;120;37;68m▀[0m[38;2;120;37;69m[48;2;120;37;68m▀[0m[38;2;120;37;69m[48;2;120;37;67m▀[0m[38;2;56;7;24m[48;2;126;35;69m▀[0m[38;2;121;37;67m[48;2;122;37;68m▀[0m[38;2;120;37;68m[48;2;120;37;69m▀[0m[38;2;60;1;51m[48;2;121;37;68m▀[0m[38;2;121;37;68m[48;2;120;38;68m▀[0m[38;2;122;37;67m[48;2;123;37;67m▀[0m[38;2;126;35;65m[48;2;132;35;65m▀[0m[38;2;134;35;63m[48;2;127;35;65m▀[0m[38;2;120;37;67m[48;2;120;37;69m▀[0m[38;2;77;24;47m[48;2;120;37;68m▀[0m[38;2;133;35;65m[48;2;126;35;65m▀[0m[38;2;124;36;67m[48;2;138;34;63m▀[0m[38;2;130;35;65m[48;2;125;35;65m▀[0m[38;2;122;37;67m[48;2;139;34;65m▀[0m[38;2;138;34;64m[48;2;120;37;70m▀[0m[38;2;148;46;46m[48;2;148;46;47m▀[0m[38;2;148;46;46m[48;2;148;46;46m▀[0m[38;2;149;46;47m[48;2;148;46;48m▀[0m[38;2;96;24;23m[48;2;148;46;46m▀[0m[38;2;147;45;47m[48;2;113;37;40m▀[0m[38;2;254;251;140m[48;2;247;235;126m▀[0m[38;2;250;249;150m▀[0m     
      [38;2;182;186;103m▀[0m[38;2;195;199;110m[48;2;185;187;104m▀[0m    [38;2;118;37;68m▀[0m[38;2;124;35;64m[48;2;132;158;89m▀[0m[38;2;133;34;63m[48;2;128;40;73m▀[0m[38;2;121;37;67m▀[0m[38;2;121;37;68m▀[0m[38;2;139;37;68m[48;2;93;24;43m▀[0m[38;2;121;37;67m[48;2;15;4;9m▀[0m  [38;2;121;37;68m▀[0m[38;2;120;37;69m[48;2;121;37;68m▀[0m[38;2;82;24;39m[48;2;136;35;65m▀[0m[38;2;153;36;69m[48;2;176;183;104m▀[0m[38;2;123;37;67m[48;2;131;35;65m▀[0m[38;2;134;34;64m[48;2;87;29;54m▀[0m[38;2;6;3;1m▀[0m   [38;2;139;42;45m[48;2;28;32;19m▀[0m[38;2;184;183;104m▄[0m[38;2;249;238;140m[48;2;248;235;125m▀[0m      
       [38;2;190;194;108m▀[0m[38;2;185;189;105m[48;2;183;187;103m▀[0m   [38;2;87;106;64m▄[0m[38;2;114;136;81m[48;2;120;147;89m▀[0m[38;2;133;162;97m▄[0m  [38;2;128;157;92m▄[0m[38;2;116;140;83m[48;2;125;152;91m▀[0m[38;2;75;91;54m▀[0m   [38;2;123;37;67m[48;2;121;32;59m▀[0m[38;2;176;182;101m[48;2;231;232;128m▀[0m[38;2;121;37;68m[48;2;108;33;62m▀[0m   [38;2;249;238;129m[48;2;127;155;93m▀[0m[38;2;7;7;3m▀[0m[38;2;227;225;126m▀[0m[38;2;247;235;123m[48;2;248;236;125m▀[0m[38;2;5;5;5m▀[0m      
         [38;2;183;186;103m▀[0m[38;2;185;187;104m▄[0m             [38;2;239;231;121m[48;2;190;192;106m▀[0m[38;2;30;9;17m[48;2;122;32;60m▀[0m  [38;2;232;230;195m▄[0m  [38;2;34;31;18m[48;2;247;234;122m▀[0m[38;2;140;136;81m▀[0m       
           [38;2;201;198;108m▀[0m         [38;2;53;64;42m[48;2;28;29;17m▀[0m[38;2;183;186;103m▄[0m[38;2;155;39;73m[48;2;184;186;103m▀[0m[38;2;183;187;104m[48;2;117;144;86m▀[0m[38;2;148;34;68m[48;2;143;160;93m▀[0m[38;2;118;30;56m[48;2;145;161;93m▀[0m[38;2;147;162;94m[48;2;154;174;101m▀[0m  [38;2;248;241;129m▄[0m[38;2;48;48;34m▀[0m        
                       [38;2;184;187;104m▀[0m[38;2;117;141;85m▀[0m[38;2;145;160;93m▀[0m[38;2;39;44;25m▀[0m             
                                        
