                                        
                  [38;2;79;80;60m▄[0m                     
              [38;2;111;115;77m▄[0m[38;2;255;255;255m▄[0m[38;2;255;255;255m[48;2;255;255;255m▀[0m[38;2;139;140;114m▄[0m    [38;2;222;220;204m[48;2;180;183;135m▀[0m[38;2;237;232;229m▄[0m[38;2;148;154;102m[48;2;200;193;188m▀[0m               
               [38;2;224;221;219m[48;2;124;126;115m▀[0m[38;2;181;172;166m▄[0m[38;2;117;118;94m[48;2;240;239;233m▀[0m[38;2;187;189;157m[48;2;237;232;228m▀[0m[38;2;179;171;165m▀[0m[38;2;180;171;165m[48;2;181;172;166m▀[0m[38;2;166;162;150m▄[0m[38;2;182;184;154m▄[0m[38;2;237;232;228m[48;2;143;146;107m▀[0m[38;2;238;238;231m[48;2;79;77;75m▀[0m[38;2;136;137;133m▄[0m              
             [38;2;167;171;128m[48;2;154;158;113m▀[0m[38;2;150;154;113m[48;2;202;202;177m▀[0m[38;2;182;172;166m[48;2;151;147;137m▀[0m[38;2;179;172;165m[48;2;115;117;108m▀[0m[38;2;239;233;231m▀[0m[38;2;240;237;232m[48;2;131;134;94m▀[0m[38;2;88;86;85m▄[0m[38;2;134;140;87m[48;2;160;157;155m▀[0m[38;2;210;205;203m▄[0m[38;2;72;72;70m[48;2;231;226;222m▀[0m[38;2;161;159;155m[48;2;237;232;229m▀[0m[38;2;225;222;218m[48;2;237;232;228m▀[0m[38;2;223;227;204m▄[0m[38;2;224;204;108m▄[0m[38;2;223;203;107m▄[0m[38;2;147;149;115m[48;2;236;232;228m▀[0m[38;2;205;198;123m[48;2;228;204;102m▀[0m          
              [38;2;208;213;179m[48;2;231;233;226m▀[0m[38;2;76;78;76m[48;2;231;227;223m▀[0m[38;2;144;142;139m[48;2;237;232;229m▀[0m[38;2;190;185;182m[48;2;237;232;228m▀[0m[38;2;219;214;210m[48;2;225;205;110m▀[0m[38;2;230;225;222m[48;2;226;204;106m▀[0m[38;2;237;234;229m[48;2;229;206;104m▀[0m[38;2;237;233;229m[48;2;223;202;106m▀[0m[38;2;237;233;229m[48;2;211;214;187m▀[0m[38;2;237;233;229m[48;2;241;247;238m▀[0m[38;2;245;243;237m[48;2;223;202;106m▀[0m[38;2;225;204;104m▀[0m  [38;2;181;159;63m▀[0m           
           [38;2;220;201;110m▄[0m[38;2;237;232;228m▄[0m[38;2;79;83;48m[48;2;208;196;100m▀[0m[38;2;236;232;228m[48;2;228;204;101m▀[0m[38;2;236;232;228m[48;2;234;238;230m▀[0m[38;2;237;233;229m[48;2;244;249;241m▀[0m[38;2;220;202;104m[48;2;223;202;106m▀[0m[38;2;202;201;172m[48;2;195;194;162m▀[0m[38;2;194;194;160m[48;2;192;192;158m▀[0m[38;2;194;194;162m[48;2;215;215;193m▀[0m[38;2;194;193;161m[48;2;232;228;225m▀[0m[38;2;156;163;119m[48;2;171;176;133m▀[0m[38;2;177;165;83m[48;2;242;236;233m▀[0m[38;2;197;196;166m[48;2;195;195;164m▀[0m               
           [38;2;228;205;103m[48;2;182;163;70m▀[0m[38;2;223;202;106m[48;2;223;203;106m▀[0m[38;2;139;125;64m▀[0m  [38;2;186;188;156m[48;2;225;227;200m▀[0m[38;2;213;211;194m[48;2;237;232;228m▀[0m[38;2;143;140;105m[48;2;146;141;108m▀[0m[38;2;143;138;105m[48;2;144;140;106m▀[0m[38;2;143;138;105m[48;2;145;140;106m▀[0m[38;2;146;142;108m[48;2;146;142;108m▀[0m[38;2;152;147;112m[48;2;152;148;115m▀[0m[38;2;237;232;229m[48;2;237;232;229m▀[0m[38;2;194;194;161m[48;2;194;194;160m▀[0m               
               [38;2;237;232;229m▄[0m[38;2;237;233;229m[48;2;237;232;228m▀[0m[38;2;236;239;224m[48;2;167;163;131m▀[0m[38;2;151;145;111m[48;2;157;154;120m▀[0m[38;2;148;143;109m[48;2;155;150;117m▀[0m[38;2;147;143;109m[48;2;156;152;118m▀[0m[38;2;150;145;111m[48;2;158;154;121m▀[0m[38;2;156;154;120m[48;2;198;202;153m▀[0m[38;2;237;233;229m[48;2;237;232;229m▀[0m[38;2;194;194;162m[48;2;194;194;160m▀[0m[38;2;204;203;181m[48;2;194;194;160m▀[0m  [38;2;236;232;228m[48;2;237;232;228m▀[0m           
              [38;2;237;232;228m[48;2;169;173;118m▀[0m[38;2;237;233;229m[48;2;236;231;227m▀[0m[38;2;205;206;176m[48;2;229;231;217m▀[0m[38;2;169;165;135m[48;2;172;169;139m▀[0m[38;2;163;159;127m[48;2;168;164;132m▀[0m[38;2;161;156;123m[48;2;166;162;130m▀[0m[38;2;160;157;124m[48;2;165;161;129m▀[0m[38;2;163;159;126m[48;2;166;162;130m▀[0m[38;2;230;232;216m[48;2;168;164;132m▀[0m[38;2;237;232;228m[48;2;170;166;136m▀[0m[38;2;196;195;165m[48;2;191;195;132m▀[0m[38;2;192;197;146m[48;2;237;232;228m▀[0m[38;2;194;193;160m[48;2;237;232;229m▀[0m[38;2;242;239;236m[48;2;237;232;228m▀[0m[38;2;237;232;228m[48;2;177;184;123m▀[0m           
          [38;2;236;232;228m[48;2;224;224;200m▀[0m[38;2;236;232;228m[48;2;237;233;229m▀[0m[38;2;238;243;235m[48;2;237;232;228m▀[0m[38;2;236;232;228m[48;2;237;232;228m▀[0m[38;2;237;232;228m[48;2;195;198;153m▀[0m[38;2;238;232;229m[48;2;199;204;185m▀[0m[38;2;184;180;157m[48;2;192;187;167m▀[0m[38;2;175;171;143m[48;2;181;178;153m▀[0m[38;2;171;167;137m[48;2;177;173;145m▀[0m[38;2;169;165;133m[48;2;175;173;143m▀[0m[38;2;168;164;133m[48;2;172;168;139m▀[0m[38;2;168;164;132m[48;2;172;169;139m▀[0m[38;2;168;164;133m[48;2;174;170;140m▀[0m[38;2;170;166;135m[48;2;176;172;144m▀[0m[38;2;175;171;142m[48;2;180;177;152m▀[0m[38;2;185;181;159m[48;2;193;193;172m▀[0m[38;2;195;194;163m[48;2;221;223;193m▀[0m[38;2;199;199;168m[48;2;237;233;229m▀[0m            
            [38;2;222;221;202m[48;2;237;232;228m▀[0m[38;2;237;233;229m[48;2;245;247;241m▀[0m[38;2;226;225;216m[48;2;232;229;225m▀[0m[38;2;214;215;202m[48;2;228;226;220m▀[0m[38;2;199;204;186m[48;2;223;222;212m▀[0m[38;2;196;192;174m[48;2;217;218;205m▀[0m[38;2;191;187;166m[48;2;210;212;198m▀[0m[38;2;187;183;160m[48;2;207;210;195m▀[0m[38;2;185;181;158m[48;2;205;210;194m▀[0m[38;2;185;182;158m[48;2;207;211;195m▀[0m[38;2;187;183;162m[48;2;212;214;200m▀[0m[38;2;194;190;171m[48;2;219;219;208m▀[0m[38;2;197;201;183m[48;2;225;224;214m▀[0m[38;2;211;213;199m[48;2;229;226;221m▀[0m[38;2;227;226;217m[48;2;233;229;226m▀[0m[38;2;236;231;228m[48;2;237;233;229m▀[0m[38;2;244;248;241m[48;2;237;232;228m▀[0m           
           [38;2;237;233;229m[48;2;236;232;228m▀[0m[38;2;237;233;229m[48;2;245;246;240m▀[0m[38;2;237;232;229m[48;2;237;232;228m▀[0m[38;2;236;232;228m[48;2;237;233;229m▀[0m[38;2;237;234;231m[48;2;237;232;228m▀[0m[38;2;233;229;225m[48;2;236;232;228m▀[0m[38;2;231;228;223m▀[0m[38;2;229;227;222m[48;2;236;232;228m▀[0m[38;2;229;225;220m[48;2;236;231;228m▀[0m[38;2;229;227;221m[48;2;199;202;155m▀[0m[38;2;229;226;221m[48;2;236;232;228m▀[0m[38;2;230;227;223m[48;2;236;232;228m▀[0m[38;2;240;240;233m[48;2;237;232;228m▀[0m[38;2;234;229;226m[48;2;237;232;229m▀[0m[38;2;236;237;232m[48;2;236;232;228m▀[0m[38;2;237;233;229m[48;2;236;232;229m▀[0m[38;2;236;231;228m[48;2;237;232;229m▀[0m[38;2;237;232;228m[48;2;237;233;229m▀[0m           
          [38;2;235;231;226m[48;2;237;232;228m▀[0m[38;2;237;232;228m[48;2;237;232;228m▀[0m[38;2;240;246;237m[48;2;240;233;231m▀[0m[38;2;237;232;228m[48;2;237;232;228m▀[0m[38;2;201;205;161m[48;2;233;228;225m▀[0m[38;2;237;232;228m[48;2;237;232;228m▀[0m[38;2;240;241;235m▀[0m[38;2;167;169;133m[48;2;209;204;201m▀[0m[38;2;236;232;228m[48;2;224;220;215m▀[0m[38;2;236;240;230m▀[0m[38;2;171;177;121m[48;2;225;222;220m▀[0m[38;2;237;233;229m[48;2;236;232;228m▀[0m[38;2;239;242;237m▀[0m[38;2;237;232;228m[48;2;237;232;228m▀[0m[38;2;240;246;237m[48;2;242;242;236m▀[0m[38;2;236;232;228m[48;2;237;232;228m▀[0m[38;2;245;248;235m[48;2;232;235;227m▀[0m[38;2;237;232;228m[48;2;223;219;214m▀[0m[38;2;237;233;229m[48;2;237;232;228m▀[0m           
          [38;2;224;220;216m[48;2;82;80;77m▀[0m[38;2;214;211;206m[48;2;133;136;99m▀[0m[38;2;232;228;224m▀[0m[38;2;224;220;217m▀[0m   [38;2;224;224;224m▄[0m[38;2;91;89;88m[48;2;97;98;75m▀[0m [38;2;132;129;128m▀[0m[38;2;194;189;186m▀[0m  [38;2;194;193;161m▀[0m[38;2;233;228;225m▀[0m[38;2;66;66;64m▀[0m[38;2;74;73;73m▀[0m[38;2;225;221;218m▀[0m           
                          [38;2;170;176;125m▀[0m             
                [38;2;108;110;77m[48;2;146;150;105m▀[0m                       
                [38;2;107;110;78m▀[0m[38;2;143;141;141m▀[0m                      
                 [38;2;140;144;98m▀[0m[38;2;168;173;118m▀[0m                     
                                        
