                                        
                                        
                      [38;2;0;0;0m▄[0m                 
                    [38;2;101;32;26m▄[0m[38;2;32;27;24m▀[0m    [38;2;253;125;57m▄[0m[38;2;255;86;66m▄[0m  [38;2;210;68;57m▄[0m[38;2;77;19;20m▄[0m        
               [38;2;221;60;63m▄[0m [38;2;111;62;34m▄[0m[38;2;19;13;11m▄[0m[38;2;15;12;11m[48;2;120;66;22m▀[0m[38;2;78;65;59m▄[0m   [38;2;129;88;30m[48;2;74;62;56m▀[0m[38;2;88;200;34m[48;2;45;39;36m▀[0m[38;2;77;187;29m[48;2;59;49;45m▀[0m[38;2;87;199;32m[48;2;85;71;65m▀[0m[38;2;88;202;34m[48;2;13;13;12m▀[0m[38;2;30;45;31m[48;2;67;144;29m▀[0m[38;2;34;49;32m[48;2;32;50;29m▀[0m[38;2;32;49;30m[48;2;31;49;31m▀[0m[38;2;181;53;55m[48;2;31;48;29m▀[0m       
               [38;2;49;42;39m[48;2;76;63;58m▀[0m[38;2;28;38;34m[48;2;21;25;24m▀[0m[38;2;82;68;62m[48;2;69;57;52m▀[0m[38;2;242;57;61m[48;2;248;60;63m▀[0m[38;2;248;60;63m[48;2;222;132;51m▀[0m[38;2;58;51;54m[48;2;76;63;58m▀[0m[38;2;100;28;31m[48;2;247;60;63m▀[0m[38;2;248;59;63m[48;2;248;60;63m▀[0m[38;2;20;11;9m[48;2;248;60;63m▀[0m[38;2;75;62;56m[48;2;29;22;20m▀[0m[38;2;41;36;34m[48;2;84;70;64m▀[0m[38;2;80;66;61m[48;2;95;214;38m▀[0m[38;2;75;62;57m[48;2;88;200;34m▀[0m[38;2;85;197;31m[48;2;8;8;6m▀[0m[38;2;63;144;29m[48;2;38;51;34m▀[0m[38;2;19;34;18m[48;2;255;68;72m▀[0m[38;2;31;49;31m[48;2;248;60;63m▀[0m[38;2;31;48;31m[48;2;31;48;31m▀[0m[38;2;17;26;17m[48;2;32;48;31m▀[0m      
         [38;2;40;35;32m▄[0m[38;2;14;12;12m[48;2;76;63;58m▀[0m  [38;2;202;146;49m▄[0m[38;2;249;59;62m[48;2;248;60;63m▀[0m[38;2;19;18;17m[48;2;188;207;207m▀[0m[38;2;89;87;87m[48;2;183;180;182m▀[0m[38;2;65;66;68m[48;2;12;11;10m▀[0m[38;2;76;63;58m[48;2;25;20;18m▀[0m[38;2;10;10;10m[48;2;25;20;18m▀[0m[38;2;23;19;17m[48;2;19;15;13m▀[0m[38;2;65;144;30m[48;2;45;37;35m▀[0m[38;2;82;184;34m[48;2;40;35;33m▀[0m[38;2;40;109;11m[48;2;247;59;62m▀[0m[38;2;81;68;63m[48;2;248;60;63m▀[0m[38;2;26;32;22m[48;2;95;66;67m▀[0m[38;2;136;35;36m[48;2;246;58;61m▀[0m[38;2;248;60;63m[48;2;248;60;63m▀[0m[38;2;247;56;65m[48;2;253;124;50m▀[0m[38;2;78;19;24m▀[0m[38;2;248;60;63m[48;2;241;53;57m▀[0m[38;2;91;23;26m[48;2;248;60;63m▀[0m[38;2;17;29;18m[48;2;40;80;24m▀[0m[38;2;33;48;31m[48;2;31;49;31m▀[0m[38;2;0;0;0m[48;2;234;75;67m▀[0m     
        [38;2;78;65;59m▄[0m[38;2;47;40;37m[48;2;92;202;37m▀[0m[38;2;64;66;56m[48;2;84;179;36m▀[0m[38;2;58;122;26m[48;2;250;64;67m▀[0m[38;2;25;20;18m[48;2;248;60;63m▀[0m[38;2;248;60;63m[48;2;23;19;17m▀[0m[38;2;253;65;68m[48;2;102;101;101m▀[0m[38;2;89;90;89m[48;2;84;68;62m▀[0m[38;2;83;179;35m[48;2;64;54;50m▀[0m[38;2;32;26;24m[48;2;35;30;29m▀[0m[38;2;25;20;18m[48;2;25;20;18m▀[0m[38;2;24;19;18m[48;2;25;19;18m▀[0m[38;2;25;20;18m[48;2;27;22;20m▀[0m[38;2;43;37;35m[48;2;252;135;48m▀[0m[38;2;248;79;61m[48;2;250;121;50m▀[0m[38;2;248;62;63m[48;2;248;73;62m▀[0m[38;2;248;60;63m[48;2;248;59;63m▀[0m[38;2;150;145;144m[48;2;123;93;92m▀[0m[38;2;27;27;25m[48;2;167;178;115m▀[0m[38;2;224;143;80m▄[0m  [38;2;251;61;64m▀[0m[38;2;248;59;62m[48;2;46;106;18m▀[0m[38;2;57;116;32m[48;2;23;22;19m▀[0m[38;2;44;88;31m[48;2;65;143;31m▀[0m      
       [38;2;40;87;24m[48;2;46;92;35m▀[0m[38;2;87;200;34m[48;2;87;200;34m▀[0m[38;2;90;200;35m[48;2;63;141;30m▀[0m[38;2;254;69;74m[48;2;248;60;63m▀[0m[38;2;248;60;63m[48;2;249;77;60m▀[0m[38;2;248;60;63m[48;2;247;59;62m▀[0m[38;2;167;183;182m[48;2;16;9;8m▀[0m[38;2;252;63;66m[48;2;251;62;65m▀[0m[38;2;248;61;63m[48;2;248;61;63m▀[0m[38;2;249;83;60m[48;2;249;86;60m▀[0m[38;2;251;130;51m[48;2;251;134;48m▀[0m[38;2;157;101;34m[48;2;251;138;45m▀[0m[38;2;27;20;19m[48;2;251;158;53m▀[0m[38;2;25;20;18m[48;2;31;24;21m▀[0m[38;2;251;137;46m[48;2;251;136;47m▀[0m[38;2;251;133;49m[48;2;251;131;49m▀[0m[38;2;249;92;58m[48;2;82;84;86m▀[0m[38;2;82;43;43m[48;2;248;63;63m▀[0m[38;2;248;60;63m[48;2;206;104;51m▀[0m[38;2;252;173;106m[48;2;252;170;102m▀[0m[38;2;246;150;86m[48;2;253;173;104m▀[0m [38;2;47;104;23m▄[0m[38;2;23;34;19m[48;2;24;53;14m▀[0m[38;2;42;37;34m[48;2;41;37;34m▀[0m[38;2;43;37;35m[48;2;43;37;35m▀[0m[38;2;41;37;34m[48;2;30;27;25m▀[0m      
       [38;2;42;83;33m[48;2;28;40;29m▀[0m[38;2;87;200;34m[48;2;87;200;34m▀[0m[38;2;41;81;30m[48;2;44;90;32m▀[0m[38;2;58;28;27m[48;2;39;65;37m▀[0m[38;2;220;236;236m[48;2;116;17;19m▀[0m[38;2;220;227;227m[48;2;248;60;63m▀[0m[38;2;248;61;63m[48;2;35;21;8m▀[0m[38;2;151;151;154m[48;2;248;60;63m▀[0m[38;2;247;60;63m[48;2;248;60;63m▀[0m[38;2;248;72;61m[48;2;218;33;36m▀[0m[38;2;250;126;51m[48;2;229;241;242m▀[0m[38;2;251;138;46m[48;2;233;230;230m▀[0m[38;2;251;138;45m[48;2;120;117;117m▀[0m[38;2;25;20;18m[48;2;25;20;18m▀[0m[38;2;148;154;161m[48;2;24;17;18m▀[0m[38;2;157;169;180m[48;2;254;105;60m▀[0m[38;2;249;86;61m[48;2;91;26;25m▀[0m[38;2;91;21;21m[48;2;63;37;14m▀[0m[38;2;253;171;103m[48;2;234;237;154m▀[0m[38;2;252;174;106m[48;2;253;174;105m▀[0m[38;2;252;174;105m[48;2;252;174;105m▀[0m[38;2;164;74;35m[48;2;224;99;43m▀[0m[38;2;5;8;2m▀[0m[38;2;113;33;34m[48;2;76;163;34m▀[0m[38;2;45;41;38m[48;2;70;153;31m▀[0m[38;2;32;29;27m[48;2;51;13;13m▀[0m[38;2;41;37;34m[48;2;11;9;8m▀[0m      
      [38;2;87;201;35m▄[0m[38;2;88;200;34m[48;2;88;200;34m▀[0m[38;2;90;199;38m[48;2;252;66;70m▀[0m[38;2;248;60;63m[48;2;248;60;63m▀[0m[38;2;248;60;63m[48;2;248;60;63m▀[0m[38;2;247;56;63m[48;2;248;60;63m▀[0m [38;2;252;163;99m[48;2;252;174;105m▀[0m[38;2;251;162;98m[48;2;252;173;105m▀[0m[38;2;24;9;5m[48;2;252;174;105m▀[0m[38;2;246;51;63m[48;2;17;16;13m▀[0m[38;2;248;61;62m[48;2;42;43;45m▀[0m[38;2;129;43;37m[48;2;107;28;30m▀[0m[38;2;255;108;67m[48;2;16;6;5m▀[0m[38;2;28;21;19m[48;2;27;6;7m▀[0m[38;2;31;23;21m[48;2;21;19;18m▀[0m[38;2;254;70;67m[48;2;108;111;114m▀[0m[38;2;248;71;76m[48;2;241;69;72m▀[0m[38;2;50;109;30m▄[0m[38;2;248;60;63m▄[0m[38;2;232;142;61m▄[0m             
      [38;2;58;124;36m[48;2;36;49;33m▀[0m[38;2;94;208;37m[48;2;87;200;34m▀[0m[38;2;82;174;40m[48;2;24;43;28m▀[0m[38;2;248;60;63m[48;2;19;46;27m▀[0m[38;2;252;63;66m[48;2;90;204;33m▀[0m[38;2;255;63;68m[48;2;88;200;34m▀[0m[38;2;233;138;47m[48;2;88;200;34m▀[0m[38;2;246;251;163m[48;2;76;63;58m▀[0m[38;2;57;47;44m[48;2;76;63;58m▀[0m[38;2;76;63;58m[48;2;74;62;57m▀[0m[38;2;103;88;82m[48;2;76;63;58m▀[0m[38;2;92;41;32m[48;2;101;217;41m▀[0m[38;2;27;20;18m[48;2;102;218;42m▀[0m[38;2;53;14;14m[48;2;200;52;56m▀[0m[38;2;142;34;37m[48;2;9;10;7m▀[0m[38;2;14;9;8m[48;2;25;20;18m▀[0m[38;2;25;20;18m[48;2;89;204;34m▀[0m[38;2;87;200;34m[48;2;87;200;34m▀[0m[38;2;30;58;24m[48;2;248;60;63m▀[0m[38;2;248;60;63m[48;2;44;26;15m▀[0m[38;2;252;160;43m[48;2;247;59;62m▀[0m[38;2;68;147;30m▄[0m            
      [38;2;247;63;62m▀[0m[38;2;25;38;29m[48;2;47;22;13m▀[0m[38;2;87;200;33m[48;2;65;126;36m▀[0m[38;2;87;200;34m[48;2;130;33;34m▀[0m[38;2;87;200;34m[48;2;81;26;26m▀[0m[38;2;88;200;34m[48;2;87;200;34m▀[0m[38;2;87;200;34m[48;2;34;48;34m▀[0m[38;2;76;63;58m[48;2;48;43;41m▀[0m[38;2;76;63;58m[48;2;76;63;58m▀[0m[38;2;76;63;58m[48;2;76;63;58m▀[0m[38;2;76;63;58m[48;2;76;63;58m▀[0m[38;2;36;61;14m[48;2;81;68;62m▀[0m[38;2;133;48;39m[48;2;254;63;67m▀[0m[38;2;249;60;63m[48;2;248;60;63m▀[0m[38;2;248;60;63m[48;2;255;154;57m▀[0m[38;2;31;23;21m[48;2;29;21;20m▀[0m[38;2;143;38;41m[48;2;248;60;63m▀[0m[38;2;87;200;34m[48;2;87;200;34m▀[0m[38;2;248;60;63m[48;2;247;60;63m▀[0m[38;2;12;21;22m[48;2;115;66;24m▀[0m[38;2;16;24;14m[48;2;66;147;30m▀[0m[38;2;255;62;66m[48;2;207;52;54m▀[0m[38;2;155;90;34m▄[0m           
       [38;2;11;9;9m[48;2;81;67;61m▀[0m[38;2;26;26;27m[48;2;16;14;13m▀[0m[38;2;248;60;63m[48;2;248;247;247m▀[0m[38;2;248;60;63m[48;2;255;66;71m▀[0m[38;2;248;60;63m[48;2;250;61;64m▀[0m[38;2;255;72;76m▀[0m[38;2;34;77;17m▀[0m  [38;2;190;99;46m▀[0m[38;2;86;199;34m[48;2;87;200;34m▀[0m[38;2;248;60;63m[48;2;99;216;40m▀[0m[38;2;248;60;63m[48;2;64;136;38m▀[0m[38;2;26;21;19m▀[0m[38;2;30;22;19m[48;2;18;14;13m▀[0m[38;2;174;98;40m▀[0m[38;2;72;159;35m[48;2;72;164;30m▀[0m[38;2;62;96;28m[48;2;103;220;41m▀[0m  [38;2;37;54;30m▀[0m[38;2;29;40;26m[48;2;35;50;32m▀[0m           
                 [38;2;23;48;15m[48;2;81;67;62m▀[0m[38;2;73;155;33m[48;2;0;1;0m▀[0m[38;2;248;60;63m[48;2;68;147;33m▀[0m[38;2;175;47;49m[48;2;23;5;5m▀[0m[38;2;18;14;12m▀[0m [38;2;100;216;39m[48;2;248;60;63m▀[0m[38;2;87;73;67m[48;2;87;200;34m▀[0m[38;2;193;46;52m[48;2;255;63;67m▀[0m   [38;2;41;66;39m▄[0m          
                    [38;2;56;122;27m▀[0m[38;2;67;147;30m▀[0m [38;2;156;89;36m▀[0m[38;2;87;201;33m[48;2;91;208;35m▀[0m[38;2;255;64;68m[48;2;29;74;12m▀[0m              
                        [38;2;95;210;38m▀[0m[38;2;31;71;13m[48;2;38;90;16m▀[0m              
                         [38;2;59;129;30m[48;2;115;226;59m▀[0m              
                                        
                                        
