                      [38;2;207;195;224m[48;2;201;189;217m▀[0m                 
                     [38;2;26;25;26m[48;2;201;189;219m▀[0m[38;2;202;190;218m[48;2;178;163;193m▀[0m                 
                    [38;2;40;25;32m▄[0m[38;2;191;177;212m[48;2;32;35;38m▀[0m[38;2;91;84;98m[48;2;144;126;139m▀[0m                 
                 [38;2;215;99;161m▄[0m[38;2;236;126;178m[48;2;96;53;73m▀[0m[38;2;40;24;32m[48;2;211;111;160m▀[0m[38;2;86;53;70m[48;2;213;105;163m▀[0m[38;2;190;75;136m[48;2;206;71;146m▀[0m[38;2;207;70;147m[48;2;204;69;144m▀[0m[38;2;16;9;12m[48;2;80;27;55m▀[0m                
               [38;2;207;70;146m▄[0m[38;2;207;73;147m[48;2;129;100;171m▀[0m[38;2;127;99;169m[48;2;125;99;167m▀[0m[38;2;124;99;168m[48;2;105;80;159m▀[0m[38;2;124;99;166m[48;2;91;65;150m▀[0m[38;2;206;72;147m[48;2;90;65;151m▀[0m[38;2;206;70;146m[48;2;91;64;152m▀[0m[38;2;210;73;148m[48;2;84;38;62m▀[0m[38;2;209;72;148m[48;2;210;73;148m▀[0m[38;2;139;45;91m[48;2;142;44;92m▀[0m[38;2;50;39;82m▄[0m              
          [38;2;75;71;77m▄[0m  [38;2;1;1;1m▄[0m[38;2;5;3;4m[48;2;90;65;150m▀[0m[38;2;90;65;149m[48;2;114;87;162m▀[0m[38;2;127;101;170m[48;2;197;106;148m▀[0m[38;2;94;70;153m[48;2;222;119;169m▀[0m[38;2;89;64;149m[48;2;89;64;150m▀[0m[38;2;90;65;150m[48;2;90;65;150m▀[0m[38;2;88;63;149m[48;2;90;64;150m▀[0m[38;2;88;63;148m[48;2;89;64;150m▀[0m[38;2;89;63;149m[48;2;90;64;150m▀[0m[38;2;89;63;150m[48;2;89;64;150m▀[0m[38;2;81;59;136m[48;2;89;64;150m▀[0m[38;2;59;46;93m[48;2;59;46;94m▀[0m[38;2;0;0;0m▄[0m [38;2;228;215;232m▄[0m[38;2;162;150;163m▀[0m          
          [38;2;0;0;0m▀[0m[38;2;0;0;0m[48;2;220;72;150m▀[0m [38;2;89;64;149m[48;2;89;64;150m▀[0m[38;2;90;64;150m[48;2;90;64;151m▀[0m[38;2;128;101;170m[48;2;19;17;23m▀[0m[38;2;219;119;172m[48;2;217;119;171m▀[0m[38;2;219;120;172m[48;2;219;119;172m▀[0m[38;2;91;65;153m[48;2;44;36;66m▀[0m[38;2;90;65;150m[48;2;66;48;107m▀[0m[38;2;90;64;150m[48;2;62;47;100m▀[0m[38;2;90;64;150m[48;2;17;13;26m▀[0m[38;2;90;64;149m[48;2;92;65;152m▀[0m[38;2;88;63;148m[48;2;90;65;150m▀[0m[38;2;90;64;150m[48;2;89;64;150m▀[0m[38;2;60;46;94m[48;2;59;46;94m▀[0m[38;2;79;57;133m[48;2;5;4;6m▀[0m[38;2;216;118;170m▄[0m[38;2;213;197;226m[48;2;205;70;145m▀[0m           
          [38;2;2;1;2m[48;2;24;14;19m▀[0m[38;2;113;84;161m[48;2;99;74;154m▀[0m[38;2;88;56;149m▄[0m[38;2;82;57;136m[48;2;89;64;149m▀[0m[38;2;89;64;149m[48;2;88;63;148m▀[0m[38;2;57;47;80m[48;2;88;64;147m▀[0m[38;2;218;119;172m[48;2;214;116;169m▀[0m[38;2;35;32;56m[48;2;89;64;148m▀[0m[38;2;57;44;87m[48;2;88;64;148m▀[0m[38;2;88;63;147m[48;2;88;63;147m▀[0m[38;2;89;64;150m[48;2;88;64;148m▀[0m[38;2;126;101;169m[48;2;124;100;168m▀[0m[38;2;88;64;148m[48;2;88;63;148m▀[0m[38;2;88;63;147m[48;2;88;63;147m▀[0m[38;2;88;63;149m[48;2;75;53;124m▀[0m[38;2;64;53;81m[48;2;124;99;167m▀[0m[38;2;124;99;166m[48;2;116;90;162m▀[0m[38;2;206;73;146m[48;2;205;70;145m▀[0m[38;2;205;71;145m[48;2;206;71;146m▀[0m           
           [38;2;89;64;147m[48;2;89;63;148m▀[0m[38;2;88;64;148m[48;2;88;63;147m▀[0m[38;2;87;63;147m[48;2;88;64;147m▀[0m[38;2;86;63;147m[48;2;88;64;148m▀[0m[38;2;88;64;148m[48;2;88;63;148m▀[0m[38;2;127;41;89m[48;2;88;63;147m▀[0m[38;2;88;63;148m[48;2;87;63;147m▀[0m[38;2;88;63;148m[48;2;87;63;147m▀[0m[38;2;88;64;148m[48;2;87;63;147m▀[0m[38;2;87;63;148m[48;2;88;63;147m▀[0m[38;2;119;95;164m[48;2;87;62;147m▀[0m[38;2;87;63;146m[48;2;89;64;149m▀[0m[38;2;88;63;147m[48;2;51;37;80m▀[0m[38;2;90;65;149m[48;2;90;65;150m▀[0m[38;2;103;78;157m[48;2;90;64;150m▀[0m[38;2;88;63;148m[48;2;89;64;150m▀[0m[38;2;210;73;148m[48;2;89;63;149m▀[0m[38;2;89;59;151m▀[0m           
           [38;2;88;63;147m▀[0m[38;2;89;63;148m[48;2;88;64;148m▀[0m[38;2;68;49;118m[48;2;89;58;150m▀[0m[38;2;88;63;149m[48;2;207;70;146m▀[0m[38;2;88;64;147m[48;2;82;29;58m▀[0m[38;2;88;64;148m[48;2;89;64;149m▀[0m[38;2;88;64;149m[48;2;90;64;151m▀[0m[38;2;89;64;149m[48;2;89;56;149m▀[0m[38;2;88;63;147m[48;2;227;98;163m▀[0m[38;2;210;73;149m[48;2;209;71;148m▀[0m[38;2;210;74;148m[48;2;82;83;95m▀[0m[38;2;33;27;42m[48;2;171;219;237m▀[0m[38;2;90;64;151m[48;2;90;65;150m▀[0m[38;2;90;64;150m[48;2;75;56;123m▀[0m[38;2;90;65;150m[48;2;59;46;94m▀[0m[38;2;73;55;120m[48;2;60;46;94m▀[0m[38;2;61;46;97m▀[0m            
            [38;2;64;46;105m▀[0m[38;2;90;65;150m[48;2;59;46;95m▀[0m[38;2;171;219;237m[48;2;16;73;73m▀[0m[38;2;164;214;232m[48;2;171;219;237m▀[0m[38;2;213;60;142m[48;2;70;88;97m▀[0m[38;2;59;44;96m[48;2;169;56;115m▀[0m[38;2;209;72;148m[48;2;139;47;93m▀[0m[38;2;209;72;147m[48;2;9;96;92m▀[0m[38;2;171;219;237m[48;2;170;218;236m▀[0m[38;2;172;220;238m[48;2;167;217;235m▀[0m[38;2;171;219;237m[48;2;135;45;90m▀[0m[38;2;58;46;93m[48;2;58;45;92m▀[0m[38;2;59;46;94m[48;2;66;51;108m▀[0m[38;2;59;46;94m▀[0m              
              [38;2;31;26;49m▀[0m[38;2;122;72;101m▀[0m[38;2;40;112;113m▀[0m[38;2;136;46;90m[48;2;1;0;0m▀[0m[38;2;134;46;90m[48;2;126;76;105m▀[0m[38;2;140;45;92m[48;2;125;42;85m▀[0m[38;2;134;42;89m[48;2;2;0;1m▀[0m[38;2;133;45;88m▀[0m[38;2;127;45;90m▀[0m                 
                 [38;2;60;45;96m[48;2;58;45;92m▀[0m[38;2;16;17;33m[48;2;32;27;51m▀[0m[38;2;80;33;92m[48;2;102;37;89m▀[0m[38;2;78;33;89m[48;2;134;45;90m▀[0m[38;2;58;45;93m[48;2;59;45;94m▀[0m[38;2;89;62;149m▄[0m[38;2;89;62;149m▄[0m[38;2;70;49;118m▄[0m               
                 [38;2;113;89;148m▄[0m[38;2;69;28;50m[48;2;229;123;176m▀[0m[38;2;184;62;128m[48;2;126;101;170m▀[0m[38;2;206;72;146m[48;2;210;73;148m▀[0m[38;2;90;62;152m[48;2;17;8;13m▀[0m                  
                [38;2;127;102;172m[48;2;127;102;170m▀[0m[38;2;125;100;169m[48;2;126;101;169m▀[0m[38;2;127;102;171m[48;2;118;92;163m▀[0m[38;2;92;67;151m[48;2;89;64;149m▀[0m[38;2;90;65;150m[48;2;90;64;150m▀[0m[38;2;90;65;150m[48;2;106;79;160m▀[0m[38;2;126;101;170m[48;2;120;92;164m▀[0m[38;2;92;67;153m[48;2;89;63;150m▀[0m                
                [38;2;92;66;151m[48;2;67;48;108m▀[0m[38;2;90;63;152m[48;2;90;64;151m▀[0m[38;2;90;65;151m[48;2;60;46;94m▀[0m[38;2;90;64;150m[48;2;58;45;92m▀[0m[38;2;89;64;149m[48;2;58;45;92m▀[0m[38;2;89;64;150m[48;2;83;57;140m▀[0m[38;2;89;64;150m[48;2;88;63;148m▀[0m[38;2;89;61;149m[48;2;22;20;31m▀[0m[38;2;88;62;149m[48;2;88;64;148m▀[0m[38;2;89;64;150m▄[0m[38;2;85;60;144m[48;2;88;60;150m▀[0m             
                 [38;2;57;45;91m▀[0m[38;2;58;45;92m[48;2;59;46;94m▀[0m [38;2;0;0;0m▀[0m[38;2;0;0;0m▀[0m[38;2;90;65;152m[48;2;59;46;94m▀[0m[38;2;0;0;0m▀[0m[38;2;59;45;94m▀[0m[38;2;60;46;94m[48;2;0;0;0m▀[0m[38;2;59;46;94m[48;2;60;46;94m▀[0m[38;2;58;46;93m▄[0m            
                   [38;2;0;0;0m▀[0m  [38;2;79;55;133m▀[0m    [38;2;58;46;92m[48;2;1;1;1m▀[0m[38;2;8;7;12m[48;2;58;46;92m▀[0m           
                            [38;2;135;46;90m[48;2;99;41;69m▀[0m           
                                        
