                      [38;2;250;240;241m[48;2;247;237;237m▀[0m                 
                     [38;2;44;44;43m[48;2;248;237;240m▀[0m[38;2;248;238;240m[48;2;235;220;222m▀[0m                 
                    [38;2;43;37;21m▄[0m[38;2;245;231;234m[48;2;45;48;46m▀[0m[38;2;130;123;124m[48;2;200;194;187m▀[0m                 
                 [38;2;229;168;72m▄[0m[38;2;248;200;98m[48;2;102;78;43m▀[0m[38;2;42;34;20m[48;2;222;177;86m▀[0m[38;2;89;74;45m[48;2;226;170;80m▀[0m[38;2;204;144;47m[48;2;224;149;39m▀[0m[38;2;225;149;38m[48;2;223;148;37m▀[0m[38;2;16;14;8m[48;2;87;59;14m▀[0m                
               [38;2;225;149;38m▄[0m[38;2;225;150;41m[48;2;254;254;254m▀[0m[38;2;253;253;253m[48;2;253;253;253m▀[0m[38;2;253;253;253m[48;2;241;241;241m▀[0m[38;2;253;253;253m[48;2;225;225;225m▀[0m[38;2;224;150;41m[48;2;224;224;224m▀[0m[38;2;224;149;38m[48;2;224;224;224m▀[0m[38;2;228;152;40m[48;2;89;67;27m▀[0m[38;2;227;153;40m[48;2;228;153;40m▀[0m[38;2;149;106;22m[48;2;153;107;19m▀[0m[38;2;145;145;148m▄[0m              
          [38;2;105;102;102m▄[0m  [38;2;2;2;3m▄[0m[38;2;16;14;14m[48;2;224;224;224m▀[0m[38;2;224;224;224m[48;2;247;247;247m▀[0m[38;2;254;254;254m[48;2;207;168;83m▀[0m[38;2;230;230;230m[48;2;233;186;93m▀[0m[38;2;223;223;223m[48;2;224;224;224m▀[0m[38;2;224;224;224m[48;2;224;224;224m▀[0m[38;2;222;222;222m[48;2;223;223;223m▀[0m[38;2;222;222;222m[48;2;224;224;224m▀[0m[38;2;222;222;222m[48;2;224;224;224m▀[0m[38;2;223;223;223m[48;2;223;223;223m▀[0m[38;2;212;212;212m[48;2;223;223;223m▀[0m[38;2;175;175;175m[48;2;175;175;175m▀[0m[38;2;0;0;0m▄[0m [38;2;250;247;247m▄[0m[38;2;211;206;205m▀[0m          
          [38;2;0;0;0m▀[0m[38;2;0;0;0m[48;2;239;163;37m▀[0m [38;2;223;223;223m[48;2;223;223;223m▀[0m[38;2;223;223;223m[48;2;224;224;224m▀[0m[38;2;254;254;254m[48;2;61;59;59m▀[0m[38;2;232;179;96m[48;2;230;179;95m▀[0m[38;2;231;181;96m[48;2;232;180;96m▀[0m[38;2;225;225;225m[48;2;135;135;135m▀[0m[38;2;224;224;224m[48;2;172;172;172m▀[0m[38;2;223;223;223m[48;2;168;168;168m▀[0m[38;2;224;224;224m[48;2;43;43;43m▀[0m[38;2;224;224;224m[48;2;225;225;225m▀[0m[38;2;221;221;221m[48;2;224;224;224m▀[0m[38;2;223;223;223m[48;2;224;224;224m▀[0m[38;2;175;175;175m[48;2;175;175;175m▀[0m[38;2;208;208;208m[48;2;18;18;18m▀[0m[38;2;228;177;95m▄[0m[38;2;250;241;242m[48;2;223;148;38m▀[0m           
          [38;2;2;2;1m[48;2;25;20;12m▀[0m[38;2;244;243;243m[48;2;234;234;234m▀[0m[38;2;216;216;216m▄[0m[38;2;212;212;212m[48;2;223;223;223m▀[0m[38;2;223;223;223m[48;2;222;222;222m▀[0m[38;2;112;119;121m[48;2;222;222;222m▀[0m[38;2;231;179;96m[48;2;227;175;93m▀[0m[38;2;93;97;99m[48;2;222;222;222m▀[0m[38;2;159;159;159m[48;2;222;222;222m▀[0m[38;2;221;221;221m[48;2;221;221;221m▀[0m[38;2;224;224;224m[48;2;221;221;221m▀[0m[38;2;254;254;254m[48;2;253;253;253m▀[0m[38;2;222;222;222m[48;2;221;221;221m▀[0m[38;2;221;221;221m[48;2;221;221;221m▀[0m[38;2;221;221;221m[48;2;196;196;196m▀[0m[38;2;161;161;161m[48;2;253;253;253m▀[0m[38;2;253;253;253m[48;2;248;248;248m▀[0m[38;2;224;151;41m[48;2;224;148;38m▀[0m[38;2;223;149;39m[48;2;224;149;38m▀[0m           
           [38;2;222;222;222m[48;2;223;223;223m▀[0m[38;2;222;222;222m[48;2;221;221;221m▀[0m[38;2;220;220;220m[48;2;221;221;221m▀[0m[38;2;220;220;220m[48;2;222;222;222m▀[0m[38;2;222;222;222m[48;2;222;222;222m▀[0m[38;2;138;92;21m[48;2;221;221;221m▀[0m[38;2;222;222;222m[48;2;220;220;220m▀[0m[38;2;221;221;221m[48;2;220;220;220m▀[0m[38;2;222;222;222m[48;2;221;221;221m▀[0m[38;2;221;221;221m[48;2;221;221;221m▀[0m[38;2;251;251;251m[48;2;221;221;221m▀[0m[38;2;221;221;221m[48;2;223;223;223m▀[0m[38;2;222;222;222m[48;2;140;140;140m▀[0m[38;2;224;224;224m[48;2;224;224;224m▀[0m[38;2;239;239;239m[48;2;224;224;224m▀[0m[38;2;222;222;222m[48;2;224;224;224m▀[0m[38;2;228;153;41m[48;2;222;222;222m▀[0m[38;2;219;219;219m▀[0m           
           [38;2;222;222;222m▀[0m[38;2;221;221;221m[48;2;221;221;221m▀[0m[38;2;179;179;179m[48;2;219;219;219m▀[0m[38;2;222;222;222m[48;2;225;149;38m▀[0m[38;2;221;221;221m[48;2;90;60;16m▀[0m[38;2;222;222;222m[48;2;223;223;223m▀[0m[38;2;222;222;222m[48;2;224;224;224m▀[0m[38;2;223;223;223m[48;2;215;215;215m▀[0m[38;2;222;222;222m[48;2;241;180;66m▀[0m[38;2;228;153;41m[48;2;227;152;39m▀[0m[38;2;228;154;42m[48;2;81;89;89m▀[0m[38;2;34;41;42m[48;2;156;222;247m▀[0m[38;2;224;224;224m[48;2;224;224;224m▀[0m[38;2;224;224;224m[48;2;203;203;203m▀[0m[38;2;224;224;224m[48;2;175;175;175m▀[0m[38;2;200;200;200m[48;2;175;175;175m▀[0m[38;2;177;177;177m▀[0m            
            [38;2;178;177;179m▀[0m[38;2;224;224;224m[48;2;175;175;175m▀[0m[38;2;156;222;247m[48;2;35;110;106m▀[0m[38;2;149;218;241m[48;2;156;222;247m▀[0m[38;2;233;152;24m[48;2;72;101;83m▀[0m[38;2;173;173;173m[48;2;182;125;29m▀[0m[38;2;227;152;40m[48;2;150;106;24m▀[0m[38;2;227;153;40m[48;2;8;101;98m▀[0m[38;2;156;222;247m[48;2;155;221;246m▀[0m[38;2;157;223;248m[48;2;152;220;245m▀[0m[38;2;156;222;247m[48;2;145;103;23m▀[0m[38;2;174;174;174m[48;2;174;174;174m▀[0m[38;2;175;175;175m[48;2;189;189;189m▀[0m[38;2;175;175;175m▀[0m              
              [38;2;81;80;89m▀[0m[38;2;128;115;56m▀[0m[38;2;35;118;118m▀[0m[38;2;146;105;23m[48;2;2;0;0m▀[0m[38;2;144;102;24m[48;2;136;108;65m▀[0m[38;2;151;106;20m[48;2;135;93;23m▀[0m[38;2;145;100;19m[48;2;2;2;1m▀[0m[38;2;143;102;23m▀[0m[38;2;138;93;25m▀[0m                 
                 [38;2;175;175;175m[48;2;174;174;174m▀[0m[38;2;59;59;64m[48;2;104;104;104m▀[0m[38;2;104;57;25m[48;2;114;68;25m▀[0m[38;2;102;56;26m[48;2;144;105;23m▀[0m[38;2;174;174;174m[48;2;156;151;168m▀[0m[38;2;221;221;221m▄[0m[38;2;221;221;221m▄[0m[38;2;180;180;183m▄[0m               
                 [38;2;245;245;245m▄[0m[38;2;74;52;18m[48;2;241;191;96m▀[0m[38;2;200;135;34m[48;2;254;254;254m▀[0m[38;2;224;150;40m[48;2;228;154;41m▀[0m[38;2;222;222;222m[48;2;19;15;7m▀[0m                  
                [38;2;254;254;254m[48;2;254;254;254m▀[0m[38;2;254;254;254m[48;2;254;254;254m▀[0m[38;2;254;254;254m[48;2;250;250;250m▀[0m[38;2;227;227;227m[48;2;223;223;223m▀[0m[38;2;224;224;224m[48;2;223;223;223m▀[0m[38;2;224;224;224m[48;2;240;240;240m▀[0m[38;2;254;254;254m[48;2;251;251;251m▀[0m[38;2;227;227;227m[48;2;223;223;223m▀[0m                
                [38;2;225;225;225m[48;2;182;182;182m▀[0m[38;2;223;223;223m[48;2;224;224;224m▀[0m[38;2;224;224;224m[48;2;175;175;175m▀[0m[38;2;223;223;223m[48;2;174;174;174m▀[0m[38;2;223;223;223m[48;2;174;174;174m▀[0m[38;2;223;223;223m[48;2;210;210;210m▀[0m[38;2;223;223;223m[48;2;221;221;221m▀[0m[38;2;220;220;220m[48;2;74;74;75m▀[0m[38;2;221;221;221m[48;2;222;222;222m▀[0m[38;2;0;0;0m[48;2;223;223;223m▀[0m[38;2;216;216;216m[48;2;218;218;218m▀[0m             
                 [38;2;172;172;172m▀[0m[38;2;174;174;174m[48;2;176;176;176m▀[0m [38;2;0;0;0m▀[0m[38;2;0;0;0m▀[0m[38;2;224;224;224m[48;2;176;176;176m▀[0m[38;2;0;0;0m▀[0m[38;2;175;175;175m▀[0m[38;2;176;176;176m[48;2;0;0;0m▀[0m[38;2;175;175;175m[48;2;175;175;175m▀[0m[38;2;173;173;173m▄[0m            
                   [38;2;0;0;0m▀[0m  [38;2;206;206;206m▀[0m    [38;2;175;175;175m[48;2;2;2;4m▀[0m[38;2;18;16;24m[48;2;173;173;173m▀[0m           
                            [38;2;145;104;23m[48;2;106;79;26m▀[0m           
                                        
