                                        
                                        
                                        
                                        
                                        
                       [38;2;162;71;0m▄[0m[38;2;40;20;4m▄[0m[38;2;98;68;39m▄[0m[38;2;99;45;3m[48;2;134;63;18m▀[0m[38;2;0;0;0m▄[0m [38;2;76;75;74m▀[0m[38;2;121;121;121m[48;2;171;155;11m▀[0m[38;2;213;184;8m[48;2;27;27;27m▀[0m[38;2;27;27;27m▄[0m[38;2;213;187;12m▄[0m[38;2;10;8;0m▄[0m  [38;2;236;229;112m▄[0m  
                    [38;2;116;116;116m▄[0m[38;2;214;187;11m[48;2;26;26;26m▀[0m[38;2;89;84;86m[48;2;152;194;201m▀[0m[38;2;85;202;220m[48;2;121;64;17m▀[0m[38;2;127;127;127m[48;2;97;96;159m▀[0m[38;2;62;62;62m▀[0m    [38;2;126;110;9m[48;2;227;210;55m▀[0m[38;2;27;27;27m[48;2;27;27;27m▀[0m[38;2;27;27;27m[48;2;27;27;27m▀[0m[38;2;27;27;27m[48;2;27;27;27m▀[0m[38;2;120;120;120m[48;2;27;27;27m▀[0m[38;2;213;185;14m[48;2;120;120;120m▀[0m[38;2;214;186;13m[48;2;213;186;13m▀[0m[38;2;236;229;106m▀[0m  
                    [38;2;169;69;4m[48;2;25;22;17m▀[0m[38;2;100;99;170m[48;2;158;81;0m▀[0m[38;2;168;154;13m▀[0m[38;2;164;71;0m▀[0m[38;2;163;71;0m▀[0m[38;2;20;20;20m[48;2;124;110;18m▀[0m[38;2;165;152;9m▄[0m   [38;2;27;27;27m[48;2;20;20;20m▀[0m[38;2;27;27;27m[48;2;27;27;27m▀[0m[38;2;27;27;27m[48;2;27;27;27m▀[0m[38;2;27;27;27m[48;2;27;27;27m▀[0m[38;2;27;27;27m[48;2;27;27;27m▀[0m[38;2;27;27;27m[48;2;27;27;27m▀[0m[38;2;206;182;21m[48;2;27;27;27m▀[0m[38;2;214;195;8m▄[0m  
                  [38;2;133;74;2m▄[0m[38;2;7;6;0m[48;2;53;53;53m▀[0m[38;2;20;20;20m[48;2;85;85;85m▀[0m[38;2;19;19;19m[48;2;19;19;19m▀[0m[38;2;48;34;7m[48;2;178;177;178m▀[0m[38;2;170;76;0m▄[0m[38;2;75;34;3m▄[0m[38;2;214;188;15m[48;2;234;219;92m▀[0m[38;2;27;27;27m[48;2;25;25;25m▀[0m[38;2;213;187;11m▄[0m[38;2;168;71;0m[48;2;226;208;234m▀[0m[38;2;202;183;203m[48;2;23;22;20m▀[0m[38;2;19;19;19m[48;2;19;19;19m▀[0m[38;2;19;19;19m[48;2;17;19;20m▀[0m[38;2;19;19;19m[48;2;18;18;18m▀[0m[38;2;27;27;27m▀[0m[38;2;27;27;27m[48;2;19;19;19m▀[0m[38;2;27;27;27m[48;2;19;19;19m▀[0m[38;2;27;27;27m[48;2;29;29;27m▀[0m[38;2;213;186;12m[48;2;144;88;41m▀[0m[38;2;214;186;14m▄[0m 
               [38;2;234;220;91m▄[0m[38;2;234;219;92m▄[0m[38;2;32;30;17m[48;2;235;220;93m▀[0m[38;2;230;215;54m[48;2;235;220;93m▀[0m[38;2;231;218;66m[48;2;234;219;92m▀[0m[38;2;48;43;9m[48;2;228;213;67m▀[0m[38;2;44;44;44m[48;2;225;206;41m▀[0m[38;2;42;42;42m[48;2;217;188;16m▀[0m[38;2;6;5;4m[48;2;214;188;8m▀[0m[38;2;89;61;29m[48;2;3;3;3m▀[0m[38;2;120;120;120m[48;2;172;73;0m▀[0m[38;2;216;192;14m[48;2;80;80;80m▀[0m[38;2;164;72;0m▀[0m[38;2;166;71;0m[48;2;32;15;1m▀[0m [38;2;20;20;18m[48;2;196;169;13m▀[0m[38;2;179;79;0m[48;2;213;185;13m▀[0m   [38;2;19;19;19m[48;2;19;19;19m▀[0m[38;2;19;19;19m[48;2;19;19;19m▀[0m[38;2;16;15;15m[48;2;14;14;14m▀[0m  
             [38;2;24;24;23m▄[0m[38;2;41;41;41m[48;2;154;154;154m▀[0m[38;2;42;42;42m[48;2;40;40;40m▀[0m[38;2;42;42;42m[48;2;42;42;42m▀[0m[38;2;42;42;42m[48;2;26;25;24m▀[0m[38;2;6;6;6m[48;2;5;5;5m▀[0m[38;2;3;3;3m[48;2;3;3;3m▀[0m[38;2;3;3;3m[48;2;3;3;3m▀[0m[38;2;3;3;3m[48;2;3;3;3m▀[0m[38;2;212;184;10m[48;2;3;3;3m▀[0m[38;2;213;185;13m[48;2;3;3;3m▀[0m[38;2;213;185;13m[48;2;205;172;3m▀[0m[38;2;0;0;0m[48;2;199;151;7m▀[0m   [38;2;174;88;0m▀[0m      [38;2;19;19;19m[48;2;19;19;19m▀[0m[38;2;10;10;9m[48;2;168;73;0m▀[0m  
            [38;2;119;119;119m▄[0m[38;2;121;121;121m[48;2;229;217;239m▀[0m[38;2;144;144;144m[48;2;118;118;118m▀[0m[38;2;154;154;154m[48;2;120;120;120m▀[0m[38;2;84;84;84m[48;2;120;120;120m▀[0m[38;2;213;186;13m[48;2;214;188;11m▀[0m[38;2;213;188;10m[48;2;213;186;12m▀[0m[38;2;213;186;12m[48;2;213;188;10m▀[0m[38;2;213;185;14m[48;2;213;188;10m▀[0m[38;2;21;17;5m[48;2;213;187;11m▀[0m[38;2;3;3;3m[48;2;214;190;10m▀[0m[38;2;3;3;3m[48;2;1;1;1m▀[0m[38;2;3;3;3m[48;2;1;1;1m▀[0m[38;2;165;72;0m[48;2;25;7;0m▀[0m[38;2;4;4;2m▄[0m         [38;2;14;13;13m[48;2;1;1;1m▀[0m[38;2;173;72;0m▀[0m  
         [38;2;226;213;237m▄[0m[38;2;229;217;240m▄[0m[38;2;232;224;226m[48;2;219;202;232m▀[0m[38;2;229;217;239m[48;2;219;202;232m▀[0m[38;2;218;201;232m[48;2;179;166;207m▀[0m[38;2;219;202;232m[48;2;90;92;155m▀[0m[38;2;120;120;120m[48;2;67;67;67m▀[0m[38;2;120;120;120m[48;2;83;83;83m▀[0m[38;2;120;120;120m[48;2;83;83;83m▀[0m[38;2;120;120;120m[48;2;66;66;66m▀[0m[38;2;224;211;237m[48;2;229;217;239m▀[0m[38;2;178;159;6m[48;2;222;197;223m▀[0m[38;2;183;114;0m[48;2;164;73;0m▀[0m[38;2;164;73;0m[48;2;169;72;0m▀[0m[38;2;1;1;1m[48;2;1;1;1m▀[0m[38;2;1;1;1m[48;2;1;1;1m▀[0m[38;2;63;22;1m[48;2;166;77;0m▀[0m          [38;2;6;6;5m▀[0m   
    [38;2;226;214;238m▄[0m[38;2;83;78;82m▄[0m[38;2;243;226;240m[48;2;219;202;232m▀[0m[38;2;229;217;239m[48;2;162;150;197m▀[0m[38;2;219;202;232m[48;2;97;97;159m▀[0m[38;2;219;202;232m[48;2;145;136;188m▀[0m[38;2;137;129;183m[48;2;53;50;85m▀[0m[38;2;98;97;159m[48;2;60;56;97m▀[0m[38;2;97;96;158m▀[0m[38;2;106;102;163m▀[0m[38;2;98;97;160m[48;2;40;40;40m▀[0m[38;2;66;66;66m[48;2;66;66;66m▀[0m[38;2;66;66;66m[48;2;1;1;1m▀[0m[38;2;165;71;0m[48;2;165;71;0m▀[0m[38;2;165;71;0m[48;2;164;70;0m▀[0m[38;2;223;210;236m[48;2;68;61;58m▀[0m[38;2;163;148;196m[48;2;22;22;27m▀[0m[38;2;158;65;0m[48;2;1;1;1m▀[0m[38;2;1;1;1m[48;2;1;1;1m▀[0m[38;2;1;1;1m[48;2;14;9;0m▀[0m[38;2;16;7;1m[48;2;174;155;7m▀[0m[38;2;45;34;8m▀[0m              
[38;2;59;56;91m▄[0m[38;2;44;42;50m[48;2;18;17;24m▀[0m[38;2;223;210;236m[48;2;113;110;169m▀[0m[38;2;219;202;232m▀[0m[38;2;139;131;184m▀[0m[38;2;100;99;169m▀[0m[38;2;100;94;123m▀[0m [38;2;90;88;137m▀[0m       [38;2;0;0;0m▀[0m[38;2;1;1;1m▀[0m[38;2;1;1;1m▀[0m[38;2;1;1;1m▀[0m[38;2;102;101;173m▀[0m[38;2;2;0;0m▀[0m[38;2;203;166;3m▀[0m                 
                                        
                                        
                                        
                                        
                                        
