                                        
                                        
       [38;2;62;59;38m▄[0m [38;2;10;10;10m▄[0m[38;2;161;161;161m▄[0m[38;2;228;228;228m▄[0m[38;2;34;95;83m[48;2;28;78;70m▀[0m                           
      [38;2;228;222;147m[48;2;228;222;147m▀[0m[38;2;217;217;217m▄[0m[38;2;217;217;217m[48;2;221;221;221m▀[0m[38;2;209;209;209m[48;2;217;217;217m▀[0m[38;2;228;228;228m[48;2;29;73;67m▀[0m[38;2;28;78;70m[48;2;28;77;71m▀[0m[38;2;28;77;71m[48;2;48;64;62m▀[0m[38;2;28;77;70m[48;2;27;75;68m▀[0m                          
     [38;2;1;1;1m[48;2;203;203;203m▀[0m[38;2;226;218;68m[48;2;225;217;68m▀[0m[38;2;218;218;218m[48;2;217;217;217m▀[0m[38;2;217;217;217m[48;2;217;217;217m▀[0m[38;2;217;217;217m[48;2;35;35;35m▀[0m[38;2;28;77;70m[48;2;217;217;217m▀[0m[38;2;28;77;70m[48;2;173;167;51m▀[0m[38;2;23;42;37m[48;2;217;217;217m▀[0m[38;2;113;113;113m[48;2;228;228;228m▀[0m[38;2;195;195;195m▀[0m                         
     [38;2;217;217;217m[48;2;5;5;5m▀[0m[38;2;226;217;67m[48;2;33;93;83m▀[0m[38;2;85;103;100m[48;2;38;109;96m▀[0m[38;2;20;17;11m[48;2;6;15;14m▀[0m[38;2;229;229;229m[48;2;33;95;83m▀[0m[38;2;217;208;65m[48;2;36;104;92m▀[0m[38;2;148;144;122m[48;2;38;109;96m▀[0m[38;2;217;217;217m[48;2;217;217;217m▀[0m[38;2;225;225;225m[48;2;229;229;229m▀[0m[38;2;228;228;228m[48;2;146;146;146m▀[0m[38;2;146;146;146m[48;2;146;146;146m▀[0m[38;2;146;146;146m[48;2;146;146;146m▀[0m[38;2;146;146;146m[48;2;100;100;100m▀[0m[38;2;38;109;96m▄[0m[38;2;229;229;229m[48;2;38;109;96m▀[0m[38;2;227;227;227m[48;2;10;14;13m▀[0m[38;2;222;222;222m[48;2;217;217;217m▀[0m[38;2;217;217;217m[48;2;217;217;217m▀[0m[38;2;217;217;217m[48;2;217;217;217m▀[0m[38;2;217;217;217m[48;2;217;217;217m▀[0m[38;2;166;166;166m[48;2;217;217;217m▀[0m[38;2;115;115;115m[48;2;217;217;217m▀[0m[38;2;217;217;217m[48;2;12;12;12m▀[0m[38;2;217;217;217m[48;2;71;71;71m▀[0m[38;2;217;217;217m[48;2;20;20;20m▀[0m[38;2;25;25;25m[48;2;217;217;217m▀[0m[38;2;106;106;106m▄[0m        
    [38;2;14;13;7m▀[0m[38;2;224;216;66m▄[0m[38;2;40;107;95m[48;2;99;94;31m▀[0m[38;2;38;109;96m[48;2;202;209;208m▀[0m[38;2;35;71;65m[48;2;109;70;58m▀[0m[38;2;36;104;91m[48;2;109;70;58m▀[0m[38;2;38;109;96m[48;2;240;165;95m▀[0m[38;2;37;106;94m[48;2;18;18;18m▀[0m[38;2;28;77;71m[48;2;28;77;71m▀[0m[38;2;145;145;145m[48;2;146;146;146m▀[0m[38;2;146;146;146m[48;2;146;146;146m▀[0m[38;2;146;146;146m[48;2;146;146;146m▀[0m[38;2;18;54;54m[48;2;49;49;49m▀[0m[38;2;28;28;28m[48;2;143;143;143m▀[0m[38;2;146;146;146m[48;2;146;146;146m▀[0m[38;2;69;69;69m▀[0m  [38;2;217;217;217m▀[0m[38;2;217;217;217m▀[0m[38;2;217;217;217m[48;2;202;202;202m▀[0m[38;2;217;217;217m[48;2;217;217;217m▀[0m[38;2;217;217;217m[48;2;217;217;217m▀[0m[38;2;217;217;217m[48;2;217;217;217m▀[0m[38;2;217;217;217m[48;2;217;217;217m▀[0m[38;2;217;217;217m[48;2;217;217;217m▀[0m[38;2;217;217;217m[48;2;183;183;183m▀[0m[38;2;193;193;193m[48;2;147;147;147m▀[0m        
        [38;2;11;35;31m▀[0m[38;2;28;65;56m▀[0m[38;2;103;105;105m[48;2;27;40;40m▀[0m[38;2;216;216;216m[48;2;217;217;217m▀[0m[38;2;61;61;61m[48;2;217;217;217m▀[0m[38;2;146;146;146m[48;2;199;199;199m▀[0m[38;2;146;146;146m[48;2;149;139;61m▀[0m[38;2;146;146;146m[48;2;99;94;58m▀[0m[38;2;24;70;63m[48;2;28;78;70m▀[0m[38;2;146;146;146m[48;2;146;146;146m▀[0m[38;2;146;146;146m▀[0m[38;2;100;100;100m[48;2;5;5;5m▀[0m[38;2;102;102;102m[48;2;112;112;112m▀[0m[38;2;131;131;131m[48;2;132;132;132m▀[0m[38;2;146;146;146m[48;2;113;113;113m▀[0m[38;2;146;146;146m[48;2;72;72;72m▀[0m[38;2;146;146;146m[48;2;62;62;62m▀[0m[38;2;146;146;146m[48;2;92;92;92m▀[0m[38;2;146;146;146m[48;2;146;146;146m▀[0m[38;2;145;145;145m[48;2;146;146;146m▀[0m[38;2;146;146;146m[48;2;138;138;138m▀[0m[38;2;146;146;146m[48;2;129;129;129m▀[0m[38;2;130;130;130m[48;2;126;126;126m▀[0m[38;2;144;144;144m[48;2;126;126;126m▀[0m[38;2;117;117;117m[48;2;126;126;126m▀[0m[38;2;129;129;129m▄[0m[38;2;137;137;137m▄[0m     
     [38;2;95;95;95m▄[0m[38;2;146;146;146m▄[0m[38;2;36;36;36m[48;2;28;78;70m▀[0m[38;2;25;41;38m[48;2;74;72;64m▀[0m[38;2;3;9;9m▀[0m [38;2;80;80;80m▀[0m[38;2;217;217;217m▀[0m[38;2;230;228;111m▀[0m[38;2;226;217;68m[48;2;37;102;91m▀[0m[38;2;195;188;55m[48;2;45;97;86m▀[0m[38;2;38;109;96m[48;2;38;109;96m▀[0m[38;2;38;109;96m[48;2;38;109;96m▀[0m[38;2;35;102;90m▄[0m[38;2;21;21;21m[48;2;146;146;146m▀[0m          [38;2;123;123;123m▀[0m[38;2;123;123;123m▀[0m[38;2;123;123;123m[48;2;123;123;123m▀[0m[38;2;123;123;123m[48;2;144;144;144m▀[0m[38;2;123;123;123m[48;2;176;176;176m▀[0m[38;2;173;173;173m[48;2;177;177;177m▀[0m[38;2;45;45;45m[48;2;178;178;178m▀[0m[38;2;53;53;53m▄[0m  
   [38;2;49;49;49m▄[0m[38;2;172;172;172m[48;2;146;146;146m▀[0m[38;2;146;146;146m[48;2;146;146;146m▀[0m[38;2;47;47;48m[48;2;146;145;143m▀[0m[38;2;22;34;32m[48;2;90;84;41m▀[0m       [38;2;24;61;55m[48;2;35;99;87m▀[0m[38;2;38;109;96m[48;2;38;109;96m▀[0m[38;2;38;109;96m[48;2;38;109;96m▀[0m[38;2;37;107;95m[48;2;29;78;71m▀[0m[38;2;24;66;61m[48;2;28;77;71m▀[0m[38;2;217;217;217m[48;2;217;217;217m▀[0m[38;2;217;217;217m▄[0m          [38;2;149;149;149m▀[0m[38;2;178;178;178m[48;2;178;178;178m▀[0m[38;2;178;178;178m[48;2;178;178;178m▀[0m[38;2;178;178;178m[48;2;178;178;178m▀[0m[38;2;178;178;178m[48;2;178;178;178m▀[0m[38;2;178;178;178m[48;2;178;178;178m▀[0m[38;2;178;178;178m▄[0m 
  [38;2;217;217;217m▄[0m[38;2;157;157;157m[48;2;35;35;35m▀[0m[38;2;146;146;146m[48;2;75;73;62m▀[0m[38;2;146;146;146m[48;2;146;146;146m▀[0m[38;2;89;89;89m▀[0m  [38;2;103;103;103m▄[0m[38;2;228;228;228m▄[0m[38;2;220;220;220m▄[0m[38;2;217;217;217m▄[0m[38;2;61;61;61m▄[0m[38;2;217;217;217m▄[0m[38;2;157;157;157m[48;2;217;217;217m▀[0m[38;2;50;138;125m[48;2;114;114;114m▀[0m[38;2;38;109;96m[48;2;222;222;222m▀[0m[38;2;28;78;70m[48;2;84;85;85m▀[0m[38;2;28;77;71m[48;2;217;217;217m▀[0m[38;2;217;217;217m[48;2;216;216;216m▀[0m[38;2;217;217;217m[48;2;217;217;217m▀[0m[38;2;217;217;217m▄[0m          [38;2;5;5;5m▄[0m[38;2;178;178;178m[48;2;89;89;89m▀[0m[38;2;178;178;178m[48;2;178;178;178m▀[0m[38;2;178;178;178m[48;2;178;178;178m▀[0m[38;2;178;178;178m▄[0m[38;2;177;177;177m▀[0m 
 [38;2;203;203;203m[48;2;25;25;25m▀[0m[38;2;141;141;141m[48;2;146;146;146m▀[0m[38;2;54;49;24m[48;2;94;94;94m▀[0m[38;2;149;139;61m[48;2;146;146;146m▀[0m[38;2;179;179;179m▀[0m  [38;2;228;228;228m[48;2;228;228;228m▀[0m[38;2;227;227;227m[48;2;228;228;228m▀[0m[38;2;228;228;228m[48;2;228;228;228m▀[0m[38;2;218;218;218m[48;2;217;217;217m▀[0m[38;2;71;71;71m[48;2;69;69;69m▀[0m[38;2;217;217;217m[48;2;42;42;42m▀[0m[38;2;217;217;217m[48;2;214;214;214m▀[0m[38;2;217;217;217m[48;2;217;217;217m▀[0m[38;2;217;217;217m[48;2;217;217;217m▀[0m[38;2;217;217;217m[48;2;217;217;217m▀[0m[38;2;217;217;217m[48;2;217;217;217m▀[0m[38;2;217;217;217m[48;2;217;217;217m▀[0m[38;2;221;221;221m[48;2;222;222;222m▀[0m[38;2;217;217;217m[48;2;217;217;217m▀[0m[38;2;217;217;217m[48;2;217;217;217m▀[0m[38;2;215;215;215m▄[0m          [38;2;178;178;178m▄[0m[38;2;178;178;178m[48;2;178;178;178m▀[0m[38;2;178;178;178m[48;2;178;178;178m▀[0m[38;2;178;178;178m[48;2;178;178;178m▀[0m  
        [38;2;218;218;218m▀[0m[38;2;218;218;218m[48;2;146;146;146m▀[0m[38;2;217;217;217m[48;2;146;146;146m▀[0m[38;2;217;217;217m[48;2;146;146;146m▀[0m[38;2;217;217;217m[48;2;145;145;145m▀[0m[38;2;217;217;217m[48;2;146;146;146m▀[0m[38;2;77;77;77m[48;2;146;146;146m▀[0m[38;2;115;115;115m[48;2;28;78;70m▀[0m[38;2;10;10;10m▀[0m[38;2;133;133;133m▀[0m[38;2;217;217;217m▀[0m[38;2;216;216;216m[48;2;217;217;217m▀[0m[38;2;229;229;229m[48;2;44;44;44m▀[0m[38;2;217;217;217m[48;2;222;222;222m▀[0m[38;2;217;217;217m[48;2;217;217;217m▀[0m[38;2;61;61;61m[48;2;51;51;51m▀[0m[38;2;100;100;100m[48;2;142;142;142m▀[0m         [38;2;193;193;193m[48;2;202;202;202m▀[0m[38;2;181;181;181m[48;2;202;202;202m▀[0m[38;2;178;178;178m[48;2;18;18;18m▀[0m[38;2;178;178;178m[48;2;90;90;90m▀[0m  
            [38;2;145;145;145m▀[0m[38;2;146;146;146m▀[0m[38;2;3;9;7m▀[0m[38;2;28;77;71m[48;2;28;77;70m▀[0m    [38;2;218;218;218m▀[0m[38;2;58;58;58m[48;2;146;146;146m▀[0m[38;2;196;196;196m[48;2;52;52;52m▀[0m[38;2;106;106;106m[48;2;95;95;95m▀[0m[38;2;146;146;146m[48;2;146;146;146m▀[0m        [38;2;202;202;202m▄[0m[38;2;202;202;202m[48;2;198;198;198m▀[0m     
               [38;2;38;109;96m[48;2;38;109;96m▀[0m[38;2;38;109;96m[48;2;38;109;96m▀[0m[38;2;38;108;95m▄[0m    [38;2;146;146;146m▀[0m[38;2;146;146;146m[48;2;146;146;146m▀[0m[38;2;146;146;146m[48;2;146;146;146m▀[0m[38;2;145;145;145m[48;2;3;9;7m▀[0m       [38;2;200;200;200m▀[0m      
               [38;2;38;109;96m[48;2;228;228;217m▀[0m[38;2;38;109;96m[48;2;228;228;218m▀[0m[38;2;57;154;141m▀[0m     [38;2;30;30;30m▀[0m[38;2;18;54;54m[48;2;18;54;54m▀[0m[38;2;18;54;54m[48;2;20;57;54m▀[0m              
                        [38;2;22;62;59m[48;2;27;75;69m▀[0m[38;2;22;61;58m[48;2;28;78;70m▀[0m[38;2;24;68;62m▄[0m             
                        [38;2;28;78;70m[48;2;26;72;66m▀[0m[38;2;28;78;70m[48;2;28;77;70m▀[0m[38;2;28;77;71m[48;2;25;63;57m▀[0m             
                         [38;2;155;148;143m▀[0m              
                                        
