                                        
                                        
                     [38;2;9;7;6m▄[0m[38;2;10;7;6m▄[0m                 
            [38;2;8;6;5m▄[0m[38;2;217;199;151m▄[0m[38;2;246;220;148m▄[0m[38;2;246;220;148m▄[0m[38;2;10;6;5m[48;2;246;219;148m▀[0m[38;2;212;189;130m[48;2;246;220;148m▀[0m[38;2;246;219;148m[48;2;246;220;147m▀[0m[38;2;246;219;148m[48;2;246;219;148m▀[0m[38;2;246;219;148m[48;2;246;219;148m▀[0m[38;2;246;219;148m[48;2;246;220;148m▀[0m[38;2;246;219;148m[48;2;246;219;148m▀[0m[38;2;53;46;32m[48;2;246;219;148m▀[0m[38;2;59;51;35m▄[0m               
           [38;2;254;244;211m▄[0m[38;2;246;219;148m[48;2;246;219;148m▀[0m[38;2;246;219;148m[48;2;246;219;148m▀[0m[38;2;246;219;148m[48;2;246;219;148m▀[0m[38;2;246;219;148m[48;2;246;219;148m▀[0m[38;2;246;219;148m[48;2;43;32;16m▀[0m[38;2;246;219;148m[48;2;100;80;49m▀[0m[38;2;246;219;148m[48;2;116;91;49m▀[0m[38;2;247;220;148m[48;2;119;94;49m▀[0m[38;2;246;219;148m[48;2;99;78;48m▀[0m[38;2;246;220;148m[48;2;152;114;46m▀[0m[38;2;246;220;148m[48;2;16;12;9m▀[0m[38;2;246;220;148m[48;2;246;219;148m▀[0m[38;2;246;219;148m[48;2;246;219;148m▀[0m[38;2;9;6;5m[48;2;246;219;148m▀[0m[38;2;9;6;5m▄[0m             
           [38;2;246;220;148m[48;2;246;219;148m▀[0m[38;2;246;220;148m[48;2;246;220;147m▀[0m[38;2;246;219;148m[48;2;246;219;148m▀[0m[38;2;246;219;148m[48;2;132;103;49m▀[0m[38;2;104;82;49m▀[0m[38;2;29;21;12m▀[0m   [38;2;9;6;6m▀[0m[38;2;152;115;46m▀[0m[38;2;107;85;48m[48;2;10;7;6m▀[0m[38;2;152;115;46m[48;2;146;111;46m▀[0m[38;2;246;220;148m[48;2;152;114;46m▀[0m[38;2;246;219;148m[48;2;246;219;148m▀[0m[38;2;246;219;148m[48;2;245;218;141m▀[0m[38;2;241;205;108m▄[0m            
          [38;2;174;162;129m[48;2;247;220;146m▀[0m[38;2;246;219;147m[48;2;246;219;148m▀[0m[38;2;246;220;148m[48;2;246;219;148m▀[0m[38;2;49;41;29m[48;2;9;7;5m▀[0m      [38;2;121;118;113m▄[0m[38;2;9;5;5m[48;2;255;255;255m▀[0m[38;2;110;105;102m[48;2;254;254;254m▀[0m[38;2;12;9;7m[48;2;90;84;78m▀[0m[38;2;98;78;48m[48;2;145;109;44m▀[0m[38;2;35;29;18m[48;2;152;115;45m▀[0m[38;2;241;204;104m[48;2;241;203;102m▀[0m[38;2;241;203;103m[48;2;241;203;102m▀[0m[38;2;244;205;102m[48;2;241;203;101m▀[0m           
         [38;2;208;194;154m▄[0m[38;2;246;219;148m[48;2;246;219;148m▀[0m[38;2;246;220;148m[48;2;246;220;148m▀[0m[38;2;246;219;148m[48;2;246;219;148m▀[0m       [38;2;90;84;78m[48;2;58;48;37m▀[0m[38;2;141;138;135m[48;2;65;56;46m▀[0m[38;2;90;84;78m[48;2;68;60;50m▀[0m[38;2;90;84;78m[48;2;54;45;34m▀[0m[38;2;20;16;15m[48;2;10;8;7m▀[0m[38;2;152;115;46m[48;2;153;116;46m▀[0m[38;2;241;204;102m[48;2;241;203;102m▀[0m[38;2;241;203;102m[48;2;241;203;102m▀[0m[38;2;241;204;102m[48;2;243;204;102m▀[0m           
         [38;2;145;134;107m[48;2;60;45;20m▀[0m[38;2;246;219;148m[48;2;246;220;147m▀[0m[38;2;246;219;148m[48;2;246;219;148m▀[0m[38;2;246;219;148m[48;2;246;219;148m▀[0m[38;2;24;20;14m▄[0m       [38;2;84;77;69m▀[0m[38;2;79;72;64m▀[0m[38;2;72;68;64m▀[0m[38;2;9;6;6m[48;2;119;90;37m▀[0m[38;2;152;114;46m[48;2;35;28;17m▀[0m[38;2;241;203;102m[48;2;241;204;102m▀[0m[38;2;241;203;102m[48;2;241;203;102m▀[0m[38;2;9;7;6m▀[0m           
         [38;2;163;127;53m▀[0m[38;2;16;12;8m[48;2;172;135;58m▀[0m[38;2;246;219;148m[48;2;33;27;18m▀[0m[38;2;245;216;140m[48;2;241;203;104m▀[0m[38;2;241;204;105m[48;2;241;203;102m▀[0m[38;2;241;203;102m▄[0m        [38;2;47;35;18m▄[0m[38;2;107;86;52m[48;2;242;204;101m▀[0m[38;2;241;204;102m[48;2;241;203;102m▀[0m[38;2;241;203;101m[48;2;241;202;102m▀[0m[38;2;242;203;102m[48;2;10;7;5m▀[0m            
           [38;2;173;136;59m▀[0m[38;2;204;172;86m[48;2;172;135;58m▀[0m[38;2;241;204;102m[48;2;51;41;22m▀[0m[38;2;241;203;102m[48;2;241;203;102m▀[0m[38;2;241;203;102m[48;2;241;203;102m▀[0m[38;2;241;203;101m▄[0m[38;2;241;203;102m▄[0m[38;2;214;180;90m▄[0m[38;2;191;161;81m▄[0m[38;2;206;173;87m▄[0m[38;2;241;203;102m▄[0m[38;2;10;7;6m[48;2;241;203;102m▀[0m[38;2;241;204;103m[48;2;241;203;102m▀[0m[38;2;241;203;101m[48;2;241;203;101m▀[0m[38;2;241;203;102m[48;2;151;127;64m▀[0m[38;2;241;203;102m[48;2;233;233;233m▀[0m[38;2;10;8;6m[48;2;79;76;76m▀[0m[38;2;12;9;8m▄[0m           
             [38;2;177;140;61m▀[0m[38;2;111;87;39m[48;2;173;136;59m▀[0m[38;2;241;203;102m[48;2;90;70;31m▀[0m[38;2;241;203;102m[48;2;241;203;102m▀[0m[38;2;241;203;102m[48;2;241;204;102m▀[0m[38;2;241;203;102m[48;2;241;203;102m▀[0m[38;2;241;203;102m[48;2;241;203;102m▀[0m[38;2;241;203;102m[48;2;206;169;80m▀[0m[38;2;241;203;102m[48;2;81;61;26m▀[0m[38;2;241;203;102m[48;2;64;48;22m▀[0m[38;2;241;203;102m[48;2;85;77;61m▀[0m[38;2;233;196;98m[48;2;219;220;217m▀[0m[38;2;255;255;255m[48;2;85;82;82m▀[0m[38;2;237;237;237m[48;2;163;163;162m▀[0m[38;2;155;156;156m[48;2;218;218;216m▀[0m[38;2;10;7;6m▀[0m           
              [38;2;255;255;255m▄[0m[38;2;165;128;54m[48;2;98;96;95m▀[0m[38;2;150;115;47m[48;2;220;220;218m▀[0m[38;2;116;88;37m[48;2;220;220;218m▀[0m[38;2;248;230;181m[48;2;221;222;220m▀[0m[38;2;240;218;155m[48;2;255;255;255m▀[0m[38;2;242;222;168m[48;2;255;255;255m▀[0m[38;2;255;255;255m[48;2;255;255;255m▀[0m[38;2;254;254;254m[48;2;245;245;245m▀[0m[38;2;220;220;218m[48;2;220;220;218m▀[0m[38;2;212;212;210m[48;2;220;220;218m▀[0m[38;2;155;156;156m[48;2;154;156;156m▀[0m[38;2;219;219;217m[48;2;218;219;217m▀[0m[38;2;228;228;227m[48;2;3;1;0m▀[0m            
              [38;2;230;230;228m▀[0m[38;2;217;218;215m[48;2;224;224;222m▀[0m[38;2;220;220;218m[48;2;148;148;147m▀[0m[38;2;220;220;218m[48;2;202;203;201m▀[0m[38;2;242;242;241m[48;2;220;220;219m▀[0m[38;2;255;255;255m[48;2;228;229;227m▀[0m[38;2;255;255;255m[48;2;229;229;227m▀[0m[38;2;253;254;254m[48;2;220;220;218m▀[0m[38;2;220;220;218m[48;2;220;220;217m▀[0m[38;2;220;220;218m[48;2;220;219;217m▀[0m[38;2;220;220;218m[48;2;220;220;217m▀[0m[38;2;220;220;218m[48;2;220;220;218m▀[0m[38;2;220;220;218m[48;2;220;220;219m▀[0m             
           [38;2;9;7;6m▄[0m[38;2;9;6;5m▄[0m [38;2;10;7;6m▄[0m[38;2;133;46;34m▄[0m[38;2;186;186;184m[48;2;9;6;5m▀[0m[38;2;80;76;76m[48;2;138;138;138m▀[0m[38;2;220;220;218m[48;2;155;156;156m▀[0m[38;2;220;220;218m[48;2;220;220;218m▀[0m[38;2;220;219;217m[48;2;220;220;218m▀[0m[38;2;220;220;218m[48;2;220;220;218m▀[0m[38;2;220;220;219m[48;2;220;220;218m▀[0m[38;2;220;220;218m[48;2;220;220;218m▀[0m[38;2;220;219;218m[48;2;220;220;218m▀[0m[38;2;220;220;218m[48;2;220;220;218m▀[0m[38;2;220;220;218m[48;2;214;215;213m▀[0m[38;2;10;7;6m[48;2;229;229;227m▀[0m            
          [38;2;12;8;7m[48;2;232;131;117m▀[0m[38;2;223;73;55m[48;2;227;101;86m▀[0m[38;2;222;73;54m▀[0m[38;2;218;71;53m▀[0m[38;2;135;46;34m▀[0m[38;2;19;10;8m[48;2;237;237;235m▀[0m[38;2;229;229;227m[48;2;217;218;218m▀[0m[38;2;250;250;250m[48;2;255;255;255m▀[0m[38;2;154;156;156m[48;2;155;155;156m▀[0m[38;2;154;155;156m[48;2;155;156;156m▀[0m[38;2;161;161;160m[48;2;155;156;156m▀[0m[38;2;192;192;190m[48;2;155;155;156m▀[0m[38;2;208;209;207m[48;2;155;155;156m▀[0m[38;2;194;195;193m[48;2;155;155;156m▀[0m[38;2;162;162;161m[48;2;155;156;156m▀[0m[38;2;154;156;156m[48;2;155;156;156m▀[0m[38;2;155;156;156m[48;2;155;156;156m▀[0m[38;2;155;156;156m[48;2;155;156;156m▀[0m[38;2;145;145;144m▄[0m           
         [38;2;10;7;6m▀[0m[38;2;10;7;6m▀[0m    [38;2;243;243;242m[48;2;248;248;248m▀[0m[38;2;79;77;77m[48;2;110;108;108m▀[0m[38;2;151;151;151m[48;2;80;76;76m▀[0m[38;2;155;156;156m[48;2;80;77;77m▀[0m[38;2;155;156;156m[48;2;79;76;76m▀[0m[38;2;155;156;156m[48;2;79;76;76m▀[0m[38;2;155;156;156m[48;2;79;77;76m▀[0m[38;2;154;154;153m[48;2;116;115;114m▀[0m[38;2;126;125;125m[48;2;228;228;226m▀[0m[38;2;121;121;120m[48;2;229;229;227m▀[0m[38;2;153;153;152m[48;2;229;229;227m▀[0m[38;2;150;151;150m[48;2;194;194;194m▀[0m[38;2;80;76;77m[48;2;100;97;97m▀[0m[38;2;79;76;76m[48;2;242;242;241m▀[0m           
                [38;2;221;221;221m▀[0m[38;2;8;4;3m▀[0m[38;2;8;5;4m▀[0m[38;2;88;86;85m▀[0m[38;2;144;143;142m▀[0m[38;2;8;6;5m▀[0m                  
                                        
                                        
