                                        
                      [38;2;161;185;111m▄[0m[38;2;181;207;124m▄[0m                
               [38;2;180;206;124m[48;2;180;207;123m▀[0m[38;2;180;207;123m[48;2;180;206;124m▀[0m[38;2;0;0;0m[48;2;179;206;123m▀[0m[38;2;164;200;107m▄[0m  [38;2;0;0;0m[48;2;157;197;100m▀[0m[38;2;180;206;124m[48;2;166;201;109m▀[0m[38;2;180;207;124m[48;2;180;206;124m▀[0m                
               [38;2;159;185;110m▀[0m[38;2;180;206;124m[48;2;154;196;96m▀[0m[38;2;175;205;119m[48;2;152;195;95m▀[0m[38;2;156;196;98m[48;2;151;195;94m▀[0m[38;2;151;194;94m[48;2;151;195;94m▀[0m[38;2;153;197;95m▄[0m[38;2;151;195;94m[48;2;151;194;94m▀[0m[38;2;151;194;94m[48;2;151;194;94m▀[0m[38;2;151;194;94m[48;2;151;194;94m▀[0m                
              [38;2;67;51;35m▄[0m[38;2;177;127;79m▄[0m[38;2;181;133;84m▄[0m[38;2;151;194;94m[48;2;186;142;95m▀[0m[38;2;151;194;94m[48;2;145;186;90m▀[0m[38;2;151;194;94m[48;2;151;194;94m▀[0m[38;2;151;196;94m[48;2;151;194;94m▀[0m[38;2;131;169;83m[48;2;151;194;94m▀[0m[38;2;151;194;94m[48;2;100;71;61m▀[0m[38;2;84;59;52m[48;2;106;74;63m▀[0m[38;2;127;88;63m[48;2;129;90;63m▀[0m[38;2;128;90;63m[48;2;69;49;36m▀[0m              
              [38;2;193;153;108m[48;2;0;0;0m▀[0m[38;2;174;125;77m[48;2;0;0;0m▀[0m[38;2;178;127;78m▀[0m[38;2;140;99;67m▀[0m[38;2;128;89;63m[48;2;179;206;124m▀[0m[38;2;161;196;107m[48;2;179;207;124m▀[0m[38;2;155;196;98m[48;2;180;207;124m▀[0m[38;2;155;196;98m[48;2;180;207;124m▀[0m[38;2;152;195;94m[48;2;179;206;123m▀[0m[38;2;152;196;94m[48;2;158;197;101m▀[0m[38;2;6;7;5m[48;2;151;194;94m▀[0m[38;2;151;194;94m▄[0m[38;2;151;194;94m▄[0m             
                [38;2;180;206;124m▄[0m[38;2;180;206;124m[48;2;180;207;124m▀[0m[38;2;179;206;123m[48;2;180;206;123m▀[0m[38;2;180;206;123m[48;2;180;206;123m▀[0m[38;2;179;206;124m[48;2;179;206;124m▀[0m[38;2;180;206;123m[48;2;180;206;124m▀[0m[38;2;180;206;124m[48;2;179;207;123m▀[0m[38;2;175;205;120m[48;2;166;201;109m▀[0m[38;2;154;195;96m[48;2;142;182;89m▀[0m[38;2;151;195;94m[48;2;151;194;94m▀[0m[38;2;151;194;94m[48;2;151;194;94m▀[0m[38;2;151;194;94m[48;2;151;194;94m▀[0m[38;2;153;198;96m[48;2;157;150;84m▀[0m[38;2;110;143;71m▄[0m [38;2;60;39;19m▄[0m        
              [38;2;11;14;7m▄[0m[38;2;159;198;102m[48;2;153;195;96m▀[0m[38;2;180;206;124m[48;2;161;199;105m▀[0m[38;2;180;206;124m[48;2;180;206;124m▀[0m[38;2;180;206;123m[48;2;74;72;47m▀[0m[38;2;180;207;124m[48;2;237;229;146m▀[0m[38;2;166;191;115m[48;2;237;230;146m▀[0m[38;2;160;184;110m[48;2;235;228;135m▀[0m[38;2;180;206;123m[48;2;235;227;125m▀[0m[38;2;158;198;102m[48;2;119;114;63m▀[0m[38;2;238;230;125m[48;2;237;228;124m▀[0m[38;2;235;226;123m[48;2;234;226;123m▀[0m[38;2;151;194;94m[48;2;9;9;6m▀[0m[38;2;238;230;125m[48;2;234;226;123m▀[0m[38;2;234;226;123m[48;2;234;226;123m▀[0m[38;2;234;226;123m[48;2;234;226;123m▀[0m[38;2;237;228;124m[48;2;234;226;123m▀[0m[38;2;140;89;38m[48;2;36;24;13m▀[0m[38;2;8;5;4m[48;2;102;65;37m▀[0m       
           [38;2;163;121;68m▄[0m[38;2;157;112;57m▄[0m[38;2;141;91;39m▄[0m[38;2;153;197;95m[48;2;140;90;39m▀[0m[38;2;153;195;95m[48;2;143;91;39m▀[0m[38;2;153;195;95m[48;2;151;195;94m▀[0m[38;2;148;187;94m[48;2;234;226;123m▀[0m[38;2;235;226;126m[48;2;234;226;123m▀[0m[38;2;235;226;124m[48;2;236;227;124m▀[0m[38;2;234;226;123m[48;2;38;38;37m▀[0m[38;2;234;226;123m[48;2;255;255;255m▀[0m[38;2;234;226;123m[48;2;234;226;123m▀[0m[38;2;234;226;123m[48;2;234;226;123m▀[0m[38;2;71;69;39m[48;2;234;226;123m▀[0m[38;2;234;226;123m[48;2;234;226;123m▀[0m[38;2;234;226;123m[48;2;237;228;124m▀[0m[38;2;234;226;123m[48;2;234;226;123m▀[0m[38;2;40;39;39m[48;2;255;255;255m▀[0m[38;2;38;38;38m[48;2;38;37;37m▀[0m[38;2;199;199;197m[48;2;255;255;255m▀[0m[38;2;234;226;123m[48;2;234;226;123m▀[0m[38;2;102;65;37m[48;2;102;65;37m▀[0m       
          [38;2;163;121;68m[48;2;79;60;35m▀[0m[38;2;163;121;68m[48;2;163;121;67m▀[0m[38;2;160;116;62m[48;2;153;108;53m▀[0m[38;2;141;91;39m[48;2;140;89;39m▀[0m[38;2;140;89;38m[48;2;141;90;38m▀[0m[38;2;140;90;39m[48;2;142;90;39m▀[0m[38;2;151;194;94m[48;2;153;197;95m▀[0m[38;2;234;226;123m[48;2;234;226;123m▀[0m[38;2;234;226;123m[48;2;234;226;122m▀[0m[38;2;38;38;38m[48;2;37;37;37m▀[0m[38;2;255;255;255m[48;2;255;255;255m▀[0m[38;2;38;37;37m[48;2;38;37;37m▀[0m[38;2;255;255;255m[48;2;255;255;255m▀[0m[38;2;234;226;123m[48;2;235;227;123m▀[0m[38;2;234;226;123m[48;2;221;124;58m▀[0m[38;2;218;123;57m[48;2;219;123;57m▀[0m[38;2;218;123;57m[48;2;229;154;97m▀[0m[38;2;219;123;57m[48;2;218;123;57m▀[0m[38;2;83;82;82m[48;2;219;123;57m▀[0m[38;2;63;58;54m[48;2;43;39;36m▀[0m[38;2;235;235;235m[48;2;255;255;255m▀[0m[38;2;140;135;72m[48;2;161;151;86m▀[0m[38;2;84;54;32m▀[0m       
           [38;2;156;111;57m▀[0m[38;2;142;92;39m[48;2;140;90;39m▀[0m[38;2;141;90;39m[48;2;140;90;39m▀[0m[38;2;140;89;39m[48;2;140;89;39m▀[0m[38;2;140;89;39m[48;2;140;90;39m▀[0m[38;2;110;142;70m[48;2;62;82;42m▀[0m[38;2;234;226;123m[48;2;190;184;101m▀[0m[38;2;234;226;122m[48;2;235;226;123m▀[0m[38;2;30;38;23m[48;2;235;226;123m▀[0m[38;2;38;38;38m[48;2;232;231;231m▀[0m[38;2;79;70;65m[48;2;239;238;238m▀[0m[38;2;255;255;255m[48;2;255;255;255m▀[0m[38;2;233;224;122m[48;2;234;226;123m▀[0m[38;2;218;123;57m[48;2;219;123;57m▀[0m[38;2;222;132;70m[48;2;218;123;57m▀[0m[38;2;229;154;97m[48;2;219;123;58m▀[0m[38;2;219;123;58m[48;2;219;123;57m▀[0m[38;2;218;123;57m[48;2;218;123;57m▀[0m[38;2;219;123;57m[48;2;183;98;53m▀[0m[38;2;231;228;229m[48;2;163;150;88m▀[0m[38;2;163;149;87m[48;2;103;95;57m▀[0m        
             [38;2;140;89;39m▀[0m[38;2;140;89;39m[48;2;102;66;37m▀[0m[38;2;140;90;39m[48;2;102;65;37m▀[0m[38;2;141;181;88m[48;2;107;135;72m▀[0m[38;2;151;194;94m[48;2;107;135;72m▀[0m[38;2;234;226;123m[48;2;125;160;80m▀[0m[38;2;234;226;123m[48;2;235;227;124m▀[0m[38;2;239;231;125m[48;2;234;226;123m▀[0m[38;2;217;216;216m[48;2;234;226;123m▀[0m[38;2;236;228;124m[48;2;234;226;123m▀[0m[38;2;234;226;123m[48;2;236;228;123m▀[0m[38;2;219;123;57m[48;2;116;149;74m▀[0m[38;2;219;123;57m[48;2;171;91;52m▀[0m[38;2;219;123;57m[48;2;160;84;51m▀[0m[38;2;219;123;58m[48;2;35;19;14m▀[0m[38;2;177;94;53m[48;2;156;83;50m▀[0m[38;2;162;85;52m[48;2;106;134;72m▀[0m[38;2;107;135;72m[48;2;9;11;9m▀[0m         
          [38;2;143;106;60m▄[0m[38;2;1;1;1m▄[0m    [38;2;108;136;73m▀[0m[38;2;107;135;72m[48;2;150;194;93m▀[0m[38;2;107;135;72m[48;2;107;135;72m▀[0m[38;2;107;135;72m[48;2;107;135;72m▀[0m[38;2;107;135;72m[48;2;107;135;72m▀[0m[38;2;69;88;47m[48;2;107;135;72m▀[0m[38;2;110;139;74m[48;2;107;135;72m▀[0m[38;2;107;135;72m[48;2;107;135;72m▀[0m[38;2;107;135;72m[48;2;107;135;72m▀[0m[38;2;98;124;66m[48;2;107;135;72m▀[0m[38;2;161;85;52m[48;2;106;135;72m▀[0m[38;2;161;85;52m[48;2;0;0;0m▀[0m[38;2;81;102;55m▀[0m  [38;2;9;5;4m▄[0m        
       [38;2;4;4;3m▄[0m[38;2;146;96;41m[48;2;140;90;39m▀[0m[38;2;164;121;68m[48;2;164;121;67m▀[0m[38;2;164;121;68m[48;2;164;121;68m▀[0m[38;2;164;121;68m[48;2;164;121;68m▀[0m   [38;2;175;205;119m▄[0m[38;2;154;196;96m[48;2;153;195;95m▀[0m[38;2;151;194;94m[48;2;151;194;94m▀[0m[38;2;138;177;85m[48;2;151;194;94m▀[0m[38;2;107;135;72m[48;2;151;194;94m▀[0m[38;2;107;135;72m[48;2;109;137;73m▀[0m[38;2;107;135;72m[48;2;117;148;76m▀[0m[38;2;109;137;73m[48;2;128;165;81m▀[0m[38;2;107;136;72m[48;2;125;160;81m▀[0m[38;2;108;136;72m[48;2;112;141;75m▀[0m[38;2;79;100;54m[48;2;107;135;72m▀[0m[38;2;100;128;63m[48;2;152;196;94m▀[0m[38;2;207;156;72m[48;2;218;123;58m▀[0m[38;2;219;123;57m[48;2;219;123;58m▀[0m[38;2;219;123;57m[48;2;218;123;58m▀[0m[38;2;218;123;57m[48;2;219;123;58m▀[0m[38;2;219;123;58m[48;2;218;123;57m▀[0m[38;2;187;126;81m[48;2;0;1;2m▀[0m       
       [38;2;140;89;39m[48;2;140;89;39m▀[0m[38;2;141;91;39m[48;2;140;89;39m▀[0m[38;2;140;90;39m▀[0m   [38;2;160;200;103m▄[0m[38;2;180;206;124m[48;2;179;206;123m▀[0m[38;2;180;206;124m[48;2;155;196;98m▀[0m[38;2;151;195;94m[48;2;151;194;94m▀[0m[38;2;151;194;94m[48;2;151;194;94m▀[0m[38;2;154;195;97m[48;2;157;197;100m▀[0m[38;2;151;194;94m[48;2;151;194;94m▀[0m[38;2;151;194;94m[48;2;151;194;94m▀[0m[38;2;151;194;94m[48;2;21;27;15m▀[0m[38;2;150;193;94m[48;2;151;194;94m▀[0m[38;2;151;194;94m[48;2;151;195;94m▀[0m[38;2;115;144;75m[48;2;107;135;72m▀[0m[38;2;107;135;72m[48;2;107;135;72m▀[0m[38;2;107;135;72m[48;2;107;135;72m▀[0m[38;2;218;123;58m[48;2;161;85;52m▀[0m[38;2;219;123;58m[48;2;218;123;58m▀[0m[38;2;219;123;57m[48;2;117;66;34m▀[0m[38;2;219;123;57m▀[0m[38;2;218;123;57m▀[0m        
       [38;2;140;90;39m[48;2;26;17;10m▀[0m[38;2;140;89;39m[48;2;140;89;38m▀[0m[38;2;140;90;39m▄[0m   [38;2;152;195;95m[48;2;151;194;94m▀[0m[38;2;153;195;95m[48;2;151;194;94m▀[0m[38;2;151;194;94m[48;2;151;195;94m▀[0m[38;2;151;194;94m[48;2;151;195;94m▀[0m[38;2;152;196;95m[48;2;137;177;86m▀[0m[38;2;152;195;94m[48;2;151;194;94m▀[0m[38;2;151;194;94m[48;2;151;195;94m▀[0m[38;2;151;194;94m[48;2;151;194;94m▀[0m[38;2;44;58;30m[48;2;117;150;73m▀[0m[38;2;151;194;94m[48;2;151;195;94m▀[0m[38;2;90;115;58m[48;2;107;135;72m▀[0m                
        [38;2;143;91;39m▀[0m[38;2;140;90;39m▀[0m[38;2;140;90;39m[48;2;139;89;38m▀[0m[38;2;75;49;29m[48;2;102;65;37m▀[0m[38;2;42;29;18m[48;2;102;65;37m▀[0m[38;2;107;135;72m[48;2;107;135;72m▀[0m[38;2;118;150;77m[48;2;107;135;72m▀[0m[38;2;151;194;94m[48;2;107;135;72m▀[0m[38;2;151;194;94m[48;2;107;135;72m▀[0m[38;2;140;180;87m[48;2;108;136;73m▀[0m[38;2;156;192;92m[48;2;218;123;58m▀[0m[38;2;161;188;90m[48;2;219;123;57m▀[0m[38;2;205;142;66m[48;2;219;123;58m▀[0m[38;2;129;166;82m[48;2;108;136;72m▀[0m[38;2;108;137;73m[48;2;107;135;72m▀[0m[38;2;107;135;72m[48;2;107;135;72m▀[0m[38;2;105;133;71m[48;2;107;135;72m▀[0m               
             [38;2;106;135;72m▀[0m[38;2;107;135;72m[48;2;108;137;72m▀[0m[38;2;107;135;72m[48;2;107;135;72m▀[0m[38;2;107;135;72m[48;2;107;135;72m▀[0m[38;2;107;135;72m[48;2;7;9;7m▀[0m[38;2;161;85;52m[48;2;162;85;52m▀[0m[38;2;219;123;57m[48;2;161;85;52m▀[0m[38;2;218;123;58m[48;2;161;85;52m▀[0m[38;2;96;118;72m[48;2;87;107;72m▀[0m[38;2;107;135;72m[48;2;86;107;71m▀[0m[38;2;107;135;72m[48;2;26;33;23m▀[0m[38;2;107;135;72m▀[0m               
              [38;2;163;85;52m▀[0m[38;2;20;11;8m▀[0m[38;2;160;84;52m▀[0m [38;2;20;11;8m▀[0m[38;2;161;85;52m▀[0m[38;2;157;82;51m▀[0m[38;2;169;89;54m▀[0m                  
                                        
