                                        
                      [38;2;219;216;148m▄[0m[38;2;241;239;181m▄[0m                
               [38;2;240;238;180m[48;2;241;239;181m▀[0m[38;2;241;239;181m[48;2;241;239;180m▀[0m[38;2;0;0;0m[48;2;240;238;180m▀[0m[38;2;237;235;161m▄[0m  [38;2;0;0;0m[48;2;235;232;152m▀[0m[38;2;240;238;180m[48;2;238;235;163m▀[0m[38;2;241;239;181m[48;2;240;238;180m▀[0m                
               [38;2;222;218;144m▀[0m[38;2;241;239;180m[48;2;234;231;147m▀[0m[38;2;240;237;174m[48;2;233;230;145m▀[0m[38;2;235;232;151m[48;2;234;230;146m▀[0m[38;2;233;229;143m[48;2;233;230;144m▀[0m[38;2;234;232;151m▄[0m[38;2;233;230;144m[48;2;233;229;143m▀[0m[38;2;233;230;143m[48;2;233;229;143m▀[0m[38;2;233;230;143m[48;2;233;229;143m▀[0m                
              [38;2;67;51;35m▄[0m[38;2;177;127;79m▄[0m[38;2;181;133;84m▄[0m[38;2;233;230;143m[48;2;186;142;95m▀[0m[38;2;233;230;143m[48;2;227;223;129m▀[0m[38;2;233;229;143m[48;2;233;229;143m▀[0m[38;2;233;230;145m[48;2;233;229;143m▀[0m[38;2;218;212;98m[48;2;233;229;143m▀[0m[38;2;233;229;143m[48;2;100;71;61m▀[0m[38;2;84;59;52m[48;2;106;74;63m▀[0m[38;2;127;88;63m[48;2;129;90;63m▀[0m[38;2;128;90;63m[48;2;69;49;36m▀[0m              
              [38;2;193;153;108m[48;2;0;0;0m▀[0m[38;2;174;125;77m[48;2;0;0;0m▀[0m[38;2;178;127;78m▀[0m[38;2;140;99;67m▀[0m[38;2;128;89;63m[48;2;240;238;180m▀[0m[38;2;235;233;154m[48;2;241;239;181m▀[0m[38;2;235;232;150m[48;2;241;239;181m▀[0m[38;2;235;232;150m[48;2;241;239;180m▀[0m[38;2;233;230;144m[48;2;240;238;177m▀[0m[38;2;234;230;146m[48;2;235;232;152m▀[0m[38;2;7;6;2m[48;2;233;229;143m▀[0m[38;2;233;229;143m▄[0m[38;2;233;230;144m▄[0m             
                [38;2;241;239;180m▄[0m[38;2;240;238;180m[48;2;241;239;181m▀[0m[38;2;240;238;180m[48;2;240;238;180m▀[0m[38;2;240;238;180m[48;2;240;238;180m▀[0m[38;2;240;238;180m[48;2;240;238;180m▀[0m[38;2;241;239;180m[48;2;240;238;180m▀[0m[38;2;240;238;180m[48;2;241;239;179m▀[0m[38;2;240;237;173m[48;2;238;235;163m▀[0m[38;2;233;230;146m[48;2;227;222;120m▀[0m[38;2;233;230;144m[48;2;233;229;143m▀[0m[38;2;233;229;143m[48;2;233;229;143m▀[0m[38;2;233;229;143m[48;2;233;229;143m▀[0m[38;2;235;232;151m[48;2;189;188;182m▀[0m[38;2;191;185;64m▄[0m [38;2;53;32;32m▄[0m        
              [38;2;7;6;1m▄[0m[38;2;236;233;155m[48;2;234;230;146m▀[0m[38;2;240;238;180m[48;2;236;233;157m▀[0m[38;2;240;238;180m[48;2;240;238;180m▀[0m[38;2;240;238;180m[48;2;125;125;119m▀[0m[38;2;241;239;181m[48;2;247;246;241m▀[0m[38;2;234;230;147m[48;2;247;247;242m▀[0m[38;2;230;227;134m[48;2;246;245;239m▀[0m[38;2;240;238;180m[48;2;244;244;237m▀[0m[38;2;235;232;153m[48;2;162;161;154m▀[0m[38;2;245;245;238m[48;2;245;244;238m▀[0m[38;2;244;244;237m[48;2;244;244;237m▀[0m[38;2;233;229;143m[48;2;10;10;7m▀[0m[38;2;245;245;238m[48;2;244;244;237m▀[0m[38;2;244;244;237m[48;2;244;244;237m▀[0m[38;2;244;244;237m[48;2;244;244;237m▀[0m[38;2;245;245;238m[48;2;244;244;237m▀[0m[38;2;118;73;73m[48;2;32;20;20m▀[0m[38;2;8;5;4m[48;2;87;54;54m▀[0m       
           [38;2;153;96;96m▄[0m[38;2;145;90;90m▄[0m[38;2;120;75;75m▄[0m[38;2;234;231;148m[48;2;119;74;74m▀[0m[38;2;233;230;146m[48;2;121;75;75m▀[0m[38;2;233;230;145m[48;2;233;230;144m▀[0m[38;2;225;221;136m[48;2;244;244;237m▀[0m[38;2;245;244;238m[48;2;244;244;237m▀[0m[38;2;244;244;237m[48;2;245;245;237m▀[0m[38;2;244;244;237m[48;2;38;38;37m▀[0m[38;2;244;244;237m[48;2;255;255;255m▀[0m[38;2;244;244;237m[48;2;244;244;237m▀[0m[38;2;244;244;237m[48;2;244;244;237m▀[0m[38;2;127;127;117m[48;2;244;244;237m▀[0m[38;2;244;244;237m[48;2;244;244;237m▀[0m[38;2;244;244;237m[48;2;245;245;238m▀[0m[38;2;244;244;237m[48;2;244;244;237m▀[0m[38;2;40;39;39m[48;2;255;255;255m▀[0m[38;2;38;38;38m[48;2;38;37;37m▀[0m[38;2;199;199;197m[48;2;255;255;255m▀[0m[38;2;244;244;237m[48;2;244;244;237m▀[0m[38;2;87;54;54m[48;2;87;54;54m▀[0m       
          [38;2;153;96;96m[48;2;77;49;49m▀[0m[38;2;153;96;96m[48;2;153;96;96m▀[0m[38;2;148;93;93m[48;2;138;87;87m▀[0m[38;2;120;75;75m[48;2;118;73;73m▀[0m[38;2;119;73;73m[48;2;119;73;73m▀[0m[38;2;119;74;74m[48;2;119;74;74m▀[0m[38;2;233;229;143m[48;2;235;231;148m▀[0m[38;2;244;244;237m[48;2;244;244;237m▀[0m[38;2;244;244;237m[48;2;244;244;237m▀[0m[38;2;38;38;38m[48;2;37;37;37m▀[0m[38;2;255;255;255m[48;2;255;255;255m▀[0m[38;2;38;37;37m[48;2;38;37;37m▀[0m[38;2;255;255;255m[48;2;255;255;255m▀[0m[38;2;244;244;237m[48;2;244;244;237m▀[0m[38;2;244;244;237m[48;2;221;124;58m▀[0m[38;2;218;123;57m[48;2;219;123;57m▀[0m[38;2;218;123;57m[48;2;229;154;97m▀[0m[38;2;219;123;57m[48;2;218;123;57m▀[0m[38;2;83;82;82m[48;2;219;123;57m▀[0m[38;2;63;58;54m[48;2;43;39;36m▀[0m[38;2;235;235;235m[48;2;255;255;255m▀[0m[38;2;148;147;137m[48;2;218;217;209m▀[0m[38;2;72;45;45m▀[0m       
           [38;2;143;90;90m▀[0m[38;2;121;76;76m[48;2;119;74;74m▀[0m[38;2;119;74;74m[48;2;119;74;74m▀[0m[38;2;118;73;73m[48;2;118;73;73m▀[0m[38;2;118;73;73m[48;2;119;74;74m▀[0m[38;2;169;164;84m[48;2;101;102;51m▀[0m[38;2;244;244;237m[48;2;229;228;220m▀[0m[38;2;244;244;237m[48;2;244;244;237m▀[0m[38;2;30;38;23m[48;2;244;244;237m▀[0m[38;2;38;38;38m[48;2;232;231;231m▀[0m[38;2;79;70;65m[48;2;239;238;238m▀[0m[38;2;255;255;255m[48;2;255;255;255m▀[0m[38;2;244;243;236m[48;2;244;244;237m▀[0m[38;2;218;123;57m[48;2;219;123;57m▀[0m[38;2;222;132;70m[48;2;218;123;57m▀[0m[38;2;229;154;97m[48;2;219;123;58m▀[0m[38;2;219;123;58m[48;2;219;123;57m▀[0m[38;2;218;123;57m[48;2;218;123;57m▀[0m[38;2;219;123;57m[48;2;183;98;53m▀[0m[38;2;231;228;229m[48;2;220;218;212m▀[0m[38;2;219;218;212m[48;2;191;189;181m▀[0m        
             [38;2;118;73;73m▀[0m[38;2;118;73;73m[48;2;88;55;55m▀[0m[38;2;119;74;74m[48;2;87;54;54m▀[0m[38;2;226;222;117m[48;2;193;186;45m▀[0m[38;2;233;229;143m[48;2;193;186;45m▀[0m[38;2;244;244;237m[48;2;215;209;79m▀[0m[38;2;244;244;237m[48;2;244;244;237m▀[0m[38;2;245;245;238m[48;2;244;244;237m▀[0m[38;2;217;216;216m[48;2;244;244;237m▀[0m[38;2;244;244;237m[48;2;244;244;237m▀[0m[38;2;244;244;237m[48;2;244;244;237m▀[0m[38;2;219;123;57m[48;2;190;185;79m▀[0m[38;2;219;123;57m[48;2;171;91;52m▀[0m[38;2;219;123;57m[48;2;160;84;51m▀[0m[38;2;219;123;58m[48;2;35;19;14m▀[0m[38;2;177;94;53m[48;2;156;83;50m▀[0m[38;2;162;85;52m[48;2;191;183;44m▀[0m[38;2;193;186;45m[48;2;11;10;5m▀[0m         
          [38;2;136;85;85m▄[0m[38;2;1;1;1m▄[0m    [38;2;194;188;46m▀[0m[38;2;193;186;45m[48;2;233;229;143m▀[0m[38;2;193;186;45m[48;2;193;186;45m▀[0m[38;2;193;186;45m[48;2;193;186;45m▀[0m[38;2;193;186;45m[48;2;193;186;45m▀[0m[38;2;107;102;23m[48;2;193;186;45m▀[0m[38;2;200;193;47m[48;2;193;186;45m▀[0m[38;2;193;186;45m[48;2;193;186;45m▀[0m[38;2;193;186;45m[48;2;193;186;45m▀[0m[38;2;166;162;41m[48;2;194;186;45m▀[0m[38;2;161;85;52m[48;2;193;186;45m▀[0m[38;2;161;85;52m[48;2;0;0;0m▀[0m[38;2;130;125;29m▀[0m  [38;2;9;5;4m▄[0m        
       [38;2;4;3;4m▄[0m[38;2;126;78;78m[48;2;119;74;74m▀[0m[38;2;153;96;96m[48;2;153;96;96m▀[0m[38;2;153;96;96m[48;2;153;96;96m▀[0m[38;2;153;96;96m[48;2;153;96;96m▀[0m   [38;2;240;237;173m▄[0m[38;2;234;231;148m[48;2;233;230;145m▀[0m[38;2;233;229;143m[48;2;233;229;143m▀[0m[38;2;224;221;111m[48;2;233;229;143m▀[0m[38;2;193;186;45m[48;2;233;229;143m▀[0m[38;2;193;186;45m[48;2;197;189;46m▀[0m[38;2;193;186;45m[48;2;209;202;57m▀[0m[38;2;197;189;45m[48;2;218;212;85m▀[0m[38;2;196;188;45m[48;2;216;210;78m▀[0m[38;2;195;188;45m[48;2;204;197;47m▀[0m[38;2;127;121;26m[48;2;193;186;45m▀[0m[38;2;165;159;55m[48;2;234;230;146m▀[0m[38;2;207;157;73m[48;2;218;123;58m▀[0m[38;2;219;123;57m[48;2;219;123;58m▀[0m[38;2;219;123;57m[48;2;218;123;58m▀[0m[38;2;218;123;57m[48;2;219;123;58m▀[0m[38;2;219;123;58m[48;2;218;123;57m▀[0m[38;2;187;126;81m[48;2;0;1;2m▀[0m       
       [38;2;118;73;73m[48;2;118;73;73m▀[0m[38;2;120;75;75m[48;2;118;73;73m▀[0m[38;2;119;74;74m▀[0m   [38;2;236;233;157m▄[0m[38;2;240;238;180m[48;2;240;238;180m▀[0m[38;2;240;238;180m[48;2;235;231;150m▀[0m[38;2;233;230;144m[48;2;233;229;143m▀[0m[38;2;233;229;143m[48;2;233;229;143m▀[0m[38;2;235;231;148m[48;2;235;233;153m▀[0m[38;2;233;229;143m[48;2;233;229;143m▀[0m[38;2;233;229;143m[48;2;233;229;143m▀[0m[38;2;233;229;143m[48;2;23;25;8m▀[0m[38;2;233;229;142m[48;2;233;229;143m▀[0m[38;2;233;229;143m[48;2;233;230;145m▀[0m[38;2;206;199;51m[48;2;194;187;45m▀[0m[38;2;193;186;45m[48;2;193;186;45m▀[0m[38;2;193;186;45m[48;2;193;186;45m▀[0m[38;2;218;123;58m[48;2;161;85;52m▀[0m[38;2;219;123;58m[48;2;218;123;58m▀[0m[38;2;219;123;57m[48;2;116;72;35m▀[0m[38;2;219;123;57m▀[0m[38;2;218;123;57m▀[0m        
       [38;2;119;73;73m[48;2;23;15;14m▀[0m[38;2;118;73;73m[48;2;118;73;73m▀[0m[38;2;119;73;73m▄[0m   [38;2;233;230;146m[48;2;233;229;143m▀[0m[38;2;234;230;146m[48;2;233;229;143m▀[0m[38;2;233;229;143m[48;2;233;230;144m▀[0m[38;2;233;229;143m[48;2;233;230;144m▀[0m[38;2;234;230;147m[48;2;213;208;123m▀[0m[38;2;233;230;146m[48;2;233;229;143m▀[0m[38;2;233;229;143m[48;2;233;230;145m▀[0m[38;2;233;229;143m[48;2;233;229;143m▀[0m[38;2;57;58;33m[48;2;186;183;98m▀[0m[38;2;233;229;143m[48;2;233;230;144m▀[0m[38;2;132;129;69m[48;2;193;186;45m▀[0m                
        [38;2;121;75;75m▀[0m[38;2;119;73;73m▀[0m[38;2;119;74;74m[48;2;118;73;73m▀[0m[38;2;66;41;41m[48;2;87;54;54m▀[0m[38;2;37;24;24m[48;2;87;54;54m▀[0m[38;2;193;186;45m[48;2;193;186;45m▀[0m[38;2;209;202;63m[48;2;193;186;45m▀[0m[38;2;233;230;144m[48;2;193;186;45m▀[0m[38;2;233;229;143m[48;2;193;186;45m▀[0m[38;2;218;214;124m[48;2;196;189;45m▀[0m[38;2;233;230;142m[48;2;218;123;58m▀[0m[38;2;223;200;117m[48;2;219;123;57m▀[0m[38;2;213;139;62m[48;2;219;123;58m▀[0m[38;2;218;213;88m[48;2;195;188;45m▀[0m[38;2;196;189;46m[48;2;193;185;44m▀[0m[38;2;193;186;45m[48;2;193;186;45m▀[0m[38;2;190;183;44m[48;2;193;186;45m▀[0m               
             [38;2;194;186;44m▀[0m[38;2;193;186;45m[48;2;196;189;45m▀[0m[38;2;193;186;45m[48;2;193;186;45m▀[0m[38;2;193;186;45m[48;2;193;186;45m▀[0m[38;2;193;186;45m[48;2;7;9;7m▀[0m[38;2;161;85;52m[48;2;162;85;52m▀[0m[38;2;219;123;57m[48;2;161;85;52m▀[0m[38;2;218;123;58m[48;2;161;85;52m▀[0m[38;2;168;161;36m[48;2;147;140;29m▀[0m[38;2;193;186;45m[48;2;146;140;30m▀[0m[38;2;193;186;45m[48;2;26;29;13m▀[0m[38;2;194;187;45m▀[0m               
              [38;2;163;85;52m▀[0m[38;2;20;11;8m▀[0m[38;2;160;84;52m▀[0m [38;2;20;11;8m▀[0m[38;2;161;85;52m▀[0m[38;2;157;82;51m▀[0m[38;2;169;89;54m▀[0m                  
                                        
