                                        
                          [38;2;179;130;82m▄[0m[38;2;16;12;8m[48;2;179;160;110m▀[0m[38;2;185;163;115m▄[0m           
                  [38;2;180;193;98m▄[0m[38;2;221;226;114m▄[0m[38;2;0;0;0m[48;2;220;224;109m▀[0m[38;2;220;225;112m▄[0m [38;2;96;71;45m▄[0m[38;2;111;81;51m[48;2;179;130;82m▀[0m[38;2;139;102;65m[48;2;179;130;82m▀[0m[38;2;179;131;83m[48;2;183;136;87m▀[0m[38;2;179;130;81m▀[0m[38;2;180;155;113m▀[0m           
             [38;2;158;115;73m[48;2;128;95;63m▀[0m[38;2;187;136;85m[48;2;128;94;63m▀[0m[38;2;173;126;79m[48;2;129;95;64m▀[0m[38;2;169;123;77m[48;2;221;226;114m▀[0m[38;2;130;96;63m[48;2;220;224;111m▀[0m[38;2;79;80;41m[48;2;243;239;188m▀[0m[38;2;211;215;113m[48;2;220;224;111m▀[0m[38;2;220;224;109m[48;2;220;224;110m▀[0m[38;2;220;224;110m[48;2;225;229;128m▀[0m[38;2;192;196;95m[48;2;223;228;118m▀[0m[38;2;187;138;88m▀[0m                
              [38;2;17;18;8m[48;2;220;225;112m▀[0m[38;2;89;90;54m[48;2;204;200;158m▀[0m[38;2;185;182;144m[48;2;228;224;176m▀[0m[38;2;239;236;186m[48;2;238;234;184m▀[0m[38;2;117;115;89m[48;2;195;199;101m▀[0m[38;2;220;224;109m[48;2;238;234;183m▀[0m[38;2;220;224;112m[48;2;112;110;85m▀[0m[38;2;108;106;82m[48;2;46;46;46m▀[0m[38;2;216;212;168m[48;2;238;234;183m▀[0m[38;2;220;224;108m[48;2;220;224;110m▀[0m[38;2;221;224;111m[48;2;125;128;65m▀[0m[38;2;185;189;94m[48;2;82;61;51m▀[0m[38;2;5;15;12m▄[0m             
            [38;2;68;53;46m▄[0m[38;2;83;82;68m[48;2;67;60;37m▀[0m[38;2;175;173;135m[48;2;92;74;60m▀[0m[38;2;178;176;139m[48;2;219;102;66m▀[0m[38;2;237;112;70m[48;2;237;110;67m▀[0m[38;2;240;124;83m[48;2;237;110;67m▀[0m[38;2;238;234;183m[48;2;236;115;71m▀[0m[38;2;255;255;255m[48;2;97;77;63m▀[0m[38;2;96;76;62m[48;2;100;79;64m▀[0m[38;2;247;210;95m[48;2;251;215;97m▀[0m[38;2;238;234;183m[48;2;238;234;183m▀[0m[38;2;227;231;113m[48;2;176;179;88m▀[0m[38;2;98;77;63m[48;2;69;53;46m▀[0m[38;2;75;59;50m[48;2;81;63;53m▀[0m[38;2;100;80;66m[48;2;70;55;45m▀[0m             
            [38;2;68;53;46m[48;2;68;53;46m▀[0m[38;2;161;182;169m[48;2;162;167;123m▀[0m[38;2;10;9;8m[48;2;164;167;123m▀[0m[38;2;182;88;69m[48;2;182;88;69m▀[0m[38;2;183;88;69m[48;2;183;88;69m▀[0m[38;2;239;113;71m[48;2;183;89;70m▀[0m[38;2;237;114;72m[48;2;237;111;68m▀[0m[38;2;240;234;179m[48;2;66;66;41m▀[0m[38;2;210;179;82m[48;2;238;235;183m▀[0m[38;2;239;235;184m[48;2;217;221;110m▀[0m[38;2;162;166;89m[48;2;221;226;116m▀[0m[38;2;222;227;118m[48;2;220;224;111m▀[0m[38;2;76;60;51m[48;2;222;226;112m▀[0m[38;2;100;79;65m▀[0m              
             [38;2;155;172;89m▀[0m[38;2;154;172;89m[48;2;152;169;88m▀[0m[38;2;76;86;45m[48;2;152;170;89m▀[0m[38;2;182;88;69m[48;2;221;225;111m▀[0m[38;2;183;88;69m[48;2;70;73;39m▀[0m[38;2;220;226;114m[48;2;220;224;111m▀[0m[38;2;220;224;111m[48;2;210;217;111m▀[0m[38;2;219;223;111m[48;2;182;184;138m▀[0m[38;2;46;34;21m[48;2;186;89;69m▀[0m[38;2;238;114;71m[48;2;237;111;68m▀[0m[38;2;219;224;111m[48;2;243;128;87m▀[0m[38;2;220;224;110m[48;2;156;159;78m▀[0m               
             [38;2;35;28;23m▄[0m[38;2;152;169;89m[48;2;72;57;48m▀[0m[38;2;5;100;77m[48;2;21;102;100m▀[0m[38;2;4;145;109m[48;2;22;102;101m▀[0m[38;2;5;146;110m[48;2;99;78;64m▀[0m[38;2;14;146;111m[48;2;97;77;63m▀[0m[38;2;21;103;101m[48;2;74;59;48m▀[0m[38;2;183;88;69m[48;2;184;89;69m▀[0m[38;2;187;90;69m[48;2;186;89;69m▀[0m[38;2;237;110;66m[48;2;173;80;49m▀[0m[38;2;124;59;37m[48;2;99;78;64m▀[0m[38;2;138;141;68m[48;2;220;224;108m▀[0m               
             [38;2;68;53;46m[48;2;74;58;50m▀[0m[38;2;70;54;47m[48;2;68;53;46m▀[0m[38;2;23;103;101m[48;2;22;101;100m▀[0m[38;2;20;97;96m[48;2;20;110;105m▀[0m[38;2;69;54;46m[48;2;69;53;46m▀[0m[38;2;73;58;49m[48;2;68;53;46m▀[0m[38;2;98;78;64m[48;2;68;53;46m▀[0m[38;2;98;78;64m[48;2;68;53;45m▀[0m[38;2;101;81;65m[48;2;83;65;55m▀[0m[38;2;82;66;54m[48;2;97;77;63m▀[0m[38;2;98;78;63m[48;2;211;215;104m▀[0m[38;2;221;225;114m[48;2;220;224;111m▀[0m               
             [38;2;69;53;46m[48;2;68;53;46m▀[0m[38;2;69;54;46m[48;2;68;53;46m▀[0m[38;2;70;54;47m[48;2;81;63;54m▀[0m[38;2;22;14;13m[48;2;184;88;69m▀[0m[38;2;50;55;30m[48;2;155;172;89m▀[0m[38;2;68;53;46m[48;2;152;170;88m▀[0m[38;2;69;53;46m[48;2;152;169;89m▀[0m[38;2;68;53;46m[48;2;142;157;81m▀[0m[38;2;68;53;46m[48;2;130;140;72m▀[0m[38;2;100;79;65m[48;2;220;224;111m▀[0m[38;2;224;228;125m[48;2;224;229;128m▀[0m[38;2;220;224;111m[48;2;220;224;109m▀[0m               
                 [38;2;152;169;88m[48;2;155;172;89m▀[0m[38;2;152;169;89m[48;2;220;224;111m▀[0m[38;2;161;177;91m[48;2;220;225;111m▀[0m[38;2;174;187;96m[48;2;220;224;109m▀[0m[38;2;220;225;112m[48;2;220;224;109m▀[0m[38;2;220;224;108m[48;2;220;224;110m▀[0m[38;2;224;228;127m[48;2;221;225;119m▀[0m[38;2;226;230;113m[48;2;90;92;46m▀[0m[38;2;8;7;5m[48;2;31;26;21m▀[0m[38;2;11;8;7m[48;2;98;77;63m▀[0m             
                [38;2;44;45;22m▄[0m[38;2;220;224;109m[48;2;220;224;110m▀[0m[38;2;220;224;109m[48;2;220;224;111m▀[0m[38;2;220;224;110m[48;2;220;224;108m▀[0m[38;2;220;224;109m[48;2;220;224;109m▀[0m[38;2;220;225;114m[48;2;220;225;111m▀[0m[38;2;220;225;111m[48;2;220;224;111m▀[0m[38;2;221;226;114m[48;2;220;224;108m▀[0m[38;2;85;67;56m[48;2;74;58;48m▀[0m[38;2;98;77;63m[48;2;91;71;59m▀[0m[38;2;87;69;56m▀[0m             
              [38;2;220;224;110m▄[0m[38;2;220;224;108m[48;2;220;225;112m▀[0m[38;2;220;224;109m[48;2;220;225;111m▀[0m[38;2;220;224;109m[48;2;220;224;109m▀[0m[38;2;202;206;101m[48;2;220;224;111m▀[0m[38;2;220;224;108m[48;2;173;187;95m▀[0m[38;2;220;224;109m[48;2;172;186;96m▀[0m[38;2;220;224;109m[48;2;173;187;96m▀[0m[38;2;220;224;108m[48;2;221;225;111m▀[0m[38;2;220;224;110m[48;2;220;224;110m▀[0m[38;2;220;224;109m[48;2;219;224;111m▀[0m[38;2;223;228;115m[48;2;220;224;108m▀[0m              
              [38;2;183;194;97m[48;2;156;172;89m▀[0m[38;2;221;226;116m[48;2;220;224;109m▀[0m[38;2;220;225;113m[48;2;220;224;108m▀[0m[38;2;215;220;111m▀[0m    [38;2;3;3;3m▀[0m[38;2;184;194;97m[48;2;153;170;88m▀[0m[38;2;220;224;111m[48;2;153;170;89m▀[0m[38;2;220;224;108m[48;2;158;175;90m▀[0m              
            [38;2;94;104;55m▄[0m[38;2;155;172;89m▄[0m[38;2;152;170;89m[48;2;181;192;97m▀[0m[38;2;219;223;108m[48;2;220;224;109m▀[0m[38;2;220;224;108m[48;2;220;224;109m▀[0m[38;2;0;0;0m▄[0m     [38;2;153;169;88m[48;2;152;169;88m▀[0m[38;2;154;171;89m[48;2;152;169;89m▀[0m[38;2;152;170;89m[48;2;179;193;98m▀[0m[38;2;178;190;96m▄[0m             
                        [38;2;220;224;109m▀[0m[38;2;220;225;112m▀[0m[38;2;220;225;114m▀[0m[38;2;220;224;109m▀[0m            
                                        
                                        
                                        
