                                        
                                        
                                        
               [38;2;203;228;18m▄[0m[38;2;195;220;17m▄[0m[38;2;180;205;15m▄[0m[38;2;177;203;15m[48;2;197;222;17m▀[0m[38;2;176;203;15m[48;2;186;212;15m▀[0m[38;2;187;212;16m▄[0m[38;2;181;207;15m▄[0m[38;2;110;129;8m▄[0m[38;2;123;143;9m▄[0m                
              [38;2;112;128;9m[48;2;202;227;18m▀[0m[38;2;180;205;15m[48;2;78;98;6m▀[0m[38;2;184;210;16m[48;2;174;200;15m▀[0m[38;2;174;199;15m[48;2;141;166;10m▀[0m[38;2;175;202;15m[48;2;178;203;15m▀[0m[38;2;175;202;15m[48;2;175;201;15m▀[0m[38;2;180;205;15m[48;2;125;146;9m▀[0m[38;2;175;201;15m[48;2;177;202;15m▀[0m[38;2;174;200;15m[48;2;168;193;14m▀[0m[38;2;38;46;4m[48;2;179;205;15m▀[0m[38;2;175;202;15m▄[0m[38;2;120;141;9m▄[0m              
            [38;2;174;199;15m▄[0m[38;2;182;208;15m[48;2;184;210;15m▀[0m[38;2;203;228;18m[48;2;174;199;15m▀[0m[38;2;178;203;15m[48;2;180;205;15m▀[0m[38;2;181;208;15m[48;2;202;191;178m▀[0m[38;2;141;164;10m[48;2;164;188;13m▀[0m[38;2;100;103;51m[48;2;139;129;115m▀[0m[38;2;175;202;15m[48;2;200;189;178m▀[0m[38;2;179;205;15m[48;2;206;227;26m▀[0m[38;2;176;202;15m[48;2;196;220;18m▀[0m[38;2;175;202;15m[48;2;176;203;14m▀[0m[38;2;177;203;15m[48;2;134;158;10m▀[0m[38;2;175;201;15m[48;2;134;158;10m▀[0m[38;2;138;163;10m[48;2;136;160;10m▀[0m[38;2;141;166;10m[48;2;134;158;10m▀[0m             
           [38;2;160;184;13m[48;2;175;202;15m▀[0m[38;2;175;202;15m[48;2;175;202;15m▀[0m[38;2;175;202;15m[48;2;96;106;16m▀[0m[38;2;52;48;43m[48;2;141;166;10m▀[0m[38;2;52;47;42m[48;2;53;48;43m▀[0m[38;2;150;110;99m[48;2;55;50;45m▀[0m[38;2;98;114;8m[48;2;54;49;44m▀[0m[38;2;200;187;177m[48;2;199;92;70m▀[0m[38;2;216;101;64m[48;2;54;49;44m▀[0m[38;2;52;47;42m[48;2;107;53;64m▀[0m[38;2;52;47;42m[48;2;52;47;42m▀[0m[38;2;51;46;41m[48;2;69;35;50m▀[0m[38;2;134;158;10m[48;2;135;159;10m▀[0m[38;2;137;162;10m[48;2;176;203;15m▀[0m[38;2;134;158;10m[48;2;155;178;12m▀[0m[38;2;135;159;10m[48;2;48;39;31m▀[0m[38;2;134;158;10m[48;2;134;158;10m▀[0m[38;2;5;5;2m[48;2;133;157;10m▀[0m           
          [38;2;186;212;15m▄[0m[38;2;157;182;12m[48;2;111;55;69m▀[0m[38;2;103;51;65m[48;2;103;51;65m▀[0m[38;2;103;51;61m[48;2;103;51;61m▀[0m[38;2;149;173;12m[48;2;182;208;15m▀[0m[38;2;148;171;12m[48;2;117;135;9m▀[0m[38;2;239;118;75m[48;2;45;27;26m▀[0m[38;2;237;115;73m[48;2;166;78;71m▀[0m[38;2;237;116;73m[48;2;166;78;71m▀[0m[38;2;39;39;12m[48;2;173;198;14m▀[0m[38;2;103;51;64m[48;2;66;35;48m▀[0m[38;2;102;50;61m[48;2;95;49;62m▀[0m[38;2;195;221;17m[48;2;191;216;17m▀[0m[38;2;155;179;12m[48;2;177;203;15m▀[0m[38;2;130;156;13m[48;2;103;51;63m▀[0m[38;2;103;50;63m[48;2;102;50;60m▀[0m[38;2;103;51;62m[48;2;103;51;61m▀[0m[38;2;103;51;61m[48;2;103;51;65m▀[0m[38;2;139;164;10m[48;2;103;51;63m▀[0m[38;2;36;43;2m▄[0m          
           [38;2;199;188;177m[48;2;46;37;36m▀[0m[38;2;102;50;60m[48;2;103;51;65m▀[0m[38;2;102;50;60m[48;2;103;51;64m▀[0m[38;2;103;51;61m[48;2;102;50;60m▀[0m[38;2;103;51;62m[48;2;102;50;60m▀[0m[38;2;102;50;63m[48;2;102;50;60m▀[0m[38;2;117;55;46m[48;2;86;45;58m▀[0m[38;2;141;65;58m[48;2;67;34;48m▀[0m[38;2;67;34;48m[48;2;67;35;48m▀[0m[38;2;30;24;25m[48;2;103;50;63m▀[0m[38;2;102;50;60m[48;2;103;51;64m▀[0m[38;2;102;50;63m[48;2;103;51;62m▀[0m[38;2;102;50;62m[48;2;102;50;62m▀[0m[38;2;103;51;63m[48;2;102;50;60m▀[0m[38;2;106;51;63m[48;2;102;50;61m▀[0m[38;2;172;161;147m[48;2;71;37;50m▀[0m[38;2;159;150;135m[48;2;159;150;135m▀[0m[38;2;135;127;114m[48;2;31;26;25m▀[0m           
          [38;2;12;10;9m[48;2;110;53;65m▀[0m[38;2;105;51;62m[48;2;102;50;60m▀[0m[38;2;103;51;62m[48;2;103;51;64m▀[0m[38;2;102;50;60m[48;2;103;51;61m▀[0m[38;2;63;57;51m[48;2;42;34;35m▀[0m[38;2;96;49;59m[48;2;203;191;178m▀[0m[38;2;104;51;63m[48;2;199;188;177m▀[0m[38;2;200;189;178m[48;2;201;191;179m▀[0m[38;2;101;52;62m[48;2;200;189;178m▀[0m[38;2;59;55;50m[48;2;200;189;178m▀[0m[38;2;200;189;178m[48;2;208;197;184m▀[0m[38;2;102;50;61m[48;2;200;189;178m▀[0m[38;2;82;44;53m[48;2;201;190;178m▀[0m[38;2;121;112;102m[48;2;200;189;178m▀[0m[38;2;68;61;57m[48;2;200;189;178m▀[0m[38;2;103;51;64m[48;2;69;34;41m▀[0m[38;2;103;51;63m[48;2;103;51;64m▀[0m[38;2;53;43;41m[48;2;102;50;60m▀[0m[38;2;85;46;58m[48;2;102;50;60m▀[0m[38;2;113;56;70m[48;2;103;51;64m▀[0m          
          [38;2;110;53;67m[48;2;102;50;60m▀[0m[38;2;103;51;64m[48;2;103;51;63m▀[0m[38;2;102;50;60m[48;2;103;51;62m▀[0m[38;2;105;51;62m▀[0m[38;2;137;161;10m▀[0m[38;2;149;141;125m▀[0m[38;2;202;190;178m[48;2;90;107;7m▀[0m[38;2;201;190;178m[48;2;145;137;120m▀[0m[38;2;203;191;178m[48;2;146;138;121m▀[0m[38;2;201;189;178m[48;2;67;35;50m▀[0m[38;2;199;188;177m[48;2;66;34;49m▀[0m[38;2;201;190;178m[48;2;145;137;120m▀[0m[38;2;199;188;177m[48;2;145;137;120m▀[0m[38;2;197;185;172m[48;2;24;19;20m▀[0m[38;2;59;55;48m[48;2;27;17;21m▀[0m[38;2;50;20;38m[48;2;51;21;37m▀[0m[38;2;102;50;60m[48;2;51;21;37m▀[0m[38;2;106;52;62m[48;2;102;50;60m▀[0m[38;2;102;50;60m[48;2;105;51;64m▀[0m[38;2;102;50;60m[48;2;77;42;53m▀[0m          
        [38;2;5;3;3m▄[0m[38;2;27;15;17m[48;2;102;51;62m▀[0m[38;2;103;51;63m[48;2;102;50;62m▀[0m[38;2;67;34;49m[48;2;102;50;60m▀[0m[38;2;71;36;52m[48;2;40;25;30m▀[0m    [38;2;29;16;22m▀[0m[38;2;148;139;123m[48;2;145;137;120m▀[0m[38;2;151;141;125m[48;2;146;137;121m▀[0m[38;2;64;34;47m[48;2;65;34;47m▀[0m[38;2;64;34;47m[48;2;64;34;47m▀[0m[38;2;37;30;29m[48;2;46;27;35m▀[0m[38;2;145;137;120m[48;2;148;139;123m▀[0m[38;2;66;62;54m[48;2;147;141;123m▀[0m[38;2;47;20;34m[48;2;51;21;37m▀[0m[38;2;49;20;37m[48;2;146;171;11m▀[0m[38;2;44;34;34m[48;2;68;44;48m▀[0m[38;2;103;51;65m[48;2;102;50;62m▀[0m[38;2;103;51;64m[48;2;101;50;60m▀[0m[38;2;48;26;35m[48;2;103;51;64m▀[0m[38;2;104;52;63m▄[0m        
       [38;2;102;50;62m▄[0m[38;2;102;51;62m[48;2;102;53;64m▀[0m[38;2;101;50;60m[48;2;102;50;62m▀[0m[38;2;103;51;61m[48;2;103;51;63m▀[0m[38;2;103;51;64m[48;2;103;50;63m▀[0m[38;2;101;51;63m[48;2;103;51;64m▀[0m     [38;2;127;149;9m[48;2;37;44;3m▀[0m[38;2;140;164;10m[48;2;142;167;10m▀[0m[38;2;35;23;27m[48;2;134;158;10m▀[0m[38;2;64;34;48m[48;2;49;20;37m▀[0m[38;2;113;106;93m[48;2;52;22;38m▀[0m[38;2;31;23;23m[48;2;51;53;12m▀[0m[38;2;140;164;10m[48;2;69;84;4m▀[0m[38;2;137;161;10m[48;2;137;160;10m▀[0m[38;2;139;163;10m[48;2;48;21;36m▀[0m[38;2;103;51;63m[48;2;103;50;63m▀[0m[38;2;102;50;60m[48;2;102;50;60m▀[0m[38;2;102;52;63m[48;2;102;50;60m▀[0m[38;2;102;50;62m[48;2;103;51;63m▀[0m[38;2;102;50;62m[48;2;102;50;62m▀[0m[38;2;27;20;20m[48;2;102;50;60m▀[0m       
      [38;2;109;126;9m▄[0m[38;2;105;50;65m[48;2;203;228;18m▀[0m[38;2;102;50;60m[48;2;200;224;18m▀[0m[38;2;103;50;63m[48;2;174;199;15m▀[0m[38;2;102;50;61m[48;2;174;199;15m▀[0m[38;2;102;50;60m[48;2;120;142;9m▀[0m[38;2;102;50;61m[48;2;103;51;65m▀[0m  [38;2;64;34;48m▄[0m[38;2;70;38;53m[48;2;64;34;47m▀[0m[38;2;64;34;48m[48;2;64;34;47m▀[0m[38;2;64;34;47m[48;2;64;34;48m▀[0m[38;2;54;23;39m[48;2;50;20;37m▀[0m[38;2;50;20;35m[48;2;50;20;37m▀[0m[38;2;50;20;35m[48;2;52;22;40m▀[0m[38;2;50;20;35m[48;2;2;2;2m▀[0m[38;2;50;20;35m▀[0m[38;2;50;20;36m▀[0m[38;2;49;20;37m[48;2;48;22;35m▀[0m[38;2;49;20;37m[48;2;26;16;20m▀[0m[38;2;102;50;61m[48;2;103;51;64m▀[0m[38;2;103;51;64m[48;2;104;54;64m▀[0m[38;2;102;50;60m[48;2;187;214;15m▀[0m[38;2;102;50;61m[48;2;175;201;15m▀[0m[38;2;103;51;64m[48;2;174;199;15m▀[0m[38;2;102;50;62m[48;2;178;203;15m▀[0m[38;2;139;163;10m▄[0m      
     [38;2;177;202;14m▄[0m[38;2;178;205;15m[48;2;174;200;15m▀[0m[38;2;202;225;18m[48;2;174;200;15m▀[0m[38;2;175;202;15m[48;2;175;201;15m▀[0m[38;2;175;200;15m[48;2;174;199;15m▀[0m[38;2;174;199;15m[48;2;175;202;15m▀[0m[38;2;174;199;15m[48;2;174;199;15m▀[0m[38;2;137;161;10m[48;2;134;158;10m▀[0m  [38;2;64;34;47m[48;2;64;34;47m▀[0m[38;2;65;35;48m[48;2;64;34;47m▀[0m[38;2;64;34;47m[48;2;64;34;47m▀[0m[38;2;58;26;43m[48;2;65;34;48m▀[0m[38;2;50;20;37m▀[0m      [38;2;64;34;47m[48;2;182;208;15m▀[0m[38;2;174;200;15m[48;2;174;199;15m▀[0m[38;2;202;225;18m[48;2;202;226;18m▀[0m[38;2;174;200;15m[48;2;174;199;15m▀[0m[38;2;174;199;15m[48;2;174;199;15m▀[0m[38;2;174;199;15m[48;2;174;199;15m▀[0m[38;2;178;203;15m[48;2;174;199;15m▀[0m[38;2;175;201;15m[48;2;174;199;15m▀[0m[38;2;131;154;9m▄[0m     
      [38;2;143;167;15m▀[0m[38;2;175;200;15m[48;2;200;189;178m▀[0m[38;2;140;132;115m[48;2;200;189;177m▀[0m[38;2;62;60;39m[48;2;200;189;178m▀[0m[38;2;175;202;15m[48;2;140;133;115m▀[0m[38;2;167;193;14m[48;2;152;143;127m▀[0m[38;2;137;161;10m▀[0m  [38;2;64;34;47m[48;2;58;30;43m▀[0m[38;2;64;34;47m[48;2;64;34;47m▀[0m[38;2;64;34;47m[48;2;64;34;47m▀[0m[38;2;64;34;47m[48;2;64;34;47m▀[0m[38;2;10;8;9m▄[0m      [38;2;83;97;6m[48;2;200;189;178m▀[0m[38;2;80;75;43m[48;2;199;188;177m▀[0m[38;2;204;229;18m[48;2;163;155;138m▀[0m[38;2;174;199;15m[48;2;178;167;153m▀[0m[38;2;153;145;128m[48;2;200;189;178m▀[0m[38;2;177;203;15m[48;2;155;146;130m▀[0m[38;2;174;199;15m[48;2;154;145;127m▀[0m[38;2;150;141;125m[48;2;153;144;127m▀[0m[38;2;174;199;15m▀[0m     
       [38;2;198;187;174m[48;2;127;119;107m▀[0m[38;2;202;191;179m[48;2;207;195;182m▀[0m[38;2;201;190;178m[48;2;199;188;177m▀[0m[38;2;59;55;45m[48;2;105;98;85m▀[0m[38;2;199;188;177m[48;2;199;187;174m▀[0m[38;2;175;165;151m▄[0m[38;2;137;129;111m▄[0m[38;2;201;190;178m[48;2;137;129;111m▀[0m[38;2;202;190;178m[48;2;137;129;111m▀[0m[38;2;137;129;111m[48;2;137;129;111m▀[0m[38;2;131;124;107m[48;2;137;129;111m▀[0m[38;2;64;34;47m[48;2;137;129;111m▀[0m[38;2;56;29;41m[48;2;152;144;129m▀[0m     [38;2;93;86;79m▄[0m[38;2;200;189;178m[48;2;115;109;98m▀[0m[38;2;20;12;16m[48;2;6;6;5m▀[0m[38;2;200;189;178m[48;2;201;190;178m▀[0m[38;2;200;189;178m[48;2;199;188;177m▀[0m[38;2;200;189;178m[48;2;197;186;174m▀[0m[38;2;199;188;177m[48;2;203;191;178m▀[0m[38;2;200;189;177m[48;2;200;189;178m▀[0m[38;2;166;155;139m[48;2;204;193;181m▀[0m      
      [38;2;75;70;63m▀[0m[38;2;184;175;162m[48;2;72;67;61m▀[0m[38;2;200;189;178m[48;2;199;189;177m▀[0m[38;2;159;149;134m[48;2;201;190;178m▀[0m[38;2;157;148;132m[48;2;173;163;148m▀[0m   [38;2;8;8;7m▀[0m             [38;2;166;156;144m[48;2;174;163;150m▀[0m[38;2;199;188;177m[48;2;203;191;178m▀[0m[38;2;200;189;178m[48;2;81;77;67m▀[0m[38;2;200;189;178m[48;2;200;188;176m▀[0m[38;2;200;189;178m[48;2;202;190;177m▀[0m[38;2;199;189;177m[48;2;31;29;25m▀[0m[38;2;106;98;92m▀[0m     
                                        
                                        
