                                        
                  [38;2;215;123;68m▄[0m[38;2;215;123;68m[48;2;215;123;68m▀[0m      [38;2;49;30;18m▄[0m             
                 [38;2;223;128;70m[48;2;215;115;60m▀[0m[38;2;215;123;68m[48;2;214;109;55m▀[0m[38;2;215;123;67m[48;2;208;86;40m▀[0m   [38;2;214;107;53m▄[0m[38;2;113;65;37m[48;2;215;123;68m▀[0m[38;2;215;123;68m[48;2;215;123;68m▀[0m[38;2;215;123;68m[48;2;215;124;68m▀[0m             
                [38;2;31;14;8m[48;2;211;85;40m▀[0m[38;2;208;84;40m[48;2;208;84;40m▀[0m[38;2;208;84;40m[48;2;208;84;40m▀[0m[38;2;208;84;40m[48;2;208;84;40m▀[0m [38;2;208;84;40m▄[0m[38;2;208;84;40m[48;2;208;84;40m▀[0m[38;2;209;88;40m[48;2;208;84;40m▀[0m[38;2;215;116;61m[48;2;208;84;40m▀[0m[38;2;214;115;60m[48;2;208;84;40m▀[0m[38;2;210;91;40m[48;2;141;59;30m▀[0m             
                [38;2;213;98;50m[48;2;255;254;252m▀[0m[38;2;240;165;106m[48;2;137;113;63m▀[0m[38;2;236;162;104m[48;2;255;255;255m▀[0m[38;2;236;162;104m[48;2;255;255;255m▀[0m[38;2;32;21;15m[48;2;255;255;255m▀[0m[38;2;236;162;104m[48;2;178;179;179m▀[0m[38;2;234;160;103m[48;2;238;199;116m▀[0m[38;2;116;86;54m[48;2;255;255;255m▀[0m[38;2;215;103;52m[48;2;241;188;145m▀[0m[38;2;208;84;40m[48;2;146;100;65m▀[0m              
                [38;2;255;255;255m[48;2;255;255;255m▀[0m[38;2;241;201;117m[48;2;243;204;118m▀[0m[38;2;231;232;235m[48;2;69;62;47m▀[0m[38;2;173;172;172m[48;2;255;255;255m▀[0m[38;2;255;255;255m[48;2;239;199;116m▀[0m[38;2;237;198;116m[48;2;237;198;116m▀[0m[38;2;135;113;65m[48;2;255;255;255m▀[0m[38;2;255;255;255m[48;2;255;255;255m▀[0m[38;2;255;255;255m[48;2;255;255;255m▀[0m[38;2;250;250;250m▄[0m              
                 [38;2;161;153;158m[48;2;180;169;174m▀[0m[38;2;68;56;40m[48;2;140;132;139m▀[0m[38;2;181;170;175m[48;2;180;169;174m▀[0m[38;2;195;156;93m[48;2;180;169;174m▀[0m[38;2;197;188;192m▀[0m[38;2;188;178;182m▀[0m[38;2;255;255;255m▀[0m                
               [38;2;66;64;64m▄[0m[38;2;255;255;255m▄[0m[38;2;255;255;255m[48;2;255;255;255m▀[0m[38;2;255;255;255m[48;2;255;255;255m▀[0m[38;2;255;255;255m[48;2;255;255;255m▀[0m[38;2;255;255;255m[48;2;255;255;255m▀[0m[38;2;255;255;255m[48;2;255;255;255m▀[0m[38;2;255;255;255m▄[0m[38;2;255;255;255m▄[0m[38;2;255;255;255m[48;2;255;255;255m▀[0m [38;2;255;255;255m▄[0m             
              [38;2;255;255;255m▄[0m[38;2;255;255;255m[48;2;255;255;255m▀[0m[38;2;255;255;255m[48;2;243;210;142m▀[0m[38;2;214;176;118m[48;2;240;201;121m▀[0m[38;2;242;205;130m[48;2;238;198;116m▀[0m[38;2;255;255;255m[48;2;249;247;247m▀[0m[38;2;255;255;255m[48;2;211;85;39m▀[0m[38;2;255;255;255m[48;2;89;88;87m▀[0m[38;2;255;255;255m[48;2;255;255;255m▀[0m[38;2;255;255;255m[48;2;255;255;255m▀[0m[38;2;225;225;224m[48;2;255;255;255m▀[0m[38;2;255;255;255m[48;2;255;255;255m▀[0m[38;2;255;255;255m▀[0m             
           [38;2;163;163;162m▄[0m [38;2;212;212;212m[48;2;255;255;255m▀[0m[38;2;255;255;255m[48;2;255;255;255m▀[0m[38;2;105;103;102m[48;2;143;66;45m▀[0m[38;2;238;198;116m[48;2;255;255;255m▀[0m[38;2;239;175;129m[48;2;255;255;255m▀[0m[38;2;255;255;255m[48;2;255;255;255m▀[0m[38;2;255;255;255m[48;2;168;167;167m▀[0m[38;2;255;255;255m[48;2;119;75;100m▀[0m[38;2;255;255;255m[48;2;240;241;240m▀[0m[38;2;255;255;255m[48;2;255;255;255m▀[0m[38;2;255;255;255m[48;2;255;255;255m▀[0m[38;2;255;255;255m[48;2;51;48;49m▀[0m[38;2;103;102;100m▀[0m              
           [38;2;128;127;125m▀[0m[38;2;255;255;255m[48;2;255;255;255m▀[0m[38;2;255;255;255m[48;2;255;255;255m▀[0m[38;2;255;255;255m[48;2;255;255;255m▀[0m[38;2;187;187;188m[48;2;255;255;255m▀[0m[38;2;255;255;255m[48;2;255;255;255m▀[0m[38;2;68;67;67m[48;2;143;92;101m▀[0m[38;2;255;255;255m[48;2;143;91;101m▀[0m[38;2;115;73;96m[48;2;119;77;98m▀[0m[38;2;115;73;96m[48;2;196;133;139m▀[0m[38;2;246;246;246m[48;2;255;255;255m▀[0m[38;2;255;255;255m[48;2;186;176;180m▀[0m[38;2;191;181;185m▀[0m[38;2;7;7;7m▄[0m[38;2;255;255;255m▄[0m[38;2;255;255;255m▄[0m[38;2;255;255;255m▄[0m[38;2;255;255;255m▄[0m           
               [38;2;129;128;128m▀[0m[38;2;255;255;255m▀[0m[38;2;255;255;255m▀[0m[38;2;56;37;40m[48;2;17;15;15m▀[0m[38;2;203;137;144m[48;2;112;44;23m▀[0m[38;2;217;211;214m[48;2;185;173;179m▀[0m[38;2;180;169;174m[48;2;155;63;36m▀[0m[38;2;255;255;255m▄[0m[38;2;255;255;255m[48;2;105;99;96m▀[0m[38;2;255;255;255m[48;2;180;76;35m▀[0m[38;2;255;255;255m[48;2;205;83;40m▀[0m[38;2;255;255;255m[48;2;198;84;38m▀[0m[38;2;255;255;255m▀[0m            
              [38;2;255;255;255m▄[0m[38;2;80;79;79m[48;2;255;255;255m▀[0m[38;2;255;255;255m[48;2;255;255;255m▀[0m[38;2;255;255;255m[48;2;255;255;255m▀[0m[38;2;255;255;255m▀[0m[38;2;248;248;248m[48;2;255;255;255m▀[0m[38;2;255;255;255m[48;2;255;255;255m▀[0m[38;2;255;255;255m[48;2;255;255;255m▀[0m[38;2;255;255;255m▄[0m[38;2;208;84;40m[48;2;189;180;185m▀[0m[38;2;131;54;31m[48;2;179;166;169m▀[0m[38;2;154;63;36m[48;2;179;166;169m▀[0m[38;2;154;63;36m[48;2;180;169;175m▀[0m             
             [38;2;235;235;234m▀[0m[38;2;255;255;255m▀[0m[38;2;255;255;255m▀[0m   [38;2;255;255;255m[48;2;255;255;255m▀[0m[38;2;255;255;255m[48;2;255;255;255m▀[0m[38;2;255;255;255m[48;2;229;226;227m▀[0m[38;2;143;143;142m[48;2;89;80;98m▀[0m[38;2;189;179;184m[48;2;228;223;226m▀[0m[38;2;180;169;174m[48;2;170;133;82m▀[0m[38;2;180;168;174m[48;2;170;133;82m▀[0m[38;2;119;111;114m▀[0m             
                    [38;2;194;186;189m▀[0m[38;2;182;170;176m[48;2;180;169;174m▀[0m [38;2;255;255;255m▀[0m[38;2;170;132;82m[48;2;180;169;174m▀[0m[38;2;170;132;82m[48;2;184;173;178m▀[0m              
                      [38;2;255;255;255m▄[0m[38;2;255;255;255m▄[0m[38;2;253;253;253m▀[0m[38;2;239;235;237m▀[0m              
                      [38;2;255;255;255m[48;2;255;255;255m▀[0m[38;2;255;255;255m[48;2;255;255;255m▀[0m[38;2;255;255;255m▄[0m               
                      [38;2;177;177;176m[48;2;185;185;184m▀[0m[38;2;255;255;255m[48;2;255;255;255m▀[0m[38;2;255;255;255m[48;2;255;255;255m▀[0m[38;2;4;4;4m▄[0m              
                      [38;2;92;92;92m▀[0m[38;2;208;84;40m[48;2;187;97;50m▀[0m[38;2;150;62;30m[48;2;216;123;68m▀[0m[38;2;171;70;34m▀[0m              
                                        
