                                        
                      [38;2;255;176;211m▄[0m[38;2;255;172;205m▄[0m[38;2;255;173;207m▄[0m[38;2;255;171;205m▄[0m              
                    [38;2;255;131;178m▄[0m[38;2;255;161;196m[48;2;255;147;188m▀[0m[38;2;255;168;204m[48;2;255;160;196m▀[0m[38;2;255;173;207m[48;2;255;168;204m▀[0m[38;2;255;173;207m[48;2;255;170;204m▀[0m[38;2;255;173;207m[48;2;255;172;206m▀[0m              
                  [38;2;0;160;218m▄[0m[38;2;249;128;172m[48;2;255;131;178m▀[0m[38;2;255;131;178m[48;2;255;129;177m▀[0m[38;2;255;131;178m[48;2;255;131;178m▀[0m[38;2;255;146;187m[48;2;255;135;180m▀[0m[38;2;255;161;197m[48;2;255;142;185m▀[0m[38;2;255;163;199m[48;2;255;147;188m▀[0m               
                 [38;2;3;96;131m▄[0m[38;2;255;138;184m[48;2;255;131;178m▀[0m[38;2;255;130;178m[48;2;255;129;177m▀[0m[38;2;255;131;178m[48;2;255;130;178m▀[0m[38;2;255;130;178m[48;2;255;130;178m▀[0m[38;2;255;131;178m[48;2;255;129;177m▀[0m[38;2;255;131;178m[48;2;255;131;178m▀[0m[38;2;237;120;161m▀[0m               
                 [38;2;0;196;249m[48;2;1;138;179m▀[0m[38;2;255;130;178m[48;2;230;93;148m▀[0m[38;2;255;131;178m[48;2;255;131;178m▀[0m[38;2;255;131;178m[48;2;255;131;178m▀[0m[38;2;255;131;178m[48;2;255;131;178m▀[0m[38;2;255;130;178m[48;2;3;3;4m▀[0m[38;2;255;133;181m▄[0m[38;2;255;131;178m▄[0m               
                 [38;2;1;109;154m[48;2;0;149;196m▀[0m[38;2;230;93;148m[48;2;230;94;149m▀[0m[38;2;255;131;178m[48;2;231;97;150m▀[0m[38;2;255;129;181m[48;2;255;131;178m▀[0m[38;2;43;13;23m[48;2;255;131;178m▀[0m[38;2;255;131;178m[48;2;255;131;178m▀[0m[38;2;255;131;178m[48;2;255;130;178m▀[0m[38;2;255;131;178m[48;2;255;131;178m▀[0m[38;2;139;41;68m▀[0m              
                [38;2;138;162;179m▄[0m[38;2;0;195;248m[48;2;174;198;223m▀[0m[38;2;230;93;147m[48;2;173;198;223m▀[0m[38;2;230;94;149m[48;2;78;27;47m▀[0m[38;2;255;131;178m[48;2;0;0;1m▀[0m[38;2;255;130;178m▀[0m[38;2;255;130;178m▀[0m[38;2;249;126;168m▀[0m                
            [38;2;141;175;213m▄[0m[38;2;50;61;71m[48;2;165;191;217m▀[0m[38;2;167;193;218m[48;2;170;194;218m▀[0m[38;2;173;196;219m[48;2;170;195;218m▀[0m[38;2;170;195;218m[48;2;170;194;218m▀[0m[38;2;170;194;218m[48;2;170;194;218m▀[0m[38;2;170;194;218m[48;2;170;194;218m▀[0m[38;2;170;194;218m[48;2;170;194;218m▀[0m[38;2;168;193;217m[48;2;169;194;218m▀[0m[38;2;139;174;213m▄[0m[38;2;107;140;167m▄[0m                 
          [38;2;138;173;212m▄[0m[38;2;137;172;212m[48;2;255;255;255m▀[0m[38;2;140;174;212m[48;2;33;47;53m▀[0m[38;2;170;194;218m[48;2;155;183;215m▀[0m[38;2;170;194;218m[48;2;170;194;218m▀[0m[38;2;170;194;218m[48;2;220;237;240m▀[0m[38;2;170;194;218m[48;2;170;194;218m▀[0m[38;2;170;194;218m[48;2;170;194;218m▀[0m[38;2;170;194;218m[48;2;158;186;215m▀[0m[38;2;170;194;218m[48;2;146;181;219m▀[0m[38;2;145;177;213m[48;2;243;242;242m▀[0m[38;2;138;173;212m[48;2;138;173;212m▀[0m[38;2;138;173;212m[48;2;137;173;212m▀[0m[38;2;20;27;31m[48;2;138;173;212m▀[0m                
         [38;2;143;180;221m[48;2;138;173;212m▀[0m[38;2;237;236;236m[48;2;0;171;235m▀[0m[38;2;28;36;47m[48;2;0;194;251m▀[0m[38;2;255;255;255m[48;2;255;255;255m▀[0m[38;2;138;173;213m[48;2;206;229;237m▀[0m[38;2;112;124;127m[48;2;205;228;236m▀[0m[38;2;205;228;237m[48;2;205;228;236m▀[0m[38;2;145;178;216m[48;2;205;228;236m▀[0m[38;2;138;173;213m[48;2;29;41;47m▀[0m[38;2;136;172;212m[48;2;33;33;33m▀[0m[38;2;255;255;255m[48;2;255;255;255m▀[0m[38;2;255;255;255m[48;2;1;20;32m▀[0m[38;2;255;255;255m[48;2;255;255;255m▀[0m[38;2;138;173;212m[48;2;139;176;217m▀[0m[38;2;138;173;213m[48;2;138;173;212m▀[0m[38;2;136;171;209m[48;2;137;173;212m▀[0m [38;2;31;43;48m▄[0m[38;2;45;64;71m▄[0m            
        [38;2;22;30;34m▄[0m[38;2;139;174;214m[48;2;138;174;213m▀[0m[38;2;0;190;249m[48;2;99;183;235m▀[0m[38;2;24;29;31m[48;2;99;181;231m▀[0m[38;2;255;255;255m[48;2;255;255;255m▀[0m[38;2;205;228;236m[48;2;205;228;236m▀[0m[38;2;205;228;236m[48;2;205;228;236m▀[0m[38;2;204;228;236m[48;2;205;228;236m▀[0m[38;2;205;228;236m[48;2;205;228;236m▀[0m[38;2;205;228;236m[48;2;205;228;236m▀[0m[38;2;243;243;243m[48;2;118;117;117m▀[0m[38;2;255;255;255m[48;2;245;245;244m▀[0m[38;2;0;194;249m[48;2;34;180;242m▀[0m[38;2;255;255;255m[48;2;255;255;255m▀[0m[38;2;31;38;40m[48;2;44;49;52m▀[0m[38;2;137;173;213m[48;2;138;173;212m▀[0m[38;2;138;173;212m[48;2;137;173;212m▀[0m[38;2;139;175;215m[48;2;107;146;171m▀[0m[38;2;138;173;212m[48;2;138;173;212m▀[0m[38;2;137;173;212m[48;2;138;172;212m▀[0m[38;2;138;173;212m[48;2;137;173;213m▀[0m[38;2;57;78;90m[48;2;138;173;212m▀[0m          
        [38;2;21;30;34m▀[0m[38;2;0;194;248m[48;2;0;195;248m▀[0m[38;2;255;255;255m[48;2;0;196;248m▀[0m[38;2;255;255;255m[48;2;210;234;242m▀[0m[38;2;206;229;237m[48;2;205;228;236m▀[0m[38;2;205;228;236m[48;2;204;228;236m▀[0m[38;2;205;228;236m[48;2;205;228;236m▀[0m[38;2;205;228;236m[48;2;208;232;240m▀[0m[38;2;205;228;236m[48;2;205;228;236m▀[0m[38;2;205;228;236m[48;2;205;228;237m▀[0m[38;2;207;230;239m[48;2;204;228;236m▀[0m[38;2;105;181;233m[48;2;144;143;142m▀[0m[38;2;58;58;58m[48;2;255;255;255m▀[0m[38;2;255;255;255m[48;2;255;255;255m▀[0m[38;2;132;169;205m[48;2;0;195;248m▀[0m[38;2;137;173;212m[48;2;123;158;192m▀[0m[38;2;137;173;213m[48;2;138;172;213m▀[0m[38;2;68;89;106m[48;2;86;111;133m▀[0m[38;2;137;173;213m[48;2;0;195;250m▀[0m[38;2;137;173;212m[48;2;138;174;213m▀[0m[38;2;137;172;212m[48;2;137;173;213m▀[0m[38;2;138;173;212m[48;2;138;173;212m▀[0m[38;2;138;173;212m[48;2;138;173;212m▀[0m         
         [38;2;111;119;126m▀[0m[38;2;95;102;105m[48;2;143;152;160m▀[0m[38;2;204;228;236m[48;2;143;152;160m▀[0m[38;2;205;228;236m[48;2;176;193;202m▀[0m[38;2;205;229;237m[48;2;144;92;102m▀[0m[38;2;98;110;113m[48;2;138;87;101m▀[0m[38;2;167;186;192m[48;2;117;75;98m▀[0m[38;2;205;229;236m[48;2;127;81;99m▀[0m[38;2;204;228;236m[48;2;151;96;106m▀[0m[38;2;205;228;236m[48;2;10;11;10m▀[0m[38;2;205;228;237m[48;2;204;227;235m▀[0m[38;2;204;228;236m[48;2;205;228;237m▀[0m[38;2;0;194;248m[48;2;210;233;242m▀[0m[38;2;0;195;248m[48;2;145;154;163m▀[0m[38;2;133;166;204m[48;2;100;121;148m▀[0m[38;2;100;121;148m[48;2;0;194;248m▀[0m[38;2;0;195;248m[48;2;0;195;248m▀[0m[38;2;0;194;248m[48;2;0;195;248m▀[0m[38;2;0;195;248m[48;2;0;193;247m▀[0m[38;2;138;173;212m[48;2;136;172;212m▀[0m[38;2;137;173;213m[48;2;138;173;212m▀[0m[38;2;138;173;212m[48;2;138;173;212m▀[0m[38;2;0;0;0m[48;2;17;22;23m▀[0m        
           [38;2;147;156;165m▀[0m[38;2;143;152;161m▀[0m[38;2;19;13;15m[48;2;40;42;44m▀[0m[38;2;24;15;17m[48;2;143;152;161m▀[0m[38;2;197;135;141m[48;2;135;143;152m▀[0m[38;2;198;135;141m[48;2;78;54;56m▀[0m[38;2;198;135;141m[48;2;155;106;111m▀[0m[38;2;198;136;141m[48;2;142;97;101m▀[0m[38;2;198;136;141m[48;2;139;147;155m▀[0m[38;2;143;152;161m[48;2;143;152;161m▀[0m[38;2;143;152;161m[48;2;29;30;32m▀[0m[38;2;143;152;161m[48;2;138;173;212m▀[0m[38;2;139;176;216m[48;2;137;173;212m▀[0m[38;2;0;192;248m[48;2;95;124;147m▀[0m[38;2;0;195;248m[48;2;0;195;248m▀[0m[38;2;0;193;248m[48;2;0;194;248m▀[0m[38;2;0;193;248m[48;2;142;179;218m▀[0m[38;2;137;173;213m[48;2;100;122;149m▀[0m[38;2;138;174;214m[48;2;100;121;148m▀[0m[38;2;100;121;148m[48;2;100;121;148m▀[0m[38;2;0;0;0m▀[0m        
               [38;2;76;101;120m▄[0m[38;2;2;2;2m[48;2;42;56;65m▀[0m[38;2;138;148;159m[48;2;160;174;183m▀[0m[38;2;143;152;160m[48;2;143;152;160m▀[0m[38;2;100;121;148m[48;2;146;156;165m▀[0m[38;2;43;54;64m[48;2;140;177;217m▀[0m[38;2;87;119;139m[48;2;97;130;153m▀[0m[38;2;114;141;172m[48;2;58;79;92m▀[0m[38;2;125;155;190m[48;2;102;124;152m▀[0m[38;2;118;146;179m[48;2;98;119;147m▀[0m[38;2;102;125;153m[48;2;93;115;140m▀[0m[38;2;102;123;152m[48;2;100;121;148m▀[0m[38;2;100;121;148m[48;2;99;120;148m▀[0m[38;2;100;121;148m[48;2;100;121;148m▀[0m[38;2;100;122;150m[48;2;104;126;155m▀[0m[38;2;103;126;154m▀[0m         
               [38;2;140;177;218m[48;2;84;109;130m▀[0m[38;2;91;109;144m▄[0m[38;2;205;228;236m[48;2;202;225;233m▀[0m[38;2;205;228;236m[48;2;205;228;236m▀[0m[38;2;205;228;236m[48;2;205;228;236m▀[0m[38;2;138;173;212m[48;2;76;101;119m▀[0m[38;2;138;173;212m[48;2;139;175;214m▀[0m[38;2;140;176;216m[48;2;99;121;148m▀[0m[38;2;138;173;212m[48;2;17;23;28m▀[0m[38;2;85;106;127m[48;2;104;135;162m▀[0m[38;2;100;121;148m[48;2;100;121;148m▀[0m[38;2;100;121;148m[48;2;100;121;148m▀[0m[38;2;100;121;148m[48;2;83;103;125m▀[0m[38;2;100;122;149m▀[0m           
               [38;2;138;173;212m[48;2;169;193;217m▀[0m[38;2;138;173;212m[48;2;80;96;139m▀[0m[38;2;100;121;148m[48;2;82;97;142m▀[0m[38;2;100;121;148m[48;2;100;122;150m▀[0m[38;2;100;121;148m[48;2;106;130;160m▀[0m[38;2;67;87;102m[48;2;117;145;177m▀[0m[38;2;153;182;214m[48;2;170;194;218m▀[0m[38;2;79;94;136m[48;2;9;9;11m▀[0m[38;2;11;15;16m[48;2;99;121;148m▀[0m[38;2;13;16;17m▀[0m               
              [38;2;138;173;213m▀[0m[38;2;160;189;209m▀[0m[38;2;2;1;1m▀[0m    [38;2;170;194;218m▀[0m[38;2;13;16;17m▀[0m[38;2;70;97;110m▀[0m[38;2;138;173;212m▀[0m[38;2;137;173;213m▀[0m              
                                        
