             [38;2;79;121;155m▄[0m[38;2;93;142;182m▄[0m                         
            [38;2;20;29;38m▄[0m[38;2;90;138;176m[48;2;90;137;176m▀[0m[38;2;90;138;178m[48;2;90;138;176m▀[0m                         
            [38;2;12;23;33m▀[0m[38;2;34;100;151m[48;2;27;95;148m▀[0m[38;2;63;117;163m[48;2;27;94;147m▀[0m                         
              [38;2;26;95;148m[48;2;157;131;170m▀[0m[38;2;35;102;154m▄[0m[38;2;126;179;197m▄[0m[38;2;127;179;197m▄[0m[38;2;128;181;199m▄[0m                     
          [38;2;33;29;35m▄[0m[38;2;176;154;188m▄[0m[38;2;176;154;188m[48;2;176;154;188m▀[0m[38;2;176;154;188m[48;2;89;137;176m▀[0m[38;2;89;138;176m[48;2;90;137;176m▀[0m[38;2;33;50;61m[48;2;129;182;201m▀[0m[38;2;126;179;197m[48;2;127;179;197m▀[0m[38;2;126;179;197m[48;2;127;179;197m▀[0m[38;2;127;179;197m[48;2;127;179;197m▀[0m[38;2;126;179;197m[48;2;127;179;197m▀[0m[38;2;91;159;181m[48;2;99;163;185m▀[0m[38;2;76;151;176m▄[0m                  
         [38;2;80;65;89m[48;2;185;165;196m▀[0m[38;2;176;155;188m[48;2;176;154;188m▀[0m[38;2;176;154;188m[48;2;4;6;7m▀[0m[38;2;90;137;176m[48;2;90;138;176m▀[0m[38;2;89;137;176m[48;2;90;138;176m▀[0m[38;2;89;138;176m[48;2;76;107;118m▀[0m[38;2;127;179;196m[48;2;120;175;195m▀[0m[38;2;127;179;196m[48;2;119;175;194m▀[0m[38;2;127;179;196m[48;2;189;204;147m▀[0m[38;2;127;179;196m[48;2;171;192;120m▀[0m[38;2;127;179;197m[48;2;37;74;90m▀[0m[38;2;81;153;177m[48;2;75;150;175m▀[0m[38;2;75;150;175m[48;2;75;150;175m▀[0m[38;2;76;150;176m[48;2;76;150;175m▀[0m[38;2;65;129;150m▄[0m                
        [38;2;152;123;168m[48;2;146;116;163m▀[0m[38;2;182;163;193m[48;2;147;117;164m▀[0m[38;2;176;155;188m[48;2;149;121;164m▀[0m[38;2;88;136;175m[48;2;33;99;151m▀[0m[38;2;90;138;176m[48;2;32;97;150m▀[0m[38;2;87;135;174m[48;2;78;151;176m▀[0m[38;2;86;156;179m[48;2;76;150;175m▀[0m[38;2;80;153;177m[48;2;75;150;175m▀[0m[38;2;165;188;112m[48;2;165;188;111m▀[0m[38;2;165;188;112m[48;2;165;188;110m▀[0m[38;2;165;188;110m[48;2;166;188;111m▀[0m[38;2;166;188;111m[48;2;165;188;111m▀[0m[38;2;76;150;176m[48;2;76;150;175m▀[0m[38;2;76;150;175m[48;2;75;149;175m▀[0m[38;2;75;150;176m[48;2;75;150;175m▀[0m[38;2;76;150;175m[48;2;76;150;175m▀[0m                
       [38;2;148;118;165m[48;2;146;116;163m▀[0m[38;2;145;116;164m[48;2;146;116;163m▀[0m[38;2;146;116;163m[48;2;146;116;163m▀[0m[38;2;17;60;94m[48;2;28;99;154m▀[0m[38;2;27;94;147m[48;2;76;151;176m▀[0m[38;2;77;152;178m[48;2;75;150;176m▀[0m[38;2;75;150;176m[48;2;75;150;175m▀[0m[38;2;76;152;178m[48;2;75;150;175m▀[0m[38;2;75;151;176m[48;2;75;150;175m▀[0m[38;2;255;255;255m[48;2;255;255;255m▀[0m[38;2;255;255;255m[48;2;255;255;255m▀[0m[38;2;255;255;255m[48;2;255;255;255m▀[0m[38;2;255;255;255m[48;2;247;247;247m▀[0m[38;2;27;95;148m[48;2;27;95;148m▀[0m[38;2;27;95;148m[48;2;26;94;148m▀[0m[38;2;75;150;175m[48;2;75;150;176m▀[0m[38;2;38;75;87m▀[0m                
       [38;2;147;117;165m▀[0m[38;2;145;116;163m[48;2;0;0;0m▀[0m[38;2;145;116;163m▀[0m[38;2;75;148;173m▀[0m[38;2;69;138;161m[48;2;76;150;175m▀[0m[38;2;75;150;175m[48;2;73;146;170m▀[0m[38;2;75;150;175m[48;2;75;150;176m▀[0m[38;2;75;150;175m[48;2;75;150;175m▀[0m[38;2;75;150;175m[48;2;75;150;175m▀[0m[38;2;76;150;175m[48;2;75;150;175m▀[0m[38;2;133;132;132m[48;2;75;150;175m▀[0m[38;2;30;43;48m[48;2;75;150;176m▀[0m[38;2;73;145;170m[48;2;75;150;175m▀[0m[38;2;14;36;52m[48;2;76;150;176m▀[0m[38;2;76;150;176m[48;2;65;123;141m▀[0m[38;2;74;146;171m[48;2;60;111;126m▀[0m     [38;2;0;0;0m▄[0m[38;2;127;178;197m▄[0m[38;2;126;178;196m[48;2;127;179;197m▀[0m[38;2;90;158;181m[48;2;82;153;177m▀[0m[38;2;76;150;176m[48;2;75;150;175m▀[0m[38;2;77;152;178m[48;2;75;150;175m▀[0m[38;2;75;150;175m▄[0m     
  [38;2;190;206;151m▄[0m[38;2;7;9;5m[48;2;175;195;126m▀[0m[38;2;163;185;109m[48;2;165;188;110m▀[0m[38;2;166;188;111m[48;2;165;188;111m▀[0m[38;2;151;171;100m[48;2;165;188;111m▀[0m[38;2;126;138;79m▀[0m[38;2;93;127;103m▀[0m[38;2;60;112;127m▀[0m[38;2;28;53;60m▀[0m[38;2;3;4;5m▀[0m[38;2;76;151;177m▀[0m[38;2;75;150;175m▀[0m[38;2;75;150;175m▀[0m[38;2;75;150;176m▀[0m[38;2;79;157;184m▀[0m[38;2;75;150;176m▀[0m[38;2;75;150;175m[48;2;32;54;69m▀[0m[38;2;66;126;144m[48;2;60;111;126m▀[0m[38;2;60;112;126m[48;2;60;111;126m▀[0m[38;2;60;111;126m[48;2;60;111;126m▀[0m[38;2;60;111;126m[48;2;60;112;126m▀[0m     [38;2;123;177;196m[48;2;78;152;176m▀[0m[38;2;120;175;194m[48;2;77;150;176m▀[0m[38;2;83;153;178m[48;2;26;96;149m▀[0m[38;2;26;95;149m[48;2;26;95;148m▀[0m[38;2;27;90;137m[48;2;26;95;148m▀[0m[38;2;75;150;175m[48;2;50;98;116m▀[0m[38;2;76;150;175m[48;2;76;150;175m▀[0m[38;2;43;86;102m▄[0m    
 [38;2;153;166;122m▀[0m[38;2;191;206;151m[48;2;191;206;152m▀[0m[38;2;178;196;130m[48;2;181;199;136m▀[0m[38;2;167;189;113m[48;2;167;190;116m▀[0m[38;2;166;188;111m[48;2;161;183;108m▀[0m[38;2;165;188;111m[48;2;166;188;111m▀[0m            [38;2;13;20;26m▀[0m[38;2;3;12;18m[48;2;15;71;107m▀[0m[38;2;60;111;126m[48;2;15;70;106m▀[0m[38;2;60;111;126m[48;2;60;111;126m▀[0m[38;2;59;111;126m[48;2;66;125;143m▀[0m[38;2;75;150;176m▀[0m[38;2;76;150;176m▀[0m[38;2;61;122;142m[48;2;5;10;11m▀[0m[38;2;78;157;183m▄[0m[38;2;76;150;175m[48;2;75;150;175m▀[0m[38;2;75;149;175m[48;2;26;53;62m▀[0m[38;2;13;47;72m[48;2;76;150;175m▀[0m[38;2;26;94;148m[48;2;76;150;176m▀[0m[38;2;45;115;159m[48;2;76;150;175m▀[0m[38;2;18;34;40m[48;2;75;150;175m▀[0m[38;2;75;150;175m[48;2;74;145;170m▀[0m[38;2;63;121;139m[48;2;1;1;1m▀[0m    
  [38;2;192;208;152m▀[0m[38;2;30;33;22m▀[0m [38;2;129;146;86m▀[0m[38;2;165;188;111m▀[0m             [38;2;189;184;181m[48;2;191;186;183m▀[0m[38;2;13;64;96m[48;2;255;255;255m▀[0m[38;2;12;46;71m[48;2;248;248;248m▀[0m[38;2;76;150;175m[48;2;52;102;119m▀[0m[38;2;75;150;176m[48;2;76;150;175m▀[0m[38;2;75;150;175m▄[0m  [38;2;4;6;9m▀[0m[38;2;75;150;175m▀[0m[38;2;75;150;175m[48;2;10;12;8m▀[0m[38;2;75;150;175m▀[0m[38;2;8;17;20m▀[0m[38;2;63;119;136m[48;2;60;112;126m▀[0m[38;2;60;112;126m[48;2;59;111;126m▀[0m     
                    [38;2;255;255;255m[48;2;255;255;255m▀[0m[38;2;255;255;255m[48;2;255;255;255m▀[0m[38;2;255;255;255m[48;2;255;255;255m▀[0m[38;2;255;255;255m[48;2;255;255;255m▀[0m[38;2;76;152;177m[48;2;255;255;255m▀[0m[38;2;76;150;176m[48;2;75;150;176m▀[0m[38;2;75;150;176m[48;2;75;150;175m▀[0m[38;2;76;150;175m▄[0m  [38;2;166;188;111m[48;2;106;121;70m▀[0m[38;2;165;188;111m▄[0m[38;2;60;111;126m[48;2;48;52;29m▀[0m[38;2;60;111;126m[48;2;60;111;126m▀[0m[38;2;24;44;49m▀[0m     
                  [38;2;76;152;177m▄[0m[38;2;5;9;10m[48;2;77;153;179m▀[0m[38;2;255;255;255m[48;2;255;255;255m▀[0m[38;2;255;255;255m[48;2;255;255;255m▀[0m[38;2;255;255;255m[48;2;255;255;255m▀[0m[38;2;255;255;255m[48;2;255;255;255m▀[0m[38;2;255;255;255m[48;2;255;255;255m▀[0m[38;2;202;201;201m[48;2;255;255;255m▀[0m[38;2;75;150;175m[48;2;79;158;185m▀[0m[38;2;76;150;176m[48;2;76;150;175m▀[0m[38;2;76;150;175m[48;2;75;150;175m▀[0m[38;2;67;133;156m▄[0m[38;2;55;101;117m[48;2;45;76;98m▀[0m[38;2;165;188;111m[48;2;166;188;111m▀[0m[38;2;166;188;111m[48;2;166;188;111m▀[0m[38;2;168;191;112m[48;2;165;188;111m▀[0m[38;2;166;188;111m▄[0m[38;2;55;58;43m▄[0m[38;2;191;206;152m▄[0m   
              [38;2;56;101;115m▄[0m[38;2;76;150;176m▄[0m[38;2;75;150;175m[48;2;75;150;175m▀[0m[38;2;75;150;175m[48;2;75;150;175m▀[0m[38;2;75;150;175m[48;2;75;150;176m▀[0m[38;2;76;150;176m[48;2;76;150;175m▀[0m[38;2;255;255;255m[48;2;255;255;255m▀[0m[38;2;255;255;255m[48;2;255;255;255m▀[0m[38;2;255;255;255m[48;2;255;255;255m▀[0m[38;2;255;255;255m[48;2;255;255;255m▀[0m[38;2;255;255;255m[48;2;255;255;255m▀[0m[38;2;255;255;255m[48;2;255;255;255m▀[0m[38;2;76;150;175m[48;2;76;150;176m▀[0m[38;2;76;150;175m[48;2;120;176;194m▀[0m[38;2;80;152;176m[48;2;127;179;197m▀[0m[38;2;76;150;175m[48;2;89;158;180m▀[0m[38;2;86;96;56m[48;2;75;150;175m▀[0m[38;2;170;194;114m▀[0m[38;2;165;188;111m[48;2;70;79;47m▀[0m[38;2;165;188;111m[48;2;170;192;120m▀[0m[38;2;169;191;119m[48;2;188;205;146m▀[0m[38;2;190;206;150m[48;2;12;13;9m▀[0m    
             [38;2;88;156;179m▄[0m[38;2;125;178;196m[48;2;82;153;177m▀[0m[38;2;77;151;176m[48;2;75;150;175m▀[0m[38;2;75;150;175m[48;2;75;150;175m▀[0m[38;2;75;150;175m[48;2;76;151;178m▀[0m[38;2;75;150;176m[48;2;1;1;1m▀[0m[38;2;76;150;175m▀[0m[38;2;76;150;176m▀[0m[38;2;255;255;255m▀[0m[38;2;255;255;255m[48;2;52;52;52m▀[0m[38;2;255;255;255m[48;2;255;255;255m▀[0m[38;2;255;255;255m[48;2;255;255;255m▀[0m[38;2;255;255;255m[48;2;255;255;255m▀[0m[38;2;81;153;177m▀[0m[38;2;126;179;197m[48;2;127;179;196m▀[0m[38;2;126;179;197m[48;2;126;179;197m▀[0m[38;2;109;169;189m[48;2;85;155;178m▀[0m[38;2;76;150;175m[48;2;75;150;175m▀[0m[38;2;28;56;65m▄[0m        
              [38;2;56;104;118m▀[0m[38;2;60;111;126m▀[0m[38;2;60;111;126m[48;2;95;128;102m▀[0m[38;2;126;138;79m▄[0m         [38;2;97;163;184m▀[0m[38;2;91;159;181m▀[0m[38;2;76;151;176m[48;2;63;126;147m▀[0m[38;2;75;150;176m[48;2;76;150;175m▀[0m[38;2;76;152;177m[48;2;75;150;175m▀[0m[38;2;75;150;176m▄[0m[38;2;76;150;175m▄[0m      
             [38;2;149;170;101m▄[0m[38;2;132;144;87m▄[0m[38;2;126;138;79m▄[0m[38;2;126;138;79m▄[0m[38;2;126;138;79m[48;2;126;138;79m▀[0m[38;2;126;138;79m[48;2;126;138;79m▀[0m[38;2;141;157;90m▀[0m             [38;2;75;150;176m▀[0m[38;2;150;184;125m[48;2;164;188;110m▀[0m[38;2;165;188;111m[48;2;166;188;111m▀[0m[38;2;165;188;111m▄[0m   
            [38;2;170;192;119m▀[0m[38;2;172;194;123m▀[0m[38;2;187;204;144m▀[0m[38;2;167;189;113m▀[0m[38;2;165;188;111m▀[0m[38;2;127;139;80m▀[0m              [38;2;191;206;151m▄[0m[38;2;188;204;146m▄[0m[38;2;126;139;79m[48;2;75;82;58m▀[0m[38;2;124;137;79m[48;2;191;206;152m▀[0m[38;2;165;188;111m[48;2;188;204;146m▀[0m[38;2;156;177;104m[48;2;168;190;116m▀[0m  
                               [38;2;50;57;34m▀[0m[38;2;168;190;115m▀[0m[38;2;167;190;113m▀[0m[38;2;174;197;119m▀[0m[38;2;169;191;118m▀[0m[38;2;168;190;115m▀[0m[38;2;168;191;113m▀[0m  
