                                        
                                        
                                        
                                        
                                        
                [38;2;232;231;232m▄[0m[38;2;177;171;185m▄[0m[38;2;182;177;191m▄[0m[38;2;183;179;192m▄[0m[38;2;189;185;197m▄[0m[38;2;3;3;3m▄[0m          [38;2;248;248;249m▄[0m[38;2;106;106;107m▄[0m[38;2;95;95;95m▄[0m[38;2;121;121;121m[48;2;95;95;95m▀[0m[38;2;23;23;23m▄[0m   
               [38;2;172;168;182m[48;2;183;179;192m▀[0m[38;2;184;179;193m[48;2;183;179;193m▀[0m[38;2;183;179;192m[48;2;39;38;41m▀[0m[38;2;79;75;83m[48;2;211;209;216m▀[0m[38;2;194;192;202m[48;2;189;186;198m▀[0m[38;2;204;204;208m▀[0m[38;2;38;35;38m▀[0m      [38;2;242;242;243m▄[0m[38;2;5;5;5m[48;2;242;243;243m▀[0m[38;2;236;236;236m[48;2;238;238;238m▀[0m[38;2;237;237;238m[48;2;237;237;238m▀[0m[38;2;235;236;236m[48;2;232;232;233m▀[0m[38;2;97;97;97m[48;2;117;127;130m▀[0m[38;2;96;96;96m[48;2;88;88;88m▀[0m[38;2;95;95;95m[48;2;37;37;37m▀[0m[38;2;64;64;64m[48;2;50;50;50m▀[0m   
                 [38;2;200;199;204m[48;2;69;68;69m▀[0m[38;2;155;154;157m[48;2;35;36;35m▀[0m[38;2;214;214;214m[48;2;236;236;216m▀[0m[38;2;229;229;208m▄[0m[38;2;233;233;207m▄[0m[38;2;1;1;1m▄[0m   [38;2;234;234;235m▄[0m[38;2;241;242;243m[48;2;243;243;244m▀[0m[38;2;243;243;244m[48;2;243;243;244m▀[0m[38;2;240;241;241m[48;2;190;188;189m▀[0m[38;2;238;238;238m[48;2;158;147;147m▀[0m[38;2;187;184;186m[48;2;162;152;152m▀[0m[38;2;156;149;150m▀[0m[38;2;160;153;153m▀[0m[38;2;49;50;51m▀[0m     
               [38;2;245;245;235m▄[0m[38;2;56;57;55m[48;2;248;248;246m▀[0m[38;2;230;231;213m[48;2;86;86;85m▀[0m[38;2;226;227;206m[48;2;254;254;254m▀[0m[38;2;234;234;220m[48;2;129;128;129m▀[0m[38;2;226;227;206m[48;2;228;230;209m▀[0m[38;2;227;227;206m[48;2;226;227;207m▀[0m[38;2;226;227;203m[48;2;224;224;200m▀[0m[38;2;203;204;164m[48;2;202;205;163m▀[0m[38;2;5;4;4m[48;2;201;203;159m▀[0m[38;2;45;47;41m▄[0m[38;2;242;242;243m[48;2;243;243;243m▀[0m[38;2;243;243;244m[48;2;243;243;244m▀[0m[38;2;241;242;242m[48;2;238;239;239m▀[0m[38;2;156;146;147m[48;2;174;166;168m▀[0m    [38;2;114;111;111m▄[0m[38;2;122;122;122m▄[0m[38;2;124;124;124m▄[0m[38;2;67;67;67m▄[0m  
              [38;2;12;13;12m[48;2;235;236;222m▀[0m[38;2;248;249;247m[48;2;108;108;108m▀[0m[38;2;255;255;255m[48;2;255;255;255m▀[0m[38;2;255;255;255m[48;2;255;255;255m▀[0m[38;2;255;255;255m[48;2;248;250;253m▀[0m[38;2;248;250;253m[48;2;249;250;253m▀[0m[38;2;249;250;253m[48;2;249;251;254m▀[0m[38;2;204;203;183m[48;2;244;246;251m▀[0m[38;2;211;212;178m[48;2;205;206;167m▀[0m[38;2;201;203;163m[48;2;201;202;160m▀[0m[38;2;201;203;158m[48;2;200;202;159m▀[0m[38;2;201;203;159m[48;2;200;202;159m▀[0m[38;2;241;242;242m[48;2;239;238;239m▀[0m[38;2;243;243;244m[48;2;241;241;241m▀[0m[38;2;236;236;236m[48;2;236;236;237m▀[0m[38;2;244;244;244m[48;2;236;236;236m▀[0m[38;2;2;2;2m[48;2;232;232;233m▀[0m[38;2;244;244;244m[48;2;225;224;225m▀[0m[38;2;223;223;223m[48;2;225;224;225m▀[0m[38;2;225;225;225m[48;2;225;224;225m▀[0m[38;2;124;124;124m[48;2;199;191;191m▀[0m[38;2;125;125;125m[48;2;124;124;124m▀[0m[38;2;124;124;124m[48;2;126;126;126m▀[0m[38;2;89;89;89m[48;2;84;84;84m▀[0m  
  [38;2;94;94;94m[48;2;101;101;101m▀[0m[38;2;126;126;126m[48;2;101;101;101m▀[0m[38;2;125;125;125m[48;2;125;125;125m▀[0m[38;2;241;242;243m[48;2;125;125;125m▀[0m[38;2;38;37;39m[48;2;228;228;228m▀[0m[38;2;238;239;239m▄[0m[38;2;238;238;239m▄[0m[38;2;236;237;237m▄[0m[38;2;243;243;243m▄[0m  [38;2;1;0;1m[48;2;194;197;170m▀[0m[38;2;228;228;208m[48;2;227;227;206m▀[0m[38;2;255;255;255m[48;2;251;252;254m▀[0m[38;2;250;253;255m[48;2;248;250;253m▀[0m[38;2;248;250;253m[48;2;248;250;253m▀[0m[38;2;249;251;253m[48;2;245;249;253m▀[0m[38;2;248;250;254m[48;2;242;245;251m▀[0m[38;2;243;245;251m[48;2;241;244;251m▀[0m[38;2;242;244;251m[48;2;242;245;251m▀[0m[38;2;205;208;167m[48;2;200;202;160m▀[0m[38;2;201;202;158m[48;2;201;202;160m▀[0m[38;2;200;202;160m[48;2;201;203;160m▀[0m[38;2;200;202;159m[48;2;200;202;159m▀[0m[38;2;200;202;159m[48;2;200;202;160m▀[0m[38;2;235;236;236m[48;2;70;83;88m▀[0m[38;2;236;236;236m[48;2;177;169;172m▀[0m[38;2;236;236;236m[48;2;52;50;50m▀[0m[38;2;232;232;233m[48;2;27;25;26m▀[0m[38;2;225;224;225m[48;2;164;156;157m▀[0m[38;2;225;225;225m[48;2;166;157;159m▀[0m[38;2;217;215;216m[48;2;7;6;6m▀[0m[38;2;47;46;46m▀[0m[38;2;40;40;40m▀[0m[38;2;19;19;19m▀[0m   
   [38;2;100;100;100m[48;2;103;103;103m▀[0m[38;2;67;67;67m[48;2;69;69;69m▀[0m[38;2;125;125;125m[48;2;70;70;70m▀[0m[38;2;149;145;145m[48;2;71;70;70m▀[0m[38;2;239;239;239m[48;2;172;163;166m▀[0m[38;2;239;239;239m[48;2;172;163;167m▀[0m[38;2;239;239;239m[48;2;153;146;149m▀[0m[38;2;239;239;240m[48;2;236;235;238m▀[0m[38;2;231;231;231m[48;2;226;226;226m▀[0m[38;2;83;83;84m[48;2;224;224;224m▀[0m[38;2;202;203;163m[48;2;155;157;128m▀[0m[38;2;213;214;181m[48;2;201;203;161m▀[0m[38;2;196;200;172m[48;2;200;203;160m▀[0m[38;2;243;245;251m[48;2;72;75;78m▀[0m[38;2;241;244;251m[48;2;242;244;251m▀[0m[38;2;242;245;251m[48;2;242;245;251m▀[0m[38;2;241;244;251m[48;2;244;245;251m▀[0m[38;2;242;245;251m[48;2;244;249;253m▀[0m[38;2;242;244;251m[48;2;201;203;159m▀[0m[38;2;200;203;158m[48;2;200;203;159m▀[0m[38;2;200;202;159m[48;2;214;215;214m▀[0m[38;2;167;169;133m[48;2;103;98;103m▀[0m[38;2;201;203;159m[48;2;218;218;218m▀[0m[38;2;201;202;158m[48;2;200;203;159m▀[0m[38;2;170;172;137m[48;2;33;38;40m▀[0m            
         [38;2;86;82;84m▀[0m[38;2;175;169;170m[48;2;149;145;146m▀[0m[38;2;219;217;222m[48;2;175;174;179m▀[0m[38;2;225;225;225m[48;2;218;218;220m▀[0m[38;2;95;94;95m[48;2;206;206;212m▀[0m[38;2;201;203;162m[48;2;119;119;119m▀[0m[38;2;201;204;162m[48;2;175;175;177m▀[0m[38;2;202;203;163m[48;2;200;202;159m▀[0m[38;2;201;202;162m[48;2;200;202;159m▀[0m[38;2;208;208;165m[48;2;200;202;160m▀[0m[38;2;203;206;161m[48;2;201;202;159m▀[0m[38;2;201;203;159m[48;2;200;203;160m▀[0m[38;2;200;203;159m[48;2;202;203;159m▀[0m[38;2;203;205;161m[48;2;202;205;165m▀[0m[38;2;52;49;52m[48;2;160;160;164m▀[0m[38;2;131;127;147m[48;2;186;187;188m▀[0m[38;2;211;212;211m[48;2;160;160;165m▀[0m[38;2;215;217;174m[48;2;208;210;176m▀[0m             
      [38;2;69;69;69m[48;2;69;69;69m▀[0m[38;2;112;112;112m[48;2;69;69;69m▀[0m[38;2;120;120;120m[48;2;118;118;118m▀[0m[38;2;235;235;236m[48;2;104;104;104m▀[0m[38;2;222;222;223m[48;2;208;206;213m▀[0m[38;2;217;217;220m[48;2;202;198;210m▀[0m[38;2;209;207;215m[48;2;202;199;210m▀[0m[38;2;73;69;75m[48;2;95;92;100m▀[0m[38;2;100;95;100m[48;2;25;25;25m▀[0m[38;2;102;96;102m[48;2;210;211;211m▀[0m[38;2;161;160;164m[48;2;164;164;168m▀[0m[38;2;201;202;160m[48;2;199;202;160m▀[0m[38;2;199;202;159m[48;2;199;201;160m▀[0m[38;2;200;202;159m[48;2;202;205;164m▀[0m[38;2;199;202;161m[48;2;203;205;167m▀[0m[38;2;204;205;167m[48;2;213;215;185m▀[0m[38;2;213;214;183m[48;2;221;223;196m▀[0m[38;2;219;220;194m[48;2;223;223;198m▀[0m[38;2;220;222;196m[48;2;220;221;197m▀[0m[38;2;219;222;196m[48;2;47;51;53m▀[0m              
      [38;2;72;72;72m▀[0m[38;2;69;69;69m[48;2;42;42;42m▀[0m[38;2;0;0;0m[48;2;55;55;55m▀[0m[38;2;24;24;24m[48;2;112;120;125m▀[0m[38;2;175;168;172m[48;2;188;181;189m▀[0m[38;2;176;167;172m[48;2;152;149;154m▀[0m[38;2;179;172;174m▀[0m[38;2;76;72;73m▀[0m [38;2;66;65;68m▀[0m[38;2;6;6;6m▀[0m[38;2;211;211;175m▀[0m[38;2;204;206;168m▀[0m[38;2;228;228;210m[48;2;16;18;19m▀[0m[38;2;230;230;214m[48;2;215;218;185m▀[0m[38;2;217;219;190m[48;2;55;56;51m▀[0m[38;2;222;222;196m▀[0m[38;2;224;224;198m▀[0m                
                                        
                                        
                                        
                                        
                                        
