                                        
                                        
                                        
                                        
                   [38;2;56;62;73m▄[0m   [38;2;6;8;10m▄[0m  [38;2;57;63;68m▄[0m             
                   [38;2;81;88;95m[48;2;82;89;95m▀[0m[38;2;81;88;95m[48;2;82;89;95m▀[0m[38;2;0;1;1m[48;2;81;88;93m▀[0m[38;2;82;88;93m▄[0m[38;2;80;86;92m[48;2;14;16;21m▀[0m[38;2;6;8;10m[48;2;69;74;81m▀[0m[38;2;58;64;69m▄[0m[38;2;59;64;69m[48;2;234;221;158m▀[0m[38;2;57;63;69m[48;2;234;221;164m▀[0m[38;2;56;63;68m▄[0m[38;2;70;76;82m[48;2;69;75;82m▀[0m          
                  [38;2;234;220;160m▄[0m[38;2;64;75;90m[48;2;230;216;156m▀[0m[38;2;78;85;92m[48;2;67;74;82m▀[0m[38;2;76;83;91m[48;2;72;79;86m▀[0m[38;2;76;81;90m[48;2;70;76;84m▀[0m[38;2;62;69;77m[48;2;66;71;80m▀[0m[38;2;62;70;77m[48;2;62;70;77m▀[0m[38;2;58;64;70m[48;2;56;62;68m▀[0m[38;2;56;63;68m[48;2;56;62;68m▀[0m[38;2;56;63;68m[48;2;56;62;68m▀[0m[38;2;234;221;159m[48;2;56;63;68m▀[0m[38;2;49;56;63m[48;2;46;50;55m▀[0m[38;2;57;66;71m[48;2;55;61;68m▀[0m         
           [38;2;235;225;168m▄[0m[38;2;234;223;162m▄[0m[38;2;149;146;114m▄[0m  [38;2;0;0;0m▄[0m[38;2;213;197;137m[48;2;209;198;144m▀[0m[38;2;229;216;155m[48;2;103;103;87m▀[0m[38;2;226;212;154m[48;2;85;79;56m▀[0m[38;2;60;66;72m[48;2;217;206;152m▀[0m[38;2;62;69;75m[48;2;59;64;70m▀[0m[38;2;58;63;69m[48;2;56;62;68m▀[0m[38;2;78;78;82m[48;2;218;217;220m▀[0m[38;2;37;36;38m[48;2;228;229;232m▀[0m[38;2;178;46;48m[48;2;182;46;49m▀[0m[38;2;178;46;47m[48;2;179;47;47m▀[0m[38;2;17;19;21m[48;2;228;229;232m▀[0m[38;2;34;38;43m[48;2;224;223;228m▀[0m[38;2;56;62;68m[48;2;38;41;42m▀[0m[38;2;124;121;127m[48;2;104;104;108m▀[0m[38;2;132;131;138m[48;2;49;48;51m▀[0m[38;2;129;128;134m[48;2;105;105;109m▀[0m[38;2;123;123;128m▀[0m[38;2;75;75;80m▀[0m     
           [38;2;6;4;3m[48;2;235;223;163m▀[0m[38;2;235;226;167m[48;2;235;227;168m▀[0m[38;2;188;174;117m[48;2;234;222;158m▀[0m[38;2;232;221;156m[48;2;233;222;157m▀[0m[38;2;231;220;155m[48;2;232;220;156m▀[0m[38;2;235;229;172m[48;2;235;226;163m▀[0m[38;2;235;229;171m[48;2;235;229;171m▀[0m[38;2;235;230;172m[48;2;235;229;171m▀[0m[38;2;235;229;171m[48;2;235;230;172m▀[0m[38;2;235;229;171m[48;2;235;229;172m▀[0m[38;2;235;229;171m[48;2;235;230;172m▀[0m[38;2;56;62;68m[48;2;235;229;169m▀[0m[38;2;216;214;218m[48;2;56;63;68m▀[0m[38;2;217;215;218m[48;2;217;217;219m▀[0m[38;2;222;222;226m[48;2;228;229;232m▀[0m[38;2;158;43;48m[48;2;228;229;232m▀[0m[38;2;228;229;232m[48;2;228;229;232m▀[0m[38;2;228;229;232m[48;2;58;64;69m▀[0m[38;2;26;27;29m[48;2;56;63;68m▀[0m[38;2;101;101;104m[48;2;57;63;68m▀[0m[38;2;101;101;104m[48;2;56;62;68m▀[0m[38;2;0;0;1m▄[0m       
            [38;2;235;227;168m[48;2;230;220;155m▀[0m[38;2;234;223;159m[48;2;235;226;166m▀[0m[38;2;234;222;159m[48;2;234;222;158m▀[0m[38;2;232;219;155m[48;2;232;220;156m▀[0m[38;2;233;221;156m[48;2;234;222;158m▀[0m[38;2;234;221;156m[48;2;234;221;157m▀[0m[38;2;235;227;167m[48;2;235;224;160m▀[0m[38;2;235;229;170m[48;2;235;230;172m▀[0m[38;2;235;225;165m[48;2;235;230;172m▀[0m[38;2;234;223;157m[48;2;233;222;156m▀[0m[38;2;234;223;158m[48;2;232;221;156m▀[0m[38;2;11;13;19m[48;2;234;222;158m▀[0m[38;2;64;71;79m[48;2;65;70;80m▀[0m[38;2;61;66;72m[48;2;65;70;79m▀[0m[38;2;58;64;69m[48;2;61;69;76m▀[0m[38;2;57;63;69m[48;2;57;63;69m▀[0m[38;2;56;63;68m[48;2;57;63;69m▀[0m[38;2;61;57;26m[48;2;215;215;219m▀[0m[38;2;56;63;68m[48;2;56;63;68m▀[0m[38;2;57;63;68m[48;2;54;61;68m▀[0m[38;2;56;62;68m[48;2;13;15;19m▀[0m       
    [38;2;202;189;134m▄[0m[38;2;165;162;125m▄[0m      [38;2;0;1;1m▀[0m[38;2;203;196;134m[48;2;198;189;127m▀[0m[38;2;234;222;159m[48;2;200;190;130m▀[0m[38;2;232;219;155m[48;2;217;207;143m▀[0m[38;2;234;222;158m[48;2;234;222;158m▀[0m[38;2;234;221;157m[48;2;234;222;158m▀[0m[38;2;234;222;157m[48;2;234;222;158m▀[0m[38;2;232;219;155m[48;2;231;220;155m▀[0m[38;2;230;218;154m[48;2;231;219;155m▀[0m[38;2;232;219;155m[48;2;228;217;152m▀[0m[38;2;234;221;157m[48;2;232;219;155m▀[0m[38;2;231;220;156m[48;2;105;105;82m▀[0m[38;2;66;72;80m[48;2;60;65;70m▀[0m[38;2;65;71;80m[48;2;59;64;70m▀[0m[38;2;63;70;77m[48;2;60;67;74m▀[0m[38;2;62;70;77m[48;2;62;69;75m▀[0m[38;2;56;63;68m[48;2;215;215;219m▀[0m[38;2;215;215;219m[48;2;215;215;219m▀[0m[38;2;215;215;219m[48;2;215;215;219m▀[0m[38;2;121;121;124m[48;2;215;215;219m▀[0m[38;2;215;215;219m[48;2;0;0;0m▀[0m       
     [38;2;32;36;41m▀[0m[38;2;199;194;147m[48;2;189;180;126m▀[0m[38;2;202;193;141m[48;2;200;191;138m▀[0m[38;2;200;190;133m[48;2;200;191;136m▀[0m[38;2;200;189;134m[48;2;202;190;135m▀[0m[38;2;140;135;99m[48;2;203;191;135m▀[0m[38;2;2;1;2m[48;2;202;191;135m▀[0m[38;2;0;0;0m[48;2;200;189;132m▀[0m[38;2;1;0;0m[48;2;199;188;132m▀[0m[38;2;199;190;129m[48;2;8;15;24m▀[0m[38;2;198;190;128m[48;2;203;194;132m▀[0m[38;2;199;190;130m[48;2;200;193;131m▀[0m[38;2;217;207;145m[48;2;199;190;128m▀[0m[38;2;234;222;159m[48;2;199;190;129m▀[0m[38;2;234;223;159m[48;2;199;190;130m▀[0m[38;2;234;221;156m[48;2;202;191;131m▀[0m[38;2;231;219;154m[48;2;205;196;133m▀[0m[38;2;231;219;154m[48;2;43;50;58m▀[0m[38;2;56;62;68m[48;2;56;62;68m▀[0m[38;2;57;63;69m[48;2;56;63;68m▀[0m[38;2;56;63;68m[48;2;56;62;68m▀[0m[38;2;56;62;68m[48;2;33;38;45m▀[0m[38;2;27;28;29m[48;2;215;215;219m▀[0m[38;2;215;215;219m[48;2;215;214;219m▀[0m[38;2;215;215;219m[48;2;208;208;211m▀[0m[38;2;210;209;213m[48;2;206;206;205m▀[0m[38;2;205;204;202m[48;2;138;136;129m▀[0m        
               [38;2;2;2;3m▀[0m[38;2;198;188;127m[48;2;1;2;2m▀[0m[38;2;198;189;127m[48;2;46;54;63m▀[0m[38;2;198;188;127m[48;2;44;54;63m▀[0m[38;2;198;188;126m[48;2;43;54;62m▀[0m[38;2;193;183;122m[48;2;42;54;62m▀[0m[38;2;46;54;63m[48;2;42;54;63m▀[0m[38;2;46;54;63m[48;2;43;54;63m▀[0m[38;2;46;54;63m[48;2;142;142;156m▀[0m[38;2;46;54;63m[48;2;174;173;181m▀[0m[38;2;166;163;135m[48;2;175;173;181m▀[0m[38;2;197;196;196m[48;2;174;172;181m▀[0m[38;2;197;196;195m[48;2;174;173;182m▀[0m[38;2;195;193;192m[48;2;173;173;183m▀[0m[38;2;188;188;188m[48;2;173;174;183m▀[0m[38;2;181;181;186m▀[0m         
                  [38;2;179;179;185m[48;2;104;103;100m▀[0m[38;2;177;176;184m[48;2;175;175;184m▀[0m[38;2;175;174;183m[48;2;172;171;178m▀[0m[38;2;174;173;181m[48;2;176;176;183m▀[0m[38;2;174;173;180m[48;2;176;174;180m▀[0m[38;2;176;175;180m[48;2;177;176;180m▀[0m[38;2;175;174;180m[48;2;176;175;180m▀[0m[38;2;175;173;181m[48;2;176;175;179m▀[0m[38;2;172;171;178m[48;2;0;0;1m▀[0m[38;2;174;173;182m▀[0m[38;2;9;9;9m▀[0m           
                   [38;2;103;103;106m[48;2;2;2;2m▀[0m[38;2;106;105;109m▄[0m   [38;2;89;91;92m▀[0m[38;2;88;90;92m▄[0m[38;2;26;27;28m▄[0m[38;2;88;90;92m▄[0m[38;2;88;89;90m▄[0m[38;2;91;92;95m▄[0m          
                  [38;2;125;123;128m▄[0m[38;2;3;3;4m▀[0m[38;2;126;126;131m▀[0m[38;2;126;124;129m▀[0m[38;2;139;136;140m[48;2;98;96;98m▀[0m[38;2;125;124;130m[48;2;133;131;136m▀[0m[38;2;127;126;131m▀[0m[38;2;86;86;91m▄[0m   [38;2;120;118;123m▀[0m[38;2;123;121;125m[48;2;10;10;12m▀[0m         
                                        
                                        
                                        
                                        
