                                        
                                        
                            [38;2;61;63;68m▄[0m[38;2;61;63;68m▄[0m[38;2;50;52;57m[48;2;61;63;67m▀[0m[38;2;61;63;67m▀[0m        
                         [38;2;59;61;65m▄[0m[38;2;61;63;68m[48;2;59;61;65m▀[0m[38;2;60;62;67m[48;2;59;61;65m▀[0m[38;2;61;63;68m[48;2;61;63;67m▀[0m[38;2;61;63;68m▀[0m          
            [38;2;44;45;48m▄[0m [38;2;64;67;72m▄[0m [38;2;58;61;65m▄[0m[38;2;63;66;70m▄[0m    [38;2;81;118;163m▄[0m[38;2;39;41;45m[48;2;76;111;151m▀[0m[38;2;75;111;151m[48;2;76;112;153m▀[0m[38;2;75;112;152m[48;2;32;33;34m▀[0m[38;2;60;62;67m[48;2;45;47;50m▀[0m[38;2;59;62;66m[48;2;44;45;48m▀[0m[38;2;51;52;56m▄[0m[38;2;58;61;65m[48;2;57;58;62m▀[0m[38;2;58;60;64m[48;2;56;59;63m▀[0m[38;2;58;60;65m[48;2;57;60;64m▀[0m[38;2;58;60;65m[48;2;57;60;65m▀[0m[38;2;60;63;67m▀[0m      
          [38;2;42;44;48m[48;2;35;37;41m▀[0m[38;2;42;44;47m[48;2;67;96;131m▀[0m[38;2;62;91;125m[48;2;43;45;48m▀[0m[38;2;61;63;68m[48;2;46;47;51m▀[0m[38;2;66;68;74m[48;2;44;45;48m▀[0m[38;2;61;64;68m[48;2;60;62;66m▀[0m[38;2;60;63;67m▀[0m   [38;2;75;111;155m▄[0m[38;2;76;113;155m[48;2;75;111;152m▀[0m[38;2;76;113;154m[48;2;58;96;138m▀[0m[38;2;75;111;151m[48;2;54;79;107m▀[0m[38;2;19;25;32m[48;2;58;97;142m▀[0m[38;2;44;45;48m[48;2;63;101;146m▀[0m[38;2;41;41;44m[48;2;77;114;158m▀[0m[38;2;43;62;87m[48;2;35;36;38m▀[0m[38;2;44;45;48m[48;2;43;44;47m▀[0m[38;2;44;45;49m[48;2;28;31;35m▀[0m[38;2;51;53;57m▀[0m[38;2;0;0;0m▀[0m        
         [38;2;16;17;18m[48;2;40;42;45m▀[0m[38;2;11;14;16m[48;2;33;35;39m▀[0m[38;2;43;44;48m[48;2;195;200;220m▀[0m[38;2;42;44;48m[48;2;64;67;75m▀[0m[38;2;44;45;48m[48;2;81;85;95m▀[0m[38;2;43;44;47m[48;2;42;43;47m▀[0m[38;2;44;45;49m[48;2;43;44;47m▀[0m[38;2;44;45;49m[48;2;42;43;46m▀[0m[38;2;43;44;48m▀[0m   [38;2;57;96;142m▀[0m[38;2;55;94;140m[48;2;29;49;73m▀[0m[38;2;55;94;139m[48;2;53;92;138m▀[0m[38;2;53;91;136m[48;2;52;90;136m▀[0m[38;2;52;89;130m[48;2;41;43;46m▀[0m[38;2;43;44;48m[48;2;43;44;49m▀[0m[38;2;39;40;43m[48;2;43;44;47m▀[0m[38;2;7;7;7m[48;2;44;45;48m▀[0m[38;2;47;49;52m[48;2;45;46;49m▀[0m[38;2;47;48;51m[48;2;44;46;49m▀[0m[38;2;54;56;60m[48;2;44;46;49m▀[0m[38;2;56;59;63m[48;2;57;59;63m▀[0m[38;2;58;61;65m[48;2;60;62;67m▀[0m[38;2;61;63;67m▄[0m     
       [38;2;114;131;157m▄[0m[38;2;118;133;160m[48;2;75;87;108m▀[0m[38;2;117;132;160m[48;2;75;87;107m▀[0m[38;2;115;131;158m[48;2;75;87;108m▀[0m[38;2;116;131;158m[48;2;78;89;111m▀[0m[38;2;120;136;164m[48;2;34;37;43m▀[0m[38;2;39;41;46m[48;2;43;44;47m▀[0m[38;2;42;44;47m[48;2;43;44;47m▀[0m[38;2;42;43;47m[48;2;43;44;47m▀[0m[38;2;26;28;30m[48;2;24;26;28m▀[0m [38;2;75;113;158m▄[0m   [38;2;53;91;138m▄[0m[38;2;53;90;135m[48;2;52;90;135m▀[0m[38;2;52;88;131m[48;2;52;89;133m▀[0m[38;2;51;88;129m[48;2;53;89;134m▀[0m[38;2;51;88;130m[48;2;59;97;142m▀[0m[38;2;69;106;151m[48;2;45;46;49m▀[0m[38;2;74;112;157m[48;2;43;43;47m▀[0m[38;2;42;44;47m[48;2;43;44;48m▀[0m[38;2;44;45;49m▀[0m[38;2;44;45;49m▀[0m[38;2;58;60;64m▀[0m[38;2;30;31;33m▀[0m      
        [38;2;23;25;26m▄[0m[38;2;52;90;135m▄[0m[38;2;45;47;49m▄[0m[38;2;34;37;43m[48;2;39;42;48m▀[0m[38;2;34;37;43m[48;2;44;45;48m▀[0m[38;2;43;44;47m[48;2;44;47;50m▀[0m[38;2;43;44;48m[48;2;47;48;52m▀[0m[38;2;43;44;48m[48;2;52;54;58m▀[0m[38;2;44;45;49m[48;2;53;92;137m▀[0m[38;2;75;112;156m[48;2;75;111;156m▀[0m[38;2;74;112;157m[48;2;75;113;158m▀[0m[38;2;75;113;158m[48;2;75;113;157m▀[0m[38;2;75;113;156m▄[0m[38;2;67;105;149m[48;2;59;98;142m▀[0m[38;2;53;90;135m[48;2;52;90;135m▀[0m[38;2;44;76;113m[48;2;53;89;134m▀[0m[38;2;34;35;37m[48;2;53;89;134m▀[0m[38;2;43;44;47m[48;2;54;92;137m▀[0m[38;2;44;45;49m[48;2;44;45;48m▀[0m[38;2;44;45;48m[48;2;43;44;47m▀[0m[38;2;43;44;47m[48;2;43;44;47m▀[0m[38;2;44;46;49m[48;2;43;44;47m▀[0m[38;2;53;56;59m[48;2;56;58;62m▀[0m[38;2;53;56;60m[48;2;55;58;62m▀[0m[38;2;15;17;18m[48;2;58;60;64m▀[0m       
        [38;2;52;92;139m[48;2;30;31;33m▀[0m[38;2;45;47;51m[48;2;46;47;51m▀[0m[38;2;52;55;59m[48;2;48;50;53m▀[0m[38;2;56;58;62m[48;2;57;60;64m▀[0m[38;2;50;52;56m[48;2;57;59;63m▀[0m[38;2;48;50;53m[48;2;57;60;65m▀[0m[38;2;57;59;64m[48;2;58;60;65m▀[0m[38;2;48;83;124m[48;2;53;90;135m▀[0m[38;2;53;90;135m[48;2;53;91;135m▀[0m[38;2;65;102;145m[48;2;53;90;134m▀[0m[38;2;74;112;156m[48;2;52;91;135m▀[0m[38;2;74;112;155m[48;2;53;91;135m▀[0m[38;2;59;96;140m[48;2;52;90;135m▀[0m[38;2;55;93;138m[48;2;53;90;134m▀[0m[38;2;53;89;134m[48;2;42;44;47m▀[0m[38;2;52;90;135m[48;2;42;44;47m▀[0m[38;2;52;90;135m[48;2;43;44;48m▀[0m[38;2;52;90;135m[48;2;44;44;48m▀[0m[38;2;44;45;48m[48;2;47;49;52m▀[0m[38;2;43;44;47m▀[0m[38;2;43;44;47m▀[0m[38;2;52;54;58m▀[0m[38;2;58;60;64m▀[0m         
       [38;2;63;102;150m[48;2;61;100;145m▀[0m[38;2;44;45;48m[48;2;42;44;47m▀[0m[38;2;42;44;47m[48;2;42;44;47m▀[0m[38;2;51;54;58m[48;2;50;53;57m▀[0m[38;2;58;60;64m[48;2;107;140;166m▀[0m[38;2;58;60;65m[48;2;49;50;53m▀[0m[38;2;60;63;68m[48;2;115;149;176m▀[0m[38;2;114;148;175m[48;2;114;149;176m▀[0m[38;2;97;127;150m[48;2;114;149;176m▀[0m[38;2;52;88;131m[48;2;25;41;58m▀[0m[38;2;52;89;133m[48;2;51;89;132m▀[0m[38;2;53;90;135m[48;2;51;89;132m▀[0m[38;2;53;92;138m[48;2;42;44;47m▀[0m[38;2;53;92;137m[48;2;30;30;32m▀[0m[38;2;53;88;132m[48;2;52;89;133m▀[0m[38;2;28;29;32m[48;2;53;90;134m▀[0m[38;2;43;44;47m[48;2;42;43;46m▀[0m[38;2;42;43;47m▀[0m[38;2;42;43;46m[48;2;34;34;37m▀[0m[38;2;42;44;47m[48;2;46;48;52m▀[0m[38;2;50;52;55m[48;2;48;50;54m▀[0m[38;2;52;54;58m▄[0m           
       [38;2;54;88;126m▀[0m[38;2;84;111;132m[48;2;88;116;136m▀[0m[38;2;42;44;47m[48;2;88;116;136m▀[0m[38;2;89;117;137m[48;2;90;119;140m▀[0m[38;2;102;133;156m[48;2;91;120;142m▀[0m[38;2;113;147;173m[48;2;94;122;143m▀[0m[38;2;115;149;177m[48;2;108;141;167m▀[0m[38;2;113;148;175m[48;2;107;139;165m▀[0m[38;2;112;147;173m[48;2;110;144;170m▀[0m[38;2;115;149;176m[48;2;113;148;175m▀[0m[38;2;51;89;132m[48;2;100;132;155m▀[0m[38;2;51;89;132m[48;2;52;89;134m▀[0m[38;2;42;43;46m[48;2;43;44;47m▀[0m[38;2;19;20;21m[48;2;43;45;48m▀[0m[38;2;42;43;46m▀[0m[38;2;43;44;47m[48;2;43;45;48m▀[0m[38;2;44;45;48m[48;2;43;43;47m▀[0m[38;2;17;18;19m[48;2;44;45;48m▀[0m               
        [38;2;60;97;137m▀[0m[38;2;91;119;140m[48;2;64;86;104m▀[0m[38;2;93;122;143m[48;2;94;123;146m▀[0m[38;2;93;121;142m[48;2;91;119;139m▀[0m[38;2;92;120;143m[48;2;92;122;144m▀[0m[38;2;93;122;144m[48;2;93;121;143m▀[0m[38;2;94;123;145m[48;2;92;121;143m▀[0m[38;2;98;128;151m[48;2;77;101;124m▀[0m[38;2;104;138;163m[48;2;91;118;141m▀[0m[38;2;107;141;167m[48;2;64;87;105m▀[0m[38;2;34;43;50m[48;2;62;85;101m▀[0m[38;2;43;44;47m[48;2;63;86;103m▀[0m[38;2;42;44;47m[48;2;42;43;46m▀[0m[38;2;47;76;104m▄[0m  [38;2;37;37;40m▀[0m               
          [38;2;15;20;24m▀[0m[38;2;63;85;102m▀[0m[38;2;63;85;102m[48;2;28;37;44m▀[0m[38;2;63;85;102m[48;2;61;83;100m▀[0m[38;2;63;85;102m[48;2;63;85;102m▀[0m[38;2;52;72;86m[48;2;62;84;101m▀[0m[38;2;61;82;98m[48;2;61;84;101m▀[0m[38;2;60;82;99m[48;2;60;82;98m▀[0m[38;2;61;83;99m[48;2;60;82;99m▀[0m[38;2;60;82;98m[48;2;60;82;98m▀[0m[38;2;60;82;98m[48;2;42;57;68m▀[0m[38;2;45;75;105m[48;2;33;63;82m▀[0m[38;2;46;76;106m[48;2;48;78;109m▀[0m[38;2;48;77;109m▄[0m                
         [38;2;61;70;85m▀[0m[38;2;117;132;160m▄[0m  [38;2;74;86;107m▄[0m[38;2;15;19;23m▀[0m[38;2;46;64;76m▀[0m   [38;2;79;90;112m[48;2;78;89;111m▀[0m [38;2;33;62;83m▀[0m[38;2;33;62;83m▀[0m[38;2;40;71;101m▀[0m[38;2;45;75;105m[48;2;16;26;37m▀[0m[38;2;41;71;102m[48;2;38;70;100m▀[0m[38;2;46;75;104m▄[0m[38;2;18;27;36m▄[0m            
       [38;2;44;45;48m▄[0m[38;2;113;129;155m▀[0m[38;2;108;124;148m▀[0m[38;2;86;96;122m▀[0m[38;2;111;126;151m[48;2;45;51;61m▀[0m[38;2;67;77;96m[48;2;111;125;150m▀[0m     [38;2;118;134;162m▄[0m[38;2;75;88;109m▀[0m                    
            [38;2;32;37;42m[48;2;33;35;38m▀[0m  [38;2;43;44;48m▄[0m[38;2;117;132;160m▄[0m[38;2;89;100;127m▄[0m[38;2;111;126;152m[48;2;114;129;155m▀[0m[38;2;51;60;75m▄[0m[38;2;78;89;111m▀[0m                   
              [38;2;41;43;46m▀[0m [38;2;36;38;41m▄[0m[38;2;113;128;154m[48;2;1;3;3m▀[0m[38;2;0;0;0m▀[0m                     
                                        
                                        
