                                        
                                        
                            [38;2;74;78;74m▄[0m[38;2;74;78;74m▄[0m[38;2;62;68;63m[48;2;74;79;73m▀[0m[38;2;74;78;73m▀[0m        
                         [38;2;72;77;71m▄[0m[38;2;74;78;74m[48;2;72;77;71m▀[0m[38;2;73;78;73m[48;2;72;77;71m▀[0m[38;2;74;78;74m[48;2;74;78;73m▀[0m[38;2;74;78;74m▀[0m          
            [38;2;59;64;57m▄[0m [38;2;77;82;79m▄[0m [38;2;72;77;73m▄[0m[38;2;75;81;77m▄[0m    [38;2;223;217;210m▄[0m[38;2;52;57;52m[48;2;219;211;198m▀[0m[38;2;219;211;198m[48;2;220;213;201m▀[0m[38;2;219;212;199m[48;2;45;48;42m▀[0m[38;2;73;78;73m[48;2;58;63;57m▀[0m[38;2;72;78;72m[48;2;58;62;56m▀[0m[38;2;64;68;62m▄[0m[38;2;71;76;71m[48;2;70;75;69m▀[0m[38;2;71;76;70m[48;2;69;75;69m▀[0m[38;2;71;76;71m[48;2;70;76;70m▀[0m[38;2;71;76;71m[48;2;70;76;71m▀[0m[38;2;73;79;73m▀[0m      
          [38;2;57;63;57m[48;2;45;52;48m▀[0m[38;2;57;63;56m[48;2;151;150;145m▀[0m[38;2;148;146;139m[48;2;58;64;57m▀[0m[38;2;74;79;75m[48;2;60;65;59m▀[0m[38;2;79;84;81m[48;2;59;64;57m▀[0m[38;2;73;79;76m[48;2;72;78;74m▀[0m[38;2;72;78;75m▀[0m   [38;2;220;213;203m▄[0m[38;2;221;215;203m[48;2;219;211;199m▀[0m[38;2;221;214;202m[48;2;193;191;182m▀[0m[38;2;219;211;198m[48;2;166;158;144m▀[0m[38;2;62;56;46m[48;2;194;192;187m▀[0m[38;2;58;62;56m[48;2;202;198;192m▀[0m[38;2;54;57;52m[48;2;222;215;206m▀[0m[38;2;146;134;121m[48;2;48;52;45m▀[0m[38;2;58;62;56m[48;2;57;61;55m▀[0m[38;2;58;62;57m[48;2;41;46;42m▀[0m[38;2;64;69;63m▀[0m[38;2;0;0;0m▀[0m        
         [38;2;21;24;21m[48;2;55;61;54m▀[0m[38;2;18;19;18m[48;2;46;51;47m▀[0m[38;2;58;63;57m[48;2;195;200;220m▀[0m[38;2;55;61;55m[48;2;64;67;75m▀[0m[38;2;59;63;57m[48;2;90;97;100m▀[0m[38;2;58;62;56m[48;2;57;62;56m▀[0m[38;2;58;64;57m[48;2;58;63;57m▀[0m[38;2;59;64;58m[48;2;57;62;55m▀[0m[38;2;58;63;57m▀[0m   [38;2;193;191;186m▀[0m[38;2;189;188;184m[48;2;113;108;101m▀[0m[38;2;189;188;184m[48;2;186;185;182m▀[0m[38;2;186;184;180m[48;2;186;184;179m▀[0m[38;2;183;180;173m[48;2;55;59;54m▀[0m[38;2;57;62;56m[48;2;58;62;57m▀[0m[38;2;52;56;51m[48;2;57;61;56m▀[0m[38;2;7;7;7m[48;2;58;62;56m▀[0m[38;2;60;65;60m[48;2;59;63;57m▀[0m[38;2;61;64;59m[48;2;58;62;57m▀[0m[38;2;67;72;66m[48;2;58;63;57m▀[0m[38;2;69;75;69m[48;2;70;75;69m▀[0m[38;2;71;76;71m[48;2;73;78;73m▀[0m[38;2;74;79;73m▄[0m     
       [38;2;114;131;157m▄[0m[38;2;118;133;160m[48;2;75;87;108m▀[0m[38;2;117;132;160m[48;2;75;87;107m▀[0m[38;2;115;131;158m[48;2;75;87;108m▀[0m[38;2;116;131;158m[48;2;78;89;111m▀[0m[38;2;120;136;164m[48;2;48;55;51m▀[0m[38;2;53;59;54m[48;2;58;62;56m▀[0m[38;2;57;62;56m[48;2;58;62;56m▀[0m[38;2;57;62;56m[48;2;58;62;56m▀[0m[38;2;34;38;35m[48;2;33;36;33m▀[0m [38;2;220;214;206m▄[0m   [38;2;187;185;182m▄[0m[38;2;186;184;179m[48;2;186;183;178m▀[0m[38;2;183;180;174m[48;2;185;182;176m▀[0m[38;2;182;179;173m[48;2;186;183;178m▀[0m[38;2;182;179;173m[48;2;196;193;187m▀[0m[38;2;211;206;198m[48;2;59;63;57m▀[0m[38;2;219;213;204m[48;2;57;60;55m▀[0m[38;2;56;60;55m[48;2;57;60;56m▀[0m[38;2;58;62;57m▀[0m[38;2;58;62;57m▀[0m[38;2;71;76;70m▀[0m[38;2;39;43;38m▀[0m      
        [38;2;27;31;30m▄[0m[38;2;182;181;177m▄[0m[38;2;58;64;57m▄[0m[38;2;48;55;51m[48;2;54;60;57m▀[0m[38;2;48;55;51m[48;2;59;64;57m▀[0m[38;2;58;62;56m[48;2;58;65;58m▀[0m[38;2;58;63;57m[48;2;61;66;60m▀[0m[38;2;58;63;57m[48;2;65;71;65m▀[0m[38;2;59;64;58m[48;2;186;185;181m▀[0m[38;2;221;214;204m[48;2;221;214;204m▀[0m[38;2;220;215;205m[48;2;220;214;206m▀[0m[38;2;221;215;206m[48;2;220;215;206m▀[0m[38;2;221;215;204m▄[0m[38;2;208;204;195m[48;2;196;194;187m▀[0m[38;2;187;183;179m[48;2;185;183;178m▀[0m[38;2;163;160;152m[48;2;186;183;178m▀[0m[38;2;48;51;44m[48;2;186;183;178m▀[0m[38;2;57;61;55m[48;2;188;186;181m▀[0m[38;2;58;62;57m[48;2;58;62;56m▀[0m[38;2;58;62;56m[48;2;57;61;55m▀[0m[38;2;57;61;55m[48;2;57;61;55m▀[0m[38;2;58;62;57m[48;2;57;61;55m▀[0m[38;2;66;72;65m[48;2;69;74;68m▀[0m[38;2;67;72;66m[48;2;68;74;68m▀[0m[38;2;23;25;22m[48;2;71;76;70m▀[0m       
        [38;2;183;182;178m[48;2;36;38;37m▀[0m[38;2;59;65;59m[48;2;60;65;59m▀[0m[38;2;65;72;66m[48;2;63;67;62m▀[0m[38;2;69;74;71m[48;2;70;76;72m▀[0m[38;2;64;70;64m[48;2;70;75;72m▀[0m[38;2;62;67;62m[48;2;70;76;73m▀[0m[38;2;70;75;72m[48;2;71;76;73m▀[0m[38;2;175;172;165m[48;2;186;184;179m▀[0m[38;2;186;184;179m[48;2;186;184;179m▀[0m[38;2;204;200;191m[48;2;186;183;178m▀[0m[38;2;221;214;204m[48;2;186;185;179m▀[0m[38;2;219;214;203m[48;2;186;184;179m▀[0m[38;2;195;191;185m[48;2;185;183;178m▀[0m[38;2;189;187;182m[48;2;186;183;178m▀[0m[38;2;186;182;178m[48;2;56;60;55m▀[0m[38;2;185;183;178m[48;2;56;60;55m▀[0m[38;2;185;184;178m[48;2;57;61;56m▀[0m[38;2;184;182;178m[48;2;58;61;56m▀[0m[38;2;58;62;56m[48;2;60;65;60m▀[0m[38;2;57;61;55m▀[0m[38;2;57;61;55m▀[0m[38;2;65;70;64m▀[0m[38;2;71;75;70m▀[0m         
       [38;2;187;185;182m[48;2;188;187;183m▀[0m[38;2;59;64;57m[48;2;57;63;56m▀[0m[38;2;57;62;56m[48;2;57;62;56m▀[0m[38;2;64;71;66m[48;2;64;70;65m▀[0m[38;2;71;76;72m[48;2;224;221;212m▀[0m[38;2;71;76;73m[48;2;64;67;62m▀[0m[38;2;73;78;75m[48;2;237;232;224m▀[0m[38;2;236;231;223m[48;2;236;232;224m▀[0m[38;2;202;198;191m[48;2;236;232;224m▀[0m[38;2;184;180;174m[48;2;77;77;76m▀[0m[38;2;185;182;176m[48;2;183;181;175m▀[0m[38;2;187;183;179m[48;2;184;181;175m▀[0m[38;2;186;185;182m[48;2;56;60;55m▀[0m[38;2;186;185;181m[48;2;40;43;38m▀[0m[38;2;185;180;175m[48;2;185;182;176m▀[0m[38;2;37;40;36m[48;2;186;183;178m▀[0m[38;2;57;61;55m[48;2;56;60;54m▀[0m[38;2;56;60;55m▀[0m[38;2;56;59;54m[48;2;47;51;44m▀[0m[38;2;56;60;55m[48;2;59;64;60m▀[0m[38;2;63;68;62m[48;2;61;66;61m▀[0m[38;2;65;70;64m▄[0m           
       [38;2;171;168;160m▀[0m[38;2;184;180;171m[48;2;190;186;175m▀[0m[38;2;57;62;56m[48;2;190;186;175m▀[0m[38;2;192;187;177m[48;2;195;190;182m▀[0m[38;2;214;210;201m[48;2;196;192;184m▀[0m[38;2;234;229;221m[48;2;200;194;186m▀[0m[38;2;236;233;225m[48;2;226;222;213m▀[0m[38;2;235;231;223m[48;2;224;219;211m▀[0m[38;2;234;230;221m[48;2;229;226;218m▀[0m[38;2;237;232;224m[48;2;236;231;224m▀[0m[38;2;184;181;175m[48;2;203;202;196m▀[0m[38;2;183;181;175m[48;2;186;183;178m▀[0m[38;2;56;59;54m[48;2;57;61;55m▀[0m[38;2;24;25;24m[48;2;57;62;56m▀[0m[38;2;56;59;54m▀[0m[38;2;57;61;55m[48;2;58;62;56m▀[0m[38;2;58;62;56m[48;2;57;60;55m▀[0m[38;2;22;24;21m[48;2;58;62;56m▀[0m               
        [38;2;181;179;173m▀[0m[38;2;195;190;181m[48;2;151;145;138m▀[0m[38;2;199;194;186m[48;2;202;197;190m▀[0m[38;2;198;192;184m[48;2;195;190;179m▀[0m[38;2;197;192;185m[48;2;198;194;186m▀[0m[38;2;199;194;186m[48;2;198;193;185m▀[0m[38;2;200;196;188m[48;2;197;193;185m▀[0m[38;2;209;203;195m[48;2;174;167;161m▀[0m[38;2;221;216;210m[48;2;195;189;182m▀[0m[38;2;226;222;213m[48;2;151;146;138m▀[0m[38;2;69;67;63m[48;2;147;143;134m▀[0m[38;2;57;61;55m[48;2;150;145;137m▀[0m[38;2;56;60;55m[48;2;56;59;54m▀[0m[38;2;144;140;132m▄[0m  [38;2;50;53;48m▀[0m               
          [38;2;27;29;29m▀[0m[38;2;149;143;136m▀[0m[38;2;149;143;136m[48;2;28;37;44m▀[0m[38;2;149;143;136m[48;2;146;140;133m▀[0m[38;2;149;143;136m[48;2;149;143;136m▀[0m[38;2;126;122;114m[48;2;147;142;134m▀[0m[38;2;145;140;132m[48;2;147;142;134m▀[0m[38;2;145;139;132m[48;2;144;139;131m▀[0m[38;2;145;140;132m[48;2;144;139;132m▀[0m[38;2;144;139;131m[48;2;144;139;131m▀[0m[38;2;144;139;131m[48;2;68;69;67m▀[0m[38;2;143;139;133m[48;2;144;141;135m▀[0m[38;2;143;141;134m[48;2;143;142;136m▀[0m[38;2;143;141;136m▄[0m                
         [38;2;61;70;85m▀[0m[38;2;117;132;160m▄[0m  [38;2;74;86;107m▄[0m[38;2;18;21;24m▀[0m[38;2;119;113;104m▀[0m   [38;2;79;90;112m[48;2;78;89;111m▀[0m [38;2;144;140;136m▀[0m[38;2;144;141;135m▀[0m[38;2;136;135;129m▀[0m[38;2;142;140;133m[48;2;60;56;50m▀[0m[38;2;137;136;129m[48;2;134;134;128m▀[0m[38;2;143;140;132m▄[0m[38;2;83;72;56m▄[0m            
       [38;2;77;84;92m▄[0m[38;2;113;129;155m▀[0m[38;2;108;124;148m▀[0m[38;2;86;96;122m▀[0m[38;2;111;126;151m[48;2;45;51;61m▀[0m[38;2;67;77;96m[48;2;111;125;150m▀[0m     [38;2;118;134;162m▄[0m[38;2;75;88;109m▀[0m                    
            [38;2;46;53;60m[48;2;57;63;69m▀[0m  [38;2;76;84;92m▄[0m[38;2;117;132;160m▄[0m[38;2;89;100;127m▄[0m[38;2;111;126;152m[48;2;114;129;155m▀[0m[38;2;51;60;75m▄[0m[38;2;78;89;111m▀[0m                   
              [38;2;70;77;84m▀[0m [38;2;51;56;61m▄[0m[38;2;113;128;154m[48;2;1;1;1m▀[0m[38;2;0;0;0m▀[0m                     
                                        
                                        
