                                        
                                        
                                        
                [38;2;142;138;183m[48;2;139;135;179m▀[0m[38;2;15;15;18m▄[0m    [38;2;42;41;51m▄[0m[38;2;87;85;109m▄[0m                
                [38;2;61;59;81m▀[0m[38;2;119;114;158m[48;2;115;111;155m▀[0m[38;2;1;1;1m▄[0m [38;2;121;116;161m▄[0m[38;2;153;147;193m[48;2;146;141;186m▀[0m[38;2;155;150;194m▀[0m                 
                 [38;2;114;110;154m[48;2;26;25;33m▀[0m[38;2;114;109;154m[48;2;117;112;158m▀[0m[38;2;120;114;159m[48;2;116;112;157m▀[0m[38;2;119;114;160m[48;2;4;4;4m▀[0m[38;2;2;3;3m▀[0m                  
            [38;2;4;4;4m▀[0m[38;2;80;78;106m▄[0m [38;2;94;90;137m▄[0m[38;2;93;89;137m▄[0m[38;2;28;27;35m[48;2;115;112;157m▀[0m[38;2;119;114;159m[48;2;116;113;157m▀[0m[38;2;2;2;1m[48;2;116;112;157m▀[0m[38;2;114;110;155m▄[0m                   
            [38;2;15;16;21m▀[0m[38;2;78;76;104m[48;2;3;3;4m▀[0m[38;2;91;87;133m[48;2;94;90;137m▀[0m[38;2;93;89;135m[48;2;94;89;137m▀[0m[38;2;94;90;137m[48;2;93;89;136m▀[0m[38;2;112;107;153m[48;2;98;94;141m▀[0m[38;2;119;114;160m[48;2;109;105;151m▀[0m[38;2;115;111;155m[48;2;99;95;134m▀[0m[38;2;116;113;158m[48;2;117;113;159m▀[0m[38;2;119;115;160m[48;2;117;112;158m▀[0m  [38;2;78;75;113m▄[0m[38;2;25;25;36m▄[0m              
            [38;2;255;255;255m▄[0m[38;2;253;254;255m[48;2;255;255;255m▀[0m[38;2;83;80;122m[48;2;248;250;250m▀[0m[38;2;92;88;134m[48;2;92;88;135m▀[0m[38;2;93;89;135m[48;2;95;91;139m▀[0m[38;2;94;90;137m[48;2;255;255;255m▀[0m[38;2;95;90;138m[48;2;255;255;255m▀[0m[38;2;95;91;137m[48;2;93;89;136m▀[0m[38;2;93;89;136m[48;2;93;89;136m▀[0m[38;2;97;93;139m[48;2;92;88;135m▀[0m[38;2;95;91;137m[48;2;20;19;28m▀[0m[38;2;93;89;134m[48;2;92;88;134m▀[0m[38;2;67;65;98m▄[0m               
           [38;2;2;2;2m▄[0m[38;2;253;254;254m[48;2;248;249;250m▀[0m[38;2;254;255;255m[48;2;197;188;184m▀[0m[38;2;201;192;187m[48;2;199;190;186m▀[0m[38;2;93;88;134m[48;2;70;67;102m▀[0m[38;2;255;255;255m[48;2;255;255;255m▀[0m[38;2;255;255;255m[48;2;255;255;255m▀[0m[38;2;255;255;255m[48;2;217;216;216m▀[0m[38;2;35;34;51m[48;2;25;24;22m▀[0m[38;2;92;89;136m[48;2;94;89;136m▀[0m[38;2;93;89;136m[48;2;94;89;136m▀[0m[38;2;93;89;135m[48;2;96;92;139m▀[0m                 
           [38;2;21;20;19m[48;2;4;4;4m▀[0m[38;2;197;186;183m[48;2;168;155;145m▀[0m[38;2;198;189;185m[48;2;201;190;186m▀[0m[38;2;191;182;178m[48;2;71;68;104m▀[0m[38;2;253;252;252m[48;2;244;244;245m▀[0m[38;2;248;250;250m[48;2;141;135;132m▀[0m[38;2;185;176;172m[48;2;199;189;185m▀[0m[38;2;200;190;186m[48;2;200;190;186m▀[0m[38;2;4;4;6m[48;2;98;94;142m▀[0m[38;2;93;89;136m[48;2;94;89;135m▀[0m[38;2;94;89;136m[48;2;93;89;136m▀[0m[38;2;42;41;60m▀[0m                 
            [38;2;172;157;148m[48;2;171;157;148m▀[0m[38;2;172;158;148m[48;2;107;94;66m▀[0m[38;2;244;228;165m[48;2;190;168;113m▀[0m[38;2;214;207;196m[48;2;144;134;127m▀[0m[38;2;194;185;181m[48;2;171;157;148m▀[0m[38;2;200;189;184m[48;2;172;157;148m▀[0m[38;2;199;190;186m[48;2;61;57;53m▀[0m[38;2;214;204;150m[48;2;246;230;168m▀[0m[38;2;201;191;140m[48;2;249;234;172m▀[0m[38;2;248;233;169m▀[0m                  
             [38;2;189;167;113m[48;2;29;24;13m▀[0m[38;2;193;170;115m[48;2;194;170;115m▀[0m[38;2;196;172;117m[48;2;194;170;115m▀[0m[38;2;171;157;148m[48;2;194;170;115m▀[0m[38;2;122;113;106m[48;2;189;167;113m▀[0m[38;2;207;187;129m[48;2;190;168;115m▀[0m[38;2;203;182;124m[48;2;16;15;11m▀[0m[38;2;140;125;86m▀[0m   [38;2;116;112;158m▄[0m               
            [38;2;24;19;13m▄[0m[38;2;0;0;0m[48;2;217;172;83m▀[0m[38;2;190;143;67m▀[0m[38;2;76;75;102m[48;2;17;17;22m▀[0m[38;2;194;153;73m[48;2;240;190;85m▀[0m[38;2;55;54;72m[48;2;77;76;103m▀[0m[38;2;78;76;103m[48;2;74;73;99m▀[0m   [38;2;106;103;143m▄[0m[38;2;21;21;28m▄[0m[38;2;115;111;155m[48;2;81;82;101m▀[0m[38;2;4;5;5m[48;2;81;81;101m▀[0m[38;2;116;112;158m▀[0m             
               [38;2;106;94;67m▄[0m[38;2;194;182;169m[48;2;217;211;202m▀[0m[38;2;193;182;168m[48;2;250;234;172m▀[0m[38;2;255;255;255m[48;2;249;233;172m▀[0m[38;2;240;189;84m[48;2;236;186;84m▀[0m[38;2;235;185;83m[48;2;236;187;84m▀[0m[38;2;25;25;36m[48;2;235;186;83m▀[0m[38;2;98;94;141m[48;2;94;90;137m▀[0m[38;2;116;112;158m[48;2;93;89;136m▀[0m[38;2;94;90;136m[48;2;94;90;136m▀[0m               
                 [38;2;38;31;19m[48;2;183;162;113m▀[0m[38;2;221;175;79m[48;2;158;119;64m▀[0m[38;2;190;152;71m[48;2;250;233;172m▀[0m[38;2;241;225;164m[48;2;238;221;163m▀[0m[38;2;233;184;82m[48;2;155;117;62m▀[0m[38;2;82;80;122m[48;2;67;71;93m▀[0m[38;2;94;89;136m[48;2;67;71;92m▀[0m[38;2;67;71;92m▀[0m               
                   [38;2;2;2;2m▀[0m[38;2;75;70;53m▀[0m[38;2;9;11;12m▀[0m                  
                                        
                                        
                                        
