                                        
                               [38;2;42;26;25m▄[0m[38;2;36;21;21m▄[0m       
                      [38;2;24;23;21m▄[0m       [38;2;21;19;18m[48;2;40;35;30m▀[0m[38;2;116;66;63m[48;2;121;66;64m▀[0m[38;2;117;66;64m[48;2;128;69;67m▀[0m       
                      [38;2;55;50;46m[48;2;46;41;36m▀[0m[38;2;68;67;65m▄[0m     [38;2;47;43;38m▄[0m[38;2;40;34;30m[48;2;49;44;40m▀[0m[38;2;127;69;67m[48;2;128;69;67m▀[0m[38;2;128;69;67m[48;2;127;69;67m▀[0m[38;2;0;0;0m▄[0m      
                      [38;2;45;34;25m[48;2;46;34;24m▀[0m[38;2;65;60;56m[48;2;62;58;54m▀[0m[38;2;67;65;62m[48;2;69;64;59m▀[0m[38;2;8;8;7m▄[0m   [38;2;47;43;38m[48;2;42;35;27m▀[0m[38;2;37;33;28m[48;2;37;33;28m▀[0m[38;2;127;69;67m[48;2;127;69;67m▀[0m[38;2;127;69;67m[48;2;127;69;67m▀[0m[38;2;128;68;66m[48;2;128;69;67m▀[0m      
                      [38;2;46;35;24m[48;2;46;35;24m▀[0m[38;2;52;47;43m[48;2;45;34;24m▀[0m[38;2;65;61;57m[48;2;65;61;57m▀[0m[38;2;65;61;57m[48;2;64;60;56m▀[0m[38;2;67;62;58m▄[0m  [38;2;46;35;24m[48;2;46;34;24m▀[0m[38;2;41;35;31m[48;2;40;35;29m▀[0m[38;2;128;69;67m[48;2;128;69;67m▀[0m[38;2;128;69;67m[48;2;130;69;67m▀[0m[38;2;127;69;67m[48;2;129;69;67m▀[0m      
                      [38;2;36;27;19m▀[0m[38;2;46;35;24m[48;2;46;35;24m▀[0m[38;2;55;51;47m[48;2;41;36;31m▀[0m[38;2;68;63;58m[48;2;66;62;57m▀[0m[38;2;65;61;57m[48;2;27;26;24m▀[0m[38;2;66;61;57m[48;2;127;69;67m▀[0m[38;2;127;69;67m▄[0m[38;2;46;35;24m[48;2;30;25;20m▀[0m[38;2;43;36;28m[48;2;40;35;30m▀[0m[38;2;116;63;61m[48;2;180;91;57m▀[0m[38;2;131;70;67m[48;2;179;90;56m▀[0m[38;2;127;69;67m[48;2;129;69;65m▀[0m[38;2;70;38;37m[48;2;127;69;67m▀[0m     
                       [38;2;46;34;24m[48;2;34;26;18m▀[0m[38;2;46;35;24m[48;2;39;30;21m▀[0m[38;2;66;36;35m[48;2;127;68;67m▀[0m[38;2;128;69;67m[48;2;128;69;67m▀[0m[38;2;127;69;67m[48;2;127;69;67m▀[0m[38;2;127;69;67m[48;2;127;68;67m▀[0m[38;2;127;69;67m[48;2;129;69;67m▀[0m[38;2;13;10;9m[48;2;156;80;61m▀[0m[38;2;124;63;40m[48;2;178;89;56m▀[0m[38;2;179;91;57m[48;2;178;89;56m▀[0m[38;2;179;89;56m[48;2;178;89;56m▀[0m[38;2;180;90;56m[48;2;178;89;56m▀[0m[38;2;180;90;56m▄[0m    
                        [38;2;127;69;67m[48;2;127;68;67m▀[0m[38;2;127;69;67m[48;2;127;69;67m▀[0m[38;2;127;69;67m[48;2;128;68;67m▀[0m[38;2;130;69;67m[48;2;177;90;57m▀[0m[38;2;158;80;61m[48;2;178;89;56m▀[0m[38;2;178;89;56m[48;2;178;89;56m▀[0m[38;2;179;89;56m[48;2;178;89;56m▀[0m[38;2;178;90;56m[48;2;178;89;56m▀[0m[38;2;179;90;56m[48;2;178;89;56m▀[0m[38;2;178;89;56m[48;2;178;89;56m▀[0m[38;2;178;89;56m[48;2;178;89;56m▀[0m[38;2;178;89;56m[48;2;178;89;56m▀[0m    
                       [38;2;0;0;0m▄[0m[38;2;127;69;67m[48;2;180;170;183m▀[0m[38;2;127;69;67m[48;2;132;70;67m▀[0m[38;2;176;89;57m[48;2;180;92;59m▀[0m[38;2;179;91;57m[48;2;187;93;58m▀[0m[38;2;178;89;56m[48;2;236;234;237m▀[0m[38;2;178;90;56m[48;2;156;79;50m▀[0m[38;2;178;89;56m[48;2;27;15;10m▀[0m[38;2;178;89;56m[48;2;5;5;5m▀[0m[38;2;179;89;56m[48;2;65;61;56m▀[0m[38;2;178;90;56m[48;2;179;90;56m▀[0m[38;2;178;90;56m[48;2;178;89;56m▀[0m[38;2;178;89;56m[48;2;178;89;56m▀[0m    
        [38;2;20;11;8m▄[0m[38;2;178;89;56m▄[0m[38;2;182;102;66m▄[0m[38;2;0;1;2m[48;2;178;89;56m▀[0m[38;2;183;92;57m[48;2;178;89;56m▀[0m[38;2;179;90;56m[48;2;178;89;56m▀[0m[38;2;183;91;57m[48;2;178;90;56m▀[0m[38;2;8;6;5m[48;2;178;89;56m▀[0m[38;2;178;89;56m▄[0m[38;2;179;90;56m▄[0m      [38;2;131;71;69m[48;2;46;35;24m▀[0m[38;2;154;79;62m[48;2;154;79;62m▀[0m[38;2;179;91;57m[48;2;178;89;56m▀[0m[38;2;179;91;57m[48;2;77;39;25m▀[0m[38;2;65;61;57m[48;2;64;60;56m▀[0m[38;2;65;61;56m[48;2;108;107;106m▀[0m[38;2;65;61;57m[48;2;244;201;43m▀[0m[38;2;65;61;56m[48;2;255;255;255m▀[0m[38;2;65;61;57m[48;2;65;61;57m▀[0m[38;2;179;91;57m[48;2;238;235;238m▀[0m[38;2;179;91;57m[48;2;178;90;56m▀[0m[38;2;160;81;51m[48;2;179;91;58m▀[0m[38;2;0;0;0m[48;2;178;90;56m▀[0m[38;2;21;11;7m▄[0m  
      [38;2;179;91;57m▄[0m[38;2;179;90;56m[48;2;178;89;55m▀[0m[38;2;178;89;56m[48;2;179;89;56m▀[0m[38;2;178;90;56m[48;2;178;89;56m▀[0m[38;2;178;89;56m[48;2;178;89;56m▀[0m[38;2;178;89;56m[48;2;178;89;56m▀[0m[38;2;178;89;56m[48;2;178;89;56m▀[0m[38;2;178;89;56m[48;2;178;89;56m▀[0m[38;2;178;89;56m[48;2;178;89;56m▀[0m[38;2;178;89;56m[48;2;178;89;56m▀[0m[38;2;178;89;56m[48;2;178;89;56m▀[0m[38;2;178;89;56m[48;2;180;92;58m▀[0m[38;2;178;89;56m[48;2;143;74;64m▀[0m[38;2;131;70;68m[48;2;130;69;67m▀[0m[38;2;128;69;67m▄[0m   [38;2;39;34;29m▀[0m[38;2;42;36;13m[48;2;134;119;114m▀[0m[38;2;178;89;56m[48;2;178;89;56m▀[0m[38;2;79;78;75m[48;2;79;79;77m▀[0m[38;2;66;62;57m[48;2;66;62;57m▀[0m[38;2;255;255;255m[48;2;66;62;57m▀[0m[38;2;169;169;170m[48;2;65;61;57m▀[0m[38;2;151;150;150m[48;2;124;64;41m▀[0m[38;2;176;88;55m[48;2;178;89;56m▀[0m[38;2;239;236;239m[48;2;14;8;5m▀[0m[38;2;180;92;58m▀[0m[38;2;178;90;57m▀[0m    
     [38;2;152;78;50m[48;2;188;100;63m▀[0m[38;2;178;89;56m[48;2;187;100;63m▀[0m[38;2;178;89;56m[48;2;178;89;56m▀[0m[38;2;178;89;56m[48;2;178;89;56m▀[0m[38;2;178;89;56m[48;2;178;89;56m▀[0m[38;2;178;90;56m[48;2;178;89;56m▀[0m[38;2;178;89;56m[48;2;178;89;56m▀[0m[38;2;178;89;56m[48;2;178;89;56m▀[0m[38;2;178;90;56m[48;2;178;89;56m▀[0m[38;2;178;89;56m[48;2;178;89;56m▀[0m[38;2;178;89;56m[48;2;178;89;56m▀[0m[38;2;47;26;24m[48;2;129;69;66m▀[0m   [38;2;128;69;67m[48;2;73;39;39m▀[0m[38;2;57;32;31m[48;2;152;78;62m▀[0m[38;2;128;69;67m[48;2;140;73;65m▀[0m[38;2;129;69;67m[48;2;128;69;67m▀[0m[38;2;128;69;68m[48;2;128;69;67m▀[0m[38;2;56;30;24m[48;2;131;70;68m▀[0m[38;2;178;89;56m[48;2;178;90;56m▀[0m[38;2;28;15;9m[48;2;179;92;57m▀[0m[38;2;179;90;56m[48;2;193;124;93m▀[0m[38;2;181;92;59m[48;2;184;95;61m▀[0m[38;2;188;95;59m[48;2;32;21;21m▀[0m[38;2;179;90;56m[48;2;179;90;56m▀[0m[38;2;243;240;243m[48;2;238;235;238m▀[0m[38;2;155;152;154m▄[0m      
    [38;2;0;0;0m▄[0m[38;2;188;100;63m[48;2;178;92;57m▀[0m[38;2;187;99;62m[48;2;187;99;63m▀[0m[38;2;186;99;62m[48;2;186;99;62m▀[0m[38;2;178;89;56m[48;2;188;100;63m▀[0m[38;2;178;89;56m[48;2;178;89;56m▀[0m[38;2;178;89;56m[48;2;178;89;56m▀[0m[38;2;178;89;56m[48;2;186;99;62m▀[0m[38;2;178;89;56m[48;2;187;100;63m▀[0m[38;2;187;100;63m[48;2;187;100;63m▀[0m[38;2;187;99;62m[48;2;178;89;56m▀[0m[38;2;178;89;56m[48;2;133;79;60m▀[0m[38;2;156;80;62m[48;2;170;88;56m▀[0m   [38;2;178;90;56m[48;2;187;106;68m▀[0m[38;2;178;90;56m[48;2;178;89;56m▀[0m[38;2;178;89;56m[48;2;178;89;56m▀[0m[38;2;178;89;56m[48;2;178;89;56m▀[0m[38;2;179;90;56m[48;2;178;89;56m▀[0m[38;2;119;63;55m[48;2;178;89;56m▀[0m[38;2;179;90;57m[48;2;179;90;56m▀[0m[38;2;178;89;56m[48;2;178;89;56m▀[0m[38;2;138;73;68m[48;2;178;89;56m▀[0m[38;2;23;12;10m[48;2;178;89;56m▀[0m[38;2;46;24;15m[48;2;178;89;56m▀[0m[38;2;178;89;56m[48;2;187;111;77m▀[0m[38;2;240;236;240m[48;2;240;237;241m▀[0m[38;2;241;237;241m[48;2;241;238;241m▀[0m[38;2;4;2;1m▄[0m     
    [38;2;0;1;1m▀[0m[38;2;157;84;57m[48;2;64;61;56m▀[0m[38;2;178;89;56m[48;2;113;75;60m▀[0m[38;2;178;90;56m[48;2;154;84;58m▀[0m[38;2;178;89;56m[48;2;116;76;60m▀[0m[38;2;178;89;56m[48;2;178;89;56m▀[0m[38;2;178;89;56m[48;2;178;89;56m▀[0m[38;2;178;89;56m[48;2;173;88;57m▀[0m[38;2;178;89;56m[48;2;74;63;57m▀[0m[38;2;178;89;56m[48;2;111;74;60m▀[0m[38;2;96;70;59m[48;2;118;75;59m▀[0m[38;2;71;62;57m[48;2;68;61;56m▀[0m[38;2;83;66;58m[48;2;164;86;57m▀[0m   [38;2;186;105;67m[48;2;179;91;58m▀[0m[38;2;186;104;66m[48;2;178;90;57m▀[0m[38;2;179;90;56m[48;2;178;90;56m▀[0m[38;2;179;90;56m[48;2;178;89;56m▀[0m[38;2;178;89;56m[48;2;165;83;52m▀[0m[38;2;178;89;56m[48;2;178;89;55m▀[0m[38;2;178;89;56m[48;2;178;90;56m▀[0m[38;2;178;89;56m[48;2;178;89;56m▀[0m[38;2;178;89;56m[48;2;178;89;56m▀[0m[38;2;178;89;56m[48;2;178;89;56m▀[0m[38;2;178;89;56m[48;2;178;89;56m▀[0m[38;2;240;236;239m[48;2;233;229;235m▀[0m[38;2;239;236;240m[48;2;200;190;204m▀[0m[38;2;44;22;14m[48;2;32;16;11m▀[0m[38;2;178;90;56m[48;2;178;89;56m▀[0m[38;2;0;0;0m[48;2;179;91;57m▀[0m    
    [38;2;15;14;12m[48;2;42;36;30m▀[0m[38;2;64;60;56m[48;2;41;35;29m▀[0m[38;2;78;64;57m[48;2;65;60;56m▀[0m[38;2;86;67;58m[48;2;84;66;58m▀[0m[38;2;178;89;56m[48;2;125;78;60m▀[0m[38;2;178;89;56m[48;2;174;88;56m▀[0m[38;2;135;80;59m[48;2;176;89;56m▀[0m[38;2;149;82;58m[48;2;72;63;57m▀[0m[38;2;72;63;57m[48;2;67;61;56m▀[0m[38;2;84;66;58m[48;2;64;60;56m▀[0m[38;2;66;61;56m[48;2;57;52;49m▀[0m[38;2;65;60;56m[48;2;41;35;29m▀[0m[38;2;83;65;57m[48;2;23;20;17m▀[0m[38;2;42;36;30m▄[0m[38;2;31;27;23m▄[0m [38;2;180;92;58m[48;2;178;89;56m▀[0m[38;2;178;89;56m[48;2;178;89;56m▀[0m[38;2;179;90;56m[48;2;178;89;56m▀[0m[38;2;178;89;56m▀[0m[38;2;104;57;61m[48;2;105;58;61m▀[0m[38;2;103;57;61m[48;2;35;20;20m▀[0m [38;2;196;184;201m▀[0m[38;2;71;36;23m▀[0m[38;2;179;90;56m[48;2;179;90;56m▀[0m[38;2;178;89;56m[48;2;179;90;57m▀[0m   [38;2;60;56;53m[48;2;43;38;34m▀[0m[38;2;128;69;67m[48;2;52;47;42m▀[0m[38;2;47;44;41m[48;2;48;46;42m▀[0m   
  [38;2;64;60;56m▄[0m[38;2;64;60;56m▄[0m[38;2;10;10;9m[48;2;64;60;56m▀[0m[38;2;58;55;52m[48;2;64;60;56m▀[0m[38;2;64;60;56m[48;2;63;60;56m▀[0m[38;2;67;61;56m[48;2;64;60;56m▀[0m[38;2;69;62;56m[48;2;64;60;56m▀[0m[38;2;73;62;57m[48;2;64;60;56m▀[0m[38;2;64;60;56m[48;2;64;60;56m▀[0m[38;2;64;60;56m[48;2;64;60;56m▀[0m[38;2;43;38;33m[48;2;64;60;56m▀[0m[38;2;42;35;30m[48;2;64;60;56m▀[0m[38;2;42;35;30m[48;2;64;60;56m▀[0m[38;2;41;35;29m[48;2;64;60;56m▀[0m[38;2;41;35;29m[48;2;58;54;49m▀[0m[38;2;5;5;5m[48;2;38;33;28m▀[0m [38;2;101;51;33m[48;2;178;90;56m▀[0m[38;2;179;90;57m[48;2;180;91;57m▀[0m[38;2;181;90;56m▀[0m  [38;2;104;57;61m[48;2;36;27;20m▀[0m[38;2;13;8;7m[48;2;43;35;27m▀[0m   [38;2;180;90;56m▀[0m[38;2;179;90;56m[48;2;163;81;51m▀[0m   [38;2;41;35;31m[48;2;45;40;35m▀[0m[38;2;24;22;20m▀[0m    
  [38;2;6;6;5m▀[0m[38;2;63;59;55m▀[0m[38;2;63;59;56m▀[0m[38;2;19;18;17m▀[0m [38;2;64;60;56m[48;2;64;60;56m▀[0m[38;2;64;60;56m[48;2;64;60;56m▀[0m[38;2;65;61;57m▀[0m[38;2;58;54;49m▀[0m[38;2;64;60;56m[48;2;0;0;0m▀[0m[38;2;64;60;56m[48;2;64;60;56m▀[0m[38;2;64;60;56m[48;2;64;60;56m▀[0m[38;2;7;7;7m[48;2;66;62;58m▀[0m[38;2;64;60;56m▀[0m[38;2;64;60;56m▀[0m[38;2;64;60;56m▀[0m[38;2;0;0;0m▀[0m[38;2;163;83;52m[48;2;69;64;59m▀[0m[38;2;180;92;59m[48;2;65;61;57m▀[0m    [38;2;45;35;25m▀[0m[38;2;53;48;44m[48;2;0;0;0m▀[0m   [38;2;40;34;30m▀[0m[38;2;41;35;30m[48;2;40;34;30m▀[0m  [38;2;38;33;28m▀[0m     
             [38;2;3;3;3m▀[0m      [38;2;66;62;57m▀[0m[38;2;62;57;53m▀[0m         [38;2;70;66;60m▀[0m[38;2;67;62;57m▀[0m       
                                        
