                                        
                               [38;2;18;31;76m▄[0m[38;2;36;23;22m▄[0m       
                      [38;2;9;16;27m▄[0m       [38;2;0;22;53m[48;2;4;39;83m▀[0m[38;2;118;119;110m[48;2;122;120;112m▀[0m[38;2;119;118;111m[48;2;130;124;116m▀[0m       
                      [38;2;2;28;65m[48;2;0;20;56m▀[0m[38;2;15;44;84m▄[0m     [38;2;10;47;94m▄[0m[38;2;4;38;84m[48;2;12;49;96m▀[0m[38;2;129;124;116m[48;2;130;124;116m▀[0m[38;2;130;124;116m[48;2;129;124;116m▀[0m[38;2;0;0;0m▄[0m      
                      [38;2;0;14;44m[48;2;0;14;43m▀[0m[38;2;11;37;76m[48;2;8;35;73m▀[0m[38;2;14;42;81m[48;2;14;41;78m▀[0m[38;2;0;4;11m▄[0m   [38;2;10;47;94m[48;2;6;39;80m▀[0m[38;2;2;36;81m[48;2;1;36;80m▀[0m[38;2;129;124;116m[48;2;129;124;116m▀[0m[38;2;129;124;116m[48;2;129;124;116m▀[0m[38;2;130;123;114m[48;2;130;124;116m▀[0m      
                      [38;2;0;15;43m[48;2;0;15;42m▀[0m[38;2;1;25;63m[48;2;0;14;43m▀[0m[38;2;11;38;77m[48;2;11;38;77m▀[0m[38;2;11;38;77m[48;2;10;37;75m▀[0m[38;2;12;39;77m▄[0m  [38;2;11;38;75m[48;2;11;37;75m▀[0m[38;2;5;39;85m[48;2;4;39;82m▀[0m[38;2;130;124;116m[48;2;130;124;116m▀[0m[38;2;130;124;116m[48;2;132;124;115m▀[0m[38;2;129;124;116m[48;2;131;124;116m▀[0m      
                      [38;2;3;13;33m▀[0m[38;2;0;16;42m[48;2;0;15;43m▀[0m[38;2;2;28;67m[48;2;0;16;50m▀[0m[38;2;13;40;77m[48;2;11;39;77m▀[0m[38;2;11;38;77m[48;2;2;10;39m▀[0m[38;2;12;38;77m[48;2;146;140;131m▀[0m[38;2;146;140;131m▄[0m[38;2;11;38;75m[48;2;1;28;64m▀[0m[38;2;7;40;81m[48;2;4;39;83m▀[0m[38;2;118;115;108m[48;2;192;183;172m▀[0m[38;2;133;125;115m[48;2;192;182;172m▀[0m[38;2;129;124;116m[48;2;138;131;123m▀[0m[38;2;72;74;69m[48;2;129;124;116m▀[0m     
                       [38;2;0;15;42m[48;2;2;11;32m▀[0m[38;2;0;15;43m[48;2;4;15;35m▀[0m[38;2;75;82;87m[48;2;146;140;131m▀[0m[38;2;147;140;132m[48;2;147;140;132m▀[0m[38;2;146;140;131m[48;2;146;140;131m▀[0m[38;2;146;140;131m[48;2;146;140;131m▀[0m[38;2;146;140;131m[48;2;148;141;133m▀[0m[38;2;5;10;20m[48;2;176;162;143m▀[0m[38;2;122;124;129m[48;2;191;182;172m▀[0m[38;2;192;183;172m[48;2;191;182;172m▀[0m[38;2;192;182;172m[48;2;191;182;172m▀[0m[38;2;193;183;172m[48;2;191;182;172m▀[0m[38;2;193;183;172m▄[0m    
                        [38;2;146;140;131m[48;2;146;140;131m▀[0m[38;2;146;140;131m[48;2;147;140;131m▀[0m[38;2;146;140;131m[48;2;147;140;132m▀[0m[38;2;149;141;133m[48;2;190;182;172m▀[0m[38;2;178;162;144m[48;2;191;182;172m▀[0m[38;2;191;182;172m[48;2;191;182;172m▀[0m[38;2;192;182;172m[48;2;191;182;172m▀[0m[38;2;191;182;172m[48;2;192;182;172m▀[0m[38;2;192;182;172m[48;2;191;182;172m▀[0m[38;2;191;182;172m[48;2;191;182;172m▀[0m[38;2;191;182;172m[48;2;191;182;172m▀[0m[38;2;191;182;172m[48;2;191;182;172m▀[0m    
                       [38;2;0;0;0m▄[0m[38;2;146;140;131m[48;2;203;193;189m▀[0m[38;2;146;140;131m[48;2;151;143;135m▀[0m[38;2;194;180;157m[48;2;193;184;173m▀[0m[38;2;192;183;172m[48;2;200;183;170m▀[0m[38;2;191;182;172m[48;2;243;243;228m▀[0m[38;2;191;182;172m[48;2;168;162;153m▀[0m[38;2;191;182;172m[48;2;25;13;11m▀[0m[38;2;191;182;172m[48;2;1;3;6m▀[0m[38;2;192;182;172m[48;2;11;38;76m▀[0m[38;2;191;182;172m[48;2;192;182;172m▀[0m[38;2;191;182;172m[48;2;191;182;172m▀[0m[38;2;191;182;172m[48;2;191;182;172m▀[0m    
        [38;2;20;11;8m▄[0m[38;2;191;182;172m▄[0m[38;2;195;191;176m▄[0m[38;2;0;1;2m[48;2;191;182;172m▀[0m[38;2;196;176;162m[48;2;191;182;172m▀[0m[38;2;192;183;171m[48;2;191;182;172m▀[0m[38;2;195;176;162m[48;2;191;183;171m▀[0m[38;2;8;6;5m[48;2;191;182;172m▀[0m[38;2;191;183;172m▄[0m[38;2;192;184;172m▄[0m      [38;2;151;143;136m[48;2;0;15;52m▀[0m[38;2;172;161;149m[48;2;174;160;143m▀[0m[38;2;192;183;172m[48;2;191;182;172m▀[0m[38;2;192;183;172m[48;2;86;94;93m▀[0m[38;2;10;38;77m[48;2;10;37;75m▀[0m[38;2;11;38;76m[48;2;108;107;106m▀[0m[38;2;11;38;77m[48;2;244;201;43m▀[0m[38;2;11;38;76m[48;2;255;255;255m▀[0m[38;2;11;38;77m[48;2;11;38;77m▀[0m[38;2;192;183;172m[48;2;255;255;242m▀[0m[38;2;192;183;172m[48;2;191;182;172m▀[0m[38;2;173;167;158m[48;2;192;183;173m▀[0m[38;2;0;0;0m[48;2;191;182;172m▀[0m[38;2;23;23;23m▄[0m  
      [38;2;192;184;172m▄[0m[38;2;192;184;172m[48;2;191;182;172m▀[0m[38;2;191;182;172m[48;2;192;183;172m▀[0m[38;2;191;184;172m[48;2;191;182;172m▀[0m[38;2;191;182;172m[48;2;191;183;172m▀[0m[38;2;191;182;172m[48;2;191;182;172m▀[0m[38;2;191;182;172m[48;2;191;182;172m▀[0m[38;2;191;182;172m[48;2;191;182;172m▀[0m[38;2;191;182;172m[48;2;191;183;172m▀[0m[38;2;191;182;172m[48;2;191;183;172m▀[0m[38;2;191;182;172m[48;2;191;182;172m▀[0m[38;2;191;182;172m[48;2;193;184;173m▀[0m[38;2;191;182;172m[48;2;162;151;139m▀[0m[38;2;149;141;134m[48;2;149;141;134m▀[0m[38;2;147;140;132m▄[0m   [38;2;3;15;55m▀[0m[38;2;6;19;39m[48;2;134;119;114m▀[0m[38;2;191;182;172m[48;2;191;182;172m▀[0m[38;2;29;56;93m[48;2;28;57;95m▀[0m[38;2;12;39;77m[48;2;12;39;77m▀[0m[38;2;255;255;255m[48;2;12;39;77m▀[0m[38;2;169;169;170m[48;2;11;38;77m▀[0m[38;2;151;150;150m[48;2;133;129;121m▀[0m[38;2;189;176;165m[48;2;191;182;172m▀[0m[38;2;255;254;232m[48;2;14;8;5m▀[0m[38;2;193;184;172m▀[0m[38;2;190;177;165m▀[0m    
     [38;2;162;150;138m[48;2;201;189;173m▀[0m[38;2;191;182;172m[48;2;200;189;173m▀[0m[38;2;191;182;172m[48;2;191;183;172m▀[0m[38;2;191;182;172m[48;2;191;182;172m▀[0m[38;2;191;182;172m[48;2;191;182;172m▀[0m[38;2;191;183;172m[48;2;191;182;172m▀[0m[38;2;191;182;172m[48;2;191;182;172m▀[0m[38;2;191;183;172m[48;2;191;182;172m▀[0m[38;2;191;183;171m[48;2;191;182;172m▀[0m[38;2;191;182;172m[48;2;191;182;172m▀[0m[38;2;191;182;172m[48;2;191;182;172m▀[0m[38;2;49;29;27m[48;2;124;109;103m▀[0m   [38;2;147;140;132m[48;2;83;91;97m▀[0m[38;2;65;60;58m[48;2;172;158;141m▀[0m[38;2;148;141;132m[48;2;160;150;138m▀[0m[38;2;149;141;133m[48;2;148;141;132m▀[0m[38;2;148;141;133m[48;2;148;141;132m▀[0m[38;2;65;60;53m[48;2;151;143;136m▀[0m[38;2;191;182;172m[48;2;191;183;172m▀[0m[38;2;32;39;39m[48;2;192;184;172m▀[0m[38;2;192;183;172m[48;2;211;211;184m▀[0m[38;2;194;185;173m[48;2;197;186;174m▀[0m[38;2;201;185;171m[48;2;35;38;42m▀[0m[38;2;192;182;172m[48;2;192;183;172m▀[0m[38;2;255;254;235m[48;2;253;252;230m▀[0m[38;2;164;163;149m▄[0m      
    [38;2;0;0;0m▄[0m[38;2;201;189;173m[48;2;191;185;171m▀[0m[38;2;200;189;173m[48;2;200;189;174m▀[0m[38;2;199;189;173m[48;2;199;189;174m▀[0m[38;2;191;182;172m[48;2;201;189;173m▀[0m[38;2;191;182;172m[48;2;191;182;172m▀[0m[38;2;191;182;172m[48;2;191;183;172m▀[0m[38;2;191;182;172m[48;2;199;189;173m▀[0m[38;2;191;182;172m[48;2;200;189;173m▀[0m[38;2;200;189;173m[48;2;200;189;173m▀[0m[38;2;200;189;173m[48;2;191;182;172m▀[0m[38;2;191;182;172m[48;2;166;165;161m▀[0m[38;2;171;158;143m[48;2;167;160;154m▀[0m   [38;2;191;183;171m[48;2;199;193;176m▀[0m[38;2;191;183;172m[48;2;191;182;172m▀[0m[38;2;191;182;172m[48;2;191;182;172m▀[0m[38;2;191;182;172m[48;2;191;182;172m▀[0m[38;2;192;184;171m[48;2;191;182;172m▀[0m[38;2;134;130;126m[48;2;191;183;172m▀[0m[38;2;192;182;172m[48;2;192;183;171m▀[0m[38;2;191;182;172m[48;2;191;182;172m▀[0m[38;2;153;144;137m[48;2;191;182;172m▀[0m[38;2;25;24;24m[48;2;191;182;172m▀[0m[38;2;48;35;29m[48;2;191;182;172m▀[0m[38;2;191;183;172m[48;2;208;205;182m▀[0m[38;2;255;253;232m[48;2;255;254;233m▀[0m[38;2;255;254;233m[48;2;254;253;233m▀[0m[38;2;4;5;5m▄[0m     
    [38;2;0;0;0m▀[0m[38;2;166;158;153m[48;2;19;42;78m▀[0m[38;2;190;181;171m[48;2;92;89;102m▀[0m[38;2;191;182;171m[48;2;128;125;129m▀[0m[38;2;191;183;172m[48;2;183;174;165m▀[0m[38;2;191;183;172m[48;2;190;182;171m▀[0m[38;2;191;182;172m[48;2;189;180;171m▀[0m[38;2;191;182;172m[48;2;117;120;130m▀[0m[38;2;191;182;172m[48;2;39;55;86m▀[0m[38;2;187;179;169m[48;2;94;102;121m▀[0m[38;2;124;131;144m[48;2;95;102;119m▀[0m[38;2;18;41;77m[48;2;16;39;77m▀[0m[38;2;118;115;123m[48;2;158;153;148m▀[0m   [38;2;198;192;175m[48;2;192;184;173m▀[0m[38;2;198;192;175m[48;2;191;184;172m▀[0m[38;2;192;183;171m[48;2;191;183;171m▀[0m[38;2;192;183;172m[48;2;191;182;172m▀[0m[38;2;191;182;172m[48;2;177;168;157m▀[0m[38;2;191;183;172m[48;2;191;182;172m▀[0m[38;2;191;182;172m[48;2;191;183;172m▀[0m[38;2;191;182;172m[48;2;191;182;172m▀[0m[38;2;191;182;172m[48;2;191;182;172m▀[0m[38;2;191;182;172m[48;2;191;182;172m▀[0m[38;2;191;182;172m[48;2;191;182;172m▀[0m[38;2;248;247;223m[48;2;248;246;227m▀[0m[38;2;254;253;232m[48;2;212;203;197m▀[0m[38;2;48;47;45m[48;2;34;31;30m▀[0m[38;2;191;183;171m[48;2;191;182;172m▀[0m[38;2;0;0;0m[48;2;192;184;172m▀[0m    
    [38;2;0;2;24m[48;2;0;16;50m▀[0m[38;2;11;38;77m[48;2;0;16;48m▀[0m[38;2;28;43;78m[48;2;12;38;76m▀[0m[38;2;77;81;100m[48;2;86;89;105m▀[0m[38;2;176;169;161m[48;2;158;147;141m▀[0m[38;2;189;180;170m[48;2;171;165;158m▀[0m[38;2;156;156;153m[48;2;128;127;131m▀[0m[38;2;103;103;111m[48;2;43;57;85m▀[0m[38;2;20;42;77m[48;2;14;39;76m▀[0m[38;2;38;56;88m[48;2;11;38;77m▀[0m[38;2;13;39;76m[48;2;5;31;69m▀[0m[38;2;12;38;76m[48;2;0;16;48m▀[0m[38;2;41;51;81m[48;2;0;6;31m▀[0m[38;2;0;16;49m▄[0m[38;2;7;16;33m▄[0m [38;2;193;184;172m[48;2;191;182;172m▀[0m[38;2;191;182;172m[48;2;191;182;172m▀[0m[38;2;192;183;172m[48;2;191;182;172m▀[0m[38;2;191;183;172m▀[0m[38;2;147;140;132m[48;2;148;141;132m▀[0m[38;2;146;140;132m[48;2;48;43;41m▀[0m [38;2;209;200;198m▀[0m[38;2;82;90;89m▀[0m[38;2;192;183;171m[48;2;192;183;171m▀[0m[38;2;191;182;172m[48;2;192;184;172m▀[0m   [38;2;11;34;71m[48;2;0;17;51m▀[0m[38;2;147;140;132m[48;2;1;25;60m▀[0m[38;2;9;28;54m[48;2;5;24;59m▀[0m   
  [38;2;11;38;77m▄[0m[38;2;11;38;77m▄[0m[38;2;10;10;9m[48;2;11;38;77m▀[0m[38;2;6;34;72m[48;2;11;38;77m▀[0m[38;2;11;38;77m[48;2;10;38;77m▀[0m[38;2;16;40;77m[48;2;11;38;77m▀[0m[38;2;17;40;77m[48;2;11;38;77m▀[0m[38;2;21;41;77m[48;2;11;38;77m▀[0m[38;2;11;38;77m[48;2;11;38;77m▀[0m[38;2;11;38;77m[48;2;11;38;77m▀[0m[38;2;0;18;52m[48;2;11;38;77m▀[0m[38;2;0;16;49m[48;2;11;38;77m▀[0m[38;2;0;16;49m[48;2;11;38;77m▀[0m[38;2;0;16;48m[48;2;11;38;77m▀[0m[38;2;0;16;48m[48;2;6;32;69m▀[0m[38;2;5;5;5m[48;2;0;14;48m▀[0m [38;2;110;116;113m[48;2;191;183;171m▀[0m[38;2;192;184;172m[48;2;193;184;172m▀[0m[38;2;194;183;171m▀[0m  [38;2;147;140;132m[48;2;3;17;42m▀[0m[38;2;13;7;7m[48;2;1;22;55m▀[0m   [38;2;193;183;172m▀[0m[38;2;192;184;172m[48;2;175;164;153m▀[0m   [38;2;0;14;47m[48;2;0;19;52m▀[0m[38;2;4;11;28m▀[0m    
  [38;2;6;6;5m▀[0m[38;2;10;38;76m▀[0m[38;2;10;38;77m▀[0m[38;2;0;2;32m▀[0m [38;2;11;38;77m[48;2;11;38;77m▀[0m[38;2;11;38;77m[48;2;11;38;77m▀[0m[38;2;12;39;78m▀[0m[38;2;6;32;69m▀[0m[38;2;11;38;77m[48;2;0;0;0m▀[0m[38;2;11;38;77m[48;2;11;38;77m▀[0m[38;2;11;38;77m[48;2;11;38;77m▀[0m[38;2;7;7;7m[48;2;13;40;78m▀[0m[38;2;11;38;77m▀[0m[38;2;11;38;77m▀[0m[38;2;11;38;77m▀[0m[38;2;0;0;0m▀[0m[38;2;166;158;154m[48;2;8;31;65m▀[0m[38;2;193;185;173m[48;2;5;28;63m▀[0m    [38;2;3;22;52m▀[0m[38;2;9;36;75m[48;2;0;0;0m▀[0m   [38;2;0;11;45m▀[0m[38;2;0;11;45m[48;2;0;11;45m▀[0m  [38;2;2;16;42m▀[0m     
             [38;2;0;2;4m▀[0m      [38;2;6;29;63m▀[0m[38;2;4;24;59m▀[0m         [38;2;12;39;77m▀[0m[38;2;9;35;74m▀[0m       
                                        
