                                        
     [38;2;32;30;28m[48;2;70;66;63m▀[0m                                  
     [38;2;65;61;57m[48;2;64;60;56m▀[0m[38;2;64;61;57m▄[0m   [38;2;55;50;44m▄[0m[38;2;38;34;30m[48;2;36;30;26m▀[0m[38;2;132;70;67m[48;2;129;69;67m▀[0m                           
   [38;2;53;47;41m▄[0m [38;2;64;60;56m[48;2;60;55;51m▀[0m[38;2;64;60;56m[48;2;64;60;56m▀[0m[38;2;26;22;20m▄[0m[38;2;58;29;25m▄[0m[38;2;45;41;36m[48;2;44;37;31m▀[0m[38;2;44;37;31m[48;2;82;45;42m▀[0m[38;2;130;69;67m[48;2;131;70;67m▀[0m[38;2;12;6;5m▀[0m                           
   [38;2;44;37;31m[48;2;54;48;43m▀[0m[38;2;21;18;15m▄[0m[38;2;44;37;31m[48;2;18;12;12m▀[0m[38;2;129;69;67m[48;2;136;72;66m▀[0m[38;2;130;69;67m[48;2;134;71;67m▀[0m[38;2;47;28;27m[48;2;65;35;34m▀[0m[38;2;44;37;31m[48;2;66;35;25m▀[0m[38;2;48;26;26m[48;2;178;87;55m▀[0m[38;2;130;70;67m[48;2;77;41;40m▀[0m[38;2;51;48;45m▄[0m                           
   [38;2;45;40;35m▀[0m[38;2;44;38;32m[48;2;39;34;29m▀[0m[38;2;49;43;38m[48;2;64;62;58m▀[0m[38;2;65;61;57m[48;2;64;60;56m▀[0m[38;2;234;230;233m[48;2;64;60;56m▀[0m[38;2;65;62;58m[48;2;64;60;56m▀[0m[38;2;180;89;55m[48;2;64;60;56m▀[0m[38;2;64;33;23m[48;2;64;60;56m▀[0m[38;2;64;61;56m[48;2;72;71;69m▀[0m[38;2;6;6;6m▀[0m                           
   [38;2;34;20;19m▀[0m[38;2;141;74;70m[48;2;175;87;58m▀[0m[38;2;230;225;229m[48;2;182;92;58m▀[0m[38;2;158;88;53m[48;2;178;88;55m▀[0m[38;2;28;27;24m[48;2;178;88;55m▀[0m[38;2;66;62;58m[48;2;187;94;59m▀[0m[38;2;63;60;56m[48;2;178;87;55m▀[0m[38;2;64;60;56m[48;2;180;89;56m▀[0m[38;2;177;88;55m[48;2;179;89;56m▀[0m[38;2;189;95;60m[48;2;178;88;55m▀[0m                           
    [38;2;181;90;56m▀[0m[38;2;157;83;56m▀[0m[38;2;12;7;4m▀[0m [38;2;195;183;199m[48;2;230;225;229m▀[0m[38;2;180;89;55m[48;2;230;226;230m▀[0m[38;2;182;93;58m[48;2;178;87;55m▀[0m[38;2;178;87;55m[48;2;177;87;55m▀[0m[38;2;177;88;55m[48;2;178;87;55m▀[0m[38;2;188;97;61m▄[0m[38;2;132;67;42m▄[0m                         
      [38;2;121;116;119m▄[0m[38;2;230;226;230m[48;2;230;226;229m▀[0m[38;2;230;225;230m[48;2;230;225;229m▀[0m[38;2;230;225;229m[48;2;230;225;230m▀[0m[38;2;176;84;52m[48;2;217;193;182m▀[0m[38;2;178;87;55m[48;2;178;88;55m▀[0m[38;2;177;87;55m[48;2;177;88;55m▀[0m[38;2;177;88;55m[48;2;178;88;55m▀[0m[38;2;178;88;55m[48;2;178;88;55m▀[0m[38;2;186;104;61m[48;2;184;104;61m▀[0m[38;2;4;4;4m[48;2;184;106;61m▀[0m[38;2;184;102;60m▄[0m[38;2;183;91;56m▄[0m[38;2;122;60;38m▄[0m[38;2;183;91;57m▄[0m[38;2;31;26;22m[48;2;178;88;55m▀[0m[38;2;32;29;26m[48;2;163;82;51m▀[0m[38;2;64;61;57m▄[0m[38;2;73;77;75m▄[0m[38;2;34;35;34m▄[0m              
      [38;2;230;226;230m[48;2;121;120;121m▀[0m[38;2;230;225;228m[48;2;229;222;225m▀[0m[38;2;230;226;230m[48;2;230;225;229m▀[0m[38;2;230;226;230m[48;2;230;226;229m▀[0m[38;2;230;227;230m[48;2;230;226;230m▀[0m[38;2;178;88;55m[48;2;177;88;55m▀[0m[38;2;177;88;55m[48;2;177;88;56m▀[0m[38;2;177;88;55m[48;2;177;88;55m▀[0m[38;2;177;88;55m[48;2;177;88;55m▀[0m[38;2;183;103;60m[48;2;177;88;55m▀[0m[38;2;185;100;61m[48;2;177;88;55m▀[0m[38;2;178;89;56m[48;2;177;88;55m▀[0m[38;2;178;88;55m[48;2;177;88;55m▀[0m[38;2;178;88;55m[48;2;177;88;55m▀[0m[38;2;177;87;54m[48;2;178;88;56m▀[0m[38;2;177;88;55m[48;2;177;88;55m▀[0m[38;2;178;88;55m[48;2;179;88;55m▀[0m[38;2;183;105;61m[48;2;177;87;54m▀[0m[38;2;72;73;71m[48;2;64;60;56m▀[0m[38;2;64;60;56m[48;2;64;60;56m▀[0m[38;2;178;87;54m[48;2;14;14;12m▀[0m[38;2;177;87;54m▄[0m[38;2;177;87;55m▄[0m           
      [38;2;228;223;228m[48;2;133;125;137m▀[0m[38;2;231;226;230m[48;2;156;151;157m▀[0m[38;2;230;226;230m[48;2;230;225;230m▀[0m[38;2;229;225;229m[48;2;230;225;229m▀[0m[38;2;230;225;229m[48;2;230;225;229m▀[0m[38;2;177;88;55m[48;2;177;87;55m▀[0m[38;2;177;88;55m[48;2;177;88;55m▀[0m[38;2;177;88;55m[48;2;178;88;55m▀[0m[38;2;177;88;55m[48;2;177;88;55m▀[0m[38;2;177;88;55m[48;2;178;88;55m▀[0m[38;2;177;88;55m[48;2;177;88;55m▀[0m[38;2;177;88;54m[48;2;178;87;55m▀[0m[38;2;177;88;55m[48;2;177;87;55m▀[0m[38;2;177;88;54m[48;2;177;88;55m▀[0m[38;2;178;88;55m[48;2;178;89;56m▀[0m[38;2;178;88;55m[48;2;57;29;19m▀[0m[38;2;177;88;55m[48;2;178;88;55m▀[0m[38;2;177;88;55m[48;2;177;88;55m▀[0m[38;2;64;61;56m[48;2;181;89;56m▀[0m[38;2;65;61;57m[48;2;64;60;56m▀[0m[38;2;64;60;56m[48;2;44;36;32m▀[0m[38;2;81;44;43m[48;2;186;97;61m▀[0m[38;2;178;87;55m[48;2;34;19;18m▀[0m[38;2;177;88;55m[48;2;167;83;58m▀[0m[38;2;178;87;54m[48;2;177;87;55m▀[0m[38;2;177;87;54m▄[0m[38;2;172;86;55m▄[0m       
       [38;2;195;184;200m▀[0m[38;2;199;187;204m[48;2;146;137;149m▀[0m[38;2;217;210;219m[48;2;195;183;199m▀[0m[38;2;228;223;228m[48;2;195;183;199m▀[0m[38;2;177;87;54m[48;2;141;72;58m▀[0m[38;2;178;88;55m[48;2;177;87;54m▀[0m[38;2;177;88;55m[48;2;179;89;56m▀[0m[38;2;177;88;55m[48;2;177;87;54m▀[0m[38;2;177;87;55m[48;2;177;87;54m▀[0m[38;2;177;87;55m[48;2;170;84;57m▀[0m[38;2;178;87;54m[48;2;176;87;54m▀[0m[38;2;178;88;55m[48;2;113;67;69m▀[0m[38;2;177;87;55m[48;2;109;67;69m▀[0m[38;2;132;70;67m[48;2;109;67;69m▀[0m[38;2;130;70;67m[48;2;109;67;69m▀[0m[38;2;178;89;56m[48;2;179;88;55m▀[0m[38;2;178;88;55m[48;2;179;88;55m▀[0m[38;2;177;88;55m[48;2;179;89;56m▀[0m[38;2;62;58;54m[48;2;178;87;55m▀[0m[38;2;183;95;60m[48;2;178;89;56m▀[0m[38;2;178;88;55m[48;2;120;61;39m▀[0m  [38;2;151;77;62m[48;2;11;6;6m▀[0m[38;2;177;87;54m[48;2;178;87;54m▀[0m[38;2;177;87;54m[48;2;177;87;55m▀[0m[38;2;177;91;55m[48;2;177;88;55m▀[0m[38;2;177;87;54m▄[0m     
          [38;2;200;187;203m▀[0m[38;2;196;184;200m[48;2;30;16;14m▀[0m[38;2;177;87;55m[48;2;177;87;55m▀[0m[38;2;178;89;56m[48;2;177;88;55m▀[0m[38;2;177;88;55m[48;2;179;88;55m▀[0m[38;2;93;88;97m▀[0m[38;2;171;159;176m[48;2;85;79;86m▀[0m[38;2;110;67;69m[48;2;116;68;68m▀[0m[38;2;109;67;69m[48;2;110;67;69m▀[0m[38;2;109;67;69m[48;2;109;67;69m▀[0m[38;2;110;67;69m[48;2;111;67;69m▀[0m[38;2;112;67;68m[48;2;87;45;36m▀[0m[38;2;140;71;44m▀[0m[38;2;178;88;55m[48;2;179;89;56m▀[0m[38;2;178;88;55m[48;2;178;90;56m▀[0m[38;2;178;88;55m[48;2;179;90;57m▀[0m[38;2;177;87;54m[48;2;164;83;60m▀[0m   [38;2;125;67;65m▄[0m[38;2;166;82;58m[48;2;178;88;55m▀[0m[38;2;178;87;54m[48;2;177;87;54m▀[0m[38;2;178;88;54m[48;2;177;87;55m▀[0m[38;2;177;88;55m[48;2;178;88;55m▀[0m[38;2;177;87;54m[48;2;177;88;55m▀[0m[38;2;179;89;56m▄[0m   
          [38;2;25;24;22m▄[0m[38;2;178;88;55m▄[0m[38;2;177;87;55m[48;2;177;88;55m▀[0m[38;2;177;87;55m[48;2;130;69;68m▀[0m   [38;2;74;38;33m▀[0m[38;2;110;67;69m[48;2;109;67;69m▀[0m[38;2;109;67;69m[48;2;109;67;69m▀[0m[38;2;126;70;67m[48;2;143;73;64m▀[0m[38;2;0;0;0m▀[0m[38;2;45;39;32m[48;2;44;37;31m▀[0m[38;2;43;37;30m[48;2;43;37;31m▀[0m[38;2;56;53;50m[48;2;43;37;31m▀[0m[38;2;117;59;37m[48;2;43;37;31m▀[0m[38;2;44;37;31m[48;2;44;37;31m▀[0m[38;2;22;19;16m[48;2;43;37;31m▀[0m[38;2;155;83;57m[48;2;64;60;56m▀[0m[38;2;177;87;54m[48;2;178;88;54m▀[0m[38;2;182;93;58m[48;2;177;88;54m▀[0m[38;2;184;102;61m[48;2;177;87;54m▀[0m[38;2;178;88;54m[48;2;184;105;61m▀[0m[38;2;177;87;55m[48;2;177;87;54m▀[0m[38;2;177;87;55m[48;2;177;87;54m▀[0m[38;2;177;87;55m[48;2;178;88;55m▀[0m[38;2;177;87;54m[48;2;177;88;55m▀[0m[38;2;48;26;18m▄[0m  
          [38;2;44;38;32m[48;2;43;37;31m▀[0m[38;2;67;62;57m[48;2;65;62;57m▀[0m[38;2;165;83;52m▀[0m[38;2;45;39;33m[48;2;43;37;31m▀[0m[38;2;44;38;32m▄[0m    [38;2;113;69;70m[48;2;109;67;69m▀[0m[38;2;43;37;31m[48;2;9;8;7m▀[0m[38;2;43;37;31m[48;2;43;37;31m▀[0m[38;2;43;37;31m[48;2;43;37;31m▀[0m[38;2;43;37;31m[48;2;44;37;31m▀[0m[38;2;43;37;31m[48;2;43;37;31m▀[0m[38;2;44;37;31m[48;2;44;37;31m▀[0m[38;2;43;37;31m[48;2;43;37;31m▀[0m[38;2;44;37;31m[48;2;43;37;31m▀[0m[38;2;64;60;56m[48;2;18;17;16m▀[0m[38;2;64;60;56m[48;2;66;62;58m▀[0m[38;2;84;66;58m[48;2;65;61;57m▀[0m[38;2;178;87;54m[48;2;177;87;54m▀[0m[38;2;177;87;55m[48;2;178;87;55m▀[0m[38;2;180;91;57m[48;2;182;94;58m▀[0m[38;2;183;94;59m[48;2;181;93;58m▀[0m[38;2;177;87;55m[48;2;177;87;54m▀[0m[38;2;177;88;55m[48;2;177;87;54m▀[0m[38;2;174;86;58m[48;2;79;42;38m▀[0m  
          [38;2;43;37;31m[48;2;58;53;49m▀[0m[38;2;65;61;57m[48;2;64;60;56m▀[0m [38;2;43;37;31m▀[0m[38;2;44;37;31m[48;2;43;37;31m▀[0m    [38;2;109;67;69m[48;2;21;21;20m▀[0m[38;2;64;60;56m▄[0m[38;2;43;37;31m[48;2;44;37;31m▀[0m[38;2;43;37;31m[48;2;43;37;31m▀[0m[38;2;44;37;31m[48;2;44;37;30m▀[0m[38;2;43;36;30m[48;2;48;36;26m▀[0m[38;2;44;37;31m[48;2;46;37;28m▀[0m[38;2;43;37;31m[48;2;43;37;30m▀[0m[38;2;43;37;31m[48;2;45;36;29m▀[0m[38;2;44;37;31m[48;2;45;37;28m▀[0m[38;2;64;60;56m[48;2;25;20;16m▀[0m[38;2;69;62;56m[48;2;69;62;56m▀[0m[38;2;177;87;55m[48;2;177;87;55m▀[0m[38;2;177;87;55m[48;2;177;87;54m▀[0m[38;2;181;92;57m[48;2;178;88;55m▀[0m[38;2;185;101;61m[48;2;177;88;55m▀[0m[38;2;177;87;54m[48;2;173;85;56m▀[0m[38;2;178;88;55m[48;2;129;69;67m▀[0m   
         [38;2;64;60;56m▄[0m[38;2;64;60;56m[48;2;64;60;56m▀[0m   [38;2;44;37;31m[48;2;43;37;31m▀[0m   [38;2;32;28;24m[48;2;43;37;31m▀[0m[38;2;39;34;28m▀[0m[38;2;48;36;26m[48;2;20;18;16m▀[0m[38;2;48;36;26m[48;2;48;37;26m▀[0m[38;2;48;36;26m[48;2;48;36;26m▀[0m[38;2;49;36;26m[48;2;48;36;26m▀[0m[38;2;48;36;26m[48;2;49;37;26m▀[0m[38;2;48;36;26m[48;2;48;36;26m▀[0m[38;2;48;36;26m[48;2;48;37;26m▀[0m[38;2;48;37;26m[48;2;47;37;27m▀[0m[38;2;48;36;26m[48;2;44;37;31m▀[0m[38;2;64;60;56m[48;2;45;38;32m▀[0m[38;2;64;60;56m[48;2;44;37;31m▀[0m[38;2;177;88;55m[48;2;132;70;67m▀[0m[38;2;163;81;59m[48;2;130;70;67m▀[0m[38;2;157;78;61m[48;2;129;69;67m▀[0m[38;2;150;75;62m[48;2;129;69;67m▀[0m[38;2;129;70;68m[48;2;142;73;64m▀[0m[38;2;42;23;20m▀[0m   
      [38;2;43;37;32m▄[0m[38;2;63;60;56m[48;2;43;37;31m▀[0m[38;2;63;59;56m[48;2;43;37;31m▀[0m[38;2;64;60;56m[48;2;50;44;38m▀[0m  [38;2;44;37;31m▀[0m[38;2;44;37;31m▀[0m[38;2;44;37;31m▀[0m [38;2;44;38;32m▀[0m[38;2;44;37;31m▀[0m[38;2;43;37;31m▀[0m[38;2;53;49;45m▄[0m[38;2;64;60;56m[48;2;57;53;47m▀[0m[38;2;48;38;28m[48;2;48;37;26m▀[0m[38;2;49;36;26m[48;2;51;44;37m▀[0m[38;2;49;37;26m[48;2;64;60;56m▀[0m[38;2;48;36;26m[48;2;62;57;53m▀[0m[38;2;49;36;26m[48;2;45;37;29m▀[0m[38;2;47;36;27m[48;2;49;36;26m▀[0m[38;2;49;36;26m[48;2;49;36;26m▀[0m[38;2;44;37;31m[48;2;44;37;30m▀[0m[38;2;59;44;39m[48;2;131;70;68m▀[0m[38;2;130;69;67m[48;2;129;69;67m▀[0m[38;2;129;69;67m[48;2;129;78;70m▀[0m[38;2;130;69;67m[48;2;101;63;55m▀[0m[38;2;129;69;67m▀[0m[38;2;83;45;44m▀[0m     
                      [38;2;64;61;57m[48;2;27;25;24m▀[0m[38;2;64;60;56m▀[0m[38;2;65;61;57m▀[0m               
                                        
