                                        
                                        
                                        
                                        
                                        
   [38;2;196;147;70m▄[0m[38;2;50;41;22m▄[0m          [38;2;237;225;185m▄[0m[38;2;230;193;118m▄[0m[38;2;240;207;136m[48;2;226;181;91m▀[0m[38;2;225;180;93m[48;2;224;177;82m▀[0m[38;2;225;180;91m[48;2;221;171;71m▀[0m[38;2;219;168;72m[48;2;185;140;61m▀[0m                   
   [38;2;247;233;186m[48;2;243;222;174m▀[0m[38;2;210;159;69m[48;2;228;181;85m▀[0m[38;2;224;173;71m[48;2;223;172;72m▀[0m[38;2;10;10;9m[48;2;225;173;69m▀[0m[38;2;228;177;70m▄[0m[38;2;167;115;60m▄[0m[38;2;162;112;59m▄[0m  [38;2;35;30;22m▄[0m[38;2;233;202;137m[48;2;181;126;52m▀[0m[38;2;224;173;68m[48;2;223;171;66m▀[0m[38;2;224;175;72m[48;2;224;173;67m▀[0m[38;2;225;175;73m[48;2;223;171;70m▀[0m[38;2;225;176;76m[48;2;226;175;71m▀[0m[38;2;224;174;71m[48;2;216;166;72m▀[0m[38;2;198;149;61m[48;2;223;172;69m▀[0m[38;2;203;120;90m[48;2;158;80;49m▀[0m[38;2;205;119;91m[48;2;153;77;47m▀[0m[38;2;194;111;81m[48;2;157;80;48m▀[0m[38;2;201;118;90m[48;2;156;80;49m▀[0m[38;2;152;76;48m▄[0m[38;2;0;0;1m▄[0m              
    [38;2;215;173;88m[48;2;216;168;71m▀[0m[38;2;222;170;65m[48;2;224;171;63m▀[0m[38;2;223;169;63m[48;2;223;169;60m▀[0m[38;2;174;121;58m[48;2;161;108;57m▀[0m[38;2;169;116;61m[48;2;163;111;59m▀[0m[38;2;165;113;60m[48;2;164;112;60m▀[0m[38;2;163;111;59m[48;2;145;204;202m▀[0m[38;2;140;201;197m[48;2;145;204;200m▀[0m[38;2;139;203;198m[48;2;112;174;172m▀[0m[38;2;128;188;185m[48;2;105;171;168m▀[0m[38;2;73;61;49m[48;2;106;172;170m▀[0m[38;2;178;123;53m[48;2;92;153;148m▀[0m[38;2;220;167;68m[48;2;193;139;58m▀[0m[38;2;180;139;55m[48;2;213;160;65m▀[0m[38;2;223;171;66m[48;2;127;94;39m▀[0m[38;2;227;173;63m[48;2;156;79;48m▀[0m[38;2;149;75;45m[48;2;152;75;46m▀[0m[38;2;141;71;45m[48;2;141;71;44m▀[0m[38;2;143;72;46m[48;2;137;68;44m▀[0m[38;2;136;68;44m[48;2;152;75;46m▀[0m[38;2;130;66;42m[48;2;145;72;44m▀[0m[38;2;172;89;60m[48;2;130;65;41m▀[0m[38;2;192;106;80m[48;2;140;68;44m▀[0m[38;2;152;74;46m▄[0m[38;2;131;70;52m▄[0m           
    [38;2;240;227;184m[48;2;226;170;55m▀[0m[38;2;223;167;58m[48;2;224;169;57m▀[0m[38;2;208;154;57m[48;2;161;107;56m▀[0m[38;2;112;75;40m[48;2;113;176;174m▀[0m[38;2;140;198;196m[48;2;116;175;174m▀[0m[38;2;121;180;178m[48;2;116;175;174m▀[0m[38;2;117;175;174m[48;2;108;107;106m▀[0m[38;2;115;174;172m[48;2;116;174;172m▀[0m[38;2;111;171;169m[48;2;110;171;168m▀[0m[38;2;105;171;167m[48;2;221;167;60m▀[0m[38;2;103;171;169m[48;2;219;164;55m▀[0m[38;2;39;126;115m[48;2;35;124;113m▀[0m[38;2;36;123;113m[48;2;37;125;115m▀[0m[38;2;162;109;55m[48;2;25;29;21m▀[0m[38;2;216;161;58m[48;2;160;107;55m▀[0m[38;2;226;170;59m[48;2;220;171;76m▀[0m[38;2;149;73;45m[48;2;219;164;55m▀[0m[38;2;149;73;44m[48;2;147;72;44m▀[0m[38;2;154;75;46m[48;2;153;74;45m▀[0m[38;2;145;71;44m[48;2;153;74;46m▀[0m[38;2;146;71;44m[48;2;146;73;44m▀[0m[38;2;140;70;45m[48;2;152;74;46m▀[0m[38;2;125;63;40m[48;2;136;68;43m▀[0m[38;2;108;55;35m[48;2;131;65;44m▀[0m[38;2;156;75;46m[48;2;69;35;24m▀[0m[38;2;80;46;35m▄[0m          
   [38;2;226;170;54m▀[0m[38;2;28;24;20m[48;2;123;89;35m▀[0m[38;2;190;136;54m[48;2;160;106;56m▀[0m[38;2;162;109;57m[48;2;162;109;58m▀[0m[38;2;115;177;176m[48;2;117;180;179m▀[0m[38;2;116;175;174m[48;2;118;179;178m▀[0m[38;2;74;76;74m[48;2;245;244;242m▀[0m[38;2;247;246;245m[48;2;247;247;245m▀[0m[38;2;114;176;175m[48;2;112;177;175m▀[0m[38;2;108;173;172m[48;2;108;173;172m▀[0m[38;2;225;179;84m[48;2;223;168;58m▀[0m[38;2;223;166;57m[48;2;162;110;55m▀[0m[38;2;30;95;88m[48;2;44;127;117m▀[0m[38;2;37;124;114m[48;2;39;123;113m▀[0m[38;2;36;123;113m[48;2;37;123;113m▀[0m[38;2;20;68;64m[48;2;35;122;112m▀[0m[38;2;156;102;54m[48;2;33;116;106m▀[0m[38;2;221;173;80m[48;2;158;105;55m▀[0m[38;2;223;169;63m[48;2;228;180;83m▀[0m[38;2;110;58;50m[48;2;217;166;67m▀[0m[38;2;131;66;50m[48;2;215;161;54m▀[0m[38;2;155;74;46m[48;2;80;42;38m▀[0m[38;2;153;75;46m[48;2;109;59;51m▀[0m[38;2;150;73;45m[48;2;106;57;50m▀[0m[38;2;147;73;43m[48;2;101;55;48m▀[0m[38;2;142;71;48m[48;2;101;56;49m▀[0m[38;2;133;68;46m[48;2;96;54;47m▀[0m[38;2;99;56;48m▄[0m         
      [38;2;92;63;34m▀[0m[38;2;114;174;172m[48;2;109;173;172m▀[0m[38;2;115;174;173m▀[0m[38;2;115;174;172m[48;2;111;176;173m▀[0m[38;2;113;173;170m[48;2;92;147;144m▀[0m[38;2;8;7;7m[48;2;237;203;132m▀[0m[38;2;108;60;54m[48;2;238;204;133m▀[0m[38;2;131;113;74m[48;2;154;134;88m▀[0m[38;2;238;204;133m[48;2;234;201;131m▀[0m[38;2;164;123;87m[48;2;164;123;87m▀[0m[38;2;43;126;116m[48;2;42;124;113m▀[0m[38;2;36;122;112m[48;2;46;127;118m▀[0m[38;2;35;122;111m[48;2;56;131;122m▀[0m[38;2;36;121;111m[48;2;37;120;111m▀[0m[38;2;35;125;114m[48;2;101;166;163m▀[0m[38;2;155;101;54m[48;2;82;153;147m▀[0m[38;2;155;101;53m[48;2;35;120;111m▀[0m[38;2;159;106;54m[48;2;119;78;42m▀[0m[38;2;217;163;54m[48;2;155;101;53m▀[0m[38;2;211;156;56m[48;2;155;101;53m▀[0m[38;2;214;158;56m[48;2;182;128;53m▀[0m[38;2;71;53;21m[48;2;220;165;55m▀[0m[38;2;105;58;51m[48;2;194;138;49m▀[0m[38;2;98;55;47m[48;2;193;139;50m▀[0m[38;2;101;57;48m[48;2;169;124;48m▀[0m[38;2;104;59;50m[48;2;99;56;47m▀[0m  [38;2;13;11;8m▄[0m     
       [38;2;236;203;136m▄[0m[38;2;115;98;65m[48;2;232;196;126m▀[0m[38;2;62;39;33m[48;2;234;199;126m▀[0m[38;2;151;77;69m[48;2;230;195;125m▀[0m[38;2;232;197;126m[48;2;230;196;126m▀[0m[38;2;234;200;130m[48;2;234;200;129m▀[0m[38;2;235;201;132m[48;2;177;138;94m▀[0m[38;2;165;125;89m[48;2;165;125;88m▀[0m[38;2;164;124;87m[48;2;164;123;87m▀[0m[38;2;92;154;149m[48;2;91;153;148m▀[0m[38;2;90;152;147m[48;2;42;69;68m▀[0m[38;2;44;71;70m[48;2;179;123;47m▀[0m[38;2;103;168;165m[48;2;152;205;202m▀[0m[38;2;115;180;176m[48;2;103;170;166m▀[0m[38;2;103;170;167m[48;2;103;170;167m▀[0m[38;2;103;170;167m[48;2;103;169;166m▀[0m[38;2;31;108;99m[48;2;103;170;167m▀[0m[38;2;35;122;111m[48;2;71;143;137m▀[0m[38;2;26;88;80m[48;2;42;125;115m▀[0m[38;2;61;39;22m[48;2;35;122;111m▀[0m[38;2;162;106;56m[48;2;35;122;111m▀[0m[38;2;155;102;54m[48;2;101;169;166m▀[0m[38;2;156;102;54m[48;2;103;171;168m▀[0m[38;2;155;102;53m[48;2;103;172;170m▀[0m[38;2;156;103;54m[48;2;105;172;171m▀[0m[38;2;158;106;55m[48;2;35;95;86m▀[0m[38;2;194;139;54m[48;2;35;95;86m▀[0m[38;2;159;105;55m[48;2;34;100;90m▀[0m[38;2;37;110;100m▄[0m[38;2;150;100;52m[48;2;29;90;84m▀[0m[38;2;10;32;29m▄[0m[38;2;1;0;0m▄[0m 
       [38;2;241;206;132m[48;2;88;75;48m▀[0m[38;2;233;198;126m[48;2;232;197;125m▀[0m[38;2;232;197;125m[48;2;232;196;125m▀[0m[38;2;232;197;125m[48;2;202;165;107m▀[0m[38;2;232;197;126m[48;2;162;121;83m▀[0m[38;2;170;129;88m[48;2;28;35;28m▀[0m[38;2;164;122;86m[48;2;25;85;78m▀[0m[38;2;159;120;85m[48;2;134;104;76m▀[0m[38;2;135;105;77m[48;2;134;103;76m▀[0m[38;2;133;102;75m[48;2;69;141;133m▀[0m[38;2;103;170;167m[48;2;103;170;166m▀[0m[38;2;180;124;48m[48;2;35;63;63m▀[0m[38;2;118;182;178m[48;2;103;170;167m▀[0m[38;2;103;171;168m[48;2;103;171;168m▀[0m[38;2;103;171;168m[48;2;94;162;159m▀[0m[38;2;103;170;167m[48;2;32;112;102m▀[0m[38;2;100;168;164m[48;2;34;122;111m▀[0m[38;2;74;145;140m[48;2;165;122;85m▀[0m[38;2;181;144;92m[48;2;162;120;84m▀[0m[38;2;154;121;78m[48;2;169;125;86m▀[0m[38;2;75;146;141m[48;2;160;120;84m▀[0m[38;2;104;171;170m[48;2;36;123;112m▀[0m[38;2;104;171;168m[48;2;106;175;173m▀[0m[38;2;105;172;170m[48;2;104;172;171m▀[0m[38;2;122;189;185m[48;2;108;176;174m▀[0m[38;2;105;172;170m[48;2;105;172;171m▀[0m[38;2;33;93;85m[48;2;15;31;29m▀[0m[38;2;30;97;87m[48;2;32;93;85m▀[0m[38;2;32;101;91m[48;2;32;98;88m▀[0m[38;2;34;105;94m▀[0m[38;2;36;117;107m▀[0m  
       [38;2;28;58;54m▄[0m[38;2;32;109;100m[48;2;35;121;111m▀[0m[38;2;35;122;112m[48;2;35;121;111m▀[0m[38;2;35;122;112m[48;2;35;122;112m▀[0m[38;2;35;122;112m[48;2;35;122;112m▀[0m[38;2;23;85;78m▀[0m   [38;2;36;121;111m[48;2;57;131;123m▀[0m[38;2;36;121;111m[48;2;60;136;128m▀[0m[38;2;45;128;118m[48;2;58;135;126m▀[0m[38;2;35;123;112m[48;2;47;128;118m▀[0m[38;2;35;121;111m[48;2;35;110;102m▀[0m[38;2;35;122;111m[48;2;35;121;111m▀[0m[38;2;36;125;115m[48;2;133;103;76m▀[0m[38;2;161;120;84m[48;2;132;102;75m▀[0m[38;2;159;119;84m[48;2;109;85;63m▀[0m[38;2;163;122;85m[48;2;134;103;76m▀[0m[38;2;133;102;75m[48;2;132;102;75m▀[0m[38;2;133;102;76m[48;2;120;93;69m▀[0m[38;2;36;122;113m[48;2;2;1;1m▀[0m[38;2;36;122;113m[48;2;36;122;113m▀[0m[38;2;36;122;113m[48;2;43;125;116m▀[0m[38;2;70;143;137m[48;2;57;134;125m▀[0m[38;2;72;144;137m[48;2;62;139;131m▀[0m[38;2;43;126;116m[48;2;48;107;102m▀[0m      
       [38;2;31;89;83m[48;2;35;41;40m▀[0m[38;2;36;125;114m[48;2;48;72;70m▀[0m[38;2;91;111;109m[48;2;118;145;143m▀[0m[38;2;35;122;111m[48;2;36;126;116m▀[0m[38;2;35;121;110m▀[0m    [38;2;67;140;133m[48;2;65;140;132m▀[0m[38;2;67;142;135m[48;2;249;248;248m▀[0m[38;2;69;143;136m[48;2;68;142;135m▀[0m[38;2;67;142;134m[48;2;68;143;136m▀[0m[38;2;52;131;122m[48;2;66;141;133m▀[0m[38;2;23;85;78m▀[0m[38;2;161;120;84m▀[0m[38;2;158;118;83m▀[0m[38;2;157;117;83m▀[0m[38;2;138;104;75m▀[0m   [38;2;40;126;116m[48;2;0;0;0m▀[0m[38;2;57;135;127m[48;2;138;153;151m▀[0m[38;2;63;140;131m[48;2;69;145;137m▀[0m[38;2;67;143;136m[48;2;85;91;91m▀[0m[38;2;0;0;0m[48;2;170;181;180m▀[0m      
                [38;2;4;9;8m▀[0m[38;2;179;191;190m▀[0m[38;2;67;140;133m▀[0m[38;2;33;79;73m▀[0m                    
                                        
                                        
                                        
                                        
