                                        
                                        
                      [38;2;115;97;72m[48;2;95;80;60m▀[0m[38;2;158;133;99m[48;2;180;152;111m▀[0m[38;2;176;148;108m▄[0m               
                      [38;2;24;20;15m▀[0m[38;2;168;140;102m[48;2;164;136;100m▀[0m[38;2;176;148;108m[48;2;164;136;100m▀[0m[38;2;177;149;109m[48;2;167;138;101m▀[0m[38;2;175;147;109m▄[0m             
                       [38;2;165;137;100m[48;2;162;135;100m▀[0m[38;2;165;136;101m[48;2;160;133;98m▀[0m[38;2;164;135;99m[48;2;159;132;98m▀[0m[38;2;159;132;97m[48;2;158;131;97m▀[0m[38;2;162;134;99m▄[0m            
           [38;2;183;213;142m▄[0m[38;2;32;29;22m[48;2;141;167;110m▀[0m[38;2;216;191;147m[48;2;39;45;34m▀[0m[38;2;212;187;143m[48;2;199;185;82m▀[0m[38;2;211;184;138m[48;2;43;37;29m▀[0m[38;2;218;188;140m[48;2;204;176;132m▀[0m[38;2;7;7;4m[48;2;204;176;132m▀[0m[38;2;204;176;132m▄[0m[38;2;211;183;136m▄[0m [38;2;62;62;60m▄[0m[38;2;255;255;255m▄[0m[38;2;255;255;255m▄[0m[38;2;21;21;21m[48;2;255;255;255m▀[0m[38;2;36;31;24m[48;2;255;255;255m▀[0m[38;2;152;126;93m[48;2;210;183;137m▀[0m[38;2;159;132;97m[48;2;209;181;136m▀[0m[38;2;60;52;40m▄[0m           
           [38;2;37;44;30m▀[0m[38;2;158;187;123m[48;2;175;207;135m▀[0m[38;2;38;42;27m[48;2;163;192;127m▀[0m[38;2;193;179;80m[48;2;200;184;83m▀[0m[38;2;194;180;80m[48;2;195;181;81m▀[0m[38;2;195;181;81m[48;2;194;181;81m▀[0m[38;2;129;119;57m[48;2;197;183;82m▀[0m[38;2;206;177;133m[48;2;198;185;83m▀[0m[38;2;209;181;135m[48;2;209;180;134m▀[0m[38;2;209;181;136m[48;2;210;182;137m▀[0m[38;2;215;191;152m[48;2;217;192;153m▀[0m[38;2;255;255;255m[48;2;222;200;163m▀[0m[38;2;255;255;255m[48;2;255;255;255m▀[0m[38;2;255;255;255m[48;2;255;255;255m▀[0m[38;2;255;255;255m[48;2;255;255;255m▀[0m[38;2;253;252;250m[48;2;255;255;255m▀[0m[38;2;207;180;136m[48;2;229;210;152m▀[0m[38;2;214;189;133m[48;2;249;236;109m▀[0m[38;2;134;117;88m[48;2;248;236;109m▀[0m          
             [38;2;182;213;142m▀[0m[38;2;188;216;150m[48;2;203;224;173m▀[0m[38;2;206;192;86m[48;2;203;224;172m▀[0m[38;2;196;182;81m[48;2;246;235;108m▀[0m[38;2;194;181;80m[48;2;248;235;106m▀[0m[38;2;198;184;83m[48;2;252;241;110m▀[0m[38;2;209;180;135m[48;2;210;183;137m▀[0m[38;2;210;183;139m[48;2;212;185;141m▀[0m[38;2;229;211;145m[48;2;253;242;134m▀[0m[38;2;250;239;138m[48;2;250;238;115m▀[0m[38;2;233;220;198m[48;2;250;238;112m▀[0m[38;2;255;255;255m[48;2;255;255;255m▀[0m[38;2;255;255;255m[48;2;255;255;255m▀[0m[38;2;255;255;255m[48;2;255;255;255m▀[0m[38;2;255;255;255m[48;2;255;255;255m▀[0m[38;2;21;26;20m[48;2;80;89;68m▀[0m[38;2;250;238;111m[48;2;251;240;111m▀[0m[38;2;227;206;131m[48;2;231;212;130m▀[0m[38;2;14;14;12m▄[0m        
       [38;2;253;245;171m▄[0m       [38;2;203;224;173m▀[0m[38;2;183;213;142m▀[0m[38;2;183;213;143m▀[0m[38;2;183;214;143m▀[0m[38;2;210;183;137m[48;2;207;179;134m▀[0m[38;2;210;182;137m[48;2;207;179;135m▀[0m[38;2;249;237;112m[48;2;246;235;108m▀[0m[38;2;165;159;75m[48;2;252;239;111m▀[0m[38;2;223;223;219m[48;2;245;235;119m▀[0m[38;2;254;252;249m[48;2;247;240;207m▀[0m[38;2;255;255;255m[48;2;255;255;255m▀[0m[38;2;250;238;113m[48;2;255;255;255m▀[0m[38;2;137;132;73m[48;2;255;255;255m▀[0m[38;2;255;255;255m[48;2;255;255;255m▀[0m[38;2;243;230;147m[48;2;226;224;223m▀[0m[38;2;255;255;255m[48;2;13;7;8m▀[0m[38;2;253;253;251m[48;2;250;249;246m▀[0m        
       [38;2;249;242;153m[48;2;250;238;109m▀[0m[38;2;249;244;167m[48;2;250;238;111m▀[0m[38;2;249;237;110m▄[0m[38;2;250;238;116m[48;2;249;237;114m▀[0m[38;2;0;0;0m[48;2;251;240;122m▀[0m    [38;2;3;3;6m▄[0m[38;2;243;232;132m[48;2;243;232;122m▀[0m[38;2;243;231;103m[48;2;249;238;118m▀[0m[38;2;206;179;134m[48;2;12;12;13m▀[0m[38;2;210;182;137m[48;2;253;254;252m▀[0m[38;2;210;182;137m[48;2;253;253;252m▀[0m[38;2;247;236;109m[48;2;253;252;250m▀[0m[38;2;248;236;109m[48;2;255;254;253m▀[0m[38;2;255;255;255m[48;2;133;68;72m▀[0m[38;2;255;255;255m[48;2;147;76;79m▀[0m[38;2;255;255;254m[48;2;153;79;82m▀[0m[38;2;111;54;61m[48;2;155;81;83m▀[0m[38;2;105;51;58m[48;2;165;88;89m▀[0m[38;2;94;44;51m[48;2;67;57;56m▀[0m[38;2;72;62;62m[48;2;252;249;247m▀[0m[38;2;250;249;249m▀[0m        
        [38;2;246;235;108m[48;2;65;61;31m▀[0m[38;2;247;236;109m▀[0m[38;2;248;236;109m[48;2;4;4;2m▀[0m[38;2;249;237;115m[48;2;188;175;79m▀[0m[38;2;182;211;146m▄[0m[38;2;52;45;36m[48;2;206;180;138m▀[0m[38;2;203;175;132m[48;2;203;176;134m▀[0m[38;2;204;177;132m[48;2;205;178;134m▀[0m[38;2;234;222;98m[48;2;221;210;95m▀[0m[38;2;246;235;132m[48;2;244;233;111m▀[0m[38;2;248;238;128m[48;2;247;237;132m▀[0m[38;2;247;236;115m[48;2;248;237;122m▀[0m[38;2;247;236;110m[48;2;247;236;113m▀[0m[38;2;193;183;86m[48;2;248;236;109m▀[0m[38;2;251;251;250m[48;2;248;237;109m▀[0m[38;2;250;248;247m[48;2;188;177;170m▀[0m[38;2;215;209;207m[48;2;234;229;225m▀[0m[38;2;155;81;83m[48;2;251;249;247m▀[0m[38;2;255;252;250m[48;2;255;255;253m▀[0m[38;2;188;106;107m[48;2;221;214;210m▀[0m[38;2;202;127;125m[48;2;196;115;116m▀[0m[38;2;191;107;107m[48;2;200;123;123m▀[0m[38;2;217;214;103m[48;2;248;237;111m▀[0m[38;2;250;238;114m[48;2;247;237;113m▀[0m        
          [38;2;124;118;56m▄[0m[38;2;122;145;98m[48;2;183;212;146m▀[0m[38;2;113;98;76m[48;2;210;186;146m▀[0m[38;2;211;187;147m[48;2;211;187;147m▀[0m[38;2;210;185;145m[48;2;208;183;143m▀[0m[38;2;206;179;136m[48;2;209;182;139m▀[0m[38;2;67;60;39m[48;2;208;181;137m▀[0m[38;2;244;231;104m[48;2;247;236;108m▀[0m[38;2;250;241;138m[48;2;249;238;125m▀[0m[38;2;251;241;135m[48;2;253;243;146m▀[0m[38;2;251;240;129m[48;2;253;243;145m▀[0m[38;2;251;241;137m[48;2;252;242;137m▀[0m[38;2;251;239;121m[48;2;251;240;126m▀[0m[38;2;250;238;114m[48;2;250;239;119m▀[0m[38;2;250;238;113m[48;2;251;239;119m▀[0m[38;2;250;238;111m[48;2;250;238;115m▀[0m[38;2;250;238;110m[48;2;250;237;111m▀[0m[38;2;249;237;110m[48;2;250;238;112m▀[0m[38;2;228;221;103m[48;2;250;237;111m▀[0m[38;2;235;227;106m[48;2;250;238;114m▀[0m[38;2;249;237;114m[48;2;250;238;112m▀[0m[38;2;250;237;112m[48;2;250;238;113m▀[0m        
         [38;2;55;47;36m▄[0m[38;2;179;212;139m[48;2;210;181;134m▀[0m[38;2;209;183;140m[48;2;212;185;140m▀[0m[38;2;214;190;150m[48;2;215;191;150m▀[0m[38;2;214;189;149m[48;2;213;188;147m▀[0m[38;2;211;186;144m[48;2;212;185;140m▀[0m[38;2;212;186;145m[48;2;210;183;138m▀[0m[38;2;208;180;134m[48;2;208;180;135m▀[0m[38;2;238;225;98m[48;2;208;180;134m▀[0m[38;2;251;239;120m[48;2;237;224;99m▀[0m[38;2;250;239;124m[48;2;250;239;125m▀[0m[38;2;252;242;138m[48;2;249;237;110m▀[0m[38;2;252;242;138m[48;2;251;240;126m▀[0m[38;2;252;243;140m[48;2;251;240;123m▀[0m[38;2;252;243;140m[48;2;249;237;113m▀[0m[38;2;252;242;133m[48;2;250;239;116m▀[0m[38;2;250;238;116m[48;2;251;239;118m▀[0m[38;2;250;238;114m[48;2;250;237;113m▀[0m[38;2;249;237;113m[48;2;248;236;110m▀[0m[38;2;249;238;114m[48;2;249;237;109m▀[0m[38;2;249;237;110m[48;2;245;233;105m▀[0m[38;2;247;236;108m[48;2;242;230;103m▀[0m[38;2;246;236;108m[48;2;226;213;97m▀[0m        
         [38;2;160;135;99m[48;2;75;63;47m▀[0m[38;2;208;180;133m[48;2;177;149;110m▀[0m[38;2;208;181;136m[48;2;197;168;125m▀[0m[38;2;209;181;137m[48;2;207;179;133m▀[0m[38;2;208;181;138m[48;2;210;183;136m▀[0m[38;2;209;181;134m[48;2;210;183;136m▀[0m[38;2;210;181;135m[48;2;209;182;136m▀[0m[38;2;209;180;134m[48;2;208;181;135m▀[0m[38;2;209;182;137m[48;2;207;178;133m▀[0m[38;2;197;185;86m[48;2;202;174;130m▀[0m[38;2;235;223;100m[48;2;208;194;89m▀[0m[38;2;233;220;98m[48;2;209;196;90m▀[0m[38;2;245;233;106m[48;2;214;201;91m▀[0m[38;2;247;236;109m[48;2;222;209;95m▀[0m[38;2;247;236;109m[48;2;223;211;96m▀[0m[38;2;246;235;109m[48;2;225;212;97m▀[0m[38;2;246;235;108m[48;2;229;216;98m▀[0m[38;2;247;236;109m[48;2;226;213;96m▀[0m[38;2;245;233;107m[48;2;221;208;94m▀[0m[38;2;246;234;106m[48;2;214;200;90m▀[0m[38;2;240;227;101m[48;2;205;191;88m▀[0m[38;2;218;205;91m[48;2;205;191;88m▀[0m[38;2;27;25;15m▀[0m        
          [38;2;170;142;105m[48;2;167;138;102m▀[0m[38;2;170;142;105m[48;2;165;137;101m▀[0m[38;2;170;142;104m[48;2;164;136;100m▀[0m[38;2;175;146;107m[48;2;162;135;99m▀[0m[38;2;183;155;114m[48;2;162;135;99m▀[0m[38;2;182;154;113m[48;2;160;134;98m▀[0m[38;2;180;151;112m[48;2;162;135;99m▀[0m[38;2;167;139;103m[48;2;163;135;99m▀[0m[38;2;163;135;100m[48;2;164;137;101m▀[0m[38;2;162;135;100m[48;2;166;138;103m▀[0m[38;2;150;139;65m[48;2;166;138;103m▀[0m[38;2;205;192;88m[48;2;167;138;103m▀[0m[38;2;205;192;88m[48;2;203;189;85m▀[0m[38;2;206;193;88m[48;2;204;191;87m▀[0m[38;2;207;194;89m[48;2;204;190;87m▀[0m[38;2;206;193;89m[48;2;204;190;87m▀[0m[38;2;206;192;88m[48;2;202;189;87m▀[0m[38;2;202;188;85m[48;2;206;191;88m▀[0m[38;2;201;186;84m[48;2;137;113;84m▀[0m[38;2;205;191;87m▀[0m          
           [38;2;165;138;103m[48;2;179;164;155m▀[0m[38;2;163;135;100m[48;2;108;98;92m▀[0m[38;2;165;138;104m[48;2;187;173;163m▀[0m[38;2;176;154;128m[48;2;186;171;161m▀[0m[38;2;178;157;133m[48;2;128;118;111m▀[0m[38;2;174;150;123m[48;2;114;98;90m▀[0m[38;2;164;137;102m[48;2;201;188;178m▀[0m[38;2;165;137;101m[48;2;200;188;178m▀[0m[38;2;166;139;103m[48;2;184;163;139m▀[0m[38;2;169;140;104m[48;2;166;138;102m▀[0m[38;2;167;139;103m[48;2;165;137;101m▀[0m[38;2;164;136;100m[48;2;165;138;101m▀[0m[38;2;163;136;99m[48;2;184;164;139m▀[0m[38;2;174;151;125m[48;2;193;179;169m▀[0m[38;2;188;173;163m[48;2;149;137;128m▀[0m[38;2;186;171;161m[48;2;187;173;163m▀[0m[38;2;180;166;156m[48;2;226;219;214m▀[0m[38;2;169;156;146m[48;2;226;220;214m▀[0m[38;2;187;173;164m▄[0m          
           [38;2;187;172;162m▀[0m[38;2;188;172;163m▀[0m[38;2;228;220;214m[48;2;0;0;0m▀[0m[38;2;246;242;238m[48;2;62;61;59m▀[0m[38;2;224;218;212m▀[0m   [38;2;142;133;125m[48;2;8;8;6m▀[0m[38;2;199;187;177m[48;2;197;185;174m▀[0m[38;2;201;189;180m[48;2;197;185;175m▀[0m[38;2;200;188;177m[48;2;234;229;223m▀[0m[38;2;113;105;98m[48;2;242;239;235m▀[0m[38;2;240;236;230m▄[0m [38;2;239;235;231m▀[0m[38;2;252;252;251m▀[0m[38;2;255;255;255m▀[0m           
                    [38;2;48;44;41m▀[0m[38;2;235;229;223m▀[0m[38;2;255;255;255m▀[0m[38;2;255;255;255m▀[0m[38;2;255;255;255m▀[0m               
                                        
                                        
