                                        
                     [38;2;57;61;65m▄[0m                  
                   [38;2;3;3;3m[48;2;55;59;62m▀[0m[38;2;56;61;64m[48;2;96;79;80m▀[0m[38;2;85;88;93m[48;2;92;64;62m▀[0m[38;2;46;49;52m▀[0m     [38;2;48;79;100m▄[0m[38;2;10;18;24m▄[0m          
                 [38;2;26;28;29m▄[0m[38;2;55;59;62m[48;2;166;76;54m▀[0m[38;2;60;60;63m[48;2;101;62;59m▀[0m[38;2;81;62;61m[48;2;87;62;60m▀[0m[38;2;96;63;60m[48;2;87;82;86m▀[0m[38;2;78;60;59m[48;2;68;46;43m▀[0m    [38;2;96;127;145m▄[0m[38;2;97;128;146m[48;2;80;115;135m▀[0m[38;2;40;57;67m[48;2;66;102;126m▀[0m          
                [38;2;72;38;36m▄[0m[38;2;60;62;65m[48;2;93;60;58m▀[0m[38;2;101;60;56m[48;2;103;55;52m▀[0m[38;2;94;61;58m[48;2;201;81;50m▀[0m[38;2;108;61;56m[48;2;130;57;51m▀[0m[38;2;167;60;52m[48;2;133;60;54m▀[0m[38;2;182;60;51m[48;2;164;60;52m▀[0m[38;2;61;60;62m[48;2;58;54;56m▀[0m[38;2;22;24;24m▄[0m [38;2;97;112;130m▄[0m[38;2;85;119;138m[48;2;63;100;124m▀[0m[38;2;63;100;124m[48;2;64;101;125m▀[0m[38;2;58;95;118m▀[0m          
           [38;2;44;43;43m▄[0m[38;2;46;78;101m▄[0m[38;2;8;8;8m▄[0m [38;2;102;60;56m▄[0m[38;2;233;143;53m[48;2;100;60;57m▀[0m[38;2;138;60;54m[48;2;129;53;50m▀[0m[38;2;123;55;52m[48;2;140;49;47m▀[0m[38;2;169;48;40m[48;2;163;38;34m▀[0m[38;2;170;48;41m[48;2;193;43;39m▀[0m[38;2;133;56;50m[48;2;128;47;48m▀[0m[38;2;164;59;51m[48;2;88;49;50m▀[0m[38;2;93;60;57m[48;2;103;59;56m▀[0m[38;2;13;11;11m[48;2;83;48;49m▀[0m[38;2;96;95;113m▄[0m[38;2;63;100;123m[48;2;64;99;122m▀[0m[38;2;63;100;124m[48;2;64;101;125m▀[0m[38;2;64;101;124m[48;2;44;77;100m▀[0m           
           [38;2;22;43;55m[48;2;26;28;28m▀[0m[38;2;45;78;100m[48;2;38;38;36m▀[0m[38;2;49;78;100m[48;2;59;77;97m▀[0m[38;2;42;40;39m▄[0m[38;2;105;60;57m[48;2;73;103;121m▀[0m[38;2;133;55;51m[48;2;58;88;106m▀[0m[38;2;100;97;112m[48;2;57;84;102m▀[0m[38;2;153;50;47m[48;2;122;79;85m▀[0m[38;2;225;109;47m[48;2;222;108;50m▀[0m[38;2;169;40;42m[48;2;142;46;47m▀[0m[38;2;193;47;39m[48;2;128;45;46m▀[0m[38;2;133;55;51m[48;2;131;45;45m▀[0m[38;2;189;61;47m[48;2;81;29;27m▀[0m[38;2;37;22;22m[48;2;97;126;144m▀[0m[38;2;99;128;146m[48;2;98;128;145m▀[0m[38;2;66;102;125m[48;2;97;127;146m▀[0m[38;2;40;70;90m[48;2;79;113;134m▀[0m[38;2;24;29;30m[48;2;63;100;123m▀[0m           
           [38;2;46;78;100m[48;2;44;77;99m▀[0m[38;2;45;77;100m[48;2;44;77;98m▀[0m[38;2;80;112;132m[48;2;41;66;84m▀[0m[38;2;82;115;135m[48;2;73;65;78m▀[0m[38;2;73;103;122m[48;2;41;66;83m▀[0m[38;2;70;100;119m[48;2;49;66;83m▀[0m[38;2;72;102;120m[48;2;70;101;120m▀[0m[38;2;37;60;76m[48;2;70;103;122m▀[0m[38;2;111;94;105m[48;2;39;66;85m▀[0m[38;2;177;38;36m[48;2;87;65;77m▀[0m[38;2;83;29;28m[48;2;64;99;120m▀[0m[38;2;75;102;123m[48;2;45;77;99m▀[0m[38;2;63;91;110m[48;2;63;101;123m▀[0m[38;2;78;111;131m[48;2;64;99;122m▀[0m[38;2;79;112;132m[48;2;78;111;131m▀[0m[38;2;78;109;128m[48;2;64;100;122m▀[0m[38;2;70;106;128m[48;2;35;66;88m▀[0m[38;2;62;100;123m[48;2;35;66;87m▀[0m[38;2;39;71;93m[48;2;36;64;81m▀[0m          
           [38;2;44;77;98m[48;2;21;22;23m▀[0m[38;2;44;77;98m[48;2;43;76;98m▀[0m[38;2;120;53;34m[48;2;44;78;100m▀[0m[38;2;234;104;38m[48;2;67;57;74m▀[0m[38;2;238;131;39m[48;2;90;61;70m▀[0m[38;2;132;65;59m[48;2;82;64;76m▀[0m[38;2;166;64;36m[48;2;64;67;80m▀[0m[38;2;41;66;84m[48;2;19;46;65m▀[0m[38;2;39;67;85m[48;2;40;68;86m▀[0m[38;2;39;68;86m[48;2;43;77;98m▀[0m[38;2;67;101;125m[48;2;44;77;99m▀[0m[38;2;45;78;100m[48;2;44;77;99m▀[0m[38;2;64;100;123m[48;2;43;76;99m▀[0m[38;2;63;99;122m[48;2;43;76;99m▀[0m[38;2;64;99;122m[48;2;44;77;100m▀[0m[38;2;35;66;87m[48;2;35;66;88m▀[0m[38;2;40;56;64m[48;2;35;65;86m▀[0m[38;2;34;67;86m[48;2;34;46;52m▀[0m[38;2;35;67;90m[48;2;65;102;124m▀[0m          
          [38;2;44;77;101m▄[0m[38;2;41;69;86m[48;2;35;63;84m▀[0m[38;2;39;66;83m[48;2;39;65;82m▀[0m[38;2;47;74;89m[48;2;39;65;82m▀[0m[38;2;24;47;62m[48;2;41;67;84m▀[0m[38;2;23;51;69m[48;2;64;101;123m▀[0m[38;2;24;52;70m[48;2;25;28;28m▀[0m[38;2;23;50;69m[48;2;35;67;89m▀[0m[38;2;35;66;89m[48;2;27;27;26m▀[0m[38;2;35;66;88m[48;2;44;77;99m▀[0m[38;2;44;79;101m[48;2;44;77;99m▀[0m[38;2;22;28;31m[48;2;43;77;98m▀[0m[38;2;33;44;51m[48;2;44;77;100m▀[0m[38;2;42;75;97m[48;2;41;75;97m▀[0m[38;2;44;77;99m[48;2;45;78;100m▀[0m[38;2;43;76;99m[48;2;44;77;96m▀[0m[38;2;35;66;88m[48;2;42;76;96m▀[0m[38;2;34;65;86m[48;2;58;93;114m▀[0m[38;2;98;129;147m[48;2;68;105;126m▀[0m[38;2;97;128;146m[48;2;65;103;126m▀[0m[38;2;99;130;148m[48;2;35;67;87m▀[0m[38;2;99;129;147m[48;2;34;66;86m▀[0m[38;2;34;65;86m▄[0m       
        [38;2;45;77;100m[48;2;45;77;101m▀[0m[38;2;43;76;99m[48;2;44;77;100m▀[0m[38;2;17;25;30m[48;2;30;61;83m▀[0m[38;2;19;46;67m[48;2;44;77;100m▀[0m[38;2;44;77;100m[48;2;23;28;32m▀[0m[38;2;34;63;85m[48;2;75;109;130m▀[0m[38;2;72;106;127m[48;2;65;102;125m▀[0m[38;2;63;100;124m[48;2;64;101;123m▀[0m[38;2;63;101;123m[48;2;64;101;124m▀[0m[38;2;36;49;55m[48;2;52;77;93m▀[0m[38;2;36;63;83m[48;2;65;101;124m▀[0m[38;2;45;78;100m[48;2;65;102;125m▀[0m[38;2;43;76;99m[48;2;64;100;123m▀[0m[38;2;63;98;121m[48;2;64;101;124m▀[0m[38;2;63;99;122m[48;2;70;107;129m▀[0m[38;2;38;72;94m[48;2;36;68;90m▀[0m[38;2;44;77;99m[48;2;37;71;92m▀[0m[38;2;45;78;101m[48;2;45;78;101m▀[0m[38;2;45;79;101m[48;2;45;79;101m▀[0m[38;2;28;58;76m[48;2;59;62;65m▀[0m[38;2;63;100;123m[48;2;58;61;63m▀[0m[38;2;62;100;122m[48;2;55;59;62m▀[0m[38;2;58;61;64m[48;2;56;60;62m▀[0m[38;2;18;21;21m[48;2;26;30;30m▀[0m[38;2;48;51;53m[48;2;17;19;19m▀[0m[38;2;56;60;64m[48;2;55;59;61m▀[0m[38;2;35;40;40m▄[0m     
      [38;2;34;39;40m▄[0m[38;2;35;40;40m[48;2;34;39;39m▀[0m[38;2;28;53;71m[48;2;25;42;54m▀[0m[38;2;30;61;83m[48;2;30;61;83m▀[0m[38;2;30;61;83m[48;2;31;61;83m▀[0m[38;2;30;61;83m[48;2;30;60;83m▀[0m[38;2;31;60;82m▀[0m[38;2;69;103;126m[48;2;63;100;123m▀[0m[38;2;71;106;128m[48;2;64;102;125m▀[0m[38;2;71;107;128m[48;2;73;107;129m▀[0m[38;2;66;102;126m[48;2;73;109;129m▀[0m[38;2;75;110;130m[48;2;44;77;99m▀[0m[38;2;65;101;124m[48;2;69;104;127m▀[0m[38;2;64;101;124m[48;2;81;115;133m▀[0m[38;2;68;105;126m[48;2;82;114;133m▀[0m[38;2;81;115;134m[48;2;82;114;133m▀[0m[38;2;82;114;134m[48;2;32;43;49m▀[0m[38;2;43;77;99m[48;2;56;91;114m▀[0m[38;2;44;78;101m[48;2;53;88;111m▀[0m[38;2;45;78;100m[48;2;58;93;115m▀[0m[38;2;27;42;51m[48;2;63;100;123m▀[0m[38;2;36;40;40m[48;2;55;91;114m▀[0m[38;2;35;39;39m[48;2;51;86;109m▀[0m[38;2;34;66;86m▀[0m[38;2;55;59;61m▀[0m[38;2;35;40;40m▀[0m[38;2;5;7;7m▀[0m       
        [38;2;34;39;39m▀[0m[38;2;34;39;40m▀[0m[38;2;34;39;40m▀[0m [38;2;73;109;130m▄[0m[38;2;63;100;124m[48;2;47;76;94m▀[0m[38;2;69;105;127m[48;2;30;47;58m▀[0m[38;2;73;109;130m[48;2;44;77;99m▀[0m[38;2;73;108;129m[48;2;44;77;99m▀[0m[38;2;44;77;99m[48;2;36;61;78m▀[0m[38;2;38;66;83m[48;2;36;47;52m▀[0m[38;2;80;113;133m[48;2;44;77;100m▀[0m[38;2;80;113;133m[48;2;47;82;105m▀[0m[38;2;67;100;118m[48;2;47;81;104m▀[0m[38;2;35;66;87m[48;2;35;64;86m▀[0m[38;2;56;91;114m[48;2;26;41;51m▀[0m[38;2;97;128;145m[48;2;81;115;134m▀[0m[38;2;97;128;145m[48;2;85;119;137m▀[0m[38;2;64;101;124m[48;2;78;112;133m▀[0m[38;2;47;65;75m[48;2;65;102;125m▀[0m[38;2;57;92;114m[48;2;64;102;124m▀[0m[38;2;56;91;114m[48;2;56;91;114m▀[0m[38;2;13;18;20m▄[0m         
          [38;2;63;100;123m▄[0m[38;2;75;110;131m[48;2;65;102;125m▀[0m[38;2;65;102;125m[48;2;64;101;125m▀[0m[38;2;63;101;124m[48;2;39;66;85m▀[0m[38;2;43;77;98m[48;2;65;102;125m▀[0m[38;2;28;34;37m[48;2;44;77;99m▀[0m[38;2;44;77;100m[48;2;63;99;123m▀[0m[38;2;65;102;126m[48;2;63;101;124m▀[0m[38;2;63;101;124m[48;2;64;102;125m▀[0m[38;2;70;107;129m[48;2;69;104;126m▀[0m[38;2;74;109;130m[48;2;65;102;125m▀[0m[38;2;48;82;104m[48;2;64;101;124m▀[0m[38;2;27;28;27m[48;2;39;62;77m▀[0m[38;2;67;103;125m[48;2;63;98;122m▀[0m[38;2;82;116;135m[48;2;67;102;126m▀[0m[38;2;87;119;138m[48;2;63;99;122m▀[0m[38;2;82;115;135m[48;2;62;98;122m▀[0m[38;2;63;99;122m[48;2;62;98;122m▀[0m[38;2;63;98;122m[48;2;62;98;121m▀[0m[38;2;37;70;91m[48;2;40;72;94m▀[0m[38;2;40;73;94m[48;2;25;36;42m▀[0m         
          [38;2;63;100;124m[48;2;46;81;103m▀[0m[38;2;24;28;28m[48;2;46;81;102m▀[0m[38;2;39;68;89m[48;2;43;77;98m▀[0m[38;2;64;100;121m[48;2;27;33;37m▀[0m[38;2;64;101;124m[48;2;64;101;123m▀[0m[38;2;27;42;51m[48;2;61;97;120m▀[0m[38;2;64;98;122m[48;2;12;13;12m▀[0m[38;2;62;97;121m[48;2;61;97;121m▀[0m[38;2;63;99;122m[48;2;62;97;121m▀[0m[38;2;60;97;121m[48;2;62;97;121m▀[0m[38;2;63;101;124m[48;2;62;97;121m▀[0m[38;2;67;103;125m[48;2;64;99;122m▀[0m[38;2;43;75;98m[48;2;42;76;97m▀[0m[38;2;64;99;122m[48;2;56;93;115m▀[0m[38;2;63;99;122m[48;2;61;99;123m▀[0m[38;2;62;97;121m[48;2;62;98;122m▀[0m[38;2;62;98;121m[48;2;44;77;100m▀[0m[38;2;22;24;25m[48;2;42;75;98m▀[0m[38;2;42;75;98m[48;2;42;76;98m▀[0m[38;2;43;75;98m[48;2;35;66;87m▀[0m[38;2;15;28;35m▀[0m         
           [38;2;42;76;98m[48;2;44;78;100m▀[0m[38;2;42;75;96m[48;2;38;70;92m▀[0m[38;2;37;62;78m[48;2;35;66;87m▀[0m[38;2;63;98;122m[48;2;35;66;88m▀[0m[38;2;66;102;124m[48;2;28;47;57m▀[0m[38;2;35;64;82m[48;2;28;42;50m▀[0m[38;2;61;97;121m[48;2;46;79;99m▀[0m[38;2;61;97;121m[48;2;43;77;97m▀[0m[38;2;53;87;109m[48;2;35;66;87m▀[0m[38;2;23;34;40m[48;2;23;38;48m▀[0m[38;2;35;66;88m[48;2;35;66;87m▀[0m[38;2;35;66;88m[48;2;35;65;88m▀[0m[38;2;54;90;112m[48;2;9;9;9m▀[0m[38;2;62;99;122m[48;2;35;66;87m▀[0m[38;2;63;99;122m[48;2;28;46;58m▀[0m[38;2;43;76;99m[48;2;35;66;87m▀[0m[38;2;40;75;96m[48;2;35;66;88m▀[0m[38;2;35;66;88m[48;2;22;36;45m▀[0m[38;2;35;66;88m▀[0m          
          [38;2;46;79;101m▄[0m[38;2;62;99;121m▄[0m[38;2;35;66;87m[48;2;62;98;120m▀[0m[38;2;35;66;87m[48;2;21;22;21m▀[0m[38;2;35;66;87m[48;2;23;51;72m▀[0m[38;2;34;60;77m[48;2;23;51;71m▀[0m [38;2;38;67;83m▀[0m[38;2;35;66;88m▀[0m[38;2;35;66;88m▀[0m[38;2;27;41;50m▀[0m[38;2;35;66;87m▀[0m[38;2;35;66;87m▀[0m[38;2;5;5;5m▀[0m[38;2;35;66;87m[48;2;86;118;136m▀[0m[38;2;35;66;88m[48;2;51;78;96m▀[0m[38;2;35;66;89m[48;2;29;51;66m▀[0m[38;2;35;66;89m[48;2;42;68;85m▀[0m[38;2;34;65;89m[48;2;42;68;85m▀[0m[38;2;9;18;26m▄[0m          
        [38;2;47;50;53m▄[0m[38;2;12;12;13m[48;2;16;18;18m▀[0m[38;2;58;61;64m[48;2;36;40;41m▀[0m[38;2;33;63;83m[48;2;47;50;52m▀[0m[38;2;28;30;31m[48;2;66;71;73m▀[0m[38;2;34;64;86m[48;2;35;39;39m▀[0m[38;2;37;68;88m[48;2;34;64;86m▀[0m[38;2;35;65;86m[48;2;26;56;76m▀[0m[38;2;12;12;12m▀[0m      [38;2;85;116;135m[48;2;64;69;72m▀[0m[38;2;87;120;138m[48;2;29;31;31m▀[0m[38;2;86;119;139m[48;2;21;22;21m▀[0m[38;2;85;117;134m[48;2;64;68;72m▀[0m[38;2;77;108;127m[48;2;57;61;64m▀[0m[38;2;59;87;105m[48;2;31;33;32m▀[0m[38;2;43;70;87m[48;2;61;65;67m▀[0m[38;2;44;48;51m▄[0m         
           [38;2;47;50;52m▀[0m[38;2;36;41;41m▀[0m         [38;2;46;50;51m▀[0m[38;2;47;50;52m[48;2;22;24;25m▀[0m[38;2;36;40;40m▀[0m[38;2;36;40;40m▀[0m[38;2;35;40;40m[48;2;37;42;42m▀[0m[38;2;58;61;64m[48;2;35;40;40m▀[0m[38;2;23;25;25m▀[0m[38;2;35;40;40m▀[0m[38;2;35;40;40m▀[0m         
                                        
