                                        
                                        
                                        
                                        
               [38;2;223;229;139m▄[0m[38;2;223;229;139m[48;2;234;238;177m▀[0m[38;2;98;100;62m[48;2;222;228;139m▀[0m[38;2;25;27;15m▄[0m    [38;2;10;10;7m▄[0m[38;2;220;228;139m▄[0m[38;2;226;234;143m▄[0m              
               [38;2;223;229;139m[48;2;207;221;128m▀[0m[38;2;221;228;139m[48;2;197;216;128m▀[0m[38;2;205;220;124m[48;2;186;210;123m▀[0m[38;2;190;212;122m[48;2;185;208;121m▀[0m  [38;2;207;220;134m▄[0m[38;2;220;227;139m[48;2;202;218;132m▀[0m[38;2;220;228;140m[48;2;193;213;127m▀[0m[38;2;204;219;129m[48;2;189;211;125m▀[0m[38;2;198;216;126m[48;2;189;211;124m▀[0m              
               [38;2;187;211;123m[48;2;187;211;122m▀[0m[38;2;184;208;121m[48;2;183;206;117m▀[0m[38;2;58;53;41m[48;2;134;146;88m▀[0m[38;2;182;205;118m[48;2;181;204;115m▀[0m[38;2;0;0;1m▄[0m[38;2;0;0;0m[48;2;180;203;113m▀[0m[38;2;188;211;123m[48;2;185;208;120m▀[0m[38;2;188;209;122m[48;2;49;42;29m▀[0m[38;2;190;211;124m[48;2;179;203;114m▀[0m[38;2;183;206;118m[48;2;180;203;114m▀[0m[38;2;180;204;114m[48;2;2;3;2m▀[0m              
               [38;2;138;156;90m▀[0m[38;2;180;203;114m[48;2;178;202;113m▀[0m[38;2;181;205;116m[48;2;178;203;113m▀[0m[38;2;180;204;114m[48;2;178;202;113m▀[0m[38;2;0;0;0m[48;2;139;156;88m▀[0m[38;2;178;202;112m[48;2;178;202;112m▀[0m[38;2;177;201;112m[48;2;178;202;112m▀[0m[38;2;179;202;113m[48;2;180;203;113m▀[0m[38;2;178;202;113m[48;2;182;207;115m▀[0m[38;2;180;205;114m▀[0m               
             [38;2;2;3;2m▄[0m[38;2;214;114;122m▄[0m[38;2;4;4;4m[48;2;212;111;120m▀[0m[38;2;159;95;91m[48;2;208;105;117m▀[0m[38;2;177;202;111m[48;2;122;67;68m▀[0m[38;2;175;200;109m[48;2;171;197;105m▀[0m[38;2;175;199;109m[48;2;172;197;105m▀[0m[38;2;176;200;110m[48;2;170;196;104m▀[0m[38;2;178;202;111m[48;2;172;72;84m▀[0m[38;2;21;24;14m[48;2;202;92;105m▀[0m[38;2;216;115;123m▄[0m[38;2;96;53;55m▄[0m               
            [38;2;2;3;3m[48;2;216;114;123m▀[0m[38;2;217;117;125m[48;2;218;120;127m▀[0m[38;2;219;129;134m[48;2;220;134;138m▀[0m[38;2;223;141;144m[48;2;220;133;137m▀[0m[38;2;211;107;116m[48;2;215;114;122m▀[0m[38;2;208;103;113m[48;2;211;106;116m▀[0m[38;2;209;102;112m[48;2;209;103;114m▀[0m[38;2;206;98;110m[48;2;210;104;114m▀[0m[38;2;206;98;110m[48;2;210;101;112m▀[0m[38;2;202;91;103m[48;2;207;94;107m▀[0m[38;2;202;91;105m[48;2;206;92;106m▀[0m[38;2;202;91;105m[48;2;206;91;106m▀[0m[38;2;209;100;113m[48;2;204;90;105m▀[0m[38;2;205;102;112m[48;2;203;90;105m▀[0m              
           [38;2;2;4;3m[48;2;190;51;76m▀[0m[38;2;180;49;72m[48;2;185;52;75m▀[0m[38;2;215;110;117m[48;2;198;70;87m▀[0m[38;2;218;121;128m[48;2;215;110;117m▀[0m[38;2;218;120;127m[48;2;215;110;117m▀[0m[38;2;217;117;124m[48;2;216;110;118m▀[0m[38;2;217;115;122m[48;2;215;107;115m▀[0m[38;2;216;109;118m[48;2;198;56;77m▀[0m[38;2;215;108;115m[48;2;199;57;78m▀[0m[38;2;212;102;111m[48;2;214;103;111m▀[0m[38;2;209;95;108m[48;2;211;98;109m▀[0m[38;2;207;93;106m[48;2;208;93;106m▀[0m[38;2;206;92;106m[48;2;206;90;104m▀[0m[38;2;204;90;105m[48;2;186;54;75m▀[0m[38;2;178;45;70m[48;2;181;45;71m▀[0m[38;2;178;45;70m[48;2;181;48;71m▀[0m             
           [38;2;183;48;73m[48;2;188;47;73m▀[0m[38;2;183;50;73m[48;2;184;47;72m▀[0m[38;2;188;51;75m[48;2;185;48;73m▀[0m[38;2;195;54;76m[48;2;188;49;74m▀[0m[38;2;195;53;77m[48;2;191;50;75m▀[0m[38;2;196;54;76m[48;2;193;50;75m▀[0m[38;2;195;51;75m[48;2;194;51;75m▀[0m[38;2;195;51;75m[48;2;194;50;75m▀[0m[38;2;194;50;75m[48;2;191;47;73m▀[0m[38;2;193;49;74m[48;2;189;46;73m▀[0m[38;2;190;46;72m[48;2;190;46;73m▀[0m[38;2;185;50;72m[48;2;185;48;71m▀[0m[38;2;184;44;71m[48;2;184;43;71m▀[0m[38;2;183;50;72m[48;2;183;44;70m▀[0m[38;2;181;46;70m[48;2;182;44;71m▀[0m[38;2;179;46;70m[48;2;180;44;70m▀[0m             
           [38;2;3;3;3m▀[0m[38;2;185;42;71m[48;2;187;41;69m▀[0m[38;2;184;43;71m[48;2;184;42;69m▀[0m[38;2;182;43;71m[48;2;220;177;124m▀[0m[38;2;187;46;73m[48;2;181;42;69m▀[0m[38;2;189;46;73m[48;2;183;44;71m▀[0m[38;2;189;46;73m[48;2;183;44;71m▀[0m[38;2;189;46;73m[48;2;183;42;70m▀[0m[38;2;186;44;71m[48;2;182;42;69m▀[0m[38;2;186;46;71m[48;2;182;42;69m▀[0m[38;2;184;43;70m[48;2;182;42;69m▀[0m[38;2;182;42;70m[48;2;220;175;123m▀[0m[38;2;183;44;71m[48;2;181;42;69m▀[0m[38;2;183;43;70m[48;2;183;43;71m▀[0m[38;2;181;44;70m[48;2;180;43;69m▀[0m[38;2;177;41;68m[48;2;20;10;11m▀[0m             
            [38;2;170;39;64m▀[0m[38;2;183;37;67m[48;2;140;41;61m▀[0m[38;2;220;171;120m[48;2;186;140;95m▀[0m[38;2;184;51;72m[48;2;198;149;102m▀[0m[38;2;184;42;69m[48;2;178;41;67m▀[0m[38;2;183;42;69m[48;2;203;109;94m▀[0m[38;2;182;42;69m[48;2;220;173;120m▀[0m[38;2;181;40;69m[48;2;192;69;80m▀[0m[38;2;182;40;69m[48;2;183;38;68m▀[0m[38;2;180;42;68m[48;2;220;169;118m▀[0m[38;2;220;174;122m[48;2;204;155;106m▀[0m[38;2;180;42;68m[48;2;158;41;63m▀[0m[38;2;180;42;69m[48;2;138;43;61m▀[0m[38;2;163;42;66m[48;2;10;12;9m▀[0m[38;2;117;145;80m[48;2;116;142;79m▀[0m[38;2;137;157;95m▄[0m[38;2;4;5;5m[48;2;59;65;41m▀[0m           
              [38;2;160;119;82m▀[0m[38;2;162;121;82m[48;2;160;120;82m▀[0m[38;2;160;120;83m[48;2;161;119;82m▀[0m[38;2;162;121;83m[48;2;161;119;82m▀[0m[38;2;164;123;84m[48;2;160;120;83m▀[0m[38;2;165;124;85m[48;2;159;119;82m▀[0m[38;2;163;123;84m[48;2;160;119;82m▀[0m[38;2;162;121;83m[48;2;160;120;83m▀[0m[38;2;160;120;83m[48;2;160;120;83m▀[0m[38;2;160;121;83m[48;2;100;76;53m▀[0m[38;2;155;119;83m[48;2;120;127;70m▀[0m[38;2;26;30;19m[48;2;103;116;67m▀[0m[38;2;116;142;77m[48;2;96;116;66m▀[0m[38;2;116;144;79m[48;2;16;15;14m▀[0m[38;2;89;114;65m▀[0m           
                [38;2;58;44;31m▀[0m[38;2;185;137;92m▀[0m[38;2;160;120;83m▀[0m[38;2;159;120;83m▀[0m[38;2;159;117;81m▀[0m[38;2;161;119;82m▀[0m                  
                                        
                                        
                                        
                                        
