                                        
                                        
                                        
                                        
               [38;2;223;229;139m▄[0m[38;2;223;229;139m[48;2;234;238;177m▀[0m[38;2;98;100;62m[48;2;222;228;139m▀[0m[38;2;25;27;15m▄[0m    [38;2;10;10;7m▄[0m[38;2;220;228;139m▄[0m[38;2;226;234;143m▄[0m              
               [38;2;223;229;139m[48;2;207;221;128m▀[0m[38;2;221;228;139m[48;2;197;216;128m▀[0m[38;2;205;220;124m[48;2;186;210;123m▀[0m[38;2;190;212;122m[48;2;185;208;121m▀[0m  [38;2;207;220;134m▄[0m[38;2;220;227;139m[48;2;202;218;132m▀[0m[38;2;220;228;140m[48;2;193;213;127m▀[0m[38;2;204;219;129m[48;2;189;211;125m▀[0m[38;2;198;216;126m[48;2;189;211;124m▀[0m              
               [38;2;187;211;123m[48;2;187;211;122m▀[0m[38;2;184;208;121m[48;2;183;206;117m▀[0m[38;2;58;53;41m[48;2;134;146;88m▀[0m[38;2;182;205;118m[48;2;181;204;115m▀[0m[38;2;0;0;1m▄[0m[38;2;0;0;0m[48;2;180;203;113m▀[0m[38;2;188;211;123m[48;2;185;208;120m▀[0m[38;2;188;209;122m[48;2;49;42;29m▀[0m[38;2;190;211;124m[48;2;179;203;114m▀[0m[38;2;183;206;118m[48;2;180;203;114m▀[0m[38;2;180;204;114m[48;2;2;3;2m▀[0m              
               [38;2;138;156;90m▀[0m[38;2;180;203;114m[48;2;178;202;113m▀[0m[38;2;181;205;116m[48;2;178;203;113m▀[0m[38;2;180;204;114m[48;2;178;202;113m▀[0m[38;2;0;0;0m[48;2;139;156;88m▀[0m[38;2;178;202;112m[48;2;178;202;112m▀[0m[38;2;177;201;112m[48;2;178;202;112m▀[0m[38;2;179;202;113m[48;2;180;203;113m▀[0m[38;2;178;202;113m[48;2;182;207;115m▀[0m[38;2;180;205;114m▀[0m               
             [38;2;9;22;10m▄[0m[38;2;54;150;62m▄[0m[38;2;8;18;9m[48;2;54;147;60m▀[0m[38;2;47;113;46m[48;2;52;141;58m▀[0m[38;2;177;202;111m[48;2;56;106;48m▀[0m[38;2;175;200;109m[48;2;171;197;105m▀[0m[38;2;175;199;109m[48;2;172;197;105m▀[0m[38;2;176;200;110m[48;2;170;196;104m▀[0m[38;2;178;202;111m[48;2;42;118;42m▀[0m[38;2;21;24;14m[48;2;53;129;50m▀[0m[38;2;55;151;61m▄[0m[38;2;43;101;44m▄[0m               
            [38;2;2;2;2m[48;2;56;150;62m▀[0m[38;2;55;152;64m[48;2;55;155;65m▀[0m[38;2;55;165;71m[48;2;54;170;73m▀[0m[38;2;65;168;77m[48;2;51;169;71m▀[0m[38;2;54;143;57m[48;2;55;150;61m▀[0m[38;2;53;139;54m[48;2;54;142;57m▀[0m[38;2;55;138;55m[48;2;54;139;56m▀[0m[38;2;54;134;54m[48;2;55;140;56m▀[0m[38;2;53;134;53m[48;2;57;137;55m▀[0m[38;2;53;128;49m[48;2;57;131;52m▀[0m[38;2;54;128;51m[48;2;56;129;51m▀[0m[38;2;54;128;51m[48;2;57;128;51m▀[0m[38;2;55;136;56m[48;2;56;127;51m▀[0m[38;2;57;144;59m[48;2;55;127;51m▀[0m              
           [38;2;2;4;3m[48;2;100;153;71m▀[0m[38;2;98;149;70m[48;2;102;155;73m▀[0m[38;2;56;146;58m[48;2;72;137;56m▀[0m[38;2;54;156;65m[48;2;57;146;58m▀[0m[38;2;54;155;65m[48;2;57;146;58m▀[0m[38;2;56;152;63m[48;2;58;146;59m▀[0m[38;2;56;151;61m[48;2;66;142;57m▀[0m[38;2;59;145;59m[48;2;112;161;75m▀[0m[38;2;59;144;56m[48;2;106;155;71m▀[0m[38;2;58;138;54m[48;2;60;139;53m▀[0m[38;2;58;132;52m[48;2;59;134;53m▀[0m[38;2;58;130;51m[48;2;59;130;51m▀[0m[38;2;56;129;51m[48;2;57;127;50m▀[0m[38;2;56;128;51m[48;2;93;145;66m▀[0m[38;2;97;145;68m[48;2;99;147;69m▀[0m[38;2;98;146;68m[48;2;99;149;69m▀[0m             
           [38;2;100;149;71m[48;2;102;152;71m▀[0m[38;2;100;152;71m[48;2;101;149;70m▀[0m[38;2;104;156;73m[48;2;101;151;71m▀[0m[38;2;109;160;74m[48;2;104;153;72m▀[0m[38;2;108;159;75m[48;2;105;156;73m▀[0m[38;2;110;160;74m[48;2;107;157;73m▀[0m[38;2;108;158;73m[48;2;107;158;73m▀[0m[38;2;108;159;73m[48;2;107;157;73m▀[0m[38;2;107;157;73m[48;2;105;152;71m▀[0m[38;2;107;156;72m[48;2;104;150;71m▀[0m[38;2;104;151;70m[48;2;104;151;71m▀[0m[38;2;101;153;70m[48;2;102;151;69m▀[0m[38;2;101;147;69m[48;2;101;145;69m▀[0m[38;2;100;152;70m[48;2;100;146;68m▀[0m[38;2;99;147;68m[48;2;100;145;69m▀[0m[38;2;98;146;68m[48;2;98;144;68m▀[0m             
           [38;2;3;7;4m▀[0m[38;2;102;145;69m[48;2;103;145;67m▀[0m[38;2;101;145;69m[48;2;100;144;67m▀[0m[38;2;100;145;69m[48;2;210;174;119m▀[0m[38;2;103;150;71m[48;2;99;143;67m▀[0m[38;2;104;150;71m[48;2;100;146;69m▀[0m[38;2;104;150;71m[48;2;100;146;69m▀[0m[38;2;104;151;71m[48;2;100;144;68m▀[0m[38;2;102;147;69m[48;2;100;143;67m▀[0m[38;2;102;149;69m[48;2;100;143;67m▀[0m[38;2;101;145;68m[48;2;100;144;67m▀[0m[38;2;100;143;68m[48;2;220;175;123m▀[0m[38;2;100;146;69m[48;2;99;144;67m▀[0m[38;2;100;146;68m[48;2;100;145;69m▀[0m[38;2;98;145;68m[48;2;98;143;67m▀[0m[38;2;96;141;66m[48;2;37;44;24m▀[0m             
            [38;2;92;135;62m▀[0m[38;2;101;139;65m[48;2;90;137;66m▀[0m[38;2;220;171;120m[48;2;186;140;95m▀[0m[38;2;116;145;73m[48;2;198;149;102m▀[0m[38;2;101;144;67m[48;2;97;140;65m▀[0m[38;2;100;144;67m[48;2;165;161;95m▀[0m[38;2;100;143;67m[48;2;181;163;102m▀[0m[38;2;99;141;67m[48;2;133;152;81m▀[0m[38;2;100;141;67m[48;2;101;139;66m▀[0m[38;2;98;142;66m[48;2;207;168;113m▀[0m[38;2;220;174;122m[48;2;204;155;106m▀[0m[38;2;98;142;66m[48;2;84;132;61m▀[0m[38;2;98;142;67m[48;2;72;125;59m▀[0m[38;2;87;135;64m[48;2;10;12;9m▀[0m[38;2;117;145;80m[48;2;116;142;79m▀[0m[38;2;137;157;95m▄[0m[38;2;4;5;5m[48;2;59;65;41m▀[0m           
              [38;2;160;119;82m▀[0m[38;2;162;121;82m[48;2;160;120;82m▀[0m[38;2;160;120;83m[48;2;161;119;82m▀[0m[38;2;162;121;83m[48;2;161;119;82m▀[0m[38;2;164;123;84m[48;2;160;120;83m▀[0m[38;2;165;124;85m[48;2;159;119;82m▀[0m[38;2;163;123;84m[48;2;160;119;82m▀[0m[38;2;162;121;83m[48;2;160;120;83m▀[0m[38;2;160;120;83m[48;2;160;120;83m▀[0m[38;2;160;121;83m[48;2;100;76;53m▀[0m[38;2;155;119;83m[48;2;120;127;70m▀[0m[38;2;26;30;19m[48;2;103;116;67m▀[0m[38;2;116;142;77m[48;2;96;116;66m▀[0m[38;2;116;144;79m[48;2;16;15;14m▀[0m[38;2;89;114;65m▀[0m           
                [38;2;58;44;31m▀[0m[38;2;185;137;92m▀[0m[38;2;160;120;83m▀[0m[38;2;159;120;83m▀[0m[38;2;159;117;81m▀[0m[38;2;161;119;82m▀[0m                  
                                        
                                        
                                        
                                        
