                                        
                                        
                                        
                                        
             [38;2;137;130;100m▄[0m[38;2;191;181;139m▄[0m[38;2;191;181;139m▄[0m[38;2;161;153;118m[48;2;190;181;138m▀[0m[38;2;193;182;139m[48;2;191;181;140m▀[0m[38;2;191;182;140m[48;2;191;182;140m▀[0m[38;2;191;182;140m[48;2;191;182;141m▀[0m[38;2;128;122;94m[48;2;191;181;139m▀[0m[38;2;190;180;137m▄[0m[38;2;46;44;35m▄[0m                 
        [38;2;181;169;131m▄[0m[38;2;180;168;129m▄[0m[38;2;254;254;250m▄[0m[38;2;255;255;255m▄[0m[38;2;160;158;150m[48;2;252;252;246m▀[0m[38;2;253;252;245m[48;2;196;183;145m▀[0m[38;2;241;238;218m[48;2;196;185;145m▀[0m[38;2;241;239;219m[48;2;195;183;144m▀[0m[38;2;107;105;96m[48;2;194;182;142m▀[0m[38;2;193;183;142m[48;2;181;168;129m▀[0m[38;2;184;173;132m[48;2;186;174;137m▀[0m[38;2;164;152;106m[48;2;160;146;97m▀[0m[38;2;172;161;117m[48;2;159;146;98m▀[0m[38;2;164;152;105m[48;2;158;146;98m▀[0m[38;2;159;146;98m[48;2;157;145;97m▀[0m[38;2;159;146;98m[48;2;157;145;96m▀[0m[38;2;160;147;98m▄[0m               
       [38;2;131;129;119m▄[0m[38;2;176;163;124m[48;2;244;241;226m▀[0m[38;2;242;239;219m[48;2;243;240;223m▀[0m[38;2;240;237;217m[48;2;235;232;212m▀[0m[38;2;238;236;215m[48;2;238;235;215m▀[0m[38;2;180;168;128m[48;2;239;236;216m▀[0m[38;2;176;164;125m[48;2;138;128;99m▀[0m[38;2;180;167;128m[48;2;180;167;128m▀[0m[38;2;176;164;125m[48;2;177;165;125m▀[0m[38;2;178;165;126m[48;2;178;165;126m▀[0m[38;2;180;168;129m[48;2;178;166;126m▀[0m[38;2;180;168;129m[48;2;179;167;127m▀[0m[38;2;190;178;141m[48;2;182;168;128m▀[0m[38;2;106;97;66m[48;2;211;208;191m▀[0m[38;2;157;144;97m[48;2;159;146;97m▀[0m[38;2;160;147;98m[48;2;159;146;97m▀[0m[38;2;160;147;98m[48;2;91;86;81m▀[0m[38;2;160;147;98m[48;2;160;147;98m▀[0m[38;2;160;147;98m[48;2;159;145;97m▀[0m[38;2;159;145;97m▄[0m             
      [38;2;49;46;43m▄[0m[38;2;24;24;23m[48;2;236;233;214m▀[0m[38;2;246;244;224m[48;2;235;233;212m▀[0m[38;2;38;37;35m[48;2;66;61;58m▀[0m[38;2;129;128;117m[48;2;66;61;58m▀[0m[38;2;240;238;218m[48;2;241;238;218m▀[0m[38;2;181;168;128m[48;2;35;33;26m▀[0m[38;2;144;194;62m[48;2;145;194;62m▀[0m[38;2;65;61;58m[48;2;158;200;72m▀[0m[38;2;120;164;64m[48;2;190;215;118m▀[0m[38;2;116;158;64m[48;2;177;209;107m▀[0m[38;2;137;186;63m[48;2;152;197;64m▀[0m[38;2;177;165;126m[48;2;178;166;126m▀[0m[38;2;240;237;217m[48;2;234;230;210m▀[0m[38;2;20;19;17m[48;2;159;145;97m▀[0m[38;2;158;145;97m[48;2;158;145;96m▀[0m[38;2;159;146;97m[48;2;158;145;96m▀[0m[38;2;90;85;80m[48;2;87;83;78m▀[0m[38;2;161;147;98m[48;2;162;149;99m▀[0m[38;2;159;147;98m[48;2;159;146;97m▀[0m[38;2;159;146;98m[48;2;159;146;97m▀[0m             
      [38;2;23;21;20m▀[0m[38;2;237;234;214m[48;2;161;159;144m▀[0m[38;2;242;239;218m[48;2;241;238;218m▀[0m[38;2;237;234;214m[48;2;240;237;217m▀[0m[38;2;236;233;213m[48;2;236;233;212m▀[0m[38;2;238;235;215m[48;2;236;233;213m▀[0m[38;2;239;236;215m[48;2;238;235;215m▀[0m[38;2;174;161;123m[48;2;241;238;218m▀[0m[38;2;97;114;58m[48;2;175;162;124m▀[0m[38;2;178;209;107m[48;2;178;166;126m▀[0m[38;2;178;211;107m[48;2;175;162;124m▀[0m[38;2;183;170;129m[48;2;197;194;168m▀[0m[38;2;244;241;220m[48;2;164;163;145m▀[0m[38;2;241;239;219m[48;2;118;109;68m▀[0m[38;2;145;133;89m[48;2;120;111;69m▀[0m[38;2;159;147;98m[48;2;119;110;68m▀[0m[38;2;90;85;79m[48;2;101;93;57m▀[0m[38;2;87;83;78m[48;2;119;110;68m▀[0m[38;2;159;146;97m[48;2;117;108;67m▀[0m[38;2;159;145;97m[48;2;116;107;67m▀[0m[38;2;158;145;96m[48;2;116;107;67m▀[0m             
        [38;2;142;143;125m▀[0m[38;2;166;166;146m▀[0m[38;2;160;160;141m▀[0m[38;2;162;162;144m[48;2;146;145;129m▀[0m[38;2;162;163;144m[48;2;164;164;145m▀[0m[38;2;155;155;138m[48;2;164;164;145m▀[0m[38;2;165;165;146m[48;2;194;191;168m▀[0m[38;2;138;127;99m[48;2;36;34;24m▀[0m[38;2;163;164;144m[48;2;120;110;68m▀[0m[38;2;163;163;145m[48;2;120;110;69m▀[0m[38;2;120;110;69m[48;2;119;110;69m▀[0m[38;2;120;110;69m[48;2;118;110;69m▀[0m[38;2;119;110;69m[48;2;119;110;69m▀[0m[38;2;119;110;68m[48;2;117;108;68m▀[0m[38;2;117;108;68m[48;2;117;109;68m▀[0m[38;2;116;107;67m[48;2;117;108;67m▀[0m[38;2;116;107;67m[48;2;118;108;68m▀[0m[38;2;116;107;67m[48;2;51;47;30m▀[0m[38;2;11;11;11m[48;2;59;58;55m▀[0m             
             [38;2;117;108;68m[48;2;104;96;60m▀[0m[38;2;117;108;68m[48;2;116;107;67m▀[0m[38;2;107;98;62m[48;2;32;31;31m▀[0m[38;2;125;116;72m[48;2;59;57;54m▀[0m[38;2;17;17;17m[48;2;59;57;54m▀[0m[38;2;61;58;55m[48;2;23;22;15m▀[0m[38;2;117;108;68m[48;2;118;109;68m▀[0m[38;2;117;108;67m[48;2;118;109;68m▀[0m[38;2;118;109;68m[48;2;117;109;68m▀[0m[38;2;119;110;68m[48;2;118;109;68m▀[0m[38;2;117;108;67m[48;2;118;109;68m▀[0m[38;2;118;109;68m[48;2;118;109;68m▀[0m[38;2;118;109;67m[48;2;117;109;68m▀[0m[38;2;118;110;68m▀[0m             
               [38;2;117;108;67m▀[0m[38;2;117;108;67m[48;2;118;109;68m▀[0m[38;2;172;173;150m[48;2;72;67;44m▀[0m[38;2;118;109;68m[48;2;167;167;146m▀[0m[38;2;118;109;68m[48;2;70;71;62m▀[0m[38;2;118;109;68m[48;2;117;108;67m▀[0m[38;2;118;109;68m[48;2;117;109;68m▀[0m[38;2;117;109;68m[48;2;117;109;68m▀[0m[38;2;117;109;68m[48;2;116;108;68m▀[0m[38;2;117;108;68m[48;2;117;108;68m▀[0m[38;2;96;89;56m▀[0m              
                 [38;2;117;108;68m▀[0m[38;2;166;168;147m[48;2;166;167;146m▀[0m[38;2;164;164;144m[48;2;165;166;145m▀[0m[38;2;115;106;66m[48;2;162;163;143m▀[0m[38;2;117;108;68m[48;2;117;108;68m▀[0m[38;2;117;108;68m[48;2;116;107;67m▀[0m[38;2;117;108;68m[48;2;117;108;68m▀[0m                
            [38;2;195;183;145m[48;2;173;160;122m▀[0m[38;2;192;180;141m[48;2;174;161;123m▀[0m[38;2;61;56;44m[48;2;175;163;124m▀[0m   [38;2;162;163;143m[48;2;92;93;80m▀[0m[38;2;166;166;146m[48;2;163;164;144m▀[0m[38;2;163;163;143m[48;2;165;166;146m▀[0m[38;2;162;161;142m[48;2;166;166;146m▀[0m[38;2;126;116;75m[48;2;164;166;146m▀[0m[38;2;166;167;147m▄[0m[38;2;50;50;45m▄[0m[38;2;197;196;171m▄[0m[38;2;241;239;220m▄[0m[38;2;244;241;222m▄[0m[38;2;214;206;177m▄[0m[38;2;214;202;161m▄[0m          
            [38;2;171;160;122m[48;2;70;65;48m▀[0m[38;2;172;160;121m[48;2;136;126;94m▀[0m[38;2;176;163;124m[48;2;135;124;92m▀[0m[38;2;112;105;76m▄[0m[38;2;107;99;72m▄[0m[38;2;128;130;108m▄[0m[38;2;132;133;111m▄[0m[38;2;165;167;147m[48;2;165;166;147m▀[0m[38;2;165;165;146m[48;2;166;166;146m▀[0m[38;2;165;165;146m[48;2;164;163;143m▀[0m[38;2;164;166;146m[48;2;164;163;144m▀[0m[38;2;167;168;147m[48;2;164;166;146m▀[0m[38;2;178;166;126m[48;2;143;132;103m▀[0m[38;2;219;216;198m[48;2;241;238;219m▀[0m[38;2;253;251;231m[48;2;241;238;219m▀[0m[38;2;236;234;214m[48;2;241;238;218m▀[0m[38;2;241;238;218m[48;2;241;238;218m▀[0m[38;2;253;254;251m[48;2;241;238;219m▀[0m[38;2;241;239;220m[48;2;240;238;218m▀[0m[38;2;238;236;215m▄[0m        
           [38;2;4;4;4m▀[0m[38;2;108;102;73m▀[0m[38;2;18;17;12m▀[0m[38;2;108;102;73m▀[0m[38;2;107;101;73m▀[0m[38;2;107;100;71m▀[0m[38;2;132;133;111m[48;2;21;19;17m▀[0m[38;2;130;131;109m▀[0m[38;2;132;134;111m▀[0m[38;2;164;166;146m▀[0m[38;2;165;166;146m[48;2;94;92;79m▀[0m[38;2;166;165;145m[48;2;166;167;147m▀[0m[38;2;164;166;146m[48;2;166;166;146m▀[0m[38;2;163;164;144m[48;2;166;165;145m▀[0m[38;2;165;165;145m[48;2;165;166;146m▀[0m[38;2;239;237;217m[48;2;166;165;145m▀[0m[38;2;239;236;216m[48;2;166;166;146m▀[0m[38;2;241;238;219m[48;2;164;163;143m▀[0m[38;2;241;238;218m[48;2;162;161;142m▀[0m[38;2;240;238;218m[48;2;166;166;146m▀[0m[38;2;176;175;152m▀[0m        
                         [38;2;141;141;123m▀[0m[38;2;169;169;149m▀[0m[38;2;168;167;147m▀[0m[38;2;84;84;73m▀[0m           
                                        
                                        
                                        
