                                        
                                        
                                        
                                        
             [38;2;133;131;104m▄[0m[38;2;178;185;150m▄[0m[38;2;178;185;150m▄[0m[38;2;165;168;135m[48;2;178;185;150m▀[0m[38;2;179;185;150m[48;2;178;185;151m▀[0m[38;2;179;186;151m[48;2;178;185;150m▀[0m[38;2;179;185;150m[48;2;179;185;149m▀[0m[38;2;119;120;96m[48;2;178;185;150m▀[0m[38;2;177;184;149m▄[0m[38;2;43;45;37m▄[0m                 
        [38;2;169;156;151m▄[0m[38;2;168;155;149m▄[0m[38;2;254;254;250m▄[0m[38;2;255;255;255m▄[0m[38;2;160;158;150m[48;2;252;252;246m▀[0m[38;2;253;252;245m[48;2;184;170;163m▀[0m[38;2;241;238;218m[48;2;184;172;163m▀[0m[38;2;241;239;219m[48;2;183;170;162m▀[0m[38;2;107;105;96m[48;2;182;169;160m▀[0m[38;2;182;185;149m[48;2;168;154;148m▀[0m[38;2;172;180;145m[48;2;173;161;156m▀[0m[38;2;149;157;119m[48;2;144;151;111m▀[0m[38;2;157;166;130m[48;2;143;151;112m▀[0m[38;2;148;157;119m[48;2;142;151;112m▀[0m[38;2;143;151;112m[48;2;141;150;111m▀[0m[38;2;143;151;112m[48;2;141;150;111m▀[0m[38;2;144;152;112m▄[0m               
       [38;2;131;129;119m▄[0m[38;2;164;150;144m[48;2;244;241;226m▀[0m[38;2;242;239;219m[48;2;243;240;223m▀[0m[38;2;240;237;217m[48;2;235;232;212m▀[0m[38;2;238;236;215m[48;2;238;235;215m▀[0m[38;2;167;154;147m[48;2;239;236;216m▀[0m[38;2;163;150;144m[48;2;127;116;116m▀[0m[38;2;167;153;147m[48;2;167;153;147m▀[0m[38;2;163;150;144m[48;2;164;151;144m▀[0m[38;2;165;151;145m[48;2;165;151;145m▀[0m[38;2;167;154;148m[48;2;165;152;145m▀[0m[38;2;167;154;148m[48;2;166;153;146m▀[0m[38;2;178;165;159m[48;2;169;154;147m▀[0m[38;2;94;101;77m[48;2;211;208;191m▀[0m[38;2;141;149;111m[48;2;143;151;111m▀[0m[38;2;144;152;112m[48;2;143;151;111m▀[0m[38;2;143;152;112m[48;2;91;86;81m▀[0m[38;2;144;152;112m[48;2;144;152;112m▀[0m[38;2;144;152;112m[48;2;142;150;111m▀[0m[38;2;143;150;111m▄[0m             
      [38;2;49;46;43m▄[0m[38;2;24;24;23m[48;2;236;233;214m▀[0m[38;2;246;244;224m[48;2;235;233;212m▀[0m[38;2;38;37;35m[48;2;66;61;58m▀[0m[38;2;129;128;117m[48;2;66;61;58m▀[0m[38;2;240;238;218m[48;2;241;238;218m▀[0m[38;2;169;156;146m[48;2;35;33;26m▀[0m[38;2;144;194;62m[48;2;145;194;62m▀[0m[38;2;65;61;58m[48;2;158;200;72m▀[0m[38;2;120;164;64m[48;2;190;215;118m▀[0m[38;2;116;158;64m[48;2;177;209;107m▀[0m[38;2;137;186;63m[48;2;152;197;64m▀[0m[38;2;164;151;146m[48;2;165;152;146m▀[0m[38;2;240;237;217m[48;2;234;230;210m▀[0m[38;2;20;19;17m[48;2;143;151;111m▀[0m[38;2;142;150;111m[48;2;142;150;110m▀[0m[38;2;143;151;111m[48;2;142;150;110m▀[0m[38;2;90;85;80m[48;2;87;83;78m▀[0m[38;2;145;152;112m[48;2;146;154;113m▀[0m[38;2;143;152;112m[48;2;143;151;111m▀[0m[38;2;143;151;112m[48;2;143;151;111m▀[0m             
      [38;2;23;21;20m▀[0m[38;2;237;234;214m[48;2;161;159;144m▀[0m[38;2;242;239;218m[48;2;241;238;218m▀[0m[38;2;237;234;214m[48;2;240;237;217m▀[0m[38;2;236;233;213m[48;2;236;233;212m▀[0m[38;2;238;235;215m[48;2;236;233;213m▀[0m[38;2;239;236;215m[48;2;238;235;215m▀[0m[38;2;162;148;142m[48;2;241;238;218m▀[0m[38;2;97;114;58m[48;2;162;148;144m▀[0m[38;2;178;209;107m[48;2;165;152;147m▀[0m[38;2;178;211;107m[48;2;162;148;144m▀[0m[38;2;170;156;149m[48;2;197;194;168m▀[0m[38;2;244;241;220m[48;2;164;163;145m▀[0m[38;2;241;239;219m[48;2;105;113;80m▀[0m[38;2;130;138;102m[48;2;107;115;81m▀[0m[38;2;143;152;112m[48;2;106;114;80m▀[0m[38;2;90;85;79m[48;2;89;97;68m▀[0m[38;2;87;83;78m[48;2;106;114;80m▀[0m[38;2;143;151;111m[48;2;104;112;79m▀[0m[38;2;143;151;111m[48;2;103;111;78m▀[0m[38;2;142;150;110m[48;2;103;111;78m▀[0m             
        [38;2;142;143;125m▀[0m[38;2;166;166;146m▀[0m[38;2;160;160;141m▀[0m[38;2;162;162;144m[48;2;146;145;129m▀[0m[38;2;162;163;144m[48;2;164;164;145m▀[0m[38;2;155;155;138m[48;2;164;164;145m▀[0m[38;2;165;165;146m[48;2;194;191;168m▀[0m[38;2;127;115;115m[48;2;35;34;24m▀[0m[38;2;163;164;144m[48;2;107;114;80m▀[0m[38;2;163;163;145m[48;2;107;114;81m▀[0m[38;2;107;114;81m[48;2;106;114;81m▀[0m[38;2;107;114;81m[48;2;105;114;80m▀[0m[38;2;106;114;81m[48;2;106;114;81m▀[0m[38;2;106;114;80m[48;2;104;112;79m▀[0m[38;2;104;112;79m[48;2;104;113;79m▀[0m[38;2;103;111;78m[48;2;104;112;79m▀[0m[38;2;103;111;78m[48;2;105;112;80m▀[0m[38;2;103;111;78m[48;2;44;49;36m▀[0m[38;2;11;11;11m[48;2;59;58;55m▀[0m             
             [38;2;104;112;79m[48;2;93;100;70m▀[0m[38;2;104;112;79m[48;2;103;111;78m▀[0m[38;2;94;102;73m[48;2;32;31;31m▀[0m[38;2;111;120;84m[48;2;59;57;54m▀[0m[38;2;17;17;17m[48;2;59;57;54m▀[0m[38;2;61;58;55m[48;2;21;23;17m▀[0m[38;2;104;112;79m[48;2;105;113;80m▀[0m[38;2;104;112;78m[48;2;105;113;80m▀[0m[38;2;105;113;80m[48;2;104;113;79m▀[0m[38;2;106;114;80m[48;2;105;113;80m▀[0m[38;2;104;112;79m[48;2;104;113;79m▀[0m[38;2;104;113;79m[48;2;105;113;80m▀[0m[38;2;105;113;79m[48;2;104;113;79m▀[0m[38;2;105;114;80m▀[0m             
               [38;2;104;112;78m▀[0m[38;2;104;112;78m[48;2;105;113;79m▀[0m[38;2;172;173;150m[48;2;63;70;52m▀[0m[38;2;105;113;79m[48;2;167;167;146m▀[0m[38;2;105;113;80m[48;2;70;71;62m▀[0m[38;2;105;113;80m[48;2;104;112;78m▀[0m[38;2;105;113;80m[48;2;104;113;79m▀[0m[38;2;104;113;79m[48;2;104;113;79m▀[0m[38;2;104;113;79m[48;2;103;112;79m▀[0m[38;2;104;112;79m[48;2;104;112;79m▀[0m[38;2;86;92;65m▀[0m              
                 [38;2;104;112;79m▀[0m[38;2;166;168;147m[48;2;166;167;146m▀[0m[38;2;164;164;144m[48;2;165;166;145m▀[0m[38;2;102;110;77m[48;2;162;163;143m▀[0m[38;2;104;112;79m[48;2;104;112;79m▀[0m[38;2;104;112;79m[48;2;103;111;78m▀[0m[38;2;104;112;79m[48;2;104;112;79m▀[0m                
            [38;2;186;174;165m[48;2;163;150;144m▀[0m[38;2;183;170;161m[48;2;164;151;145m▀[0m[38;2;57;54;51m[48;2;165;153;146m▀[0m   [38;2;162;163;143m[48;2;92;93;80m▀[0m[38;2;166;166;146m[48;2;163;164;144m▀[0m[38;2;163;163;143m[48;2;165;166;146m▀[0m[38;2;162;161;142m[48;2;166;166;146m▀[0m[38;2;113;120;88m[48;2;164;166;146m▀[0m[38;2;166;167;147m▄[0m[38;2;50;50;45m▄[0m[38;2;197;196;171m▄[0m[38;2;241;239;220m▄[0m[38;2;244;241;222m▄[0m[38;2;188;178;176m▄[0m[38;2;183;169;160m▄[0m          
            [38;2;161;150;144m[48;2;69;64;51m▀[0m[38;2;162;150;143m[48;2;138;127;124m▀[0m[38;2;166;153;146m[48;2;133;122;121m▀[0m[38;2;130;118;116m▄[0m[38;2;125;114;108m▄[0m[38;2;128;130;108m▄[0m[38;2;132;133;111m▄[0m[38;2;165;167;147m[48;2;165;166;147m▀[0m[38;2;165;165;146m[48;2;166;166;146m▀[0m[38;2;165;165;146m[48;2;164;163;143m▀[0m[38;2;164;166;146m[48;2;164;163;144m▀[0m[38;2;167;168;147m[48;2;164;166;146m▀[0m[38;2;166;153;147m[48;2;147;134;125m▀[0m[38;2;219;216;198m[48;2;241;238;219m▀[0m[38;2;253;251;231m[48;2;241;238;219m▀[0m[38;2;236;234;214m[48;2;241;238;218m▀[0m[38;2;241;238;218m[48;2;241;238;218m▀[0m[38;2;253;254;251m[48;2;241;238;219m▀[0m[38;2;241;239;220m[48;2;240;238;218m▀[0m[38;2;238;236;215m▄[0m        
           [38;2;4;4;4m▀[0m[38;2;129;118;112m▀[0m[38;2;18;17;12m▀[0m[38;2;129;119;112m▀[0m[38;2;129;118;112m▀[0m[38;2;129;118;111m▀[0m[38;2;132;133;111m[48;2;21;19;17m▀[0m[38;2;130;131;109m▀[0m[38;2;132;134;111m▀[0m[38;2;164;166;146m▀[0m[38;2;165;166;146m[48;2;94;92;79m▀[0m[38;2;166;165;145m[48;2;166;167;147m▀[0m[38;2;164;166;146m[48;2;166;166;146m▀[0m[38;2;163;164;144m[48;2;166;165;145m▀[0m[38;2;165;165;145m[48;2;165;166;146m▀[0m[38;2;239;237;217m[48;2;166;165;145m▀[0m[38;2;239;236;216m[48;2;166;166;146m▀[0m[38;2;241;238;219m[48;2;164;163;143m▀[0m[38;2;241;238;218m[48;2;162;161;142m▀[0m[38;2;240;238;218m[48;2;166;166;146m▀[0m[38;2;176;175;152m▀[0m        
                         [38;2;141;141;123m▀[0m[38;2;169;169;149m▀[0m[38;2;168;167;147m▀[0m[38;2;84;84;73m▀[0m           
                                        
                                        
                                        
