                                        
                                        
             [38;2;92;142;200m[48;2;52;94;136m▀[0m[38;2;93;142;200m[48;2;38;122;188m▀[0m[38;2;92;142;200m[48;2;29;120;187m▀[0m[38;2;80;136;198m[48;2;2;111;181m▀[0m[38;2;49;50;55m[48;2;0;108;179m▀[0m[38;2;1;79;131m▄[0m  [38;2;0;111;182m▄[0m                  
               [38;2;0;110;181m▀[0m[38;2;0;109;180m▀[0m[38;2;0;111;182m▀[0m[38;2;0;111;182m[48;2;4;43;73m▀[0m[38;2;0;106;177m▄[0m[38;2;0;115;188m[48;2;0;107;179m▀[0m[38;2;0;107;179m[48;2;0;111;184m▀[0m                  
                 [38;2;14;116;185m▄[0m[38;2;0;107;179m[48;2;0;108;180m▀[0m[38;2;0;107;179m[48;2;0;109;180m▀[0m[38;2;106;181;77m[48;2;104;176;74m▀[0m[38;2;103;176;74m[48;2;11;9;9m▀[0m[38;2;64;83;97m[48;2;118;180;85m▀[0m[38;2;239;215;135m[48;2;237;211;125m▀[0m[38;2;237;209;117m▄[0m[38;2;239;215;135m▄[0m[38;2;233;202;93m▄[0m[38;2;229;195;72m▄[0m[38;2;230;195;73m▄[0m[38;2;230;195;73m▄[0m[38;2;230;195;73m▄[0m[38;2;230;195;73m▄[0m        
                [38;2;0;117;189m▄[0m[38;2;0;109;180m[48;2;0;111;181m▀[0m[38;2;0;109;180m[48;2;0;111;182m▀[0m[38;2;0;108;180m[48;2;234;199;75m▀[0m[38;2;146;189;114m[48;2;229;195;73m▀[0m[38;2;155;197;123m[48;2;230;196;73m▀[0m[38;2;229;195;74m[48;2;56;47;29m▀[0m[38;2;230;195;73m[48;2;151;124;69m▀[0m[38;2;230;195;74m[48;2;151;123;70m▀[0m[38;2;231;196;74m▀[0m[38;2;77;65;27m▀[0m[38;2;148;122;70m▀[0m[38;2;103;85;48m▀[0m           
                [38;2;0;88;153m▀[0m[38;2;0;92;159m[48;2;0;86;149m▀[0m[38;2;167;137;71m[48;2;0;84;146m▀[0m[38;2;2;1;1m[48;2;54;46;31m▀[0m[38;2;147;121;69m[48;2;17;73;127m▀[0m[38;2;150;124;71m▀[0m                  
                 [38;2;0;75;128m▀[0m[38;2;0;89;152m[48;2;0;62;105m▀[0m[38;2;0;86;146m[48;2;0;89;153m▀[0m[38;2;7;78;136m[48;2;0;88;151m▀[0m                   
              [38;2;92;142;200m▄[0m [38;2;66;67;73m▄[0m[38;2;191;196;216m▄[0m[38;2;118;118;152m▄[0m[38;2;0;89;154m[48;2;112;112;145m▀[0m[38;2;0;91;155m[48;2;0;110;181m▀[0m[38;2;0;95;163m[48;2;0;110;180m▀[0m                  
            [38;2;0;110;181m▄[0m[38;2;92;143;201m[48;2;0;109;180m▀[0m[38;2;84;139;199m[48;2;0;108;179m▀[0m[38;2;90;143;202m[48;2;0;109;181m▀[0m[38;2;189;194;214m▀[0m[38;2;187;193;213m[48;2;187;192;213m▀[0m[38;2;171;176;194m[48;2;176;179;202m▀[0m[38;2;35;35;42m[48;2;0;107;179m▀[0m[38;2;0;110;183m[48;2;5;18;28m▀[0m[38;2;0;108;179m[48;2;0;108;179m▀[0m[38;2;0;108;179m[48;2;0;108;179m▀[0m[38;2;0;109;180m▄[0m [38;2;0;92;156m▄[0m[38;2;8;26;38m[48;2;0;82;139m▀[0m[38;2;1;81;139m[48;2;0;82;139m▀[0m            
          [38;2;18;29;36m▄[0m[38;2;0;107;179m[48;2;0;108;179m▀[0m[38;2;0;107;179m[48;2;0;109;180m▀[0m[38;2;0;109;180m[48;2;2;57;91m▀[0m[38;2;0;109;180m[48;2;0;111;181m▀[0m[38;2;0;108;180m[48;2;1;89;146m▀[0m[38;2;0;99;165m[48;2;0;109;180m▀[0m [38;2;134;136;167m[48;2;188;193;213m▀[0m[38;2;69;96;130m[48;2;188;193;213m▀[0m[38;2;0;114;183m[48;2;92;142;200m▀[0m[38;2;20;118;186m[48;2;92;142;200m▀[0m[38;2;0;108;179m[48;2;4;117;185m▀[0m[38;2;0;109;180m[48;2;0;113;183m▀[0m[38;2;0;112;182m[48;2;3;105;170m▀[0m[38;2;1;94;156m[48;2;129;134;148m▀[0m[38;2;4;79;137m[48;2;7;79;137m▀[0m[38;2;8;81;140m[48;2;4;31;50m▀[0m[38;2;3;12;19m▄[0m           
          [38;2;0;113;183m[48;2;0;112;183m▀[0m[38;2;0;109;181m[48;2;0;109;181m▀[0m[38;2;0;109;180m[48;2;2;44;71m▀[0m[38;2;0;110;181m[48;2;0;109;180m▀[0m[38;2;0;111;182m[48;2;0;93;160m▀[0m[38;2;0;111;181m[48;2;0;81;139m▀[0m[38;2;0;95;162m[48;2;1;80;139m▀[0m[38;2;5;79;137m[48;2;0;82;139m▀[0m[38;2;189;194;214m[48;2;0;87;149m▀[0m[38;2;188;192;213m[48;2;189;193;214m▀[0m[38;2;188;193;213m[48;2;188;192;213m▀[0m[38;2;188;193;214m[48;2;188;192;213m▀[0m[38;2;189;194;214m[48;2;188;192;213m▀[0m[38;2;190;194;214m[48;2;188;193;213m▀[0m[38;2;192;197;218m[48;2;188;193;213m▀[0m[38;2;188;194;214m[48;2;165;168;192m▀[0m[38;2;5;30;50m[48;2;75;75;92m▀[0m[38;2;6;79;135m[48;2;21;73;125m▀[0m[38;2;9;19;27m▀[0m           
         [38;2;0;89;153m[48;2;5;79;138m▀[0m[38;2;0;83;143m[48;2;7;79;137m▀[0m[38;2;5;79;137m▀[0m[38;2;6;79;137m[48;2;1;80;138m▀[0m[38;2;4;80;138m[48;2;0;81;138m▀[0m[38;2;4;63;107m[48;2;0;90;151m▀[0m[38;2;0;81;139m[48;2;0;90;153m▀[0m[38;2;0;83;142m[48;2;0;88;150m▀[0m[38;2;0;88;150m[48;2;0;111;184m▀[0m[38;2;0;87;150m[48;2;4;42;69m▀[0m[38;2;189;194;214m[48;2;148;148;176m▀[0m[38;2;189;194;214m[48;2;151;151;179m▀[0m[38;2;188;193;214m[48;2;184;188;211m▀[0m[38;2;188;193;213m[48;2;179;183;205m▀[0m[38;2;188;193;213m[48;2;133;135;166m▀[0m[38;2;181;185;207m[48;2;134;135;166m▀[0m[38;2;134;135;166m[48;2;134;135;166m▀[0m[38;2;134;135;167m[48;2;69;69;84m▀[0m[38;2;20;69;118m[48;2;20;69;119m▀[0m            
         [38;2;0;87;149m▀[0m [38;2;13;23;31m▀[0m[38;2;0;103;172m▀[0m [38;2;3;24;39m[48;2;0;111;181m▀[0m[38;2;0;111;181m[48;2;0;109;180m▀[0m[38;2;0;110;181m[48;2;0;109;180m▀[0m[38;2;0;111;182m[48;2;0;112;183m▀[0m[38;2;0;109;180m[48;2;0;111;182m▀[0m[38;2;0;104;174m[48;2;0;110;181m▀[0m[38;2;137;138;169m[48;2;0;109;180m▀[0m[38;2;133;135;166m[48;2;135;137;168m▀[0m[38;2;133;135;166m[48;2;135;136;167m▀[0m[38;2;134;136;167m[48;2;134;135;166m▀[0m[38;2;135;136;167m[48;2;135;136;167m▀[0m[38;2;134;135;166m[48;2;134;134;166m▀[0m[38;2;135;136;168m[48;2;120;121;148m▀[0m[38;2;11;35;62m▀[0m            
      [38;2;0;104;175m▄[0m[38;2;0;110;180m[48;2;0;111;182m▀[0m[38;2;0;110;181m[48;2;0;106;178m▀[0m[38;2;0;108;180m[48;2;0;97;165m▀[0m[38;2;0;108;180m[48;2;0;88;151m▀[0m[38;2;0;84;147m▄[0m[38;2;0;83;144m▄[0m[38;2;0;107;176m[48;2;0;87;151m▀[0m[38;2;0;107;179m[48;2;0;102;173m▀[0m[38;2;0;108;180m[48;2;0;108;179m▀[0m[38;2;0;108;179m[48;2;0;109;180m▀[0m[38;2;0;111;182m[48;2;0;108;179m▀[0m[38;2;0;110;181m[48;2;0;112;182m▀[0m[38;2;0;110;181m[48;2;0;110;180m▀[0m[38;2;0;111;181m[48;2;0;108;179m▀[0m[38;2;0;109;182m[48;2;0;92;160m▀[0m[38;2;134;135;166m[48;2;153;153;181m▀[0m[38;2;134;135;166m[48;2;134;134;166m▀[0m[38;2;134;135;166m[48;2;134;135;166m▀[0m[38;2;133;134;165m▀[0m              
       [38;2;2;43;72m▀[0m[38;2;0;88;153m▀[0m[38;2;0;87;150m[48;2;14;46;79m▀[0m[38;2;20;69;120m[48;2;19;70;121m▀[0m[38;2;19;61;105m[48;2;18;62;106m▀[0m[38;2;21;69;119m[48;2;0;83;142m▀[0m[38;2;0;88;152m[48;2;0;89;153m▀[0m[38;2;0;89;152m[48;2;0;87;151m▀[0m[38;2;0;87;151m[48;2;0;88;151m▀[0m[38;2;0;88;152m[48;2;0;88;151m▀[0m[38;2;0;87;150m[48;2;0;87;150m▀[0m[38;2;0;88;152m[48;2;0;87;150m▀[0m[38;2;0;87;150m[48;2;0;87;151m▀[0m[38;2;0;87;151m[48;2;0;84;143m▀[0m[38;2;0;87;151m[48;2;0;88;151m▀[0m[38;2;0;88;151m▀[0m[38;2;170;172;197m▀[0m                
             [38;2;0;84;145m▀[0m[38;2;0;81;141m[48;2;2;55;95m▀[0m[38;2;16;74;129m[48;2;16;74;130m▀[0m[38;2;15;75;130m[48;2;16;74;128m▀[0m[38;2;0;84;145m[48;2;18;74;128m▀[0m[38;2;11;76;132m[48;2;6;13;19m▀[0m[38;2;17;73;128m▀[0m[38;2;13;23;33m▀[0m                   
               [38;2;37;46;52m[48;2;69;80;85m▀[0m[38;2;25;30;32m[48;2;52;66;74m▀[0m[38;2;19;20;20m[48;2;34;40;41m▀[0m[38;2;37;54;64m[48;2;45;51;52m▀[0m[38;2;37;55;63m[48;2;70;76;78m▀[0m[38;2;46;60;68m[48;2;42;52;59m▀[0m[38;2;20;20;21m[48;2;19;24;26m▀[0m[38;2;15;12;12m▄[0m                 
               [38;2;49;56;56m▀[0m[38;2;80;90;90m▀[0m[38;2;82;91;91m▀[0m[38;2;95;102;105m▀[0m[38;2;89;94;97m▀[0m                    
                                        
