                                        
                                        
                                        
            [38;2;208;179;43m▄[0m   [38;2;221;195;73m▄[0m[38;2;230;205;95m▄[0m                      
             [38;2;240;217;110m[48;2;235;212;108m▀[0m[38;2;238;216;111m[48;2;235;213;108m▀[0m[38;2;214;186;55m▄[0m[38;2;237;215;109m[48;2;240;221;126m▀[0m[38;2;239;216;110m[48;2;240;236;185m▀[0m[38;2;208;180;46m[48;2;239;216;112m▀[0m[38;2;241;218;111m▄[0m[38;2;240;217;110m[48;2;241;219;112m▀[0m                   
           [38;2;212;184;58m▄[0m [38;2;236;214;110m▀[0m[38;2;240;235;184m[48;2;237;232;181m▀[0m[38;2;240;236;185m[48;2;237;233;182m▀[0m[38;2;238;235;186m[48;2;240;236;185m▀[0m[38;2;239;235;185m[48;2;105;78;129m▀[0m[38;2;242;237;177m[48;2;240;236;185m▀[0m[38;2;242;238;188m[48;2;240;236;185m▀[0m[38;2;218;191;68m▀[0m[38;2;151;122;166m▄[0m[38;2;148;118;163m▄[0m                 
            [38;2;237;214;108m▀[0m[38;2;214;186;59m[48;2;238;215;109m▀[0m[38;2;238;215;108m[48;2;238;214;108m▀[0m[38;2;238;234;184m[48;2;238;234;183m▀[0m[38;2;245;240;188m[48;2;38;35;51m▀[0m[38;2;72;56;104m[48;2;72;56;105m▀[0m[38;2;110;82;132m[48;2;113;83;136m▀[0m[38;2;111;82;133m[48;2;110;82;133m▀[0m[38;2;114;85;136m[48;2;73;56;106m▀[0m[38;2;76;57;108m[48;2;242;233;167m▀[0m[38;2;239;215;105m▀[0m                 
             [38;2;75;58;106m▄[0m[38;2;236;213;109m[48;2;239;217;113m▀[0m[38;2;240;235;184m[48;2;239;216;109m▀[0m[38;2;110;82;132m[48;2;112;83;135m▀[0m[38;2;110;82;132m[48;2;242;239;237m▀[0m[38;2;109;82;132m[48;2;107;79;130m▀[0m[38;2;150;124;118m[48;2;222;195;92m▀[0m[38;2;110;82;132m[48;2;228;202;93m▀[0m[38;2;238;215;107m[48;2;109;81;131m▀[0m                  
               [38;2;156;145;102m▀[0m[38;2;190;189;148m▀[0m[38;2;91;69;110m▀[0m[38;2;148;112;78m[48;2;231;205;94m▀[0m[38;2;228;202;93m[48;2;230;207;99m▀[0m[38;2;228;202;94m[48;2;227;202;94m▀[0m[38;2;110;82;132m[48;2;108;81;131m▀[0m[38;2;109;81;131m[48;2;109;81;131m▀[0m[38;2;61;52;74m▄[0m                
                 [38;2;99;74;118m[48;2;130;102;126m▀[0m[38;2;108;80;131m[48;2;149;117;167m▀[0m[38;2;233;217;176m[48;2;235;218;178m▀[0m[38;2;227;202;98m[48;2;228;203;96m▀[0m[38;2;229;203;95m[48;2;156;123;174m▀[0m[38;2;145;117;124m[48;2;231;205;94m▀[0m[38;2;109;81;130m[48;2;109;82;131m▀[0m                
                [38;2;109;81;131m▄[0m[38;2;228;202;94m[48;2;222;196;94m▀[0m[38;2;159;128;174m[48;2;96;70;110m▀[0m[38;2;234;213;134m[48;2;140;110;156m▀[0m[38;2;228;202;94m[48;2;155;123;171m▀[0m[38;2;158;127;173m[48;2;100;68;125m▀[0m[38;2;136;107;91m[48;2;114;87;131m▀[0m[38;2;129;101;126m[48;2;62;49;75m▀[0m[38;2;69;52;82m[48;2;109;81;131m▀[0m               
               [38;2;111;83;133m[48;2;109;82;131m▀[0m[38;2;107;80;129m[48;2;109;81;131m▀[0m  [38;2;105;74;129m[48;2;147;115;164m▀[0m[38;2;96;67;124m[48;2;133;105;150m▀[0m[38;2;227;201;93m[48;2;228;202;93m▀[0m[38;2;109;82;131m[48;2;109;81;132m▀[0m[38;2;109;77;133m▄[0m[38;2;110;82;132m[48;2;109;82;131m▀[0m[38;2;131;102;150m[48;2;148;119;163m▀[0m              
              [38;2;107;80;129m▄[0m[38;2;109;81;132m[48;2;109;81;131m▀[0m[38;2;50;37;57m▀[0m [38;2;52;41;59m[48;2;150;118;166m▀[0m[38;2;161;142;74m[48;2;234;208;94m▀[0m[38;2;234;207;96m[48;2;227;202;93m▀[0m[38;2;231;207;96m[48;2;121;92;129m▀[0m[38;2;109;82;132m[48;2;68;57;84m▀[0m[38;2;73;56;89m[48;2;135;107;149m▀[0m[38;2;44;34;51m▀[0m[38;2;109;81;131m[48;2;110;82;133m▀[0m[38;2;43;35;50m[48;2;92;70;111m▀[0m             
             [38;2;94;66;118m▀[0m[38;2;95;71;115m[48;2;108;81;130m▀[0m[38;2;152;120;168m[48;2;98;71;122m▀[0m [38;2;143;112;156m[48;2;180;152;189m▀[0m[38;2;180;153;190m[48;2;145;122;153m▀[0m[38;2;107;79;132m[48;2;109;82;131m▀[0m[38;2;229;203;94m[48;2;109;81;131m▀[0m[38;2;109;82;132m[48;2;179;152;189m▀[0m[38;2;181;154;192m[48;2;101;70;126m▀[0m[38;2;83;67;96m▀[0m[38;2;140;111;156m▀[0m[38;2;58;48;73m[48;2;109;82;132m▀[0m[38;2;94;66;121m[48;2;109;82;131m▀[0m[38;2;113;84;136m▄[0m            
             [38;2;110;82;132m[48;2;109;82;132m▀[0m[38;2;109;81;131m[48;2;109;81;133m▀[0m[38;2;109;82;131m▀[0m[38;2;111;82;135m▄[0m[38;2;171;142;78m▄[0m[38;2;71;55;104m[48;2;84;63;112m▀[0m[38;2;77;58;107m[48;2;75;57;106m▀[0m[38;2;84;63;112m▀[0m[38;2;44;39;61m[48;2;83;63;111m▀[0m[38;2;72;55;104m[48;2;110;82;131m▀[0m[38;2;227;202;94m▄[0m[38;2;24;25;31m[48;2;112;83;134m▀[0m[38;2;109;82;132m▀[0m[38;2;129;100;148m[48;2;109;82;132m▀[0m[38;2;119;90;140m[48;2;148;118;165m▀[0m            
             [38;2;73;56;103m▀[0m[38;2;190;167;85m[48;2;109;80;133m▀[0m [38;2;132;115;63m▀[0m[38;2;83;62;111m[48;2;79;59;108m▀[0m[38;2;84;62;112m[48;2;173;139;83m▀[0m   [38;2;109;82;131m[48;2;231;205;95m▀[0m[38;2;137;109;125m[48;2;79;59;108m▀[0m[38;2;110;82;132m▀[0m [38;2;145;116;161m[48;2;154;125;170m▀[0m[38;2;161;150;125m[48;2;235;219;181m▀[0m[38;2;9;7;7m▀[0m           
               [38;2;85;64;112m▄[0m[38;2;80;65;40m[48;2;82;62;112m▀[0m[38;2;83;62;112m[48;2;67;51;91m▀[0m[38;2;83;62;113m[48;2;83;62;113m▀[0m   [38;2;91;69;110m[48;2;68;60;78m▀[0m[38;2;176;151;172m[48;2;154;125;169m▀[0m[38;2;235;218;170m[48;2;152;122;167m▀[0m[38;2;72;62;82m▄[0m              
                        [38;2;45;45;33m▀[0m               
                                        
                                        
