         [38;2;207;178;45m▄[0m     [38;2;212;184;53m▄[0m                        
          [38;2;207;180;45m[48;2;237;214;110m▀[0m[38;2;206;174;36m▄[0m[38;2;206;174;37m▄[0m  [38;2;242;219;115m[48;2;235;213;108m▀[0m[38;2;239;216;113m[48;2;236;212;108m▀[0m                       
          [38;2;239;216;109m[48;2;202;171;38m▀[0m[38;2;238;216;110m[48;2;238;236;195m▀[0m[38;2;229;205;94m[48;2;235;212;109m▀[0m[38;2;237;215;110m▄[0m [38;2;238;217;118m[48;2;241;238;192m▀[0m[38;2;241;238;189m[48;2;239;236;185m▀[0m[38;2;239;215;112m[48;2;240;238;194m▀[0m [38;2;239;218;111m▄[0m[38;2;239;217;110m[48;2;240;218;111m▀[0m                   
           [38;2;236;214;108m[48;2;237;214;109m▀[0m[38;2;239;234;184m[48;2;239;235;185m▀[0m[38;2;239;234;183m[48;2;237;233;182m▀[0m[38;2;236;212;105m[48;2;238;236;191m▀[0m[38;2;238;234;183m[48;2;238;234;183m▀[0m[38;2;239;235;184m[48;2;240;237;185m▀[0m[38;2;240;236;186m[48;2;240;236;185m▀[0m[38;2;241;219;111m[48;2;241;238;186m▀[0m[38;2;242;238;187m[48;2;241;236;186m▀[0m[38;2;239;217;110m[48;2;237;214;110m▀[0m   [38;2;240;142;182m▄[0m               
        [38;2;207;178;45m▀[0m[38;2;239;216;114m▄[0m[38;2;237;215;112m▄[0m[38;2;234;212;107m▀[0m[38;2;237;231;181m[48;2;237;212;97m▀[0m[38;2;238;233;183m[48;2;239;236;185m▀[0m[38;2;239;235;185m[48;2;238;234;183m▀[0m[38;2;239;235;184m[48;2;147;153;122m▀[0m[38;2;224;131;168m[48;2;148;55;92m▀[0m[38;2;240;236;185m[48;2;158;65;102m▀[0m[38;2;239;234;183m[48;2;180;86;123m▀[0m[38;2;239;234;184m[48;2;207;100;142m▀[0m[38;2;233;208;90m[48;2;224;131;168m▀[0m[38;2;235;136;174m[48;2;187;93;130m▀[0m[38;2;226;132;170m[48;2;146;52;89m▀[0m[38;2;159;66;103m[48;2;239;215;109m▀[0m                
          [38;2;236;213;109m▀[0m[38;2;237;214;110m[48;2;235;213;109m▀[0m[38;2;236;214;109m[48;2;238;234;183m▀[0m[38;2;238;233;182m[48;2;238;233;183m▀[0m[38;2;239;234;184m[48;2;237;232;181m▀[0m[38;2;209;116;154m[48;2;189;91;130m▀[0m[38;2;143;50;87m[48;2;142;50;87m▀[0m[38;2;180;87;124m[48;2;181;88;125m▀[0m[38;2;180;87;124m[48;2;180;87;124m▀[0m[38;2;181;88;125m[48;2;177;84;121m▀[0m[38;2;181;88;125m[48;2;98;48;68m▀[0m[38;2;145;52;89m[48;2;243;240;190m▀[0m[38;2;242;233;166m[48;2;233;210;99m▀[0m                 
           [38;2;148;55;92m▄[0m[38;2;235;212;108m[48;2;183;131;55m▀[0m[38;2;238;233;183m[48;2;238;216;110m▀[0m[38;2;238;233;183m[48;2;241;237;186m▀[0m[38;2;180;87;124m[48;2;138;64;93m▀[0m[38;2;180;87;124m[48;2;79;81;78m▀[0m[38;2;176;86;123m[48;2;143;40;81m▀[0m[38;2;184;88;127m[48;2;229;204;97m▀[0m[38;2;237;219;99m[48;2;234;209;97m▀[0m[38;2;173;68;130m[48;2;226;201;93m▀[0m[38;2;180;87;124m[48;2;180;86;123m▀[0m[38;2;235;210;96m[48;2;182;85;122m▀[0m[38;2;207;178;49m▄[0m                
           [38;2;34;19;26m▀[0m[38;2;146;52;90m▀[0m[38;2;237;213;105m▀[0m[38;2;239;236;185m[48;2;184;116;89m▀[0m[38;2;181;87;125m[48;2;125;55;88m▀[0m[38;2;181;88;125m[48;2;62;36;48m▀[0m[38;2;216;200;94m[48;2;148;112;78m▀[0m[38;2;148;111;78m[48;2;172;136;81m▀[0m[38;2;226;201;95m[48;2;227;201;94m▀[0m[38;2;227;202;95m[48;2;228;203;95m▀[0m[38;2;230;206;91m[48;2;229;204;96m▀[0m[38;2;180;87;124m[48;2;179;86;123m▀[0m[38;2;195;105;145m[48;2;179;86;123m▀[0m[38;2;39;31;60m▄[0m[38;2;137;100;197m▄[0m              
                 [38;2;141;48;85m[48;2;180;87;124m▀[0m[38;2;229;204;95m[48;2;231;208;131m▀[0m[38;2;229;204;94m[48;2;232;216;175m▀[0m[38;2;226;201;96m[48;2;228;203;106m▀[0m[38;2;226;206;97m[48;2;227;206;97m▀[0m[38;2;179;86;123m[48;2;227;202;95m▀[0m[38;2;179;86;123m[48;2;180;86;123m▀[0m[38;2;180;86;123m[48;2;181;87;124m▀[0m[38;2;151;110;216m▀[0m              
                [38;2;183;87;125m[48;2;177;81;122m▀[0m[38;2;227;201;94m[48;2;41;30;60m▀[0m[38;2;229;204;92m[48;2;231;206;106m▀[0m[38;2;234;217;177m[48;2;234;218;179m▀[0m[38;2;228;204;107m[48;2;227;202;98m▀[0m[38;2;227;202;96m[48;2;44;29;84m▀[0m[38;2;227;202;95m[48;2;123;109;50m▀[0m[38;2;229;204;96m[48;2;86;77;36m▀[0m[38;2;181;87;124m[48;2;228;205;96m▀[0m[38;2;7;16;20m[48;2;180;87;124m▀[0m              
               [38;2;49;24;34m[48;2;180;87;124m▀[0m[38;2;229;208;90m[48;2;227;202;95m▀[0m[38;2;34;26;46m[48;2;56;42;30m▀[0m[38;2;116;83;176m[48;2;156;117;224m▀[0m[38;2;236;220;184m[48;2;243;215;100m▀[0m[38;2;229;204;95m[48;2;144;106;206m▀[0m[38;2;143;105;204m[48;2;144;106;206m▀[0m[38;2;69;46;111m[48;2;35;22;46m▀[0m[38;2;156;120;82m[48;2;206;155;118m▀[0m[38;2;227;201;93m[48;2;53;19;34m▀[0m[38;2;179;86;123m[48;2;179;86;123m▀[0m[38;2;179;86;123m▄[0m             
             [38;2;0;8;5m▄[0m[38;2;181;88;125m[48;2;180;87;124m▀[0m[38;2;181;88;125m[48;2;180;87;124m▀[0m[38;2;194;119;130m▀[0m [38;2;114;76;167m▀[0m[38;2;164;122;237m[48;2;104;66;156m▀[0m[38;2;149;111;212m[48;2;97;60;149m▀[0m[38;2;101;62;153m[48;2;56;38;82m▀[0m[38;2;233;211;97m[48;2;226;200;94m▀[0m[38;2;178;82;124m[48;2;180;87;124m▀[0m[38;2;119;48;74m[48;2;92;49;69m▀[0m[38;2;180;87;124m[48;2;168;80;116m▀[0m[38;2;179;86;123m[48;2;181;87;125m▀[0m[38;2;199;97;138m[48;2;228;135;172m▀[0m            
             [38;2;180;87;124m[48;2;180;86;123m▀[0m[38;2;180;87;124m[48;2;179;86;123m▀[0m[38;2;180;87;124m[48;2;185;88;127m▀[0m   [38;2;144;105;204m[48;2;31;16;60m▀[0m[38;2;15;4;45m[48;2;226;202;95m▀[0m[38;2;144;106;206m[48;2;109;68;167m▀[0m[38;2;212;171;114m[48;2;232;207;96m▀[0m[38;2;178;80;125m[48;2;181;88;125m▀[0m[38;2;103;65;155m▄[0m[38;2;82;55;120m▀[0m[38;2;180;87;124m[48;2;180;86;124m▀[0m[38;2;215;122;159m[48;2;180;87;124m▀[0m[38;2;156;72;105m[48;2;182;89;126m▀[0m           
            [38;2;201;97;140m▄[0m[38;2;180;87;124m[48;2;180;87;124m▀[0m[38;2;180;87;124m[48;2;147;54;92m▀[0m  [38;2;100;62;153m[48;2;143;105;204m▀[0m[38;2;87;56;135m[48;2;71;48;114m▀[0m[38;2;129;114;64m[48;2;229;204;95m▀[0m[38;2;228;202;95m[48;2;227;202;95m▀[0m[38;2;230;204;96m[48;2;225;200;94m▀[0m[38;2;231;213;91m[48;2;179;86;123m▀[0m[38;2;180;87;124m[48;2;155;74;101m▀[0m[38;2;105;66;156m[48;2;144;106;207m▀[0m[38;2;101;63;153m[48;2;12;17;19m▀[0m[38;2;99;47;68m▀[0m[38;2;180;87;124m[48;2;180;87;124m▀[0m[38;2;187;94;131m[48;2;181;87;124m▀[0m[38;2;22;12;15m▄[0m          
           [38;2;145;107;207m[48;2;6;3;8m▀[0m[38;2;10;10;24m[48;2;180;87;124m▀[0m[38;2;144;106;206m[48;2;131;92;187m▀[0m[38;2;92;56;142m[48;2;63;40;92m▀[0m[38;2;155;113;222m▀[0m[38;2;136;99;193m▀[0m[38;2;170;129;251m[48;2;148;110;201m▀[0m[38;2;179;86;123m[48;2;70;29;37m▀[0m[38;2;227;201;102m[48;2;180;87;124m▀[0m[38;2;225;200;94m[48;2;226;200;95m▀[0m[38;2;212;173;118m[48;2;180;87;124m▀[0m[38;2;180;87;124m[48;2;172;131;255m▀[0m[38;2;169;128;251m[48;2;174;134;251m▀[0m[38;2;149;110;212m[48;2;172;131;255m▀[0m[38;2;143;104;204m▀[0m[38;2;21;16;31m▀[0m[38;2;53;50;101m[48;2;19;23;51m▀[0m[38;2;143;105;204m[48;2;180;87;124m▀[0m[38;2;99;59;152m[48;2;181;88;125m▀[0m          
           [38;2;180;87;124m[48;2;186;90;128m▀[0m[38;2;179;85;123m[48;2;180;87;124m▀[0m[38;2;180;86;124m[48;2;180;87;124m▀[0m[38;2;179;86;123m▄[0m [38;2;119;92;153m▀[0m[38;2;151;112;216m[48;2;170;68;109m▀[0m[38;2;171;130;254m[48;2;94;60;148m▀[0m[38;2;180;87;124m[48;2;166;73;110m▀[0m[38;2;179;86;123m[48;2;182;89;126m▀[0m[38;2;171;82;117m[48;2;44;29;53m▀[0m[38;2;170;128;251m[48;2;85;57;141m▀[0m[38;2;101;63;153m[48;2;142;49;86m▀[0m[38;2;33;29;57m[48;2;158;57;97m▀[0m [38;2;166;78;113m▄[0m[38;2;180;87;124m[48;2;180;87;124m▀[0m[38;2;180;87;124m[48;2;181;87;125m▀[0m[38;2;181;88;125m[48;2;192;99;136m▀[0m[38;2;199;96;137m[48;2;205;111;149m▀[0m         
           [38;2;114;55;80m[48;2;28;13;22m▀[0m[38;2;180;86;123m[48;2;192;118;132m▀[0m[38;2;249;238;111m▀[0m[38;2;179;86;123m[48;2;179;85;127m▀[0m[38;2;182;87;125m▄[0m[38;2;200;166;91m▄[0m[38;2;155;62;99m[48;2;153;57;97m▀[0m[38;2;149;56;93m[48;2;156;63;100m▀[0m[38;2;145;50;88m[48;2;155;62;99m▀[0m[38;2;144;49;87m▀[0m[38;2;145;50;88m▀[0m[38;2;144;51;88m[48;2;179;86;123m▀[0m[38;2;181;88;125m[48;2;180;87;124m▀[0m[38;2;179;86;123m[48;2;227;202;95m▀[0m [38;2;179;86;123m[48;2;181;88;125m▀[0m[38;2;207;155;118m▀[0m[38;2;176;77;129m[48;2;233;220;89m▀[0m[38;2;179;86;123m[48;2;25;14;20m▀[0m[38;2;224;130;168m[48;2;235;196;182m▀[0m[38;2;232;136;174m▄[0m        
           [38;2;10;3;6m▀[0m[38;2;237;210;108m[48;2;180;87;124m▀[0m   [38;2;154;61;98m[48;2;142;49;85m▀[0m[38;2;153;60;97m[48;2;173;139;83m▀[0m[38;2;154;60;98m[48;2;172;138;83m▀[0m   [38;2;189;91;130m▀[0m[38;2;180;87;124m[48;2;156;149;74m▀[0m[38;2;177;77;124m[48;2;143;43;87m▀[0m[38;2;197;95;135m[48;2;182;88;126m▀[0m[38;2;180;87;124m▀[0m [38;2;208;154;169m[48;2;227;134;171m▀[0m [38;2;244;230;189m[48;2;241;233;184m▀[0m[38;2;227;133;171m[48;2;231;136;173m▀[0m        
            [38;2;226;201;108m▀[0m  [38;2;42;37;19m[48;2;159;62;101m▀[0m[38;2;173;143;85m[48;2;153;60;97m▀[0m[38;2;154;61;98m[48;2;154;60;97m▀[0m[38;2;162;84;106m[48;2;159;62;101m▀[0m    [38;2;238;213;93m[48;2;6;16;16m▀[0m[38;2;198;104;142m[48;2;228;134;171m▀[0m[38;2;230;197;184m[48;2;104;56;81m▀[0m[38;2;0;0;8m[48;2;229;195;169m▀[0m [38;2;227;134;171m▀[0m           
             [38;2;152;55;96m▀[0m[38;2;132;54;90m▀[0m[38;2;154;60;97m▀[0m[38;2;109;42;69m▀[0m[38;2;154;61;98m▀[0m[38;2;153;60;97m▀[0m    [38;2;0;1;0m[48;2;233;213;95m▀[0m[38;2;227;134;171m[48;2;226;201;102m▀[0m[38;2;227;133;170m[48;2;198;139;125m▀[0m[38;2;228;134;171m[48;2;200;142;123m▀[0m[38;2;174;107;135m[48;2;227;199;104m▀[0m[38;2;208;195;94m▄[0m           
