                                        
                                        
                                        
                                        
                                        
                                        
                                        
                            [38;2;0;0;0m▄[0m[38;2;90;45;35m▄[0m[38;2;139;70;54m▄[0m[38;2;84;49;23m▄[0m        
   [38;2;16;6;9m▄[0m[38;2;96;39;38m[48;2;194;73;70m▀[0m[38;2;198;74;70m[48;2;200;76;72m▀[0m[38;2;82;32;30m[48;2;202;77;73m▀[0m[38;2;202;77;72m▄[0m               [38;2;216;80;70m▄[0m[38;2;214;79;70m▄[0m[38;2;219;69;69m[48;2;214;69;68m▀[0m[38;2;213;67;67m[48;2;209;65;66m▀[0m[38;2;210;66;66m[48;2;212;66;67m▀[0m[38;2;217;83;72m[48;2;212;68;66m▀[0m[38;2;220;81;71m[48;2;223;193;45m▀[0m[38;2;221;95;76m[48;2;127;55;42m▀[0m[38;2;228;114;86m[48;2;138;123;34m▀[0m[38;2;231;118;89m[48;2;214;68;68m▀[0m[38;2;227;111;85m[48;2;217;70;69m▀[0m[38;2;226;112;85m[48;2;217;69;68m▀[0m[38;2;234;115;89m[48;2;44;26;15m▀[0m[38;2;236;76;76m▄[0m   
   [38;2;158;57;68m▀[0m[38;2;163;59;70m[48;2;152;55;66m▀[0m[38;2;196;74;71m[48;2;103;39;46m▀[0m[38;2;202;76;72m[48;2;151;54;66m▀[0m[38;2;191;70;71m[48;2;48;111;121m▀[0m[38;2;167;60;68m[48;2;78;139;149m▀[0m[38;2;80;140;148m▄[0m[38;2;79;141;150m▄[0m[38;2;88;141;150m▄[0m[38;2;93;139;147m▄[0m[38;2;3;3;3m▄[0m       [38;2;87;134;140m▄[0m[38;2;88;135;140m[48;2;211;66;66m▀[0m[38;2;220;69;69m[48;2;102;34;40m▀[0m[38;2;214;68;68m[48;2;144;47;61m▀[0m[38;2;145;47;61m[48;2;158;103;51m▀[0m[38;2;149;48;61m[48;2;148;47;61m▀[0m[38;2;161;51;62m▀[0m[38;2;168;53;64m▀[0m[38;2;171;57;57m▀[0m[38;2;222;195;126m[48;2;188;57;64m▀[0m[38;2;240;221;115m▀[0m[38;2;155;46;46m[48;2;238;149;38m▀[0m[38;2;236;146;36m[48;2;167;62;38m▀[0m[38;2;171;101;43m[48;2;243;183;78m▀[0m[38;2;254;245;162m▀[0m[38;2;18;6;6m▀[0m   
     [38;2;70;82;94m▀[0m[38;2;60;117;130m[48;2;153;53;65m▀[0m[38;2;63;123;135m[48;2;59;120;132m▀[0m[38;2;68;130;142m[48;2;61;121;133m▀[0m[38;2;76;138;148m[48;2;62;121;134m▀[0m[38;2;82;139;149m[48;2;56;117;130m▀[0m[38;2;41;107;115m[48;2;57;119;132m▀[0m[38;2;83;142;151m[48;2;61;121;135m▀[0m[38;2;81;139;149m[48;2;62;122;136m▀[0m[38;2;77;138;149m[48;2;68;130;143m▀[0m[38;2;71;134;145m[48;2;67;129;141m▀[0m[38;2;53;111;119m[48;2;64;125;138m▀[0m[38;2;58;119;132m▄[0m  [38;2;76;137;147m[48;2;87;134;141m▀[0m[38;2;212;67;68m[48;2;126;40;51m▀[0m[38;2;218;79;72m[48;2;153;49;61m▀[0m[38;2;148;46;61m[48;2;158;98;51m▀[0m[38;2;152;47;61m[48;2;155;78;56m▀[0m[38;2;147;46;60m[48;2;135;50;57m▀[0m[38;2;133;43;55m▀[0m[38;2;188;58;65m▀[0m    [38;2;242;192;91m▀[0m [38;2;245;196;93m▀[0m     
      [38;2;81;29;37m▀[0m[38;2;76;33;41m▀[0m[38;2;156;54;65m▀[0m[38;2;153;53;64m▀[0m[38;2;116;41;50m[48;2;164;55;61m▀[0m[38;2;63;24;29m▀[0m[38;2;58;119;132m[48;2;158;55;67m▀[0m[38;2;57;119;131m[48;2;57;118;131m▀[0m[38;2;28;41;45m[48;2;58;118;131m▀[0m[38;2;59;119;133m[48;2;63;123;135m▀[0m[38;2;58;119;132m[48;2;60;121;133m▀[0m[38;2;60;121;133m[48;2;62;122;135m▀[0m[38;2;63;122;135m[48;2;84;135;143m▀[0m[38;2;39;31;31m[48;2;107;116;119m▀[0m[38;2;215;69;68m[48;2;218;69;69m▀[0m[38;2;161;50;60m[48;2;160;52;63m▀[0m[38;2;153;49;61m[48;2;170;56;64m▀[0m[38;2;150;49;61m[48;2;179;58;66m▀[0m[38;2;65;23;28m▀[0m               
             [38;2;112;39;44m▀[0m[38;2;74;115;129m[48;2;179;58;66m▀[0m[38;2;65;123;136m[48;2;166;56;65m▀[0m[38;2;69;125;136m[48;2;153;70;78m▀[0m[38;2;75;129;139m[48;2;196;63;66m▀[0m[38;2;88;135;141m[48;2;149;50;49m▀[0m[38;2;215;70;69m[48;2;189;59;65m▀[0m[38;2;159;52;62m[48;2;179;112;52m▀[0m[38;2;187;112;55m[48;2;187;62;68m▀[0m[38;2;190;62;69m[48;2;191;64;69m▀[0m[38;2;24;10;10m[48;2;203;77;75m▀[0m                
              [38;2;82;26;33m▀[0m [38;2;121;46;60m▀[0m[38;2;57;23;29m▀[0m[38;2;96;31;40m▀[0m[38;2;213;68;68m▀[0m   [38;2;9;4;4m▀[0m                
                                        
                                        
                                        
                                        
                                        
                                        
