                                        
                                        
                                        
                                        
                  [38;2;242;235;225m▄[0m[38;2;237;228;218m▄[0m[38;2;30;30;31m[48;2;237;230;220m▀[0m[38;2;226;146;107m[48;2;240;171;148m▀[0m[38;2;246;158;115m[48;2;235;226;216m▀[0m[38;2;243;236;226m[48;2;234;225;215m▀[0m[38;2;167;140;129m[48;2;239;135;98m▀[0m[38;2;240;129;82m▄[0m[38;2;242;188;168m▄[0m[38;2;247;240;232m▄[0m            
       [38;2;15;22;25m▄[0m[38;2;106;90;122m▄[0m[38;2;98;82;117m▄[0m      [38;2;237;228;217m▄[0m[38;2;237;228;218m[48;2;236;227;217m▀[0m[38;2;235;226;216m[48;2;240;168;146m▀[0m[38;2;238;138;98m[48;2;236;130;85m▀[0m[38;2;239;201;184m[48;2;238;212;198m▀[0m[38;2;237;228;218m[48;2;234;225;215m▀[0m[38;2;235;227;217m[48;2;240;168;146m▀[0m[38;2;235;226;217m[48;2;238;131;86m▀[0m[38;2;233;223;211m[48;2;239;193;175m▀[0m[38;2;233;223;211m[48;2;233;221;209m▀[0m[38;2;233;222;210m[48;2;234;224;213m▀[0m[38;2;235;226;215m[48;2;233;223;211m▀[0m[38;2;239;232;224m[48;2;234;223;211m▀[0m[38;2;238;231;222m▄[0m[38;2;12;20;22m▄[0m         
     [38;2;88;75;103m▄[0m[38;2;95;79;113m[48;2;238;127;82m▀[0m[38;2;95;79;113m[48;2;237;127;82m▀[0m[38;2;95;80;113m[48;2;169;98;68m▀[0m[38;2;94;79;112m[48;2;94;79;112m▀[0m[38;2;96;81;114m[48;2;94;79;112m▀[0m[38;2;96;80;112m[48;2;85;71;106m▀[0m[38;2;56;54;81m▄[0m  [38;2;236;227;217m[48;2;234;224;213m▀[0m[38;2;236;227;217m[48;2;234;225;215m▀[0m[38;2;245;240;235m[48;2;236;227;218m▀[0m[38;2;250;240;233m[48;2;235;226;216m▀[0m[38;2;240;168;145m[48;2;234;225;215m▀[0m[38;2;236;227;217m[48;2;234;225;215m▀[0m[38;2;234;225;215m[48;2;234;225;214m▀[0m[38;2;237;130;85m[48;2;237;227;217m▀[0m[38;2;238;131;86m[48;2;234;226;216m▀[0m[38;2;234;224;213m[48;2;234;223;212m▀[0m[38;2;234;223;211m[48;2;233;223;211m▀[0m[38;2;232;221;210m[48;2;235;225;213m▀[0m[38;2;233;222;210m[48;2;234;223;212m▀[0m[38;2;234;224;213m[48;2;233;222;210m▀[0m[38;2;235;225;214m[48;2;234;225;214m▀[0m[38;2;244;239;232m[48;2;235;225;214m▀[0m[38;2;244;238;231m▄[0m        
    [38;2;237;123;75m▄[0m[38;2;237;109;62m[48;2;237;108;60m▀[0m[38;2;237;111;64m[48;2;236;107;60m▀[0m[38;2;236;123;77m[48;2;235;106;58m▀[0m[38;2;238;127;82m[48;2;235;106;59m▀[0m[38;2;235;112;66m[48;2;236;106;59m▀[0m[38;2;65;59;96m[48;2;65;59;95m▀[0m[38;2;65;59;96m[48;2;65;58;96m▀[0m[38;2;63;57;92m[48;2;69;61;97m▀[0m[38;2;19;26;29m▄[0m[38;2;201;193;184m[48;2;237;227;216m▀[0m[38;2;233;223;212m[48;2;234;224;213m▀[0m[38;2;235;226;216m[48;2;239;159;131m▀[0m[38;2;241;168;146m[48;2;237;131;85m▀[0m[38;2;238;129;83m[48;2;238;131;85m▀[0m[38;2;241;170;148m[48;2;240;146;109m▀[0m[38;2;234;225;215m[48;2;239;163;136m▀[0m[38;2;239;170;147m[48;2;239;131;85m▀[0m[38;2;237;204;188m[48;2;239;130;84m▀[0m[38;2;237;228;217m[48;2;238;175;153m▀[0m[38;2;235;226;215m[48;2;234;224;213m▀[0m[38;2;234;224;212m[48;2;235;225;214m▀[0m[38;2;233;223;211m[48;2;234;223;211m▀[0m[38;2;234;224;212m[48;2;234;224;213m▀[0m[38;2;234;224;212m[48;2;234;224;212m▀[0m[38;2;234;224;213m[48;2;235;225;214m▀[0m[38;2;235;226;214m[48;2;235;226;215m▀[0m[38;2;242;236;228m[48;2;236;227;216m▀[0m[38;2;116;108;101m▄[0m       
    [38;2;235;108;61m[48;2;78;44;36m▀[0m[38;2;236;106;59m[48;2;235;106;60m▀[0m[38;2;236;106;59m[48;2;236;106;59m▀[0m[38;2;237;107;60m[48;2;236;108;60m▀[0m[38;2;237;108;60m[48;2;236;106;59m▀[0m[38;2;237;107;60m[48;2;231;104;59m▀[0m[38;2;65;58;95m[48;2;65;59;95m▀[0m[38;2;65;58;95m[48;2;65;58;96m▀[0m[38;2;62;58;92m[48;2;56;54;81m▀[0m[38;2;18;25;29m▀[0m[38;2;236;227;216m[48;2;237;228;217m▀[0m[38;2;239;148;116m[48;2;209;99;58m▀[0m[38;2;238;111;63m[48;2;136;194;207m▀[0m[38;2;239;131;84m[48;2;114;186;202m▀[0m[38;2;238;132;86m[48;2;236;108;61m▀[0m[38;2;237;130;84m[48;2;236;109;61m▀[0m[38;2;236;130;84m[48;2;237;109;61m▀[0m[38;2;237;127;81m[48;2;236;108;61m▀[0m[38;2;237;108;61m[48;2;237;108;61m▀[0m[38;2;236;107;60m[48;2;241;111;62m▀[0m[38;2;237;190;170m[48;2;236;107;59m▀[0m[38;2;233;222;210m[48;2;234;224;212m▀[0m[38;2;234;225;213m[48;2;233;223;211m▀[0m[38;2;235;225;214m[48;2;234;224;212m▀[0m[38;2;234;225;213m[48;2;233;223;211m▀[0m[38;2;235;225;214m[48;2;235;225;214m▀[0m[38;2;234;225;213m[48;2;235;225;214m▀[0m[38;2;235;226;214m[48;2;234;225;213m▀[0m[38;2;192;170;155m[48;2;183;161;144m▀[0m       
     [38;2;198;87;55m▀[0m[38;2;198;87;55m[48;2;16;24;28m▀[0m[38;2;197;86;54m[48;2;100;55;42m▀[0m[38;2;197;86;55m[48;2;50;51;74m▀[0m[38;2;62;57;91m[48;2;151;96;102m▀[0m[38;2;65;59;96m[48;2;235;225;213m▀[0m[38;2;74;62;97m[48;2;233;222;211m▀[0m[38;2;108;72;85m[48;2;234;224;212m▀[0m [38;2;228;111;69m[48;2;166;80;49m▀[0m[38;2;125;189;203m[48;2;180;213;220m▀[0m[38;2;32;39;63m[48;2;169;204;212m▀[0m[38;2;112;183;199m[48;2;237;108;60m▀[0m[38;2;236;108;61m[48;2;237;128;89m▀[0m[38;2;236;108;61m[48;2;236;124;84m▀[0m[38;2;237;108;62m[48;2;236;108;60m▀[0m[38;2;236;107;60m[48;2;236;108;61m▀[0m[38;2;145;194;205m[48;2;38;57;65m▀[0m[38;2;141;197;211m[48;2;26;36;67m▀[0m[38;2;70;58;53m[48;2;113;186;202m▀[0m[38;2;239;142;110m[48;2;237;107;60m▀[0m[38;2;233;223;210m[48;2;233;223;211m▀[0m[38;2;233;223;211m[48;2;234;224;212m▀[0m[38;2;234;224;213m[48;2;234;225;213m▀[0m[38;2;233;222;210m[48;2;234;223;212m▀[0m[38;2;235;225;213m[48;2;181;158;143m▀[0m[38;2;181;158;142m[48;2;181;157;142m▀[0m[38;2;191;169;152m[48;2;53;52;51m▀[0m       
       [38;2;54;53;79m▀[0m[38;2;152;98;104m[48;2;181;159;149m▀[0m[38;2;33;31;32m[48;2;237;106;59m▀[0m[38;2;147;141;134m[48;2;237;106;59m▀[0m[38;2;232;221;209m[48;2;25;34;38m▀[0m[38;2;234;224;212m[48;2;233;222;210m▀[0m[38;2;148;141;133m[48;2;233;222;210m▀[0m [38;2;236;106;59m[48;2;238;154;128m▀[0m[38;2;236;106;60m[48;2;239;155;130m▀[0m[38;2;238;154;130m[48;2;234;223;212m▀[0m[38;2;233;222;210m[48;2;233;223;211m▀[0m[38;2;233;222;210m[48;2;232;221;209m▀[0m[38;2;236;117;75m[48;2;234;212;197m▀[0m[38;2;236;108;60m[48;2;235;106;59m▀[0m[38;2;160;199;208m[48;2;236;107;60m▀[0m[38;2;153;196;205m[48;2;238;108;61m▀[0m[38;2;243;109;61m[48;2;236;108;60m▀[0m[38;2;237;107;60m[48;2;239;152;124m▀[0m[38;2;232;222;211m[48;2;236;225;213m▀[0m[38;2;235;105;57m[48;2;55;36;33m▀[0m[38;2;20;20;23m[48;2;182;158;142m▀[0m[38;2;180;156;140m[48;2;181;158;143m▀[0m[38;2;181;158;143m[48;2;179;156;142m▀[0m[38;2;181;157;142m[48;2;63;61;60m▀[0m        
         [38;2;201;89;55m▀[0m[38;2;232;105;59m[48;2;200;88;55m▀[0m[38;2;236;106;59m[48;2;39;37;37m▀[0m[38;2;234;223;211m[48;2;201;182;166m▀[0m[38;2;233;222;210m[48;2;232;222;210m▀[0m[38;2;233;223;211m[48;2;233;223;211m▀[0m[38;2;233;221;209m▄[0m[38;2;232;222;210m[48;2;179;154;137m▀[0m[38;2;233;223;211m[48;2;201;183;169m▀[0m[38;2;233;223;211m[48;2;226;213;201m▀[0m[38;2;232;221;210m[48;2;233;222;210m▀[0m[38;2;233;221;209m[48;2;231;221;209m▀[0m[38;2;237;169;146m[48;2;232;221;209m▀[0m[38;2;236;128;90m[48;2;231;221;209m▀[0m[38;2;235;105;58m[48;2;232;221;209m▀[0m[38;2;239;154;128m[48;2;198;178;165m▀[0m[38;2;231;221;209m[48;2;181;157;143m▀[0m[38;2;199;178;161m[48;2;155;135;122m▀[0m[38;2;64;43;39m[48;2;194;173;158m▀[0m[38;2;181;158;143m[48;2;198;176;160m▀[0m[38;2;195;174;158m[48;2;52;51;75m▀[0m[38;2;130;115;105m[48;2;51;51;74m▀[0m[38;2;51;51;74m[48;2;51;51;74m▀[0m[38;2;51;51;74m[48;2;51;51;74m▀[0m[38;2;52;51;75m[48;2;52;52;74m▀[0m[38;2;52;51;74m▄[0m     
            [38;2;9;17;19m▀[0m[38;2;182;158;142m▀[0m[38;2;178;154;138m▀[0m[38;2;179;156;140m▀[0m[38;2;179;156;140m▀[0m[38;2;177;153;137m[48;2;177;152;136m▀[0m[38;2;179;154;138m[48;2;179;156;140m▀[0m[38;2;179;153;138m[48;2;178;154;137m▀[0m[38;2;179;155;139m[48;2;177;153;137m▀[0m[38;2;178;154;138m[48;2;178;154;137m▀[0m[38;2;178;153;138m[48;2;179;154;138m▀[0m[38;2;179;154;139m[48;2;179;154;138m▀[0m[38;2;179;156;140m[48;2;220;206;192m▀[0m[38;2;233;222;210m▄[0m[38;2;233;223;211m▄[0m[38;2;232;221;209m▄[0m[38;2;51;51;74m[48;2;152;96;103m▀[0m[38;2;51;51;74m[48;2;66;59;96m▀[0m[38;2;51;51;74m[48;2;50;50;73m▀[0m[38;2;51;51;74m[48;2;51;51;74m▀[0m[38;2;52;51;74m[48;2;51;51;74m▀[0m[38;2;52;51;74m[48;2;52;51;75m▀[0m[38;2;52;51;75m[48;2;52;51;75m▀[0m[38;2;52;52;76m[48;2;51;51;74m▀[0m    
               [38;2;175;155;142m▄[0m[38;2;181;158;142m[48;2;179;155;138m▀[0m[38;2;177;153;136m[48;2;180;156;139m▀[0m[38;2;176;151;134m[48;2;178;152;135m▀[0m[38;2;179;154;138m[48;2;179;155;139m▀[0m[38;2;180;156;140m[48;2;183;160;144m▀[0m[38;2;179;156;140m[48;2;72;68;66m▀[0m[38;2;178;153;136m[48;2;179;155;139m▀[0m[38;2;178;154;139m[48;2;179;156;139m▀[0m[38;2;180;157;141m[48;2;54;53;79m▀[0m[38;2;201;182;166m[48;2;14;21;23m▀[0m[38;2;233;222;210m[48;2;179;156;141m▀[0m[38;2;233;222;210m[48;2;186;164;150m▀[0m[38;2;231;220;209m[48;2;234;225;212m▀[0m[38;2;145;93;102m[48;2;152;97;104m▀[0m[38;2;66;59;96m[48;2;66;59;96m▀[0m[38;2;52;51;74m[48;2;52;52;76m▀[0m[38;2;51;51;74m[48;2;51;51;74m▀[0m[38;2;51;51;74m[48;2;51;51;74m▀[0m[38;2;52;52;74m[48;2;51;51;74m▀[0m[38;2;59;56;87m▀[0m    
               [38;2;58;54;88m▀[0m[38;2;64;58;97m▀[0m[38;2;64;58;95m▀[0m[38;2;55;51;83m▀[0m[38;2;182;159;142m[48;2;65;59;98m▀[0m[38;2;64;58;95m▀[0m[38;2;47;45;71m▀[0m[38;2;31;35;43m▀[0m[38;2;185;164;149m▀[0m[38;2;197;176;160m▀[0m [38;2;40;31;29m▀[0m[38;2;48;31;28m▀[0m[38;2;188;167;156m▀[0m[38;2;107;68;78m▀[0m[38;2;51;51;74m▀[0m[38;2;51;51;74m▀[0m[38;2;51;51;74m▀[0m[38;2;34;38;51m▀[0m      
                                        
                                        
                                        
                                        
                                        
