                                        
                                        
                [38;2;33;51;90m▄[0m[38;2;40;77;148m▄[0m[38;2;26;29;39m[48;2;40;77;149m▀[0m[38;2;85;115;181m[48;2;39;76;147m▀[0m[38;2;73;105;172m[48;2;40;77;148m▀[0m[38;2;37;48;75m[48;2;40;77;148m▀[0m[38;2;40;77;148m▄[0m[38;2;29;36;58m▄[0m                
              [38;2;44;79;151m▄[0m[38;2;41;78;149m[48;2;42;79;150m▀[0m[38;2;42;78;150m[48;2;40;77;149m▀[0m[38;2;40;77;148m[48;2;40;77;148m▀[0m[38;2;41;77;149m[48;2;40;77;149m▀[0m[38;2;40;77;148m[48;2;40;77;148m▀[0m[38;2;40;77;148m[48;2;40;77;148m▀[0m[38;2;40;77;148m[48;2;40;77;149m▀[0m[38;2;40;77;148m[48;2;40;77;148m▀[0m[38;2;40;77;148m[48;2;40;77;148m▀[0m[38;2;39;77;149m▄[0m               
             [38;2;41;79;150m[48;2;58;90;159m▀[0m[38;2;67;99;167m[48;2;42;79;149m▀[0m[38;2;40;77;148m[48;2;38;77;148m▀[0m[38;2;40;75;147m[48;2;39;76;148m▀[0m[38;2;39;76;148m[48;2;40;75;147m▀[0m[38;2;40;77;148m[48;2;39;76;148m▀[0m[38;2;40;77;148m[48;2;39;77;148m▀[0m[38;2;40;77;148m[48;2;40;77;148m▀[0m[38;2;40;77;149m[48;2;40;77;149m▀[0m[38;2;40;77;148m[48;2;40;77;148m▀[0m[38;2;39;77;148m[48;2;40;77;148m▀[0m[38;2;38;75;147m[48;2;35;63;127m▀[0m               
            [38;2;42;79;150m[48;2;41;79;150m▀[0m[38;2;73;105;171m[48;2;71;104;170m▀[0m[38;2;39;76;147m[48;2;40;77;148m▀[0m[38;2;40;77;148m[48;2;40;77;148m▀[0m[38;2;40;77;148m[48;2;40;77;148m▀[0m[38;2;40;77;149m[48;2;39;76;148m▀[0m[38;2;38;77;148m[48;2;40;75;147m▀[0m[38;2;40;77;148m[48;2;39;76;148m▀[0m[38;2;39;77;148m[48;2;39;76;147m▀[0m[38;2;40;77;148m[48;2;40;77;148m▀[0m[38;2;40;77;148m[48;2;40;75;147m▀[0m[38;2;40;77;148m[48;2;34;62;124m▀[0m[38;2;34;55;109m[48;2;34;64;126m▀[0m               
           [38;2;21;24;35m▄[0m[38;2;57;90;162m[48;2;65;107;161m▀[0m[38;2;70;102;168m[48;2;62;95;164m▀[0m[38;2;41;77;149m[48;2;180;196;72m▀[0m[38;2;221;219;58m[48;2;140;171;80m▀[0m[38;2;40;77;148m[48;2;221;219;58m▀[0m[38;2;220;218;57m[48;2;223;222;60m▀[0m[38;2;176;193;68m[48;2;221;218;58m▀[0m[38;2;40;75;147m[48;2;39;76;148m▀[0m[38;2;40;77;148m[48;2;126;123;44m▀[0m[38;2;37;73;143m[48;2;45;54;53m▀[0m[38;2;36;67;133m[48;2;28;41;78m▀[0m[38;2;34;57;114m[48;2;21;22;35m▀[0m[38;2;25;25;36m▄[0m[38;2;92;78;105m▄[0m[38;2;73;66;92m▄[0m[38;2;73;66;92m▄[0m[38;2;18;19;27m▄[0m           
           [38;2;71;71;42m[48;2;24;31;40m▀[0m[38;2;229;231;125m[48;2;226;228;120m▀[0m[38;2;226;227;108m[48;2;225;226;107m▀[0m[38;2;223;221;76m[48;2;222;220;63m▀[0m[38;2;221;218;61m[48;2;202;200;66m▀[0m[38;2;226;224;62m[48;2;174;169;172m▀[0m[38;2;115;188;205m[48;2;186;224;232m▀[0m[38;2;220;218;58m[48;2;221;219;58m▀[0m[38;2;40;75;147m[48;2;40;77;148m▀[0m[38;2;40;76;148m[48;2;40;77;148m▀[0m[38;2;93;78;59m[48;2;39;76;148m▀[0m[38;2;22;25;39m[48;2;39;76;150m▀[0m[38;2;95;80;109m[48;2;96;80;108m▀[0m[38;2;97;81;108m[48;2;95;80;107m▀[0m[38;2;74;66;92m[48;2;73;66;92m▀[0m[38;2;74;66;92m[48;2;47;44;62m▀[0m[38;2;74;66;92m[48;2;45;40;55m▀[0m[38;2;75;67;92m[48;2;42;40;56m▀[0m[38;2;62;59;88m[48;2;65;60;86m▀[0m[38;2;25;37;64m▄[0m         
            [38;2;126;98;132m[48;2;224;228;130m▀[0m[38;2;54;54;43m[48;2;225;226;107m▀[0m[38;2;224;223;85m[48;2;155;190;106m▀[0m[38;2;184;182;62m[48;2;222;219;60m▀[0m[38;2;142;139;44m[48;2;221;219;60m▀[0m[38;2;221;219;58m[48;2;39;74;148m▀[0m[38;2;53;92;138m[48;2;40;76;148m▀[0m[38;2;40;76;148m[48;2;40;77;148m▀[0m[38;2;40;75;147m[48;2;39;75;148m▀[0m[38;2;40;77;148m[48;2;39;73;144m▀[0m[38;2;39;76;149m[48;2;40;75;148m▀[0m[38;2;23;27;44m[48;2;40;77;148m▀[0m[38;2;48;43;67m[48;2;92;78;105m▀[0m[38;2;94;80;107m[48;2;92;78;105m▀[0m[38;2;83;71;98m[48;2;74;67;92m▀[0m[38;2;74;66;92m[48;2;73;66;92m▀[0m[38;2;75;67;92m[48;2;74;66;92m▀[0m[38;2;75;67;92m[48;2;53;49;73m▀[0m[38;2;33;32;46m[48;2;65;60;86m▀[0m[38;2;23;23;35m▄[0m        
             [38;2;150;184;87m[48;2;23;25;34m▀[0m[38;2;161;194;103m[48;2;140;176;76m▀[0m[38;2;46;81;152m[48;2;46;81;151m▀[0m[38;2;41;77;149m[48;2;40;75;147m▀[0m[38;2;40;77;149m[48;2;40;77;148m▀[0m[38;2;40;77;148m[48;2;40;78;149m▀[0m[38;2;65;60;86m[48;2;65;60;86m▀[0m[38;2;64;60;86m[48;2;64;60;86m▀[0m[38;2;65;61;86m[48;2;64;60;86m▀[0m[38;2;64;60;86m[48;2;65;60;85m▀[0m[38;2;64;60;86m[48;2;65;60;86m▀[0m[38;2;34;31;47m[48;2;64;60;86m▀[0m[38;2;56;50;74m[48;2;64;60;86m▀[0m[38;2;57;52;77m[48;2;65;61;86m▀[0m[38;2;44;40;62m[48;2;61;58;82m▀[0m[38;2;45;40;63m[48;2;114;95;67m▀[0m[38;2;64;60;86m[48;2;46;44;65m▀[0m[38;2;64;60;85m[48;2;65;61;86m▀[0m[38;2;64;60;86m[48;2;65;60;86m▀[0m        
      [38;2;75;67;92m▄[0m[38;2;75;67;92m▄[0m[38;2;73;66;92m▄[0m[38;2;73;66;91m▄[0m   [38;2;52;84;153m▄[0m[38;2;32;52;102m[48;2;47;56;104m▀[0m[38;2;40;77;148m[48;2;66;60;87m▀[0m[38;2;40;77;148m[48;2;65;58;84m▀[0m[38;2;40;77;149m[48;2;60;96;169m▀[0m[38;2;66;61;87m[48;2;64;60;86m▀[0m[38;2;65;61;86m[48;2;64;60;86m▀[0m[38;2;64;60;86m[48;2;64;60;86m▀[0m[38;2;65;61;86m[48;2;65;60;86m▀[0m[38;2;64;60;86m[48;2;64;60;86m▀[0m[38;2;63;59;84m[48;2;63;60;86m▀[0m[38;2;49;44;69m[48;2;65;60;86m▀[0m[38;2;57;53;78m[48;2;65;60;86m▀[0m[38;2;63;59;86m[48;2;65;60;86m▀[0m[38;2;65;60;85m[48;2;63;60;86m▀[0m[38;2;232;229;60m[48;2;153;152;49m▀[0m[38;2;224;222;58m[48;2;66;62;88m▀[0m[38;2;65;61;86m[48;2;65;60;86m▀[0m[38;2;40;77;149m[48;2;36;66;132m▀[0m        
     [38;2;74;67;92m[48;2;74;66;92m▀[0m[38;2;73;66;92m[48;2;74;67;92m▀[0m[38;2;75;67;92m[48;2;43;38;62m▀[0m[38;2;75;66;92m[48;2;215;212;81m▀[0m[38;2;73;66;92m[48;2;200;198;65m▀[0m[38;2;73;66;92m[48;2;67;62;87m▀[0m[38;2;69;64;89m[48;2;64;60;86m▀[0m[38;2;64;60;86m[48;2;65;60;86m▀[0m[38;2;63;60;86m[48;2;64;60;86m▀[0m[38;2;65;61;86m[48;2;64;60;85m▀[0m[38;2;65;60;86m[48;2;44;40;64m▀[0m[38;2;42;38;61m[48;2;40;41;60m▀[0m[38;2;62;57;82m[48;2;25;26;38m▀[0m[38;2;65;60;86m[48;2;42;37;61m▀[0m[38;2;64;60;86m[48;2;42;38;61m▀[0m[38;2;61;57;82m[48;2;43;39;63m▀[0m[38;2;46;42;65m[48;2;43;39;62m▀[0m[38;2;42;37;61m[48;2;44;39;63m▀[0m[38;2;43;38;62m[48;2;46;41;65m▀[0m[38;2;48;43;67m[48;2;43;38;62m▀[0m[38;2;64;60;86m[48;2;45;40;64m▀[0m[38;2;65;61;86m[48;2;45;40;64m▀[0m[38;2;221;219;58m[48;2;41;37;59m▀[0m[38;2;221;219;58m[48;2;115;95;67m▀[0m[38;2;179;170;64m[48;2;46;41;65m▀[0m[38;2;46;41;65m[48;2;50;44;67m▀[0m[38;2;37;57;114m▀[0m        
    [38;2;24;24;35m▀[0m[38;2;74;66;92m▀[0m[38;2;43;38;61m[48;2;33;32;46m▀[0m[38;2;48;43;66m[48;2;47;43;66m▀[0m[38;2;32;30;45m[48;2;47;43;66m▀[0m[38;2;115;95;69m[48;2;44;42;64m▀[0m[38;2;119;101;64m[48;2;43;38;62m▀[0m[38;2;43;38;62m[48;2;112;93;66m▀[0m[38;2;42;38;62m[48;2;115;96;67m▀[0m[38;2;43;38;62m[48;2;117;96;67m▀[0m[38;2;42;39;61m[48;2;37;36;55m▀[0m[38;2;43;44;64m[48;2;55;52;76m▀[0m[38;2;25;26;38m[48;2;59;55;81m▀[0m[38;2;63;59;85m[48;2;43;39;63m▀[0m[38;2;44;40;63m[48;2;45;41;65m▀[0m[38;2;40;36;58m[48;2;47;43;66m▀[0m[38;2;44;39;63m[48;2;34;32;50m▀[0m[38;2;44;40;63m[48;2;43;38;62m▀[0m[38;2;44;40;63m[48;2;44;39;62m▀[0m[38;2;43;38;62m[48;2;43;38;62m▀[0m[38;2;43;39;62m[48;2;36;33;52m▀[0m[38;2;38;35;56m[48;2;45;41;65m▀[0m[38;2;46;42;66m[48;2;46;42;66m▀[0m[38;2;48;44;67m[48;2;44;40;63m▀[0m[38;2;49;44;67m▀[0m[38;2;52;46;71m▀[0m          
      [38;2;47;43;67m[48;2;47;45;67m▀[0m[38;2;45;43;65m[48;2;50;48;70m▀[0m[38;2;43;43;63m[48;2;17;18;27m▀[0m[38;2;33;33;47m[48;2;28;27;33m▀[0m[38;2;44;39;63m[48;2;114;95;67m▀[0m[38;2;43;39;63m[48;2;97;81;59m▀[0m[38;2;45;41;64m[48;2;44;39;62m▀[0m[38;2;44;39;63m[48;2;120;99;69m▀[0m[38;2;44;40;64m[48;2;115;95;67m▀[0m[38;2;43;39;62m[48;2;43;38;62m▀[0m[38;2;43;38;62m[48;2;18;18;28m▀[0m[38;2;47;42;66m▀[0m [38;2;47;42;66m[48;2;95;79;61m▀[0m[38;2;47;43;67m[48;2;109;89;66m▀[0m[38;2;46;42;65m[48;2;26;25;37m▀[0m[38;2;46;42;65m[48;2;43;38;62m▀[0m[38;2;43;39;62m[48;2;43;38;62m▀[0m[38;2;44;39;63m[48;2;27;26;42m▀[0m[38;2;43;39;63m[48;2;109;90;66m▀[0m[38;2;30;28;42m[48;2;108;90;66m▀[0m[38;2;44;40;64m[48;2;34;58;114m▀[0m            
                  [38;2;36;64;127m▄[0m[38;2;34;57;112m[48;2;35;42;85m▀[0m[38;2;112;91;68m[48;2;44;39;62m▀[0m[38;2;109;90;66m[48;2;44;40;64m▀[0m[38;2;44;39;63m[48;2;45;40;64m▀[0m[38;2;43;38;62m[48;2;45;40;64m▀[0m[38;2;112;92;67m[48;2;44;39;63m▀[0m[38;2;112;93;66m[48;2;44;39;63m▀[0m[38;2;35;41;84m[48;2;42;39;66m▀[0m[38;2;35;54;108m[48;2;34;54;108m▀[0m            
               [38;2;25;35;61m▄[0m[38;2;35;64;129m▄[0m[38;2;36;69;137m[48;2;34;57;114m▀[0m[38;2;34;57;112m[48;2;48;43;68m▀[0m[38;2;44;39;63m[48;2;49;44;69m▀[0m[38;2;44;39;63m[48;2;45;41;65m▀[0m[38;2;44;40;64m[48;2;51;47;71m▀[0m[38;2;47;42;66m[48;2;53;48;73m▀[0m[38;2;46;42;65m[48;2;50;46;71m▀[0m[38;2;46;41;66m[48;2;46;42;65m▀[0m[38;2;45;40;64m[48;2;46;41;65m▀[0m[38;2;46;42;65m[48;2;46;42;66m▀[0m[38;2;142;143;53m[48;2;34;56;112m▀[0m[38;2;58;58;37m[48;2;33;55;112m▀[0m           
           [38;2;33;58;110m▄[0m[38;2;39;75;147m[48;2;34;60;119m▀[0m[38;2;33;60;120m[48;2;39;45;85m▀[0m[38;2;34;61;121m[48;2;50;46;71m▀[0m[38;2;33;61;122m[48;2;50;46;71m▀[0m[38;2;37;44;88m[48;2;50;46;71m▀[0m[38;2;49;45;71m[48;2;55;48;42m▀[0m[38;2;50;46;71m[48;2;114;94;67m▀[0m[38;2;114;94;68m▀[0m [38;2;57;53;79m▀[0m[38;2;56;52;77m[48;2;111;91;66m▀[0m[38;2;56;53;79m[48;2;115;96;67m▀[0m[38;2;49;45;70m[48;2;105;88;63m▀[0m[38;2;53;49;74m[48;2;110;90;67m▀[0m[38;2;49;45;70m[48;2;104;85;64m▀[0m[38;2;34;44;92m[48;2;52;48;73m▀[0m[38;2;34;59;115m[48;2;36;45;89m▀[0m[38;2;34;59;116m[48;2;34;59;117m▀[0m[38;2;34;57;113m[48;2;34;59;116m▀[0m[38;2;34;59;118m[48;2;34;59;115m▀[0m[38;2;25;34;60m[48;2;34;57;114m▀[0m[38;2;27;42;79m▄[0m      
           [38;2;34;59;117m▀[0m[38;2;50;46;71m▀[0m[38;2;109;89;62m▀[0m[38;2;108;89;61m▀[0m[38;2;102;86;61m▀[0m          [38;2;110;91;67m▀[0m[38;2;114;94;67m▀[0m[38;2;51;48;72m▀[0m[38;2;51;48;73m▀[0m[38;2;51;47;72m▀[0m[38;2;50;46;71m▀[0m[38;2;34;53;106m[48;2;44;41;62m▀[0m[38;2;34;58;115m[48;2;22;27;44m▀[0m      
                                        
                                        
