                                        
                                        
                                        
                          [38;2;215;198;199m▄[0m             
                         [38;2;239;220;222m[48;2;219;207;216m▀[0m[38;2;241;222;223m[48;2;216;204;211m▀[0m[38;2;225;210;215m[48;2;211;199;205m▀[0m            
                         [38;2;169;161;169m[48;2;165;156;166m▀[0m[38;2;164;156;164m[48;2;166;158;166m▀[0m[38;2;2;2;2m▀[0m            
                         [38;2;22;22;23m[48;2;161;138;139m▀[0m              
                       [38;2;245;220;221m▄[0m[38;2;247;228;230m[48;2;245;218;220m▀[0m[38;2;244;210;212m[48;2;241;208;210m▀[0m              
                     [38;2;42;37;36m▄[0m[38;2;245;213;215m[48;2;247;226;227m▀[0m[38;2;251;239;239m[48;2;245;222;223m▀[0m[38;2;245;219;220m[48;2;255;255;255m▀[0m[38;2;240;206;208m[48;2;255;255;254m▀[0m              
                [38;2;249;228;227m▄[0m[38;2;249;228;227m▄[0m[38;2;228;211;215m▄[0m[38;2;221;205;209m▄[0m[38;2;221;205;209m▄[0m[38;2;244;218;219m[48;2;227;212;217m▀[0m[38;2;246;225;225m[48;2;174;154;154m▀[0m[38;2;242;211;213m[48;2;242;209;211m▀[0m[38;2;255;255;253m[48;2;255;255;255m▀[0m[38;2;255;255;255m[48;2;255;255;255m▀[0m              
             [38;2;0;0;0m▄[0m[38;2;222;208;210m[48;2;232;215;218m▀[0m[38;2;252;231;230m[48;2;139;128;127m▀[0m[38;2;250;228;227m[48;2;232;216;220m▀[0m[38;2;249;227;227m[48;2;232;216;222m▀[0m[38;2;246;225;226m[48;2;230;215;220m▀[0m[38;2;253;235;236m[48;2;232;215;219m▀[0m[38;2;227;211;216m[48;2;228;213;218m▀[0m[38;2;227;214;220m[48;2;227;212;218m▀[0m[38;2;226;211;216m[48;2;229;214;220m▀[0m[38;2;229;216;223m[48;2;227;214;220m▀[0m[38;2;242;209;212m[48;2;223;210;216m▀[0m[38;2;242;209;211m[48;2;241;207;211m▀[0m[38;2;0;0;0m▄[0m             
      [38;2;243;221;219m▄[0m[38;2;253;229;226m▄[0m[38;2;247;224;223m▄[0m[38;2;247;225;224m▄[0m[38;2;195;180;179m▄[0m  [38;2;175;166;173m[48;2;174;164;173m▀[0m[38;2;192;180;188m[48;2;174;164;174m▀[0m[38;2;195;183;191m[48;2;63;58;61m▀[0m[38;2;202;191;199m[48;2;174;164;172m▀[0m[38;2;204;192;199m[48;2;173;163;171m▀[0m[38;2;192;180;189m[48;2;173;162;169m▀[0m[38;2;208;195;202m[48;2;170;160;169m▀[0m[38;2;224;210;216m[48;2;172;162;170m▀[0m[38;2;216;202;209m[48;2;113;107;110m▀[0m[38;2;209;196;202m[48;2;175;165;174m▀[0m[38;2;229;216;222m[48;2;174;164;172m▀[0m[38;2;227;213;218m[48;2;166;156;163m▀[0m[38;2;191;159;165m[48;2;202;189;196m▀[0m[38;2;0;0;0m[48;2;0;0;0m▀[0m             
      [38;2;233;214;216m[48;2;0;0;0m▀[0m[38;2;223;209;213m[48;2;227;212;216m▀[0m[38;2;233;216;218m[48;2;227;212;217m▀[0m[38;2;242;223;224m[48;2;227;212;217m▀[0m[38;2;238;220;222m[48;2;227;212;216m▀[0m[38;2;228;213;217m[48;2;227;211;214m▀[0m[38;2;169;160;169m[48;2;171;161;168m▀[0m[38;2;174;164;174m[48;2;173;163;170m▀[0m[38;2;174;164;172m[48;2;242;209;210m▀[0m[38;2;229;197;199m[48;2;242;212;213m▀[0m[38;2;207;175;178m[48;2;244;212;214m▀[0m[38;2;189;156;160m[48;2;242;211;213m▀[0m[38;2;226;193;195m[48;2;241;211;212m▀[0m[38;2;169;159;168m[48;2;241;209;209m▀[0m[38;2;173;164;172m[48;2;173;163;171m▀[0m[38;2;172;162;170m[48;2;172;162;170m▀[0m[38;2;172;162;170m[48;2;173;163;171m▀[0m[38;2;172;163;171m[48;2;172;161;169m▀[0m[38;2;142;133;140m[48;2;175;161;168m▀[0m[38;2;173;163;171m[48;2;172;161;170m▀[0m[38;2;28;26;27m[48;2;172;162;170m▀[0m             
       [38;2;92;88;88m▀[0m[38;2;222;207;210m▀[0m[38;2;221;206;209m[48;2;219;204;207m▀[0m[38;2;219;204;207m[48;2;213;199;203m▀[0m[38;2;200;188;193m[48;2;171;161;168m▀[0m[38;2;168;159;166m[48;2;170;161;168m▀[0m[38;2;169;160;167m[48;2;170;160;168m▀[0m[38;2;243;213;215m[48;2;78;67;67m▀[0m[38;2;243;212;215m[48;2;241;211;211m▀[0m[38;2;70;42;44m[48;2;240;208;208m▀[0m[38;2;119;77;81m[48;2;204;139;142m▀[0m[38;2;239;207;208m[48;2;237;204;205m▀[0m[38;2;240;207;208m[48;2;239;206;207m▀[0m[38;2;241;208;209m[48;2;241;208;209m▀[0m[38;2;240;205;207m[48;2;239;206;208m▀[0m[38;2;157;147;154m[48;2;187;156;162m▀[0m[38;2;173;163;171m[48;2;174;164;173m▀[0m[38;2;173;163;171m[48;2;174;164;173m▀[0m[38;2;174;164;173m[48;2;173;164;172m▀[0m[38;2;174;164;172m[48;2;173;164;171m▀[0m[38;2;175;165;173m[48;2;185;174;182m▀[0m[38;2;15;14;14m▄[0m           
               [38;2;61;50;51m▀[0m[38;2;184;152;158m▀[0m[38;2;205;174;178m[48;2;160;133;138m▀[0m[38;2;211;180;183m[48;2;43;36;37m▀[0m[38;2;190;160;165m[48;2;95;77;79m▀[0m[38;2;186;155;161m[48;2;78;64;65m▀[0m[38;2;187;156;161m[48;2;184;153;157m▀[0m[38;2;186;156;161m▀[0m[38;2;177;166;174m▀[0m[38;2;173;163;171m[48;2;175;164;174m▀[0m[38;2;174;164;174m[48;2;174;164;173m▀[0m[38;2;221;206;211m[48;2;227;213;219m▀[0m[38;2;235;219;223m[48;2;228;213;218m▀[0m[38;2;241;223;225m[48;2;245;224;225m▀[0m[38;2;236;218;222m[48;2;248;226;226m▀[0m[38;2;45;43;42m[48;2;255;240;236m▀[0m[38;2;247;227;227m▄[0m        
                [38;2;244;210;212m▀[0m[38;2;207;174;178m[48;2;8;7;7m▀[0m[38;2;183;152;157m▀[0m [38;2;186;155;161m[48;2;150;128;128m▀[0m[38;2;185;153;158m[48;2;111;94;95m▀[0m[38;2;31;25;25m▀[0m  [38;2;173;163;170m▀[0m[38;2;227;211;216m▀[0m[38;2;227;213;219m[48;2;177;166;170m▀[0m[38;2;229;214;219m[48;2;226;211;216m▀[0m[38;2;240;222;225m[48;2;222;206;212m▀[0m[38;2;236;219;224m[48;2;219;204;210m▀[0m[38;2;231;215;220m[48;2;102;98;101m▀[0m[38;2;231;212;213m▀[0m       
                                        
                                        
                                        
                                        
