                                        
                                        
                    [38;2;88;115;89m[48;2;40;52;40m▀[0m                   
                    [38;2;137;174;134m[48;2;156;198;153m▀[0m[38;2;135;174;134m[48;2;156;200;154m▀[0m   [38;2;114;107;138m[48;2;113;106;136m▀[0m              
            [38;2;68;172;118m[48;2;66;169;115m▀[0m[38;2;65;168;115m▄[0m [38;2;66;170;116m▄[0m[38;2;80;78;114m▄[0m[38;2;82;79;115m▄[0m[38;2;81;78;115m▄[0m[38;2;41;107;72m▄[0m[38;2;71;70;57m[48;2;209;63;83m▀[0m[38;2;155;197;152m[48;2;154;196;152m▀[0m   [38;2;120;112;144m[48;2;115;107;138m▀[0m[38;2;116;109;139m[48;2;113;105;135m▀[0m [38;2;70;65;84m▄[0m           
             [38;2;211;64;83m[48;2;41;119;91m▀[0m[38;2;38;107;85m[48;2;48;55;90m▀[0m[38;2;55;37;40m[48;2;33;94;74m▀[0m[38;2;68;64;96m[48;2;66;168;115m▀[0m[38;2;133;144;144m[48;2;44;96;74m▀[0m[38;2;194;190;187m[48;2;68;172;117m▀[0m[38;2;80;78;114m[48;2;82;78;115m▀[0m[38;2;212;64;84m[48;2;68;173;118m▀[0m[38;2;31;39;45m[48;2;70;69;103m▀[0m[38;2;79;77;113m▄[0m[38;2;80;78;114m▄[0m[38;2;80;77;113m▄[0m[38;2;111;103;133m[48;2;79;77;113m▀[0m[38;2;114;106;136m[48;2;113;105;134m▀[0m[38;2;114;106;136m▄[0m[38;2;113;106;136m[48;2;40;40;48m▀[0m           
         [38;2;48;55;90m[48;2;48;55;90m▀[0m[38;2;47;54;89m▄[0m  [38;2;47;53;87m▄[0m[38;2;48;53;87m[48;2;47;54;88m▀[0m[38;2;38;103;81m[48;2;40;46;72m▀[0m[38;2;70;120;94m[48;2;83;50;72m▀[0m[38;2;85;51;74m[48;2;47;54;88m▀[0m[38;2;234;231;228m[48;2;30;44;54m▀[0m[38;2;80;79;114m[48;2;81;78;114m▀[0m[38;2;104;98;133m[48;2;113;106;136m▀[0m[38;2;104;96;126m[48;2;79;77;112m▀[0m[38;2;114;105;134m[48;2;89;85;119m▀[0m[38;2;111;104;131m[48;2;80;78;114m▀[0m[38;2;80;77;113m[48;2;73;69;88m▀[0m[38;2;84;80;116m[48;2;59;56;70m▀[0m[38;2;51;49;66m[48;2;115;108;139m▀[0m[38;2;105;98;131m[48;2;113;106;135m▀[0m[38;2;113;107;136m▄[0m [38;2;48;46;56m▄[0m         
        [38;2;47;54;88m▀[0m[38;2;47;53;88m[48;2;28;32;50m▀[0m[38;2;47;54;89m[48;2;47;54;88m▀[0m[38;2;48;54;87m[48;2;47;54;88m▀[0m[38;2;48;53;87m[48;2;48;54;89m▀[0m[38;2;47;53;88m[48;2;47;54;88m▀[0m[38;2;82;79;117m[48;2;80;78;114m▀[0m[38;2;46;53;87m[48;2;64;61;78m▀[0m[38;2;54;122;85m[48;2;80;77;113m▀[0m[38;2;27;30;44m[48;2;65;166;114m▀[0m[38;2;66;167;115m[48;2;80;78;114m▀[0m[38;2;113;106;135m[48;2;60;58;83m▀[0m[38;2;114;108;136m[48;2;117;108;139m▀[0m[38;2;80;78;114m[48;2;80;77;113m▀[0m[38;2;80;78;115m[48;2;39;44;71m▀[0m[38;2;81;79;116m[48;2;42;48;78m▀[0m[38;2;79;77;113m[48;2;70;70;102m▀[0m[38;2;113;106;135m[48;2;48;48;68m▀[0m[38;2;117;110;138m[48;2;112;106;134m▀[0m[38;2;113;106;134m[48;2;59;55;70m▀[0m[38;2;113;106;135m[48;2;114;107;137m▀[0m[38;2;57;54;70m[48;2;81;78;114m▀[0m[38;2;113;106;135m[48;2;115;108;137m▀[0m[38;2;116;109;139m[48;2;115;107;136m▀[0m[38;2;101;95;121m▄[0m[38;2;44;42;52m[48;2;90;85;108m▀[0m      
         [38;2;30;35;55m[48;2;47;53;87m▀[0m[38;2;47;54;88m[48;2;47;54;88m▀[0m[38;2;47;54;88m[48;2;48;53;87m▀[0m[38;2;47;53;88m[48;2;48;53;87m▀[0m[38;2;80;77;113m[48;2;79;78;113m▀[0m[38;2;40;39;55m[48;2;58;57;83m▀[0m[38;2;43;43;58m[48;2;61;58;75m▀[0m[38;2;80;78;113m[48;2;79;77;113m▀[0m[38;2;81;78;115m[48;2;78;50;84m▀[0m[38;2;80;78;114m[48;2;79;77;113m▀[0m[38;2;63;61;89m[48;2;108;101;133m▀[0m[38;2;113;106;135m[48;2;79;77;113m▀[0m[38;2;79;77;113m[48;2;74;71;104m▀[0m[38;2;78;77;113m[48;2;81;79;116m▀[0m[38;2;50;54;88m[48;2;47;53;87m▀[0m[38;2;67;66;102m[48;2;40;46;74m▀[0m[38;2;81;78;114m[48;2;48;54;88m▀[0m[38;2;81;78;114m[48;2;80;78;114m▀[0m[38;2;113;105;136m[48;2;103;96;130m▀[0m[38;2;29;28;37m[48;2;79;77;113m▀[0m[38;2;47;53;87m[48;2;47;53;87m▀[0m[38;2;93;87;122m[48;2;80;78;114m▀[0m[38;2;115;108;138m[48;2;85;81;117m▀[0m[38;2;112;105;136m[48;2;76;74;108m▀[0m[38;2;115;108;137m[48;2;79;77;113m▀[0m[38;2;115;108;138m[48;2;116;108;136m▀[0m[38;2;76;71;91m[48;2;116;107;137m▀[0m    
      [38;2;44;43;59m▄[0m[38;2;50;56;91m[48;2;80;78;114m▀[0m[38;2;56;58;93m[48;2;79;77;113m▀[0m[38;2;54;58;92m[48;2;79;77;113m▀[0m[38;2;48;53;87m[48;2;30;33;47m▀[0m[38;2;42;47;75m[48;2;48;54;89m▀[0m[38;2;48;53;87m[48;2;47;53;87m▀[0m[38;2;63;63;99m▀[0m[38;2;80;77;113m[48;2;47;53;87m▀[0m[38;2;80;77;113m[48;2;47;53;88m▀[0m[38;2;79;77;113m[48;2;46;53;87m▀[0m[38;2;201;72;115m[48;2;81;79;115m▀[0m[38;2;70;69;101m[48;2;83;80;117m▀[0m[38;2;81;79;115m[48;2;13;16;22m▀[0m[38;2;81;78;115m[48;2;47;54;88m▀[0m[38;2;62;62;97m[48;2;47;54;88m▀[0m[38;2;47;54;88m[48;2;40;46;74m▀[0m[38;2;31;35;55m▀[0m [38;2;35;38;60m▀[0m[38;2;80;78;114m[48;2;80;78;114m▀[0m[38;2;80;78;114m[48;2;81;78;114m▀[0m[38;2;49;54;88m[48;2;47;53;87m▀[0m[38;2;47;53;88m[48;2;47;53;87m▀[0m[38;2;47;53;87m[48;2;48;54;90m▀[0m[38;2;68;67;97m[48;2;47;54;89m▀[0m[38;2;47;53;87m[48;2;47;54;88m▀[0m[38;2;47;53;88m[48;2;47;53;87m▀[0m[38;2;83;79;116m▀[0m[38;2;114;108;138m[48;2;115;108;138m▀[0m[38;2;108;102;133m▄[0m[38;2;82;80;117m▄[0m[38;2;38;37;47m▀[0m 
  [38;2;84;81;120m▄[0m[38;2;64;61;90m[48;2;62;61;86m▀[0m[38;2;80;78;113m[48;2;79;77;113m▀[0m[38;2;82;79;116m[48;2;57;59;93m▀[0m[38;2;79;77;113m[48;2;81;79;115m▀[0m[38;2;79;77;112m[48;2;68;174;118m▀[0m[38;2;77;76;110m[48;2;80;78;114m▀[0m[38;2;79;77;113m[48;2;80;78;114m▀[0m[38;2;73;71;107m[48;2;27;27;32m▀[0m[38;2;58;54;75m▀[0m     [38;2;81;78;114m[48;2;66;173;118m▀[0m[38;2;81;78;114m[48;2;80;78;114m▀[0m[38;2;19;41;30m[48;2;66;168;115m▀[0m[38;2;48;126;84m[48;2;66;169;116m▀[0m[38;2;60;62;95m[48;2;83;80;118m▀[0m    [38;2;47;53;87m▀[0m[38;2;80;78;114m[48;2;63;63;98m▀[0m[38;2;48;54;90m[48;2;47;53;87m▀[0m[38;2;47;54;88m[48;2;47;53;87m▀[0m[38;2;47;54;88m[48;2;46;53;88m▀[0m[38;2;47;53;88m[48;2;47;53;87m▀[0m[38;2;47;53;88m[48;2;46;52;86m▀[0m[38;2;3;3;1m▀[0m [38;2;7;8;8m▀[0m    
  [38;2;82;79;116m[48;2;82;79;117m▀[0m[38;2;26;26;31m▀[0m[38;2;43;50;81m▀[0m[38;2;48;53;87m[48;2;51;51;74m▀[0m[38;2;79;77;113m[48;2;80;78;114m▀[0m[38;2;82;79;116m[48;2;80;78;114m▀[0m[38;2;65;66;99m▀[0m[38;2;35;42;62m▀[0m    [38;2;42;47;75m▄[0m[38;2;47;53;87m▄[0m[38;2;47;53;88m[48;2;47;53;87m▀[0m[38;2;49;122;84m[48;2;66;167;115m▀[0m[38;2;81;78;114m[48;2;79;77;114m▀[0m[38;2;66;168;115m[48;2;65;169;115m▀[0m[38;2;65;168;115m[48;2;65;168;115m▀[0m[38;2;81;78;115m[48;2;80;78;114m▀[0m[38;2;80;78;114m[48;2;80;78;113m▀[0m[38;2;81;78;115m[48;2;80;78;114m▀[0m[38;2;80;78;114m▄[0m[38;2;33;31;39m▄[0m[38;2;9;10;12m[48;2;25;25;35m▀[0m[38;2;62;62;96m[48;2;82;79;115m▀[0m[38;2;47;53;88m[48;2;47;53;87m▀[0m           
     [38;2;81;78;115m▄[0m[38;2;82;79;116m▀[0m[38;2;83;80;119m▀[0m    [38;2;48;53;87m▄[0m[38;2;38;41;62m[48;2;47;53;87m▀[0m[38;2;47;53;87m[48;2;47;53;87m▀[0m[38;2;45;51;82m[48;2;47;53;87m▀[0m[38;2;47;53;88m[48;2;47;53;87m▀[0m[38;2;59;157;109m[48;2;34;51;59m▀[0m[38;2;79;77;112m[48;2;81;79;115m▀[0m[38;2;65;166;114m[48;2;65;167;114m▀[0m[38;2;51;47;68m[48;2;80;78;114m▀[0m[38;2;80;78;114m[48;2;82;79;116m▀[0m[38;2;111;103;132m[48;2;111;103;130m▀[0m[38;2;113;105;135m[48;2;73;69;85m▀[0m[38;2;112;105;133m[48;2;117;110;139m▀[0m[38;2;89;84;119m[48;2;114;107;136m▀[0m[38;2;39;38;49m[48;2;112;105;134m▀[0m[38;2;114;107;138m▀[0m[38;2;114;107;136m[48;2;114;107;136m▀[0m           
           [38;2;30;33;49m▄[0m[38;2;48;53;87m[48;2;48;53;87m▀[0m[38;2;48;53;87m[48;2;47;53;87m▀[0m[38;2;48;53;87m[48;2;47;53;87m▀[0m[38;2;47;53;87m[48;2;48;54;88m▀[0m[38;2;48;53;87m[48;2;48;53;86m▀[0m[38;2;48;53;87m[48;2;47;53;87m▀[0m[38;2;26;68;57m[48;2;48;53;87m▀[0m[38;2;38;105;83m[48;2;48;53;86m▀[0m[38;2;79;77;112m[48;2;48;53;87m▀[0m[38;2;78;77;112m[48;2;80;78;114m▀[0m[38;2;81;78;115m[48;2;80;78;113m▀[0m[38;2;114;107;136m[48;2;79;77;112m▀[0m[38;2;113;107;134m[48;2;114;108;138m▀[0m[38;2;113;107;134m[48;2;99;93;121m▀[0m[38;2;113;106;135m[48;2;113;106;135m▀[0m[38;2;112;106;134m▄[0m[38;2;114;106;136m▀[0m           
           [38;2;30;31;36m▀[0m[38;2;47;53;87m[48;2;48;53;87m▀[0m[38;2;48;53;86m[48;2;57;59;93m▀[0m[38;2;54;57;91m[48;2;80;78;114m▀[0m[38;2;79;77;113m[48;2;79;77;113m▀[0m[38;2;47;53;87m[48;2;27;39;55m▀[0m[38;2;27;39;55m▀[0m[38;2;29;40;58m[48;2;27;38;55m▀[0m[38;2;28;38;55m[48;2;27;38;54m▀[0m[38;2;49;54;88m[48;2;27;37;54m▀[0m[38;2;48;53;87m[48;2;27;39;55m▀[0m[38;2;80;78;113m[48;2;37;40;61m▀[0m[38;2;79;77;113m[48;2;48;53;87m▀[0m[38;2;113;106;135m[48;2;79;77;113m▀[0m[38;2;112;105;135m[48;2;102;95;126m▀[0m[38;2;112;105;135m[48;2;113;106;136m▀[0m[38;2;20;20;20m▀[0m            
            [38;2;48;54;88m▀[0m[38;2;58;60;93m[48;2;47;54;88m▀[0m[38;2;80;77;113m[48;2;81;76;115m▀[0m [38;2;47;54;88m▀[0m[38;2;49;54;89m▄[0m[38;2;45;52;85m[48;2;48;53;87m▀[0m[38;2;35;45;68m▀[0m [38;2;45;52;83m▀[0m[38;2;40;49;75m[48;2;47;53;87m▀[0m[38;2;39;44;70m▀[0m[38;2;66;66;99m[48;2;39;44;68m▀[0m[38;2;80;78;114m[48;2;79;77;112m▀[0m[38;2;92;87;121m[48;2;81;79;116m▀[0m             
            [38;2;26;35;39m▄[0m[38;2;47;54;89m[48;2;38;104;82m▀[0m[38;2;36;106;84m[48;2;37;103;81m▀[0m  [38;2;17;19;27m▀[0m[38;2;47;53;86m[48;2;37;43;67m▀[0m      [38;2;65;168;114m[48;2;65;168;115m▀[0m[38;2;65;64;91m[48;2;51;53;69m▀[0m             
         [38;2;38;66;55m▀[0m[38;2;36;105;83m▀[0m[38;2;37;105;83m▀[0m[38;2;36;103;82m▀[0m[38;2;37;103;81m▀[0m[38;2;39;104;82m▀[0m[38;2;34;106;83m▀[0m        [38;2;16;34;25m[48;2;36;87;61m▀[0m[38;2;66;168;115m[48;2;65;168;115m▀[0m[38;2;66;168;115m[48;2;131;184;136m▀[0m[38;2;153;194;149m[48;2;49;62;48m▀[0m[38;2;153;196;150m[48;2;152;195;149m▀[0m[38;2;88;114;87m▄[0m[38;2;156;200;154m▄[0m         
                          [38;2;68;175;119m▀[0m [38;2;37;47;37m▀[0m[38;2;157;204;156m▀[0m[38;2;153;197;151m▀[0m         
                                        
