                                        
                                        
                                        
          [38;2;181;169;199m▄[0m[38;2;237;233;232m▄[0m         [38;2;241;238;238m[48;2;235;232;230m▀[0m[38;2;238;235;231m▄[0m                 
           [38;2;237;233;232m[48;2;237;235;233m▀[0m[38;2;239;236;235m[48;2;240;237;236m▀[0m       [38;2;220;215;214m▀[0m[38;2;240;237;236m[48;2;179;166;196m▀[0m[38;2;236;233;231m[48;2;238;235;234m▀[0m[38;2;236;233;232m▄[0m[38;2;242;239;238m[48;2;236;232;230m▀[0m               
         [38;2;241;238;237m▀[0m[38;2;184;172;202m[48;2;238;234;232m▀[0m[38;2;201;191;215m[48;2;237;236;233m▀[0m[38;2;237;235;233m[48;2;229;226;228m▀[0m[38;2;238;235;234m[48;2;239;236;235m▀[0m [38;2;189;178;202m▄[0m  [38;2;189;176;203m▄[0m[38;2;237;233;232m[48;2;235;230;229m▀[0m[38;2;236;232;230m▄[0m[38;2;235;231;230m[48;2;236;232;231m▀[0m[38;2;235;232;230m[48;2;237;234;233m▀[0m[38;2;229;224;228m[48;2;221;218;216m▀[0m                
            [38;2;237;234;232m[48;2;235;232;230m▀[0m[38;2;238;236;235m[48;2;235;231;230m▀[0m[38;2;236;233;232m[48;2;238;234;233m▀[0m[38;2;225;220;224m▀[0m  [38;2;201;191;208m[48;2;232;227;226m▀[0m[38;2;229;224;224m[48;2;241;238;238m▀[0m[38;2;235;231;230m[48;2;234;230;229m▀[0m[38;2;233;229;228m[48;2;239;236;235m▀[0m[38;2;217;214;214m[48;2;203;198;200m▀[0m[38;2;180;168;194m▀[0m  [38;2;185;171;202m▄[0m[38;2;247;245;245m[48;2;247;245;244m▀[0m            
       [38;2;225;220;221m▀[0m[38;2;228;225;224m▀[0m[38;2;228;224;223m[48;2;212;207;209m▀[0m[38;2;178;167;196m[48;2;204;200;202m▀[0m[38;2;191;184;188m▄[0m[38;2;240;237;235m[48;2;194;188;190m▀[0m[38;2;231;227;226m[48;2;232;228;227m▀[0m[38;2;230;226;224m[48;2;228;223;223m▀[0m[38;2;206;197;211m[48;2;232;228;228m▀[0m[38;2;246;243;241m▄[0m[38;2;236;232;231m[48;2;235;231;229m▀[0m[38;2;245;244;242m[48;2;231;228;228m▀[0m[38;2;243;239;239m[48;2;231;227;227m▀[0m[38;2;237;234;231m[48;2;236;232;231m▀[0m[38;2;190;178;201m[48;2;237;233;232m▀[0m[38;2;194;187;191m[48;2;236;233;230m▀[0m   [38;2;203;194;216m▀[0m[38;2;247;244;243m[48;2;241;238;237m▀[0m[38;2;235;232;234m▄[0m[38;2;175;161;194m[48;2;239;237;236m▀[0m[38;2;212;204;220m[48;2;241;238;237m▀[0m[38;2;247;245;245m[48;2;246;244;244m▀[0m[38;2;249;249;250m[48;2;250;250;250m▀[0m[38;2;251;251;252m[48;2;252;252;252m▀[0m[38;2;248;247;247m▀[0m     
       [38;2;239;237;240m[48;2;244;242;240m▀[0m[38;2;247;246;243m▄[0m [38;2;187;180;185m▀[0m[38;2;186;180;184m▀[0m[38;2;194;187;190m▀[0m[38;2;195;190;190m[48;2;191;186;189m▀[0m[38;2;237;233;232m[48;2;238;234;231m▀[0m[38;2;242;239;238m[48;2;240;238;237m▀[0m[38;2;236;232;231m[48;2;236;233;231m▀[0m[38;2;236;232;231m[48;2;214;206;221m▀[0m[38;2;228;224;223m[48;2;249;248;247m▀[0m[38;2;248;246;244m[48;2;248;248;246m▀[0m[38;2;252;251;252m[48;2;254;254;254m▀[0m[38;2;243;242;242m[48;2;184;172;197m▀[0m[38;2;235;232;231m[48;2;213;206;221m▀[0m[38;2;238;235;234m[48;2;236;233;231m▀[0m[38;2;185;173;199m[48;2;239;237;234m▀[0m [38;2;240;237;237m▄[0m[38;2;240;238;237m[48;2;218;211;223m▀[0m[38;2;243;240;240m[48;2;238;236;234m▀[0m[38;2;243;241;240m[48;2;198;192;196m▀[0m[38;2;218;215;216m▄[0m         
    [38;2;240;237;236m▄[0m[38;2;218;211;223m[48;2;241;238;237m▀[0m[38;2;242;239;238m▄[0m[38;2;240;237;237m▄[0m[38;2;242;239;238m[48;2;237;234;232m▀[0m[38;2;190;178;202m[48;2;238;234;232m▀[0m    [38;2;235;232;230m[48;2;236;233;231m▀[0m[38;2;237;235;234m[48;2;235;232;230m▀[0m[38;2;221;216;216m[48;2;249;247;246m▀[0m[38;2;200;191;208m[48;2;250;250;249m▀[0m[38;2;255;255;254m[48;2;249;248;247m▀[0m[38;2;250;250;249m[48;2;248;244;244m▀[0m[38;2;249;247;247m[48;2;250;250;248m▀[0m[38;2;218;119;160m[48;2;154;152;152m▀[0m[38;2;207;199;215m[48;2;251;251;250m▀[0m[38;2;230;225;233m[48;2;255;255;255m▀[0m[38;2;250;249;249m[48;2;238;236;234m▀[0m[38;2;224;219;220m[48;2;205;198;200m▀[0m[38;2;234;231;230m[48;2;228;223;223m▀[0m[38;2;240;238;237m▀[0m [38;2;191;185;191m▀[0m[38;2;202;198;200m▀[0m[38;2;222;218;219m▀[0m        
      [38;2;239;235;234m▀[0m[38;2;239;236;234m▀[0m[38;2;228;222;228m[48;2;239;235;234m▀[0m[38;2;236;232;231m[48;2;239;236;235m▀[0m[38;2;239;237;235m▄[0m [38;2;240;238;236m[48;2;206;197;218m▀[0m[38;2;205;196;217m[48;2;235;231;230m▀[0m[38;2;234;230;228m[48;2;248;247;245m▀[0m[38;2;235;231;229m[48;2;243;240;238m▀[0m[38;2;250;250;249m[48;2;234;230;228m▀[0m[38;2;252;251;251m[48;2;249;247;247m▀[0m[38;2;252;252;253m[48;2;248;247;246m▀[0m[38;2;250;249;248m[48;2;253;253;253m▀[0m[38;2;248;248;246m[48;2;254;253;253m▀[0m[38;2;252;251;250m[48;2;252;251;251m▀[0m[38;2;248;247;246m[48;2;252;252;251m▀[0m[38;2;216;210;223m[48;2;212;205;213m▀[0m[38;2;243;242;241m[48;2;237;235;233m▀[0m               
      [38;2;222;216;226m▄[0m[38;2;242;240;239m▄[0m[38;2;217;210;220m[48;2;242;240;239m▀[0m[38;2;190;180;204m[48;2;238;236;234m▀[0m[38;2;203;193;209m[48;2;210;203;216m▀[0m[38;2;235;232;232m[48;2;239;235;236m▀[0m[38;2;232;228;227m[48;2;234;231;230m▀[0m[38;2;232;229;228m[48;2;235;232;231m▀[0m[38;2;223;219;220m[48;2;238;235;232m▀[0m[38;2;244;242;241m[48;2;220;215;226m▀[0m[38;2;204;196;211m[48;2;235;231;229m▀[0m[38;2;237;233;232m[48;2;236;233;230m▀[0m[38;2;251;249;248m[48;2;237;233;232m▀[0m[38;2;249;248;247m[48;2;237;234;232m▀[0m[38;2;249;248;247m[48;2;237;234;232m▀[0m[38;2;248;247;245m[48;2;235;232;231m▀[0m[38;2;230;226;225m[48;2;236;231;231m▀[0m[38;2;237;233;232m[48;2;237;233;232m▀[0m[38;2;237;232;230m[48;2;237;233;232m▀[0m[38;2;240;238;237m▄[0m[38;2;246;244;242m▄[0m             
     [38;2;241;238;238m▀[0m[38;2;240;237;236m▀[0m[38;2;243;240;239m▀[0m[38;2;184;172;202m▀[0m  [38;2;237;234;232m▀[0m   [38;2;184;173;198m▀[0m[38;2;235;231;230m▀[0m[38;2;237;234;232m[48;2;234;231;229m▀[0m[38;2;235;230;229m[48;2;236;232;231m▀[0m[38;2;237;234;233m[48;2;246;243;241m▀[0m[38;2;237;233;233m[48;2;244;242;238m▀[0m[38;2;237;233;232m[48;2;234;231;228m▀[0m[38;2;236;232;231m[48;2;238;235;234m▀[0m[38;2;235;232;230m[48;2;237;234;233m▀[0m[38;2;168;152;187m▀[0m               
                  [38;2;235;231;229m[48;2;168;154;183m▀[0m[38;2;206;197;215m[48;2;234;231;229m▀[0m[38;2;234;229;233m[48;2;237;234;232m▀[0m[38;2;235;232;230m[48;2;239;237;236m▀[0m[38;2;234;231;229m[48;2;236;233;231m▀[0m[38;2;188;177;199m▀[0m                
                   [38;2;239;236;235m[48;2;238;234;233m▀[0m[38;2;237;235;233m[48;2;235;231;230m▀[0m[38;2;240;237;236m▀[0m                  
                  [38;2;237;234;233m[48;2;239;235;235m▀[0m[38;2;237;233;232m[48;2;235;233;231m▀[0m[38;2;239;235;235m[48;2;235;231;229m▀[0m[38;2;165;153;176m▄[0m[38;2;117;119;119m▄[0m[38;2;234;230;228m▄[0m                
               [38;2;34;34;34m[48;2;198;195;193m▀[0m[38;2;140;143;144m[48;2;199;195;197m▀[0m[38;2;155;150;162m[48;2;239;237;236m▀[0m[38;2;171;163;179m[48;2;238;235;235m▀[0m[38;2;231;226;227m[48;2;238;235;235m▀[0m[38;2;239;235;234m[48;2;237;234;233m▀[0m[38;2;238;234;233m[48;2;100;97;98m▀[0m[38;2;242;238;237m[48;2;254;255;255m▀[0m[38;2;122;124;124m[48;2;251;252;251m▀[0m[38;2;57;55;55m▀[0m               
               [38;2;157;155;155m▀[0m[38;2;239;237;236m▀[0m[38;2;246;245;244m[48;2;202;200;198m▀[0m[38;2;243;240;238m[48;2;165;163;162m▀[0m[38;2;107;105;105m[48;2;159;159;159m▀[0m[38;2;250;247;246m[48;2;163;162;162m▀[0m[38;2;168;167;168m[48;2;241;239;238m▀[0m[38;2;250;250;250m[48;2;236;234;232m▀[0m[38;2;239;236;235m▀[0m                
                  [38;2;160;159;158m▀[0m[38;2;101;100;99m▀[0m[38;2;170;169;168m▀[0m[38;2;36;34;34m▀[0m                  
                                        
