                                        
                                        
                                        
          [38;2;181;169;199m▄[0m[38;2;237;233;232m▄[0m         [38;2;241;238;238m[48;2;235;232;230m▀[0m[38;2;238;235;231m▄[0m                 
           [38;2;237;233;232m[48;2;237;235;233m▀[0m[38;2;239;236;235m[48;2;240;237;236m▀[0m       [38;2;220;215;214m▀[0m[38;2;240;237;236m[48;2;179;166;196m▀[0m[38;2;236;233;231m[48;2;238;235;234m▀[0m[38;2;236;233;232m▄[0m[38;2;242;239;238m[48;2;236;232;230m▀[0m               
         [38;2;241;238;237m▀[0m[38;2;184;172;204m[48;2;238;234;232m▀[0m[38;2;200;191;215m[48;2;237;236;233m▀[0m[38;2;237;235;233m[48;2;229;226;228m▀[0m[38;2;238;235;234m[48;2;239;236;235m▀[0m [38;2;189;178;202m▄[0m  [38;2;189;176;203m▄[0m[38;2;237;233;232m[48;2;235;230;229m▀[0m[38;2;236;232;230m▄[0m[38;2;235;231;230m[48;2;236;232;231m▀[0m[38;2;235;232;230m[48;2;237;234;233m▀[0m[38;2;229;224;228m[48;2;221;218;216m▀[0m                
            [38;2;237;234;232m[48;2;235;232;230m▀[0m[38;2;238;236;235m[48;2;235;231;230m▀[0m[38;2;236;233;232m[48;2;238;234;233m▀[0m[38;2;225;220;224m▀[0m  [38;2;201;191;208m[48;2;232;227;226m▀[0m[38;2;229;224;224m[48;2;241;238;238m▀[0m[38;2;235;231;230m[48;2;234;230;229m▀[0m[38;2;233;229;228m[48;2;239;236;235m▀[0m[38;2;217;214;214m[48;2;203;198;200m▀[0m[38;2;180;168;194m▀[0m  [38;2;185;171;202m▄[0m[38;2;247;245;245m[48;2;247;245;244m▀[0m            
       [38;2;225;220;221m▀[0m[38;2;228;225;224m▀[0m[38;2;228;224;223m[48;2;212;207;209m▀[0m[38;2;178;167;196m[48;2;204;200;202m▀[0m[38;2;191;184;188m▄[0m[38;2;240;237;235m[48;2;194;188;190m▀[0m[38;2;231;227;226m[48;2;232;228;227m▀[0m[38;2;230;226;224m[48;2;228;223;223m▀[0m[38;2;206;197;211m[48;2;232;228;228m▀[0m[38;2;246;243;241m▄[0m[38;2;236;232;231m[48;2;235;231;229m▀[0m[38;2;245;244;242m[48;2;231;228;228m▀[0m[38;2;243;239;239m[48;2;231;227;227m▀[0m[38;2;237;234;231m[48;2;236;232;231m▀[0m[38;2;190;178;201m[48;2;237;233;232m▀[0m[38;2;194;187;191m[48;2;236;233;230m▀[0m   [38;2;203;194;216m▀[0m[38;2;247;244;243m[48;2;241;238;237m▀[0m[38;2;235;232;234m▄[0m[38;2;175;161;194m[48;2;239;237;236m▀[0m[38;2;212;204;220m[48;2;241;238;237m▀[0m[38;2;247;245;245m[48;2;246;244;244m▀[0m[38;2;249;249;250m[48;2;250;250;250m▀[0m[38;2;251;251;252m[48;2;252;252;252m▀[0m[38;2;248;247;247m▀[0m     
       [38;2;239;237;240m[48;2;244;242;240m▀[0m[38;2;247;246;243m▄[0m [38;2;187;180;185m▀[0m[38;2;186;180;184m▀[0m[38;2;194;187;190m▀[0m[38;2;195;190;190m[48;2;191;186;189m▀[0m[38;2;237;233;232m[48;2;238;234;231m▀[0m[38;2;242;239;238m[48;2;240;238;237m▀[0m[38;2;236;232;231m[48;2;236;233;231m▀[0m[38;2;236;232;231m[48;2;204;197;211m▀[0m[38;2;225;222;221m[48;2;214;213;212m▀[0m[38;2;212;211;209m[48;2;213;212;211m▀[0m[38;2;218;217;218m[48;2;220;220;220m▀[0m[38;2;126;125;136m[48;2;147;139;161m▀[0m[38;2;235;232;231m[48;2;213;206;221m▀[0m[38;2;238;235;234m[48;2;236;233;231m▀[0m[38;2;185;172;199m[48;2;239;237;234m▀[0m [38;2;240;237;237m▄[0m[38;2;240;238;237m[48;2;218;211;223m▀[0m[38;2;243;240;240m[48;2;238;236;234m▀[0m[38;2;243;241;240m[48;2;198;192;196m▀[0m[38;2;218;215;216m▄[0m         
    [38;2;240;237;236m▄[0m[38;2;218;211;223m[48;2;241;238;237m▀[0m[38;2;242;239;238m▄[0m[38;2;240;237;237m▄[0m[38;2;242;239;238m[48;2;237;234;232m▀[0m[38;2;191;178;202m[48;2;238;234;232m▀[0m    [38;2;235;232;230m[48;2;236;233;231m▀[0m[38;2;237;235;234m[48;2;235;232;230m▀[0m[38;2;221;216;216m[48;2;213;212;211m▀[0m[38;2;198;189;206m[48;2;215;215;214m▀[0m[38;2;112;115;123m[48;2;95;100;105m▀[0m[38;2;96;102;107m[48;2;102;108;113m▀[0m[38;2;93;98;103m[48;2;96;101;105m▀[0m[38;2;181;141;205m[48;2;82;83;85m▀[0m[38;2;137;133;150m[48;2;98;104;109m▀[0m[38;2;210;206;214m[48;2;105;111;117m▀[0m[38;2;250;249;249m[48;2;238;236;234m▀[0m[38;2;224;219;220m[48;2;205;198;200m▀[0m[38;2;234;231;230m[48;2;228;223;223m▀[0m[38;2;240;238;237m▀[0m [38;2;191;185;191m▀[0m[38;2;202;198;200m▀[0m[38;2;222;218;219m▀[0m        
      [38;2;239;235;234m▀[0m[38;2;239;236;234m▀[0m[38;2;228;222;228m[48;2;239;235;234m▀[0m[38;2;236;232;231m[48;2;239;236;235m▀[0m[38;2;239;237;235m▄[0m [38;2;240;238;236m[48;2;206;197;216m▀[0m[38;2;203;196;217m[48;2;235;231;230m▀[0m[38;2;234;230;228m[48;2;248;247;245m▀[0m[38;2;235;231;229m[48;2;243;240;238m▀[0m[38;2;215;215;214m[48;2;227;224;222m▀[0m[38;2;217;216;217m[48;2;213;212;212m▀[0m[38;2;101;106;113m[48;2;94;99;103m▀[0m[38;2;95;100;105m[48;2;102;108;114m▀[0m[38;2;94;99;103m[48;2;220;219;219m▀[0m[38;2;217;216;216m[48;2;217;217;217m▀[0m[38;2;93;98;103m[48;2;218;217;217m▀[0m[38;2;198;193;204m[48;2;212;205;213m▀[0m[38;2;243;242;241m[48;2;237;235;233m▀[0m               
      [38;2;222;216;226m▄[0m[38;2;242;240;239m▄[0m[38;2;217;210;220m[48;2;242;240;239m▀[0m[38;2;190;180;204m[48;2;238;236;234m▀[0m[38;2;203;193;209m[48;2;210;203;216m▀[0m[38;2;235;232;232m[48;2;239;235;236m▀[0m[38;2;232;228;227m[48;2;234;231;230m▀[0m[38;2;232;229;228m[48;2;235;232;231m▀[0m[38;2;223;219;220m[48;2;238;235;232m▀[0m[38;2;244;242;241m[48;2;220;215;226m▀[0m[38;2;204;196;211m[48;2;235;231;229m▀[0m[38;2;224;221;220m[48;2;236;233;230m▀[0m[38;2;216;214;214m[48;2;237;233;232m▀[0m[38;2;214;213;212m[48;2;237;234;232m▀[0m[38;2;214;213;212m[48;2;237;234;232m▀[0m[38;2;214;213;211m[48;2;235;232;231m▀[0m[38;2;230;226;225m[48;2;236;231;231m▀[0m[38;2;237;233;232m[48;2;237;233;232m▀[0m[38;2;237;232;230m[48;2;237;233;232m▀[0m[38;2;240;238;237m▄[0m[38;2;246;244;242m▄[0m             
     [38;2;241;238;238m▀[0m[38;2;240;237;236m▀[0m[38;2;243;240;239m▀[0m[38;2;184;172;202m▀[0m  [38;2;237;234;232m▀[0m   [38;2;184;173;198m▀[0m[38;2;235;231;230m▀[0m[38;2;237;234;232m[48;2;234;231;229m▀[0m[38;2;235;230;229m[48;2;236;232;231m▀[0m[38;2;237;234;233m[48;2;246;243;241m▀[0m[38;2;237;233;233m[48;2;244;242;238m▀[0m[38;2;237;233;232m[48;2;234;231;228m▀[0m[38;2;236;232;231m[48;2;238;235;234m▀[0m[38;2;235;232;230m[48;2;237;234;233m▀[0m[38;2;168;152;187m▀[0m               
                  [38;2;235;231;229m[48;2;168;154;183m▀[0m[38;2;206;197;215m[48;2;234;231;229m▀[0m[38;2;234;229;233m[48;2;237;234;232m▀[0m[38;2;235;232;230m[48;2;239;237;236m▀[0m[38;2;234;231;229m[48;2;236;233;231m▀[0m[38;2;188;177;199m▀[0m                
                   [38;2;239;236;235m[48;2;238;234;233m▀[0m[38;2;237;235;233m[48;2;235;231;230m▀[0m[38;2;240;237;236m▀[0m                  
                  [38;2;237;234;233m[48;2;239;235;235m▀[0m[38;2;237;233;232m[48;2;235;233;231m▀[0m[38;2;239;235;235m[48;2;235;231;229m▀[0m[38;2;140;130;154m▄[0m[38;2;51;58;61m▄[0m[38;2;102;107;112m▄[0m                
               [38;2;14;14;14m[48;2;86;89;93m▀[0m[38;2;61;69;74m[48;2;180;178;179m▀[0m[38;2;82;82;98m[48;2;239;237;236m▀[0m[38;2;123;118;136m[48;2;238;235;235m▀[0m[38;2;231;226;227m[48;2;238;235;235m▀[0m[38;2;239;235;234m[48;2;237;234;233m▀[0m[38;2;238;234;233m[48;2;56;56;56m▀[0m[38;2;242;238;237m[48;2;137;144;151m▀[0m[38;2;54;59;63m[48;2;131;139;144m▀[0m[38;2;17;17;17m▀[0m               
               [38;2;68;71;76m▀[0m[38;2;110;115;121m▀[0m[38;2;122;129;134m[48;2;86;92;97m▀[0m[38;2;115;120;125m[48;2;69;73;77m▀[0m[38;2;35;36;37m[48;2;159;159;159m▀[0m[38;2;127;132;137m[48;2;163;162;162m▀[0m[38;2;136;136;138m[48;2;114;119;126m▀[0m[38;2;130;138;143m[48;2;106;112;117m▀[0m[38;2;109;114;120m▀[0m                
                  [38;2;69;74;78m▀[0m[38;2;74;76;77m▀[0m[38;2;73;78;82m▀[0m[38;2;23;22;22m▀[0m                  
                                        
