                                        
                                        
                                        
                                        
                                        
    [38;2;240;235;205m▄[0m[38;2;238;232;202m▄[0m[38;2;236;229;198m▄[0m           [38;2;239;234;209m[48;2;248;243;221m▀[0m[38;2;242;237;212m[48;2;244;238;213m▀[0m[38;2;240;234;207m[48;2;240;234;204m▀[0m[38;2;185;168;130m[48;2;241;236;208m▀[0m      [38;2;181;164;123m▄[0m           
    [38;2;212;200;172m▀[0m[38;2;220;208;178m▀[0m[38;2;218;208;182m▀[0m  [38;2;179;162;123m[48;2;248;244;224m▀[0m[38;2;245;239;216m[48;2;243;238;212m▀[0m[38;2;192;177;141m[48;2;242;237;209m▀[0m[38;2;181;165;125m▄[0m   [38;2;208;194;163m▄[0m[38;2;201;187;155m▄[0m[38;2;240;233;204m[48;2;235;228;199m▀[0m[38;2;238;230;200m[48;2;236;229;199m▀[0m[38;2;240;234;204m[48;2;235;228;200m▀[0m[38;2;238;231;203m[48;2;234;227;197m▀[0m [38;2;203;189;156m▄[0m[38;2;203;189;157m[48;2;202;188;156m▀[0m[38;2;180;164;125m[48;2;205;191;158m▀[0m[38;2;200;187;152m[48;2;237;230;199m▀[0m[38;2;246;243;224m[48;2;239;233;203m▀[0m[38;2;237;231;202m[48;2;238;232;203m▀[0m[38;2;243;237;212m[48;2;237;231;200m▀[0m          
         [38;2;250;246;227m[48;2;241;236;208m▀[0m[38;2;242;236;209m[48;2;241;235;209m▀[0m[38;2;241;236;209m[48;2;240;235;208m▀[0m[38;2;241;236;208m[48;2;240;234;207m▀[0m  [38;2;181;164;125m▀[0m[38;2;203;190;158m[48;2;205;190;158m▀[0m[38;2;204;190;158m[48;2;204;189;155m▀[0m[38;2;234;226;195m[48;2;237;230;198m▀[0m[38;2;235;228;198m[48;2;237;231;200m▀[0m[38;2;235;228;197m[48;2;238;231;202m▀[0m[38;2;236;230;200m[48;2;239;232;202m▀[0m[38;2;184;167;129m[48;2;239;232;201m▀[0m[38;2;207;192;160m[48;2;236;229;195m▀[0m[38;2;209;195;162m[48;2;236;227;193m▀[0m[38;2;237;229;196m[48;2;236;228;195m▀[0m[38;2;237;230;200m[48;2;237;230;198m▀[0m[38;2;239;232;203m[48;2;235;228;197m▀[0m[38;2;236;229;199m[48;2;239;233;204m▀[0m[38;2;187;172;134m▀[0m          
         [38;2;207;194;161m▄[0m[38;2;239;232;204m[48;2;237;230;199m▀[0m[38;2;242;237;212m[48;2;237;230;199m▀[0m[38;2;240;234;205m[48;2;237;231;199m▀[0m[38;2;236;228;196m[48;2;236;229;197m▀[0m[38;2;236;228;196m▄[0m[38;2;238;230;198m▄[0m[38;2;207;193;160m[48;2;239;231;200m▀[0m[38;2;235;227;196m[48;2;242;237;208m▀[0m[38;2;238;232;201m[48;2;243;237;210m▀[0m[38;2;240;234;206m[48;2;246;241;219m▀[0m[38;2;241;235;208m[48;2;244;238;212m▀[0m[38;2;246;242;220m[48;2;246;242;220m▀[0m[38;2;244;239;214m[48;2;246;242;219m▀[0m[38;2;237;230;199m[48;2;240;234;204m▀[0m[38;2;238;231;199m[48;2;239;232;202m▀[0m[38;2;237;230;199m[48;2;242;237;210m▀[0m[38;2;237;230;198m[48;2;237;231;199m▀[0m[38;2;235;228;197m[48;2;239;232;202m▀[0m[38;2;181;164;125m▀[0m  [38;2;181;165;126m▄[0m[38;2;248;244;223m▄[0m[38;2;239;232;201m▄[0m      
         [38;2;248;245;226m[48;2;191;175;138m▀[0m[38;2;241;236;207m[48;2;235;228;196m▀[0m[38;2;238;231;200m[48;2;237;231;200m▀[0m[38;2;237;231;200m[48;2;236;230;199m▀[0m[38;2;236;230;199m[48;2;237;231;200m▀[0m[38;2;238;232;201m[48;2;239;233;201m▀[0m[38;2;240;234;205m[48;2;245;241;217m▀[0m[38;2;245;240;216m[48;2;249;245;226m▀[0m[38;2;249;245;225m[48;2;249;245;227m▀[0m[38;2;249;246;228m[48;2;249;245;227m▀[0m[38;2;247;243;221m[48;2;246;243;220m▀[0m[38;2;241;236;207m[48;2;242;236;208m▀[0m[38;2;241;236;207m[48;2;241;236;208m▀[0m[38;2;240;235;205m[48;2;240;233;204m▀[0m[38;2;240;234;205m[48;2;240;234;205m▀[0m[38;2;239;233;204m[48;2;239;233;204m▀[0m[38;2;238;231;201m[48;2;238;232;202m▀[0m[38;2;238;231;200m[48;2;238;232;200m▀[0m[38;2;240;234;203m[48;2;237;231;200m▀[0m[38;2;249;245;227m▄[0m [38;2;237;231;200m▄[0m[38;2;237;231;200m[48;2;236;229;198m▀[0m[38;2;238;232;201m[48;2;236;229;198m▀[0m[38;2;240;235;208m[48;2;245;241;220m▀[0m      
           [38;2;212;200;167m▀[0m[38;2;236;229;199m▀[0m[38;2;238;231;200m[48;2;239;233;206m▀[0m[38;2;241;235;206m[48;2;239;232;203m▀[0m[38;2;246;242;222m[48;2;245;242;220m▀[0m[38;2;249;245;228m[48;2;248;244;226m▀[0m[38;2;249;246;228m[48;2;249;245;227m▀[0m[38;2;248;245;226m[48;2;245;241;220m▀[0m[38;2;244;239;214m[48;2;241;235;208m▀[0m[38;2;240;234;208m[48;2;241;235;207m▀[0m[38;2;241;236;207m[48;2;241;236;208m▀[0m[38;2;239;233;204m[48;2;239;233;204m▀[0m[38;2;240;234;204m[48;2;239;233;204m▀[0m[38;2;239;233;203m[48;2;245;242;233m▀[0m[38;2;237;231;200m[48;2;217;206;174m▀[0m[38;2;237;231;200m[48;2;236;230;199m▀[0m[38;2;236;229;198m[48;2;236;229;198m▀[0m[38;2;236;229;198m[48;2;234;227;195m▀[0m[38;2;191;177;138m▄[0m[38;2;236;229;198m[48;2;236;228;196m▀[0m[38;2;235;228;197m[48;2;240;234;210m▀[0m[38;2;244;239;217m▀[0m       
             [38;2;247;243;225m[48;2;250;246;228m▀[0m[38;2;238;232;202m[48;2;239;233;204m▀[0m[38;2;245;240;217m[48;2;238;232;202m▀[0m[38;2;246;243;222m[48;2;244;238;213m▀[0m[38;2;247;243;222m[48;2;254;253;247m▀[0m[38;2;244;239;215m[48;2;241;235;207m▀[0m[38;2;240;234;206m[48;2;240;234;206m▀[0m[38;2;240;234;205m[48;2;240;234;205m▀[0m[38;2;240;234;205m[48;2;240;234;204m▀[0m[38;2;239;233;204m[48;2;239;232;202m▀[0m[38;2;239;233;203m[48;2;238;231;200m▀[0m[38;2;255;254;250m[48;2;253;252;247m▀[0m[38;2;253;251;246m[48;2;253;251;246m▀[0m[38;2;237;230;199m[48;2;237;231;199m▀[0m[38;2;236;229;198m[48;2;238;232;201m▀[0m[38;2;237;230;199m[48;2;239;232;200m▀[0m[38;2;236;229;198m[48;2;240;234;204m▀[0m[38;2;241;236;213m▀[0m         
        [38;2;182;165;126m▄[0m[38;2;238;231;200m[48;2;232;224;193m▀[0m[38;2;242;236;210m[48;2;237;231;199m▀[0m[38;2;194;180;142m[48;2;237;230;200m▀[0m[38;2;236;230;199m▄[0m[38;2;246;242;220m[48;2;224;215;182m▀[0m[38;2;237;231;200m[48;2;236;230;198m▀[0m[38;2;240;234;206m[48;2;236;230;199m▀[0m[38;2;241;235;208m[48;2;238;231;200m▀[0m[38;2;255;255;255m[48;2;255;255;255m▀[0m[38;2;197;181;147m[48;2;200;186;154m▀[0m[38;2;239;233;202m[48;2;237;231;200m▀[0m[38;2;239;232;202m[48;2;238;231;200m▀[0m[38;2;238;232;200m[48;2;240;233;202m▀[0m[38;2;237;231;200m[48;2;239;233;202m▀[0m[38;2;238;231;199m[48;2;239;232;201m▀[0m[38;2;238;232;201m[48;2;238;231;200m▀[0m[38;2;238;232;201m[48;2;238;231;200m▀[0m[38;2;238;232;201m[48;2;237;229;198m▀[0m[38;2;239;232;200m[48;2;225;215;185m▀[0m[38;2;237;229;198m[48;2;183;167;128m▀[0m[38;2;178;163;123m▀[0m          
         [38;2;222;212;188m▀[0m[38;2;222;211;179m[48;2;220;210;185m▀[0m[38;2;236;228;195m[48;2;215;202;173m▀[0m[38;2;235;228;196m[48;2;210;197;164m▀[0m[38;2;238;231;200m[48;2;221;210;177m▀[0m[38;2;236;230;198m[48;2;225;215;182m▀[0m[38;2;237;230;198m[48;2;227;217;186m▀[0m[38;2;237;230;199m[48;2;229;220;188m▀[0m[38;2;236;230;199m[48;2;229;220;188m▀[0m[38;2;238;232;200m[48;2;226;216;184m▀[0m[38;2;238;232;201m[48;2;224;213;181m▀[0m[38;2;238;231;200m[48;2;223;213;181m▀[0m[38;2;237;230;198m[48;2;222;210;178m▀[0m[38;2;237;230;197m[48;2;216;203;170m▀[0m[38;2;237;229;196m[48;2;213;199;165m▀[0m[38;2;227;216;185m[48;2;213;198;166m▀[0m[38;2;223;212;180m[48;2;216;205;178m▀[0m[38;2;213;199;169m▀[0m[38;2;180;164;123m▀[0m            
               [38;2;212;199;169m▀[0m[38;2;208;194;163m▀[0m[38;2;209;195;164m[48;2;227;218;195m▀[0m[38;2;210;196;165m[48;2;226;217;195m▀[0m[38;2;211;199;169m[48;2;226;217;194m▀[0m[38;2;210;198;169m[48;2;212;199;172m▀[0m[38;2;213;201;173m[48;2;180;162;123m▀[0m[38;2;217;205;178m▀[0m[38;2;223;214;190m▀[0m                
                                        
                                        
                                        
                                        
                                        
