                                        
                                        
                                        
                                        
                                        
    [38;2;252;253;246m▄[0m[38;2;250;250;245m▄[0m[38;2;248;247;240m▄[0m           [38;2;248;249;250m[48;2;254;254;255m▀[0m[38;2;251;252;254m[48;2;253;253;254m▀[0m[38;2;249;249;249m[48;2;249;249;246m▀[0m[38;2;190;178;155m[48;2;250;251;250m▀[0m      [38;2;187;174;149m▄[0m           
    [38;2;222;216;208m▀[0m[38;2;231;224;216m▀[0m[38;2;229;224;221m▀[0m  [38;2;185;173;146m[48;2;254;254;255m▀[0m[38;2;254;254;255m[48;2;252;253;254m▀[0m[38;2;199;189;169m[48;2;251;252;251m▀[0m[38;2;187;175;151m▄[0m   [38;2;216;207;195m▄[0m[38;2;209;199;186m▄[0m[38;2;249;248;245m[48;2;244;242;240m▀[0m[38;2;247;245;241m[48;2;245;243;240m▀[0m[38;2;249;249;246m[48;2;244;242;240m▀[0m[38;2;247;246;244m[48;2;242;241;237m▀[0m [38;2;210;200;190m▄[0m[38;2;210;200;190m[48;2;209;199;189m▀[0m[38;2;187;174;148m[48;2;212;202;191m▀[0m[38;2;207;199;182m[48;2;245;244;239m▀[0m[38;2;254;254;255m[48;2;248;248;244m▀[0m[38;2;246;246;243m[48;2;247;247;244m▀[0m[38;2;252;252;254m[48;2;246;245;240m▀[0m          
         [38;2;254;254;255m[48;2;250;251;251m▀[0m[38;2;251;251;252m[48;2;250;250;251m▀[0m[38;2;250;251;251m[48;2;250;250;250m▀[0m[38;2;250;251;250m[48;2;249;250;249m▀[0m  [38;2;187;173;150m▀[0m[38;2;211;202;189m[48;2;213;203;189m▀[0m[38;2;212;203;190m[48;2;212;201;186m▀[0m[38;2;242;240;234m[48;2;245;244;239m▀[0m[38;2;243;242;238m[48;2;246;245;240m▀[0m[38;2;243;242;237m[48;2;247;246;243m▀[0m[38;2;245;244;240m[48;2;248;247;243m▀[0m[38;2;190;178;155m[48;2;248;246;241m▀[0m[38;2;214;204;192m[48;2;244;243;234m▀[0m[38;2;216;207;194m[48;2;244;241;232m▀[0m[38;2;245;243;236m[48;2;244;242;234m▀[0m[38;2;246;244;240m[48;2;245;244;239m▀[0m[38;2;248;247;244m[48;2;243;242;237m▀[0m[38;2;244;243;239m[48;2;248;248;245m▀[0m[38;2;194;183;161m▀[0m          
         [38;2;214;206;193m▄[0m[38;2;247;247;245m[48;2;245;244;239m▀[0m[38;2;251;252;254m[48;2;245;244;239m▀[0m[38;2;249;249;246m[48;2;245;245;239m▀[0m[38;2;244;243;236m[48;2;244;243;237m▀[0m[38;2;244;242;235m▄[0m[38;2;246;244;238m▄[0m[38;2;215;206;191m[48;2;247;245;240m▀[0m[38;2;243;241;236m[48;2;251;252;250m▀[0m[38;2;247;246;243m[48;2;252;252;253m▀[0m[38;2;249;250;247m[48;2;254;254;255m▀[0m[38;2;250;250;250m[48;2;253;253;254m▀[0m[38;2;254;254;255m[48;2;254;254;255m▀[0m[38;2;253;254;255m[48;2;254;254;255m▀[0m[38;2;245;244;240m[48;2;249;249;245m▀[0m[38;2;246;245;240m[48;2;248;247;243m▀[0m[38;2;245;244;239m[48;2;251;252;252m▀[0m[38;2;245;244;238m[48;2;246;245;240m▀[0m[38;2;243;242;237m[48;2;248;246;243m▀[0m[38;2;186;174;150m▀[0m  [38;2;187;175;152m▄[0m[38;2;254;254;255m▄[0m[38;2;248;246;241m▄[0m      
         [38;2;254;254;255m[48;2;197;186;166m▀[0m[38;2;250;251;249m[48;2;243;242;236m▀[0m[38;2;247;245;240m[48;2;246;245;240m▀[0m[38;2;246;245;240m[48;2;244;244;239m▀[0m[38;2;244;244;239m[48;2;246;245;240m▀[0m[38;2;247;246;242m[48;2;248;247;243m▀[0m[38;2;249;249;246m[48;2;254;254;255m▀[0m[38;2;254;254;255m[48;2;254;254;255m▀[0m[38;2;254;254;255m[48;2;254;254;255m▀[0m[38;2;254;254;255m[48;2;254;254;255m▀[0m[38;2;254;254;255m[48;2;254;254;255m▀[0m[38;2;250;251;250m[48;2;251;251;250m▀[0m[38;2;250;251;248m[48;2;250;251;250m▀[0m[38;2;249;250;247m[48;2;249;248;245m▀[0m[38;2;249;249;246m[48;2;249;250;246m▀[0m[38;2;248;248;245m[48;2;248;248;245m▀[0m[38;2;247;246;242m[48;2;247;247;243m▀[0m[38;2;247;245;240m[48;2;247;246;240m▀[0m[38;2;249;249;244m[48;2;247;245;240m▀[0m[38;2;254;254;255m▄[0m [38;2;246;245;240m▄[0m[38;2;246;245;240m[48;2;244;243;238m▀[0m[38;2;247;246;241m[48;2;244;243;238m▀[0m[38;2;250;250;250m[48;2;254;254;255m▀[0m      
           [38;2;219;212;201m▀[0m[38;2;244;243;239m▀[0m[38;2;247;245;240m[48;2;248;248;247m▀[0m[38;2;250;250;247m[48;2;248;247;244m▀[0m[38;2;254;254;255m[48;2;254;254;255m▀[0m[38;2;254;254;255m[48;2;254;254;255m▀[0m[38;2;254;254;255m[48;2;254;254;255m▀[0m[38;2;254;254;255m[48;2;254;254;255m▀[0m[38;2;253;254;255m[48;2;250;251;250m▀[0m[38;2;250;250;250m[48;2;250;250;248m▀[0m[38;2;250;251;250m[48;2;250;251;251m▀[0m[38;2;248;248;245m[48;2;248;248;245m▀[0m[38;2;249;249;246m[48;2;248;248;245m▀[0m[38;2;248;248;244m[48;2;185;190;191m▀[0m[38;2;246;245;240m[48;2;237;231;210m▀[0m[38;2;246;245;240m[48;2;244;244;239m▀[0m[38;2;244;243;238m[48;2;244;243;238m▀[0m[38;2;244;243;238m[48;2;242;241;234m▀[0m[38;2;198;188;166m▄[0m[38;2;244;243;238m[48;2;244;242;236m▀[0m[38;2;243;242;237m[48;2;249;249;252m▀[0m[38;2;253;253;255m▀[0m       
             [38;2;254;254;255m[48;2;254;254;255m▀[0m[38;2;247;247;243m[48;2;248;248;245m▀[0m[38;2;254;254;255m[48;2;247;247;243m▀[0m[38;2;254;254;255m[48;2;253;253;255m▀[0m[38;2;254;254;255m[48;2;157;163;162m▀[0m[38;2;253;254;255m[48;2;250;250;249m▀[0m[38;2;249;250;248m[48;2;249;249;247m▀[0m[38;2;249;249;246m[48;2;249;249;246m▀[0m[38;2;249;249;246m[48;2;249;249;245m▀[0m[38;2;248;248;245m[48;2;248;247;243m▀[0m[38;2;248;248;244m[48;2;247;245;240m▀[0m[38;2;157;163;169m[48;2;155;160;165m▀[0m[38;2;155;160;165m[48;2;155;160;165m▀[0m[38;2;245;244;239m[48;2;246;245;240m▀[0m[38;2;244;243;238m[48;2;247;246;241m▀[0m[38;2;245;244;239m[48;2;248;246;241m▀[0m[38;2;244;243;238m[48;2;249;249;245m▀[0m[38;2;250;251;254m▀[0m         
        [38;2;188;175;151m▄[0m[38;2;246;245;240m[48;2;240;238;232m▀[0m[38;2;251;251;251m[48;2;245;245;239m▀[0m[38;2;201;191;171m[48;2;245;244;240m▀[0m[38;2;244;244;239m▄[0m[38;2;254;254;255m[48;2;232;228;219m▀[0m[38;2;246;245;240m[48;2;244;244;238m▀[0m[38;2;249;249;248m[48;2;244;244;239m▀[0m[38;2;250;250;250m[48;2;246;245;240m▀[0m[38;2;154;160;166m[48;2;154;160;166m▀[0m[38;2;227;217;179m[48;2;228;218;185m▀[0m[38;2;248;248;243m[48;2;246;245;240m▀[0m[38;2;248;247;243m[48;2;247;245;240m▀[0m[38;2;247;246;241m[48;2;249;248;243m▀[0m[38;2;246;245;240m[48;2;248;248;243m▀[0m[38;2;246;245;240m[48;2;248;246;242m▀[0m[38;2;247;246;242m[48;2;246;245;240m▀[0m[38;2;247;246;242m[48;2;247;245;240m▀[0m[38;2;247;246;242m[48;2;245;244;238m▀[0m[38;2;248;246;241m[48;2;233;228;223m▀[0m[38;2;245;243;238m[48;2;190;177;154m▀[0m[38;2;184;171;146m▀[0m          
         [38;2;230;225;226m▀[0m[38;2;230;224;216m[48;2;228;223;223m▀[0m[38;2;244;242;235m[48;2;222;214;208m▀[0m[38;2;244;242;236m[48;2;217;209;198m▀[0m[38;2;247;245;241m[48;2;229;223;214m▀[0m[38;2;244;244;238m[48;2;233;228;219m▀[0m[38;2;245;244;238m[48;2;235;230;224m▀[0m[38;2;245;244;239m[48;2;237;234;226m▀[0m[38;2;245;244;239m[48;2;237;234;226m▀[0m[38;2;247;246;240m[48;2;234;229;222m▀[0m[38;2;247;246;242m[48;2;232;226;218m▀[0m[38;2;247;245;240m[48;2;231;226;218m▀[0m[38;2;245;244;239m[48;2;230;223;215m▀[0m[38;2;245;244;238m[48;2;223;216;206m▀[0m[38;2;245;243;236m[48;2;220;211;200m▀[0m[38;2;235;229;223m[48;2;220;210;200m▀[0m[38;2;231;225;217m[48;2;224;218;215m▀[0m[38;2;220;212;204m▀[0m[38;2;185;173;146m▀[0m            
               [38;2;219;211;204m▀[0m[38;2;215;206;196m▀[0m[38;2;216;207;198m[48;2;235;232;234m▀[0m[38;2;217;208;199m[48;2;234;231;234m▀[0m[38;2;218;211;204m[48;2;234;231;233m▀[0m[38;2;217;210;204m[48;2;219;212;207m▀[0m[38;2;220;214;209m[48;2;186;174;149m▀[0m[38;2;225;218;215m▀[0m[38;2;231;228;228m▀[0m                
                                        
                                        
                                        
                                        
                                        
