                                        
                                        
            [38;2;94;95;99m▄[0m[38;2;239;240;236m[48;2;112;113;117m▀[0m[38;2;239;240;237m[48;2;227;226;223m▀[0m[38;2;239;240;237m[48;2;111;120;122m▀[0m[38;2;238;239;236m[48;2;239;240;236m▀[0m[38;2;239;240;236m[48;2;239;240;236m▀[0m[38;2;239;240;237m[48;2;240;240;236m▀[0m[38;2;240;240;237m[48;2;240;240;236m▀[0m[38;2;240;240;236m▄[0m[38;2;204;198;201m▄[0m                  
               [38;2;228;227;223m[48;2;237;237;233m▀[0m[38;2;89;92;97m[48;2;227;226;223m▀[0m[38;2;240;240;236m[48;2;138;140;141m▀[0m[38;2;227;227;223m[48;2;238;238;235m▀[0m[38;2;89;92;98m[48;2;227;226;223m▀[0m[38;2;240;240;236m[48;2;89;92;97m▀[0m[38;2;240;240;236m[48;2;234;234;228m▀[0m[38;2;227;224;222m[48;2;225;225;219m▀[0m[38;2;105;98;103m▄[0m                
             [38;2;104;102;103m▄[0m[38;2;201;202;197m[48;2;140;141;125m▀[0m[38;2;216;216;210m[48;2;143;144;128m▀[0m[38;2;211;205;202m[48;2;177;164;162m▀[0m[38;2;89;93;96m[48;2;176;173;164m▀[0m[38;2;227;227;221m[48;2;178;178;166m▀[0m[38;2;220;217;213m[48;2;176;178;165m▀[0m[38;2;134;136;138m[48;2;132;137;135m▀[0m[38;2;100;102;107m[48;2;89;92;97m▀[0m[38;2;206;206;197m[48;2;171;171;158m▀[0m[38;2;203;203;194m[48;2;140;141;126m▀[0m[38;2;140;140;124m▄[0m               
            [38;2;135;116;115m▄[0m[38;2;140;141;125m[48;2;141;142;124m▀[0m[38;2;140;141;125m[48;2;140;141;125m▀[0m[38;2;141;142;124m[48;2;140;141;125m▀[0m[38;2;141;140;125m[48;2;141;142;125m▀[0m[38;2;140;141;125m[48;2;140;141;125m▀[0m[38;2;141;142;124m[48;2;140;141;125m▀[0m[38;2;141;142;125m[48;2;144;130;125m▀[0m[38;2;89;93;97m[48;2;89;93;97m▀[0m[38;2;131;125;119m[48;2;147;127;125m▀[0m[38;2;124;123;114m[48;2;140;141;125m▀[0m[38;2;141;142;125m[48;2;140;141;125m▀[0m[38;2;141;145;126m[48;2;201;75;80m▀[0m[38;2;225;95;95m[48;2;224;95;95m▀[0m[38;2;225;95;95m[48;2;225;95;95m▀[0m[38;2;231;132;129m[48;2;231;130;127m▀[0m            
          [38;2;225;95;95m[48;2;207;80;84m▀[0m[38;2;229;124;120m[48;2;225;95;95m▀[0m[38;2;227;104;103m[48;2;224;95;95m▀[0m[38;2;156;56;54m[48;2;225;96;95m▀[0m[38;2;140;141;125m[48;2;141;141;125m▀[0m[38;2;141;142;124m[48;2;141;142;125m▀[0m[38;2;140;139;124m[48;2;140;141;125m▀[0m[38;2;140;141;125m[48;2;141;142;124m▀[0m[38;2;140;141;125m[48;2;132;132;119m▀[0m[38;2;89;93;97m[48;2;140;141;125m▀[0m[38;2;141;141;123m[48;2;141;141;124m▀[0m[38;2;142;137;124m[48;2;146;127;126m▀[0m[38;2;91;93;98m[48;2;140;141;125m▀[0m[38;2;141;142;124m[48;2;106;105;105m▀[0m[38;2;160;56;55m[48;2;146;127;126m▀[0m[38;2;225;95;95m[48;2;165;52;54m▀[0m[38;2;225;95;95m[48;2;225;95;95m▀[0m[38;2;224;95;95m[48;2;225;95;95m▀[0m            
         [38;2;145;123;123m▄[0m[38;2;201;75;80m[48;2;201;75;80m▀[0m[38;2;225;96;96m[48;2;201;75;80m▀[0m[38;2;225;95;95m[48;2;202;76;80m▀[0m[38;2;216;87;89m[48;2;140;141;125m▀[0m[38;2;140;141;125m[48;2;140;141;125m▀[0m[38;2;141;142;124m[48;2;97;101;99m▀[0m[38;2;125;132;115m[48;2;89;92;96m▀[0m[38;2;131;109;114m[48;2;88;89;93m▀[0m[38;2;140;141;125m[48;2;141;142;125m▀[0m[38;2;140;141;125m[48;2;140;141;125m▀[0m[38;2;141;142;124m[48;2;140;141;125m▀[0m[38;2;146;127;126m[48;2;125;112;112m▀[0m[38;2;142;138;124m[48;2;146;127;126m▀[0m[38;2;140;141;125m[48;2;145;129;126m▀[0m[38;2;140;141;125m[48;2;141;142;124m▀[0m[38;2;140;141;125m[48;2;141;142;125m▀[0m[38;2;140;141;125m[48;2;140;141;125m▀[0m[38;2;140;141;125m[48;2;140;143;125m▀[0m[38;2;140;141;125m[48;2;141;142;124m▀[0m           
         [38;2;146;127;126m[48;2;146;127;126m▀[0m[38;2;140;141;125m[48;2;89;91;97m▀[0m[38;2;140;141;125m[48;2;141;142;125m▀[0m[38;2;143;134;125m[48;2;141;142;125m▀[0m[38;2;90;92;97m[48;2;141;142;124m▀[0m[38;2;89;92;97m[48;2;146;127;126m▀[0m[38;2;146;127;125m[48;2;147;127;126m▀[0m[38;2;147;127;125m[48;2;107;96;101m▀[0m[38;2;145;128;125m[48;2;132;116;116m▀[0m[38;2;147;127;125m[48;2;146;127;126m▀[0m[38;2;147;127;126m[48;2;146;127;126m▀[0m[38;2;146;127;126m[48;2;146;127;126m▀[0m[38;2;147;127;125m[48;2;162;123;119m▀[0m[38;2;123;109;111m[48;2;147;127;126m▀[0m[38;2;86;80;83m[48;2;143;125;124m▀[0m[38;2;72;65;72m[48;2;101;91;98m▀[0m[38;2;72;65;72m[48;2;146;127;125m▀[0m[38;2;104;100;98m[48;2;147;127;126m▀[0m[38;2;143;130;125m[48;2;146;123;126m▀[0m[38;2;147;127;125m[48;2;141;142;124m▀[0m           
         [38;2;116;103;106m▀[0m[38;2;147;127;125m[48;2;141;143;125m▀[0m[38;2;72;65;72m[48;2;101;94;98m▀[0m[38;2;146;127;125m[48;2;91;93;97m▀[0m[38;2;146;127;126m[48;2;132;131;120m▀[0m[38;2;147;127;126m[48;2;140;141;125m▀[0m[38;2;141;143;125m[48;2;141;140;125m▀[0m[38;2;146;127;126m[48;2;128;112;114m▀[0m[38;2;158;100;99m[48;2;247;214;211m▀[0m[38;2;147;128;126m[48;2;141;138;124m▀[0m[38;2;147;128;126m[48;2;140;141;125m▀[0m[38;2;146;128;127m[48;2;141;142;125m▀[0m[38;2;207;84;85m[48;2;225;95;95m▀[0m[38;2;140;142;125m[48;2;225;95;95m▀[0m[38;2;146;127;126m[48;2;146;127;126m▀[0m[38;2;146;128;126m[48;2;151;106;121m▀[0m[38;2;140;141;125m[48;2;140;141;125m▀[0m[38;2;89;92;97m[48;2;141;142;124m▀[0m[38;2;141;142;125m[48;2;89;92;97m▀[0m[38;2;140;141;125m[48;2;140;141;125m▀[0m[38;2;140;141;125m[48;2;142;143;128m▀[0m[38;2;207;207;199m▄[0m         
        [38;2;162;157;158m▄[0m[38;2;152;153;139m[48;2;207;208;200m▀[0m[38;2;141;142;124m[48;2;149;150;135m▀[0m[38;2;140;141;125m[48;2;90;93;96m▀[0m[38;2;89;92;97m[48;2;140;141;125m▀[0m[38;2;140;141;125m[48;2;140;141;125m▀[0m[38;2;140;141;125m[48;2;140;141;125m▀[0m[38;2;146;128;126m[48;2;74;66;73m▀[0m[38;2;138;127;121m[48;2;146;127;126m▀[0m[38;2;205;91;83m[48;2;147;127;126m▀[0m[38;2;149;141;123m[48;2;146;127;126m▀[0m[38;2;140;141;125m[48;2;140;143;125m▀[0m[38;2;141;142;124m[48;2;140;141;125m▀[0m[38;2;141;142;125m[48;2;141;142;124m▀[0m[38;2;233;137;134m[48;2;140;141;125m▀[0m[38;2;146;127;126m[48;2;147;127;125m▀[0m[38;2;76;71;76m[48;2;147;126;125m▀[0m[38;2;141;135;124m[48;2;147;127;125m▀[0m[38;2;140;141;125m[48;2;140;141;125m▀[0m[38;2;141;142;125m[48;2;147;148;133m▀[0m[38;2;89;93;97m[48;2;199;199;191m▀[0m[38;2;190;179;177m[48;2;231;231;227m▀[0m[38;2;223;221;217m[48;2;229;228;224m▀[0m[38;2;227;226;223m▄[0m        
        [38;2;227;226;223m[48;2;238;238;235m▀[0m[38;2;227;226;223m[48;2;240;240;236m▀[0m[38;2;213;205;203m[48;2;241;242;238m▀[0m[38;2;151;151;136m[48;2;218;218;214m▀[0m[38;2;140;141;125m[48;2;161;163;156m▀[0m[38;2;141;142;124m[48;2;141;142;126m▀[0m[38;2;141;141;125m[48;2;146;127;126m▀[0m[38;2;73;64;73m[48;2;145;127;125m▀[0m[38;2;147;127;126m[48;2;147;123;124m▀[0m[38;2;129;117;116m[48;2;72;65;72m▀[0m[38;2;140;109;117m[48;2;139;123;122m▀[0m[38;2;147;126;126m[48;2;142;135;125m▀[0m[38;2;109;100;105m[48;2;140;141;125m▀[0m[38;2;141;142;125m[48;2;140;141;125m▀[0m[38;2;140;141;125m[48;2;90;92;96m▀[0m[38;2;99;81;89m[48;2;102;100;100m▀[0m[38;2;178;166;164m[48;2;209;204;200m▀[0m[38;2;72;65;72m[48;2;193;190;188m▀[0m[38;2;196;188;185m[48;2;228;227;223m▀[0m[38;2;221;222;216m[48;2;227;226;223m▀[0m[38;2;231;231;228m[48;2;227;226;223m▀[0m[38;2;227;226;223m[48;2;227;226;223m▀[0m[38;2;227;226;223m[48;2;227;226;223m▀[0m[38;2;227;226;223m[48;2;227;226;223m▀[0m        
        [38;2;240;240;236m[48;2;227;226;223m▀[0m[38;2;240;240;236m[48;2;240;240;236m▀[0m[38;2;240;240;236m[48;2;240;240;236m▀[0m[38;2;240;241;237m[48;2;227;226;223m▀[0m[38;2;233;233;229m[48;2;227;226;223m▀[0m[38;2;193;182;182m[48;2;224;223;220m▀[0m[38;2;72;65;72m[48;2;90;83;89m▀[0m[38;2;147;127;126m[48;2;190;180;178m▀[0m[38;2;146;127;126m[48;2;129;108;114m▀[0m[38;2;146;128;126m[48;2;141;141;124m▀[0m[38;2;140;141;125m[48;2;140;141;125m▀[0m[38;2;138;140;128m[48;2;140;141;125m▀[0m[38;2;141;142;125m[48;2;141;143;125m▀[0m[38;2;91;93;97m[48;2;141;142;124m▀[0m[38;2;141;142;125m[48;2;147;127;126m▀[0m[38;2;147;127;125m[48;2;132;112;115m▀[0m[38;2;132;113;116m[48;2;99;99;101m▀[0m[38;2;227;226;223m▀[0m[38;2;147;142;146m[48;2;227;226;223m▀[0m[38;2;227;227;223m[48;2;227;226;223m▀[0m[38;2;227;226;223m[48;2;75;68;75m▀[0m[38;2;227;226;223m[48;2;91;93;96m▀[0m[38;2;227;226;223m▀[0m[38;2;94;94;98m▀[0m        
        [38;2;210;209;206m▀[0m[38;2;227;226;223m▀[0m[38;2;227;226;223m[48;2;100;99;102m▀[0m[38;2;227;226;223m[48;2;72;64;72m▀[0m[38;2;227;226;223m[48;2;227;226;223m▀[0m[38;2;73;66;73m[48;2;221;220;218m▀[0m[38;2;227;226;223m▀[0m[38;2;143;131;125m▄[0m[38;2;147;127;125m[48;2;96;95;98m▀[0m[38;2;140;141;125m[48;2;146;128;126m▀[0m[38;2;140;141;125m[48;2;100;99;98m▀[0m[38;2;140;140;124m[48;2;140;141;125m▀[0m[38;2;138;117;117m[48;2;89;92;97m▀[0m[38;2;139;119;119m[48;2;146;127;126m▀[0m[38;2;147;127;125m[48;2;146;127;126m▀[0m[38;2;140;141;125m[48;2;114;105;109m▀[0m[38;2;140;141;125m[48;2;140;141;125m▀[0m[38;2;97;97;100m[48;2;140;141;125m▀[0m              
              [38;2;179;167;165m[48;2;227;226;223m▀[0m[38;2;155;143;139m[48;2;227;226;223m▀[0m[38;2;140;141;125m[48;2;204;204;196m▀[0m[38;2;140;141;125m[48;2;172;173;160m▀[0m[38;2;140;141;125m[48;2;90;94;98m▀[0m[38;2;89;93;97m[48;2;140;141;125m▀[0m[38;2;139;141;126m[48;2;139;141;128m▀[0m[38;2;139;141;127m[48;2;138;140;132m▀[0m[38;2;139;140;127m[48;2;137;139;131m▀[0m[38;2;140;141;125m[48;2;137;140;129m▀[0m[38;2;140;141;125m[48;2;99;101;102m▀[0m[38;2;141;142;125m[48;2;93;95;98m▀[0m[38;2;140;142;125m[48;2;94;93;98m▀[0m             
             [38;2;204;204;201m[48;2;224;223;219m▀[0m[38;2;228;227;223m[48;2;227;226;223m▀[0m[38;2;227;226;223m[48;2;227;226;223m▀[0m[38;2;234;234;230m[48;2;227;226;223m▀[0m[38;2;112;116;119m[48;2;90;91;96m▀[0m[38;2;148;144;140m[48;2;240;240;236m▀[0m[38;2;199;199;190m[48;2;240;240;236m▀[0m[38;2;186;187;175m[48;2;240;240;236m▀[0m[38;2;178;179;169m[48;2;240;240;236m▀[0m[38;2;165;165;154m[48;2;233;233;228m▀[0m[38;2;162;163;149m[48;2;229;229;224m▀[0m[38;2;155;156;141m[48;2;225;225;219m▀[0m[38;2;89;92;97m[48;2;152;155;154m▀[0m[38;2;117;107;112m▀[0m             
            [38;2;227;226;222m▄[0m[38;2;227;226;223m▄[0m[38;2;227;226;223m[48;2;227;226;223m▀[0m[38;2;227;226;223m[48;2;227;227;223m▀[0m[38;2;227;226;223m[48;2;227;226;223m▀[0m[38;2;99;81;89m[48;2;227;226;223m▀[0m[38;2;227;226;223m[48;2;227;226;223m▀[0m[38;2;240;240;236m[48;2;227;226;223m▀[0m[38;2;240;240;236m[48;2;227;226;223m▀[0m[38;2;240;240;236m[48;2;227;226;223m▀[0m[38;2;240;240;236m[48;2;100;80;89m▀[0m[38;2;240;240;236m[48;2;227;227;223m▀[0m[38;2;98;101;106m[48;2;227;226;223m▀[0m[38;2;240;240;236m[48;2;227;226;223m▀[0m              
         [38;2;228;227;223m▀[0m[38;2;227;226;223m▀[0m[38;2;227;226;223m▀[0m[38;2;227;227;222m▀[0m[38;2;227;226;223m▀[0m[38;2;227;226;223m▀[0m[38;2;227;226;223m▀[0m[38;2;227;226;223m▀[0m[38;2;240;240;236m[48;2;90;92;96m▀[0m[38;2;240;240;236m[48;2;93;96;100m▀[0m[38;2;240;240;236m▀[0m[38;2;240;240;236m▀[0m[38;2;240;240;236m[48;2;97;95;98m▀[0m[38;2;240;240;236m[48;2;231;231;227m▀[0m[38;2;240;240;236m[48;2;101;98;103m▀[0m[38;2;240;240;236m▀[0m[38;2;240;240;236m▀[0m[38;2;240;240;236m▀[0m[38;2;240;240;236m▀[0m            
                                        
                                        
