                                        
                                        
                                        
                [38;2;224;230;248m▄[0m                       
                [38;2;116;121;148m▀[0m[38;2;92;90;140m[48;2;172;179;191m▀[0m[38;2;177;181;190m▄[0m             [38;2;254;253;255m▄[0m       
   [38;2;66;78;95m▄[0m[38;2;180;179;184m[48;2;176;222;196m▀[0m[38;2;188;187;229m[48;2;162;207;186m▀[0m[38;2;28;45;45m[48;2;251;255;255m▀[0m[38;2;56;68;64m[48;2;174;207;190m▀[0m[38;2;147;153;169m[48;2;170;209;190m▀[0m[38;2;193;192;232m[48;2;171;207;193m▀[0m[38;2;254;255;255m[48;2;255;253;255m▀[0m[38;2;33;33;33m[48;2;80;83;102m▀[0m[38;2;254;255;255m▄[0m    [38;2;231;232;254m▀[0m[38;2;183;184;187m[48;2;231;233;229m▀[0m[38;2;255;255;251m[48;2;208;208;210m▀[0m[38;2;204;200;197m[48;2;245;245;245m▀[0m[38;2;120;127;170m[48;2;255;255;255m▀[0m[38;2;255;254;255m▄[0m       [38;2;201;203;212m▄[0m[38;2;130;130;153m[48;2;182;182;185m▀[0m[38;2;141;147;161m[48;2;148;152;167m▀[0m       
  [38;2;71;92;90m[48;2;179;220;202m▀[0m[38;2;176;219;199m[48;2;177;222;202m▀[0m[38;2;176;218;198m[48;2;176;215;196m▀[0m[38;2;171;216;196m[48;2;172;214;194m▀[0m[38;2;230;249;243m[48;2;172;212;193m▀[0m[38;2;255;254;254m[48;2;225;235;229m▀[0m[38;2;167;206;187m[48;2;164;203;185m▀[0m[38;2;161;204;185m[48;2;159;198;179m▀[0m[38;2;161;195;179m[48;2;156;193;175m▀[0m[38;2;254;255;255m[48;2;255;255;255m▀[0m[38;2;148;190;170m[48;2;246;255;252m▀[0m[38;2;162;162;199m[48;2;143;177;159m▀[0m[38;2;237;237;237m[48;2;181;187;211m▀[0m[38;2;251;251;253m▄[0m  [38;2;181;191;197m▀[0m[38;2;229;227;231m[48;2;216;222;254m▀[0m[38;2;255;255;255m[48;2;254;255;251m▀[0m[38;2;255;255;255m[48;2;255;253;251m▀[0m[38;2;255;255;255m[48;2;255;255;255m▀[0m[38;2;252;255;249m[48;2;255;255;255m▀[0m[38;2;243;244;251m▄[0m    [38;2;105;104;143m▄[0m[38;2;246;247;245m[48;2;255;255;255m▀[0m[38;2;239;239;236m[48;2;253;251;250m▀[0m        
   [38;2;179;217;202m▀[0m[38;2;226;247;238m[48;2;125;141;147m▀[0m[38;2;254;255;255m[48;2;170;216;192m▀[0m[38;2;253;255;254m[48;2;171;210;191m▀[0m[38;2;168;206;188m[48;2;166;205;186m▀[0m[38;2;163;202;184m[48;2;163;202;184m▀[0m[38;2;160;197;179m[48;2;159;198;179m▀[0m[38;2;156;191;173m[48;2;155;192;174m▀[0m[38;2;149;187;170m[48;2;152;186;170m▀[0m[38;2;255;255;255m[48;2;252;255;253m▀[0m[38;2;139;170;155m[48;2;253;255;253m▀[0m[38;2;149;172;165m[48;2;149;172;164m▀[0m[38;2;152;157;181m[48;2;169;178;179m▀[0m[38;2;251;251;251m[48;2;150;151;171m▀[0m[38;2;255;255;255m▄[0m   [38;2;248;250;255m[48;2;247;247;251m▀[0m[38;2;255;254;255m[48;2;254;255;253m▀[0m[38;2;255;255;255m[48;2;224;225;236m▀[0m[38;2;255;255;255m[48;2;255;255;255m▀[0m[38;2;255;254;253m[48;2;255;255;255m▀[0m  [38;2;242;249;250m▄[0m[38;2;255;255;255m[48;2;255;255;255m▀[0m[38;2;255;255;255m[48;2;143;146;190m▀[0m[38;2;216;219;241m▄[0m[38;2;149;151;163m[48;2;236;249;242m▀[0m[38;2;209;210;232m[48;2;171;212;192m▀[0m[38;2;97;105;106m[48;2;180;223;203m▀[0m[38;2;101;122;114m[48;2;178;220;199m▀[0m[38;2;99;97;101m[48;2;182;224;203m▀[0m[38;2;227;229;243m[48;2;184;225;205m▀[0m[38;2;193;230;211m▄[0m 
      [38;2;186;216;211m▀[0m[38;2;176;211;196m▀[0m[38;2;166;205;186m[48;2;173;209;191m▀[0m[38;2;161;200;181m[48;2;164;203;184m▀[0m[38;2;155;193;175m[48;2;154;188;172m▀[0m[38;2;146;185;167m[48;2;246;255;251m▀[0m[38;2;142;177;160m[48;2;133;166;151m▀[0m[38;2;160;178;172m[48;2;156;178;168m▀[0m[38;2;166;179;176m[48;2;247;250;250m▀[0m[38;2;255;255;255m[48;2;244;245;245m▀[0m[38;2;244;244;245m[48;2;200;200;202m▀[0m[38;2;94;94;100m[48;2;193;193;194m▀[0m[38;2;255;255;255m[48;2;186;189;183m▀[0m[38;2;250;250;251m▄[0m[38;2;252;254;253m[48;2;252;253;250m▀[0m[38;2;251;251;251m[48;2;249;249;249m▀[0m[38;2;255;255;255m[48;2;160;167;182m▀[0m[38;2;126;126;127m[48;2;255;255;251m▀[0m[38;2;212;214;230m[48;2;255;255;253m▀[0m[38;2;255;255;252m[48;2;251;251;255m▀[0m[38;2;248;249;254m[48;2;255;255;254m▀[0m[38;2;91;89;89m[48;2;255;255;255m▀[0m[38;2;255;255;254m[48;2;255;255;250m▀[0m[38;2;243;244;255m[48;2;186;185;179m▀[0m[38;2;103;105;109m[48;2;192;193;193m▀[0m[38;2;253;255;254m[48;2;252;252;252m▀[0m[38;2;159;180;169m[48;2;255;254;255m▀[0m[38;2;156;188;172m[48;2;197;211;205m▀[0m[38;2;171;210;191m[48;2;175;212;195m▀[0m[38;2;179;225;200m[48;2;93;107;110m▀[0m[38;2;252;254;253m▀[0m[38;2;206;231;226m▀[0m  
         [38;2;63;84;90m▀[0m[38;2;253;254;255m▀[0m[38;2;162;188;177m[48;2;159;201;180m▀[0m[38;2;143;181;163m[48;2;243;253;247m▀[0m[38;2;170;183;179m[48;2;250;255;253m▀[0m[38;2;214;217;216m[48;2;209;211;212m▀[0m[38;2;201;201;202m[48;2;255;255;255m▀[0m[38;2;197;197;199m[48;2;255;255;255m▀[0m[38;2;191;191;193m[48;2;254;254;254m▀[0m[38;2;173;172;185m[48;2;207;211;232m▀[0m[38;2;127;127;138m[48;2;255;255;253m▀[0m[38;2;255;255;254m[48;2;255;254;255m▀[0m[38;2;66;67;65m[48;2;255;254;255m▀[0m[38;2;74;79;81m[48;2;255;254;255m▀[0m[38;2;244;250;243m[48;2;23;34;29m▀[0m[38;2;153;151;152m[48;2;64;171;117m▀[0m[38;2;254;253;253m[48;2;218;239;233m▀[0m[38;2;155;156;187m[48;2;143;167;149m▀[0m[38;2;255;254;255m[48;2;255;255;255m▀[0m[38;2;230;230;253m[48;2;183;188;192m▀[0m[38;2;205;207;204m[48;2;56;89;67m▀[0m[38;2;91;97;91m▀[0m[38;2;176;178;176m▀[0m[38;2;88;101;97m▀[0m       
            [38;2;228;233;237m▀[0m[38;2;202;215;211m[48;2;191;215;210m▀[0m[38;2;208;212;213m[48;2;207;214;214m▀[0m[38;2;204;204;206m[48;2;208;208;210m▀[0m[38;2;198;198;200m[48;2;199;199;201m▀[0m[38;2;254;254;253m[48;2;192;192;194m▀[0m[38;2;209;214;245m[48;2;211;216;235m▀[0m[38;2;255;255;254m[48;2;213;215;238m▀[0m[38;2;255;255;255m[48;2;255;255;255m▀[0m[38;2;255;255;255m[48;2;255;255;255m▀[0m[38;2;255;255;255m[48;2;255;255;255m▀[0m[38;2;255;255;251m[48;2;254;255;251m▀[0m[38;2;197;205;228m[48;2;254;255;251m▀[0m[38;2;229;190;183m[48;2;255;255;255m▀[0m[38;2;15;136;71m[48;2;228;224;239m▀[0m[38;2;255;252;255m[48;2;181;198;224m▀[0m[38;2;80;168;126m[48;2;254;248;255m▀[0m[38;2;247;248;253m[48;2;255;251;254m▀[0m[38;2;141;142;143m▄[0m         
              [38;2;201;213;206m▀[0m[38;2;211;212;214m[48;2;213;217;213m▀[0m[38;2;202;202;204m[48;2;208;208;210m▀[0m[38;2;192;192;192m[48;2;198;198;200m▀[0m[38;2;193;192;191m[48;2;192;192;194m▀[0m[38;2;207;209;232m[48;2;254;255;255m▀[0m[38;2;209;211;233m[48;2;212;214;239m▀[0m[38;2;255;255;255m[48;2;218;219;239m▀[0m[38;2;255;255;255m[48;2;255;255;255m▀[0m[38;2;255;255;255m[48;2;255;255;253m▀[0m[38;2;255;255;255m[48;2;255;255;255m▀[0m[38;2;255;255;255m[48;2;255;255;255m▀[0m[38;2;255;255;253m[48;2;255;255;255m▀[0m[38;2;254;255;255m[48;2;255;255;255m▀[0m[38;2;254;254;252m[48;2;255;255;255m▀[0m[38;2;254;254;252m[48;2;253;254;255m▀[0m[38;2;136;139;149m▀[0m         
               [38;2;182;186;199m▀[0m[38;2;212;214;216m[48;2;213;217;218m▀[0m[38;2;204;204;206m[48;2;209;210;212m▀[0m[38;2;199;199;201m[48;2;203;204;206m▀[0m[38;2;143;144;149m[48;2;201;201;199m▀[0m[38;2;255;255;255m[48;2;221;223;238m▀[0m[38;2;180;185;215m[48;2;255;254;255m▀[0m[38;2;210;212;235m[48;2;213;217;244m▀[0m[38;2;225;228;243m[48;2;204;206;231m▀[0m[38;2;254;255;255m[48;2;202;207;229m▀[0m[38;2;255;255;255m[48;2;203;205;230m▀[0m[38;2;255;254;255m[48;2;203;205;228m▀[0m[38;2;254;253;255m[48;2;201;201;227m▀[0m[38;2;220;222;235m[48;2;164;170;185m▀[0m[38;2;207;210;230m▀[0m          
                [38;2;197;212;207m[48;2;174;204;189m▀[0m[38;2;205;210;209m[48;2;183;199;190m▀[0m[38;2;205;209;208m[48;2;189;200;192m▀[0m[38;2;209;213;209m▀[0m[38;2;164;165;184m▀[0m[38;2;171;176;206m[48;2;212;211;216m▀[0m[38;2;254;255;255m[48;2;174;174;198m▀[0m[38;2;255;255;253m[48;2;173;176;211m▀[0m[38;2;253;255;247m[48;2;173;175;214m▀[0m[38;2;254;255;255m[48;2;13;16;14m▀[0m[38;2;255;254;251m▀[0m[38;2;60;60;52m▀[0m            
               [38;2;181;217;206m[48;2;183;220;199m▀[0m[38;2;168;206;189m[48;2;182;218;203m▀[0m[38;2;158;191;175m▀[0m   [38;2;162;186;170m[48;2;99;120;120m▀[0m[38;2;208;219;221m[48;2;175;209;195m▀[0m                 
              [38;2;127;155;147m[48;2;191;227;213m▀[0m[38;2;193;226;215m▀[0m      [38;2;187;229;213m▀[0m                 
                                        
                                        
                                        
                                        
