                                        
                                        
                        [38;2;82;86;100m▄[0m[38;2;150;149;152m[48;2;83;87;101m▀[0m[38;2;83;87;100m[48;2;83;87;100m▀[0m[38;2;119;119;124m[48;2;83;87;100m▀[0m            
        [38;2;171;171;171m▄[0m[38;2;18;18;18m[48;2;177;177;177m▀[0m[38;2;129;128;130m▄[0m[38;2;192;190;190m▄[0m[38;2;76;75;79m▄[0m          [38;2;27;29;34m▀[0m[38;2;83;87;100m[48;2;83;87;100m▀[0m[38;2;83;87;100m[48;2;83;87;100m▀[0m[38;2;83;87;100m[48;2;83;86;100m▀[0m[38;2;84;87;101m[48;2;99;98;112m▀[0m[38;2;91;92;106m▀[0m           
        [38;2;175;174;174m[48;2;172;172;171m▀[0m[38;2;176;176;176m[48;2;174;174;174m▀[0m[38;2;171;172;171m[48;2;169;170;169m▀[0m[38;2;159;158;162m[48;2;115;113;129m▀[0m[38;2;8;8;11m▀[0m    [38;2;212;212;212m▄[0m[38;2;179;179;179m▄[0m[38;2;117;115;133m▄[0m     [38;2;83;86;100m▀[0m[38;2;84;88;102m[48;2;178;179;178m▀[0m[38;2;172;172;171m▄[0m[38;2;159;158;162m▄[0m           
        [38;2;70;73;83m▄[0m[38;2;178;178;178m[48;2;79;84;99m▀[0m[38;2;175;175;175m[48;2;62;71;88m▀[0m[38;2;116;114;131m▀[0m [38;2;15;15;13m▄[0m[38;2;207;207;206m▄[0m[38;2;201;201;200m▄[0m[38;2;158;156;159m[48;2;187;186;186m▀[0m[38;2;152;150;153m[48;2;175;175;175m▀[0m[38;2;118;119;122m[48;2;177;177;177m▀[0m[38;2;119;119;123m[48;2;175;175;175m▀[0m[38;2;83;87;100m[48;2;171;171;170m▀[0m[38;2;178;178;178m▄[0m[38;2;119;119;123m▄[0m[38;2;120;120;123m▄[0m[38;2;84;85;108m▄[0m[38;2;83;87;100m▄[0m[38;2;177;177;177m[48;2;84;87;101m▀[0m[38;2;177;177;177m[48;2;76;78;99m▀[0m[38;2;109;108;123m▀[0m           
         [38;2;83;87;101m▀[0m[38;2;65;72;90m[48;2;155;154;159m▀[0m[38;2;81;83;106m[48;2;175;175;175m▀[0m[38;2;194;193;192m[48;2;120;121;124m▀[0m[38;2;196;195;195m[48;2;184;184;184m▀[0m[38;2;201;200;200m[48;2;177;177;177m▀[0m[38;2;253;253;254m[48;2;103;102;102m▀[0m[38;2;180;179;179m[48;2;254;254;254m▀[0m[38;2;173;173;173m[48;2;77;76;75m▀[0m[38;2;169;169;169m[48;2;178;178;178m▀[0m[38;2;172;172;172m[48;2;177;177;177m▀[0m[38;2;173;172;172m[48;2;173;173;172m▀[0m[38;2;170;170;169m[48;2;172;172;171m▀[0m[38;2;178;177;177m[48;2;174;174;174m▀[0m[38;2;119;119;122m[48;2;179;179;179m▀[0m[38;2;35;37;44m[48;2;82;85;108m▀[0m[38;2;83;87;100m[48;2;83;87;100m▀[0m[38;2;83;87;100m▀[0m             
           [38;2;175;175;175m[48;2;145;142;158m▀[0m[38;2;176;176;176m[48;2;84;82;94m▀[0m[38;2;176;176;176m[48;2;117;116;133m▀[0m[38;2;178;177;177m[48;2;116;114;132m▀[0m[38;2;177;177;177m[48;2;115;114;131m▀[0m[38;2;158;158;159m[48;2;115;113;132m▀[0m[38;2;119;119;122m[48;2;117;116;134m▀[0m[38;2;165;165;166m[48;2;117;116;134m▀[0m[38;2;178;177;177m[48;2;110;109;127m▀[0m[38;2;178;178;177m[48;2;94;93;115m▀[0m[38;2;174;174;175m[48;2;135;132;146m▀[0m[38;2;107;105;118m[48;2;169;166;176m▀[0m[38;2;86;87;110m[48;2;203;203;202m▀[0m[38;2;85;86;110m[48;2;207;207;206m▀[0m[38;2;81;80;100m[48;2;201;201;200m▀[0m[38;2;189;188;188m▄[0m[38;2;114;112;129m▄[0m            
        [38;2;26;26;26m▄[0m[38;2;163;162;164m[48;2;171;170;172m▀[0m[38;2;168;166;168m[48;2;207;207;207m▀[0m[38;2;205;204;203m[48;2;202;202;202m▀[0m[38;2;198;197;197m[48;2;154;153;155m▀[0m[38;2;177;176;178m[48;2;180;180;179m▀[0m[38;2;114;112;129m[48;2;114;112;128m▀[0m[38;2;56;55;63m▄[0m     [38;2;208;208;207m[48;2;208;208;207m▀[0m[38;2;207;207;206m[48;2;164;163;166m▀[0m[38;2;207;206;205m[48;2;161;160;162m▀[0m[38;2;199;198;198m[48;2;196;195;194m▀[0m[38;2;177;177;177m[48;2;177;176;176m▀[0m[38;2;177;177;177m[48;2;178;179;178m▀[0m[38;2;115;113;130m[48;2;116;115;132m▀[0m[38;2;113;112;129m[48;2;115;113;130m▀[0m           
        [38;2;167;164;167m[48;2;205;204;204m▀[0m[38;2;204;203;203m[48;2;206;206;206m▀[0m[38;2;208;208;207m[48;2;199;198;198m▀[0m[38;2;181;181;181m[48;2;179;179;179m▀[0m[38;2;135;134;137m[48;2;175;175;175m▀[0m[38;2;179;178;178m[48;2;177;177;177m▀[0m[38;2;114;112;129m[48;2;116;114;132m▀[0m[38;2;101;99;114m[48;2;118;117;135m▀[0m    [38;2;0;0;0m▄[0m[38;2;204;203;203m[48;2;177;177;177m▀[0m[38;2;182;181;181m[48;2;204;203;203m▀[0m[38;2;146;145;148m[48;2;119;120;123m▀[0m[38;2;184;183;182m[48;2;178;178;177m▀[0m[38;2;195;194;194m[48;2;178;178;178m▀[0m[38;2;176;176;176m[48;2;173;173;173m▀[0m[38;2;118;117;135m[48;2;94;93;106m▀[0m[38;2;117;116;134m[48;2;117;116;134m▀[0m[38;2;78;78;90m[48;2;117;116;134m▀[0m          
        [38;2;207;206;206m[48;2;184;183;183m▀[0m[38;2;194;193;192m[48;2;180;180;180m▀[0m[38;2;203;202;202m[48;2;189;188;187m▀[0m[38;2;177;176;176m[48;2;176;176;176m▀[0m[38;2;177;177;177m[48;2;172;172;171m▀[0m[38;2;173;173;173m[48;2;171;171;171m▀[0m[38;2;117;115;133m[48;2;116;114;131m▀[0m[38;2;115;113;131m[48;2;117;116;134m▀[0m    [38;2;172;173;172m[48;2;175;175;175m▀[0m[38;2;178;178;177m[48;2;180;180;179m▀[0m[38;2;205;204;204m[48;2;182;181;181m▀[0m[38;2;178;178;178m[48;2;185;185;185m▀[0m[38;2;188;187;187m[48;2;176;176;176m▀[0m[38;2;177;177;177m[48;2;173;173;173m▀[0m[38;2;177;177;177m[48;2;177;177;177m▀[0m[38;2;144;143;151m[48;2;176;175;176m▀[0m[38;2;117;116;134m[48;2;119;117;135m▀[0m[38;2;117;116;133m[48;2;117;116;133m▀[0m          
       [38;2;163;163;163m[48;2;170;170;170m▀[0m[38;2;176;176;176m[48;2;176;176;176m▀[0m[38;2;148;148;150m[48;2;121;122;125m▀[0m[38;2;186;185;185m[48;2;179;180;180m▀[0m[38;2;180;180;180m[48;2;177;177;177m▀[0m[38;2;171;171;171m[48;2;175;175;175m▀[0m[38;2;171;171;170m[48;2;170;171;170m▀[0m[38;2;101;101;116m[48;2;91;93;107m▀[0m[38;2;115;113;131m[48;2;114;112;129m▀[0m    [38;2;175;175;175m[48;2;176;177;177m▀[0m[38;2;176;177;176m[48;2;179;178;178m▀[0m[38;2;122;121;125m[48;2;147;147;148m▀[0m[38;2;179;180;180m[48;2;175;175;175m▀[0m[38;2;178;177;178m[48;2;177;177;177m▀[0m[38;2;175;175;175m[48;2;175;175;175m▀[0m[38;2;176;176;176m[48;2;119;119;123m▀[0m[38;2;176;176;175m[48;2;170;170;170m▀[0m[38;2;116;114;132m[48;2;129;126;143m▀[0m[38;2;117;116;134m[48;2;125;122;140m▀[0m[38;2;89;87;98m▄[0m         
      [38;2;170;170;170m[48;2;175;176;175m▀[0m[38;2;177;177;177m[48;2;176;176;176m▀[0m[38;2;177;177;177m[48;2;177;177;177m▀[0m[38;2;177;177;177m[48;2;171;171;171m▀[0m[38;2;171;171;171m[48;2;172;173;172m▀[0m[38;2;175;176;176m[48;2;169;170;169m▀[0m[38;2;177;177;177m[48;2;128;128;131m▀[0m[38;2;172;172;172m[48;2;176;176;177m▀[0m[38;2;133;129;144m[48;2;100;98;105m▀[0m[38;2;120;118;135m[48;2;114;112;129m▀[0m[38;2;32;32;37m[48;2;117;115;133m▀[0m  [38;2;121;122;125m▄[0m[38;2;176;176;176m[48;2;173;173;173m▀[0m[38;2;176;176;176m[48;2;177;177;177m▀[0m[38;2;173;173;172m[48;2;172;172;172m▀[0m[38;2;173;173;173m[48;2;176;176;176m▀[0m[38;2;176;176;176m[48;2;173;172;172m▀[0m[38;2;178;177;177m[48;2;178;177;177m▀[0m[38;2;138;139;141m[48;2;177;177;177m▀[0m[38;2;173;173;173m[48;2;173;173;173m▀[0m[38;2;120;119;135m[48;2;86;84;96m▀[0m[38;2;122;121;138m[48;2;117;116;134m▀[0m[38;2;121;119;136m[48;2;115;113;130m▀[0m[38;2;89;88;102m▄[0m        
      [38;2;178;177;177m[48;2;178;177;177m▀[0m[38;2;135;107;86m[48;2;174;174;174m▀[0m[38;2;172;172;172m[48;2;129;128;127m▀[0m[38;2;172;172;172m[48;2;158;158;158m▀[0m[38;2;177;177;177m[48;2;127;126;126m▀[0m[38;2;169;170;169m[48;2;120;120;119m▀[0m[38;2;178;178;178m[48;2;177;177;177m▀[0m[38;2;177;177;177m[48;2;177;177;177m▀[0m[38;2;178;178;178m[48;2;178;178;178m▀[0m[38;2;100;100;116m[48;2;116;114;132m▀[0m[38;2;117;115;133m[48;2;117;115;133m▀[0m  [38;2;119;119;122m[48;2;117;117;121m▀[0m[38;2;177;177;177m[48;2;178;177;177m▀[0m[38;2;180;180;180m[48;2;183;183;183m▀[0m[38;2;175;175;175m[48;2;186;185;184m▀[0m[38;2;174;174;173m[48;2;173;173;172m▀[0m[38;2;178;177;177m[48;2;178;178;178m▀[0m[38;2;178;177;177m[48;2;177;177;177m▀[0m[38;2;177;177;177m[48;2;178;177;177m▀[0m[38;2;148;118;95m[48;2;177;177;177m▀[0m[38;2;166;165;168m[48;2;168;169;171m▀[0m[38;2;117;115;132m[48;2;107;104;122m▀[0m[38;2;111;108;127m[48;2;37;36;42m▀[0m[38;2;111;109;129m[48;2;93;92;113m▀[0m        
     [38;2;30;25;20m[48;2;147;118;94m▀[0m[38;2;152;122;98m[48;2;148;118;95m▀[0m[38;2;178;179;178m[48;2;151;121;97m▀[0m[38;2;189;189;189m[48;2;146;116;93m▀[0m[38;2;177;177;176m[48;2;171;171;171m▀[0m[38;2;177;177;177m[48;2;152;152;155m▀[0m[38;2;122;121;138m[48;2;143;115;93m▀[0m[38;2;49;42;37m[48;2;183;183;183m▀[0m[38;2;177;177;177m[48;2;147;117;94m▀[0m[38;2;178;178;178m[48;2;148;118;94m▀[0m[38;2;117;116;134m[48;2;101;83;80m▀[0m[38;2;60;49;46m[48;2;102;84;81m▀[0m  [38;2;156;126;101m[48;2;150;121;97m▀[0m[38;2;176;175;175m[48;2;154;125;101m▀[0m[38;2;174;174;174m[48;2;153;124;100m▀[0m[38;2;203;202;202m[48;2;172;172;172m▀[0m[38;2;177;177;177m[48;2;177;177;177m▀[0m[38;2;95;93;105m[48;2;102;85;81m▀[0m[38;2;175;174;175m[48;2;178;178;178m▀[0m[38;2;150;119;95m[48;2;147;117;94m▀[0m[38;2;147;117;94m[48;2;148;117;94m▀[0m[38;2;145;115;94m[48;2;145;115;94m▀[0m[38;2;103;85;81m[48;2;76;69;74m▀[0m[38;2;30;29;33m[48;2;74;69;74m▀[0m[38;2;75;69;74m[48;2;76;69;74m▀[0m        
     [38;2;148;118;95m[48;2;154;125;100m▀[0m[38;2;156;127;103m[48;2;153;124;100m▀[0m[38;2;151;120;97m[48;2;150;120;97m▀[0m[38;2;200;200;199m[48;2;183;182;182m▀[0m[38;2;113;111;128m[48;2;112;111;127m▀[0m[38;2;115;114;131m[48;2;174;174;174m▀[0m[38;2;147;117;94m[48;2;147;117;94m▀[0m[38;2;147;117;94m[48;2;148;118;94m▀[0m[38;2;147;117;94m[48;2;148;118;95m▀[0m[38;2;147;117;94m[48;2;147;116;94m▀[0m[38;2;99;82;80m[48;2;95;79;79m▀[0m[38;2;94;79;79m[48;2;92;78;79m▀[0m  [38;2;148;118;94m[48;2;147;117;94m▀[0m[38;2;155;126;102m[48;2;151;121;97m▀[0m[38;2;60;57;54m[48;2;117;93;74m▀[0m[38;2;127;125;131m[48;2;175;175;174m▀[0m[38;2;56;47;46m[48;2;153;153;153m▀[0m[38;2;138;137;148m[48;2;103;101;112m▀[0m[38;2;147;117;94m[48;2;148;118;94m▀[0m[38;2;147;117;94m[48;2;132;105;89m▀[0m[38;2;148;118;94m[48;2;111;90;83m▀[0m[38;2;113;92;83m[48;2;107;88;82m▀[0m[38;2;76;69;74m[48;2;76;69;74m▀[0m[38;2;75;69;74m[48;2;74;69;74m▀[0m[38;2;76;69;74m[48;2;77;71;74m▀[0m        
     [38;2;161;133;109m[48;2;162;136;112m▀[0m[38;2;155;126;102m[48;2;160;131;107m▀[0m[38;2;147;117;94m[48;2;149;118;95m▀[0m[38;2;149;119;95m[48;2;172;172;172m▀[0m[38;2;178;177;177m[48;2;98;97;112m▀[0m[38;2;110;109;117m[48;2;177;177;177m▀[0m[38;2;149;118;94m[48;2;113;111;129m▀[0m[38;2;149;119;96m[48;2;148;118;95m▀[0m[38;2;148;119;95m[48;2;137;110;92m▀[0m[38;2;138;110;92m[48;2;87;74;73m▀[0m[38;2;76;69;74m[48;2;74;69;74m▀[0m[38;2;75;69;74m[48;2;76;70;74m▀[0m  [38;2;147;117;94m[48;2;150;120;97m▀[0m[38;2;147;117;94m[48;2;147;117;95m▀[0m[38;2;149;119;95m[48;2;176;177;177m▀[0m[38;2;174;174;174m[48;2;159;159;160m▀[0m[38;2;172;172;172m[48;2;172;172;172m▀[0m[38;2;98;82;79m[48;2;135;134;141m▀[0m[38;2;115;94;83m[48;2;92;78;79m▀[0m[38;2;107;87;82m[48;2;104;87;82m▀[0m[38;2;104;87;82m[48;2;106;87;82m▀[0m[38;2;104;86;81m[48;2;107;88;82m▀[0m[38;2;76;69;74m[48;2;76;70;74m▀[0m[38;2;78;71;74m[48;2;75;69;74m▀[0m[38;2;76;70;74m[48;2;74;69;74m▀[0m        
      [38;2;153;124;100m[48;2;147;117;94m▀[0m[38;2;147;117;94m[48;2;147;117;94m▀[0m[38;2;111;111;127m[48;2;147;117;94m▀[0m[38;2;146;116;94m[48;2;145;116;93m▀[0m[38;2;114;92;85m[48;2;140;112;92m▀[0m[38;2;101;84;81m[48;2;106;87;81m▀[0m[38;2;127;102;88m[48;2;106;88;81m▀[0m[38;2;105;87;81m[48;2;105;87;81m▀[0m[38;2;76;71;74m[48;2;78;71;75m▀[0m[38;2;75;69;74m▀[0m[38;2;77;70;74m▀[0m  [38;2;145;116;94m▀[0m[38;2;142;113;93m[48;2;105;87;82m▀[0m[38;2;89;73;66m[48;2;105;86;82m▀[0m[38;2;81;72;75m[48;2;106;87;82m▀[0m[38;2;88;77;78m[48;2;107;87;82m▀[0m[38;2;26;26;31m[48;2;104;86;82m▀[0m[38;2;105;87;82m[48;2;104;86;82m▀[0m[38;2;106;87;82m[48;2;104;85;81m▀[0m[38;2;104;86;82m[48;2;106;87;82m▀[0m[38;2;108;88;82m[48;2;96;81;80m▀[0m[38;2;76;70;74m[48;2;78;71;75m▀[0m[38;2;76;70;74m[48;2;85;74;77m▀[0m[38;2;80;72;75m[48;2;101;84;81m▀[0m        
                         [38;2;64;52;50m▀[0m[38;2;109;90;84m▀[0m[38;2;112;92;85m▀[0m[38;2;79;71;75m▀[0m           
                                        
