                                        
                                        
                        [38;2;160;161;178m▄[0m[38;2;230;228;235m[48;2;170;172;188m▀[0m[38;2;169;174;193m[48;2;168;174;191m▀[0m[38;2;205;206;212m[48;2;171;173;191m▀[0m            
        [38;2;112;112;112m▄[0m[38;2;39;39;39m[48;2;125;122;123m▀[0m[38;2;74;72;73m▄[0m[38;2;143;142;140m▄[0m[38;2;46;46;46m▄[0m          [38;2;79;82;89m▀[0m[38;2;168;174;191m[48;2;171;173;190m▀[0m[38;2;167;173;189m[48;2;167;173;189m▀[0m[38;2;168;174;191m[48;2;171;173;191m▀[0m[38;2;171;173;191m[48;2;186;185;199m▀[0m[38;2;175;177;191m▀[0m           
        [38;2;120;120;120m[48;2;114;112;113m▀[0m[38;2;121;121;121m[48;2;122;120;121m▀[0m[38;2;115;115;115m[48;2;111;111;111m▀[0m[38;2;119;117;120m[48;2;51;47;53m▀[0m[38;2;27;27;29m▀[0m    [38;2;181;179;179m▄[0m[38;2;121;119;120m▄[0m[38;2;56;55;62m▄[0m     [38;2;168;173;194m▀[0m[38;2;177;179;191m[48;2;137;135;136m▀[0m[38;2;113;111;112m▄[0m[38;2;109;108;112m▄[0m           
        [38;2;158;160;169m▄[0m[38;2;124;123;121m[48;2;168;166;193m▀[0m[38;2;120;119;124m[48;2;140;151;171m▀[0m[38;2;49;48;56m▀[0m [38;2;66;64;65m▄[0m[38;2;187;185;186m▄[0m[38;2;159;157;158m▄[0m[38;2;232;232;234m[48;2;125;123;124m▀[0m[38;2;230;229;232m[48;2;112;112;112m▀[0m[38;2;205;204;209m[48;2;124;122;123m▀[0m[38;2;208;206;209m[48;2;121;119;120m▀[0m[38;2;167;172;191m[48;2;113;113;113m▀[0m[38;2;132;130;131m▄[0m[38;2;207;206;211m▄[0m[38;2;69;73;82m[48;2;214;208;212m▀[0m[38;2;30;31;35m▄[0m[38;2;163;168;187m▄[0m[38;2;125;123;124m[48;2;173;177;189m▀[0m[38;2;123;122;120m[48;2;30;29;35m▀[0m[38;2;46;45;50m▀[0m           
         [38;2;170;173;189m▀[0m[38;2;154;160;177m[48;2;97;97;98m▀[0m[38;2;27;26;31m[48;2;115;114;115m▀[0m[38;2;146;144;145m[48;2;189;187;189m▀[0m[38;2;146;145;143m[48;2;127;124;125m▀[0m[38;2;157;154;155m[48;2;119;117;118m▀[0m[38;2;253;252;250m[48;2;49;49;48m▀[0m[38;2;125;123;124m[48;2;253;252;253m▀[0m[38;2;116;114;115m[48;2;65;63;62m▀[0m[38;2;136;134;135m[48;2;142;142;143m▀[0m[38;2;128;126;127m[48;2;123;120;121m▀[0m[38;2;115;115;115m[48;2;116;116;116m▀[0m[38;2;110;110;110m[48;2;115;115;115m▀[0m[38;2;126;123;124m[48;2;119;119;119m▀[0m[38;2;212;212;210m[48;2;125;124;123m▀[0m[38;2;59;60;69m[48;2;29;27;34m▀[0m[38;2;171;173;191m[48;2;166;173;190m▀[0m[38;2;173;175;192m▀[0m             
           [38;2;119;117;118m[48;2;98;98;102m▀[0m[38;2;122;120;121m[48;2;42;41;46m▀[0m[38;2;120;118;119m[48;2;59;58;63m▀[0m[38;2;121;120;120m[48;2;54;53;58m▀[0m[38;2;122;120;121m[48;2;51;50;55m▀[0m[38;2;150;148;151m[48;2;58;56;63m▀[0m[38;2;207;205;209m[48;2;52;51;57m▀[0m[38;2;121;121;121m[48;2;52;51;55m▀[0m[38;2;122;120;123m[48;2;47;46;54m▀[0m[38;2;130;128;131m[48;2;35;33;43m▀[0m[38;2;130;130;132m[48;2;81;80;84m▀[0m[38;2;43;42;48m[48;2;109;107;115m▀[0m[38;2;27;27;33m[48;2;167;165;165m▀[0m[38;2;29;28;35m[48;2;171;168;170m▀[0m[38;2;26;22;29m[48;2;157;156;154m▀[0m[38;2;141;139;142m▄[0m[38;2;47;47;54m▄[0m            
        [38;2;75;75;75m▄[0m[38;2;237;235;238m[48;2;222;220;221m▀[0m[38;2;193;191;192m[48;2;169;167;168m▀[0m[38;2;171;169;170m[48;2;162;160;161m▀[0m[38;2;153;151;152m[48;2;238;237;236m▀[0m[38;2;137;136;138m[48;2;137;136;136m▀[0m[38;2;51;50;57m[48;2;51;50;56m▀[0m[38;2;33;33;36m▄[0m     [38;2;172;169;170m[48;2;171;169;170m▀[0m[38;2;168;166;167m[48;2;239;237;239m▀[0m[38;2;169;168;166m[48;2;235;233;234m▀[0m[38;2;155;153;154m[48;2;154;151;152m▀[0m[38;2;122;122;122m[48;2;123;123;123m▀[0m[38;2;122;119;120m[48;2;124;124;124m▀[0m[38;2;53;52;58m[48;2;53;52;58m▀[0m[38;2;51;50;55m[48;2;51;51;55m▀[0m           
        [38;2;238;238;238m[48;2;163;161;162m▀[0m[38;2;161;159;160m[48;2;164;162;163m▀[0m[38;2;173;171;172m[48;2;154;152;153m▀[0m[38;2;125;123;124m[48;2;128;126;127m▀[0m[38;2;216;214;215m[48;2;122;120;121m▀[0m[38;2;130;128;131m[48;2;131;130;134m▀[0m[38;2;51;50;56m[48;2;53;52;58m▀[0m[38;2;49;49;52m[48;2;60;59;65m▀[0m    [38;2;49;49;49m▄[0m[38;2;166;164;165m[48;2;120;118;119m▀[0m[38;2;160;158;159m[48;2;163;161;162m▀[0m[38;2;228;226;229m[48;2;208;206;209m▀[0m[38;2;130;128;129m[48;2;121;119;120m▀[0m[38;2;157;155;156m[48;2;121;121;121m▀[0m[38;2;121;121;121m[48;2;114;112;113m▀[0m[38;2;59;58;66m[48;2;40;39;45m▀[0m[38;2;54;53;61m[48;2;53;52;60m▀[0m[38;2;35;34;37m[48;2;51;50;57m▀[0m          
        [38;2;169;166;167m[48;2;133;131;132m▀[0m[38;2;146;146;146m[48;2;124;124;124m▀[0m[38;2;161;159;160m[48;2;137;135;136m▀[0m[38;2;121;119;120m[48;2;128;128;128m▀[0m[38;2;123;121;122m[48;2;117;117;117m▀[0m[38;2;114;114;115m[48;2;114;114;112m▀[0m[38;2;54;53;60m[48;2;53;52;58m▀[0m[38;2;49;48;55m[48;2;54;53;60m▀[0m    [38;2;139;139;139m[48;2;115;113;114m▀[0m[38;2;124;121;122m[48;2;125;123;124m▀[0m[38;2;167;165;166m[48;2;128;126;127m▀[0m[38;2;124;121;122m[48;2;135;133;134m▀[0m[38;2;142;140;141m[48;2;122;122;122m▀[0m[38;2;121;121;121m[48;2;115;115;115m▀[0m[38;2;122;122;122m[48;2;123;123;123m▀[0m[38;2;92;90;93m[48;2;133;131;134m▀[0m[38;2;58;57;65m[48;2;49;49;57m▀[0m[38;2;52;51;58m[48;2;53;52;56m▀[0m          
       [38;2;111;111;111m[48;2;110;110;110m▀[0m[38;2;123;121;122m[48;2;123;121;122m▀[0m[38;2;176;174;177m[48;2;210;208;209m▀[0m[38;2;135;133;134m[48;2;127;124;125m▀[0m[38;2;128;128;128m[48;2;124;124;124m▀[0m[38;2;113;113;113m[48;2;122;122;122m▀[0m[38;2;114;114;114m[48;2;112;112;112m▀[0m[38;2;119;117;128m[48;2;113;113;123m▀[0m[38;2;52;51;61m[48;2;51;50;55m▀[0m    [38;2;119;119;119m[48;2;123;121;122m▀[0m[38;2;121;119;120m[48;2;113;113;113m▀[0m[38;2;214;214;216m[48;2;179;179;179m▀[0m[38;2;126;123;124m[48;2;123;121;122m▀[0m[38;2;124;124;124m[48;2;122;122;122m▀[0m[38;2;121;121;121m[48;2;120;118;119m▀[0m[38;2;121;121;121m[48;2;204;204;206m▀[0m[38;2;120;120;120m[48;2;116;114;115m▀[0m[38;2;44;44;54m[48;2;65;64;72m▀[0m[38;2;53;49;55m[48;2;60;59;67m▀[0m[38;2;55;54;58m▄[0m         
      [38;2;126;126;126m[48;2;117;117;117m▀[0m[38;2;124;122;123m[48;2;121;119;120m▀[0m[38;2;125;122;123m[48;2;125;122;123m▀[0m[38;2;127;124;125m[48;2;114;114;114m▀[0m[38;2;115;113;114m[48;2;117;117;117m▀[0m[38;2;118;118;118m[48;2;112;112;112m▀[0m[38;2;122;120;121m[48;2;203;201;206m▀[0m[38;2;115;113;114m[48;2;116;115;114m▀[0m[38;2;66;65;72m[48;2;46;45;51m▀[0m[38;2;59;58;66m[48;2;51;50;58m▀[0m[38;2;26;26;30m[48;2;53;52;60m▀[0m  [38;2;222;222;223m▄[0m[38;2;123;121;122m[48;2;118;116;117m▀[0m[38;2;121;121;121m[48;2;124;124;124m▀[0m[38;2;116;116;116m[48;2;114;114;116m▀[0m[38;2;115;115;115m[48;2;121;121;121m▀[0m[38;2;123;123;123m[48;2;116;116;118m▀[0m[38;2;123;123;123m[48;2;124;124;126m▀[0m[38;2;144;142;143m[48;2;124;121;122m▀[0m[38;2;118;116;117m[48;2;112;110;111m▀[0m[38;2;61;59;67m[48;2;27;24;28m▀[0m[38;2;58;57;65m[48;2;55;54;59m▀[0m[38;2;57;56;62m[48;2;51;50;58m▀[0m[38;2;43;43;47m▄[0m        
      [38;2;126;123;124m[48;2;122;121;117m▀[0m[38;2;135;116;92m[48;2;120;121;126m▀[0m[38;2;114;112;113m[48;2;92;90;91m▀[0m[38;2;112;112;112m[48;2;94;92;93m▀[0m[38;2;122;122;122m[48;2;74;72;73m▀[0m[38;2;112;112;112m[48;2;67;64;65m▀[0m[38;2;123;123;123m[48;2;123;121;122m▀[0m[38;2;126;124;125m[48;2;122;122;120m▀[0m[38;2;130;130;130m[48;2;125;125;127m▀[0m[38;2;67;69;79m[48;2;49;46;53m▀[0m[38;2;54;53;58m[48;2;54;52;59m▀[0m  [38;2;210;209;214m[48;2;205;205;207m▀[0m[38;2;123;120;121m[48;2;123;122;120m▀[0m[38;2;127;127;127m[48;2;154;150;147m▀[0m[38;2;121;121;121m[48;2;129;127;128m▀[0m[38;2;118;118;118m[48;2;115;113;114m▀[0m[38;2;125;125;125m[48;2;119;119;119m▀[0m[38;2;123;123;123m[48;2;122;122;124m▀[0m[38;2;124;124;122m[48;2;125;122;125m▀[0m[38;2;166;145;124m[48;2;121;125;124m▀[0m[38;2;130;128;131m[48;2;126;126;124m▀[0m[38;2;54;53;58m[48;2;57;49;54m▀[0m[38;2;47;47;56m[48;2;14;13;16m▀[0m[38;2;56;55;63m[48;2;34;33;40m▀[0m        
     [38;2;51;48;44m[48;2;151;129;108m▀[0m[38;2;150;121;99m[48;2;146;117;95m▀[0m[38;2;116;120;123m[48;2;151;121;100m▀[0m[38;2;148;147;145m[48;2;153;132;115m▀[0m[38;2;122;120;121m[48;2;110;108;111m▀[0m[38;2;124;124;124m[48;2;110;109;114m▀[0m[38;2;69;67;73m[48;2;135;108;91m▀[0m[38;2;23;13;6m[48;2;148;149;151m▀[0m[38;2;129;122;122m[48;2;147;115;97m▀[0m[38;2;131;129;128m[48;2;146;117;95m▀[0m[38;2;51;49;57m[48;2;99;82;76m▀[0m[38;2;67;58;58m[48;2;102;83;77m▀[0m  [38;2;158;136;116m[48;2;150;119;97m▀[0m[38;2;118;118;118m[48;2;152;126;103m▀[0m[38;2;117;114;113m[48;2;153;124;98m▀[0m[38;2;167;159;160m[48;2;128;128;131m▀[0m[38;2;125;122;124m[48;2;122;120;121m▀[0m[38;2;40;38;45m[48;2;95;76;72m▀[0m[38;2;134;131;131m[48;2;130;138;140m▀[0m[38;2;176;150;129m[48;2;147;117;95m▀[0m[38;2;148;116;95m[48;2;148;118;94m▀[0m[38;2;147;121;105m[48;2;148;119;104m▀[0m[38;2;102;84;81m[48;2;75;67;72m▀[0m[38;2;17;15;18m[48;2;74;69;73m▀[0m[38;2;72;68;71m[48;2;76;70;74m▀[0m        
     [38;2;145;115;91m[48;2;151;123;99m▀[0m[38;2;157;126;102m[48;2;153;123;99m▀[0m[38;2;151;119;95m[48;2;153;118;95m▀[0m[38;2;157;161;164m[48;2;125;125;127m▀[0m[38;2;56;56;65m[48;2;51;49;52m▀[0m[38;2;64;61;68m[48;2;115;114;119m▀[0m[38;2;149;117;89m[48;2;144;117;90m▀[0m[38;2;147;116;94m[48;2;148;118;93m▀[0m[38;2;149;117;94m[48;2;148;118;94m▀[0m[38;2;149;116;94m[48;2;150;119;95m▀[0m[38;2;98;83;82m[48;2;95;78;78m▀[0m[38;2;97;82;82m[48;2;92;78;78m▀[0m  [38;2;148;118;94m[48;2;147;116;92m▀[0m[38;2;152;125;101m[48;2;152;122;98m▀[0m[38;2;49;34;19m[48;2;121;97;79m▀[0m[38;2;74;69;68m[48;2;132;132;123m▀[0m[38;2;52;42;38m[48;2;123;117;118m▀[0m[38;2;81;82;83m[48;2;36;37;42m▀[0m[38;2;153;120;99m[48;2;151;119;96m▀[0m[38;2;147;117;93m[48;2;131;105;89m▀[0m[38;2;146;118;96m[48;2;110;89;81m▀[0m[38;2;114;94;87m[48;2;106;91;85m▀[0m[38;2;75;68;74m[48;2;75;69;73m▀[0m[38;2;74;69;73m[48;2;75;69;73m▀[0m[38;2;74;68;72m[48;2;78;70;73m▀[0m        
     [38;2;159;134;110m[48;2;169;149;128m▀[0m[38;2;157;126;102m[48;2;159;131;107m▀[0m[38;2;146;117;93m[48;2;148;116;91m▀[0m[38;2;156;127;101m[48;2;120;112;113m▀[0m[38;2;123;121;123m[48;2;50;47;49m▀[0m[38;2;54;55;59m[48;2;120;120;119m▀[0m[38;2;149;121;98m[48;2;45;46;56m▀[0m[38;2;150;120;96m[48;2;147;117;93m▀[0m[38;2;148;118;94m[48;2;138;109;90m▀[0m[38;2;145;122;107m[48;2;85;72;68m▀[0m[38;2;75;69;75m[48;2;74;69;73m▀[0m[38;2;74;69;73m[48;2;76;70;74m▀[0m  [38;2;145;115;91m[48;2;147;117;93m▀[0m[38;2;147;117;93m[48;2;147;115;92m▀[0m[38;2;150;119;96m[48;2;115;116;120m▀[0m[38;2;113;113;114m[48;2;107;104;106m▀[0m[38;2;112;110;111m[48;2;118;116;116m▀[0m[38;2;95;77;70m[48;2;84;82;87m▀[0m[38;2;112;91;83m[48;2;89;76;74m▀[0m[38;2;106;87;81m[48;2;103;86;79m▀[0m[38;2;104;87;80m[48;2;105;88;81m▀[0m[38;2;103;89;87m[48;2;110;95;94m▀[0m[38;2;75;69;72m[48;2;75;69;72m▀[0m[38;2;79;73;77m[48;2;75;70;74m▀[0m[38;2;74;71;74m[48;2;73;69;73m▀[0m        
      [38;2;150;122;98m[48;2;141;112;85m▀[0m[38;2;148;116;91m[48;2;145;116;97m▀[0m[38;2;49;49;57m[48;2;148;116;93m▀[0m[38;2;147;125;108m[48;2;144;115;93m▀[0m[38;2;115;96;94m[48;2;139;113;88m▀[0m[38;2;98;79;76m[48;2;108;88;83m▀[0m[38;2;126;99;87m[48;2;106;87;83m▀[0m[38;2;103;86;80m[48;2;102;87;80m▀[0m[38;2;76;67;68m[48;2;77;69;74m▀[0m[38;2;74;69;73m▀[0m[38;2;74;65;67m▀[0m  [38;2;148;112;90m▀[0m[38;2;142;113;93m[48;2;105;88;81m▀[0m[38;2;96;81;79m[48;2;104;86;82m▀[0m[38;2;79;68;71m[48;2;103;88;83m▀[0m[38;2;89;77;82m[48;2;104;85;79m▀[0m[38;2;15;12;18m[48;2;103;85;81m▀[0m[38;2;104;89;86m[48;2;104;87;80m▀[0m[38;2;106;87;81m[48;2;103;86;79m▀[0m[38;2;104;87;80m[48;2;106;87;81m▀[0m[38;2;109;91;89m[48;2;104;90;88m▀[0m[38;2;76;70;74m[48;2;81;71;76m▀[0m[38;2;76;70;74m[48;2;87;77;78m▀[0m[38;2;78;72;75m[48;2;111;93;93m▀[0m        
                         [38;2;64;54;48m▀[0m[38;2;129;105;103m▀[0m[38;2;119;100;94m▀[0m[38;2;81;77;78m▀[0m           
                                        
