                                        
                                        
                                        
                     [38;2;3;3;3m▄[0m                  
            [38;2;90;130;142m▄[0m[38;2;255;255;255m▄[0m[38;2;255;255;255m▄[0m[38;2;255;255;255m▄[0m[38;2;255;255;255m▄[0m[38;2;255;255;255m[48;2;255;255;255m▀[0m[38;2;255;255;255m[48;2;250;252;253m▀[0m[38;2;255;255;255m[48;2;104;104;104m▀[0m[38;2;148;174;181m[48;2;255;255;255m▀[0m[38;2;255;255;255m▄[0m[38;2;255;255;255m▄[0m[38;2;254;255;255m▄[0m[38;2;252;254;255m▄[0m[38;2;241;244;246m▄[0m[38;2;236;243;245m▄[0m[38;2;238;245;248m▄[0m            
         [38;2;72;116;129m[48;2;243;250;251m▀[0m[38;2;255;255;255m[48;2;212;231;238m▀[0m[38;2;252;254;255m[48;2;213;232;239m▀[0m[38;2;248;249;250m[48;2;214;233;239m▀[0m[38;2;249;251;252m[48;2;219;235;241m▀[0m[38;2;252;254;255m[48;2;237;245;248m▀[0m[38;2;252;254;255m[48;2;249;251;251m▀[0m[38;2;251;253;253m[48;2;249;251;252m▀[0m[38;2;250;252;252m[48;2;248;250;251m▀[0m[38;2;242;246;248m[48;2;251;254;255m▀[0m[38;2;243;246;249m[48;2;244;247;249m▀[0m[38;2;246;248;249m[48;2;243;247;248m▀[0m[38;2;246;247;249m[48;2;250;253;253m▀[0m[38;2;244;247;248m[48;2;248;250;252m▀[0m[38;2;243;245;247m[48;2;254;255;255m▀[0m[38;2;242;245;246m[48;2;249;251;251m▀[0m[38;2;245;248;248m[48;2;187;218;228m▀[0m[38;2;245;248;249m[48;2;189;219;228m▀[0m[38;2;247;249;250m[48;2;187;218;228m▀[0m[38;2;188;218;228m[48;2;143;176;187m▀[0m[38;2;117;157;168m[48;2;184;216;227m▀[0m          
         [38;2;238;247;248m[48;2;236;246;248m▀[0m[38;2;213;232;239m[48;2;213;232;239m▀[0m[38;2;214;233;239m[48;2;212;232;239m▀[0m[38;2;214;233;239m[48;2;212;232;239m▀[0m[38;2;212;232;238m[48;2;198;223;232m▀[0m[38;2;199;223;232m[48;2;189;219;228m▀[0m[38;2;192;220;229m[48;2;189;219;228m▀[0m[38;2;193;220;229m[48;2;189;219;228m▀[0m[38;2;189;219;228m[48;2;189;219;228m▀[0m[38;2;190;220;229m[48;2;189;220;229m▀[0m[38;2;195;221;230m[48;2;255;255;255m▀[0m[38;2;187;218;228m[48;2;243;249;251m▀[0m[38;2;194;221;230m[48;2;187;218;228m▀[0m[38;2;188;219;228m[48;2;188;218;228m▀[0m[38;2;187;218;228m[48;2;137;171;182m▀[0m[38;2;190;220;229m[48;2;136;171;181m▀[0m[38;2;157;189;198m[48;2;136;171;181m▀[0m[38;2;141;175;185m[48;2;136;171;182m▀[0m[38;2;137;171;181m[48;2;129;166;177m▀[0m[38;2;129;166;177m[48;2;129;167;177m▀[0m[38;2;156;190;200m[48;2;156;191;201m▀[0m          
         [38;2;236;245;248m[48;2;231;242;246m▀[0m[38;2;212;232;239m[48;2;189;217;226m▀[0m[38;2;206;228;235m[48;2;188;218;228m▀[0m[38;2;204;227;235m[48;2;118;157;169m▀[0m[38;2;189;219;228m[48;2;187;218;228m▀[0m[38;2;189;219;228m[48;2;187;218;228m▀[0m[38;2;187;218;228m[48;2;187;218;227m▀[0m[38;2;187;219;228m[48;2;187;218;228m▀[0m[38;2;187;218;228m[48;2;187;218;228m▀[0m[38;2;188;218;229m[48;2;188;218;228m▀[0m[38;2;188;218;228m[48;2;187;218;228m▀[0m[38;2;246;248;250m[48;2;190;220;229m▀[0m[38;2;201;225;233m[48;2;193;221;230m▀[0m[38;2;159;193;203m[48;2;145;181;191m▀[0m[38;2;132;169;179m[48;2;132;168;179m▀[0m[38;2;132;168;179m[48;2;126;165;175m▀[0m[38;2;124;163;173m[48;2;123;162;172m▀[0m[38;2;123;162;173m[48;2;124;162;172m▀[0m[38;2;123;162;173m[48;2;125;163;173m▀[0m[38;2;131;168;178m[48;2;131;168;178m▀[0m[38;2;161;194;204m[48;2;167;199;209m▀[0m          
         [38;2;223;237;243m[48;2;219;235;241m▀[0m[38;2;151;181;190m[48;2;141;174;184m▀[0m[38;2;187;218;227m[48;2;187;218;227m▀[0m[38;2;187;218;228m[48;2;187;218;228m▀[0m[38;2;186;218;227m[48;2;184;216;227m▀[0m[38;2;187;218;227m[48;2;183;216;226m▀[0m[38;2;187;218;227m[48;2;184;216;227m▀[0m[38;2;189;219;228m[48;2;184;217;227m▀[0m[38;2;132;166;176m[48;2;142;176;185m▀[0m[38;2;188;219;228m[48;2;187;218;227m▀[0m[38;2;173;205;216m[48;2;187;218;227m▀[0m[38;2;187;218;227m[48;2;186;218;228m▀[0m[38;2;184;216;227m[48;2;183;216;227m▀[0m[38;2;144;179;190m[48;2;154;189;199m▀[0m[38;2;127;166;177m[48;2;129;167;177m▀[0m[38;2;123;162;173m[48;2;124;163;173m▀[0m[38;2;124;162;172m[48;2;124;162;173m▀[0m[38;2;124;163;173m[48;2;131;167;177m▀[0m[38;2;125;163;173m[48;2;130;165;175m▀[0m[38;2;139;172;183m[48;2;136;170;181m▀[0m[38;2;164;195;205m[48;2;167;199;209m▀[0m          
         [38;2;222;237;242m[48;2;227;239;244m▀[0m[38;2;188;219;229m[48;2;187;218;228m▀[0m[38;2;186;217;227m[48;2;187;218;227m▀[0m[38;2;188;218;228m[48;2;183;215;226m▀[0m[38;2;183;216;226m[48;2;183;216;226m▀[0m[38;2;183;216;226m[48;2;184;216;227m▀[0m[38;2;183;216;226m[48;2;187;218;228m▀[0m[38;2;187;218;228m[48;2;187;218;227m▀[0m[38;2;156;188;197m[48;2;139;173;183m▀[0m[38;2;187;218;228m[48;2;186;217;228m▀[0m[38;2;186;218;228m[48;2;115;155;167m▀[0m[38;2;185;216;227m[48;2;187;218;228m▀[0m[38;2;187;218;228m[48;2;187;218;227m▀[0m[38;2;155;188;198m[48;2;153;186;195m▀[0m[38;2;130;167;177m[48;2;133;169;180m▀[0m[38;2;126;164;175m[48;2;136;170;180m▀[0m[38;2;133;168;178m[48;2;131;166;176m▀[0m[38;2;129;165;175m[48;2;130;165;175m▀[0m[38;2;131;165;175m[48;2;131;165;175m▀[0m[38;2;131;167;177m[48;2;126;164;174m▀[0m[38;2;161;195;205m[48;2;164;198;209m▀[0m          
         [38;2;232;242;246m[48;2;249;251;252m▀[0m[38;2;185;216;226m[48;2;187;218;228m▀[0m[38;2;183;216;226m[48;2;183;216;226m▀[0m[38;2;188;221;231m[48;2;184;217;228m▀[0m[38;2;248;251;251m[48;2;184;217;227m▀[0m[38;2;186;218;228m[48;2;186;218;228m▀[0m[38;2;187;218;228m[48;2;188;219;229m▀[0m[38;2;187;218;228m[48;2;147;183;194m▀[0m[38;2;183;216;227m[48;2;186;218;227m▀[0m[38;2;183;216;226m[48;2;187;218;227m▀[0m[38;2;187;218;228m[48;2;187;218;228m▀[0m[38;2;186;218;227m[48;2;187;218;227m▀[0m[38;2;187;218;228m[48;2;187;218;228m▀[0m[38;2;153;186;195m[48;2;156;188;198m▀[0m[38;2;136;170;181m[48;2;128;166;176m▀[0m[38;2;128;165;176m[48;2;127;163;173m▀[0m[38;2;130;165;175m[48;2;129;165;175m▀[0m[38;2;131;165;175m[48;2;129;165;175m▀[0m[38;2;126;163;173m[48;2;123;161;172m▀[0m[38;2;122;162;173m[48;2;122;162;173m▀[0m[38;2;169;203;213m[48;2;181;214;224m▀[0m          
         [38;2;249;252;252m▀[0m[38;2;228;239;243m[48;2;186;218;229m▀[0m[38;2;183;216;226m[48;2;183;215;226m▀[0m[38;2;183;215;226m[48;2;183;216;227m▀[0m[38;2;140;176;186m[48;2;186;218;227m▀[0m[38;2;124;161;171m[48;2;186;218;228m▀[0m[38;2;130;168;180m[48;2;183;216;227m▀[0m[38;2;185;217;227m[48;2;184;216;227m▀[0m[38;2;186;217;227m[48;2;187;218;228m▀[0m[38;2;187;218;228m[48;2;187;218;228m▀[0m[38;2;187;218;227m[48;2;187;218;228m▀[0m[38;2;187;218;227m[48;2;183;215;226m▀[0m[38;2;185;217;227m[48;2;183;216;226m▀[0m[38;2;148;183;194m[48;2;146;181;192m▀[0m[38;2;123;162;172m[48;2;132;168;177m▀[0m[38;2;131;165;175m[48;2;132;168;177m▀[0m[38;2;131;165;175m[48;2;131;166;177m▀[0m[38;2;131;167;177m[48;2;150;183;193m▀[0m[38;2;122;161;172m[48;2;185;218;229m▀[0m[38;2;134;172;183m▀[0m           
              [38;2;164;199;210m▀[0m[38;2;183;216;226m▀[0m[38;2;187;218;228m[48;2;177;170;188m▀[0m[38;2;187;218;228m[48;2;167;161;181m▀[0m[38;2;187;218;228m[48;2;127;133;153m▀[0m[38;2;182;215;226m[48;2;149;185;196m▀[0m[38;2;183;216;226m[48;2;184;216;227m▀[0m[38;2;183;215;226m[48;2;185;217;227m▀[0m[38;2;165;197;207m[48;2;187;218;228m▀[0m[38;2;135;169;179m[48;2;61;107;120m▀[0m[38;2;167;199;208m▀[0m[38;2;132;170;180m▀[0m              
               [38;2;40;44;45m[48;2;39;40;41m▀[0m[38;2;178;173;190m[48;2;246;246;246m▀[0m[38;2;178;173;189m[48;2;233;231;234m▀[0m[38;2;177;171;188m[48;2;205;201;212m▀[0m[38;2;175;169;187m[48;2;182;177;193m▀[0m[38;2;99;146;169m[48;2;113;162;185m▀[0m[38;2;44;48;50m[48;2;51;54;53m▀[0m[38;2;44;48;50m[48;2;54;56;54m▀[0m[38;2;55;57;55m▄[0m                
             [38;2;44;48;50m▄[0m[38;2;44;48;49m▀[0m[38;2;171;170;170m[48;2;127;127;127m▀[0m[38;2;255;255;255m[48;2;255;255;255m▀[0m[38;2;245;245;245m[48;2;255;255;255m▀[0m[38;2;245;245;245m[48;2;245;245;245m▀[0m[38;2;245;245;245m[48;2;252;253;254m▀[0m[38;2;171;217;227m[48;2;239;244;244m▀[0m[38;2;57;59;56m[48;2;50;52;49m▀[0m[38;2;56;58;55m[48;2;55;58;55m▀[0m[38;2;57;59;56m[48;2;56;58;55m▀[0m[38;2;16;17;16m[48;2;68;70;66m▀[0m               
                [38;2;245;246;246m[48;2;245;246;245m▀[0m[38;2;251;252;252m[48;2;245;246;246m▀[0m[38;2;245;245;246m[48;2;245;245;245m▀[0m[38;2;245;246;245m[48;2;245;245;245m▀[0m[38;2;239;243;244m[48;2;245;245;245m▀[0m[38;2;105;147;157m[48;2;158;221;237m▀[0m[38;2;56;58;56m▀[0m[38;2;48;51;48m▀[0m[38;2;67;69;65m▀[0m[38;2;91;93;86m▀[0m              
                 [38;2;211;209;218m[48;2;178;173;190m▀[0m[38;2;245;246;246m[48;2;44;43;45m▀[0m[38;2;246;246;246m[48;2;182;177;193m▀[0m[38;2;223;220;227m[48;2;97;94;102m▀[0m[38;2;181;176;193m[48;2;48;47;51m▀[0m[38;2;44;48;50m▄[0m                 
                [38;2;208;151;48m▀[0m[38;2;209;151;45m▀[0m  [38;2;106;103;112m[48;2;209;152;48m▀[0m[38;2;208;151;45m▄[0m                  
                                        
                                        
