                                        
                                        
                                        
          [38;2;158;142;109m▄[0m[38;2;217;185;146m▄[0m                            
          [38;2;217;186;138m[48;2;219;187;136m▀[0m[38;2;216;190;140m[48;2;217;191;142m▀[0m[38;2;212;184;136m[48;2;217;191;142m▀[0m[38;2;217;191;142m▄[0m        [38;2;141;135;135m▄[0m[38;2;141;137;136m[48;2;141;135;135m▀[0m[38;2;140;134;134m[48;2;140;134;134m▀[0m[38;2;141;135;135m[48;2;140;134;134m▀[0m[38;2;123;121;122m▀[0m             
          [38;2;190;160;108m▀[0m[38;2;191;159;107m[48;2;190;159;103m▀[0m[38;2;208;178;128m[48;2;194;162;109m▀[0m[38;2;214;185;140m[48;2;190;159;103m▀[0m  [38;2;42;42;42m▄[0m[38;2;254;254;254m▄[0m[38;2;253;254;254m▄[0m[38;2;54;50;51m▄[0m[38;2;28;28;28m▄[0m[38;2;109;109;109m[48;2;109;109;109m▀[0m[38;2;119;117;118m[48;2;114;114;114m▀[0m[38;2;127;123;122m[48;2;111;111;111m▀[0m[38;2;138;134;133m[48;2;85;85;85m▀[0m[38;2;131;127;126m▀[0m              
          [38;2;180;156;117m[48;2;82;61;39m▀[0m[38;2;180;154;118m[48;2;179;143;89m▀[0m[38;2;196;161;104m[48;2;185;142;91m▀[0m[38;2;191;159;110m[48;2;189;159;104m▀[0m[38;2;198;175;130m[48;2;203;170;122m▀[0m[38;2;213;182;132m[48;2;214;182;135m▀[0m[38;2;207;179;129m[48;2;244;245;245m▀[0m[38;2;243;247;246m[48;2;244;242;242m▀[0m[38;2;126;122;123m[48;2;241;241;242m▀[0m[38;2;105;103;104m[48;2;248;248;248m▀[0m[38;2;108;108;108m[48;2;110;110;110m▀[0m[38;2;110;110;110m[48;2;106;106;106m▀[0m[38;2;110;108;109m[48;2;108;108;108m▀[0m[38;2;105;105;105m▀[0m[38;2;99;94;96m▀[0m[38;2;33;29;30m▀[0m              
            [38;2;202;168;116m[48;2;190;159;105m▀[0m[38;2;191;159;109m[48;2;190;159;105m▀[0m[38;2;195;163;112m[48;2;190;159;104m▀[0m[38;2;196;162;107m[48;2;193;161;108m▀[0m[38;2;127;113;99m[48;2;224;221;209m▀[0m[38;2;244;243;246m[48;2;243;245;246m▀[0m[38;2;247;247;247m[48;2;242;242;242m▀[0m[38;2;111;111;111m[48;2;173;173;173m▀[0m[38;2;109;109;109m[48;2;110;110;110m▀[0m[38;2;108;108;108m[48;2;110;109;110m▀[0m[38;2;111;111;111m[48;2;110;110;110m▀[0m[38;2;110;110;110m[48;2;105;105;105m▀[0m[38;2;118;116;117m▄[0m               
           [38;2;96;94;86m[48;2;202;171;119m▀[0m[38;2;189;158;104m[48;2;192;159;108m▀[0m[38;2;189;162;104m[48;2;191;158;107m▀[0m[38;2;188;166;119m[48;2;79;75;81m▀[0m[38;2;241;238;228m[48;2;42;39;40m▀[0m[38;2;241;241;241m[48;2;242;242;242m▀[0m[38;2;243;243;243m[48;2;243;243;243m▀[0m[38;2;243;243;243m[48;2;242;242;242m▀[0m[38;2;242;242;242m[48;2;243;241;242m▀[0m[38;2;46;45;46m[48;2;36;35;35m▀[0m[38;2;172;172;172m[48;2;99;93;93m▀[0m[38;2;39;37;38m[48;2;29;29;29m▀[0m[38;2;107;107;107m[48;2;111;108;108m▀[0m[38;2;110;110;110m[48;2;110;110;110m▀[0m               
           [38;2;214;182;131m[48;2;189;158;114m▀[0m[38;2;190;159;103m[48;2;229;176;188m▀[0m[38;2;190;162;108m[48;2;235;174;182m▀[0m[38;2;62;59;60m[48;2;229;172;183m▀[0m[38;2;85;80;80m[48;2;243;242;242m▀[0m[38;2;241;241;241m[48;2;198;197;196m▀[0m[38;2;241;241;241m[48;2;137;70;82m▀[0m[38;2;240;240;240m[48;2;247;254;255m▀[0m[38;2;229;231;230m[48;2;150;74;86m▀[0m[38;2;241;248;244m[48;2;153;70;86m▀[0m[38;2;236;245;242m[48;2;205;205;205m▀[0m[38;2;230;173;178m[48;2;228;172;181m▀[0m[38;2;228;173;179m[48;2;231;171;179m▀[0m[38;2;108;108;108m[48;2;107;107;107m▀[0m               
           [38;2;26;14;6m▀[0m[38;2;234;175;186m[48;2;194;164;107m▀[0m[38;2;232;172;177m[48;2;238;178;188m▀[0m[38;2;234;172;183m[48;2;91;71;47m▀[0m[38;2;244;243;243m[48;2;242;243;243m▀[0m[38;2;146;73;86m[48;2;240;243;243m▀[0m[38;2;184;97;107m[48;2;225;221;222m▀[0m[38;2;208;116;111m[48;2;143;78;78m▀[0m[38;2;214;110;111m[48;2;249;242;246m▀[0m[38;2;248;244;238m[48;2;241;240;238m▀[0m[38;2;242;242;244m[48;2;50;49;45m▀[0m[38;2;238;162;175m[48;2;105;111;109m▀[0m[38;2;229;173;182m[48;2;109;109;111m▀[0m[38;2;109;109;109m[48;2;108;108;108m▀[0m[38;2;29;27;29m[48;2;102;100;101m▀[0m[38;2;125;121;118m▄[0m[38;2;216;232;203m[48;2;139;150;90m▀[0m[38;2;144;157;114m[48;2;180;188;139m▀[0m           
           [38;2;78;61;40m▄[0m[38;2;191;159;110m[48;2;191;159;108m▀[0m[38;2;192;160;108m[48;2;191;159;106m▀[0m[38;2;191;160;113m[48;2;192;160;108m▀[0m[38;2;190;161;102m[48;2;192;159;111m▀[0m[38;2;244;243;242m[48;2;240;240;242m▀[0m[38;2;242;241;241m[48;2;241;243;237m▀[0m[38;2;241;241;241m[48;2;241;241;241m▀[0m[38;2;241;241;241m[48;2;241;241;241m▀[0m[38;2;252;252;252m[48;2;241;241;241m▀[0m[38;2;108;108;108m[48;2;108;108;108m▀[0m[38;2;109;109;109m[48;2;105;105;105m▀[0m[38;2;99;99;99m[48;2;108;108;108m▀[0m[38;2;125;121;120m[48;2;109;109;111m▀[0m[38;2;113;111;112m[48;2;111;111;111m▀[0m[38;2;110;110;110m[48;2;108;107;103m▀[0m[38;2;83;79;68m▀[0m            
           [38;2;188;163;108m[48;2;187;159;104m▀[0m[38;2;189;158;104m[48;2;192;160;109m▀[0m[38;2;190;159;105m[48;2;191;160;106m▀[0m[38;2;190;161;108m[48;2;77;49;21m▀[0m[38;2;150;142;135m[48;2;189;158;114m▀[0m[38;2;241;241;241m[48;2;242;242;242m▀[0m[38;2;241;241;241m[48;2;241;241;241m▀[0m[38;2;241;241;241m[48;2;240;240;240m▀[0m[38;2;241;241;241m[48;2;241;241;241m▀[0m[38;2;240;240;240m[48;2;246;246;246m▀[0m[38;2;128;128;128m[48;2;108;108;108m▀[0m[38;2;109;109;109m[48;2;109;109;109m▀[0m[38;2;110;110;110m[48;2;109;109;109m▀[0m[38;2;88;76;76m[48;2;86;76;75m▀[0m[38;2;87;77;76m[48;2;60;52;50m▀[0m              
            [38;2;190;159;105m[48;2;46;24;11m▀[0m[38;2;191;160;106m[48;2;194;159;106m▀[0m[38;2;196;163;120m[48;2;191;160;108m▀[0m[38;2;190;159;104m[48;2;39;35;30m▀[0m[38;2;108;94;72m[48;2;245;245;245m▀[0m[38;2;240;240;243m[48;2;241;241;241m▀[0m[38;2;241;241;241m[48;2;241;241;241m▀[0m[38;2;241;241;241m[48;2;242;242;242m▀[0m[38;2;135;135;135m[48;2;241;241;241m▀[0m[38;2;108;108;108m[48;2;38;38;38m▀[0m[38;2;109;109;109m[48;2;109;109;109m▀[0m[38;2;108;108;108m[48;2;108;108;108m▀[0m[38;2;105;101;100m[48;2;109;109;109m▀[0m[38;2;88;79;80m[48;2;79;79;79m▀[0m              
            [38;2;241;241;241m[48;2;241;241;241m▀[0m[38;2;241;241;241m[48;2;241;241;241m▀[0m[38;2;241;241;241m[48;2;241;241;241m▀[0m[38;2;251;251;251m[48;2;241;241;241m▀[0m[38;2;241;241;241m[48;2;241;241;241m▀[0m[38;2;240;240;240m[48;2;242;242;242m▀[0m[38;2;241;241;241m[48;2;241;241;241m▀[0m[38;2;241;241;241m[48;2;241;241;241m▀[0m[38;2;241;241;241m[48;2;241;241;241m▀[0m[38;2;241;241;241m[48;2;241;241;241m▀[0m[38;2;241;241;241m[48;2;241;241;241m▀[0m[38;2;241;241;241m[48;2;241;241;241m▀[0m[38;2;240;240;240m[48;2;195;194;190m▀[0m[38;2;241;240;238m[48;2;72;71;69m▀[0m              
            [38;2;184;183;179m▀[0m[38;2;180;179;175m[48;2;185;184;179m▀[0m[38;2;206;205;203m[48;2;182;181;176m▀[0m[38;2;218;216;215m[48;2;183;182;177m▀[0m[38;2;238;238;236m[48;2;182;181;176m▀[0m[38;2;242;242;240m[48;2;179;179;173m▀[0m[38;2;243;242;241m[48;2;179;178;173m▀[0m[38;2;235;233;232m[48;2;182;181;176m▀[0m[38;2;216;215;214m[48;2;182;181;176m▀[0m[38;2;204;203;199m[48;2;181;180;175m▀[0m[38;2;182;181;177m[48;2;180;179;174m▀[0m[38;2;180;179;173m[48;2;179;179;172m▀[0m[38;2;181;180;175m▀[0m               
             [38;2;219;218;213m▀[0m[38;2;181;180;175m[48;2;62;62;61m▀[0m[38;2;179;178;173m▀[0m[38;2;68;68;65m▀[0m    [38;2;180;180;173m▀[0m[38;2;180;179;174m▀[0m[38;2;199;198;193m[48;2;37;37;34m▀[0m[38;2;195;194;190m▀[0m               
                                        
                                        
                                        
