                                        
                                        
                                        
                                        
                [38;2;174;77;94m▄[0m   [38;2;253;173;167m▄[0m [38;2;173;76;93m▄[0m[38;2;172;77;93m[48;2;122;55;67m▀[0m[38;2;47;31;30m▄[0m[38;2;126;85;83m[48;2;242;160;158m▀[0m[38;2;185;117;116m▀[0m             
              [38;2;224;127;132m▄[0m[38;2;170;76;92m[48;2;169;75;92m▀[0m[38;2;120;54;66m[48;2;83;41;48m▀[0m [38;2;197;134;129m▄[0m[38;2;240;163;158m[48;2;243;167;162m▀[0m[38;2;87;56;55m[48;2;66;44;42m▀[0m[38;2;65;33;37m[48;2;105;49;59m▀[0m[38;2;172;77;93m[48;2;195;63;79m▀[0m[38;2;55;33;36m[48;2;162;113;109m▀[0m[38;2;238;129;136m[48;2;237;128;135m▀[0m[38;2;238;128;136m[48;2;238;128;136m▀[0m[38;2;152;54;62m▄[0m[38;2;92;33;37m▄[0m[38;2;130;44;51m▄[0m[38;2;220;71;83m▄[0m[38;2;173;57;65m▄[0m         
      [38;2;209;207;157m▄[0m [38;2;248;244;190m▄[0m[38;2;239;152;146m▄[0m[38;2;214;128;126m[48;2;194;114;110m▀[0m  [38;2;10;11;10m▄[0m[38;2;171;76;92m[48;2;238;161;155m▀[0m[38;2;124;54;67m[48;2;215;68;81m▀[0m[38;2;116;52;63m[48;2;217;69;81m▀[0m[38;2;54;20;27m[48;2;215;69;81m▀[0m[38;2;239;161;156m[48;2;233;125;131m▀[0m[38;2;234;125;132m[48;2;242;131;138m▀[0m[38;2;211;126;127m[48;2;218;70;82m▀[0m[38;2;220;71;83m[48;2;222;69;82m▀[0m[38;2;222;72;84m[48;2;20;105;90m▀[0m[38;2;219;70;82m[48;2;17;106;91m▀[0m[38;2;225;72;84m[48;2;20;105;90m▀[0m[38;2;220;71;83m[48;2;219;70;82m▀[0m[38;2;19;108;92m[48;2;18;110;96m▀[0m[38;2;20;107;92m[48;2;18;108;93m▀[0m[38;2;19;107;92m[48;2;19;106;91m▀[0m[38;2;120;44;49m[48;2;19;106;91m▀[0m[38;2;18;111;94m[48;2;20;105;91m▀[0m[38;2;11;62;53m[48;2;20;107;91m▀[0m[38;2;232;74;86m[48;2;19;107;92m▀[0m[38;2;158;56;71m[48;2;21;85;75m▀[0m[38;2;44;19;21m[48;2;24;83;73m▀[0m[38;2;21;63;55m▄[0m[38;2;137;49;62m▄[0m   
    [38;2;249;232;112m▄[0m[38;2;152;148;102m[48;2;204;175;46m▀[0m[38;2;198;194;134m[48;2;240;206;56m▀[0m[38;2;235;230;158m[48;2;237;195;65m▀[0m[38;2;235;230;158m▄[0m[38;2;238;234;178m[48;2;172;76;93m▀[0m[38;2;210;209;160m[48;2;169;75;91m▀[0m[38;2;217;69;81m▄[0m[38;2;218;70;82m▄[0m[38;2;135;42;50m[48;2;238;161;155m▀[0m[38;2;242;166;160m[48;2;235;146;144m▀[0m[38;2;220;70;83m[48;2;189;60;71m▀[0m[38;2;216;69;81m[48;2;127;42;49m▀[0m[38;2;218;69;82m[48;2;216;69;81m▀[0m[38;2;216;69;81m[48;2;21;105;90m▀[0m[38;2;216;69;81m[48;2;13;83;71m▀[0m[38;2;63;29;31m[48;2;221;92;92m▀[0m[38;2;17;106;91m[48;2;18;107;93m▀[0m[38;2;20;107;91m[48;2;19;107;92m▀[0m[38;2;21;110;94m[48;2;20;105;90m▀[0m[38;2;18;107;92m[48;2;20;105;90m▀[0m[38;2;55;60;56m[48;2;20;105;90m▀[0m[38;2;20;105;90m[48;2;22;84;73m▀[0m[38;2;20;105;91m[48;2;10;25;22m▀[0m[38;2;20;106;91m▀[0m[38;2;20;107;91m▀[0m[38;2;20;107;92m▀[0m[38;2;19;105;90m▀[0m[38;2;21;90;78m▀[0m[38;2;23;84;74m▀[0m[38;2;23;83;73m▀[0m[38;2;24;83;73m▀[0m[38;2;22;83;73m▀[0m[38;2;21;81;71m▀[0m  
    [38;2;190;179;87m▀[0m[38;2;239;204;54m[48;2;52;41;22m▀[0m[38;2;125;107;31m[48;2;244;210;58m▀[0m[38;2;235;174;59m[48;2;132;128;89m▀[0m[38;2;233;215;128m[48;2;129;117;85m▀[0m[38;2;237;233;160m[48;2;147;106;36m▀[0m[38;2;220;69;82m[48;2;109;54;46m▀[0m[38;2;215;69;81m[48;2;217;69;81m▀[0m[38;2;215;69;81m[48;2;216;69;81m▀[0m[38;2;234;125;132m[48;2;234;125;132m▀[0m[38;2;234;126;133m[48;2;171;55;63m▀[0m[38;2;208;66;78m[48;2;243;238;182m▀[0m[38;2;226;132;63m[48;2;19;106;91m▀[0m[38;2;20;105;90m[48;2;19;105;91m▀[0m[38;2;20;107;92m[48;2;20;105;90m▀[0m[38;2;19;106;91m[48;2;20;105;90m▀[0m[38;2;218;69;82m[48;2;21;105;90m▀[0m[38;2;20;106;90m[48;2;21;106;90m▀[0m[38;2;21;105;90m[48;2;58;125;105m▀[0m[38;2;20;100;86m▀[0m[38;2;58;115;97m▀[0m               
     [38;2;155;130;39m▀[0m [38;2;235;230;158m[48;2;232;228;156m▀[0m[38;2;241;155;103m[48;2;241;155;104m▀[0m[38;2;239;204;56m[48;2;238;204;55m▀[0m[38;2;239;154;103m[48;2;236;202;52m▀[0m[38;2;238;154;103m[48;2;237;202;52m▀[0m[38;2;235;151;102m[48;2;230;226;156m▀[0m[38;2;233;228;163m[48;2;242;240;179m▀[0m[38;2;243;238;183m[48;2;23;81;71m▀[0m[38;2;225;71;83m[48;2;151;48;57m▀[0m[38;2;23;104;89m[48;2;52;32;32m▀[0m[38;2;14;56;48m[48;2;21;104;89m▀[0m[38;2;19;91;77m[48;2;20;105;90m▀[0m[38;2;20;105;90m[48;2;21;108;93m▀[0m[38;2;71;138;113m[48;2;81;157;129m▀[0m[38;2;76;152;124m▀[0m                  
      [38;2;78;41;39m▄[0m[38;2;232;228;156m[48;2;204;180;64m▀[0m[38;2;113;88;35m[48;2;163;84;54m▀[0m[38;2;229;224;153m[48;2;131;118;54m▀[0m[38;2;238;204;55m[48;2;124;107;32m▀[0m[38;2;173;133;61m[48;2;231;227;155m▀[0m[38;2;231;226;155m[48;2;230;225;156m▀[0m[38;2;179;96;61m[48;2;226;142;92m▀[0m[38;2;21;100;86m[48;2;21;104;89m▀[0m[38;2;225;89;91m[48;2;19;105;90m▀[0m[38;2;215;68;80m[48;2;20;105;90m▀[0m[38;2;217;68;81m[48;2;215;69;81m▀[0m[38;2;20;105;90m[48;2;20;104;89m▀[0m[38;2;21;105;91m[48;2;18;106;91m▀[0m[38;2;79;157;129m[48;2;104;177;152m▀[0m                   
      [38;2;213;67;80m[48;2;23;104;89m▀[0m[38;2;165;141;40m[48;2;64;51;50m▀[0m[38;2;234;150;101m[48;2;233;221;150m▀[0m[38;2;239;205;55m[48;2;167;118;42m▀[0m[38;2;169;135;80m[48;2;240;155;103m▀[0m[38;2;194;151;70m[48;2;238;154;103m▀[0m[38;2;234;231;160m[48;2;240;155;103m▀[0m[38;2;154;100;67m[48;2;161;52;61m▀[0m[38;2;217;84;88m[48;2;144;50;57m▀[0m[38;2;215;69;81m[48;2;216;69;81m▀[0m[38;2;21;104;88m[48;2;76;52;51m▀[0m[38;2;18;106;91m[48;2;20;105;90m▀[0m[38;2;18;105;90m[48;2;20;104;89m▀[0m[38;2;19;102;88m[48;2;23;81;72m▀[0m                    
      [38;2;22;85;74m▀[0m[38;2;22;82;72m[48;2;22;82;72m▀[0m[38;2;242;238;165m[48;2;23;81;72m▀[0m[38;2;232;227;156m[48;2;232;174;111m▀[0m[38;2;236;148;97m[48;2;234;229;158m▀[0m[38;2;233;150;95m[48;2;235;229;157m▀[0m[38;2;233;228;157m[48;2;237;233;160m▀[0m[38;2;20;105;90m[48;2;20;103;88m▀[0m[38;2;22;106;91m[48;2;21;105;90m▀[0m[38;2;20;105;91m[48;2;18;106;91m▀[0m[38;2;220;70;83m[48;2;22;82;72m▀[0m[38;2;22;88;77m[48;2;23;82;72m▀[0m[38;2;23;81;72m[48;2;23;82;73m▀[0m                     
        [38;2;22;81;72m▀[0m[38;2;22;82;72m[48;2;22;82;72m▀[0m[38;2;16;30;36m[48;2;23;82;72m▀[0m[38;2;240;155;104m[48;2;27;64;67m▀[0m[38;2;49;108;90m[48;2;15;32;32m▀[0m [38;2;23;81;72m[48;2;22;84;74m▀[0m[38;2;23;81;72m[48;2;22;82;72m▀[0m[38;2;23;81;72m[48;2;23;82;72m▀[0m[38;2;23;81;72m[48;2;23;81;72m▀[0m[38;2;37;77;68m[48;2;23;82;72m▀[0m                     
       [38;2;174;78;94m▄[0m[38;2;172;77;93m▄[0m[38;2;121;57;68m▄[0m[38;2;24;82;73m[48;2;22;81;72m▀[0m[38;2;23;82;72m[48;2;23;82;72m▀[0m[38;2;23;81;72m[48;2;23;83;73m▀[0m  [38;2;22;87;76m▀[0m[38;2;23;81;72m[48;2;5;11;9m▀[0m[38;2;23;81;72m[48;2;24;83;73m▀[0m[38;2;24;83;73m[48;2;24;82;72m▀[0m[38;2;22;82;72m▄[0m                    
        [38;2;175;77;95m▀[0m[38;2;147;65;79m▀[0m    [38;2;237;128;135m▄[0m[38;2;190;98;108m[48;2;241;162;162m▀[0m[38;2;18;103;88m[48;2;236;127;135m▀[0m[38;2;23;83;73m[48;2;238;136;142m▀[0m[38;2;24;82;73m[48;2;20;61;54m▀[0m[38;2;24;82;72m▀[0m                    
                [38;2;238;128;136m▀[0m[38;2;56;30;32m▀[0m                      
                                        
                                        
                                        
