                                        
                                        
                                        
                                        
               [38;2;126;126;126m▄[0m[38;2;61;61;61m▄[0m   [38;2;113;113;113m▄[0m [38;2;61;61;61m▄[0m[38;2;61;61;61m[48;2;42;42;42m▀[0m[38;2;37;37;37m▄[0m[38;2;70;70;70m[48;2;105;105;105m▀[0m[38;2;86;86;86m▀[0m             
              [38;2;89;89;89m▄[0m[38;2;59;59;59m[48;2;60;60;60m▀[0m[38;2;42;42;42m[48;2;42;42;42m▀[0m [38;2;86;86;86m▄[0m[38;2;106;106;106m[48;2;107;107;107m▀[0m[38;2;36;36;36m[48;2;26;26;26m▀[0m[38;2;47;47;47m[48;2;28;36;38m▀[0m[38;2;60;60;60m[48;2;42;55;63m▀[0m[38;2;94;94;94m[48;2;71;72;74m▀[0m[38;2;92;92;92m[48;2;91;90;88m▀[0m[38;2;92;92;92m[48;2;91;91;93m▀[0m[38;2;31;45;54m▄[0m[38;2;15;25;35m▄[0m[38;2;24;38;47m▄[0m[38;2;50;60;69m▄[0m[38;2;37;50;54m▄[0m         
      [38;2;205;201;206m▄[0m [38;2;242;237;243m▄[0m[38;2;99;99;97m▄[0m[38;2;90;90;90m[48;2;78;76;77m▀[0m  [38;2;19;19;20m▄[0m[38;2;61;61;61m[48;2;103;103;103m▀[0m[38;2;42;43;45m[48;2;49;59;67m▀[0m[38;2;43;42;41m[48;2;45;62;72m▀[0m[38;2;20;27;31m[48;2;44;61;71m▀[0m[38;2;104;104;104m[48;2;90;90;91m▀[0m[38;2;89;89;89m[48;2;91;92;95m▀[0m[38;2;80;86;86m[48;2;45;61;71m▀[0m[38;2;49;59;71m[48;2;52;58;63m▀[0m[38;2;47;61;70m[48;2;155;140;127m▀[0m[38;2;43;61;75m[48;2;155;139;126m▀[0m[38;2;51;64;73m[48;2;152;141;131m▀[0m[38;2;47;62;71m[48;2;46;64;74m▀[0m[38;2;158;141;127m[48;2;160;144;128m▀[0m[38;2;156;137;124m[48;2;156;140;127m▀[0m[38;2;157;138;124m[48;2;155;139;126m▀[0m[38;2;40;40;37m[48;2;154;138;125m▀[0m[38;2;149;137;127m[48;2;158;139;124m▀[0m[38;2;72;63;57m[48;2;156;139;128m▀[0m[38;2;56;65;72m[48;2;155;139;131m▀[0m[38;2;34;49;62m[48;2;135;124;117m▀[0m[38;2;24;30;36m[48;2;139;120;106m▀[0m[38;2;94;83;75m▄[0m[38;2;29;40;47m▄[0m   
    [38;2;225;226;228m▄[0m[38;2;157;155;158m[48;2;167;168;173m▀[0m[38;2;190;190;192m[48;2;199;200;205m▀[0m[38;2;227;227;229m[48;2;189;188;193m▀[0m[38;2;225;225;227m▄[0m[38;2;232;228;234m[48;2;60;60;61m▀[0m[38;2;200;200;200m[48;2;61;61;61m▀[0m[38;2;45;62;73m▄[0m[38;2;175;181;185m[48;2;44;62;73m▀[0m[38;2;55;57;60m[48;2;104;104;104m▀[0m[38;2;106;106;106m[48;2;97;97;97m▀[0m[38;2;50;61;68m[48;2;43;53;59m▀[0m[38;2;45;62;72m[48;2;24;37;46m▀[0m[38;2;46;63;73m[48;2;43;62;71m▀[0m[38;2;44;60;72m[48;2;155;139;128m▀[0m[38;2;44;62;72m[48;2;122;114;107m▀[0m[38;2;24;30;33m[48;2;49;71;86m▀[0m[38;2;152;140;128m[48;2;156;138;125m▀[0m[38;2;157;141;127m[48;2;156;140;127m▀[0m[38;2;160;144;131m[48;2;156;140;127m▀[0m[38;2;154;140;129m[48;2;157;141;128m▀[0m[38;2;50;45;41m[48;2;157;140;127m▀[0m[38;2;155;140;127m[48;2;136;122;111m▀[0m[38;2;156;140;127m[48;2;42;36;30m▀[0m[38;2;156;140;127m▀[0m[38;2;156;140;127m▀[0m[38;2;156;140;126m▀[0m[38;2;153;139;128m▀[0m[38;2;139;127;115m▀[0m[38;2;135;125;112m▀[0m[38;2;131;120;107m▀[0m[38;2;135;122;110m▀[0m[38;2;135;123;112m▀[0m[38;2;130;116;108m▀[0m  
    [38;2;154;155;158m▀[0m[38;2;199;198;195m[48;2;52;43;54m▀[0m[38;2;100;103;112m[48;2;203;201;213m▀[0m[38;2;188;179;207m[48;2;124;126;125m▀[0m[38;2;211;211;213m[48;2;111;111;113m▀[0m[38;2;230;227;230m[48;2;100;104;107m▀[0m[38;2;48;59;68m[48;2;66;64;90m▀[0m[38;2;44;61;71m[48;2;47;60;71m▀[0m[38;2;46;62;72m[48;2;45;62;70m▀[0m[38;2;90;90;89m[48;2;88;89;89m▀[0m[38;2;91;91;91m[48;2;37;41;44m▀[0m[38;2;50;56;63m[48;2;233;234;239m▀[0m[38;2;121;129;135m[48;2;155;138;124m▀[0m[38;2;156;139;125m[48;2;156;140;125m▀[0m[38;2;156;140;127m[48;2;156;140;127m▀[0m[38;2;156;140;125m[48;2;156;140;127m▀[0m[38;2;50;61;62m[48;2;161;138;124m▀[0m[38;2;156;140;127m[48;2;157;140;126m▀[0m[38;2;158;140;128m[48;2;188;170;157m▀[0m[38;2;149;136;121m▀[0m[38;2;174;162;154m▀[0m               
     [38;2;141;124;176m▀[0m [38;2;226;227;229m[48;2;222;225;232m▀[0m[38;2;212;180;255m[48;2;212;180;252m▀[0m[38;2;194;200;201m[48;2;196;197;201m▀[0m[38;2;206;178;244m[48;2;195;196;200m▀[0m[38;2;210;178;249m[48;2;193;193;193m▀[0m[38;2;213;175;240m[48;2;222;223;227m▀[0m[38;2;223;223;226m[48;2;240;230;245m▀[0m[38;2;234;234;240m[48;2;127;118;110m▀[0m[38;2;58;66;71m[48;2;32;43;54m▀[0m[38;2;158;142;129m[48;2;37;33;31m▀[0m[38;2;101;85;73m[48;2;156;138;128m▀[0m[38;2;141;125;113m[48;2;156;140;127m▀[0m[38;2;156;140;126m[48;2;159;143;130m▀[0m[38;2;200;184;171m[48;2;214;196;182m▀[0m[38;2;210;192;175m▀[0m                  
      [38;2;71;76;80m▄[0m[38;2;222;223;225m[48;2;174;175;179m▀[0m[38;2;86;85;91m[48;2;128;124;138m▀[0m[38;2;219;220;224m[48;2;113;114;118m▀[0m[38;2;197;198;202m[48;2;102;103;105m▀[0m[38;2;132;133;135m[48;2;223;223;225m▀[0m[38;2;224;222;224m[48;2;222;222;223m▀[0m[38;2;156;121;204m[48;2;201;165;238m▀[0m[38;2;151;136;128m[48;2;161;138;123m▀[0m[38;2;57;72;84m[48;2;156;139;126m▀[0m[38;2;45;63;74m[48;2;159;140;127m▀[0m[38;2;50;62;69m[48;2;44;63;75m▀[0m[38;2;158;139;125m[48;2;157;139;126m▀[0m[38;2;156;140;127m[48;2;156;138;124m▀[0m[38;2;216;197;181m[48;2;226;212;201m▀[0m                   
      [38;2;45;59;70m[48;2;158;140;128m▀[0m[38;2;136;137;141m[48;2;62;62;62m▀[0m[38;2;204;179;246m[48;2;233;223;222m▀[0m[38;2;194;197;202m[48;2;130;129;125m▀[0m[38;2;133;133;133m[48;2;212;180;254m▀[0m[38;2;149;149;151m[48;2;209;177;250m▀[0m[38;2;228;227;235m[48;2;217;181;243m▀[0m[38;2;144;135;174m[48;2;33;47;51m▀[0m[38;2;53;65;78m[48;2;26;42;48m▀[0m[38;2;43;61;73m[48;2;45;62;72m▀[0m[38;2;157;141;128m[48;2;48;52;53m▀[0m[38;2;155;140;126m[48;2;154;141;129m▀[0m[38;2;153;139;128m[48;2;155;139;126m▀[0m[38;2;152;136;121m[48;2;134;120;111m▀[0m                    
      [38;2;134;124;115m▀[0m[38;2;135;121;110m[48;2;135;121;108m▀[0m[38;2;240;238;223m[48;2;136;120;105m▀[0m[38;2;229;230;214m[48;2;213;201;236m▀[0m[38;2;202;176;240m[48;2;228;229;224m▀[0m[38;2;200;179;220m[48;2;230;225;229m▀[0m[38;2;223;223;231m[48;2;225;224;229m▀[0m[38;2;157;141;128m[48;2;154;138;125m▀[0m[38;2;159;143;130m[48;2;156;140;127m▀[0m[38;2;156;139;126m[48;2;156;139;129m▀[0m[38;2;49;59;66m[48;2;132;121;107m▀[0m[38;2;142;124;112m[48;2;136;120;109m▀[0m[38;2;136;119;109m[48;2;132;122;113m▀[0m                     
        [38;2;137;120;110m▀[0m[38;2;134;122;106m[48;2;135;121;108m▀[0m[38;2;55;44;52m[48;2;133;121;109m▀[0m[38;2;212;181;252m[48;2;117;103;93m▀[0m[38;2;167;150;131m[48;2;67;60;54m▀[0m[38;2;186;182;179m▀[0m[38;2;134;120;109m[48;2;133;122;113m▀[0m[38;2;136;119;109m[48;2;137;121;107m▀[0m[38;2;136;119;109m[48;2;135;121;108m▀[0m[38;2;136;119;109m[48;2;135;121;108m▀[0m[38;2;122;113;104m[48;2;135;121;108m▀[0m                     
       [38;2;78;78;78m▄[0m[38;2;79;79;79m▄[0m[38;2;182;178;174m[48;2;57;54;56m▀[0m[38;2;141;124;114m[48;2;136;120;107m▀[0m[38;2;137;120;110m[48;2;136;122;109m▀[0m[38;2;135;118;108m[48;2;137;121;108m▀[0m  [38;2;136;125;116m▀[0m[38;2;135;121;110m[48;2;86;79;77m▀[0m[38;2;137;120;109m[48;2;137;121;108m▀[0m[38;2;137;121;108m[48;2;137;121;108m▀[0m[38;2;67;58;52m[48;2;138;121;107m▀[0m                    
        [38;2;79;79;79m▀[0m[38;2;66;66;68m▀[0m[38;2;122;117;113m▀[0m   [38;2;92;92;92m▄[0m[38;2;76;74;73m[48;2;106;106;106m▀[0m[38;2;154;138;130m[48;2;90;90;90m▀[0m[38;2;138;122;110m[48;2;93;93;92m▀[0m[38;2;136;121;109m[48;2;73;66;61m▀[0m[38;2;137;121;106m▀[0m                    
                [38;2;91;91;91m▀[0m[38;2;56;56;56m▀[0m                      
                                        
                                        
                                        
