                                        
                                        
                  [38;2;253;249;215m▄[0m                     
                [38;2;39;39;31m[48;2;254;251;214m▀[0m[38;2;68;68;57m[48;2;249;244;202m▀[0m[38;2;248;245;201m[48;2;239;235;160m▀[0m[38;2;250;247;204m▄[0m[38;2;34;32;26m[48;2;250;246;204m▀[0m[38;2;61;60;42m▀[0m                  
               [38;2;57;55;37m▄[0m[38;2;241;237;161m[48;2;236;232;158m▀[0m[38;2;236;230;156m[48;2;237;193;69m▀[0m[38;2;236;232;158m[48;2;241;209;53m▀[0m[38;2;238;234;160m[48;2;236;231;157m▀[0m[38;2;238;234;161m▄[0m[38;2;237;233;159m▄[0m                  
               [38;2;240;200;45m[48;2;128;111;32m▀[0m[38;2;241;208;53m[48;2;247;217;77m▀[0m[38;2;241;208;53m[48;2;60;52;14m▀[0m[38;2;243;212;55m[48;2;89;181;218m▀[0m[38;2;241;209;53m[48;2;241;208;53m▀[0m[38;2;223;219;148m[48;2;236;232;158m▀[0m[38;2;241;236;160m▄[0m                  
              [38;2;254;241;124m[48;2;255;255;255m▀[0m[38;2;253;237;124m▀[0m[38;2;242;209;52m[48;2;133;200;217m▀[0m[38;2;52;149;189m[48;2;194;169;67m▀[0m[38;2;205;176;46m▀[0m[38;2;103;110;56m[48;2;224;193;53m▀[0m                    
              [38;2;252;252;253m[48;2;238;240;243m▀[0m[38;2;251;251;252m▄[0m[38;2;14;24;24m[48;2;251;252;253m▀[0m[38;2;241;208;53m[48;2;242;242;242m▀[0m[38;2;134;114;27m[48;2;242;209;53m▀[0m[38;2;232;201;50m[48;2;195;206;216m▀[0m[38;2;227;233;239m[48;2;219;224;230m▀[0m[38;2;203;217;228m[48;2;219;225;231m▀[0m[38;2;236;238;241m▄[0m[38;2;254;255;255m▄[0m[38;2;252;252;253m▄[0m               
           [38;2;114;161;192m▄[0m[38;2;120;163;193m[48;2;206;221;229m▀[0m[38;2;253;254;255m[48;2;250;251;252m▀[0m[38;2;251;252;253m[48;2;253;254;255m▀[0m[38;2;254;255;255m[48;2;251;251;253m▀[0m[38;2;252;252;252m[48;2;251;251;252m▀[0m[38;2;252;252;253m[48;2;250;250;249m▀[0m[38;2;251;251;251m[48;2;252;253;254m▀[0m[38;2;251;251;251m[48;2;251;251;253m▀[0m[38;2;251;251;253m[48;2;255;255;255m▀[0m[38;2;253;254;255m[48;2;251;251;252m▀[0m[38;2;254;255;255m[48;2;251;252;253m▀[0m[38;2;251;252;253m[48;2;251;251;251m▀[0m[38;2;253;254;255m[48;2;251;252;253m▀[0m[38;2;254;255;255m[48;2;254;255;255m▀[0m[38;2;255;255;255m▄[0m             
           [38;2;207;222;231m[48;2;159;192;216m▀[0m[38;2;208;224;232m[48;2;207;223;231m▀[0m[38;2;208;224;232m[48;2;206;221;229m▀[0m[38;2;207;222;231m[48;2;206;222;230m▀[0m[38;2;205;221;229m[48;2;206;221;229m▀[0m[38;2;234;240;243m[48;2;206;221;229m▀[0m[38;2;249;250;250m[48;2;207;222;230m▀[0m[38;2;254;254;255m[48;2;206;222;230m▀[0m[38;2;251;251;252m[48;2;207;222;230m▀[0m[38;2;242;244;246m[48;2;207;222;230m▀[0m[38;2;206;222;231m[48;2;207;222;230m▀[0m[38;2;206;222;230m[48;2;207;222;230m▀[0m[38;2;208;223;232m[48;2;207;223;231m▀[0m[38;2;251;251;251m[48;2;231;237;242m▀[0m[38;2;252;253;254m[48;2;252;252;253m▀[0m[38;2;252;254;254m[48;2;253;253;255m▀[0m[38;2;194;209;222m[48;2;252;252;253m▀[0m            
          [38;2;191;175;91m[48;2;227;195;50m▀[0m[38;2;242;209;53m[48;2;77;112;138m▀[0m[38;2;160;193;217m[48;2;160;193;217m▀[0m[38;2;176;202;221m[48;2;159;193;217m▀[0m[38;2;206;221;229m[48;2;157;191;215m▀[0m[38;2;206;221;230m[48;2;241;208;52m▀[0m[38;2;207;221;230m[48;2;122;160;185m▀[0m[38;2;206;221;229m[48;2;159;193;218m▀[0m[38;2;208;223;231m[48;2;158;192;216m▀[0m[38;2;207;222;230m[48;2;160;193;218m▀[0m[38;2;206;221;230m[48;2;159;192;216m▀[0m[38;2;206;222;230m[48;2;159;191;215m▀[0m[38;2;209;225;234m[48;2;138;174;196m▀[0m[38;2;206;221;229m[48;2;208;224;232m▀[0m[38;2;209;224;232m[48;2;209;224;233m▀[0m[38;2;251;251;252m[48;2;208;224;232m▀[0m[38;2;251;252;252m[48;2;231;238;244m▀[0m[38;2;255;255;255m[48;2;255;255;255m▀[0m            
          [38;2;210;176;54m▀[0m [38;2;161;193;217m[48;2;198;227;223m▀[0m[38;2;158;192;216m[48;2;136;175;186m▀[0m[38;2;76;92;104m[48;2;112;100;39m▀[0m[38;2;244;211;53m[48;2;241;208;53m▀[0m[38;2;127;158;181m[48;2;238;207;53m▀[0m[38;2;157;191;215m[48;2;160;192;217m▀[0m[38;2;159;193;218m[48;2;157;191;215m▀[0m[38;2;158;193;218m[48;2;157;191;215m▀[0m[38;2;157;191;215m[48;2;158;192;217m▀[0m[38;2;157;191;215m[48;2;159;194;219m▀[0m[38;2;158;192;217m[48;2;159;193;219m▀[0m[38;2;160;187;204m[48;2;158;191;216m▀[0m[38;2;208;223;231m[48;2;151;180;198m▀[0m[38;2;209;224;232m[48;2;150;180;198m▀[0m[38;2;208;223;231m[48;2;209;223;231m▀[0m[38;2;251;250;251m[48;2;222;232;239m▀[0m            
            [38;2;198;228;224m[48;2;140;154;149m▀[0m[38;2;201;229;224m[48;2;213;234;231m▀[0m[38;2;174;219;220m[48;2;175;219;220m▀[0m[38;2;113;97;41m[48;2;174;219;219m▀[0m[38;2;107;137;141m[48;2;174;218;219m▀[0m[38;2;158;200;205m[48;2;173;218;217m▀[0m[38;2;149;190;198m[48;2;175;219;220m▀[0m[38;2;118;181;202m[48;2;133;202;220m▀[0m[38;2;158;193;218m[48;2;39;118;164m▀[0m[38;2;158;191;215m[48;2;136;174;201m▀[0m[38;2;158;192;217m[48;2;157;191;215m▀[0m[38;2;158;192;217m[48;2;158;192;218m▀[0m[38;2;158;191;215m[48;2;159;194;218m▀[0m[38;2;156;190;215m[48;2;159;193;217m▀[0m[38;2;150;180;199m[48;2;151;182;200m▀[0m[38;2;208;223;232m[48;2;210;225;233m▀[0m            
     [38;2;3;3;3m▄[0m[38;2;255;255;255m▄[0m[38;2;255;255;255m▄[0m[38;2;255;255;255m▄[0m[38;2;154;212;228m▄[0m[38;2;252;252;252m▄[0m  [38;2;249;251;252m[48;2;206;231;227m▀[0m[38;2;185;223;221m[48;2;239;249;249m▀[0m[38;2;174;219;220m[48;2;181;221;221m▀[0m[38;2;175;219;219m[48;2;174;218;220m▀[0m[38;2;175;219;220m[48;2;174;219;220m▀[0m[38;2;173;218;217m[48;2;174;218;218m▀[0m[38;2;133;200;218m[48;2;134;201;219m▀[0m[38;2;65;168;214m[48;2;67;167;212m▀[0m[38;2;62;162;207m[48;2;66;168;212m▀[0m[38;2;99;151;186m[48;2;65;168;213m▀[0m[38;2;111;159;189m[48;2;44;124;169m▀[0m[38;2;157;191;215m[48;2;151;187;212m▀[0m[38;2;157;191;215m[48;2;158;192;216m▀[0m[38;2;152;182;200m[48;2;160;193;217m▀[0m[38;2;113;160;192m▀[0m [38;2;59;137;180m▄[0m[38;2;23;119;165m▄[0m         
     [38;2;11;11;11m▀[0m[38;2;22;21;21m▀[0m[38;2;33;35;35m▀[0m[38;2;255;255;255m▀[0m[38;2;19;113;160m[48;2;0;90;139m▀[0m[38;2;20;113;160m[48;2;0;90;139m▀[0m[38;2;19;113;160m[48;2;0;90;138m▀[0m[38;2;0;101;149m[48;2;0;88;136m▀[0m[38;2;24;59;104m[48;2;28;54;99m▀[0m[38;2;198;228;226m[48;2;14;26;46m▀[0m[38;2;209;234;230m[48;2;178;220;220m▀[0m[38;2;184;223;222m[48;2;205;231;226m▀[0m[38;2;175;219;221m[48;2;175;219;220m▀[0m[38;2;176;221;222m[48;2;20;113;160m▀[0m[38;2;22;113;159m[48;2;19;113;159m▀[0m[38;2;65;168;213m[48;2;21;113;159m▀[0m[38;2;66;168;213m[48;2;66;167;212m▀[0m[38;2;64;169;214m[48;2;66;168;213m▀[0m[38;2;66;168;213m[48;2;65;169;214m▀[0m[38;2;112;160;190m[48;2;76;139;179m▀[0m[38;2;158;192;216m[48;2;128;171;199m▀[0m[38;2;100;153;189m▀[0m[38;2;7;103;151m▄[0m[38;2;34;123;168m[48;2;14;113;160m▀[0m[38;2;30;121;167m[48;2;25;118;165m▀[0m[38;2;24;120;167m▀[0m         
           [38;2;0;94;146m▀[0m[38;2;24;60;105m▀[0m[38;2;7;31;43m▀[0m  [38;2;103;139;160m▀[0m[38;2;106;164;189m[48;2;10;28;39m▀[0m[38;2;19;114;161m[48;2;19;113;160m▀[0m[38;2;19;113;160m[48;2;44;141;191m▀[0m[38;2;20;113;160m[48;2;20;113;160m▀[0m[38;2;62;160;203m[48;2;19;112;159m▀[0m[38;2;65;168;213m[48;2;66;169;215m▀[0m[38;2;84;177;220m[48;2;66;169;215m▀[0m[38;2;66;169;215m[48;2;143;205;240m▀[0m[38;2;65;168;214m▄[0m[38;2;33;122;168m[48;2;0;91;140m▀[0m[38;2;0;90;139m[48;2;0;89;139m▀[0m[38;2;0;98;147m[48;2;0;91;140m▀[0m[38;2;26;121;167m[48;2;11;113;160m▀[0m          
                  [38;2;17;113;160m[48;2;16;45;61m▀[0m[38;2;54;153;209m[48;2;25;117;164m▀[0m[38;2;19;113;160m[48;2;19;113;160m▀[0m[38;2;19;113;160m[48;2;19;113;160m▀[0m[38;2;37;117;164m[48;2;38;118;166m▀[0m[38;2;65;167;213m[48;2;37;117;163m▀[0m[38;2;65;168;213m[48;2;37;116;163m▀[0m[38;2;151;210;243m[48;2;66;169;215m▀[0m[38;2;66;169;215m[48;2;66;169;215m▀[0m[38;2;0;46;71m[48;2;66;169;215m▀[0m[38;2;0;90;138m[48;2;66;168;214m▀[0m[38;2;0;92;142m[48;2;0;68;103m▀[0m          
               [38;2;255;255;255m▄[0m[38;2;213;212;212m[48;2;255;255;255m▀[0m[38;2;255;255;255m[48;2;255;255;255m▀[0m[38;2;136;205;225m[48;2;255;255;255m▀[0m[38;2;18;114;161m[48;2;255;255;255m▀[0m[38;2;255;255;255m[48;2;19;113;161m▀[0m[38;2;20;113;160m[48;2;0;90;139m▀[0m [38;2;15;42;55m▀[0m[38;2;37;117;163m▀[0m[38;2;36;117;164m▀[0m[38;2;37;117;163m▀[0m[38;2;37;116;163m▀[0m[38;2;38;118;165m▀[0m[38;2;38;120;167m▀[0m[38;2;40;122;169m▀[0m         
               [38;2;70;71;74m▀[0m[38;2;200;205;214m▀[0m[38;2;200;204;214m▀[0m[38;2;201;205;214m▀[0m[38;2;200;204;214m▀[0m[38;2;0;92;142m▀[0m                   
                                        
