                                        
                                        
                                        
             [38;2;60;68;71m▄[0m[38;2;208;231;244m▄[0m[38;2;182;213;233m▄[0m[38;2;149;192;219m▄[0m[38;2;148;192;220m▄[0m[38;2;33;46;59m▄[0m[38;2;89;104;115m▄[0m                    
           [38;2;208;230;242m▄[0m[38;2;208;230;244m[48;2;239;244;247m▀[0m[38;2;207;230;242m[48;2;206;228;241m▀[0m[38;2;208;230;243m[48;2;208;230;242m▀[0m[38;2;153;195;222m[48;2;166;203;227m▀[0m[38;2;147;191;218m[48;2;149;193;222m▀[0m[38;2;147;191;218m[48;2;150;194;223m▀[0m[38;2;66;102;157m[48;2;148;192;219m▀[0m[38;2;54;91;144m[48;2;26;63;108m▀[0m[38;2;151;197;226m[48;2;17;27;37m▀[0m[38;2;147;192;220m▄[0m                  
         [38;2;221;221;221m▄[0m[38;2;211;232;244m[48;2;235;240;245m▀[0m[38;2;207;228;241m[48;2;233;239;245m▀[0m[38;2;207;229;243m[48;2;233;238;243m▀[0m[38;2;208;231;245m[48;2;235;240;245m▀[0m[38;2;209;232;245m[48;2;223;228;239m▀[0m[38;2;156;153;151m[48;2;218;213;210m▀[0m[38;2;220;215;212m[48;2;246;243;242m▀[0m[38;2;148;192;220m[48;2;148;191;219m▀[0m[38;2;148;193;223m[48;2;147;191;218m▀[0m[38;2;148;192;221m[48;2;206;230;244m▀[0m[38;2;27;63;109m[48;2;149;192;220m▀[0m[38;2;161;200;225m[48;2;147;192;220m▀[0m[38;2;149;193;222m[48;2;126;164;187m▀[0m[38;2;16;19;19m▄[0m                
         [38;2;245;251;253m[48;2;235;241;247m▀[0m[38;2;235;241;247m[48;2;232;238;244m▀[0m[38;2;235;240;246m[48;2;221;227;238m▀[0m[38;2;234;240;246m[48;2;215;222;235m▀[0m[38;2;218;223;236m[48;2;213;219;234m▀[0m[38;2;213;220;236m[48;2;212;219;234m▀[0m[38;2;212;218;232m[48;2;211;217;232m▀[0m[38;2;45;45;49m[48;2;55;88;137m▀[0m[38;2;148;192;219m[48;2;149;194;223m▀[0m[38;2;141;183;210m[48;2;148;192;219m▀[0m[38;2;174;209;232m[48;2;147;190;218m▀[0m[38;2;148;192;221m[48;2;147;191;221m▀[0m[38;2;148;192;220m[48;2;149;194;223m▀[0m[38;2;149;193;222m[48;2;149;193;221m▀[0m[38;2;150;194;223m[48;2;144;189;217m▀[0m                
         [38;2;172;207;233m[48;2;131;165;203m▀[0m[38;2;66;102;157m[48;2;64;102;157m▀[0m[38;2;66;102;158m[48;2;66;102;157m▀[0m[38;2;211;217;232m[48;2;65;101;156m▀[0m[38;2;211;216;231m[48;2;67;104;160m▀[0m[38;2;211;217;231m[48;2;66;102;158m▀[0m[38;2;210;217;232m[48;2;65;102;156m▀[0m[38;2;107;138;157m[48;2;148;191;219m▀[0m[38;2;147;191;219m[48;2;148;192;220m▀[0m[38;2;147;191;219m[48;2;148;192;220m▀[0m[38;2;149;193;221m[48;2;148;192;220m▀[0m[38;2;148;192;220m[48;2;148;191;219m▀[0m[38;2;149;193;222m[48;2;148;192;220m▀[0m[38;2;147;191;219m[48;2;149;193;221m▀[0m[38;2;95;132;162m[48;2;95;135;165m▀[0m                
         [38;2;73;109;162m[48;2;66;102;158m▀[0m[38;2;66;103;158m[48;2;66;102;157m▀[0m[38;2;65;102;157m[48;2;65;103;158m▀[0m[38;2;66;102;158m[48;2;64;102;156m▀[0m[38;2;66;102;157m[48;2;65;102;156m▀[0m[38;2;66;102;156m[48;2;64;101;156m▀[0m[38;2;47;73;114m[48;2;148;192;220m▀[0m[38;2;148;192;220m[48;2;146;190;217m▀[0m[38;2;148;192;220m[48;2;147;190;217m▀[0m[38;2;146;189;217m[48;2;147;190;217m▀[0m[38;2;147;190;217m[48;2;148;191;218m▀[0m[38;2;148;192;220m[48;2;150;195;224m▀[0m[38;2;148;194;223m[48;2;148;193;222m▀[0m[38;2;118;159;189m[48;2;24;32;38m▀[0m[38;2;95;131;161m[48;2;102;137;161m▀[0m[38;2;150;170;186m▄[0m               
        [38;2;15;19;19m▀[0m[38;2;66;102;157m[48;2;71;107;161m▀[0m[38;2;65;102;156m[48;2;65;102;156m▀[0m[38;2;65;102;156m[48;2;65;102;156m▀[0m[38;2;66;102;157m[48;2;64;102;156m▀[0m[38;2;66;102;157m[48;2;146;189;216m▀[0m[38;2;148;191;219m[48;2;146;189;216m▀[0m[38;2;146;189;216m[48;2;147;190;217m▀[0m[38;2;146;190;216m[48;2;138;178;203m▀[0m[38;2;146;189;217m[48;2;147;191;218m▀[0m[38;2;150;194;223m[48;2;146;189;217m▀[0m[38;2;147;191;219m[48;2;150;193;218m▀[0m[38;2;147;190;217m[48;2;149;193;221m▀[0m[38;2;148;192;220m[48;2;97;136;167m▀[0m[38;2;95;133;163m[48;2;98;137;166m▀[0m[38;2;112;127;141m[48;2;114;138;160m▀[0m[38;2;172;191;203m[48;2;207;222;230m▀[0m[38;2;206;221;230m[48;2;205;220;228m▀[0m[38;2;180;203;218m▄[0m             
         [38;2;172;207;229m[48;2;199;223;238m▀[0m[38;2;22;34;53m[48;2;146;189;215m▀[0m[38;2;147;190;218m[48;2;146;189;216m▀[0m[38;2;146;189;216m[48;2;146;189;217m▀[0m[38;2;147;190;217m[48;2;146;189;217m▀[0m[38;2;146;190;217m[48;2;148;191;219m▀[0m[38;2;148;191;218m[48;2;147;190;217m▀[0m[38;2;147;190;217m[48;2;146;190;217m▀[0m[38;2;68;89;100m[48;2;151;194;220m▀[0m[38;2;155;195;221m[48;2;139;169;188m▀[0m[38;2;168;205;228m[48;2;166;203;227m▀[0m[38;2;148;192;219m[48;2;100;140;171m▀[0m[38;2;95;132;161m[48;2;108;148;179m▀[0m[38;2;150;195;224m[48;2;148;192;221m▀[0m[38;2;25;32;38m[48;2;148;192;220m▀[0m[38;2;206;221;229m[48;2;155;189;212m▀[0m[38;2;180;203;216m[48;2;156;190;213m▀[0m[38;2;205;220;228m[48;2;157;191;214m▀[0m    [38;2;13;110;156m▄[0m[38;2;0;85;125m▄[0m       
         [38;2;205;226;238m[48;2;207;229;241m▀[0m[38;2;146;189;217m[48;2;146;189;216m▀[0m[38;2;147;190;217m[48;2;146;189;216m▀[0m[38;2;146;189;216m[48;2;148;192;219m▀[0m[38;2;147;191;219m[48;2;148;192;219m▀[0m[38;2;147;191;219m[48;2;148;192;220m▀[0m[38;2;148;192;220m[48;2;147;191;218m▀[0m[38;2;151;193;220m[48;2;179;211;231m▀[0m[38;2;175;207;227m[48;2;177;210;231m▀[0m[38;2;173;208;229m[48;2;175;209;230m▀[0m[38;2;133;171;195m[48;2;11;16;20m▀[0m[38;2;81;114;141m[48;2;80;113;140m▀[0m[38;2;62;86;105m[48;2;40;72;92m▀[0m[38;2;147;192;220m[48;2;201;224;238m▀[0m[38;2;148;191;219m[48;2;148;192;220m▀[0m[38;2;144;178;204m[48;2;60;76;85m▀[0m[38;2;154;187;209m[48;2;63;166;210m▀[0m[38;2;157;189;212m[48;2;14;127;170m▀[0m[38;2;157;189;213m[48;2;157;190;214m▀[0m [38;2;15;111;157m▄[0m[38;2;8;104;148m[48;2;0;85;125m▀[0m[38;2;0;86;126m[48;2;0;86;128m▀[0m        
         [38;2;22;28;30m[48;2;160;159;171m▀[0m[38;2;147;191;218m[48;2;186;216;235m▀[0m[38;2;148;191;219m[48;2;152;195;223m▀[0m[38;2;149;193;221m[48;2;151;192;219m▀[0m[38;2;148;192;220m[48;2;170;204;227m▀[0m[38;2;148;192;219m[48;2;179;213;234m▀[0m[38;2;167;204;228m[48;2;174;204;223m▀[0m[38;2;177;210;229m[48;2;181;212;232m▀[0m[38;2;177;210;230m[48;2;148;191;217m▀[0m[38;2;102;141;170m[48;2;142;163;180m▀[0m[38;2;120;144;164m[48;2;143;163;180m▀[0m[38;2;142;164;181m[48;2;109;144;171m▀[0m[38;2;236;235;235m[48;2;250;249;249m▀[0m[38;2;247;245;244m[48;2;246;244;243m▀[0m[38;2;208;231;243m[48;2;251;249;248m▀[0m[38;2;59;60;61m[48;2;99;97;96m▀[0m[38;2;65;166;210m[48;2;0;137;182m▀[0m[38;2;133;198;231m[48;2;65;167;211m▀[0m[38;2;65;166;210m[48;2;64;167;211m▀[0m[38;2;64;166;210m[48;2;65;166;210m▀[0m[38;2;0;86;127m[48;2;84;174;215m▀[0m[38;2;0;85;126m[48;2;64;166;210m▀[0m[38;2;0;85;125m[48;2;49;165;211m▀[0m[38;2;29;77;95m▄[0m[38;2;37;92;116m▄[0m      
         [38;2;158;160;175m[48;2;154;155;170m▀[0m[38;2;211;234;246m[48;2;156;156;171m▀[0m[38;2;182;214;233m[48;2;47;55;60m▀[0m[38;2;183;214;234m[48;2;182;213;232m▀[0m[38;2;182;213;232m[48;2;182;212;231m▀[0m[38;2;182;214;234m[48;2;182;213;232m▀[0m[38;2;182;214;233m[48;2;183;215;235m▀[0m[38;2;177;211;233m[48;2;95;133;163m▀[0m[38;2;31;38;43m[48;2;141;162;179m▀[0m[38;2;141;161;179m[48;2;109;144;171m▀[0m[38;2;108;143;170m[48;2;108;142;169m▀[0m[38;2;110;146;174m[48;2;235;234;233m▀[0m[38;2;250;249;249m[48;2;245;244;244m▀[0m[38;2;245;243;242m[48;2;245;243;242m▀[0m[38;2;251;249;248m[48;2;238;236;235m▀[0m[38;2;244;241;240m[48;2;234;231;231m▀[0m[38;2;0;85;125m[48;2;0;85;125m▀[0m[38;2;14;111;157m[48;2;15;111;158m▀[0m[38;2;0;119;164m[48;2;15;111;157m▀[0m[38;2;0;119;163m[48;2;0;120;165m▀[0m[38;2;0;120;165m[48;2;1;131;176m▀[0m[38;2;0;120;165m▀[0m[38;2;0;120;165m▀[0m[38;2;8;54;69m▀[0m       
         [38;2;215;212;217m[48;2;184;181;181m▀[0m[38;2;170;168;181m[48;2;109;106;109m▀[0m[38;2;112;143;162m[48;2;156;156;170m▀[0m[38;2;183;215;234m[48;2;186;219;240m▀[0m[38;2;182;214;234m[48;2;184;216;235m▀[0m[38;2;182;213;232m[48;2;95;134;163m▀[0m[38;2;104;143;172m▀[0m[38;2;145;179;203m▀[0m[38;2;142;174;200m▀[0m[38;2;112;145;172m▀[0m[38;2;0;136;162m[48;2;0;82;122m▀[0m[38;2;250;249;249m[48;2;250;249;249m▀[0m[38;2;245;242;242m[48;2;244;241;240m▀[0m[38;2;246;243;242m[48;2;244;241;240m▀[0m[38;2;195;192;199m[48;2;246;243;243m▀[0m[38;2;28;26;26m▀[0m[38;2;4;24;32m▀[0m[38;2;10;113;159m[48;2;0;85;125m▀[0m[38;2;18;113;159m[48;2;15;111;157m▀[0m[38;2;34;129;177m[48;2;48;149;203m▀[0m[38;2;89;171;214m▄[0m          
          [38;2;202;199;207m[48;2;102;100;102m▀[0m        [38;2;0;86;126m[48;2;24;122;154m▀[0m[38;2;250;250;249m▀[0m[38;2;245;243;242m[48;2;252;252;252m▀[0m[38;2;245;243;242m▀[0m    [38;2;14;111;158m▀[0m[38;2;47;133;172m[48;2;62;145;181m▀[0m[38;2;37;134;183m[48;2;142;202;218m▀[0m[38;2;126;194;213m[48;2;246;244;243m▀[0m[38;2;246;244;243m▄[0m        
                   [38;2;103;141;175m[48;2;79;94;110m▀[0m         [38;2;247;244;244m▀[0m[38;2;247;244;244m▀[0m[38;2;247;246;245m▀[0m        
                                        
                                        
                                        
