                                        
                                        
                                        
                  [38;2;79;105;96m▄[0m[38;2;127;182;156m▄[0m[38;2;102;146;124m[48;2;126;181;154m▀[0m                   
        [38;2;52;65;70m▄[0m[38;2;52;65;71m[48;2;47;61;67m▀[0m[38;2;193;83;105m▀[0m[38;2;107;139;128m[48;2;107;139;128m▀[0m[38;2;105;138;127m▄[0m  [38;2;130;185;159m▄[0m[38;2;136;194;167m▄[0m[38;2;55;75;65m▄[0m[38;2;47;61;56m[48;2;245;137;153m▀[0m[38;2;83;110;101m[48;2;229;119;137m▀[0m[38;2;82;120;100m▀[0m[38;2;35;39;43m[48;2;103;120;136m▀[0m                  
    [38;2;67;80;89m▄[0m[38;2;54;68;74m▄[0m[38;2;176;77;92m[48;2;125;55;65m▀[0m[38;2;81;98;110m[48;2;52;66;71m▀[0m[38;2;49;63;69m[48;2;39;54;60m▀[0m[38;2;38;53;59m[48;2;41;57;62m▀[0m[38;2;45;59;65m▄[0m[38;2;47;63;57m[48;2;247;242;152m▀[0m[38;2;113;144;133m[48;2;107;140;129m▀[0m[38;2;78;101;92m[48;2;244;239;151m▀[0m[38;2;108;140;129m[48;2;107;140;129m▀[0m[38;2;108;140;130m[48;2;108;140;129m▀[0m[38;2;117;147;135m[48;2;82;109;99m▀[0m[38;2;135;162;147m[48;2;238;103;130m▀[0m[38;2;67;31;37m▀[0m[38;2;17;19;18m[48;2;7;10;9m▀[0m[38;2;83;102;114m▄[0m[38;2;55;69;75m[48;2;52;66;71m▀[0m[38;2;233;102;127m▄[0m[38;2;232;103;128m▄[0m[38;2;235;110;135m▄[0m[38;2;194;104;121m▄[0m[38;2;235;135;154m▄[0m[38;2;98;115;129m▄[0m            
  [38;2;14;18;19m▀[0m[38;2;66;79;88m[48;2;59;72;79m▀[0m[38;2;53;66;72m[48;2;52;66;72m▀[0m[38;2;42;55;59m[48;2;47;59;64m▀[0m[38;2;52;66;71m[48;2;51;65;70m▀[0m[38;2;28;37;40m[48;2;51;64;70m▀[0m[38;2;44;59;65m[48;2;55;67;73m▀[0m[38;2;42;57;63m[48;2;72;87;96m▀[0m[38;2;43;59;65m[48;2;71;86;95m▀[0m[38;2;137;163;150m[48;2;133;160;146m▀[0m[38;2;106;137;126m[48;2;79;105;96m▀[0m[38;2;243;236;148m[48;2;23;32;27m▀[0m[38;2;85;116;103m[48;2;58;72;78m▀[0m[38;2;20;28;30m[48;2;79;97;108m▀[0m[38;2;17;26;27m[48;2;79;97;109m▀[0m[38;2;52;66;71m[48;2;78;96;107m▀[0m[38;2;53;67;72m[48;2;79;97;108m▀[0m[38;2;78;96;107m[48;2;78;96;107m▀[0m[38;2;79;96;106m[48;2;78;96;107m▀[0m[38;2;53;66;72m[48;2;52;67;72m▀[0m[38;2;82;99;112m[48;2;97;113;127m▀[0m[38;2;233;106;131m[48;2;105;122;137m▀[0m[38;2;234;132;152m[48;2;235;134;154m▀[0m[38;2;105;123;139m[48;2;104;121;137m▀[0m[38;2;66;79;89m[48;2;106;123;139m▀[0m[38;2;105;123;139m[48;2;105;123;140m▀[0m[38;2;44;51;57m[48;2;105;122;138m▀[0m           
    [38;2;32;41;46m▀[0m[38;2;51;65;71m▀[0m[38;2;52;66;71m[48;2;52;65;71m▀[0m[38;2;53;67;73m[48;2;66;80;88m▀[0m[38;2;74;90;99m[48;2;212;208;84m▀[0m[38;2;74;90;99m[48;2;79;96;106m▀[0m[38;2;74;90;99m[48;2;74;90;99m▀[0m[38;2;45;54;59m[48;2;78;96;107m▀[0m[38;2;78;96;107m[48;2;78;97;108m▀[0m[38;2;78;96;107m[48;2;80;98;109m▀[0m[38;2;79;98;109m[48;2;81;97;111m▀[0m[38;2;79;97;108m[48;2;69;82;91m▀[0m[38;2;78;96;107m[48;2;46;56;62m▀[0m[38;2;78;96;106m[48;2;78;97;108m▀[0m[38;2;44;55;60m[48;2;78;96;107m▀[0m[38;2;78;97;108m[48;2;81;98;109m▀[0m[38;2;81;98;110m[48;2;102;119;134m▀[0m[38;2;82;99;110m[48;2;104;120;135m▀[0m[38;2;77;88;100m[48;2;104;121;137m▀[0m[38;2;106;123;138m[48;2;104;121;136m▀[0m[38;2;105;123;140m[48;2;93;110;124m▀[0m[38;2;105;121;136m[48;2;55;68;76m▀[0m[38;2;104;121;137m▀[0m[38;2;104;122;138m▀[0m[38;2;101;119;135m▀[0m[38;2;117;127;137m▀[0m  [38;2;100;162;186m▄[0m[38;2;80;163;171m[48;2;98;151;171m▀[0m[38;2;163;216;225m▀[0m[38;2;122;188;194m▀[0m    
       [38;2;22;26;28m▀[0m[38;2;74;90;100m[48;2;20;22;22m▀[0m[38;2;32;40;50m[48;2;75;92;101m▀[0m[38;2;74;91;100m[48;2;57;64;68m▀[0m[38;2;95;112;126m[48;2;105;122;138m▀[0m[38;2;80;98;109m[48;2;23;28;31m▀[0m[38;2;224;221;87m[48;2;79;97;108m▀[0m[38;2;238;236;149m[48;2;79;98;109m▀[0m[38;2;228;226;145m[48;2;80;98;109m▀[0m[38;2;81;98;109m[48;2;93;50;57m▀[0m[38;2;78;96;107m[48;2;79;115;120m▀[0m[38;2;78;96;107m[48;2;40;57;59m▀[0m[38;2;92;109;122m[48;2;76;113;118m▀[0m[38;2;52;63;70m[48;2;32;35;34m▀[0m          [38;2;129;201;208m▄[0m[38;2;97;148;168m[48;2;130;203;211m▀[0m[38;2;100;159;181m▀[0m      
         [38;2;22;21;21m▀[0m[38;2;110;128;145m[48;2;77;114;119m▀[0m[38;2;101;118;134m[48;2;44;23;26m▀[0m[38;2;49;26;30m[48;2;150;75;83m▀[0m[38;2;120;64;74m[48;2;74;110;114m▀[0m[38;2;106;59;70m[48;2;96;90;68m▀[0m[38;2;51;77;79m[48;2;167;73;87m▀[0m[38;2;78;120;122m[48;2;68;65;50m▀[0m[38;2;160;153;117m[48;2;159;152;116m▀[0m[38;2;78;115;120m[48;2;158;151;115m▀[0m[38;2;75;112;116m[48;2;96;150;152m▀[0m[38;2;76;114;119m[48;2;109;171;173m▀[0m[38;2;21;27;26m▄[0m         [38;2;130;202;210m[48;2;129;202;211m▀[0m[38;2;131;204;211m[48;2;126;202;211m▀[0m       
           [38;2;3;5;5m▀[0m  [38;2;87;85;66m[48;2;52;80;80m▀[0m[38;2;175;77;91m[48;2;208;88;112m▀[0m[38;2;196;83;102m[48;2;236;232;180m▀[0m[38;2;228;98;122m[48;2;154;73;89m▀[0m[38;2;238;234;199m[48;2;237;134;156m▀[0m[38;2;109;172;175m[48;2;89;129;135m▀[0m[38;2;109;170;174m[48;2;109;170;174m▀[0m[38;2;109;171;173m[48;2;109;172;176m▀[0m[38;2;25;30;30m▄[0m       [38;2;115;185;190m▄[0m[38;2;137;199;207m[48;2;121;187;192m▀[0m[38;2;140;204;214m[48;2;126;193;200m▀[0m       
           [38;2;109;170;173m▄[0m[38;2;76;112;117m▄[0m [38;2;23;28;28m▄[0m[38;2;238;236;185m[48;2;234;230;178m▀[0m[38;2;239;236;193m[48;2;238;235;184m▀[0m[38;2;238;235;201m[48;2;236;232;184m▀[0m[38;2;240;238;204m[48;2;121;184;188m▀[0m[38;2;65;51;47m[48;2;110;172;175m▀[0m[38;2;115;176;178m[48;2;119;179;181m▀[0m[38;2;94;148;151m[48;2;112;173;176m▀[0m[38;2;121;177;180m[48;2;108;169;171m▀[0m[38;2;140;188;191m▄[0m    [38;2;40;56;57m▄[0m[38;2;112;171;174m▄[0m[38;2;108;179;184m[48;2;113;172;175m▀[0m[38;2;109;178;183m[48;2;109;170;172m▀[0m[38;2;114;184;189m[48;2;111;178;183m▀[0m       
           [38;2;109;173;177m[48;2;107;148;149m▀[0m[38;2;104;166;169m[48;2;114;175;179m▀[0m[38;2;76;113;118m[48;2;17;18;18m▀[0m[38;2;64;98;103m[48;2;63;94;99m▀[0m[38;2;237;234;184m[48;2;128;131;106m▀[0m[38;2;237;233;181m[48;2;238;235;183m▀[0m[38;2;236;232;180m[48;2;242;238;187m▀[0m[38;2;109;172;175m[48;2;127;183;186m▀[0m[38;2;111;174;178m[48;2;12;18;17m▀[0m[38;2;109;171;175m[48;2;110;171;174m▀[0m[38;2;103;161;162m[48;2;25;35;35m▀[0m[38;2;109;170;172m[48;2;109;171;174m▀[0m[38;2;143;192;196m[48;2;116;173;176m▀[0m[38;2;142;191;195m[48;2;135;188;191m▀[0m[38;2;149;199;203m[48;2;139;191;195m▀[0m[38;2;140;189;192m[48;2;145;191;194m▀[0m[38;2;141;190;194m[48;2;120;175;179m▀[0m[38;2;119;177;181m[48;2;111;171;174m▀[0m[38;2;113;173;176m[48;2;110;171;173m▀[0m[38;2;111;174;177m[48;2;109;170;174m▀[0m[38;2;109;171;174m[48;2;93;144;147m▀[0m[38;2;92;140;144m▀[0m       
            [38;2;115;175;179m▀[0m  [38;2;109;172;176m[48;2;101;153;156m▀[0m[38;2;238;235;184m[48;2;219;211;166m▀[0m[38;2;239;235;183m[48;2;238;234;183m▀[0m[38;2;145;193;197m[48;2;53;81;83m▀[0m[38;2;16;29;32m[48;2;13;17;16m▀[0m[38;2;109;171;175m[48;2;109;172;176m▀[0m[38;2;110;172;174m[48;2;109;172;176m▀[0m[38;2;108;170;172m[48;2;109;171;174m▀[0m[38;2;109;172;175m[48;2;108;170;172m▀[0m[38;2;112;171;174m[48;2;109;173;177m▀[0m[38;2;110;170;172m[48;2;109;170;174m▀[0m[38;2;109;170;172m[48;2;109;173;176m▀[0m[38;2;110;174;178m[48;2;100;156;158m▀[0m[38;2;109;172;176m[48;2;76;113;117m▀[0m[38;2;109;170;173m[48;2;76;113;117m▀[0m[38;2;79;118;122m[48;2;77;114;119m▀[0m[38;2;77;113;117m▀[0m        
                [38;2;77;115;119m[48;2;25;37;38m▀[0m[38;2;156;144;120m[48;2;77;114;119m▀[0m[38;2;157;144;119m[48;2;151;138;115m▀[0m[38;2;11;15;16m[48;2;28;48;51m▀[0m[38;2;78;116;120m[48;2;72;113;116m▀[0m[38;2;77;115;119m[48;2;75;113;117m▀[0m[38;2;77;115;119m[48;2;130;185;189m▀[0m[38;2;77;115;119m[48;2;53;79;81m▀[0m[38;2;78;115;119m[48;2;76;114;118m▀[0m[38;2;77;114;118m[48;2;77;113;118m▀[0m[38;2;76;114;118m[48;2;77;113;118m▀[0m[38;2;76;114;118m[48;2;77;113;118m▀[0m[38;2;75;112;116m[48;2;77;114;119m▀[0m[38;2;78;114;119m[48;2;29;45;45m▀[0m[38;2;69;107;109m▀[0m         
               [38;2;33;48;49m[48;2;110;173;177m▀[0m[38;2;73;110;115m[48;2;97;153;156m▀[0m[38;2;76;113;118m[48;2;84;126;131m▀[0m[38;2;77;114;119m[48;2;75;112;116m▀[0m[38;2;76;113;118m▀[0m[38;2;77;114;119m[48;2;90;137;140m▀[0m[38;2;77;114;119m[48;2;76;113;117m▀[0m[38;2;155;199;202m[48;2;118;151;153m▀[0m[38;2;109;170;173m[48;2;82;128;131m▀[0m[38;2;73;110;114m[48;2;104;163;166m▀[0m[38;2;76;112;117m[48;2;21;33;32m▀[0m[38;2;76;113;118m▀[0m[38;2;84;125;130m▀[0m            
               [38;2;109;173;177m[48;2;80;125;129m▀[0m[38;2;108;171;175m▀[0m[38;2;80;126;128m▀[0m     [38;2;111;177;181m[48;2;117;176;180m▀[0m[38;2;49;77;77m[48;2;67;105;106m▀[0m               
                       [38;2;44;57;58m▀[0m[38;2;7;9;9m▀[0m               
                                        
                                        
