                                        
                                        
                                        
                                 [38;2;70;135;194m▄[0m[38;2;54;78;99m▀[0m     
                                [38;2;59;114;165m[48;2;70;134;194m▀[0m[38;2;22;26;31m[48;2;70;134;194m▀[0m[38;2;42;81;116m▄[0m[38;2;10;18;25m[48;2;70;135;194m▀[0m[38;2;42;62;82m[48;2;114;164;210m▀[0m   
                             [38;2;9;12;16m▄[0m[38;2;29;54;77m▄[0m[38;2;67;117;162m[48;2;71;135;194m▀[0m[38;2;70;134;194m[48;2;70;135;194m▀[0m[38;2;229;158;144m[48;2;228;147;130m▀[0m[38;2;70;134;194m[48;2;26;22;22m▀[0m[38;2;216;151;136m[48;2;225;227;227m▀[0m[38;2;45;58;68m[48;2;21;19;18m▀[0m   
           [38;2;37;55;71m▄[0m[38;2;106;151;194m▄[0m[38;2;112;161;207m▄[0m[38;2;21;30;36m▄[0m      [38;2;6;4;3m▀[0m[38;2;9;5;5m[48;2;222;135;118m▀[0m[38;2;230;165;151m[48;2;223;136;119m▀[0m[38;2;222;135;118m▄[0m[38;2;33;63;90m[48;2;223;136;120m▀[0m[38;2;45;86;120m[48;2;70;135;194m▀[0m[38;2;108;155;197m[48;2;70;135;194m▀[0m[38;2;72;135;195m[48;2;70;135;194m▀[0m[38;2;70;135;194m[48;2;70;134;194m▀[0m[38;2;52;101;145m[48;2;223;136;118m▀[0m[38;2;70;134;194m[48;2;70;135;194m▀[0m[38;2;70;137;196m[48;2;222;135;118m▀[0m[38;2;63;119;169m[48;2;44;84;115m▀[0m[38;2;70;134;194m[48;2;43;84;115m▀[0m[38;2;252;236;212m[48;2;61;54;46m▀[0m[38;2;250;234;211m[48;2;142;82;68m▀[0m[38;2;250;234;211m[48;2;125;72;61m▀[0m[38;2;228;159;145m▀[0m 
        [38;2;66;129;187m▄[0m[38;2;86;131;173m[48;2;43;84;115m▀[0m[38;2;70;135;194m[48;2;44;85;117m▀[0m[38;2;55;104;148m[48;2;70;135;194m▀[0m[38;2;70;134;194m[48;2;70;135;194m▀[0m[38;2;70;135;194m[48;2;70;135;194m▀[0m[38;2;70;134;194m[48;2;73;136;196m▀[0m[38;2;73;137;196m[48;2;74;138;196m▀[0m[38;2;114;164;209m[48;2;70;135;194m▀[0m[38;2;114;163;208m[48;2;72;136;195m▀[0m[38;2;114;163;208m[48;2;74;138;196m▀[0m[38;2;113;163;208m[48;2;71;135;195m▀[0m[38;2;77;114;148m[48;2;50;96;139m▀[0m[38;2;77;108;136m[48;2;55;107;154m▀[0m[38;2;36;50;65m[48;2;70;134;194m▀[0m[38;2;26;21;19m[48;2;70;135;194m▀[0m[38;2;32;29;28m[48;2;71;135;194m▀[0m[38;2;80;50;45m[48;2;42;80;115m▀[0m[38;2;224;136;119m[48;2;30;26;25m▀[0m[38;2;70;134;194m[48;2;70;135;194m▀[0m[38;2;70;135;194m[48;2;70;135;194m▀[0m[38;2;70;134;194m[48;2;70;135;194m▀[0m[38;2;222;135;118m[48;2;145;84;71m▀[0m[38;2;222;135;118m[48;2;217;131;115m▀[0m[38;2;222;135;118m[48;2;182;108;93m▀[0m[38;2;43;84;115m[48;2;70;134;194m▀[0m[38;2;43;83;115m[48;2;43;84;116m▀[0m[38;2;143;83;69m[48;2;150;88;74m▀[0m    
      [38;2;181;107;93m▄[0m[38;2;204;123;106m[48;2;32;66;92m▀[0m[38;2;43;84;115m[48;2;142;82;69m▀[0m[38;2;44;84;115m[48;2;14;26;39m▀[0m[38;2;70;135;194m[48;2;70;136;197m▀[0m[38;2;70;134;194m[48;2;250;234;211m▀[0m[38;2;250;239;214m[48;2;56;102;144m▀[0m[38;2;112;161;207m[48;2;113;163;208m▀[0m[38;2;114;163;208m[48;2;113;163;208m▀[0m[38;2;114;163;208m[48;2;71;136;195m▀[0m[38;2;70;135;194m[48;2;70;135;194m▀[0m[38;2;70;135;194m[48;2;70;134;194m▀[0m[38;2;70;134;194m[48;2;70;135;194m▀[0m[38;2;70;134;194m[48;2;70;134;194m▀[0m[38;2;70;135;194m[48;2;70;134;194m▀[0m[38;2;45;86;124m[48;2;69;133;191m▀[0m[38;2;70;135;194m[48;2;70;134;194m▀[0m[38;2;70;135;194m[48;2;69;135;196m▀[0m[38;2;112;162;207m[48;2;52;97;140m▀[0m[38;2;87;146;199m[48;2;113;163;208m▀[0m[38;2;33;29;28m[48;2;69;132;191m▀[0m[38;2;73;141;203m[48;2;70;135;194m▀[0m[38;2;70;134;194m[48;2;70;135;194m▀[0m[38;2;70;135;194m[48;2;70;135;194m▀[0m[38;2;70;134;194m[48;2;223;137;120m▀[0m[38;2;67;56;61m[48;2;70;134;194m▀[0m[38;2;69;133;191m[48;2;68;132;190m▀[0m[38;2;70;135;194m[48;2;70;134;194m▀[0m[38;2;70;136;196m[48;2;45;87;126m▀[0m     
    [38;2;209;127;110m▄[0m[38;2;181;108;93m[48;2;56;34;28m▀[0m[38;2;142;82;69m[48;2;141;82;69m▀[0m[38;2;142;82;69m[48;2;142;82;69m▀[0m[38;2;224;156;144m▀[0m[38;2;230;165;151m[48;2;209;129;113m▀[0m[38;2;222;138;121m[48;2;224;137;121m▀[0m[38;2;222;134;118m[48;2;87;65;67m▀[0m[38;2;114;163;208m[48;2;226;137;119m▀[0m[38;2;47;84;118m[48;2;223;139;123m▀[0m[38;2;71;135;194m[48;2;70;134;194m▀[0m[38;2;58;111;160m[48;2;156;140;121m▀[0m[38;2;70;135;194m[48;2;70;135;195m▀[0m[38;2;70;135;194m[48;2;71;135;194m▀[0m[38;2;70;135;194m[48;2;70;135;194m▀[0m[38;2;70;135;194m[48;2;70;134;194m▀[0m[38;2;70;135;194m[48;2;70;134;194m▀[0m[38;2;70;135;194m[48;2;70;134;194m▀[0m[38;2;70;135;194m[48;2;70;135;194m▀[0m[38;2;65;128;185m[48;2;70;135;194m▀[0m[38;2;74;140;200m[48;2;47;72;94m▀[0m[38;2;112;161;207m[48;2;132;122;107m▀[0m[38;2;71;136;194m[48;2;71;135;194m▀[0m[38;2;70;134;194m[48;2;70;135;194m▀[0m[38;2;70;135;194m[48;2;70;134;194m▀[0m[38;2;70;135;194m[48;2;223;136;120m▀[0m[38;2;224;136;119m[48;2;70;135;195m▀[0m[38;2;70;135;194m[48;2;70;134;194m▀[0m[38;2;43;84;115m[48;2;43;84;115m▀[0m[38;2;70;134;194m[48;2;41;74;104m▀[0m[38;2;64;119;171m[48;2;100;154;202m▀[0m     
  [38;2;226;149;134m▄[0m[38;2;230;164;151m[48;2;141;82;69m▀[0m[38;2;141;82;69m[48;2;140;81;67m▀[0m[38;2;141;82;69m[48;2;141;83;69m▀[0m[38;2;141;82;69m[48;2;142;82;69m▀[0m[38;2;141;83;69m[48;2;142;82;69m▀[0m[38;2;16;31;45m[48;2;70;135;194m▀[0m[38;2;70;134;194m[48;2;71;136;194m▀[0m[38;2;251;235;211m[48;2;73;137;196m▀[0m[38;2;70;134;194m[48;2;71;135;194m▀[0m[38;2;70;134;194m[48;2;71;135;194m▀[0m[38;2;225;137;119m[48;2;72;136;195m▀[0m[38;2;225;136;120m[48;2;157;140;121m▀[0m[38;2;227;138;121m[48;2;222;135;118m▀[0m[38;2;43;67;88m[48;2;226;150;136m▀[0m[38;2;114;102;104m[48;2;12;9;7m▀[0m[38;2;70;134;194m[48;2;108;160;207m▀[0m[38;2;68;132;190m▀[0m[38;2;70;134;194m[48;2;74;138;197m▀[0m[38;2;70;134;194m[48;2;39;77;106m▀[0m[38;2;62;122;177m[48;2;157;140;121m▀[0m[38;2;70;134;194m[48;2;44;84;115m▀[0m[38;2;70;134;194m[48;2;43;84;115m▀[0m[38;2;70;133;192m[48;2;44;84;115m▀[0m[38;2;84;83;79m[48;2;157;140;121m▀[0m[38;2;70;135;194m[48;2;226;151;137m▀[0m[38;2;174;103;89m[48;2;191;111;94m▀[0m[38;2;54;108;158m[48;2;70;135;195m▀[0m[38;2;70;135;194m[48;2;70;135;194m▀[0m[38;2;70;135;194m[48;2;70;134;194m▀[0m[38;2;44;84;115m[48;2;44;84;115m▀[0m       
 [38;2;236;157;141m▄[0m[38;2;222;135;118m[48;2;147;86;72m▀[0m[38;2;142;82;69m[48;2;141;82;69m▀[0m[38;2;141;82;69m[48;2;142;82;69m▀[0m[38;2;142;82;69m[48;2;141;82;69m▀[0m[38;2;142;82;69m[48;2;142;82;69m▀[0m[38;2;141;82;69m[48;2;144;84;70m▀[0m[38;2;70;135;194m[48;2;70;134;194m▀[0m[38;2;70;135;194m[48;2;67;130;188m▀[0m[38;2;70;135;194m[48;2;70;134;194m▀[0m[38;2;71;135;194m[48;2;72;90;105m▀[0m[38;2;71;136;195m[48;2;26;41;55m▀[0m[38;2;158;141;122m[48;2;157;140;121m▀[0m[38;2;157;140;121m[48;2;116;103;107m▀[0m[38;2;114;102;105m[48;2;114;102;105m▀[0m[38;2;114;102;105m[48;2;31;18;18m▀[0m[38;2;222;135;118m[48;2;103;60;60m▀[0m[38;2;222;135;118m[48;2;103;60;60m▀[0m[38;2;159;97;85m▀[0m[38;2;223;138;122m[48;2;139;85;73m▀[0m [38;2;57;34;33m▄[0m[38;2;225;137;120m[48;2;70;46;42m▀[0m[38;2;60;56;63m[48;2;39;78;108m▀[0m[38;2;222;135;118m[48;2;43;72;94m▀[0m[38;2;162;99;87m[48;2;157;140;121m▀[0m[38;2;67;133;193m[48;2;46;39;33m▀[0m[38;2;70;135;194m[48;2;70;135;194m▀[0m[38;2;70;135;194m[48;2;70;135;194m▀[0m[38;2;70;135;194m[48;2;44;84;115m▀[0m[38;2;70;134;194m[48;2;73;137;195m▀[0m[38;2;43;83;115m[48;2;37;71;98m▀[0m       
 [38;2;222;135;118m[48;2;222;135;118m▀[0m[38;2;142;82;69m[48;2;141;83;69m▀[0m[38;2;141;82;69m[48;2;142;83;69m▀[0m[38;2;141;82;69m[48;2;142;83;69m▀[0m[38;2;142;82;69m[48;2;141;82;69m▀[0m[38;2;142;82;69m[48;2;142;82;69m▀[0m[38;2;36;60;80m[48;2;44;84;115m▀[0m[38;2;43;84;115m[48;2;43;84;115m▀[0m[38;2;59;113;160m[48;2;43;84;115m▀[0m[38;2;69;132;191m[48;2;157;140;121m▀[0m[38;2;153;136;117m[48;2;157;140;121m▀[0m[38;2;157;140;121m[48;2;158;146;129m▀[0m[38;2;77;70;67m[48;2;114;102;105m▀[0m[38;2;114;102;105m[48;2;114;102;105m▀[0m[38;2;114;102;105m▀[0m       [38;2;70;62;63m[48;2;115;103;106m▀[0m[38;2;81;72;68m[48;2;114;102;105m▀[0m[38;2;162;144;124m[48;2;156;140;121m▀[0m[38;2;157;140;121m[48;2;250;234;210m▀[0m[38;2;61;57;51m[48;2;176;165;150m▀[0m[38;2;70;134;194m▀[0m[38;2;70;135;194m[48;2;71;135;195m▀[0m[38;2;43;84;115m[48;2;36;69;95m▀[0m         
 [38;2;222;135;118m[48;2;222;135;118m▀[0m[38;2;141;83;69m[48;2;141;82;69m▀[0m[38;2;148;86;71m[48;2;142;82;69m▀[0m[38;2;142;82;69m[48;2;141;82;69m▀[0m[38;2;142;83;69m[48;2;141;82;69m▀[0m[38;2;141;82;69m[48;2;36;20;17m▀[0m[38;2;43;84;115m[48;2;44;84;115m▀[0m[38;2;87;84;79m[48;2;155;139;120m▀[0m[38;2;158;141;122m[48;2;213;197;175m▀[0m[38;2;157;140;121m[48;2;32;66;94m▀[0m[38;2;71;63;66m[48;2;114;102;105m▀[0m[38;2;114;102;105m[48;2;114;102;105m▀[0m[38;2;114;102;105m▀[0m         [38;2;115;102;105m[48;2;120;107;107m▀[0m[38;2;115;102;105m[48;2;139;124;114m▀[0m[38;2;252;241;217m▀[0m[38;2;250;234;211m[48;2;250;234;210m▀[0m[38;2;251;241;217m[48;2;251;235;211m▀[0m [38;2;112;162;206m▀[0m[38;2;119;171;219m▄[0m         
  [38;2;142;83;69m[48;2;137;82;72m▀[0m [38;2;141;82;69m▀[0m[38;2;143;82;69m[48;2;90;53;46m▀[0m[38;2;122;71;60m[48;2;173;103;88m▀[0m[38;2;43;83;115m▀[0m[38;2;250;234;211m[48;2;250;234;211m▀[0m[38;2;250;234;211m[48;2;251;237;214m▀[0m[38;2;37;70;96m[48;2;32;62;86m▀[0m[38;2;114;102;105m[48;2;155;138;121m▀[0m          [38;2;74;66;58m[48;2;158;141;121m▀[0m[38;2;154;137;119m[48;2;157;140;121m▀[0m[38;2;27;24;22m▀[0m [38;2;250;234;211m[48;2;250;234;211m▀[0m[38;2;250;234;211m[48;2;250;234;211m▀[0m            
        [38;2;250;234;211m[48;2;249;234;211m▀[0m[38;2;131;123;110m[48;2;49;45;41m▀[0m[38;2;98;88;76m[48;2;158;141;122m▀[0m[38;2;157;140;121m[48;2;135;120;103m▀[0m          [38;2;110;98;85m[48;2;3;3;3m▀[0m[38;2;157;140;121m[48;2;157;140;121m▀[0m   [38;2;250;234;211m[48;2;251;235;211m▀[0m[38;2;250;234;211m▄[0m           
        [38;2;250;234;211m[48;2;231;219;198m▀[0m[38;2;93;86;78m▄[0m[38;2;112;100;86m[48;2;85;82;81m▀[0m[38;2;19;16;16m▀[0m[38;2;19;16;16m▀[0m          [38;2;157;140;121m▀[0m[38;2;21;19;18m[48;2;4;4;4m▀[0m[38;2;1;1;1m▄[0m  [38;2;250;234;211m[48;2;249;234;210m▀[0m[38;2;250;234;211m▄[0m[38;2;32;29;28m▄[0m[38;2;53;50;49m▄[0m        
                              [38;2;1;1;1m▀[0m[38;2;0;0;0m▀[0m        
                                        
                                        
