                                        
                                        
                                        
                                 [38;2;114;208;246m▄[0m[38;2;63;94;110m▀[0m     
                                [38;2;88;163;199m[48;2;113;208;246m▀[0m[38;2;22;26;31m[48;2;113;208;246m▀[0m[38;2;72;131;152m▄[0m[38;2;13;23;28m[48;2;113;208;246m▀[0m[38;2;57;88;100m[48;2;149;224;253m▀[0m   
                             [38;2;12;18;20m▄[0m[38;2;38;69;88m▄[0m[38;2;93;161;193m[48;2;114;208;246m▀[0m[38;2;113;208;246m[48;2;113;208;246m▀[0m[38;2;28;157;214m[48;2;27;142;196m▀[0m[38;2;113;207;246m[48;2;26;22;22m▀[0m[38;2;8;144;201m[48;2;225;227;227m▀[0m[38;2;48;61;70m[48;2;21;19;18m▀[0m   
           [38;2;45;68;80m▄[0m[38;2;134;199;224m▄[0m[38;2;148;222;250m▄[0m[38;2;21;30;36m▄[0m      [38;2;6;4;3m▀[0m[38;2;7;9;9m[48;2;0;134;197m▀[0m[38;2;37;164;220m[48;2;2;135;197m▀[0m[38;2;0;134;197m▄[0m[38;2;55;100;116m[48;2;1;135;199m▀[0m[38;2;76;138;157m[48;2;113;208;246m▀[0m[38;2;142;212;237m[48;2;113;208;246m▀[0m[38;2;115;207;247m[48;2;113;208;246m▀[0m[38;2;113;208;246m[48;2;113;207;246m▀[0m[38;2;81;149;177m[48;2;3;132;193m▀[0m[38;2;113;208;246m[48;2;113;208;246m▀[0m[38;2;113;209;248m[48;2;2;132;193m▀[0m[38;2;102;185;217m[48;2;73;134;151m▀[0m[38;2;113;207;246m[48;2;72;134;151m▀[0m[38;2;252;236;212m[48;2;61;54;46m▀[0m[38;2;250;234;211m[48;2;0;80;120m▀[0m[38;2;250;234;211m[48;2;11;71;102m▀[0m[38;2;7;148;210m▀[0m 
        [38;2;106;197;235m▄[0m[38;2;116;182;209m[48;2;72;134;151m▀[0m[38;2;113;208;246m[48;2;74;135;153m▀[0m[38;2;90;164;190m[48;2;113;208;246m▀[0m[38;2;113;207;246m[48;2;113;208;246m▀[0m[38;2;113;208;246m[48;2;113;208;247m▀[0m[38;2;113;207;246m[48;2;115;209;247m▀[0m[38;2;116;209;247m[48;2;117;210;247m▀[0m[38;2;149;224;252m[48;2;113;208;246m▀[0m[38;2;149;223;251m[48;2;115;209;247m▀[0m[38;2;149;223;251m[48;2;117;210;247m▀[0m[38;2;149;223;251m[48;2;114;208;247m▀[0m[38;2;108;166;184m[48;2;74;136;168m▀[0m[38;2;104;155;170m[48;2;91;168;197m▀[0m[38;2;26;79;105m[48;2;113;208;246m▀[0m[38;2;26;21;19m[48;2;113;208;246m▀[0m[38;2;32;29;28m[48;2;114;209;246m▀[0m[38;2;10;68;97m[48;2;58;107;134m▀[0m[38;2;1;135;198m[48;2;30;26;25m▀[0m[38;2;113;207;246m[48;2;113;208;246m▀[0m[38;2;113;208;246m[48;2;113;208;246m▀[0m[38;2;113;208;246m[48;2;113;208;246m▀[0m[38;2;2;132;193m[48;2;0;82;124m▀[0m[38;2;9;132;191m[48;2;1;128;189m▀[0m[38;2;2;132;193m[48;2;0;105;157m▀[0m[38;2;73;134;152m[48;2;113;208;246m▀[0m[38;2;73;133;151m[48;2;73;134;152m▀[0m[38;2;5;81;120m[48;2;12;85;123m▀[0m    
      [38;2;0;105;157m▄[0m[38;2;0;119;175m[48;2;52;100;116m▀[0m[38;2;72;134;151m[48;2;0;80;121m▀[0m[38;2;73;134;151m[48;2;19;36;44m▀[0m[38;2;113;208;246m[48;2;113;209;249m▀[0m[38;2;113;208;246m[48;2;250;234;211m▀[0m[38;2;250;239;214m[48;2;90;159;185m▀[0m[38;2;148;222;250m[48;2;149;223;251m▀[0m[38;2;149;223;251m[48;2;149;223;251m▀[0m[38;2;149;223;251m[48;2;114;209;247m▀[0m[38;2;113;208;246m[48;2;113;208;246m▀[0m[38;2;113;208;246m[48;2;113;207;246m▀[0m[38;2;113;207;246m[48;2;113;208;246m▀[0m[38;2;113;208;246m[48;2;113;208;246m▀[0m[38;2;113;208;246m[48;2;113;207;246m▀[0m[38;2;76;139;162m[48;2;110;202;241m▀[0m[38;2;113;208;246m[48;2;113;207;246m▀[0m[38;2;113;208;246m[48;2;112;208;247m▀[0m[38;2;148;222;251m[48;2;82;149;176m▀[0m[38;2;128;214;248m[48;2;149;223;251m▀[0m[38;2;33;29;28m[48;2;109;199;238m▀[0m[38;2;114;211;253m[48;2;113;208;246m▀[0m[38;2;113;207;246m[48;2;113;208;246m▀[0m[38;2;113;208;246m[48;2;113;208;246m▀[0m[38;2;113;207;246m[48;2;3;134;195m▀[0m[38;2;35;78;99m[48;2;113;208;246m▀[0m[38;2;112;205;242m[48;2;110;203;241m▀[0m[38;2;113;208;246m[48;2;113;208;246m▀[0m[38;2;113;209;248m[48;2;76;138;163m▀[0m     
    [38;2;0;124;182m▄[0m[38;2;0;106;157m[48;2;7;44;66m▀[0m[38;2;0;80;121m[48;2;0;80;120m▀[0m[38;2;0;80;121m[48;2;0;80;121m▀[0m[38;2;34;151;207m▀[0m[38;2;35;162;218m[48;2;8;126;182m▀[0m[38;2;0;134;198m[48;2;2;134;197m▀[0m[38;2;2;131;193m[48;2;89;69;70m▀[0m[38;2;149;223;251m[48;2;6;134;195m▀[0m[38;2;69;123;145m[48;2;3;136;198m▀[0m[38;2;114;208;246m[48;2;113;208;246m▀[0m[38;2;89;164;197m[48;2;156;140;121m▀[0m[38;2;113;208;246m[48;2;113;208;248m▀[0m[38;2;113;208;246m[48;2;114;209;247m▀[0m[38;2;113;208;246m[48;2;113;208;246m▀[0m[38;2;113;208;246m[48;2;113;207;246m▀[0m[38;2;113;208;246m[48;2;113;207;246m▀[0m[38;2;113;208;246m[48;2;113;207;246m▀[0m[38;2;113;208;246m[48;2;113;208;246m▀[0m[38;2;104;192;232m[48;2;113;208;246m▀[0m[38;2;116;211;250m[48;2;63;99;114m▀[0m[38;2;148;222;251m[48;2;132;122;107m▀[0m[38;2;114;209;247m[48;2;114;208;246m▀[0m[38;2;113;208;246m[48;2;113;208;246m▀[0m[38;2;113;208;246m[48;2;113;207;246m▀[0m[38;2;113;208;246m[48;2;2;133;196m▀[0m[38;2;7;133;193m[48;2;113;208;247m▀[0m[38;2;113;208;246m[48;2;113;208;246m▀[0m[38;2;72;134;151m[48;2;72;134;151m▀[0m[38;2;113;207;246m[48;2;54;95;120m▀[0m[38;2;99;178;214m[48;2;138;218;248m▀[0m     
  [38;2;16;146;206m▄[0m[38;2;35;161;219m[48;2;0;80;120m▀[0m[38;2;0;80;120m[48;2;0;79;119m▀[0m[38;2;0;80;120m[48;2;0;81;120m▀[0m[38;2;0;80;120m[48;2;0;80;121m▀[0m[38;2;0;81;120m[48;2;0;80;121m▀[0m[38;2;16;31;45m[48;2;113;208;246m▀[0m[38;2;113;208;246m[48;2;114;209;246m▀[0m[38;2;251;235;211m[48;2;116;209;247m▀[0m[38;2;113;207;246m[48;2;114;208;247m▀[0m[38;2;113;207;246m[48;2;114;208;247m▀[0m[38;2;5;134;194m[48;2;115;208;247m▀[0m[38;2;17;135;194m[48;2;157;140;121m▀[0m[38;2;19;137;195m[48;2;3;132;193m▀[0m[38;2;59;94;108m[48;2;17;147;207m▀[0m[38;2;114;102;104m[48;2;12;9;7m▀[0m[38;2;113;208;246m[48;2;145;222;252m▀[0m[38;2;108;200;238m▀[0m[38;2;113;207;246m[48;2;116;210;248m▀[0m[38;2;113;207;246m[48;2;64;119;136m▀[0m[38;2;102;189;225m[48;2;157;140;121m▀[0m[38;2;113;208;246m[48;2;73;134;151m▀[0m[38;2;113;208;246m[48;2;73;134;151m▀[0m[38;2;113;205;245m[48;2;73;134;151m▀[0m[38;2;84;83;79m[48;2;157;140;121m▀[0m[38;2;113;208;246m[48;2;17;148;208m▀[0m[38;2;5;110;161m[48;2;4;115;168m▀[0m[38;2;84;164;200m[48;2;113;208;247m▀[0m[38;2;113;208;246m[48;2;113;208;246m▀[0m[38;2;113;208;246m[48;2;113;208;246m▀[0m[38;2;73;134;151m[48;2;73;134;151m▀[0m       
 [38;2;3;133;194m▄[0m[38;2;2;132;193m[48;2;0;84;125m▀[0m[38;2;0;80;121m[48;2;0;80;120m▀[0m[38;2;0;80;120m[48;2;0;80;121m▀[0m[38;2;0;80;121m[48;2;0;80;120m▀[0m[38;2;0;80;121m[48;2;0;80;121m▀[0m[38;2;0;80;120m[48;2;0;82;122m▀[0m[38;2;113;208;246m[48;2;113;208;246m▀[0m[38;2;113;208;246m[48;2;109;200;238m▀[0m[38;2;113;208;246m[48;2;113;207;246m▀[0m[38;2;114;208;246m[48;2;86;114;122m▀[0m[38;2;114;209;247m[48;2;38;62;69m▀[0m[38;2;158;141;122m[48;2;157;140;121m▀[0m[38;2;157;140;121m[48;2;116;103;107m▀[0m[38;2;114;102;105m[48;2;114;102;105m▀[0m[38;2;114;102;105m[48;2;15;21;32m▀[0m[38;2;2;132;193m[48;2;0;58;100m▀[0m[38;2;1;132;194m[48;2;0;58;100m▀[0m[38;2;6;97;141m▀[0m[38;2;3;135;197m[48;2;25;105;144m▀[0m [38;2;29;44;61m▄[0m[38;2;7;134;194m[48;2;27;53;68m▀[0m[38;2;41;102;130m[48;2;67;126;143m▀[0m[38;2;2;132;194m[48;2;69;118;127m▀[0m[38;2;10;121;175m[48;2;157;140;121m▀[0m[38;2;109;205;244m[48;2;46;39;33m▀[0m[38;2;113;208;246m[48;2;113;208;246m▀[0m[38;2;113;208;246m[48;2;113;208;246m▀[0m[38;2;113;208;246m[48;2;73;134;151m▀[0m[38;2;113;207;246m[48;2;116;209;247m▀[0m[38;2;73;133;151m[48;2;63;116;129m▀[0m       
 [38;2;2;132;193m[48;2;3;132;193m▀[0m[38;2;0;80;121m[48;2;0;81;120m▀[0m[38;2;0;80;120m[48;2;0;81;121m▀[0m[38;2;0;80;120m[48;2;0;81;121m▀[0m[38;2;0;80;120m[48;2;0;80;120m▀[0m[38;2;0;80;121m[48;2;0;80;121m▀[0m[38;2;52;88;100m[48;2;73;134;151m▀[0m[38;2;73;134;151m[48;2;73;134;151m▀[0m[38;2;96;176;205m[48;2;72;134;151m▀[0m[38;2;111;203;242m[48;2;157;140;121m▀[0m[38;2;153;136;117m[48;2;157;140;121m▀[0m[38;2;157;140;121m[48;2;158;146;129m▀[0m[38;2;77;70;67m[48;2;114;102;105m▀[0m[38;2;114;102;105m[48;2;114;102;105m▀[0m[38;2;114;102;105m▀[0m       [38;2;70;61;63m[48;2;115;103;106m▀[0m[38;2;81;72;68m[48;2;114;102;105m▀[0m[38;2;162;144;124m[48;2;156;140;121m▀[0m[38;2;157;140;121m[48;2;250;234;210m▀[0m[38;2;61;57;51m[48;2;176;165;150m▀[0m[38;2;113;208;246m▀[0m[38;2;113;208;246m[48;2;114;208;247m▀[0m[38;2;73;134;151m[48;2;61;111;125m▀[0m         
 [38;2;3;132;193m[48;2;3;132;193m▀[0m[38;2;0;81;120m[48;2;0;80;120m▀[0m[38;2;0;84;125m[48;2;0;80;121m▀[0m[38;2;0;80;121m[48;2;0;80;120m▀[0m[38;2;0;81;121m[48;2;0;80;120m▀[0m[38;2;0;80;120m[48;2;0;20;31m▀[0m[38;2;72;134;151m[48;2;73;134;151m▀[0m[38;2;95;98;89m[48;2;155;139;120m▀[0m[38;2;158;141;122m[48;2;213;197;175m▀[0m[38;2;157;140;121m[48;2;59;116;130m▀[0m[38;2;71;63;66m[48;2;114;102;105m▀[0m[38;2;114;102;105m[48;2;114;102;105m▀[0m[38;2;114;102;105m▀[0m         [38;2;115;102;105m[48;2;120;107;107m▀[0m[38;2;115;102;105m[48;2;139;124;114m▀[0m[38;2;252;241;217m▀[0m[38;2;250;234;211m[48;2;250;234;210m▀[0m[38;2;251;241;217m[48;2;251;235;211m▀[0m [38;2;146;220;247m▀[0m[38;2;154;230;255m▄[0m         
  [38;2;0;81;121m[48;2;0;80;123m▀[0m [38;2;0;80;120m▀[0m[38;2;0;80;121m[48;2;1;59;90m▀[0m[38;2;0;69;105m[48;2;0;98;145m▀[0m[38;2;73;133;151m▀[0m[38;2;250;234;211m[48;2;250;234;211m▀[0m[38;2;250;234;211m[48;2;251;237;214m▀[0m[38;2;66;120;133m[48;2;56;104;117m▀[0m[38;2;114;102;105m[48;2;155;138;121m▀[0m          [38;2;74;66;58m[48;2;158;141;121m▀[0m[38;2;154;137;119m[48;2;157;140;121m▀[0m[38;2;27;24;22m▀[0m [38;2;250;234;211m[48;2;250;234;211m▀[0m[38;2;250;234;211m[48;2;250;234;211m▀[0m            
        [38;2;250;234;211m[48;2;249;234;211m▀[0m[38;2;131;123;110m[48;2;49;45;41m▀[0m[38;2;98;88;76m[48;2;158;141;122m▀[0m[38;2;157;140;121m[48;2;135;120;103m▀[0m          [38;2;110;98;85m[48;2;3;3;1m▀[0m[38;2;157;140;121m[48;2;157;140;121m▀[0m   [38;2;250;234;211m[48;2;251;235;211m▀[0m[38;2;250;234;211m▄[0m           
        [38;2;250;234;211m[48;2;231;219;198m▀[0m[38;2;93;86;78m▄[0m[38;2;112;100;86m[48;2;85;82;81m▀[0m[38;2;19;16;16m▀[0m[38;2;19;16;16m▀[0m          [38;2;157;140;121m▀[0m[38;2;21;19;18m[48;2;4;4;4m▀[0m[38;2;1;1;1m▄[0m  [38;2;250;234;211m[48;2;249;234;210m▀[0m[38;2;250;234;211m▄[0m[38;2;32;29;28m▄[0m[38;2;53;50;49m▄[0m        
                              [38;2;1;1;1m▀[0m[38;2;1;1;1m▀[0m        
                                        
                                        
