                                        
                                        
                                        
                                        
                                        
                [38;2;228;215;233m▄[0m[38;2;206;196;212m▄[0m[38;2;205;196;212m▄[0m[38;2;189;176;198m▄[0m[38;2;187;172;196m▄[0m[38;2;198;181;207m▄[0m                  
             [38;2;135;123;141m▄[0m[38;2;73;69;75m[48;2;202;191;209m▀[0m[38;2;208;198;213m[48;2;142;131;145m▀[0m[38;2;205;196;211m[48;2;164;151;171m▀[0m[38;2;172;161;176m[48;2;189;174;198m▀[0m[38;2;66;66;68m[48;2;163;147;173m▀[0m[38;2;110;99;108m[48;2;109;97;112m▀[0m[38;2;122;111;124m[48;2;100;89;102m▀[0m[38;2;133;122;136m[48;2;141;127;146m▀[0m[38;2;187;172;195m[48;2;184;167;192m▀[0m[38;2;181;164;191m[48;2;183;167;191m▀[0m[38;2;169;151;179m▄[0m[38;2;1;2;1m▄[0m              
            [38;2;187;171;195m▄[0m[38;2;122;111;125m[48;2;187;171;195m▀[0m[38;2;119;109;123m[48;2;187;171;195m▀[0m[38;2;187;171;195m[48;2;37;37;36m▀[0m[38;2;151;138;157m[48;2;166;149;177m▀[0m[38;2;156;139;164m[48;2;31;29;32m▀[0m[38;2;105;94;109m[48;2;39;39;39m▀[0m[38;2;40;40;40m[48;2;41;41;41m▀[0m[38;2;44;44;44m[48;2;43;43;43m▀[0m[38;2;44;44;43m[48;2;43;43;43m▀[0m[38;2;128;114;132m[48;2;49;49;49m▀[0m[38;2;129;115;133m[48;2;22;21;21m▀[0m[38;2;127;114;132m[48;2;133;119;138m▀[0m[38;2;127;114;132m[48;2;20;19;21m▀[0m              
         [38;2;199;187;206m▄[0m[38;2;39;36;39m[48;2;188;172;196m▀[0m[38;2;153;139;157m[48;2;120;110;124m▀[0m[38;2;187;171;194m[48;2;141;129;145m▀[0m[38;2;122;112;125m[48;2;187;172;195m▀[0m[38;2;51;47;53m[48;2;36;36;35m▀[0m[38;2;38;38;38m[48;2;34;34;33m▀[0m[38;2;86;78;90m[48;2;35;35;34m▀[0m[38;2;38;38;38m[48;2;35;35;35m▀[0m[38;2;40;40;40m[48;2;36;36;36m▀[0m[38;2;40;40;40m[48;2;39;39;39m▀[0m[38;2;43;43;42m[48;2;42;42;42m▀[0m[38;2;48;48;48m[48;2;53;53;52m▀[0m[38;2;22;21;22m[48;2;128;115;133m▀[0m[38;2;134;119;138m▀[0m[38;2;99;88;101m▀[0m               
        [38;2;169;155;175m[48;2;112;99;117m▀[0m[38;2;190;175;197m[48;2;119;105;125m▀[0m[38;2;187;172;196m[48;2;111;98;116m▀[0m[38;2;187;171;195m[48;2;167;152;177m▀[0m[38;2;188;172;196m[48;2;168;151;179m▀[0m[38;2;118;105;123m[48;2;166;149;178m▀[0m[38;2;90;90;91m[48;2;29;31;33m▀[0m[38;2;85;84;84m[48;2;131;138;149m▀[0m[38;2;36;36;36m[48;2;132;139;149m▀[0m[38;2;33;34;34m[48;2;137;143;155m▀[0m[38;2;37;37;37m[48;2;131;138;149m▀[0m[38;2;43;43;43m[48;2;143;150;162m▀[0m[38;2;48;48;47m[48;2;49;49;49m▀[0m[38;2;48;48;48m[48;2;48;48;48m▀[0m[38;2;132;118;137m[48;2;51;51;51m▀[0m[38;2;127;114;132m▄[0m[38;2;134;119;138m▄[0m[38;2;107;95;110m▄[0m[38;2;145;129;152m▄[0m[38;2;167;150;178m▄[0m[38;2;198;183;206m[48;2;111;99;117m▀[0m[38;2;199;187;206m[48;2;173;156;182m▀[0m[38;2;134;126;136m[48;2;181;164;189m▀[0m[38;2;131;124;131m[48;2;178;163;188m▀[0m[38;2;181;164;190m▄[0m[38;2;190;173;201m▄[0m      
    [38;2;29;27;30m▄[0m[38;2;190;174;197m▄[0m[38;2;107;99;110m[48;2;137;124;140m▀[0m[38;2;185;170;193m[48;2;187;172;196m▀[0m[38;2;182;166;190m[48;2;187;172;195m▀[0m[38;2;177;160;187m[48;2;182;168;191m▀[0m[38;2;167;150;178m[48;2;167;150;178m▀[0m[38;2;167;150;178m[48;2;169;152;179m▀[0m[38;2;167;150;178m[48;2;167;149;177m▀[0m[38;2;168;151;178m[48;2;157;141;167m▀[0m[38;2;133;141;152m[48;2;168;150;179m▀[0m[38;2;131;138;149m[48;2;167;150;179m▀[0m[38;2;40;36;42m[48;2;168;151;178m▀[0m[38;2;171;154;182m[48;2;177;161;187m▀[0m[38;2;155;168;184m[48;2;175;158;184m▀[0m[38;2;165;180;197m[48;2;172;155;182m▀[0m[38;2;175;190;208m[48;2;169;153;180m▀[0m[38;2;175;189;208m[48;2;169;151;179m▀[0m[38;2;48;48;48m[48;2;173;154;181m▀[0m[38;2;64;65;65m[48;2;174;157;184m▀[0m[38;2;26;23;26m[48;2;138;123;144m▀[0m[38;2;127;114;132m[48;2;159;141;168m▀[0m[38;2;127;114;132m[48;2;132;118;137m▀[0m[38;2;85;76;86m[48;2;118;105;121m▀[0m[38;2;169;151;179m[48;2;128;116;133m▀[0m[38;2;169;152;179m[48;2;152;136;161m▀[0m[38;2;167;150;178m[48;2;111;97;116m▀[0m[38;2;167;152;178m[48;2;156;139;165m▀[0m[38;2;168;151;178m[48;2;132;117;139m▀[0m[38;2;167;150;178m[48;2;113;100;117m▀[0m[38;2;156;138;166m[48;2;152;136;160m▀[0m[38;2;167;150;179m▄[0m[38;2;167;150;179m▄[0m[38;2;13;13;13m▄[0m  
    [38;2;227;219;230m[48;2;180;164;188m▀[0m[38;2;198;185;204m[48;2;187;171;195m▀[0m[38;2;121;111;125m[48;2;184;169;192m▀[0m[38;2;120;110;124m[48;2;174;157;184m▀[0m[38;2;125;113;128m[48;2;168;151;178m▀[0m[38;2;111;98;116m[48;2;167;150;178m▀[0m[38;2;110;97;116m[48;2;167;150;178m▀[0m[38;2;161;143;171m[48;2;168;150;178m▀[0m[38;2;167;150;178m[48;2;168;150;178m▀[0m[38;2;167;150;178m[48;2;167;150;178m▀[0m[38;2;167;150;178m[48;2;165;147;176m▀[0m[38;2;167;150;178m[48;2;111;97;116m▀[0m[38;2;167;150;178m[48;2;144;128;153m▀[0m[38;2;167;150;178m[48;2;165;148;176m▀[0m[38;2;169;151;179m[48;2;168;150;179m▀[0m[38;2;168;150;178m[48;2;167;150;178m▀[0m[38;2;167;150;178m[48;2;149;134;159m▀[0m[38;2;167;150;178m[48;2;95;84;97m▀[0m[38;2;167;150;178m[48;2;125;112;130m▀[0m[38;2;128;114;133m[48;2;114;102;117m▀[0m[38;2;127;114;132m[48;2;135;120;137m▀[0m[38;2;131;117;135m▀[0m  [38;2;150;134;158m▀[0m[38;2;87;77;88m▀[0m[38;2;170;153;180m[48;2;187;171;195m▀[0m[38;2;174;157;184m[48;2;185;170;194m▀[0m[38;2;169;151;179m[48;2;175;156;187m▀[0m[38;2;167;150;178m[48;2;104;93;110m▀[0m[38;2;167;150;178m[48;2;168;151;178m▀[0m[38;2;172;155;183m[48;2;183;169;193m▀[0m[38;2;170;153;180m[48;2;186;170;195m▀[0m[38;2;145;129;152m[48;2;194;179;204m▀[0m  
  [38;2;187;172;196m▄[0m[38;2;128;115;136m[48;2;169;152;181m▀[0m[38;2;112;99;117m[48;2;127;114;132m▀[0m[38;2;110;97;116m[48;2;68;61;70m▀[0m[38;2;120;106;126m[48;2;128;114;132m▀[0m[38;2;134;120;142m[48;2;127;114;132m▀[0m[38;2;122;108;127m[48;2;135;120;139m▀[0m[38;2;110;97;115m[48;2;129;116;134m▀[0m[38;2;112;99;117m[48;2;136;122;143m▀[0m[38;2;123;109;129m[48;2;138;123;145m▀[0m[38;2;115;102;120m[48;2;127;114;132m▀[0m[38;2;137;121;144m[48;2;90;81;93m▀[0m[38;2;142;127;149m[48;2;127;114;132m▀[0m[38;2;129;116;133m[48;2;127;114;132m▀[0m[38;2;127;114;132m[48;2;127;114;132m▀[0m[38;2;127;114;132m[48;2;127;114;132m▀[0m[38;2;122;109;127m[48;2;127;114;132m▀[0m[38;2;131;117;137m[48;2;127;114;132m▀[0m[38;2;132;118;137m[48;2;42;39;43m▀[0m[38;2;127;114;132m[48;2;129;115;133m▀[0m[38;2;124;111;128m[48;2;129;115;133m▀[0m[38;2;133;120;139m[48;2;129;115;133m▀[0m[38;2;129;114;133m[48;2;101;91;104m▀[0m[38;2;42;38;43m[48;2;104;91;108m▀[0m         [38;2;53;48;55m▀[0m[38;2;186;170;195m▀[0m[38;2;201;185;210m▀[0m  
  [38;2;131;117;135m▀[0m[38;2;127;115;132m[48;2;14;14;14m▀[0m[38;2;141;129;147m[48;2;187;171;195m▀[0m[38;2;188;172;196m[48;2;184;170;193m▀[0m[38;2;135;124;141m[48;2;169;151;179m▀[0m[38;2;100;89;103m[48;2;177;160;185m▀[0m[38;2;127;115;132m[48;2;118;105;122m▀[0m[38;2;127;114;132m[48;2;131;115;133m▀[0m[38;2;128;114;132m[48;2;128;114;132m▀[0m[38;2;126;113;131m[48;2;127;114;132m▀[0m[38;2;127;114;132m[48;2;127;114;132m▀[0m[38;2;127;114;132m[48;2;127;114;133m▀[0m[38;2;127;114;132m[48;2;137;122;142m▀[0m[38;2;125;111;128m[48;2;150;134;158m▀[0m[38;2;87;78;90m[48;2;167;150;178m▀[0m[38;2;84;75;85m[48;2;173;154;181m▀[0m[38;2;91;81;92m[48;2;167;151;178m▀[0m[38;2;125;112;130m[48;2;168;150;178m▀[0m[38;2;127;114;132m[48;2;121;108;127m▀[0m[38;2;123;111;128m[48;2;110;98;113m▀[0m[38;2;93;84;96m[48;2;102;90;105m▀[0m[38;2;98;87;100m[48;2;127;114;132m▀[0m[38;2;129;115;133m▀[0m[38;2;144;128;151m▀[0m              
    [38;2;160;143;170m▀[0m[38;2;101;92;104m▀[0m[38;2;151;135;159m▀[0m[38;2;168;150;178m▀[0m  [38;2;61;56;64m▀[0m[38;2;47;44;49m▀[0m      [38;2;169;152;179m▀[0m[38;2;169;153;180m▀[0m[38;2;169;151;178m▀[0m[38;2;164;147;174m▀[0m[38;2;11;12;12m▀[0m                 
                                        
                                        
                                        
                                        
                                        
