              [38;2;71;78;82m▄[0m                         
             [38;2;58;57;57m[48;2;186;205;226m▀[0m[38;2;126;138;148m[48;2;125;141;156m▀[0m                         
            [38;2;72;65;63m[48;2;255;255;255m▀[0m[38;2;187;205;226m[48;2;164;191;219m▀[0m[38;2;63;63;64m[48;2;253;253;252m▀[0m                         
           [38;2;91;84;82m▄[0m[38;2;203;218;224m[48;2;166;192;220m▀[0m[38;2;164;191;219m[48;2;164;191;219m▀[0m                          
        [38;2;227;226;226m▀[0m[38;2;172;195;224m▄[0m[38;2;130;152;173m▄[0m[38;2;199;214;226m[48;2;86;96;125m▀[0m[38;2;164;191;219m[48;2;164;191;219m▀[0m[38;2;162;189;219m[48;2;195;218;235m▀[0m[38;2;69;74;85m▄[0m[38;2;187;205;226m▄[0m[38;2;187;206;227m▄[0m[38;2;86;83;83m[48;2;180;202;225m▀[0m[38;2;187;205;226m[48;2;189;207;228m▀[0m[38;2;202;228;241m▀[0m                    
         [38;2;74;78;100m[48;2;68;64;63m▀[0m[38;2;215;227;230m[48;2;255;255;255m▀[0m[38;2;241;243;244m[48;2;121;123;127m▀[0m[38;2;74;74;89m[48;2;187;206;227m▀[0m[38;2;164;191;219m[48;2;164;191;219m▀[0m[38;2;170;198;229m[48;2;171;195;221m▀[0m[38;2;255;255;255m[48;2;255;255;255m▀[0m[38;2;255;255;255m[48;2;175;207;233m▀[0m[38;2;167;193;221m▀[0m                      
         [38;2;254;254;254m[48;2;255;255;255m▀[0m[38;2;169;193;224m[48;2;163;191;219m▀[0m[38;2;184;204;226m[48;2;175;177;183m▀[0m[38;2;130;146;166m[48;2;164;191;219m▀[0m[38;2;164;191;219m[48;2;164;191;219m▀[0m[38;2;162;190;219m[48;2;186;205;226m▀[0m[38;2;94;99;106m[48;2;186;205;227m▀[0m[38;2;198;223;235m[48;2;133;179;210m▀[0m[38;2;251;253;253m[48;2;255;255;255m▀[0m[38;2;255;255;255m▀[0m                     
        [38;2;215;233;241m[48;2;255;255;255m▀[0m[38;2;151;184;212m[48;2;39;51;56m▀[0m[38;2;162;190;218m[48;2;165;192;219m▀[0m[38;2;164;191;219m[48;2;125;144;201m▀[0m[38;2;155;179;219m[48;2;77;77;87m▀[0m[38;2;115;132;178m[48;2;151;167;214m▀[0m[38;2;82;83;92m[48;2;181;185;222m▀[0m[38;2;180;181;219m[48;2;180;181;219m▀[0m[38;2;183;184;220m[48;2;182;183;220m▀[0m[38;2;223;240;247m[48;2;255;255;255m▀[0m[38;2;81;94;99m▀[0m                     
        [38;2;215;228;232m▀[0m[38;2;133;154;207m▀[0m[38;2;176;174;194m▀[0m [38;2;177;178;218m[48;2;250;250;250m▀[0m[38;2;179;181;219m[48;2;182;183;220m▀[0m[38;2;172;171;195m[48;2;183;183;220m▀[0m[38;2;182;183;220m[48;2;182;183;220m▀[0m[38;2;182;183;220m[48;2;183;184;220m▀[0m[38;2;255;255;255m[48;2;255;255;255m▀[0m[38;2;255;255;255m[48;2;255;255;255m▀[0m[38;2;255;255;255m▄[0m[38;2;181;177;176m▄[0m  [38;2;255;255;255m▄[0m[38;2;140;135;133m▄[0m[38;2;198;196;196m▄[0m              
            [38;2;74;70;68m▀[0m[38;2;182;183;220m[48;2;222;220;239m▀[0m[38;2;175;173;200m[48;2;186;186;222m▀[0m[38;2;182;183;220m[48;2;182;183;220m▀[0m[38;2;241;239;248m[48;2;255;255;255m▀[0m[38;2;255;255;255m[48;2;255;255;255m▀[0m[38;2;255;255;255m[48;2;255;255;255m▀[0m[38;2;255;255;255m[48;2;255;255;255m▀[0m[38;2;255;255;255m[48;2;255;255;255m▀[0m[38;2;255;255;255m[48;2;255;255;255m▀[0m[38;2;255;255;255m[48;2;255;255;255m▀[0m[38;2;255;255;255m[48;2;255;255;255m▀[0m[38;2;255;255;255m[48;2;208;205;205m▀[0m[38;2;255;255;255m[48;2;255;255;255m▀[0m[38;2;255;255;255m[48;2;255;255;255m▀[0m[38;2;154;162;196m[48;2;255;255;255m▀[0m[38;2;150;144;137m▀[0m[38;2;204;210;218m[48;2;96;108;137m▀[0m[38;2;221;231;241m[48;2;126;145;201m▀[0m[38;2;171;200;229m▄[0m        
            [38;2;70;66;64m▄[0m[38;2;255;252;253m[48;2;253;252;252m▀[0m[38;2;255;251;253m[48;2;255;255;255m▀[0m[38;2;182;183;220m[48;2;255;255;255m▀[0m[38;2;255;255;255m[48;2;255;255;255m▀[0m[38;2;255;255;255m[48;2;255;255;255m▀[0m[38;2;255;255;255m[48;2;255;255;255m▀[0m[38;2;255;255;255m[48;2;255;255;255m▀[0m[38;2;255;255;255m[48;2;255;255;255m▀[0m[38;2;255;255;255m[48;2;255;255;255m▀[0m[38;2;255;255;255m[48;2;255;255;255m▀[0m[38;2;255;255;255m[48;2;255;255;255m▀[0m[38;2;255;255;255m[48;2;255;255;255m▀[0m[38;2;255;255;255m[48;2;255;255;255m▀[0m[38;2;255;255;255m[48;2;255;255;255m▀[0m[38;2;255;255;255m[48;2;255;255;255m▀[0m[38;2;57;63;68m[48;2;255;255;255m▀[0m[38;2;126;145;201m[48;2;232;229;228m▀[0m[38;2;126;145;201m[48;2;126;146;202m▀[0m[38;2;126;145;201m[48;2;126;145;201m▀[0m[38;2;164;191;219m[48;2;251;250;250m▀[0m       
            [38;2;255;255;255m[48;2;181;182;219m▀[0m[38;2;255;255;255m[48;2;192;192;225m▀[0m[38;2;166;163;162m[48;2;255;255;255m▀[0m[38;2;255;255;255m[48;2;255;255;255m▀[0m[38;2;255;255;255m[48;2;255;255;255m▀[0m[38;2;255;255;255m[48;2;255;255;255m▀[0m[38;2;255;255;255m[48;2;255;255;255m▀[0m[38;2;58;56;54m[48;2;131;127;125m▀[0m[38;2;255;255;255m[48;2;255;255;255m▀[0m[38;2;255;255;255m[48;2;255;255;255m▀[0m[38;2;255;255;255m[48;2;255;255;255m▀[0m[38;2;255;255;255m[48;2;255;255;255m▀[0m[38;2;255;255;255m[48;2;218;216;237m▀[0m[38;2;255;255;255m[48;2;255;255;255m▀[0m[38;2;255;255;255m[48;2;255;255;255m▀[0m[38;2;255;255;255m[48;2;255;255;255m▀[0m[38;2;255;255;255m[48;2;52;49;47m▀[0m[38;2;251;251;250m▀[0m[38;2;124;144;201m[48;2;165;190;218m▀[0m[38;2;157;181;217m[48;2;165;192;220m▀[0m[38;2;190;207;221m[48;2;186;205;226m▀[0m[38;2;71;68;67m▄[0m      
         [38;2;179;201;224m▄[0m[38;2;102;116;126m[48;2;142;156;171m▀[0m[38;2;255;255;255m[48;2;79;73;70m▀[0m[38;2;255;252;253m[48;2;255;253;254m▀[0m[38;2;182;183;220m[48;2;200;200;229m▀[0m[38;2;188;188;214m[48;2;182;183;220m▀[0m[38;2;255;255;255m[48;2;86;81;81m▀[0m[38;2;255;255;255m[48;2;255;255;255m▀[0m[38;2;255;255;255m[48;2;255;255;255m▀[0m[38;2;255;255;255m[48;2;245;245;244m▀[0m[38;2;188;189;223m[48;2;182;183;220m▀[0m[38;2;191;191;224m[48;2;182;183;220m▀[0m[38;2;191;191;224m[48;2;181;182;220m▀[0m[38;2;180;180;219m[48;2;175;173;185m▀[0m[38;2;182;183;220m[48;2;154;171;216m▀[0m[38;2;182;183;220m[48;2;155;173;215m▀[0m[38;2;255;255;255m[48;2;255;255;255m▀[0m[38;2;255;255;255m[48;2;255;255;255m▀[0m[38;2;255;255;255m[48;2;255;255;255m▀[0m   [38;2;164;191;219m[48;2;187;205;227m▀[0m[38;2;152;170;180m▀[0m[38;2;103;111;121m▀[0m      
        [38;2;227;225;224m[48;2;255;255;255m▀[0m[38;2;222;234;238m[48;2;192;209;231m▀[0m[38;2;166;196;219m[48;2;164;191;219m▀[0m[38;2;203;203;220m[48;2;189;183;179m▀[0m[38;2;186;187;222m▀[0m[38;2;249;248;248m▀[0m[38;2;71;65;64m▀[0m[38;2;78;73;73m[48;2;221;230;241m▀[0m[38;2;255;255;255m[48;2;255;255;255m▀[0m[38;2;255;255;255m[48;2;136;132;130m▀[0m[38;2;177;172;167m▀[0m[38;2;251;251;251m▀[0m [38;2;255;255;255m▀[0m[38;2;151;167;214m[48;2;151;167;214m▀[0m[38;2;151;167;214m[48;2;151;167;214m▀[0m[38;2;116;129;155m[48;2;152;169;215m▀[0m[38;2;104;100;99m▀[0m[38;2;255;255;255m[48;2;43;42;42m▀[0m[38;2;255;255;255m[48;2;255;255;255m▀[0m[38;2;242;241;241m[48;2;255;255;255m▀[0m  [38;2;186;204;226m▀[0m        
         [38;2;164;191;219m[48;2;138;133;132m▀[0m[38;2;175;198;223m[48;2;187;205;227m▀[0m[38;2;164;191;219m[48;2;164;191;219m▀[0m[38;2;105;135;197m▄[0m[38;2;195;192;188m▄[0m[38;2;193;185;181m▄[0m[38;2;186;205;226m[48;2;145;182;204m▀[0m[38;2;188;205;226m[48;2;164;191;219m▀[0m      [38;2;53;66;85m[48;2;110;140;200m▀[0m[38;2;151;167;214m[48;2;151;167;214m▀[0m[38;2;119;116;115m[48;2;176;182;186m▀[0m [38;2;248;247;247m[48;2;190;213;233m▀[0m[38;2;255;255;255m[48;2;255;255;255m▀[0m[38;2;42;38;36m[48;2;255;255;255m▀[0m          
        [38;2;191;211;232m▄[0m[38;2;186;205;226m▄[0m[38;2;255;255;255m[48;2;141;161;174m▀[0m[38;2;164;191;219m[48;2;186;205;226m▀[0m[38;2;106;135;196m[48;2;23;26;35m▀[0m[38;2;106;135;196m[48;2;106;135;196m▀[0m[38;2;255;255;255m[48;2;165;191;221m▀[0m[38;2;255;255;255m[48;2;164;191;219m▀[0m[38;2;164;191;219m[48;2;164;191;219m▀[0m    [38;2;128;149;204m▄[0m[38;2;165;161;155m▄[0m[38;2;106;135;196m[48;2;125;144;201m▀[0m[38;2;151;167;214m[48;2;180;181;219m▀[0m[38;2;100;96;96m[48;2;255;255;255m▀[0m [38;2;187;205;226m[48;2;177;198;223m▀[0m[38;2;251;250;250m[48;2;134;157;180m▀[0m[38;2;255;255;255m[48;2;255;255;255m▀[0m[38;2;255;255;255m▄[0m         
        [38;2;249;248;248m▀[0m[38;2;88;100;108m[48;2;51;53;53m▀[0m[38;2;192;209;231m[48;2;200;199;197m▀[0m[38;2;129;149;186m[48;2;123;172;190m▀[0m[38;2;113;142;198m[48;2;151;167;214m▀[0m[38;2;109;140;195m[48;2;198;217;234m▀[0m[38;2;240;245;247m[48;2;223;232;235m▀[0m[38;2;164;191;219m[48;2;100;117;129m▀[0m[38;2;164;191;219m[48;2;164;191;219m▀[0m[38;2;74;72;71m▄[0m   [38;2;123;153;195m[48;2;182;183;220m▀[0m[38;2;128;147;201m[48;2;149;176;200m▀[0m[38;2;67;75;96m[48;2;126;145;201m▀[0m[38;2;126;145;201m[48;2;126;145;201m▀[0m[38;2;104;100;97m[48;2;35;30;26m▀[0m[38;2;140;179;198m▄[0m[38;2;164;191;219m[48;2;122;140;186m▀[0m[38;2;186;205;226m[48;2;194;211;233m▀[0m[38;2;155;153;162m[48;2;126;145;201m▀[0m[38;2;126;148;198m[48;2;126;145;201m▀[0m         
          [38;2;42;42;41m▀[0m[38;2;33;30;30m[48;2;244;243;243m▀[0m[38;2;100;108;115m[48;2;168;193;220m▀[0m[38;2;186;205;226m[48;2;168;198;209m▀[0m[38;2;58;54;54m[48;2;141;160;178m▀[0m[38;2;195;216;237m[48;2;192;209;231m▀[0m[38;2;166;193;222m[48;2;81;90;119m▀[0m[38;2;165;192;219m[48;2;124;144;196m▀[0m   [38;2;204;204;231m▀[0m[38;2;182;183;220m▀[0m[38;2;126;145;201m▀[0m[38;2;126;145;201m▀[0m[38;2;155;186;214m[48;2;229;237;240m▀[0m[38;2;255;255;255m[48;2;255;255;255m▀[0m[38;2;103;139;176m[48;2;255;255;255m▀[0m[38;2;255;255;255m[48;2;255;255;255m▀[0m[38;2;51;55;65m[48;2;125;145;201m▀[0m[38;2;134;157;209m[48;2;127;149;196m▀[0m         
           [38;2;70;65;63m[48;2;163;157;156m▀[0m[38;2;133;171;194m[48;2;244;244;244m▀[0m[38;2;255;255;255m[48;2;255;255;255m▀[0m[38;2;126;146;202m[48;2;126;145;201m▀[0m[38;2;226;235;238m[48;2;255;255;255m▀[0m[38;2;98;121;128m[48;2;255;255;255m▀[0m[38;2;126;145;201m[48;2;136;159;209m▀[0m        [38;2;255;255;255m▀[0m[38;2;195;192;191m▀[0m[38;2;59;56;54m▀[0m           
            [38;2;252;252;252m▀[0m[38;2;255;255;255m▀[0m[38;2;122;140;199m▀[0m[38;2;255;255;255m▀[0m[38;2;255;255;255m▀[0m                       
