              [38;2;72;77;81m▄[0m                         
             [38;2;58;57;57m[48;2;201;203;229m▀[0m[38;2;128;136;148m[48;2;129;138;156m▀[0m                         
            [38;2;72;65;63m[48;2;255;255;255m▀[0m[38;2;202;205;230m[48;2;184;189;224m▀[0m[38;2;63;63;64m[48;2;253;253;252m▀[0m                         
           [38;2;91;84;82m▄[0m[38;2;203;218;224m[48;2;185;189;225m▀[0m[38;2;184;189;224m[48;2;184;189;224m▀[0m                          
        [38;2;227;226;226m▀[0m[38;2;190;193;227m▄[0m[38;2;135;149;173m▄[0m[38;2;200;214;226m[48;2;86;96;125m▀[0m[38;2;184;189;224m[48;2;184;188;224m▀[0m[38;2;182;186;224m[48;2;204;213;235m▀[0m[38;2;69;74;85m▄[0m[38;2;202;205;230m▄[0m[38;2;202;204;230m▄[0m[38;2;86;83;83m[48;2;193;200;228m▀[0m[38;2;202;204;230m[48;2;203;205;232m▀[0m[38;2;211;219;240m▀[0m                    
         [38;2;74;78;100m[48;2;68;64;63m▀[0m[38;2;215;227;230m[48;2;255;255;255m▀[0m[38;2;241;243;244m[48;2;121;123;127m▀[0m[38;2;74;74;89m[48;2;202;204;230m▀[0m[38;2;184;189;224m[48;2;184;189;224m▀[0m[38;2;186;194;231m[48;2;188;192;226m▀[0m[38;2;255;255;255m[48;2;255;255;255m▀[0m[38;2;255;255;255m[48;2;191;199;234m▀[0m[38;2;186;191;225m▀[0m                      
         [38;2;254;254;254m[48;2;255;255;255m▀[0m[38;2;186;190;227m[48;2;183;187;223m▀[0m[38;2;199;202;229m[48;2;175;177;183m▀[0m[38;2;132;146;166m[48;2;184;189;224m▀[0m[38;2;184;189;224m[48;2;184;188;224m▀[0m[38;2;182;187;224m[48;2;201;203;229m▀[0m[38;2;94;99;106m[48;2;201;204;230m▀[0m[38;2;204;220;236m[48;2;145;176;212m▀[0m[38;2;251;253;253m[48;2;255;255;255m▀[0m[38;2;255;255;255m▀[0m                     
        [38;2;219;230;241m[48;2;255;255;255m▀[0m[38;2;173;180;218m[48;2;39;51;56m▀[0m[38;2;182;187;223m[48;2;185;189;224m▀[0m[38;2;184;189;224m[48;2;160;153;208m▀[0m[38;2;177;177;223m[48;2;77;77;87m▀[0m[38;2;138;137;182m[48;2;151;167;214m▀[0m[38;2;83;82;92m[48;2;181;185;222m▀[0m[38;2;180;181;219m[48;2;180;181;219m▀[0m[38;2;183;184;220m[48;2;182;183;220m▀[0m[38;2;226;237;247m[48;2;255;255;255m▀[0m[38;2;84;91;99m▀[0m                     
        [38;2;221;228;235m▀[0m[38;2;164;159;213m▀[0m[38;2;177;174;194m▀[0m [38;2;177;178;218m[48;2;250;250;250m▀[0m[38;2;179;181;219m[48;2;182;183;220m▀[0m[38;2;172;171;195m[48;2;183;183;220m▀[0m[38;2;182;183;220m[48;2;182;183;220m▀[0m[38;2;182;183;220m[48;2;183;184;220m▀[0m[38;2;255;255;255m[48;2;255;255;255m▀[0m[38;2;255;255;255m[48;2;255;255;255m▀[0m[38;2;255;255;255m▄[0m[38;2;181;177;176m▄[0m  [38;2;255;255;255m▄[0m[38;2;140;135;133m▄[0m[38;2;198;196;196m▄[0m              
            [38;2;74;70;68m▀[0m[38;2;182;183;220m[48;2;222;220;239m▀[0m[38;2;175;173;200m[48;2;186;186;222m▀[0m[38;2;182;183;220m[48;2;182;183;220m▀[0m[38;2;241;239;248m[48;2;255;255;255m▀[0m[38;2;255;255;255m[48;2;255;255;255m▀[0m[38;2;255;255;255m[48;2;255;255;255m▀[0m[38;2;255;255;255m[48;2;255;255;255m▀[0m[38;2;255;255;255m[48;2;255;255;255m▀[0m[38;2;255;255;255m[48;2;255;255;255m▀[0m[38;2;255;255;255m[48;2;255;255;255m▀[0m[38;2;255;255;255m[48;2;255;255;255m▀[0m[38;2;255;255;255m[48;2;208;205;205m▀[0m[38;2;255;255;255m[48;2;255;255;255m▀[0m[38;2;255;255;255m[48;2;255;255;255m▀[0m[38;2;154;162;196m[48;2;255;255;255m▀[0m[38;2;150;144;137m▀[0m[38;2;204;210;218m[48;2;103;108;138m▀[0m[38;2;221;231;241m[48;2;160;154;208m▀[0m[38;2;190;195;231m▄[0m        
            [38;2;70;66;64m▄[0m[38;2;255;252;253m[48;2;253;252;252m▀[0m[38;2;255;251;253m[48;2;255;255;255m▀[0m[38;2;182;183;220m[48;2;255;255;255m▀[0m[38;2;255;255;255m[48;2;255;255;255m▀[0m[38;2;255;255;255m[48;2;255;255;255m▀[0m[38;2;255;255;255m[48;2;255;255;255m▀[0m[38;2;255;255;255m[48;2;255;255;255m▀[0m[38;2;255;255;255m[48;2;255;255;255m▀[0m[38;2;255;255;255m[48;2;255;255;255m▀[0m[38;2;255;255;255m[48;2;255;255;255m▀[0m[38;2;255;255;255m[48;2;255;255;255m▀[0m[38;2;255;255;255m[48;2;255;255;255m▀[0m[38;2;255;255;255m[48;2;255;255;255m▀[0m[38;2;255;255;255m[48;2;255;255;255m▀[0m[38;2;255;255;255m[48;2;255;255;255m▀[0m[38;2;57;63;68m[48;2;255;255;255m▀[0m[38;2;160;154;208m[48;2;232;229;228m▀[0m[38;2;160;154;208m[48;2;160;154;209m▀[0m[38;2;160;154;208m[48;2;160;154;208m▀[0m[38;2;184;187;223m[48;2;251;250;250m▀[0m       
            [38;2;255;255;255m[48;2;181;182;219m▀[0m[38;2;255;255;255m[48;2;192;192;225m▀[0m[38;2;166;163;162m[48;2;255;255;255m▀[0m[38;2;255;255;255m[48;2;255;255;255m▀[0m[38;2;255;255;255m[48;2;255;255;255m▀[0m[38;2;255;255;255m[48;2;255;255;255m▀[0m[38;2;255;255;255m[48;2;255;255;255m▀[0m[38;2;58;56;54m[48;2;131;127;125m▀[0m[38;2;255;255;255m[48;2;255;255;255m▀[0m[38;2;255;255;255m[48;2;255;255;255m▀[0m[38;2;255;255;255m[48;2;255;255;255m▀[0m[38;2;255;255;255m[48;2;255;255;255m▀[0m[38;2;255;255;255m[48;2;218;216;237m▀[0m[38;2;255;255;255m[48;2;255;255;255m▀[0m[38;2;255;255;255m[48;2;255;255;255m▀[0m[38;2;255;255;255m[48;2;255;255;255m▀[0m[38;2;255;255;255m[48;2;52;49;47m▀[0m[38;2;251;251;250m▀[0m[38;2;159;152;208m[48;2;184;188;223m▀[0m[38;2;178;179;222m[48;2;185;189;225m▀[0m[38;2;198;204;222m[48;2;201;203;229m▀[0m[38;2;71;68;67m▄[0m      
         [38;2;196;199;228m▄[0m[38;2;108;113;126m[48;2;145;154;171m▀[0m[38;2;255;255;255m[48;2;79;73;70m▀[0m[38;2;255;252;253m[48;2;255;253;254m▀[0m[38;2;182;183;220m[48;2;200;200;229m▀[0m[38;2;188;188;214m[48;2;182;183;220m▀[0m[38;2;255;255;255m[48;2;86;81;81m▀[0m[38;2;255;255;255m[48;2;255;255;255m▀[0m[38;2;255;255;255m[48;2;255;255;255m▀[0m[38;2;255;255;255m[48;2;245;245;244m▀[0m[38;2;188;189;223m[48;2;182;183;220m▀[0m[38;2;191;191;224m[48;2;182;183;220m▀[0m[38;2;191;191;224m[48;2;181;182;220m▀[0m[38;2;180;180;219m[48;2;175;173;185m▀[0m[38;2;182;183;220m[48;2;154;171;216m▀[0m[38;2;182;183;220m[48;2;155;173;215m▀[0m[38;2;255;255;255m[48;2;255;255;255m▀[0m[38;2;255;255;255m[48;2;255;255;255m▀[0m[38;2;255;255;255m[48;2;255;255;255m▀[0m   [38;2;184;189;224m[48;2;202;204;230m▀[0m[38;2;158;165;179m▀[0m[38;2;108;112;123m▀[0m      
        [38;2;227;225;224m[48;2;255;255;255m▀[0m[38;2;225;234;238m[48;2;206;208;234m▀[0m[38;2;180;188;218m[48;2;184;189;224m▀[0m[38;2;203;203;220m[48;2;189;183;179m▀[0m[38;2;186;187;222m▀[0m[38;2;249;248;248m▀[0m[38;2;71;65;64m▀[0m[38;2;78;73;73m[48;2;229;229;243m▀[0m[38;2;255;255;255m[48;2;255;255;255m▀[0m[38;2;255;255;255m[48;2;136;132;130m▀[0m[38;2;177;172;167m▀[0m[38;2;251;251;251m▀[0m [38;2;255;255;255m▀[0m[38;2;151;167;214m[48;2;151;167;214m▀[0m[38;2;151;167;214m[48;2;151;167;214m▀[0m[38;2;116;129;155m[48;2;152;169;215m▀[0m[38;2;104;100;99m▀[0m[38;2;255;255;255m[48;2;43;42;42m▀[0m[38;2;255;255;255m[48;2;255;255;255m▀[0m[38;2;242;241;241m[48;2;255;255;255m▀[0m  [38;2;200;203;230m▀[0m        
         [38;2;185;189;224m[48;2;138;133;132m▀[0m[38;2;191;195;227m[48;2;202;204;230m▀[0m[38;2;184;189;224m[48;2;184;189;224m▀[0m[38;2;141;138;204m▄[0m[38;2;195;192;188m▄[0m[38;2;193;185;181m▄[0m[38;2;201;203;229m[48;2;161;179;208m▀[0m[38;2;202;205;230m[48;2;184;189;224m▀[0m      [38;2;53;66;85m[48;2;142;140;206m▀[0m[38;2;151;167;214m[48;2;151;167;214m▀[0m[38;2;119;116;115m[48;2;176;182;186m▀[0m [38;2;248;247;247m[48;2;201;208;234m▀[0m[38;2;255;255;255m[48;2;255;255;255m▀[0m[38;2;42;38;36m[48;2;255;255;255m▀[0m          
        [38;2;205;208;234m▄[0m[38;2;201;203;229m▄[0m[38;2;255;255;255m[48;2;146;156;173m▀[0m[38;2;184;189;224m[48;2;201;203;229m▀[0m[38;2;140;137;203m[48;2;23;26;35m▀[0m[38;2;140;137;203m[48;2;140;137;203m▀[0m[38;2;255;255;255m[48;2;184;189;225m▀[0m[38;2;255;255;255m[48;2;184;189;224m▀[0m[38;2;184;189;224m[48;2;184;189;224m▀[0m    [38;2;161;156;210m▄[0m[38;2;165;161;155m▄[0m[38;2;140;137;203m[48;2;159;152;208m▀[0m[38;2;151;167;214m[48;2;180;181;219m▀[0m[38;2;100;96;96m[48;2;255;255;255m▀[0m [38;2;202;205;230m[48;2;193;196;227m▀[0m[38;2;251;250;250m[48;2;145;154;182m▀[0m[38;2;255;255;255m[48;2;255;255;255m▀[0m[38;2;255;255;255m▄[0m         
        [38;2;249;248;248m▀[0m[38;2;92;96;107m[48;2;51;53;53m▀[0m[38;2;206;208;234m[48;2;200;199;197m▀[0m[38;2;139;147;188m[48;2;130;172;192m▀[0m[38;2;125;142;200m[48;2;178;173;219m▀[0m[38;2;138;139;201m[48;2;208;212;235m▀[0m[38;2;240;245;247m[48;2;223;232;235m▀[0m[38;2;184;189;224m[48;2;107;113;129m▀[0m[38;2;184;189;224m[48;2;184;189;224m▀[0m[38;2;74;72;71m▄[0m   [38;2;153;155;204m[48;2;182;183;220m▀[0m[38;2;156;154;207m[48;2;162;175;205m▀[0m[38;2;72;75;97m[48;2;160;154;208m▀[0m[38;2;160;154;208m[48;2;160;154;208m▀[0m[38;2;104;100;97m[48;2;35;30;26m▀[0m[38;2;164;177;206m▄[0m[38;2;184;189;224m[48;2;145;143;190m▀[0m[38;2;201;203;229m[48;2;208;209;235m▀[0m[38;2;155;153;162m[48;2;160;154;208m▀[0m[38;2;144;150;201m[48;2;160;154;208m▀[0m         
          [38;2;42;42;41m▀[0m[38;2;33;30;30m[48;2;244;243;243m▀[0m[38;2;100;108;115m[48;2;186;190;224m▀[0m[38;2;201;203;229m[48;2;175;198;211m▀[0m[38;2;58;54;54m[48;2;146;158;179m▀[0m[38;2;208;212;239m[48;2;206;207;233m▀[0m[38;2;185;189;226m[48;2;93;91;121m▀[0m[38;2;185;189;224m[48;2;146;148;200m▀[0m   [38;2;204;204;231m▀[0m[38;2;182;183;220m▀[0m[38;2;160;154;208m▀[0m[38;2;160;154;208m▀[0m[38;2;177;183;220m[48;2;229;237;240m▀[0m[38;2;255;255;255m[48;2;255;255;255m▀[0m[38;2;108;138;177m[48;2;255;255;255m▀[0m[38;2;255;255;255m[48;2;255;255;255m▀[0m[38;2;52;55;65m[48;2;160;154;208m▀[0m[38;2;164;160;214m[48;2;154;151;201m▀[0m         
           [38;2;70;65;63m[48;2;163;157;156m▀[0m[38;2;160;170;203m[48;2;244;244;244m▀[0m[38;2;255;255;255m[48;2;255;255;255m▀[0m[38;2;160;153;209m[48;2;160;154;208m▀[0m[38;2;226;235;238m[48;2;255;255;255m▀[0m[38;2;98;121;128m[48;2;255;255;255m▀[0m[38;2;160;154;208m[48;2;165;161;215m▀[0m        [38;2;255;255;255m▀[0m[38;2;195;192;191m▀[0m[38;2;59;56;54m▀[0m           
            [38;2;252;252;252m▀[0m[38;2;255;255;255m▀[0m[38;2;148;147;203m▀[0m[38;2;255;255;255m▀[0m[38;2;255;255;255m▀[0m                       
