                                        
                                        
     [38;2;238;237;236m▄[0m                                  
     [38;2;53;59;55m▀[0m[38;2;42;47;43m[48;2;78;63;143m▀[0m[38;2;225;223;211m▄[0m[38;2;92;87;90m▄[0m                               
     [38;2;224;215;234m[48;2;191;175;212m▀[0m[38;2;79;64;143m[48;2;43;41;101m▀[0m[38;2;79;64;143m[48;2;79;64;143m▀[0m[38;2;79;64;143m[48;2;79;64;143m▀[0m[38;2;79;64;143m[48;2;79;64;143m▀[0m[38;2;82;80;77m[48;2;79;64;143m▀[0m[38;2;79;64;143m▄[0m                            
    [38;2;255;255;255m▀[0m[38;2;190;174;210m[48;2;84;66;150m▀[0m[38;2;28;32;57m[48;2;52;59;54m▀[0m[38;2;208;193;222m[48;2;28;33;38m▀[0m[38;2;29;34;40m[48;2;66;55;117m▀[0m[38;2;79;64;143m[48;2;79;64;143m▀[0m[38;2;79;65;144m[48;2;79;64;143m▀[0m[38;2;80;66;145m[48;2;79;65;144m▀[0m[38;2;41;42;101m▄[0m                           
     [38;2;50;56;50m[48;2;225;223;222m▀[0m[38;2;30;34;39m▀[0m[38;2;178;175;166m▄[0m[38;2;58;49;127m[48;2;114;101;164m▀[0m[38;2;27;28;61m[48;2;111;99;164m▀[0m[38;2;80;65;143m[48;2;36;37;60m▀[0m[38;2;79;64;143m[48;2;79;64;143m▀[0m[38;2;46;41;102m[48;2;28;33;38m▀[0m[38;2;46;41;103m[48;2;46;41;102m▀[0m[38;2;39;36;94m▄[0m[38;2;255;255;255m▄[0m                        
       [38;2;120;108;168m[48;2;79;64;143m▀[0m[38;2;79;64;143m[48;2;79;64;143m▀[0m[38;2;79;64;144m[48;2;36;34;62m▀[0m[38;2;79;64;143m[48;2;79;64;143m▀[0m[38;2;46;41;81m[48;2;51;56;55m▀[0m[38;2;34;38;38m[48;2;51;57;53m▀[0m[38;2;52;58;53m[48;2;51;57;53m▀[0m[38;2;46;41;102m[48;2;51;57;53m▀[0m[38;2;46;41;102m[48;2;58;64;61m▀[0m[38;2;52;58;55m▄[0m[38;2;51;57;53m▄[0m[38;2;174;167;163m[48;2;51;57;53m▀[0m[38;2;73;76;74m[48;2;51;57;53m▀[0m[38;2;116;113;111m[48;2;51;57;53m▀[0m[38;2;27;34;32m▄[0m[38;2;189;175;210m▄[0m[38;2;188;174;210m▄[0m[38;2;185;170;207m▄[0m               
    [38;2;26;28;70m▄[0m[38;2;79;65;144m▄[0m[38;2;79;64;143m▀[0m[38;2;231;230;224m▀[0m[38;2;79;64;143m[48;2;79;64;143m▀[0m[38;2;60;50;106m[48;2;67;55;120m▀[0m[38;2;10;13;13m[48;2;11;15;12m▀[0m[38;2;51;57;53m[48;2;42;47;48m▀[0m[38;2;51;57;53m[48;2;51;57;53m▀[0m[38;2;51;57;53m[48;2;51;57;53m▀[0m[38;2;51;57;53m[48;2;51;57;53m▀[0m[38;2;51;57;53m[48;2;51;57;53m▀[0m[38;2;51;57;53m[48;2;51;57;53m▀[0m[38;2;51;57;53m[48;2;51;57;53m▀[0m[38;2;51;57;53m[48;2;51;57;53m▀[0m[38;2;51;57;53m[48;2;51;57;53m▀[0m[38;2;51;57;53m[48;2;51;58;54m▀[0m[38;2;28;33;38m[48;2;30;34;39m▀[0m[38;2;189;174;210m[48;2;28;33;38m▀[0m[38;2;189;175;210m[48;2;189;174;210m▀[0m[38;2;189;175;210m[48;2;189;175;210m▀[0m[38;2;142;131;154m[48;2;193;179;214m▀[0m              
    [38;2;79;64;143m[48;2;27;30;77m▀[0m[38;2;28;29;78m▀[0m[38;2;82;82;80m▄[0m[38;2;79;64;143m▄[0m[38;2;79;64;143m▀[0m[38;2;14;17;19m[48;2;18;19;18m▀[0m[38;2;79;64;143m[48;2;79;64;143m▀[0m[38;2;28;33;38m[48;2;28;33;38m▀[0m[38;2;28;33;38m[48;2;29;33;39m▀[0m[38;2;27;32;37m[48;2;29;33;38m▀[0m[38;2;46;52;50m[48;2;28;33;38m▀[0m[38;2;56;62;58m[48;2;30;34;40m▀[0m[38;2;51;57;53m[48;2;28;33;38m▀[0m[38;2;51;57;53m[48;2;28;33;38m▀[0m[38;2;51;57;53m[48;2;28;33;38m▀[0m[38;2;51;57;53m[48;2;28;33;38m▀[0m[38;2;29;33;38m[48;2;28;33;38m▀[0m[38;2;27;32;37m[48;2;28;33;38m▀[0m[38;2;28;33;38m[48;2;28;33;38m▀[0m[38;2;189;175;210m[48;2;189;174;210m▀[0m[38;2;189;175;210m[48;2;189;174;209m▀[0m[38;2;162;151;173m[48;2;189;175;210m▀[0m[38;2;243;243;242m▄[0m             
   [38;2;146;138;186m[48;2;158;148;197m▀[0m  [38;2;83;68;145m[48;2;145;137;185m▀[0m[38;2;50;44;109m▀[0m[38;2;255;255;255m▄[0m[38;2;21;17;37m[48;2;106;93;160m▀[0m[38;2;79;64;143m[48;2;28;33;38m▀[0m[38;2;28;33;39m[48;2;28;33;38m▀[0m[38;2;29;33;39m[48;2;8;6;5m▀[0m[38;2;28;33;38m[48;2;84;84;100m▀[0m[38;2;28;33;38m[48;2;238;237;234m▀[0m[38;2;28;33;38m▀[0m[38;2;28;33;38m[48;2;29;33;38m▀[0m[38;2;29;33;39m[48;2;29;33;38m▀[0m[38;2;28;33;38m[48;2;28;33;38m▀[0m[38;2;28;33;38m[48;2;28;33;38m▀[0m[38;2;29;33;39m[48;2;28;33;38m▀[0m[38;2;28;33;38m[48;2;28;33;38m▀[0m[38;2;28;33;38m[48;2;28;33;38m▀[0m[38;2;99;98;96m▀[0m[38;2;189;175;210m[48;2;131;121;140m▀[0m[38;2;189;175;210m[48;2;189;175;210m▀[0m[38;2;189;174;210m[48;2;188;176;199m▀[0m             
  [38;2;253;253;252m[48;2;177;172;166m▀[0m  [38;2;145;137;185m▄[0m[38;2;63;56;61m▀[0m [38;2;82;81;81m▄[0m[38;2;146;137;186m[48;2;132;126;171m▀[0m[38;2;37;48;45m[48;2;241;238;238m▀[0m[38;2;28;33;38m[48;2;38;42;44m▀[0m[38;2;106;99;91m▀[0m[38;2;7;9;23m[48;2;7;9;23m▀[0m  [38;2;22;27;31m▀[0m[38;2;28;33;38m[48;2;28;33;38m▀[0m[38;2;28;33;38m[48;2;28;33;38m▀[0m[38;2;28;33;38m[48;2;222;219;217m▀[0m[38;2;9;6;8m▀[0m[38;2;28;33;38m[48;2;28;33;38m▀[0m[38;2;28;33;38m[48;2;28;33;38m▀[0m [38;2;189;175;210m[48;2;80;74;82m▀[0m[38;2;189;175;210m[48;2;194;181;214m▀[0m[38;2;197;184;216m[48;2;199;187;217m▀[0m[38;2;44;41;42m▄[0m            
     [38;2;158;151;184m[48;2;250;250;251m▀[0m  [38;2;66;63;76m▀[0m  [38;2;51;57;53m[48;2;51;57;53m▀[0m [38;2;7;9;23m[48;2;27;31;37m▀[0m   [38;2;51;57;53m▀[0m[38;2;28;33;38m[48;2;51;57;53m▀[0m[38;2;255;255;255m[48;2;28;32;38m▀[0m [38;2;31;35;39m▀[0m[38;2;28;33;38m[48;2;28;33;38m▀[0m[38;2;239;238;235m▄[0m [38;2;208;197;225m[48;2;199;187;217m▀[0m[38;2;200;188;218m▀[0m             
           [38;2;81;61;146m[48;2;79;64;143m▀[0m [38;2;80;64;145m[48;2;79;64;143m▀[0m    [38;2;24;23;49m[48;2;220;218;215m▀[0m[38;2;51;57;53m[48;2;51;57;53m▀[0m  [38;2;28;33;38m[48;2;78;64;142m▀[0m  [38;2;199;187;217m[48;2;172;171;165m▀[0m[38;2;198;186;217m▄[0m        [38;2;255;255;255m▄[0m[38;2;215;201;224m▄[0m   
          [38;2;255;255;255m▄[0m[38;2;79;64;143m[48;2;186;170;210m▀[0m[38;2;255;255;255m▄[0m[38;2;253;254;254m[48;2;115;109;177m▀[0m[38;2;255;255;255m[48;2;139;130;188m▀[0m   [38;2;252;252;250m[48;2;239;238;234m▀[0m[38;2;79;65;144m[48;2;79;64;143m▀[0m  [38;2;79;64;143m[48;2;79;64;143m▀[0m    [38;2;219;204;225m▄[0m[38;2;255;255;255m[48;2;109;103;173m▀[0m[38;2;225;214;231m[48;2;247;246;250m▀[0m[38;2;255;255;255m[48;2;115;109;177m▀[0m[38;2;111;105;174m▄[0m[38;2;151;140;194m[48;2;237;236;244m▀[0m[38;2;212;196;222m▀[0m[38;2;117;110;177m▀[0m[38;2;252;252;253m▀[0m    
          [38;2;162;150;200m▀[0m[38;2;111;105;174m▀[0m[38;2;254;254;255m▀[0m     [38;2;62;49;135m[48;2;255;255;255m▀[0m[38;2;98;83;157m▀[0m [38;2;150;140;193m▄[0m[38;2;198;182;217m[48;2;111;105;174m▀[0m[38;2;104;101;172m[48;2;128;119;183m▀[0m[38;2;111;105;174m[48;2;142;132;190m▀[0m[38;2;111;105;174m[48;2;209;195;221m▀[0m[38;2;111;105;174m[48;2;232;227;238m▀[0m[38;2;111;105;174m▀[0m[38;2;255;255;255m[48;2;149;139;194m▀[0m[38;2;224;216;232m[48;2;253;253;253m▀[0m[38;2;181;167;208m▀[0m         
                 [38;2;156;144;197m▀[0m[38;2;111;105;174m▀[0m[38;2;111;105;174m▀[0m[38;2;99;97;170m[48;2;107;102;173m▀[0m[38;2;111;105;174m[48;2;207;191;219m▀[0m[38;2;143;133;190m▀[0m[38;2;111;105;174m[48;2;255;255;255m▀[0m[38;2;111;105;174m[48;2;255;255;255m▀[0m[38;2;111;105;174m▀[0m[38;2;109;104;174m[48;2;182;167;207m▀[0m[38;2;101;98;170m[48;2;211;197;221m▀[0m[38;2;206;189;219m▀[0m           
                                        
                                        
                                        
