                                        
                                        
     [38;2;238;237;236m▄[0m                                  
     [38;2;53;59;55m▀[0m[38;2;42;47;43m[48;2;142;32;83m▀[0m[38;2;225;223;211m▄[0m[38;2;92;87;90m▄[0m                               
     [38;2;236;220;236m[48;2;216;185;216m▀[0m[38;2;144;32;83m[48;2;104;23;60m▀[0m[38;2;143;32;83m[48;2;143;32;83m▀[0m[38;2;143;32;83m[48;2;144;32;84m▀[0m[38;2;143;32;83m[48;2;143;32;83m▀[0m[38;2;82;80;77m[48;2;143;32;83m▀[0m[38;2;144;32;83m▄[0m                            
    [38;2;255;255;255m▀[0m[38;2;215;183;214m[48;2;148;34;86m▀[0m[38;2;48;27;44m[48;2;52;59;54m▀[0m[38;2;226;200;223m[48;2;28;33;38m▀[0m[38;2;29;34;40m[48;2;128;29;74m▀[0m[38;2;143;32;83m[48;2;143;32;83m▀[0m[38;2;144;33;84m[48;2;143;32;83m▀[0m[38;2;147;33;86m[48;2;144;33;84m▀[0m[38;2;105;24;61m▄[0m                           
     [38;2;50;56;50m[48;2;225;223;222m▀[0m[38;2;30;34;39m▀[0m[38;2;178;175;166m▄[0m[38;2;120;27;69m[48;2;196;45;114m▀[0m[38;2;46;23;45m[48;2;193;44;112m▀[0m[38;2;146;33;85m[48;2;55;31;54m▀[0m[38;2;143;32;83m[48;2;143;32;83m▀[0m[38;2;105;24;61m[48;2;28;33;38m▀[0m[38;2;105;24;61m[48;2;105;24;61m▀[0m[38;2;83;24;55m▄[0m[38;2;255;255;255m▄[0m                        
       [38;2;205;47;119m[48;2;143;32;83m▀[0m[38;2;143;32;83m[48;2;143;32;83m▀[0m[38;2;144;32;84m[48;2;55;25;49m▀[0m[38;2;143;32;83m[48;2;143;32;83m▀[0m[38;2;101;23;59m[48;2;51;56;55m▀[0m[38;2;34;38;38m[48;2;51;57;53m▀[0m[38;2;52;58;53m[48;2;51;57;53m▀[0m[38;2;105;24;61m[48;2;51;57;53m▀[0m[38;2;105;24;61m[48;2;58;64;61m▀[0m[38;2;52;58;55m▄[0m[38;2;51;57;53m▄[0m[38;2;174;167;163m[48;2;51;57;53m▀[0m[38;2;73;76;74m[48;2;51;57;53m▀[0m[38;2;116;113;111m[48;2;51;57;53m▀[0m[38;2;27;34;32m▄[0m[38;2;214;188;217m▄[0m[38;2;213;187;217m▄[0m[38;2;211;184;215m▄[0m               
    [38;2;43;24;54m▄[0m[38;2;144;32;84m▄[0m[38;2;143;32;83m▀[0m[38;2;231;230;224m▀[0m[38;2;143;32;83m[48;2;143;32;83m▀[0m[38;2;120;27;70m[48;2;128;29;75m▀[0m[38;2;10;13;13m[48;2;11;15;12m▀[0m[38;2;51;57;53m[48;2;42;47;48m▀[0m[38;2;51;57;53m[48;2;51;57;53m▀[0m[38;2;51;57;53m[48;2;51;57;53m▀[0m[38;2;51;57;53m[48;2;51;57;53m▀[0m[38;2;51;57;53m[48;2;51;57;53m▀[0m[38;2;51;57;53m[48;2;51;57;53m▀[0m[38;2;51;57;53m[48;2;51;57;53m▀[0m[38;2;51;57;53m[48;2;51;57;53m▀[0m[38;2;51;57;53m[48;2;51;57;53m▀[0m[38;2;51;57;53m[48;2;51;58;54m▀[0m[38;2;28;33;38m[48;2;30;34;39m▀[0m[38;2;214;187;217m[48;2;28;33;38m▀[0m[38;2;214;188;217m[48;2;214;187;217m▀[0m[38;2;214;188;217m[48;2;214;188;217m▀[0m[38;2;158;140;159m[48;2;217;191;220m▀[0m              
    [38;2;143;32;83m[48;2;83;20;49m▀[0m[38;2;80;18;46m▀[0m[38;2;85;81;78m▄[0m[38;2;143;32;83m▄[0m[38;2;143;32;83m▀[0m[38;2;14;17;19m[48;2;18;19;18m▀[0m[38;2;143;32;83m[48;2;143;32;83m▀[0m[38;2;28;33;38m[48;2;28;33;38m▀[0m[38;2;28;33;38m[48;2;29;33;39m▀[0m[38;2;27;32;37m[48;2;29;33;38m▀[0m[38;2;46;52;50m[48;2;28;33;38m▀[0m[38;2;56;62;58m[48;2;30;34;40m▀[0m[38;2;51;57;53m[48;2;28;33;38m▀[0m[38;2;51;57;53m[48;2;28;33;38m▀[0m[38;2;51;57;53m[48;2;28;33;38m▀[0m[38;2;51;57;53m[48;2;28;33;38m▀[0m[38;2;29;33;38m[48;2;28;33;38m▀[0m[38;2;27;32;37m[48;2;28;33;38m▀[0m[38;2;28;33;38m[48;2;28;33;38m▀[0m[38;2;214;188;217m[48;2;214;187;217m▀[0m[38;2;214;188;217m[48;2;213;187;217m▀[0m[38;2;176;159;178m[48;2;214;189;217m▀[0m[38;2;243;243;242m▄[0m             
   [38;2;211;90;142m[48;2;216;103;152m▀[0m  [38;2;149;34;87m[48;2;211;86;140m▀[0m[38;2;111;25;65m▀[0m[38;2;255;255;255m▄[0m[38;2;39;12;23m[48;2;180;44;104m▀[0m[38;2;143;32;83m[48;2;28;33;38m▀[0m[38;2;28;33;39m[48;2;28;33;38m▀[0m[38;2;29;33;39m[48;2;8;6;5m▀[0m[38;2;28;33;38m[48;2;95;78;85m▀[0m[38;2;28;33;38m[48;2;238;237;234m▀[0m[38;2;28;33;38m▀[0m[38;2;28;33;38m[48;2;29;33;38m▀[0m[38;2;29;33;39m[48;2;29;33;38m▀[0m[38;2;28;33;38m[48;2;28;33;38m▀[0m[38;2;28;33;38m[48;2;28;33;38m▀[0m[38;2;29;33;39m[48;2;28;33;38m▀[0m[38;2;28;33;38m[48;2;28;33;38m▀[0m[38;2;28;33;38m[48;2;28;33;38m▀[0m[38;2;100;99;97m▀[0m[38;2;214;189;217m[48;2;160;142;159m▀[0m[38;2;214;189;217m[48;2;214;188;217m▀[0m[38;2;214;187;217m[48;2;202;183;203m▀[0m             
  [38;2;253;253;252m[48;2;177;172;166m▀[0m  [38;2;211;86;140m▄[0m[38;2;71;50;56m▀[0m [38;2;82;81;81m▄[0m[38;2;211;87;141m[48;2;181;90;132m▀[0m[38;2;37;48;45m[48;2;241;238;238m▀[0m[38;2;28;33;38m[48;2;38;42;44m▀[0m[38;2;106;99;91m▀[0m[38;2;7;9;23m[48;2;7;9;23m▀[0m  [38;2;22;27;31m▀[0m[38;2;28;33;38m[48;2;28;33;38m▀[0m[38;2;28;33;38m[48;2;28;33;38m▀[0m[38;2;28;33;38m[48;2;222;219;217m▀[0m[38;2;9;6;8m▀[0m[38;2;28;33;38m[48;2;28;33;38m▀[0m[38;2;28;33;38m[48;2;28;33;38m▀[0m [38;2;214;188;217m[48;2;95;83;92m▀[0m[38;2;214;188;217m[48;2;217;193;221m▀[0m[38;2;219;196;222m[48;2;219;198;223m▀[0m[38;2;44;41;42m▄[0m            
     [38;2;186;128;161m[48;2;250;250;251m▀[0m  [38;2;90;45;64m▀[0m  [38;2;51;57;53m[48;2;51;57;53m▀[0m [38;2;7;9;23m[48;2;27;31;37m▀[0m   [38;2;51;57;53m▀[0m[38;2;28;33;38m[48;2;51;57;53m▀[0m[38;2;255;255;255m[48;2;28;32;38m▀[0m [38;2;31;35;39m▀[0m[38;2;28;33;38m[48;2;28;33;38m▀[0m[38;2;239;238;235m▄[0m [38;2;227;206;230m[48;2;219;197;223m▀[0m[38;2;220;198;224m▀[0m             
           [38;2;176;54;100m[48;2;172;57;105m▀[0m [38;2;174;57;105m[48;2;172;57;105m▀[0m    [38;2;42;21;40m[48;2;220;218;215m▀[0m[38;2;51;57;53m[48;2;51;57;53m▀[0m  [38;2;28;33;38m[48;2;172;57;107m▀[0m  [38;2;219;197;223m[48;2;172;171;165m▀[0m[38;2;219;197;223m▄[0m        [38;2;255;255;255m▄[0m[38;2;231;197;206m▄[0m   
          [38;2;255;255;255m▄[0m[38;2;172;57;105m[48;2;222;165;192m▀[0m[38;2;255;255;255m▄[0m[38;2;253;254;254m[48;2;194;91;173m▀[0m[38;2;255;255;255m[48;2;204;115;179m▀[0m   [38;2;252;252;250m[48;2;239;238;234m▀[0m[38;2;173;58;106m[48;2;172;57;105m▀[0m  [38;2;172;57;105m[48;2;172;57;105m▀[0m    [38;2;232;200;204m▄[0m[38;2;255;255;255m[48;2;195;93;172m▀[0m[38;2;237;211;217m[48;2;251;245;248m▀[0m[38;2;255;255;255m[48;2;199;99;178m▀[0m[38;2;255;255;255m[48;2;197;95;174m▀[0m[38;2;212;131;184m[48;2;247;233;244m▀[0m[38;2;230;192;201m▀[0m[38;2;199;100;174m▀[0m[38;2;254;251;253m▀[0m    
          [38;2;215;141;188m▀[0m[38;2;192;86;169m▀[0m[38;2;255;254;255m▀[0m     [38;2;166;40;96m[48;2;255;255;255m▀[0m[38;2;181;86;125m▀[0m [38;2;211;132;185m▄[0m[38;2;228;177;197m[48;2;197;95;174m▀[0m[38;2;196;89;177m[48;2;203;109;179m▀[0m[38;2;197;95;174m[48;2;208;123;183m▀[0m[38;2;197;95;174m[48;2;230;191;204m▀[0m[38;2;197;95;174m[48;2;242;225;232m▀[0m[38;2;197;95;174m[48;2;255;255;255m▀[0m[38;2;255;255;255m[48;2;212;130;187m▀[0m[38;2;238;213;223m[48;2;255;254;255m▀[0m[38;2;222;160;193m▀[0m         
                 [38;2;213;137;186m▀[0m[38;2;197;95;174m[48;2;255;255;255m▀[0m[38;2;197;95;174m▀[0m[38;2;193;85;175m[48;2;196;92;175m▀[0m[38;2;197;95;174m[48;2;228;187;199m▀[0m[38;2;209;124;184m▀[0m[38;2;197;95;174m[48;2;255;255;255m▀[0m[38;2;197;95;174m[48;2;255;255;255m▀[0m[38;2;198;95;174m▀[0m[38;2;197;94;175m[48;2;219;161;190m▀[0m[38;2;194;87;174m[48;2;230;193;205m▀[0m[38;2;228;185;199m▀[0m           
                                        
                                        
                                        
