                                        
                                        
                                        
               [38;2;132;101;84m▄[0m  [38;2;120;89;73m[48;2;92;62;51m▀[0m[38;2;92;62;51m[48;2;92;62;51m▀[0m [38;2;93;62;51m▄[0m[38;2;93;63;51m▄[0m                 
            [38;2;7;3;3m▄[0m[38;2;130;99;82m▄[0m[38;2;71;55;46m▀[0m[38;2;99;68;56m[48;2;96;64;53m▀[0m[38;2;97;66;54m[48;2;91;61;50m▀[0m[38;2;75;53;46m▄[0m[38;2;92;62;51m[48;2;179;169;164m▀[0m[38;2;93;63;51m[48;2;178;168;163m▀[0m[38;2;44;33;30m▄[0m[38;2;92;62;51m[48;2;74;53;46m▀[0m[38;2;93;63;51m[48;2;68;49;43m▀[0m[38;2;91;61;50m▄[0m[38;2;93;63;51m[48;2;93;63;51m▀[0m[38;2;97;64;53m▄[0m[38;2;149;136;131m▄[0m[38;2;11;11;11m[48;2;151;138;133m▀[0m[38;2;151;138;133m▄[0m[38;2;147;135;129m▄[0m          
           [38;2;130;100;82m▄[0m[38;2;131;100;82m[48;2;10;7;5m▀[0m[38;2;95;64;53m[48;2;92;62;51m▀[0m[38;2;94;63;52m[48;2;191;184;179m▀[0m[38;2;105;70;57m[48;2;177;167;161m▀[0m[38;2;177;168;161m[48;2;173;163;158m▀[0m[38;2;177;167;160m[48;2;174;164;159m▀[0m[38;2;173;163;159m[48;2;171;161;156m▀[0m[38;2;171;162;157m[48;2;150;137;132m▀[0m[38;2;154;142;136m[48;2;149;136;130m▀[0m[38;2;149;136;130m[48;2;150;138;132m▀[0m[38;2;147;135;129m[48;2;149;136;130m▀[0m[38;2;68;47;41m[48;2;147;135;129m▀[0m[38;2;68;49;44m[48;2;58;52;50m▀[0m[38;2;68;49;43m[48;2;69;50;44m▀[0m[38;2;98;66;54m[48;2;74;53;47m▀[0m[38;2;153;140;134m[48;2;73;52;46m▀[0m[38;2;147;134;129m[48;2;69;50;44m▀[0m[38;2;147;135;129m[48;2;106;99;91m▀[0m[38;2;141;129;123m[48;2;100;95;87m▀[0m[38;2;36;35;32m▄[0m        
          [38;2;29;22;18m▀[0m[38;2;127;95;79m[48;2;125;93;78m▀[0m[38;2;92;62;51m[48;2;185;178;172m▀[0m[38;2;8;4;3m[48;2;65;62;59m▀[0m[38;2;173;163;158m[48;2;171;160;155m▀[0m[38;2;174;164;159m[48;2;171;161;156m▀[0m[38;2;173;163;159m[48;2;170;160;155m▀[0m[38;2;174;164;159m[48;2;168;157;152m▀[0m[38;2;161;149;143m[48;2;147;135;129m▀[0m[38;2;148;135;130m[48;2;149;136;131m▀[0m[38;2;148;135;129m[48;2;149;136;131m▀[0m[38;2;148;135;130m[48;2;147;135;129m▀[0m[38;2;147;135;129m[48;2;147;135;129m▀[0m[38;2;147;135;129m[48;2;147;135;129m▀[0m[38;2;146;134;128m[48;2;147;135;129m▀[0m[38;2;147;135;129m[48;2;150;137;131m▀[0m[38;2;73;53;46m[48;2;81;73;70m▀[0m[38;2;48;41;39m[48;2;67;49;43m▀[0m[38;2;109;72;58m[48;2;68;49;44m▀[0m[38;2;68;49;44m[48;2;68;49;44m▀[0m[38;2;100;95;87m[48;2;85;58;49m▀[0m[38;2;37;38;36m▀[0m        
         [38;2;131;101;83m[48;2;58;45;38m▀[0m[38;2;130;100;82m[48;2;130;100;82m▀[0m[38;2;101;67;54m[48;2;176;166;160m▀[0m[38;2;176;166;159m[48;2;163;150;145m▀[0m[38;2;163;153;148m[48;2;149;136;130m▀[0m[38;2;157;145;139m[48;2;147;135;129m▀[0m[38;2;150;138;133m[48;2;60;57;55m▀[0m[38;2;159;147;142m[48;2;147;135;129m▀[0m[38;2;153;140;134m[48;2;147;135;129m▀[0m[38;2;148;135;130m[48;2;147;135;129m▀[0m[38;2;148;135;129m[48;2;147;135;129m▀[0m[38;2;150;138;132m[48;2;149;136;130m▀[0m[38;2;131;121;118m[48;2;147;135;129m▀[0m[38;2;104;98;90m[48;2;147;135;129m▀[0m[38;2;126;116;108m[48;2;148;136;130m▀[0m[38;2;147;135;129m[48;2;147;135;129m▀[0m[38;2;148;136;130m[48;2;147;135;129m▀[0m[38;2;151;139;134m[48;2;148;135;129m▀[0m[38;2;103;97;89m[48;2;102;96;88m▀[0m[38;2;69;49;43m[48;2;27;27;27m▀[0m[38;2;69;51;45m[48;2;72;50;43m▀[0m[38;2;75;55;48m[48;2;74;54;47m▀[0m[38;2;76;53;45m▄[0m        
         [38;2;102;94;91m▄[0m[38;2;28;26;23m[48;2;148;135;129m▀[0m[38;2;178;169;163m[48;2;156;145;138m▀[0m[38;2;151;138;133m[48;2;148;135;130m▀[0m[38;2;148;135;130m[48;2;150;137;131m▀[0m[38;2;148;135;130m[48;2;150;138;132m▀[0m[38;2;154;141;136m[48;2;92;62;51m▀[0m[38;2;92;61;50m[48;2;92;62;51m▀[0m[38;2;146;134;129m[48;2;84;57;47m▀[0m[38;2;108;74;60m[48;2;93;63;51m▀[0m[38;2;93;63;51m[48;2;130;100;82m▀[0m[38;2;94;64;52m[48;2;111;78;64m▀[0m[38;2;115;81;66m[48;2;96;65;53m▀[0m[38;2;93;63;51m[48;2;95;64;53m▀[0m[38;2;93;62;51m[48;2;93;63;51m▀[0m[38;2;147;135;129m[48;2;54;38;32m▀[0m[38;2;150;137;131m[48;2;149;136;130m▀[0m[38;2;151;138;132m[48;2;101;96;88m▀[0m[38;2;104;98;90m[48;2;101;96;88m▀[0m[38;2;104;97;89m[48;2;104;97;89m▀[0m[38;2;39;35;33m[48;2;100;95;87m▀[0m[38;2;74;54;47m[48;2;99;94;87m▀[0m[38;2;68;49;44m[48;2;52;38;33m▀[0m[38;2;92;62;51m[48;2;92;62;51m▀[0m[38;2;92;62;51m▄[0m      
      [38;2;140;109;90m▄[0m[38;2;127;96;79m▄[0m[38;2;171;160;156m[48;2;163;153;148m▀[0m[38;2;147;135;129m[48;2;149;136;131m▀[0m[38;2;149;136;130m[48;2;148;135;130m▀[0m[38;2;152;139;134m[48;2;148;135;130m▀[0m[38;2;148;135;130m[48;2;148;135;130m▀[0m[38;2;150;137;131m[48;2;150;138;132m▀[0m[38;2;50;38;33m[48;2;135;125;121m▀[0m[38;2;92;61;51m[48;2;43;35;25m▀[0m[38;2;92;61;50m[48;2;98;67;55m▀[0m[38;2;92;62;51m[48;2;52;34;27m▀[0m[38;2;65;43;37m[48;2;149;139;133m▀[0m[38;2;239;207;123m[48;2;162;156;155m▀[0m[38;2;239;207;123m[48;2;240;207;126m▀[0m[38;2;234;191;92m[48;2;235;195;98m▀[0m[38;2;95;64;52m[48;2;61;42;36m▀[0m[38;2;94;64;52m[48;2;94;63;52m▀[0m[38;2;43;37;35m[48;2;82;58;50m▀[0m[38;2;148;135;130m[48;2;122;112;105m▀[0m[38;2;100;95;87m[48;2;100;95;87m▀[0m[38;2;119;112;104m[48;2;100;95;87m▀[0m[38;2;102;96;88m[48;2;100;95;87m▀[0m[38;2;100;95;87m[48;2;99;94;87m▀[0m[38;2;102;96;88m[48;2;99;94;87m▀[0m[38;2;92;62;51m[48;2;92;62;51m▀[0m[38;2;92;62;51m[48;2;37;28;25m▀[0m[38;2;92;62;51m[48;2;92;62;51m▀[0m[38;2;97;64;53m[48;2;92;62;51m▀[0m     
      [38;2;140;107;88m▄[0m[38;2;5;2;2m[48;2;92;62;51m▀[0m[38;2;148;135;130m[48;2;95;64;53m▀[0m[38;2;147;135;130m[48;2;97;92;85m▀[0m[38;2;149;136;130m[48;2;104;97;89m▀[0m[38;2;149;136;130m[48;2;149;136;130m▀[0m[38;2;148;135;130m[48;2;149;136;131m▀[0m[38;2;149;136;130m[48;2;150;138;132m▀[0m[38;2;149;136;130m[48;2;160;147;142m▀[0m[38;2;92;62;51m[48;2;98;66;54m▀[0m[38;2;98;67;55m[48;2;99;67;55m▀[0m[38;2;152;140;135m[48;2;92;62;51m▀[0m[38;2;25;34;35m[48;2;93;62;51m▀[0m[38;2;234;190;86m[48;2;233;189;87m▀[0m[38;2;238;203;115m[48;2;232;187;84m▀[0m[38;2;158;147;141m[48;2;236;192;88m▀[0m[38;2;147;135;129m[48;2;97;65;53m▀[0m[38;2;101;67;55m[48;2;96;63;51m▀[0m[38;2;86;58;48m[48;2;94;62;51m▀[0m[38;2;68;49;44m[48;2;69;49;44m▀[0m[38;2;100;95;87m[48;2;94;70;60m▀[0m[38;2;100;95;87m[48;2;101;96;88m▀[0m[38;2;100;95;87m[48;2;7;8;7m▀[0m[38;2;117;109;100m[48;2;92;62;51m▀[0m[38;2;50;42;40m[48;2;92;62;51m▀[0m[38;2;93;62;51m[48;2;52;43;41m▀[0m[38;2;92;62;51m[48;2;66;48;43m▀[0m[38;2;83;57;48m[48;2;73;52;46m▀[0m[38;2;92;62;51m[48;2;68;49;44m▀[0m[38;2;2;4;4m[48;2;22;22;20m▀[0m    
       [38;2;1;0;0m▄[0m[38;2;68;49;44m[48;2;49;35;30m▀[0m[38;2;92;62;51m[48;2;93;63;51m▀[0m[38;2;79;79;74m[48;2;48;41;39m▀[0m[38;2;131;119;111m[48;2;49;41;39m▀[0m[38;2;149;136;130m[48;2;149;136;131m▀[0m[38;2;49;37;32m[48;2;70;56;49m▀[0m[38;2;98;65;53m[48;2;41;31;27m▀[0m[38;2;98;67;55m[48;2;97;66;54m▀[0m[38;2;98;66;54m[48;2;94;63;52m▀[0m[38;2;99;67;55m[48;2;215;214;214m▀[0m[38;2;112;77;63m[48;2;255;255;255m▀[0m[38;2;65;46;41m[48;2;147;135;129m▀[0m[38;2;72;45;36m[48;2;146;134;129m▀[0m[38;2;77;50;42m[48;2;177;167;161m▀[0m[38;2;17;23;18m[48;2;152;140;134m▀[0m[38;2;203;202;198m[48;2;95;64;52m▀[0m[38;2;85;58;49m[48;2;72;52;45m▀[0m[38;2;71;51;45m[48;2;27;21;19m▀[0m[38;2;98;74;62m[48;2;84;65;54m▀[0m[38;2;118;110;101m[48;2;51;43;41m▀[0m[38;2;49;42;40m[48;2;64;48;44m▀[0m[38;2;47;40;39m[48;2;27;27;26m▀[0m[38;2;90;61;50m▀[0m[38;2;48;41;39m[48;2;48;41;39m▀[0m[38;2;75;72;71m[48;2;75;73;71m▀[0m[38;2;75;72;71m[48;2;75;73;71m▀[0m[38;2;74;70;68m[48;2;75;72;70m▀[0m[38;2;100;95;87m[48;2;147;135;129m▀[0m[38;2;147;135;129m▄[0m   
      [38;2;8;8;7m▄[0m[38;2;148;136;130m[48;2;150;137;131m▀[0m[38;2;155;143;138m[48;2;150;136;131m▀[0m[38;2;96;64;52m[48;2;66;42;34m▀[0m[38;2;68;49;44m[48;2;59;39;34m▀[0m[38;2;50;41;39m[48;2;68;49;44m▀[0m[38;2;12;13;12m[48;2;42;33;30m▀[0m[38;2;40;36;33m[48;2;52;52;49m▀[0m[38;2;119;88;72m[48;2;150;117;97m▀[0m[38;2;107;73;59m[48;2;120;89;73m▀[0m[38;2;96;65;53m[48;2;55;44;40m▀[0m[38;2;98;66;54m[48;2;74;53;47m▀[0m[38;2;39;33;26m[48;2;237;202;145m▀[0m[38;2;246;216;159m[48;2;71;73;71m▀[0m[38;2;235;201;145m[48;2;47;38;37m▀[0m[38;2;235;202;146m[48;2;233;199;144m▀[0m[38;2;235;201;145m[48;2;147;123;88m▀[0m[38;2;94;64;53m[48;2;58;47;44m▀[0m[38;2;47;35;31m[48;2;100;92;85m▀[0m[38;2;109;85;71m[48;2;72;69;64m▀[0m[38;2;109;103;95m[48;2;69;50;44m▀[0m[38;2;60;47;43m[48;2;105;99;90m▀[0m[38;2;120;112;103m[48;2;102;96;88m▀[0m[38;2;103;96;88m[48;2;104;97;89m▀[0m[38;2;102;97;89m[48;2;103;96;88m▀[0m[38;2;82;77;74m▀[0m[38;2;77;73;71m[48;2;94;87;82m▀[0m[38;2;74;72;70m[48;2;98;93;86m▀[0m[38;2;98;93;86m[48;2;100;95;87m▀[0m[38;2;147;135;129m[48;2;147;135;129m▀[0m[38;2;147;135;129m[48;2;147;135;129m▀[0m   
     [38;2;171;162;157m▄[0m[38;2;155;143;137m[48;2;155;142;136m▀[0m[38;2;150;136;131m[48;2;154;141;135m▀[0m[38;2;147;135;129m[48;2;150;137;131m▀[0m[38;2;148;135;130m[48;2;148;135;130m▀[0m[38;2;148;136;130m[48;2;133;121;115m▀[0m[38;2;67;49;43m[48;2;100;95;87m▀[0m[38;2;25;18;16m[48;2;101;92;86m▀[0m[38;2;90;62;52m[48;2;51;53;49m▀[0m[38;2;96;90;82m[48;2;54;55;54m▀[0m[38;2;103;96;88m[48;2;73;53;47m▀[0m[38;2;92;84;80m[48;2;41;41;40m▀[0m[38;2;8;8;7m[48;2;74;54;47m▀[0m[38;2;167;138;100m[48;2;56;42;37m▀[0m[38;2;151;104;113m[48;2;205;216;216m▀[0m[38;2;213;160;168m[48;2;213;160;167m▀[0m[38;2;214;162;169m[48;2;215;162;169m▀[0m[38;2;122;104;75m[48;2;142;120;88m▀[0m[38;2;68;50;45m▀[0m[38;2;102;96;88m▀[0m[38;2;55;45;42m[48;2;52;41;37m▀[0m[38;2;100;95;87m[48;2;101;96;87m▀[0m[38;2;105;98;90m[48;2;150;137;131m▀[0m[38;2;147;134;129m[48;2;151;138;133m▀[0m[38;2;148;135;130m[48;2;156;143;138m▀[0m[38;2;151;138;133m[48;2;150;137;131m▀[0m[38;2;50;44;42m[48;2;149;136;130m▀[0m[38;2;102;95;88m[48;2;167;170;164m▀[0m[38;2;100;95;87m[48;2;47;49;46m▀[0m[38;2;98;94;86m[48;2;162;162;155m▀[0m[38;2;147;135;129m[48;2;48;47;46m▀[0m[38;2;147;135;129m[48;2;170;170;164m▀[0m[38;2;32;27;26m[48;2;126;116;109m▀[0m  
   [38;2;230;233;233m▄[0m[38;2;170;161;156m[48;2;230;229;228m▀[0m[38;2;173;162;157m[48;2;171;160;155m▀[0m[38;2;157;145;140m[48;2;155;143;137m▀[0m[38;2;155;141;136m[48;2;158;146;141m▀[0m[38;2;150;137;130m[48;2;148;135;129m▀[0m[38;2;148;135;130m[48;2;148;135;130m▀[0m[38;2;100;95;86m[48;2;110;102;94m▀[0m[38;2;118;108;100m▀[0m[38;2;148;147;141m▀[0m[38;2;153;154;146m▀[0m[38;2;155;154;146m▀[0m[38;2;106;97;89m[48;2;167;168;166m▀[0m[38;2;120;119;112m▀[0m[38;2;79;75;72m▀[0m[38;2;70;66;64m▀[0m[38;2;80;55;47m▀[0m[38;2;17;18;13m▀[0m     [38;2;128;118;111m▀[0m[38;2;148;135;130m[48;2;151;138;131m▀[0m[38;2;150;137;132m[48;2;148;135;130m▀[0m[38;2;152;141;134m[48;2;151;138;132m▀[0m[38;2;157;146;140m[48;2;150;137;132m▀[0m[38;2;150;137;132m[48;2;152;140;135m▀[0m[38;2;103;94;89m[48;2;147;135;129m▀[0m[38;2;147;134;128m▄[0m[38;2;162;164;158m▀[0m[38;2;10;3;3m▀[0m[38;2;16;16;15m▀[0m   
  [38;2;224;228;227m▀[0m[38;2;98;92;89m[48;2;230;234;234m▀[0m[38;2;224;226;225m[48;2;175;173;170m▀[0m[38;2;232;235;235m[48;2;162;161;155m▀[0m[38;2;223;225;224m[48;2;215;213;212m▀[0m[38;2;228;232;231m[48;2;155;155;148m▀[0m[38;2;153;140;134m[48;2;16;16;14m▀[0m[38;2;223;228;227m▀[0m[38;2;232;235;235m[48;2;3;3;3m▀[0m[38;2;208;206;203m[48;2;191;191;188m▀[0m              [38;2;227;231;230m[48;2;164;165;158m▀[0m[38;2;225;228;227m▀[0m[38;2;147;135;129m[48;2;99;94;86m▀[0m[38;2;124;113;109m[48;2;164;164;157m▀[0m[38;2;229;232;231m[48;2;200;202;199m▀[0m[38;2;225;229;228m[48;2;64;63;60m▀[0m[38;2;137;133;131m[48;2;227;230;229m▀[0m[38;2;224;228;227m[48;2;164;165;159m▀[0m[38;2;224;228;227m[48;2;224;228;227m▀[0m[38;2;191;192;188m▄[0m    
    [38;2;225;228;228m▀[0m [38;2;224;228;227m▀[0m                        [38;2;228;231;230m▀[0m [38;2;234;235;236m▀[0m      
                                        
                                        
                                        
