                                        
                                        
                                        
                                        
                                        
                   [38;2;252;254;254m[48;2;243;246;244m▀[0m[38;2;243;245;244m[48;2;236;239;236m▀[0m[38;2;240;242;241m▄[0m                  
        [38;2;231;78;122m▄[0m         [38;2;113;106;102m[48;2;241;243;241m▀[0m[38;2;238;242;239m[48;2;239;242;240m▀[0m[38;2;241;243;241m[48;2;242;244;242m▀[0m[38;2;238;242;239m[48;2;133;87;97m▀[0m[38;2;83;80;78m[48;2;218;178;194m▀[0m       [38;2;182;123;144m[48;2;242;158;177m▀[0m[38;2;47;20;24m[48;2;231;86;126m▀[0m   [38;2;248;203;221m▄[0m    
   [38;2;103;121;103m▄[0m[38;2;40;42;39m[48;2;111;128;110m▀[0m[38;2;57;58;55m[48;2;74;85;74m▀[0m[38;2;74;74;70m[48;2;79;11;36m▀[0m[38;2;228;61;121m[48;2;96;33;49m▀[0m[38;2;24;25;23m[48;2;109;137;114m▀[0m[38;2;211;88;127m[48;2;134;163;138m▀[0m[38;2;233;99;134m[48;2;136;168;142m▀[0m[38;2;231;93;129m[48;2;232;96;132m▀[0m[38;2;231;94;131m[48;2;15;4;6m▀[0m[38;2;232;65;116m[48;2;232;78;122m▀[0m[38;2;233;71;122m[48;2;128;158;133m▀[0m[38;2;99;29;49m[48;2;126;156;131m▀[0m[38;2;75;78;73m[48;2;121;152;127m▀[0m[38;2;79;80;75m[48;2;80;108;89m▀[0m[38;2;251;251;251m[48;2;232;74;127m▀[0m[38;2;244;247;245m[48;2;182;47;98m▀[0m[38;2;240;243;241m[48;2;18;19;19m▀[0m[38;2;234;96;135m[48;2;136;47;72m▀[0m[38;2;232;92;131m[48;2;233;93;132m▀[0m[38;2;232;56;119m[48;2;231;70;118m▀[0m[38;2;231;58;114m▄[0m[38;2;231;56;114m▀[0m  [38;2;233;103;137m▄[0m [38;2;239;159;178m[48;2;219;116;145m▀[0m[38;2;231;92;129m[48;2;231;74;119m▀[0m[38;2;13;0;5m[48;2;231;68;119m▀[0m[38;2;93;58;65m▄[0m [38;2;247;201;219m[48;2;4;0;0m▀[0m[38;2;250;238;243m▄[0m   
  [38;2;9;6;6m▀[0m[38;2;105;122;104m[48;2;92;109;95m▀[0m[38;2;111;125;108m[48;2;55;33;27m▀[0m[38;2;129;158;133m[48;2;246;244;244m▀[0m[38;2;127;157;133m[48;2;123;154;128m▀[0m[38;2;255;255;255m[48;2;231;60;114m▀[0m[38;2;128;157;132m[48;2;233;83;129m▀[0m[38;2;141;172;147m[48;2;86;30;46m▀[0m[38;2;233;93;132m[48;2;231;75;121m▀[0m[38;2;233;96;134m[48;2;122;153;127m▀[0m[38;2;231;81;124m[48;2;23;27;21m▀[0m[38;2;231;82;124m[48;2;232;78;122m▀[0m[38;2;120;152;125m[48;2;182;59;99m▀[0m[38;2;157;48;84m[48;2;115;149;122m▀[0m[38;2;38;23;25m[48;2;231;68;117m▀[0m[38;2;116;149;122m[48;2;232;72;119m▀[0m[38;2;124;155;129m[48;2;119;162;137m▀[0m[38;2;126;157;131m[48;2;127;158;132m▀[0m[38;2;124;156;130m[48;2;134;163;138m▀[0m[38;2;64;13;34m[48;2;121;153;126m▀[0m[38;2;141;49;73m[48;2;110;144;117m▀[0m[38;2;149;55;79m[48;2;33;35;31m▀[0m[38;2;231;79;122m[48;2;232;91;129m▀[0m[38;2;232;102;135m▄[0m[38;2;232;101;135m▄[0m[38;2;232;106;138m▄[0m[38;2;107;38;56m[48;2;232;96;132m▀[0m[38;2;35;9;15m▄[0m[38;2;232;85;126m[48;2;232;81;124m▀[0m[38;2;231;67;117m[48;2;231;68;117m▀[0m[38;2;231;68;121m[48;2;231;46;109m▀[0m[38;2;231;53;111m[48;2;131;20;59m▀[0m[38;2;243;172;200m▄[0m [38;2;15;7;8m▀[0m   
    [38;2;63;37;29m[48;2;73;41;32m▀[0m[38;2;63;37;29m[48;2;77;44;34m▀[0m[38;2;61;36;29m[48;2;56;32;25m▀[0m[38;2;82;25;42m[48;2;21;6;5m▀[0m[38;2;78;28;40m[48;2;213;56;106m▀[0m[38;2;231;71;118m[48;2;38;18;14m▀[0m[38;2;121;152;127m[48;2;40;53;45m▀[0m[38;2;123;154;128m[48;2;118;151;124m▀[0m[38;2;134;170;144m[48;2;117;150;124m▀[0m[38;2;80;27;43m[48;2;231;52;111m▀[0m[38;2;232;70;122m[48;2;233;77;125m▀[0m[38;2;123;154;128m[48;2;115;148;121m▀[0m[38;2;65;99;80m[48;2;118;151;124m▀[0m[38;2;128;159;133m[48;2;67;23;37m▀[0m[38;2;129;159;133m[48;2;109;136;114m▀[0m[38;2;129;158;133m[48;2;125;155;130m▀[0m[38;2;131;161;135m[48;2;125;155;130m▀[0m[38;2;123;154;128m[48;2;131;169;143m▀[0m[38;2;121;153;126m[48;2;116;148;122m▀[0m[38;2;148;80;101m[48;2;7;16;12m▀[0m[38;2;231;88;127m[48;2;231;78;121m▀[0m[38;2;233;102;135m[48;2;232;91;128m▀[0m[38;2;232;101;135m[48;2;232;96;132m▀[0m[38;2;231;92;128m[48;2;232;88;127m▀[0m[38;2;231;79;122m[48;2;231;68;117m▀[0m[38;2;232;82;124m[48;2;232;75;121m▀[0m[38;2;232;81;124m[48;2;231;61;114m▀[0m[38;2;231;72;119m[48;2;230;57;113m▀[0m[38;2;230;55;112m[48;2;231;60;114m▀[0m[38;2;230;42;112m[48;2;230;44;108m▀[0m[38;2;243;168;198m[48;2;243;172;200m▀[0m     
   [38;2;74;103;83m[48;2;160;51;84m▀[0m[38;2;73;89;74m[48;2;99;132;106m▀[0m[38;2;128;158;133m[48;2;113;155;126m▀[0m[38;2;35;25;26m[48;2;120;151;125m▀[0m[38;2;110;63;53m[48;2;112;145;118m▀[0m[38;2;115;147;123m[48;2;20;24;20m▀[0m[38;2;66;90;76m[48;2;117;150;123m▀[0m[38;2;120;154;127m[48;2;120;151;125m▀[0m[38;2;126;156;131m[48;2;125;156;130m▀[0m[38;2;123;153;128m[48;2;230;37;106m▀[0m[38;2;230;45;108m[48;2;63;9;26m▀[0m[38;2;127;156;131m[48;2;232;234;231m▀[0m[38;2;121;152;126m[48;2;121;152;126m▀[0m[38;2;113;146;119m[48;2;109;144;117m▀[0m[38;2;233;86;136m[48;2;105;141;113m▀[0m[38;2;102;23;48m[48;2;115;148;121m▀[0m[38;2;109;143;116m[48;2;115;148;121m▀[0m[38;2;118;150;124m[48;2;120;152;126m▀[0m[38;2;235;108;157m[48;2;116;150;122m▀[0m[38;2;217;127;156m[48;2;231;66;116m▀[0m[38;2;232;67;118m[48;2;231;58;115m▀[0m[38;2;231;56;112m[48;2;233;92;141m▀[0m[38;2;232;77;122m[48;2;231;75;120m▀[0m[38;2;231;76;121m[48;2;231;59;114m▀[0m[38;2;231;66;117m[48;2;231;58;113m▀[0m[38;2;231;56;112m[48;2;230;37;106m▀[0m[38;2;231;64;116m[48;2;230;37;112m▀[0m[38;2;226;42;113m[48;2;153;44;76m▀[0m[38;2;230;37;106m[48;2;231;55;113m▀[0m[38;2;230;44;108m[48;2;14;2;5m▀[0m[38;2;231;40;118m▀[0m[38;2;244;175;203m▀[0m     
  [38;2;113;33;55m▀[0m[38;2;126;30;61m▀[0m[38;2;91;117;95m▀[0m[38;2;231;84;126m[48;2;230;36;106m▀[0m[38;2;145;42;77m[48;2;151;147;142m▀[0m[38;2;100;138;110m[48;2;130;125;120m▀[0m[38;2;102;139;111m[48;2;63;86;69m▀[0m[38;2;102;138;111m[48;2;52;81;64m▀[0m[38;2;107;142;115m[48;2;132;18;57m▀[0m[38;2;113;11;49m[48;2;230;37;106m▀[0m[38;2;230;37;108m[48;2;114;146;119m▀[0m[38;2;117;149;123m[48;2;105;141;113m▀[0m[38;2;225;224;222m[48;2;115;148;121m▀[0m[38;2;236;238;236m[48;2;241;243;241m▀[0m[38;2;112;146;120m[48;2;233;235;233m▀[0m[38;2;122;153;127m[48;2;103;99;98m▀[0m[38;2;110;144;116m[48;2;112;146;119m▀[0m[38;2;116;149;122m[48;2;99;137;109m▀[0m[38;2;112;146;119m[48;2;103;140;112m▀[0m[38;2;103;140;112m[48;2;98;137;108m▀[0m[38;2;231;60;113m[48;2;41;62;48m▀[0m[38;2;53;9;21m[48;2;21;12;15m▀[0m[38;2;53;8;23m[48;2;98;137;108m▀[0m[38;2;231;43;108m[48;2;47;73;59m▀[0m[38;2;220;40;113m[48;2;151;39;73m▀[0m[38;2;230;37;106m[48;2;156;41;75m▀[0m[38;2;144;38;70m▀[0m [38;2;144;42;73m[48;2;149;45;74m▀[0m[38;2;146;40;71m[48;2;146;44;73m▀[0m[38;2;3;0;0m▀[0m       
     [38;2;150;39;76m[48;2;138;132;126m▀[0m[38;2;138;132;126m[48;2;139;133;127m▀[0m[38;2;96;92;89m▀[0m  [38;2;63;86;70m▀[0m[38;2;64;86;70m▀[0m[38;2;65;86;70m[48;2;63;86;70m▀[0m[38;2;100;136;109m[48;2;63;86;70m▀[0m[38;2;112;145;118m[48;2;64;87;70m▀[0m[38;2;39;47;38m[48;2;69;89;73m▀[0m[38;2;236;239;237m[48;2;230;233;231m▀[0m[38;2;235;238;236m[48;2;237;240;237m▀[0m[38;2;236;237;236m[48;2;238;242;239m▀[0m[38;2;104;141;113m[48;2;251;253;252m▀[0m[38;2;99;137;109m[48;2;63;86;70m▀[0m[38;2;216;38;100m[48;2;46;64;51m▀[0m[38;2;62;86;70m[48;2;145;140;134m▀[0m[38;2;64;88;71m[48;2;138;132;126m▀[0m[38;2;44;69;55m[48;2;140;134;128m▀[0m[38;2;104;26;49m▀[0m[38;2;56;50;47m▀[0m   [38;2;155;43;76m▀[0m         
    [38;2;140;134;128m▄[0m[38;2;138;132;126m[48;2;145;140;134m▀[0m[38;2;138;132;126m▀[0m          [38;2;231;234;232m▀[0m[38;2;233;235;233m▀[0m[38;2;236;238;236m▀[0m[38;2;236;238;235m[48;2;236;239;236m▀[0m[38;2;234;237;235m▄[0m[38;2;24;19;18m▀[0m[38;2;137;131;125m[48;2;157;154;149m▀[0m[38;2;49;42;39m▀[0m               
   [38;2;27;23;22m▄[0m[38;2;24;19;19m▀[0m                 [38;2;248;249;249m▀[0m                 
                                        
                                        
                                        
                                        
                                        
