                                        
                                        
                                        
                                        
                   [38;2;238;241;238m▄[0m                    
                  [38;2;248;251;250m▄[0m[38;2;237;239;236m[48;2;236;239;236m▀[0m [38;2;240;243;240m▄[0m                  
   [38;2;129;34;136m▄[0m   [38;2;230;84;239m▄[0m         [38;2;215;215;213m▄[0m[38;2;242;245;243m[48;2;246;248;246m▀[0m[38;2;241;244;241m[48;2;245;248;246m▀[0m[38;2;245;245;245m[48;2;239;241;239m▀[0m[38;2;239;242;239m[48;2;252;252;252m▀[0m[38;2;238;241;239m▄[0m       [38;2;63;35;57m[48;2;244;160;246m▀[0m[38;2;217;90;231m▄[0m   [38;2;246;239;247m▄[0m    
 [38;2;25;23;23m▄[0m[38;2;19;5;21m[48;2;70;71;67m▀[0m[38;2;76;76;71m▄[0m[38;2;61;69;59m▄[0m[38;2;133;38;136m[48;2;67;18;64m▀[0m[38;2;220;76;241m[48;2;207;212;205m▀[0m[38;2;92;91;86m[48;2;219;68;239m▀[0m[38;2;88;88;82m[48;2;52;43;44m▀[0m[38;2;94;94;88m[48;2;82;151;81m▀[0m[38;2;65;74;62m[48;2;220;100;233m▀[0m[38;2;50;63;51m[48;2;215;88;231m▀[0m[38;2;86;88;83m[48;2;6;7;6m▀[0m[38;2;79;79;74m[48;2;77;148;75m▀[0m[38;2;75;75;71m[48;2;70;36;68m▀[0m[38;2;0;0;0m[48;2;238;103;245m▀[0m[38;2;216;87;233m▄[0m[38;2;239;242;240m[48;2;90;30;87m▀[0m[38;2;243;246;244m[48;2;68;69;64m▀[0m[38;2;245;248;246m[48;2;237;240;237m▀[0m[38;2;15;20;13m[48;2;254;255;254m▀[0m[38;2;220;104;233m[48;2;214;80;231m▀[0m[38;2;213;81;232m[48;2;222;78;238m▀[0m[38;2;204;59;230m▄[0m[38;2;39;8;35m▄[0m     [38;2;246;160;248m[48;2;225;159;224m▀[0m[38;2;216;91;231m[48;2;215;85;231m▀[0m[38;2;213;78;231m[48;2;230;88;241m▀[0m  [38;2;237;199;248m[48;2;254;221;255m▀[0m[38;2;30;27;28m[48;2;244;238;244m▀[0m[38;2;6;6;6m▄[0m[38;2;30;27;30m▄[0m 
 [38;2;100;134;91m[48;2;107;140;96m▀[0m[38;2;98;134;89m[48;2;108;139;96m▀[0m[38;2;110;159;103m[48;2;176;155;158m▀[0m[38;2;108;179;106m[48;2;101;177;101m▀[0m[38;2;182;177;180m[48;2;245;144;246m▀[0m[38;2;205;210;203m[48;2;240;128;248m▀[0m[38;2;107;179;105m[48;2;127;66;121m▀[0m[38;2;112;183;110m[48;2;216;86;232m▀[0m[38;2;218;94;233m[48;2;212;77;232m▀[0m[38;2;216;92;232m[48;2;91;167;92m▀[0m[38;2;232;100;244m[48;2;214;82;231m▀[0m[38;2;215;82;231m[48;2;216;76;236m▀[0m[38;2;102;178;102m[48;2;104;185;104m▀[0m[38;2;49;29;50m[48;2;92;175;93m▀[0m[38;2;109;190;109m[48;2;213;76;231m▀[0m[38;2;100;177;100m[48;2;108;191;108m▀[0m[38;2;103;180;104m[48;2;109;182;108m▀[0m[38;2;108;190;109m[48;2;106;181;106m▀[0m[38;2;190;54;189m[48;2;102;179;102m▀[0m[38;2;74;22;71m[48;2;103;179;103m▀[0m[38;2;139;59;145m[48;2;65;124;65m▀[0m[38;2;213;76;232m[48;2;27;45;25m▀[0m[38;2;128;46;117m[48;2;208;88;208m▀[0m[38;2;215;86;232m[48;2;228;102;234m▀[0m  [38;2;252;136;255m[48;2;178;78;176m▀[0m[38;2;221;87;239m[48;2;209;83;210m▀[0m[38;2;11;3;7m▀[0m[38;2;226;96;240m[48;2;214;79;231m▀[0m[38;2;213;79;231m[48;2;204;56;231m▀[0m[38;2;224;73;241m[48;2;193;52;221m▀[0m[38;2;213;79;231m[48;2;203;56;231m▀[0m[38;2;225;143;239m▄[0m[38;2;231;185;246m[48;2;227;174;243m▀[0m [38;2;247;230;253m[48;2;245;225;251m▀[0m[38;2;105;101;104m▀[0m 
 [38;2;249;247;247m▀[0m[38;2;54;31;25m[48;2;67;37;29m▀[0m[38;2;57;33;26m[48;2;70;39;30m▀[0m[38;2;59;34;28m[48;2;13;4;2m▀[0m[38;2;17;41;17m[48;2;8;12;11m▀[0m[38;2;215;75;235m[48;2;171;70;182m▀[0m[38;2;215;85;231m[48;2;218;90;233m▀[0m[38;2;214;80;231m[48;2;0;0;0m▀[0m[38;2;100;170;100m[48;2;95;174;95m▀[0m[38;2;96;175;97m[48;2;102;179;101m▀[0m[38;2;93;172;94m[48;2;97;176;97m▀[0m[38;2;211;72;231m[48;2;214;79;232m▀[0m[38;2;243;79;251m[48;2;210;69;231m▀[0m[38;2;95;175;97m[48;2;94;174;95m▀[0m[38;2;176;45;179m[48;2;129;41;129m▀[0m[38;2;223;65;237m[48;2;98;176;99m▀[0m[38;2;17;40;17m[48;2;113;185;112m▀[0m[38;2;50;122;46m[48;2;108;180;107m▀[0m[38;2;106;181;106m[48;2;111;184;110m▀[0m[38;2;106;180;105m[48;2;103;177;102m▀[0m[38;2;210;49;238m[48;2;92;173;93m▀[0m[38;2;230;63;254m[48;2;80;168;85m▀[0m[38;2;217;94;231m[48;2;214;81;231m▀[0m[38;2;217;95;231m[48;2;233;110;241m▀[0m[38;2;221;101;233m[48;2;231;98;241m▀[0m[38;2;220;103;232m[48;2;220;101;232m▀[0m[38;2;217;91;232m[48;2;218;93;232m▀[0m[38;2;217;88;232m[48;2;215;81;232m▀[0m[38;2;216;88;232m[48;2;216;88;232m▀[0m[38;2;217;89;232m[48;2;208;68;231m▀[0m[38;2;211;76;231m[48;2;211;71;231m▀[0m[38;2;211;52;243m[48;2;102;28;108m▀[0m[38;2;233;79;248m[48;2;201;50;231m▀[0m[38;2;224;133;239m[48;2;225;139;239m▀[0m[38;2;241;187;243m[48;2;0;0;0m▀[0m   [38;2;94;89;93m▀[0m
  [38;2;25;31;25m▄[0m[38;2;77;43;33m[48;2;90;149;87m▀[0m[38;2;71;35;24m[48;2;104;180;105m▀[0m[38;2;63;36;28m[48;2;82;41;36m▀[0m[38;2;99;188;100m[48;2;92;54;46m▀[0m[38;2;81;145;82m[48;2;88;53;46m▀[0m[38;2;108;193;108m[48;2;104;179;104m▀[0m[38;2;94;173;94m[48;2;56;97;56m▀[0m[38;2;18;34;19m[48;2;100;178;100m▀[0m[38;2;97;175;96m[48;2;13;19;13m▀[0m[38;2;197;44;230m[48;2;161;37;172m▀[0m[38;2;163;33;177m[48;2;106;180;105m▀[0m[38;2;87;170;90m[48;2;100;177;101m▀[0m[38;2;86;169;89m[48;2;94;172;95m▀[0m[38;2;63;123;64m[48;2;41;87;44m▀[0m[38;2;221;80;239m[48;2;205;59;231m▀[0m[38;2;94;174;95m[48;2;88;171;90m▀[0m[38;2;103;178;104m[48;2;96;175;97m▀[0m[38;2;102;176;101m[48;2;90;172;91m▀[0m[38;2;92;171;94m[48;2;77;165;82m▀[0m[38;2;56;109;54m[48;2;210;70;231m▀[0m[38;2;222;71;246m[48;2;205;60;231m▀[0m[38;2;214;81;232m[48;2;204;57;231m▀[0m[38;2;223;85;237m[48;2;212;74;232m▀[0m[38;2;219;95;232m[48;2;211;74;231m▀[0m[38;2;213;80;231m[48;2;206;62;231m▀[0m[38;2;208;66;231m[48;2;199;47;231m▀[0m[38;2;209;69;231m[48;2;208;64;231m▀[0m[38;2;203;54;231m[48;2;47;9;51m▀[0m[38;2;202;53;230m[48;2;193;36;231m▀[0m[38;2;203;57;230m[48;2;192;36;230m▀[0m[38;2;197;41;231m▀[0m[38;2;225;144;239m[48;2;232;178;251m▀[0m     
 [38;2;52;17;46m[48;2;135;49;145m▀[0m[38;2;65;137;68m[48;2;66;129;68m▀[0m[38;2;224;86;237m[48;2;208;66;231m▀[0m[38;2;79;168;84m[48;2;214;81;231m▀[0m[38;2;90;170;92m[48;2;61;143;69m▀[0m[38;2;91;172;92m[48;2;73;168;81m▀[0m[38;2;20;15;12m[48;2;76;167;83m▀[0m[38;2;93;174;95m[48;2;74;166;81m▀[0m[38;2;92;172;92m[48;2;84;169;88m▀[0m[38;2;107;180;105m[48;2;191;35;229m▀[0m[38;2;192;36;230m[48;2;111;16;113m▀[0m[38;2;121;202;120m[48;2;95;174;96m▀[0m[38;2;231;234;232m[48;2;201;201;201m▀[0m[38;2;97;174;98m[48;2;235;238;235m▀[0m[38;2;87;171;88m[48;2;57;60;56m▀[0m[38;2;85;169;88m[48;2;99;176;100m▀[0m[38;2;86;170;89m[48;2;84;170;88m▀[0m[38;2;90;171;91m[48;2;80;168;84m▀[0m[38;2;101;178;101m[48;2;89;172;90m▀[0m[38;2;99;177;99m[48;2;86;171;88m▀[0m[38;2;159;89;149m[48;2;128;37;132m▀[0m[38;2;203;55;230m[48;2;199;47;231m▀[0m[38;2;230;111;241m[48;2;192;36;230m▀[0m[38;2;206;61;231m[48;2;54;8;59m▀[0m[38;2;210;71;231m[48;2;196;42;231m▀[0m[38;2;203;55;231m[48;2;130;24;144m▀[0m[38;2;200;49;230m[48;2;206;38;237m▀[0m[38;2;193;36;230m[48;2;110;32;115m▀[0m[38;2;87;21;88m▀[0m[38;2;138;45;150m[48;2;137;45;147m▀[0m[38;2;193;58;216m[48;2;132;39;146m▀[0m[38;2;106;31;113m[48;2;21;5;22m▀[0m       
 [38;2;141;51;151m▀[0m [38;2;235;59;254m▀[0m[38;2;136;130;124m▄[0m[38;2;140;134;128m[48;2;136;130;124m▀[0m[38;2;19;35;21m▀[0m[38;2;44;103;52m▀[0m[38;2;38;22;36m[48;2;19;43;23m▀[0m[38;2;120;22;133m[48;2;47;104;53m▀[0m[38;2;210;39;236m[48;2;47;104;53m▀[0m[38;2;86;170;88m[48;2;54;125;61m▀[0m[38;2;78;167;84m[48;2;70;166;80m▀[0m[38;2;91;170;92m[48;2;87;170;89m▀[0m[38;2;240;243;240m[48;2;49;99;50m▀[0m[38;2;234;236;234m[48;2;235;237;235m▀[0m[38;2;242;244;242m[48;2;235;238;235m▀[0m[38;2;84;169;87m[48;2;238;241;238m▀[0m[38;2;71;165;80m[48;2;76;153;80m▀[0m[38;2;69;164;79m[48;2;75;167;82m▀[0m[38;2;69;165;79m[48;2;79;186;90m▀[0m[38;2;70;164;79m[48;2;65;150;73m▀[0m[38;2;138;22;159m[48;2;43;103;52m▀[0m[38;2;70;166;79m[48;2;14;36;18m▀[0m[38;2;66;155;74m[48;2;50;118;60m▀[0m[38;2;136;39;152m[48;2;138;40;153m▀[0m[38;2;163;33;186m▀[0m[38;2;144;41;158m▀[0m  [38;2;137;44;149m[48;2;140;43;153m▀[0m[38;2;134;44;146m▀[0m        
   [38;2;138;133;126m▄[0m[38;2;142;135;129m[48;2;138;132;126m▀[0m[38;2;140;134;127m[48;2;69;66;63m▀[0m    [38;2;47;112;57m▀[0m[38;2;44;103;51m▀[0m[38;2;44;103;53m▀[0m[38;2;48;103;53m[48;2;5;9;6m▀[0m[38;2;52;104;55m[48;2;28;61;31m▀[0m[38;2;236;238;236m[48;2;9;20;10m▀[0m[38;2;239;242;240m[48;2;237;240;238m▀[0m[38;2;236;238;236m[48;2;232;234;232m▀[0m[38;2;244;247;245m[48;2;236;238;236m▀[0m[38;2;45;104;52m[48;2;236;238;236m▀[0m[38;2;46;109;55m▀[0m[38;2;32;74;39m▀[0m[38;2;157;150;143m[48;2;138;132;125m▀[0m[38;2;140;134;127m[48;2;137;132;125m▀[0m[38;2;140;134;128m▀[0m               
  [38;2;12;11;11m[48;2;140;134;128m▀[0m[38;2;138;134;127m▀[0m[38;2;114;109;104m▀[0m             [38;2;31;31;30m▀[0m[38;2;238;241;238m▀[0m[38;2;232;234;232m▀[0m[38;2;233;235;233m▄[0m [38;2;136;131;125m▀[0m                
                                        
                                        
                                        
                                        
                                        
