                                        
                                        
                                        
                 [38;2;236;223;92m▄[0m[38;2;236;222;93m▄[0m[38;2;236;222;92m▄[0m                    
            [38;2;217;37;29m▄[0m[38;2;224;124;47m▄[0m[38;2;217;62;37m▄[0m[38;2;225;104;38m▄[0m[38;2;246;227;91m[48;2;225;102;38m▀[0m[38;2;248;246;228m[48;2;244;192;160m▀[0m[38;2;248;246;228m[48;2;255;249;230m▀[0m[38;2;236;222;92m[48;2;240;224;93m▀[0m                    
        [38;2;216;38;27m▄[0m[38;2;221;134;56m[48;2;222;140;59m▀[0m[38;2;219;106;46m[48;2;222;140;59m▀[0m[38;2;221;136;58m[48;2;236;222;93m▀[0m[38;2;222;140;59m[48;2;230;145;41m▀[0m[38;2;222;140;59m[48;2;236;222;93m▀[0m[38;2;237;232;96m[48;2;236;222;92m▀[0m[38;2;225;110;41m[48;2;224;122;47m▀[0m[38;2;225;101;38m[48;2;225;105;38m▀[0m[38;2;224;98;37m[48;2;237;234;99m▀[0m[38;2;226;115;41m[48;2;224;124;47m▀[0m[38;2;225;116;42m[48;2;225;120;45m▀[0m[38;2;215;38;29m▄[0m                   
         [38;2;233;147;34m[48;2;235;122;15m▀[0m[38;2;223;127;47m[48;2;224;80;22m▀[0m[38;2;236;209;79m[48;2;238;160;19m▀[0m[38;2;233;154;37m[48;2;208;131;33m▀[0m[38;2;237;225;95m[48;2;234;153;36m▀[0m[38;2;236;222;93m[48;2;235;134;23m▀[0m[38;2;228;117;38m[48;2;234;121;19m▀[0m[38;2;227;108;35m[48;2;233;123;23m▀[0m[38;2;236;222;92m[48;2;236;227;97m▀[0m[38;2;236;222;93m[48;2;236;183;54m▀[0m[38;2;224;127;49m[48;2;234;156;35m▀[0m[38;2;236;222;93m[48;2;236;222;92m▀[0m[38;2;222;139;59m[48;2;220;134;59m▀[0m[38;2;223;134;53m[48;2;233;154;38m▀[0m[38;2;238;150;13m▄[0m                
          [38;2;222;62;24m▀[0m[38;2;251;251;251m[48;2;253;253;252m▀[0m[38;2;64;60;57m[48;2;248;246;228m▀[0m[38;2;237;134;10m[48;2;255;250;230m▀[0m[38;2;237;130;7m[48;2;60;55;52m▀[0m[38;2;168;88;29m[48;2;20;17;16m▀[0m[38;2;239;136;0m[48;2;235;97;79m▀[0m[38;2;242;164;0m[48;2;237;137;8m▀[0m[38;2;243;167;0m[48;2;234;137;19m▀[0m[38;2;231;113;9m[48;2;198;82;65m▀[0m[38;2;242;166;0m[48;2;237;134;1m▀[0m[38;2;240;149;0m[48;2;247;192;99m▀[0m[38;2;240;152;0m[48;2;247;191;108m▀[0m[38;2;240;145;0m[48;2;246;225;125m▀[0m[38;2;238;224;129m▄[0m               
       [38;2;136;133;127m[48;2;248;246;228m▀[0m[38;2;86;83;80m[48;2;254;253;245m▀[0m[38;2;251;249;237m[48;2;248;247;237m▀[0m[38;2;135;78;62m[48;2;196;81;65m▀[0m[38;2;251;248;235m[48;2;237;238;233m▀[0m[38;2;251;248;235m[48;2;248;245;228m▀[0m[38;2;249;247;234m[48;2;248;245;228m▀[0m[38;2;249;246;228m[48;2;248;245;228m▀[0m[38;2;40;45;54m[48;2;218;217;215m▀[0m[38;2;248;246;228m[48;2;112;117;112m▀[0m[38;2;255;254;246m[48;2;205;112;90m▀[0m[38;2;249;247;231m[48;2;203;102;82m▀[0m[38;2;226;93;75m[48;2;17;16;16m▀[0m[38;2;196;81;65m[48;2;198;87;70m▀[0m[38;2;234;218;148m[48;2;204;111;88m▀[0m[38;2;236;220;157m[48;2;244;233;168m▀[0m[38;2;236;221;158m[48;2;236;220;157m▀[0m[38;2;233;216;143m[48;2;236;220;157m▀[0m[38;2;64;57;33m[48;2;235;219;151m▀[0m[38;2;62;58;36m▄[0m             
       [38;2;28;21;20m▀[0m[38;2;248;246;228m[48;2;248;245;228m▀[0m[38;2;248;246;228m[48;2;248;245;228m▀[0m[38;2;248;245;228m[48;2;156;134;134m▀[0m[38;2;250;248;233m[48;2;135;114;113m▀[0m[38;2;248;246;228m[48;2;128;78;90m▀[0m[38;2;248;246;228m[48;2;120;72;85m▀[0m[38;2;248;246;228m[48;2;44;14;23m▀[0m[38;2;248;245;228m[48;2;248;246;228m▀[0m[38;2;99;37;30m[48;2;251;247;229m▀[0m[38;2;196;81;65m[48;2;79;19;13m▀[0m[38;2;196;82;66m[48;2;248;245;228m▀[0m[38;2;38;5;4m[48;2;248;245;228m▀[0m[38;2;196;82;66m[48;2;196;81;65m▀[0m[38;2;197;84;67m[48;2;196;82;65m▀[0m[38;2;205;111;89m[48;2;196;82;65m▀[0m[38;2;210;128;105m[48;2;197;86;68m▀[0m[38;2;237;221;158m[48;2;199;91;72m▀[0m[38;2;234;216;145m[48;2;244;238;137m▀[0m[38;2;196;182;109m[48;2;138;48;43m▀[0m[38;2;3;1;1m[48;2;196;82;65m▀[0m            
         [38;2;31;26;26m▄[0m[38;2;107;93;92m[48;2;201;145;140m▀[0m[38;2;176;121;121m[48;2;201;145;140m▀[0m[38;2;176;121;121m[48;2;201;145;140m▀[0m[38;2;151;98;104m[48;2;201;145;140m▀[0m[38;2;128;78;90m[48;2;201;145;140m▀[0m[38;2;117;70;83m[48;2;193;135;134m▀[0m[38;2;121;71;87m[48;2;128;78;91m▀[0m[38;2;52;48;44m[48;2;248;246;228m▀[0m[38;2;248;245;228m[48;2;248;245;228m▀[0m[38;2;248;246;228m[48;2;251;249;231m▀[0m[38;2;12;11;11m[48;2;252;250;232m▀[0m[38;2;196;82;65m[48;2;248;246;228m▀[0m[38;2;196;82;65m[48;2;59;52;48m▀[0m[38;2;196;82;65m[48;2;196;82;66m▀[0m[38;2;196;82;66m[48;2;196;81;65m▀[0m[38;2;196;82;65m[48;2;196;82;66m▀[0m[38;2;196;82;65m[48;2;196;82;65m▀[0m[38;2;196;82;66m[48;2;125;44;40m▀[0m[38;2;234;216;124m[48;2;221;200;115m▀[0m           
         [38;2;18;13;12m[48;2;95;67;64m▀[0m[38;2;201;145;140m[48;2;201;145;140m▀[0m[38;2;201;145;140m[48;2;201;145;140m▀[0m[38;2;201;145;140m[48;2;83;59;57m▀[0m[38;2;201;145;140m[48;2;214;155;149m▀[0m[38;2;201;145;140m[48;2;70;67;61m▀[0m[38;2;251;249;234m[48;2;248;245;228m▀[0m[38;2;248;245;228m[48;2;248;246;228m▀[0m[38;2;248;245;228m[48;2;249;246;229m▀[0m[38;2;248;246;228m[48;2;151;129;129m▀[0m[38;2;169;145;145m[48;2;52;42;53m▀[0m[38;2;249;246;228m[48;2;248;245;228m▀[0m[38;2;248;246;228m[48;2;213;104;83m▀[0m[38;2;248;245;228m[48;2;195;83;65m▀[0m[38;2;154;161;157m[48;2;249;247;229m▀[0m[38;2;196;82;65m[48;2;78;34;28m▀[0m[38;2;196;82;65m[48;2;196;82;65m▀[0m[38;2;196;82;66m[48;2;195;81;65m▀[0m[38;2;192;80;64m[48;2;190;79;64m▀[0m[38;2;221;200;115m[48;2;212;192;109m▀[0m[38;2;33;29;17m[48;2;209;188;108m▀[0m [38;2;146;61;50m▄[0m[38;2;190;105;84m[48;2;182;76;62m▀[0m       
       [38;2;39;38;39m▄[0m [38;2;158;147;140m[48;2;58;47;59m▀[0m[38;2;201;145;140m[48;2;248;246;228m▀[0m[38;2;201;146;140m[48;2;248;245;228m▀[0m[38;2;192;190;186m[48;2;248;246;228m▀[0m[38;2;248;246;228m[48;2;248;246;228m▀[0m[38;2;248;245;228m[48;2;192;177;170m▀[0m[38;2;248;246;228m[48;2;154;132;132m▀[0m[38;2;156;135;135m[48;2;143;114;86m▀[0m[38;2;118;101;102m[48;2;143;114;86m▀[0m[38;2;52;42;53m[48;2;43;35;46m▀[0m[38;2;55;50;56m[48;2;59;61;61m▀[0m[38;2;74;81;81m[48;2;214;139;117m▀[0m[38;2;209;124;101m[48;2;201;98;77m▀[0m[38;2;196;82;65m[48;2;196;82;65m▀[0m[38;2;196;82;65m[48;2;170;69;64m▀[0m[38;2;248;245;228m[48;2;248;245;228m▀[0m[38;2;196;82;65m[48;2;254;252;237m▀[0m[38;2;192;80;65m[48;2;187;78;63m▀[0m[38;2;186;77;63m[48;2;181;75;61m▀[0m[38;2;180;75;61m[48;2;181;75;62m▀[0m[38;2;209;188;108m[48;2;99;97;54m▀[0m[38;2;54;21;24m▄[0m[38;2;40;27;21m▄[0m[38;2;164;68;61m[48;2;35;21;18m▀[0m[38;2;118;47;55m▄[0m      
      [38;2;18;18;15m▀[0m[38;2;60;62;62m[48;2;0;0;0m▀[0m[38;2;27;28;28m[48;2;47;39;48m▀[0m[38;2;52;42;53m▀[0m[38;2;133;51;60m▀[0m[38;2;130;51;60m▀[0m[38;2;125;48;59m▀[0m[38;2;112;43;57m[48;2;196;82;65m▀[0m[38;2;31;24;31m[48;2;253;252;246m▀[0m[38;2;52;42;53m[48;2;59;61;61m▀[0m[38;2;143;114;86m[48;2;229;208;120m▀[0m[38;2;166;138;95m[48;2;227;205;118m▀[0m[38;2;151;134;76m[48;2;59;60;60m▀[0m[38;2;111;105;102m[48;2;52;41;53m▀[0m[38;2;223;145;121m[48;2;59;61;61m▀[0m[38;2;196;82;65m[48;2;138;54;61m▀[0m[38;2;176;72;65m[48;2;156;134;134m▀[0m[38;2;153;130;132m[48;2;195;81;65m▀[0m[38;2;249;246;230m[48;2;194;80;65m▀[0m[38;2;190;79;64m[48;2;186;77;62m▀[0m[38;2;182;76;62m[48;2;189;100;81m▀[0m[38;2;183;83;67m[48;2;196;128;107m▀[0m[38;2;181;76;62m[48;2;190;106;86m▀[0m[38;2;182;76;62m[48;2;181;76;61m▀[0m[38;2;181;75;62m[48;2;103;43;36m▀[0m[38;2;120;47;55m[48;2;120;47;55m▀[0m[38;2;96;78;58m[48;2;120;47;55m▀[0m[38;2;120;47;55m[48;2;51;20;24m▀[0m      
            [38;2;219;92;74m[48;2;131;51;60m▀[0m[38;2;196;82;66m[48;2;131;51;60m▀[0m[38;2;44;17;21m[48;2;131;51;60m▀[0m[38;2;64;20;15m[48;2;196;81;65m▀[0m[38;2;187;180;112m[48;2;196;82;66m▀[0m[38;2;254;243;140m[48;2;196;82;65m▀[0m[38;2;205;193;109m[48;2;196;82;65m▀[0m[38;2;86;35;29m[48;2;141;58;46m▀[0m[38;2;54;46;55m[48;2;195;81;65m▀[0m[38;2;196;82;66m[48;2;190;79;64m▀[0m[38;2;196;82;65m[48;2;189;78;64m▀[0m[38;2;196;82;65m[48;2;186;77;63m▀[0m[38;2;191;79;64m[48;2;184;76;62m▀[0m[38;2;182;76;62m[48;2;139;55;58m▀[0m[38;2;196;126;104m[48;2;183;85;68m▀[0m[38;2;197;130;110m[48;2;190;108;88m▀[0m[38;2;195;130;109m[48;2;180;75;62m▀[0m[38;2;179;77;62m[48;2;179;74;61m▀[0m[38;2;179;74;61m[48;2;151;60;59m▀[0m[38;2;119;47;55m[48;2;62;25;29m▀[0m[38;2;118;47;55m[48;2;134;52;61m▀[0m[38;2;1;0;0m▀[0m      
            [38;2;139;53;63m[48;2;55;45;56m▀[0m[38;2;54;43;56m[48;2;52;42;53m▀[0m[38;2;51;41;52m[48;2;52;42;53m▀[0m[38;2;39;34;43m[48;2;52;42;53m▀[0m[38;2;131;51;60m[48;2;48;38;49m▀[0m[38;2;173;70;65m▀[0m[38;2;184;76;63m[48;2;122;47;56m▀[0m[38;2;180;74;62m[48;2;118;46;55m▀[0m[38;2;172;70;61m[48;2;119;47;56m▀[0m[38;2;159;65;60m[48;2;120;47;55m▀[0m[38;2;129;51;56m[48;2;120;47;55m▀[0m[38;2;120;47;55m[48;2;120;47;55m▀[0m[38;2;120;47;55m[48;2;120;47;55m▀[0m[38;2;126;49;58m[48;2;119;47;55m▀[0m[38;2;182;75;62m[48;2;120;47;55m▀[0m[38;2;181;75;61m[48;2;119;47;55m▀[0m[38;2;179;74;61m[48;2;118;47;55m▀[0m[38;2;152;62;59m[48;2;118;46;55m▀[0m[38;2;118;46;55m[48;2;118;46;55m▀[0m[38;2;42;16;19m▀[0m        
            [38;2;52;42;53m▀[0m[38;2;52;42;53m[48;2;52;42;53m▀[0m[38;2;49;40;50m[48;2;51;41;51m▀[0m[38;2;51;41;51m[48;2;48;40;50m▀[0m[38;2;48;38;50m[48;2;47;36;48m▀[0m   [38;2;23;8;11m▀[0m[38;2;128;50;59m▀[0m[38;2;127;50;58m▀[0m[38;2;130;50;59m▀[0m[38;2;132;51;60m▀[0m[38;2;47;17;21m▀[0m[38;2;26;24;31m▀[0m[38;2;118;46;54m[48;2;47;38;48m▀[0m[38;2;118;46;55m[48;2;50;48;52m▀[0m[38;2;117;46;54m[48;2;50;49;52m▀[0m[38;2;47;37;47m[48;2;48;43;50m▀[0m         
                           [38;2;53;55;55m▀[0m[38;2;58;60;60m▀[0m[38;2;17;16;16m▀[0m[38;2;53;55;55m▀[0m         
                                        
                                        
