                                        
                  [38;2;185;226;236m▄[0m[38;2;182;222;234m▄[0m                    
                  [38;2;142;209;224m▀[0m[38;2;143;210;225m[48;2;138;208;223m▀[0m[38;2;143;209;224m[48;2;138;208;223m▀[0m[38;2;138;208;223m▄[0m                  
             [38;2;124;134;192m[48;2;9;9;13m▀[0m[38;2;54;79;160m[48;2;51;77;157m▀[0m[38;2;118;128;190m[48;2;52;77;159m▀[0m[38;2;130;138;196m[48;2;57;81;162m▀[0m[38;2;117;128;192m[48;2;102;121;187m▀[0m[38;2;122;133;193m[48;2;55;80;161m▀[0m[38;2;227;244;247m[48;2;54;79;160m▀[0m[38;2;138;208;222m[48;2;242;249;251m▀[0m[38;2;138;208;223m[48;2;232;245;248m▀[0m[38;2;74;75;105m▄[0m                 
              [38;2;65;90;177m[48;2;225;71;19m▀[0m[38;2;53;78;159m[48;2;225;82;28m▀[0m[38;2;93;110;179m[48;2;246;83;23m▀[0m[38;2;54;78;160m[48;2;246;84;24m▀[0m[38;2;53;78;159m[48;2;128;67;57m▀[0m[38;2;50;73;147m[48;2;54;78;160m▀[0m[38;2;41;62;139m[48;2;34;58;131m▀[0m[38;2;138;208;223m[48;2;137;208;223m▀[0m[38;2;34;57;133m[48;2;35;59;131m▀[0m[38;2;110;113;161m[48;2;35;59;132m▀[0m[38;2;240;148;98m▄[0m               
               [38;2;233;77;22m▀[0m[38;2;224;73;21m[48;2;31;50;118m▀[0m[38;2;233;131;77m▀[0m[38;2;224;74;22m▀[0m[38;2;224;75;22m[48;2;145;218;228m▀[0m[38;2;41;64;138m[48;2;179;59;18m▀[0m[38;2;225;74;21m[48;2;247;181;85m▀[0m[38;2;226;74;21m▀[0m[38;2;225;74;21m▀[0m[38;2;213;72;30m▀[0m               
           [38;2;84;96;164m[48;2;54;79;159m▀[0m[38;2;51;76;156m[48;2;147;224;230m▀[0m[38;2;139;209;223m▄[0m  [38;2;109;118;182m[48;2;0;0;0m▀[0m  [38;2;199;219;240m▀[0m[38;2;246;181;85m[48;2;159;174;206m▀[0m[38;2;247;183;90m[48;2;196;177;129m▀[0m                  
            [38;2;42;60;151m[48;2;199;238;243m▀[0m[38;2;232;245;248m[48;2;116;175;200m▀[0m[38;2;81;119;145m[48;2;139;208;223m▀[0m[38;2;142;147;209m[48;2;46;63;110m▀[0m[38;2;142;214;226m[48;2;236;247;249m▀[0m [38;2;137;208;222m[48;2;139;208;223m▀[0m[38;2;192;217;219m[48;2;138;208;223m▀[0m[38;2;177;192;217m[48;2;138;208;223m▀[0m[38;2;119;117;116m▄[0m[38;2;137;208;223m[48;2;138;208;223m▀[0m                 
          [38;2;52;76;156m[48;2;53;78;160m▀[0m[38;2;141;213;225m[48;2;140;211;224m▀[0m[38;2;138;208;222m[48;2;143;210;224m▀[0m[38;2;51;75;83m[48;2;137;208;222m▀[0m[38;2;183;224;235m[48;2;132;201;214m▀[0m[38;2;181;222;233m[48;2;99;102;155m▀[0m[38;2;78;120;166m[48;2;132;203;221m▀[0m [38;2;201;248;250m▀[0m[38;2;138;208;222m[48;2;86;153;188m▀[0m[38;2;56;82;165m[48;2;92;158;189m▀[0m[38;2;29;45;92m[48;2;55;80;161m▀[0m[38;2;175;169;167m[48;2;55;80;161m▀[0m[38;2;55;80;161m▄[0m[38;2;72;93;169m▄[0m[38;2;40;44;68m[48;2;108;127;190m▀[0m[38;2;57;65;97m[48;2;58;82;163m▀[0m[38;2;55;80;161m▄[0m [38;2;48;69;140m▄[0m[38;2;39;46;83m▄[0m         
             [38;2;137;204;219m[48;2;134;202;218m▀[0m[38;2;152;234;246m[48;2;147;225;242m▀[0m[38;2;55;78;160m[48;2;53;78;159m▀[0m[38;2;22;33;50m[48;2;54;78;159m▀[0m[38;2;146;163;182m[48;2;57;81;161m▀[0m[38;2;79;143;167m[48;2;100;149;194m▀[0m[38;2;53;79;160m▄[0m[38;2;37;59;133m[48;2;47;72;149m▀[0m[38;2;138;207;222m[48;2;34;56;128m▀[0m[38;2;55;80;161m[48;2;48;69;156m▀[0m[38;2;55;80;161m[48;2;55;80;161m▀[0m[38;2;55;80;162m[48;2;55;80;161m▀[0m[38;2;55;80;161m[48;2;54;79;160m▀[0m [38;2;55;80;161m[48;2;54;79;160m▀[0m[38;2;54;79;161m[48;2;4;6;12m▀[0m[38;2;39;57;114m[48;2;58;82;162m▀[0m          
            [38;2;149;183;191m[48;2;139;214;230m▀[0m[38;2;227;239;244m[48;2;180;221;233m▀[0m[38;2;83;125;141m▀[0m[38;2;53;77;158m[48;2;34;47;101m▀[0m[38;2;53;79;160m[48;2;53;79;160m▀[0m[38;2;53;78;160m[48;2;54;79;160m▀[0m[38;2;91;108;179m[48;2;54;79;160m▀[0m[38;2;69;90;166m[48;2;115;175;206m▀[0m[38;2;54;79;160m[48;2;141;216;224m▀[0m[38;2;133;198;215m[48;2;24;30;32m▀[0m[38;2;134;204;220m[48;2;24;39;87m▀[0m[38;2;37;62;139m[48;2;25;38;70m▀[0m[38;2;79;111;177m[48;2;168;218;231m▀[0m[38;2;116;173;206m[48;2;3;3;5m▀[0m[38;2;14;22;49m▄[0m[38;2;62;93;188m▀[0m[38;2;62;92;187m[48;2;94;118;202m▀[0m [38;2;113;133;207m▀[0m[38;2;105;125;196m▀[0m        
             [38;2;134;205;221m[48;2;173;220;231m▀[0m[38;2;181;223;234m▄[0m [38;2;55;79;160m[48;2;58;87;176m▀[0m[38;2;63;86;164m[48;2;63;86;165m▀[0m[38;2;54;79;160m[48;2;55;80;161m▀[0m[38;2;33;55;127m[48;2;34;58;133m▀[0m[38;2;34;57;128m[48;2;31;49;96m▀[0m[38;2;32;56;125m▄[0m[38;2;14;19;41m▀[0m[38;2;30;50;118m[48;2;28;55;69m▀[0m[38;2;33;56;127m[48;2;34;56;130m▀[0m[38;2;33;57;128m[48;2;36;61;138m▀[0m[38;2;36;62;138m▀[0m[38;2;35;59;130m▄[0m[38;2;52;61;97m▀[0m           
             [38;2;136;206;221m[48;2;0;0;0m▀[0m[38;2;231;243;247m[48;2;138;205;221m▀[0m[38;2;57;82;88m[48;2;103;128;131m▀[0m [38;2;67;89;167m[48;2;78;100;173m▀[0m[38;2;55;80;161m[48;2;55;80;161m▀[0m [38;2;32;52;107m▀[0m[38;2;34;57;128m[48;2;33;56;126m▀[0m[38;2;28;48;107m[48;2;33;58;129m▀[0m [38;2;21;38;50m▀[0m[38;2;35;60;134m▀[0m              
               [38;2;138;208;223m▀[0m[38;2;133;206;222m[48;2;135;208;222m▀[0m[38;2;149;212;226m[48;2;243;250;252m▀[0m[38;2;2;1;0m[48;2;183;224;235m▀[0m   [38;2;18;29;63m[48;2;35;58;128m▀[0m[38;2;36;58;131m[48;2;37;59;133m▀[0m                
                [38;2;55;80;161m[48;2;54;79;160m▀[0m[38;2;55;80;162m[48;2;53;76;159m▀[0m   [38;2;51;96;143m[48;2;47;101;139m▀[0m[38;2;32;55;126m[48;2;39;69;134m▀[0m                 
               [38;2;47;69;134m▄[0m[38;2;55;80;161m[48;2;53;79;159m▀[0m[38;2;155;217;228m[48;2;106;128;186m▀[0m  [38;2;27;47;106m[48;2;140;214;225m▀[0m[38;2;53;78;159m[48;2;53;78;159m▀[0m[38;2;64;95;167m[48;2;120;184;210m▀[0m                 
               [38;2;139;213;230m[48;2;53;80;164m▀[0m[38;2;51;75;155m[48;2;123;193;209m▀[0m[38;2;157;206;221m[48;2;100;117;182m▀[0m[38;2;48;73;160m[48;2;57;81;162m▀[0m[38;2;122;54;48m▄[0m[38;2;55;80;162m[48;2;123;55;48m▀[0m[38;2;55;80;161m▀[0m[38;2;55;80;161m[48;2;185;135;87m▀[0m[38;2;56;67;104m[48;2;247;180;84m▀[0m                
               [38;2;56;82;166m[48;2;171;63;40m▀[0m[38;2;55;80;161m[48;2;142;108;67m▀[0m[38;2;105;122;187m[48;2;249;185;85m▀[0m[38;2;106;127;200m[48;2;246;180;84m▀[0m[38;2;241;173;80m▄[0m  [38;2;245;179;83m[48;2;61;23;16m▀[0m[38;2;244;179;83m[48;2;224;74;22m▀[0m[38;2;232;149;67m[48;2;191;65;19m▀[0m[38;2;227;101;46m[48;2;234;142;93m▀[0m[38;2;251;164;108m[48;2;0;0;0m▀[0m             
                [38;2;241;174;80m[48;2;217;70;24m▀[0m[38;2;189;131;76m▀[0m[38;2;211;153;80m▀[0m[38;2;224;75;22m▄[0m[38;2;107;82;40m[48;2;249;150;87m▀[0m[38;2;225;82;29m▀[0m[38;2;239;144;93m▀[0m [38;2;211;122;75m▀[0m               
               [38;2;240;79;23m▀[0m[38;2;74;24;9m▀[0m   [38;2;21;11;7m▀[0m                   
