                                        
                                        
                                        
                                        
                             [38;2;0;0;0m▄[0m          
              [38;2;67;73;75m▄[0m[38;2;86;96;99m▄[0m[38;2;14;14;14m[48;2;88;96;99m▀[0m[38;2;88;97;100m[48;2;86;96;100m▀[0m[38;2;87;97;100m[48;2;87;97;100m▀[0m[38;2;87;96;99m[48;2;88;97;101m▀[0m[38;2;87;97;100m[48;2;88;98;103m▀[0m[38;2;87;96;100m[48;2;88;97;102m▀[0m[38;2;87;97;101m[48;2;88;98;102m▀[0m[38;2;88;97;102m[48;2;88;97;100m▀[0m[38;2;2;0;0m[48;2;89;98;101m▀[0m[38;2;88;97;102m▄[0m  [38;2;105;114;118m[48;2;77;87;90m▀[0m[38;2;91;101;104m▀[0m[38;2;77;87;90m[48;2;77;87;90m▀[0m         
            [38;2;92;102;105m▄[0m[38;2;95;104;107m[48;2;91;100;103m▀[0m[38;2;86;95;99m[48;2;92;101;104m▀[0m[38;2;87;97;100m[48;2;92;102;105m▀[0m[38;2;87;97;100m[48;2;91;101;105m▀[0m[38;2;88;97;101m[48;2;87;96;99m▀[0m[38;2;88;97;102m[48;2;88;98;101m▀[0m[38;2;88;98;102m[48;2;89;98;102m▀[0m[38;2;87;97;100m[48;2;88;97;101m▀[0m[38;2;88;97;101m[48;2;88;97;102m▀[0m[38;2;87;97;100m[48;2;87;96;100m▀[0m[38;2;87;97;100m[48;2;87;97;100m▀[0m[38;2;87;97;100m[48;2;84;94;98m▀[0m[38;2;87;96;99m[48;2;79;89;93m▀[0m[38;2;79;89;93m[48;2;78;89;93m▀[0m[38;2;3;2;2m[48;2;78;88;91m▀[0m[38;2;83;92;96m[48;2;21;24;25m▀[0m[38;2;78;88;92m[48;2;53;61;73m▀[0m[38;2;9;6;6m[48;2;3;3;4m▀[0m[38;2;78;89;92m▀[0m[38;2;1;0;0m▀[0m       
       [38;2;92;101;105m▄[0m[38;2;79;89;92m▄[0m[38;2;62;73;80m▄[0m[38;2;59;72;82m▄[0m[38;2;102;112;116m[48;2;96;106;110m▀[0m[38;2;95;104;108m[48;2;96;106;110m▀[0m[38;2;95;104;108m[48;2;95;105;109m▀[0m[38;2;94;104;108m[48;2;93;103;106m▀[0m[38;2;93;103;107m[48;2;85;93;96m▀[0m[38;2;89;99;103m[48;2;99;109;113m▀[0m[38;2;88;98;101m[48;2;28;30;31m▀[0m[38;2;87;97;100m[48;2;88;97;100m▀[0m[38;2;88;97;100m[48;2;88;97;100m▀[0m[38;2;88;97;101m[48;2;88;98;102m▀[0m[38;2;88;97;100m[48;2;88;98;102m▀[0m[38;2;89;98;102m[48;2;89;98;103m▀[0m[38;2;83;92;96m[48;2;81;91;95m▀[0m[38;2;82;91;95m[48;2;78;89;93m▀[0m[38;2;78;89;92m[48;2;78;88;92m▀[0m[38;2;78;88;92m[48;2;77;87;91m▀[0m[38;2;78;88;93m[48;2;77;88;91m▀[0m[38;2;78;89;93m[48;2;77;88;91m▀[0m[38;2;77;87;91m▄[0m          
     [38;2;144;116;92m▄[0m[38;2;156;131;107m[48;2;144;116;92m▀[0m[38;2;146;119;93m[48;2;95;80;78m▀[0m[38;2;56;69;78m[48;2;53;64;72m▀[0m[38;2;145;119;87m[48;2;55;67;76m▀[0m[38;2;93;102;105m[48;2;154;131;106m▀[0m[38;2;141;124;107m[48;2;156;132;108m▀[0m[38;2;149;129;108m[48;2;157;134;109m▀[0m[38;2;88;100;104m[48;2;58;48;38m▀[0m[38;2;127;117;105m[48;2;153;128;103m▀[0m[38;2;89;101;106m[48;2;158;134;109m▀[0m[38;2;88;97;101m[48;2;153;127;104m▀[0m[38;2;78;89;92m[48;2;78;89;93m▀[0m[38;2;78;88;91m[48;2;78;89;92m▀[0m[38;2;82;91;95m[48;2;78;88;92m▀[0m[38;2;84;94;98m[48;2;77;88;91m▀[0m[38;2;90;99;104m[48;2;78;88;92m▀[0m[38;2;79;89;93m[48;2;77;88;92m▀[0m[38;2;77;88;91m[48;2;77;87;91m▀[0m[38;2;77;88;92m[48;2;77;88;91m▀[0m[38;2;77;88;92m[48;2;77;87;91m▀[0m[38;2;77;88;92m[48;2;76;87;91m▀[0m[38;2;77;88;92m[48;2;76;87;90m▀[0m[38;2;77;87;91m[48;2;77;87;91m▀[0m[38;2;77;88;91m[48;2;77;87;91m▀[0m[38;2;86;97;102m▄[0m         
    [38;2;3;0;0m▄[0m[38;2;142;115;91m[48;2;92;77;74m▀[0m[38;2;111;89;80m▀[0m  [38;2;89;72;57m[48;2;144;117;92m▀[0m[38;2;150;124;100m[48;2;146;119;95m▀[0m[38;2;154;130;105m[48;2;146;119;94m▀[0m[38;2;147;119;94m[48;2;146;119;95m▀[0m[38;2;146;119;95m[48;2;146;119;95m▀[0m[38;2;146;119;95m[48;2;146;119;95m▀[0m[38;2;147;119;95m[48;2;146;118;94m▀[0m[38;2;146;119;94m[48;2;146;118;93m▀[0m[38;2;72;86;92m[48;2;146;117;91m▀[0m[38;2;77;88;91m[48;2;77;87;91m▀[0m[38;2;77;87;91m[48;2;77;87;91m▀[0m[38;2;86;97;101m[48;2;68;79;84m▀[0m[38;2;77;88;91m[48;2;77;88;91m▀[0m[38;2;78;88;92m[48;2;78;88;91m▀[0m[38;2;76;87;90m[48;2;77;87;91m▀[0m[38;2;77;87;91m[48;2;77;87;91m▀[0m[38;2;77;87;91m[48;2;77;88;92m▀[0m[38;2;76;87;91m[48;2;77;87;91m▀[0m[38;2;77;87;91m[48;2;76;87;90m▀[0m[38;2;77;88;92m[48;2;76;87;90m▀[0m[38;2;77;88;91m[48;2;77;87;91m▀[0m[38;2;78;88;92m[48;2;78;87;91m▀[0m         
        [38;2;241;156;175m▄[0m[38;2;164;133;107m[48;2;235;139;158m▀[0m[38;2;98;79;64m[48;2;238;167;179m▀[0m[38;2;146;119;95m[48;2;240;168;180m▀[0m[38;2;18;14;12m[48;2;140;114;90m▀[0m[38;2;133;108;87m[48;2;95;79;76m▀[0m[38;2;146;118;92m[48;2;96;80;76m▀[0m[38;2;145;118;93m[48;2;22;19;22m▀[0m[38;2;146;118;93m[48;2;78;65;62m▀[0m[38;2;147;118;93m[48;2;59;75;85m▀[0m[38;2;61;72;79m[48;2;23;26;29m▀[0m[38;2;55;66;74m[48;2;54;66;75m▀[0m[38;2;53;63;72m[48;2;78;88;92m▀[0m[38;2;78;88;92m[48;2;78;89;93m▀[0m[38;2;78;88;92m[48;2;78;88;92m▀[0m[38;2;78;88;92m[48;2;78;88;92m▀[0m[38;2;77;88;92m[48;2;78;88;92m▀[0m[38;2;77;88;92m[48;2;77;88;92m▀[0m[38;2;76;87;91m[48;2;77;87;91m▀[0m[38;2;77;87;90m[48;2;77;88;92m▀[0m[38;2;76;87;91m[48;2;77;88;92m▀[0m[38;2;78;87;91m[48;2;78;88;92m▀[0m[38;2;77;87;91m[48;2;58;68;76m▀[0m         
        [38;2;98;56;68m[48;2;12;5;9m▀[0m[38;2;2;1;2m[48;2;78;42;56m▀[0m[38;2;238;142;160m[48;2;14;5;10m▀[0m[38;2;239;167;179m[48;2;236;144;161m▀[0m[38;2;236;164;176m[48;2;241;169;182m▀[0m[38;2;144;117;92m[48;2;34;27;22m▀[0m[38;2;144;117;93m[48;2;146;119;94m▀[0m[38;2;255;255;255m[48;2;255;255;255m▀[0m[38;2;35;29;26m[48;2;255;255;255m▀[0m[38;2;255;255;255m[48;2;255;255;255m▀[0m[38;2;255;255;255m[48;2;71;71;71m▀[0m[38;2;77;88;92m[48;2;242;215;127m▀[0m[38;2;77;88;92m[48;2;249;233;137m▀[0m[38;2;78;88;93m[48;2;78;88;92m▀[0m[38;2;78;89;93m[48;2;78;88;92m▀[0m[38;2;78;88;92m[48;2;78;88;92m▀[0m[38;2;78;89;93m[48;2;78;88;92m▀[0m[38;2;78;88;92m[48;2;77;87;91m▀[0m[38;2;78;88;92m[48;2;77;87;91m▀[0m[38;2;77;88;92m[48;2;77;87;91m▀[0m[38;2;77;87;91m[48;2;76;85;89m▀[0m[38;2;72;82;87m[48;2;63;73;80m▀[0m[38;2;54;65;74m[48;2;42;50;57m▀[0m         
        [38;2;12;4;9m[48;2;29;22;19m▀[0m[38;2;238;142;161m[48;2;239;143;164m▀[0m[38;2;24;17;16m[48;2;21;14;14m▀[0m[38;2;246;158;181m[48;2;30;23;20m▀[0m[38;2;238;142;162m[48;2;239;143;164m▀[0m[38;2;239;143;163m[48;2;239;143;164m▀[0m[38;2;146;119;95m[48;2;111;91;71m▀[0m[38;2;247;233;138m[48;2;144;117;93m▀[0m[38;2;59;52;30m[48;2;22;17;13m▀[0m[38;2;248;224;133m[48;2;38;31;25m▀[0m[38;2;166;139;92m[48;2;144;117;92m▀[0m[38;2;14;17;20m[48;2;78;88;92m▀[0m[38;2;77;88;91m[48;2;78;88;92m▀[0m[38;2;77;88;92m[48;2;77;87;91m▀[0m[38;2;78;88;92m[48;2;77;88;91m▀[0m[38;2;78;88;92m[48;2;77;88;91m▀[0m[38;2;77;88;92m[48;2;77;88;92m▀[0m[38;2;77;88;91m[48;2;77;88;91m▀[0m[38;2;77;87;91m[48;2;70;80;85m▀[0m[38;2;75;86;89m[48;2;53;64;72m▀[0m[38;2;62;72;79m[48;2;53;64;73m▀[0m[38;2;54;64;73m[48;2;55;69;78m▀[0m          
        [38;2;56;53;50m[48;2;247;151;173m▀[0m[38;2;239;143;164m[48;2;233;139;157m▀[0m[38;2;239;143;164m[48;2;233;138;157m▀[0m[38;2;55;51;48m[48;2;235;140;159m▀[0m[38;2;237;142;161m[48;2;234;139;158m▀[0m[38;2;234;139;157m[48;2;152;84;113m▀[0m[38;2;233;137;156m[48;2;152;83;113m▀[0m[38;2;143;116;92m[48;2;146;118;93m▀[0m[38;2;146;118;93m[48;2;144;117;92m▀[0m[38;2;145;118;93m[48;2;142;115;92m▀[0m[38;2;150;119;93m[48;2;76;87;90m▀[0m[38;2;77;87;91m[48;2;77;87;91m▀[0m[38;2;79;88;92m[48;2;77;87;91m▀[0m[38;2;77;88;91m[48;2;77;87;91m▀[0m[38;2;77;88;92m[48;2;78;88;91m▀[0m[38;2;76;87;90m[48;2;71;80;85m▀[0m[38;2;78;88;92m[48;2;54;65;74m▀[0m[38;2;59;70;77m[48;2;54;65;74m▀[0m[38;2;54;64;73m[48;2;53;65;74m▀[0m[38;2;55;65;74m[48;2;53;65;74m▀[0m[38;2;54;66;74m[48;2;53;65;74m▀[0m           
          [38;2;0;0;0m▀[0m[38;2;7;4;4m▀[0m[38;2;45;55;62m[48;2;53;65;73m▀[0m[38;2;94;78;75m[48;2;53;64;72m▀[0m[38;2;93;78;75m[48;2;53;64;73m▀[0m[38;2;114;92;81m[48;2;16;16;17m▀[0m[38;2;141;114;91m[48;2;53;64;73m▀[0m[38;2;75;87;90m[48;2;52;65;74m▀[0m[38;2;76;86;89m[48;2;76;88;92m▀[0m[38;2;77;87;90m[48;2;86;95;99m▀[0m[38;2;76;87;90m[48;2;81;90;94m▀[0m[38;2;78;88;92m[48;2;74;84;90m▀[0m[38;2;58;69;76m[48;2;60;74;84m▀[0m[38;2;53;65;74m[48;2;6;8;9m▀[0m[38;2;53;65;74m▀[0m[38;2;53;65;74m▀[0m[38;2;54;65;73m[48;2;55;66;74m▀[0m[38;2;54;65;74m[48;2;73;83;88m▀[0m[38;2;53;65;73m[48;2;69;79;84m▀[0m           
           [38;2;1;0;0m▀[0m[38;2;102;55;74m▀[0m[38;2;56;70;78m▀[0m[38;2;50;61;69m▀[0m   [38;2;80;91;95m▀[0m[38;2;85;95;99m[48;2;77;87;90m▀[0m[38;2;81;90;94m[48;2;78;88;92m▀[0m[38;2;54;66;74m[48;2;53;65;73m▀[0m    [38;2;86;97;101m▀[0m[38;2;228;145;166m▀[0m[38;2;76;85;89m▀[0m           
                   [38;2;237;141;159m▀[0m[38;2;214;122;143m▀[0m[38;2;20;11;14m▀[0m                  
                                        
                                        
                                        
