                     [38;2;249;187;72m▄[0m[38;2;52;38;14m▄[0m                 
                  [38;2;234;171;57m▄[0m[38;2;235;173;67m[48;2;235;172;63m▀[0m[38;2;235;173;67m[48;2;235;173;67m▀[0m[38;2;235;173;67m[48;2;235;173;67m▀[0m[38;2;141;107;36m▀[0m                 
                 [38;2;231;155;22m[48;2;233;156;22m▀[0m[38;2;232;156;22m[48;2;0;122;106m▀[0m[38;2;0;107;94m[48;2;9;147;128m▀[0m[38;2;232;156;22m[48;2;232;156;22m▀[0m[38;2;232;156;22m[48;2;238;160;22m▀[0m[38;2;232;156;22m▄[0m[38;2;232;156;22m▄[0m  [38;2;245;164;23m▄[0m[38;2;233;158;27m▄[0m[38;2;235;173;67m▄[0m[38;2;20;19;19m▄[0m          
                [38;2;239;161;22m[48;2;232;156;22m▀[0m[38;2;232;156;22m[48;2;192;129;19m▀[0m[38;2;6;121;106m[48;2;235;173;67m▀[0m[38;2;198;133;18m[48;2;232;156;22m▀[0m[38;2;243;164;23m[48;2;232;156;22m▀[0m[38;2;235;173;67m[48;2;235;174;69m▀[0m[38;2;232;156;22m[48;2;235;168;23m▀[0m[38;2;23;14;3m[48;2;232;156;22m▀[0m[38;2;232;156;22m[48;2;232;156;22m▀[0m[38;2;232;156;22m[48;2;232;156;22m▀[0m[38;2;232;156;22m[48;2;243;166;23m▀[0m[38;2;232;156;22m[48;2;243;168;24m▀[0m[38;2;87;58;7m▄[0m [38;2;5;5;5m▄[0m[38;2;235;173;67m▄[0m[38;2;236;173;67m▄[0m[38;2;235;173;67m▄[0m[38;2;235;173;67m▄[0m     
                [38;2;232;156;22m[48;2;84;65;24m▀[0m[38;2;235;173;67m[48;2;232;156;22m▀[0m[38;2;235;173;67m[48;2;232;156;22m▀[0m[38;2;176;117;25m[48;2;57;37;5m▀[0m[38;2;232;156;22m[48;2;232;156;22m▀[0m[38;2;65;45;12m[48;2;232;156;22m▀[0m[38;2;232;156;22m[48;2;233;158;26m▀[0m[38;2;232;156;22m[48;2;232;156;22m▀[0m[38;2;232;156;22m[48;2;232;156;22m▀[0m[38;2;232;156;22m[48;2;232;156;22m▀[0m[38;2;232;156;22m[48;2;232;156;22m▀[0m[38;2;233;156;22m[48;2;232;156;22m▀[0m[38;2;232;156;22m[48;2;232;155;22m▀[0m[38;2;232;156;23m[48;2;232;157;25m▀[0m[38;2;235;172;66m[48;2;235;173;67m▀[0m[38;2;235;173;67m[48;2;11;20;14m▀[0m[38;2;235;173;67m[48;2;232;156;22m▀[0m[38;2;235;173;67m[48;2;235;173;67m▀[0m[38;2;235;173;67m[48;2;215;169;63m▀[0m     
                [38;2;232;156;22m[48;2;232;156;22m▀[0m[38;2;232;156;22m[48;2;232;156;23m▀[0m[38;2;215;152;22m[48;2;232;155;22m▀[0m[38;2;246;165;23m[48;2;232;156;22m▀[0m[38;2;232;156;23m[48;2;232;156;22m▀[0m[38;2;232;155;22m[48;2;232;156;22m▀[0m[38;2;235;170;56m[48;2;232;156;22m▀[0m[38;2;232;156;22m[48;2;53;38;17m▀[0m[38;2;232;156;22m[48;2;232;156;22m▀[0m[38;2;232;156;22m[48;2;232;156;22m▀[0m[38;2;219;147;22m[48;2;232;155;22m▀[0m[38;2;66;43;16m[48;2;232;156;22m▀[0m[38;2;190;128;38m[48;2;182;122;37m▀[0m[38;2;167;112;34m[48;2;4;38;38m▀[0m[38;2;0;107;94m[48;2;11;148;131m▀[0m[38;2;7;136;120m[48;2;232;156;22m▀[0m[38;2;232;156;22m[48;2;232;156;22m▀[0m[38;2;232;156;22m▀[0m      
               [38;2;240;169;23m▄[0m[38;2;232;156;22m[48;2;232;156;22m▀[0m[38;2;232;156;22m[48;2;232;156;22m▀[0m[38;2;232;156;22m[48;2;232;156;22m▀[0m[38;2;247;166;23m[48;2;235;159;22m▀[0m[38;2;232;156;22m[48;2;232;156;23m▀[0m[38;2;232;156;22m[48;2;149;100;31m▀[0m[38;2;232;156;22m[48;2;241;162;22m▀[0m[38;2;232;156;22m[48;2;124;84;14m▀[0m[38;2;232;156;22m[48;2;199;134;19m▀[0m[38;2;199;133;40m[48;2;47;31;8m▀[0m[38;2;232;156;22m[48;2;232;156;22m▀[0m[38;2;234;156;22m[48;2;232;155;22m▀[0m[38;2;174;107;27m[48;2;232;156;22m▀[0m[38;2;0;10;11m[48;2;171;114;34m▀[0m[38;2;221;148;21m[48;2;152;102;31m▀[0m[38;2;232;156;22m▀[0m        
              [38;2;150;100;13m▄[0m[38;2;232;156;22m[48;2;244;207;74m▀[0m[38;2;232;156;22m[48;2;232;156;22m▀[0m[38;2;232;156;22m[48;2;65;46;60m▀[0m[38;2;232;156;22m[48;2;118;94;96m▀[0m[38;2;232;156;22m[48;2;232;156;22m▀[0m[38;2;244;168;24m[48;2;232;156;22m▀[0m[38;2;233;156;22m[48;2;232;156;22m▀[0m[38;2;232;156;22m[48;2;232;156;22m▀[0m[38;2;232;156;22m[48;2;232;156;22m▀[0m[38;2;232;156;22m[48;2;232;156;22m▀[0m[38;2;232;156;22m[48;2;233;156;22m▀[0m[38;2;232;156;22m[48;2;232;155;22m▀[0m[38;2;232;156;22m[48;2;232;156;22m▀[0m            
              [38;2;247;216;87m[48;2;246;213;77m▀[0m[38;2;245;215;115m[48;2;246;215;103m▀[0m[38;2;232;156;21m[48;2;243;202;66m▀[0m[38;2;232;155;22m[48;2;251;234;190m▀[0m[38;2;251;234;189m[48;2;251;234;190m▀[0m[38;2;252;236;193m[48;2;180;168;135m▀[0m[38;2;252;238;202m[48;2;252;236;190m▀[0m[38;2;244;207;127m[48;2;251;234;189m▀[0m[38;2;152;133;134m[48;2;247;226;169m▀[0m[38;2;91;61;12m[48;2;232;156;22m▀[0m[38;2;232;156;22m[48;2;232;155;22m▀[0m[38;2;232;156;22m[48;2;238;177;41m▀[0m[38;2;232;156;22m[48;2;245;212;87m▀[0m[38;2;232;156;22m[48;2;232;156;22m▀[0m   [38;2;13;10;9m▄[0m[38;2;251;234;189m▄[0m[38;2;251;234;189m[48;2;251;234;190m▀[0m      
              [38;2;162;145;52m▀[0m[38;2;245;212;77m[48;2;245;212;77m▀[0m[38;2;246;215;80m[48;2;241;193;58m▀[0m[38;2;251;234;190m[48;2;252;237;193m▀[0m[38;2;251;234;190m[48;2;251;234;190m▀[0m[38;2;147;97;117m[48;2;201;134;164m▀[0m[38;2;147;97;117m[48;2;201;135;164m▀[0m[38;2;227;227;195m[48;2;251;234;189m▀[0m[38;2;251;234;189m[48;2;251;234;189m▀[0m[38;2;232;156;22m[48;2;241;193;57m▀[0m[38;2;245;211;77m[48;2;245;212;77m▀[0m[38;2;245;215;114m[48;2;245;215;115m▀[0m[38;2;245;215;115m[48;2;245;212;77m▀[0m[38;2;232;156;22m[48;2;135;91;11m▀[0m  [38;2;251;234;189m▄[0m[38;2;251;234;190m[48;2;250;234;189m▀[0m[38;2;251;234;189m[48;2;250;234;188m▀[0m[38;2;251;234;190m[48;2;250;233;188m▀[0m      
     [38;2;251;234;190m▄[0m[38;2;5;3;3m[48;2;251;234;189m▀[0m[38;2;252;252;210m[48;2;251;234;190m▀[0m[38;2;252;235;190m[48;2;250;233;198m▀[0m[38;2;232;156;22m[48;2;247;213;152m▀[0m[38;2;232;157;23m[48;2;234;164;40m▀[0m[38;2;232;155;22m[48;2;232;157;23m▀[0m[38;2;234;157;22m[48;2;232;156;21m▀[0m[38;2;230;158;26m[48;2;232;155;22m▀[0m[38;2;228;156;33m[48;2;168;118;34m▀[0m[38;2;232;155;22m[48;2;224;151;22m▀[0m[38;2;232;156;22m[48;2;232;156;22m▀[0m[38;2;232;156;22m[48;2;232;156;22m▀[0m[38;2;244;207;126m[48;2;232;156;22m▀[0m[38;2;251;234;189m[48;2;232;155;22m▀[0m[38;2;251;234;189m[48;2;232;156;22m▀[0m[38;2;251;234;189m[48;2;232;155;22m▀[0m[38;2;232;156;22m[48;2;232;156;22m▀[0m[38;2;245;212;77m[48;2;232;155;22m▀[0m[38;2;245;211;77m[48;2;246;218;83m▀[0m[38;2;245;211;77m[48;2;171;118;29m▀[0m[38;2;231;148;14m[48;2;241;161;23m▀[0m[38;2;249;196;25m▄[0m [38;2;141;131;104m▄[0m[38;2;182;169;134m[48;2;181;168;134m▀[0m[38;2;181;168;134m[48;2;181;168;134m▀[0m[38;2;181;168;134m[48;2;194;180;143m▀[0m[38;2;194;180;143m▄[0m      
   [38;2;253;235;190m▄[0m[38;2;60;55;43m[48;2;252;251;208m▀[0m[38;2;251;234;190m[48;2;253;240;195m▀[0m[38;2;251;234;190m[48;2;251;234;190m▀[0m[38;2;251;234;190m[48;2;251;234;190m▀[0m[38;2;251;234;189m[48;2;251;234;190m▀[0m[38;2;251;234;190m[48;2;251;234;190m▀[0m[38;2;251;234;190m[48;2;251;234;190m▀[0m[38;2;234;162;31m[48;2;251;234;190m▀[0m[38;2;232;156;22m[48;2;232;156;22m▀[0m[38;2;232;156;22m[48;2;232;156;22m▀[0m[38;2;231;155;23m[48;2;233;156;22m▀[0m[38;2;170;119;34m[48;2;67;47;14m▀[0m[38;2;170;120;34m[48;2;163;114;33m▀[0m[38;2;233;156;22m[48;2;105;73;24m▀[0m[38;2;232;156;22m[48;2;232;156;22m▀[0m[38;2;187;125;25m[48;2;232;156;22m▀[0m[38;2;185;123;27m[48;2;236;158;21m▀[0m[38;2;216;144;20m[48;2;232;156;22m▀[0m[38;2;229;153;22m[48;2;232;156;22m▀[0m[38;2;233;157;22m[48;2;232;156;22m▀[0m[38;2;232;156;22m[48;2;233;160;23m▀[0m[38;2;232;156;22m[48;2;185;128;18m▀[0m[38;2;177;119;23m[48;2;138;93;16m▀[0m[38;2;232;156;22m[48;2;232;156;22m▀[0m[38;2;232;156;22m[48;2;235;174;68m▀[0m[38;2;232;156;22m[48;2;235;173;67m▀[0m[38;2;233;156;22m[48;2;235;171;62m▀[0m[38;2;116;107;87m[48;2;251;234;190m▀[0m[38;2;181;168;134m[48;2;251;234;189m▀[0m[38;2;181;168;134m[48;2;251;234;189m▀[0m      
   [38;2;205;199;174m[48;2;251;235;192m▀[0m[38;2;146;143;126m[48;2;50;48;48m▀[0m[38;2;246;222;121m[48;2;245;214;87m▀[0m[38;2;251;234;190m[48;2;251;234;190m▀[0m[38;2;251;234;189m[48;2;251;234;190m▀[0m[38;2;251;234;190m[48;2;251;234;189m▀[0m[38;2;251;234;190m[48;2;251;234;189m▀[0m[38;2;251;234;190m[48;2;251;234;190m▀[0m[38;2;252;239;199m[48;2;232;156;22m▀[0m[38;2;232;156;22m[48;2;232;156;22m▀[0m[38;2;232;156;22m[48;2;232;156;22m▀[0m[38;2;234;157;22m[48;2;168;118;35m▀[0m[38;2;170;119;33m[48;2;176;124;35m▀[0m[38;2;169;119;34m[48;2;191;131;24m▀[0m[38;2;185;127;27m[48;2;232;156;22m▀[0m[38;2;232;156;22m[48;2;235;158;22m▀[0m[38;2;232;156;23m[48;2;232;156;22m▀[0m[38;2;165;110;34m[48;2;232;156;22m▀[0m[38;2;232;156;22m[48;2;232;156;22m▀[0m[38;2;232;156;22m[48;2;234;157;22m▀[0m[38;2;232;156;22m[48;2;232;156;22m▀[0m[38;2;232;156;22m[48;2;240;161;21m▀[0m[38;2;232;156;22m[48;2;232;156;22m▀[0m[38;2;232;156;22m[48;2;232;156;22m▀[0m[38;2;232;156;22m[48;2;232;156;22m▀[0m[38;2;253;240;201m[48;2;251;234;189m▀[0m[38;2;251;234;190m[48;2;251;234;190m▀[0m[38;2;251;234;195m[48;2;251;234;190m▀[0m[38;2;251;233;199m[48;2;251;234;190m▀[0m[38;2;251;234;190m[48;2;197;183;150m▀[0m[38;2;251;234;190m[48;2;251;234;190m▀[0m[38;2;251;234;190m[48;2;252;240;205m▀[0m[38;2;253;249;208m▄[0m    
    [38;2;251;234;190m▀[0m[38;2;251;234;190m[48;2;81;78;69m▀[0m[38;2;251;234;190m[48;2;251;234;189m▀[0m[38;2;251;234;189m[48;2;251;234;189m▀[0m[38;2;251;234;190m[48;2;251;234;190m▀[0m[38;2;251;234;190m[48;2;251;234;190m▀[0m[38;2;237;171;48m[48;2;252;235;190m▀[0m[38;2;232;155;22m▀[0m[38;2;232;156;22m▀[0m[38;2;27;16;5m▀[0m[38;2;6;5;5m▄[0m[38;2;232;156;23m[48;2;232;157;23m▀[0m[38;2;232;156;22m[48;2;234;162;35m▀[0m[38;2;232;156;22m[48;2;232;157;25m▀[0m[38;2;232;156;23m[48;2;232;155;23m▀[0m[38;2;232;155;22m[48;2;232;156;23m▀[0m[38;2;232;156;22m[48;2;232;156;22m▀[0m[38;2;232;156;22m[48;2;232;156;22m▀[0m[38;2;232;156;22m[48;2;232;156;22m▀[0m[38;2;232;156;22m[48;2;232;156;22m▀[0m[38;2;231;155;22m[48;2;232;156;22m▀[0m[38;2;232;156;22m[48;2;123;85;14m▀[0m[38;2;232;156;22m[48;2;232;155;22m▀[0m[38;2;232;155;22m[48;2;232;156;22m▀[0m[38;2;251;234;190m[48;2;253;241;205m▀[0m[38;2;251;234;190m[48;2;251;234;189m▀[0m[38;2;251;234;190m[48;2;251;234;189m▀[0m[38;2;251;234;190m[48;2;251;234;189m▀[0m[38;2;246;220;109m[48;2;246;223;125m▀[0m[38;2;245;214;90m[48;2;245;211;73m▀[0m[38;2;251;234;189m[48;2;251;234;190m▀[0m[38;2;251;235;190m[48;2;27;24;17m▀[0m    
              [38;2;211;149;19m[48;2;240;163;22m▀[0m[38;2;233;162;37m[48;2;234;167;47m▀[0m[38;2;233;167;46m[48;2;234;166;47m▀[0m[38;2;233;161;35m[48;2;232;155;22m▀[0m[38;2;232;156;22m[48;2;232;156;22m▀[0m[38;2;232;155;22m[48;2;232;155;22m▀[0m[38;2;232;155;22m[48;2;232;155;22m▀[0m[38;2;232;155;22m[48;2;232;156;22m▀[0m[38;2;232;156;22m[48;2;232;156;22m▀[0m[38;2;232;156;22m[48;2;232;156;22m▀[0m[38;2;232;156;23m[48;2;232;155;22m▀[0m[38;2;232;156;22m[48;2;232;156;22m▀[0m[38;2;81;53;9m[48;2;232;156;22m▀[0m[38;2;232;156;22m[48;2;213;142;19m▀[0m[38;2;232;155;22m[48;2;252;233;188m▀[0m[38;2;251;234;189m[48;2;251;234;189m▀[0m[38;2;251;234;190m[48;2;251;234;190m▀[0m[38;2;251;234;190m[48;2;251;234;189m▀[0m[38;2;252;235;190m[48;2;253;246;209m▀[0m[38;2;251;234;189m[48;2;255;245;216m▀[0m[38;2;252;239;206m[48;2;27;25;20m▀[0m     
              [38;2;236;158;22m[48;2;227;152;22m▀[0m[38;2;233;163;37m[48;2;232;156;22m▀[0m[38;2;232;158;25m[48;2;232;156;22m▀[0m[38;2;232;156;22m[48;2;232;156;22m▀[0m[38;2;232;156;22m[48;2;232;155;22m▀[0m[38;2;232;156;22m[48;2;232;156;22m▀[0m[38;2;232;156;22m[48;2;232;156;22m▀[0m[38;2;232;156;22m[48;2;232;156;22m▀[0m[38;2;232;156;22m[48;2;232;156;22m▀[0m[38;2;232;156;22m[48;2;232;156;23m▀[0m[38;2;232;156;22m[48;2;186;123;27m▀[0m[38;2;233;156;22m[48;2;169;113;34m▀[0m[38;2;178;119;31m[48;2;169;113;34m▀[0m[38;2;168;113;34m[48;2;168;113;34m▀[0m[38;2;169;113;35m[48;2;169;113;34m▀[0m[38;2;169;113;34m[48;2;168;113;34m▀[0m[38;2;167;109;29m[48;2;168;113;34m▀[0m[38;2;55;36;18m[48;2;184;123;37m▀[0m        
              [38;2;152;100;29m▀[0m[38;2;168;113;34m[48;2;169;112;34m▀[0m[38;2;168;112;35m[48;2;169;113;34m▀[0m[38;2;181;121;28m[48;2;169;113;34m▀[0m[38;2;191;128;21m[48;2;169;113;34m▀[0m[38;2;193;129;21m[48;2;168;113;34m▀[0m[38;2;187;125;24m[48;2;169;113;34m▀[0m[38;2;171;115;33m[48;2;168;113;34m▀[0m[38;2;169;113;34m[48;2;169;113;34m▀[0m[38;2;169;113;34m[48;2;168;113;34m▀[0m[38;2;168;113;34m[48;2;169;113;34m▀[0m[38;2;169;113;34m[48;2;169;113;34m▀[0m[38;2;169;113;34m[48;2;169;113;34m▀[0m[38;2;168;113;34m[48;2;168;113;34m▀[0m[38;2;169;113;34m[48;2;168;113;34m▀[0m[38;2;168;112;34m[48;2;168;113;34m▀[0m[38;2;169;113;34m[48;2;169;113;34m▀[0m[38;2;129;86;27m[48;2;169;113;34m▀[0m[38;2;75;48;13m[48;2;169;113;34m▀[0m       
               [38;2;168;113;34m▀[0m[38;2;169;112;34m[48;2;169;113;34m▀[0m[38;2;168;112;34m[48;2;169;113;34m▀[0m[38;2;169;113;34m[48;2;168;113;34m▀[0m[38;2;168;113;34m[48;2;169;113;35m▀[0m[38;2;169;113;34m[48;2;169;113;34m▀[0m[38;2;169;113;34m[48;2;169;113;34m▀[0m[38;2;169;113;34m[48;2;169;113;34m▀[0m[38;2;168;113;34m[48;2;176;117;35m▀[0m[38;2;169;113;34m[48;2;0;0;0m▀[0m[38;2;168;113;34m▀[0m[38;2;169;112;34m▀[0m[38;2;169;113;34m▀[0m[38;2;168;113;34m▀[0m[38;2;191;127;23m▀[0m [38;2;20;11;3m▀[0m[38;2;177;118;37m▀[0m       
                 [38;2;12;8;1m[48;2;169;112;34m▀[0m[38;2;171;114;34m[48;2;168;113;34m▀[0m[38;2;168;112;35m[48;2;66;41;8m▀[0m[38;2;193;130;35m▀[0m                   
                 [38;2;101;69;10m▀[0m[38;2;135;92;14m▀[0m[38;2;246;164;22m▀[0m                    
