                                        
                                        
                                        
                   [38;2;222;216;109m▄[0m[38;2;225;218;109m[48;2;223;216;109m▀[0m[38;2;223;216;109m[48;2;226;219;118m▀[0m[38;2;170;160;88m[48;2;108;99;58m▀[0m[38;2;207;198;103m[48;2;173;160;92m▀[0m[38;2;223;217;108m[48;2;173;160;93m▀[0m[38;2;169;164;83m[48;2;147;141;74m▀[0m[38;2;229;223;112m▄[0m             
                  [38;2;229;223;111m[48;2;223;216;109m▀[0m[38;2;218;212;106m[48;2;223;216;109m▀[0m[38;2;230;224;140m[48;2;232;225;142m▀[0m[38;2;233;226;141m[48;2;233;227;142m▀[0m[38;2;226;219;121m[48;2;228;221;127m▀[0m[38;2;229;223;112m[48;2;222;215;108m▀[0m[38;2;145;126;83m[48;2;222;215;108m▀[0m[38;2;162;149;87m[48;2;222;216;108m▀[0m[38;2;222;216;108m[48;2;222;216;108m▀[0m[38;2;53;48;25m▄[0m            
                 [38;2;0;0;0m[48;2;79;74;38m▀[0m[38;2;222;215;108m[48;2;240;233;116m▀[0m[38;2;223;216;108m[48;2;165;211;94m▀[0m[38;2;221;215;107m[48;2;222;215;108m▀[0m[38;2;226;220;117m[48;2;222;216;108m▀[0m[38;2;222;216;109m[48;2;222;216;108m▀[0m[38;2;221;214;107m[48;2;222;216;108m▀[0m[38;2;222;216;108m[48;2;222;216;108m▀[0m[38;2;222;216;108m[48;2;223;216;109m▀[0m[38;2;222;215;108m[48;2;222;215;109m▀[0m[38;2;232;225;113m[48;2;223;216;108m▀[0m            
           [38;2;156;197;87m▀[0m[38;2;156;197;87m[48;2;143;192;79m▀[0m[38;2;155;197;88m[48;2;147;193;81m▀[0m[38;2;140;190;78m[48;2;127;185;71m▀[0m[38;2;119;181;67m[48;2;120;182;67m▀[0m[38;2;121;183;67m▄[0m[38;2;42;40;20m[48;2;92;139;53m▀[0m[38;2;126;185;70m[48;2;99;150;67m▀[0m[38;2;142;191;79m[48;2;96;145;67m▀[0m[38;2;129;186;71m[48;2;114;172;67m▀[0m[38;2;222;216;109m[48;2;120;182;67m▀[0m[38;2;222;216;108m[48;2;223;217;109m▀[0m[38;2;222;215;108m[48;2;223;217;109m▀[0m[38;2;222;216;109m[48;2;222;215;108m▀[0m[38;2;223;216;109m[48;2;223;216;109m▀[0m[38;2;223;216;109m[48;2;221;214;108m▀[0m[38;2;162;156;80m▀[0m            
            [38;2;1;2;1m▀[0m[38;2;95;144;67m▀[0m[38;2;113;172;67m[48;2;96;143;67m▀[0m[38;2;122;184;67m[48;2;96;145;67m▀[0m[38;2;121;183;67m[48;2;96;145;67m▀[0m[38;2;127;192;71m[48;2;72;113;52m▀[0m[38;2;96;145;67m[48;2;96;145;67m▀[0m[38;2;96;145;67m[48;2;96;145;67m▀[0m[38;2;96;145;67m[48;2;96;145;67m▀[0m[38;2;96;145;67m[48;2;96;145;67m▀[0m[38;2;32;50;19m[48;2;96;145;67m▀[0m[38;2;216;210;106m[48;2;176;163;93m▀[0m[38;2;194;183;98m[48;2;176;163;93m▀[0m[38;2;177;163;93m[48;2;99;150;69m▀[0m[38;2;160;146;84m[48;2;96;145;67m▀[0m[38;2;96;145;67m[48;2;96;144;67m▀[0m[38;2;96;144;67m[48;2;95;144;67m▀[0m[38;2;110;167;67m[48;2;95;144;67m▀[0m[38;2;119;181;68m[48;2;106;160;67m▀[0m[38;2;48;74;29m[48;2;113;172;67m▀[0m        
              [38;2;15;15;8m▄[0m[38;2;209;220;129m▄[0m[38;2;209;220;129m[48;2;206;218;125m▀[0m[38;2;209;221;129m[48;2;207;218;126m▀[0m[38;2;107;162;75m[48;2;208;220;124m▀[0m[38;2;96;145;67m[48;2;151;160;84m▀[0m[38;2;96;145;67m[48;2;72;68;39m▀[0m[38;2;96;145;67m[48;2;157;165;88m▀[0m[38;2;96;145;67m[48;2;95;143;67m▀[0m[38;2;96;144;67m[48;2;129;129;81m▀[0m[38;2;96;145;67m[48;2;126;126;78m▀[0m[38;2;96;145;67m[48;2;126;125;78m▀[0m[38;2;95;144;67m[48;2;0;0;0m▀[0m[38;2;96;144;67m▀[0m[38;2;95;143;67m▀[0m[38;2;96;145;67m▀[0m[38;2;12;18;10m▀[0m         
             [38;2;0;0;0m[48;2;206;218;125m▀[0m[38;2;209;220;129m[48;2;209;220;131m▀[0m[38;2;206;218;126m[48;2;208;219;127m▀[0m[38;2;207;218;125m[48;2;209;220;128m▀[0m[38;2;206;218;125m[48;2;209;219;128m▀[0m[38;2;209;220;128m[48;2;209;220;128m▀[0m[38;2;201;214;112m[48;2;199;213;107m▀[0m[38;2;176;193;88m[48;2;192;209;96m▀[0m[38;2;149;157;83m[48;2;197;215;97m▀[0m[38;2;96;145;67m[48;2;120;180;67m▀[0m[38;2;40;60;30m[48;2;119;181;67m▀[0m[38;2;148;155;84m[48;2;158;170;85m▀[0m[38;2;149;158;83m[48;2;152;161;85m▀[0m[38;2;155;163;87m[48;2;177;191;90m▀[0m             
           [38;2;3;3;1m▄[0m[38;2;209;220;129m[48;2;202;215;115m▀[0m[38;2;209;220;129m[48;2;209;220;129m▀[0m[38;2;208;219;127m[48;2;209;220;129m▀[0m[38;2;209;220;129m[48;2;209;220;129m▀[0m[38;2;209;219;128m[48;2;209;220;128m▀[0m[38;2;209;220;128m[48;2;208;219;127m▀[0m[38;2;201;215;113m[48;2;193;210;99m▀[0m[38;2;192;209;96m[48;2;190;208;94m▀[0m[38;2;189;207;93m[48;2;189;207;93m▀[0m[38;2;200;219;98m[48;2;192;209;96m▀[0m[38;2;119;181;67m[48;2;111;169;68m▀[0m[38;2;119;181;68m[48;2;121;183;68m▀[0m[38;2;121;183;67m[48;2;121;183;67m▀[0m[38;2;191;208;96m[48;2;99;154;57m▀[0m[38;2;189;207;93m[48;2;189;206;93m▀[0m[38;2;9;7;5m[48;2;193;210;96m▀[0m            
           [38;2;192;209;96m[48;2;192;209;96m▀[0m[38;2;197;212;104m[48;2;194;209;99m▀[0m[38;2;209;220;129m[48;2;196;211;102m▀[0m[38;2;209;220;129m[48;2;194;210;100m▀[0m[38;2;202;216;115m[48;2;192;209;96m▀[0m[38;2;201;214;113m[48;2;194;210;99m▀[0m[38;2;194;210;100m[48;2;192;209;96m▀[0m[38;2;189;207;93m[48;2;192;209;96m▀[0m[38;2;190;207;94m[48;2;192;209;96m▀[0m[38;2;192;209;96m[48;2;192;209;96m▀[0m[38;2;188;206;91m[48;2;191;208;95m▀[0m[38;2;201;220;100m[48;2;192;209;96m▀[0m[38;2;96;145;67m[48;2;190;208;94m▀[0m[38;2;96;145;67m[48;2;189;207;92m▀[0m[38;2;196;213;98m[48;2;188;207;92m▀[0m[38;2;192;209;95m[48;2;188;206;92m▀[0m[38;2;191;208;95m[48;2;192;209;96m▀[0m            
          [38;2;80;85;40m[48;2;192;209;96m▀[0m[38;2;192;209;96m[48;2;192;209;96m▀[0m[38;2;192;209;96m[48;2;192;209;96m▀[0m[38;2;191;208;95m[48;2;189;207;93m▀[0m[38;2;192;209;97m[48;2;192;209;96m▀[0m[38;2;192;209;96m[48;2;193;210;99m▀[0m[38;2;191;208;96m[48;2;192;209;96m▀[0m[38;2;193;209;97m[48;2;193;210;96m▀[0m[38;2;192;209;96m[48;2;191;208;95m▀[0m[38;2;191;208;95m[48;2;192;209;96m▀[0m[38;2;192;209;95m[48;2;192;209;96m▀[0m[38;2;192;209;96m[48;2;192;209;96m▀[0m[38;2;192;209;96m[48;2;192;209;96m▀[0m[38;2;192;209;96m[48;2;190;208;94m▀[0m[38;2;192;209;96m[48;2;192;209;96m▀[0m[38;2;192;209;96m[48;2;192;209;96m▀[0m[38;2;191;208;95m[48;2;192;209;96m▀[0m[38;2;191;208;95m[48;2;191;209;95m▀[0m            
          [38;2;192;209;96m[48;2;192;209;96m▀[0m[38;2;192;209;96m[48;2;192;209;96m▀[0m[38;2;191;208;95m[48;2;192;209;96m▀[0m[38;2;192;209;96m[48;2;192;209;96m▀[0m[38;2;192;209;96m[48;2;191;208;95m▀[0m[38;2;192;209;96m[48;2;191;208;95m▀[0m[38;2;15;13;13m[48;2;77;71;68m▀[0m[38;2;242;242;241m[48;2;35;36;35m▀[0m[38;2;191;208;95m[48;2;189;207;93m▀[0m[38;2;192;209;96m[48;2;192;209;96m▀[0m[38;2;191;208;95m[48;2;192;209;96m▀[0m[38;2;191;208;95m[48;2;190;208;95m▀[0m[38;2;190;208;94m[48;2;189;207;93m▀[0m[38;2;192;209;96m[48;2;190;208;94m▀[0m[38;2;190;208;94m[48;2;191;208;94m▀[0m[38;2;190;208;94m[48;2;188;206;92m▀[0m[38;2;190;208;95m[48;2;190;207;94m▀[0m[38;2;190;207;94m[48;2;192;209;96m▀[0m            
          [38;2;192;209;96m[48;2;165;180;84m▀[0m[38;2;191;208;95m[48;2;190;208;95m▀[0m[38;2;192;209;96m[48;2;192;209;96m▀[0m[38;2;192;209;96m[48;2;191;208;95m▀[0m[38;2;192;209;96m[48;2;191;208;95m▀[0m[38;2;192;209;96m[48;2;192;209;96m▀[0m[38;2;192;209;96m[48;2;192;209;96m▀[0m[38;2;192;209;96m[48;2;192;209;96m▀[0m[38;2;173;105;110m[48;2;31;36;16m▀[0m[38;2;23;6;16m[48;2;208;127;131m▀[0m[38;2;189;206;93m[48;2;197;119;125m▀[0m[38;2;189;207;93m[48;2;185;112;117m▀[0m[38;2;192;209;96m[48;2;190;115;119m▀[0m[38;2;190;207;94m[48;2;189;207;93m▀[0m[38;2;35;36;36m[48;2;54;51;49m▀[0m[38;2;9;9;9m[48;2;12;12;12m▀[0m[38;2;192;209;96m[48;2;192;209;96m▀[0m[38;2;192;209;96m[48;2;134;146;68m▀[0m            
           [38;2;192;209;96m▀[0m[38;2;192;209;95m[48;2;173;189;89m▀[0m[38;2;189;207;93m[48;2;190;206;95m▀[0m[38;2;191;208;95m[48;2;190;208;94m▀[0m[38;2;191;208;95m[48;2;189;207;93m▀[0m[38;2;192;209;96m[48;2;190;208;94m▀[0m[38;2;191;208;95m[48;2;191;208;95m▀[0m[38;2;190;208;93m[48;2;191;208;94m▀[0m[38;2;192;209;96m[48;2;192;209;96m▀[0m[38;2;189;207;93m[48;2;192;209;96m▀[0m[38;2;193;210;96m[48;2;191;209;95m▀[0m[38;2;193;117;121m[48;2;189;205;95m▀[0m[38;2;192;209;96m[48;2;175;191;91m▀[0m[38;2;192;209;96m[48;2;150;158;85m▀[0m[38;2;194;211;97m[48;2;150;158;84m▀[0m[38;2;174;189;91m[48;2;152;160;85m▀[0m             
            [38;2;151;159;85m[48;2;148;160;74m▀[0m[38;2;150;159;84m[48;2;0;0;0m▀[0m[38;2;151;159;85m[48;2;157;166;88m▀[0m[38;2;154;164;86m[48;2;149;158;83m▀[0m[38;2;165;179;88m[48;2;148;158;83m▀[0m[38;2;171;186;89m[48;2;151;159;85m▀[0m[38;2;172;186;89m[48;2;151;159;85m▀[0m[38;2;165;177;88m[48;2;151;159;85m▀[0m[38;2;159;169;87m[48;2;151;159;85m▀[0m[38;2;154;165;85m[48;2;150;159;85m▀[0m[38;2;153;162;86m[48;2;148;158;83m▀[0m[38;2;150;159;84m[48;2;151;159;85m▀[0m[38;2;151;159;85m[48;2;151;159;85m▀[0m[38;2;148;158;83m▀[0m              
                 [38;2;160;169;90m▀[0m[38;2;151;159;84m▀[0m[38;2;151;159;84m▀[0m[38;2;156;163;89m[48;2;142;142;90m▀[0m[38;2;165;170;98m[48;2;127;127;79m▀[0m[38;2;165;170;99m▀[0m                 
                                        
                                        
