                                        
                [38;2;114;157;82m▄[0m     [38;2;132;182;94m▄[0m[38;2;135;187;96m▄[0m                
                [38;2;132;182;94m[48;2;105;170;67m▀[0m[38;2;128;180;90m[48;2;93;166;56m▀[0m[38;2;85;164;52m▄[0m [38;2;94;183;58m▄[0m[38;2;118;176;79m[48;2;85;163;52m▀[0m[38;2;131;181;92m[48;2;85;163;52m▀[0m[38;2;94;177;56m[48;2;23;44;16m▀[0m[38;2;202;202;139m▄[0m[38;2;241;240;155m▄[0m[38;2;235;234;109m▄[0m[38;2;239;239;113m▄[0m[38;2;17;16;8m▄[0m           
        [38;2;204;203;98m▄[0m[38;2;240;239;145m▄[0m[38;2;241;240;161m[48;2;249;249;211m▀[0m[38;2;241;240;160m[48;2;241;240;161m▀[0m[38;2;238;238;140m[48;2;241;241;156m▀[0m[38;2;235;234;109m[48;2;234;234;109m▀[0m[38;2;235;234;109m[48;2;235;234;109m▀[0m[38;2;235;234;109m[48;2;235;234;109m▀[0m[38;2;84;162;51m[48;2;234;234;109m▀[0m[38;2;85;163;52m[48;2;85;163;52m▀[0m[38;2;85;163;52m[48;2;85;163;52m▀[0m[38;2;10;16;7m[48;2;83;146;54m▀[0m[38;2;85;163;52m[48;2;72;135;55m▀[0m[38;2;85;163;52m[48;2;85;165;52m▀[0m[38;2;85;163;52m[48;2;71;138;45m▀[0m[38;2;240;239;128m[48;2;235;234;107m▀[0m[38;2;241;241;161m[48;2;240;239;144m▀[0m[38;2;241;240;161m[48;2;238;237;132m▀[0m[38;2;239;239;144m[48;2;235;234;109m▀[0m[38;2;235;234;109m[48;2;235;234;109m▀[0m[38;2;235;234;109m[48;2;235;234;109m▀[0m[38;2;233;232;108m[48;2;228;226;106m▀[0m[38;2;0;0;0m[48;2;234;233;109m▀[0m         
        [38;2;45;43;23m[48;2;187;179;94m▀[0m[38;2;235;234;109m[48;2;182;176;92m▀[0m[38;2;240;239;150m[48;2;200;187;99m▀[0m[38;2;239;238;139m[48;2;229;228;107m▀[0m[38;2;234;234;109m[48;2;235;234;109m▀[0m[38;2;235;234;110m[48;2;235;234;109m▀[0m[38;2;235;234;109m[48;2;235;234;109m▀[0m[38;2;235;234;109m[48;2;235;234;109m▀[0m[38;2;234;234;109m[48;2;118;116;56m▀[0m[38;2;235;234;109m[48;2;85;163;52m▀[0m[38;2;73;142;60m[48;2;83;148;54m▀[0m[38;2;68;131;56m[48;2;68;132;56m▀[0m[38;2;68;132;56m[48;2;68;132;56m▀[0m[38;2;67;131;56m[48;2;88;157;55m▀[0m[38;2;235;234;109m[48;2;85;163;52m▀[0m[38;2;235;234;109m[48;2;89;170;53m▀[0m[38;2;235;234;109m[48;2;234;234;109m▀[0m[38;2;235;234;109m[48;2;235;234;109m▀[0m[38;2;235;234;109m[48;2;235;234;109m▀[0m[38;2;235;234;109m[48;2;232;231;108m▀[0m[38;2;234;233;109m[48;2;215;208;102m▀[0m[38;2;228;227;106m[48;2;182;174;93m▀[0m[38;2;235;235;109m[48;2;196;187;99m▀[0m         
        [38;2;198;190;99m[48;2;0;0;0m▀[0m[38;2;184;176;92m[48;2;181;174;90m▀[0m[38;2;191;181;94m[48;2;185;177;92m▀[0m[38;2;200;187;98m[48;2;187;178;93m▀[0m[38;2;199;186;98m[48;2;189;179;94m▀[0m[38;2;184;178;91m[48;2;183;176;93m▀[0m[38;2;187;181;91m[48;2;33;31;17m▀[0m[38;2;83;160;52m[48;2;84;163;53m▀[0m[38;2;83;163;52m[48;2;85;164;52m▀[0m[38;2;85;163;52m[48;2;85;163;52m▀[0m[38;2;85;163;52m[48;2;85;163;53m▀[0m[38;2;85;163;52m[48;2;85;163;52m▀[0m[38;2;58;111;38m[48;2;198;195;154m▀[0m[38;2;85;163;52m[48;2;86;163;52m▀[0m[38;2;85;164;52m[48;2;82;162;53m▀[0m[38;2;87;164;53m[48;2;84;163;52m▀[0m[38;2;85;163;52m[48;2;130;181;90m▀[0m[38;2;192;182;96m[48;2;129;180;91m▀[0m[38;2;184;176;93m[48;2;184;176;93m▀[0m[38;2;183;174;93m[48;2;184;175;94m▀[0m[38;2;184;176;94m[48;2;186;178;98m▀[0m[38;2;182;173;92m▀[0m          
          [38;2;201;193;129m▀[0m[38;2;185;177;94m▀[0m[38;2;185;176;93m▀[0m[38;2;185;176;93m▀[0m[38;2;132;182;93m[48;2;129;180;89m▀[0m[38;2;132;181;93m[48;2;132;182;93m▀[0m[38;2;136;184;97m[48;2;132;182;93m▀[0m[38;2;132;182;94m[48;2;132;182;93m▀[0m[38;2;103;169;65m[48;2;25;27;22m▀[0m[38;2;250;250;215m[48;2;243;246;206m▀[0m[38;2;237;241;183m[48;2;240;244;195m▀[0m[38;2;14;15;10m[48;2;236;241;181m▀[0m[38;2;104;169;66m[48;2;18;26;13m▀[0m[38;2;131;181;92m[48;2;130;181;91m▀[0m[38;2;131;182;94m[48;2;128;180;89m▀[0m[38;2;133;182;93m[48;2;86;164;53m▀[0m[38;2;86;167;53m▄[0m             
             [38;2;55;104;35m[48;2;18;31;11m▀[0m[38;2;92;166;56m[48;2;15;28;10m▀[0m[38;2;113;174;74m[48;2;237;241;182m▀[0m[38;2;132;182;93m[48;2;240;244;196m▀[0m[38;2;252;253;218m[48;2;243;246;206m▀[0m[38;2;243;246;206m[48;2;243;246;206m▀[0m[38;2;241;245;204m[48;2;241;245;205m▀[0m[38;2;240;244;196m[48;2;235;241;179m▀[0m[38;2;235;240;180m[48;2;237;241;183m▀[0m[38;2;236;241;180m[48;2;236;241;181m▀[0m[38;2;238;243;183m[48;2;237;241;183m▀[0m[38;2;91;176;56m[48;2;237;241;183m▀[0m[38;2;84;163;52m[48;2;237;241;183m▀[0m[38;2;84;163;52m▀[0m             
               [38;2;236;241;182m[48;2;237;241;183m▀[0m[38;2;236;241;182m[48;2;237;241;183m▀[0m[38;2;237;241;182m[48;2;237;241;183m▀[0m[38;2;238;242;186m[48;2;236;241;181m▀[0m[38;2;236;241;181m[48;2;237;241;182m▀[0m[38;2;237;242;187m[48;2;237;241;183m▀[0m[38;2;236;241;182m[48;2;238;242;183m▀[0m[38;2;236;241;182m[48;2;237;241;183m▀[0m[38;2;235;240;180m[48;2;237;242;181m▀[0m[38;2;236;241;181m[48;2;237;241;183m▀[0m[38;2;236;241;181m[48;2;241;245;188m▀[0m              
               [38;2;232;235;180m▀[0m[38;2;237;241;182m[48;2;219;221;170m▀[0m[38;2;9;7;7m[48;2;9;8;8m▀[0m[38;2;9;8;8m[48;2;23;21;20m▀[0m[38;2;236;241;181m[48;2;236;241;181m▀[0m[38;2;237;241;183m[48;2;231;238;172m▀[0m[38;2;237;241;183m[48;2;237;241;183m▀[0m[38;2;237;241;182m[48;2;237;241;183m▀[0m[38;2;255;255;254m[48;2;161;165;120m▀[0m[38;2;247;249;200m[48;2;239;244;181m▀[0m               
                 [38;2;185;181;145m[48;2;6;4;2m▀[0m[38;2;241;247;185m[48;2;138;191;54m▀[0m[38;2;235;240;180m[48;2;94;132;38m▀[0m[38;2;254;254;205m[48;2;185;181;143m▀[0m[38;2;148;150;111m[48;2;209;203;161m▀[0m[38;2;236;241;182m[48;2;126;184;53m▀[0m[38;2;235;240;179m[48;2;133;185;52m▀[0m                
                   [38;2;80;149;62m▀[0m[38;2;69;132;56m[48;2;68;130;56m▀[0m[38;2;67;130;56m[48;2;69;131;56m▀[0m[38;2;58;101;44m▀[0m                 
                  [38;2;86;163;51m▄[0m[38;2;70;134;55m[48;2;55;102;34m▀[0m[38;2;80;142;54m[48;2;85;164;52m▀[0m[38;2;25;45;20m[48;2;85;164;52m▀[0m[38;2;69;133;58m▀[0m[38;2;77;143;60m[48;2;107;168;51m▀[0m[38;2;128;183;52m▄[0m[38;2;140;189;53m▄[0m[38;2;141;189;52m▄[0m[38;2;141;189;52m▄[0m[38;2;114;153;43m▄[0m[38;2;50;65;19m▄[0m          
               [38;2;4;6;1m▄[0m[38;2;138;188;52m▄[0m[38;2;122;179;51m[48;2;126;182;52m▀[0m[38;2;92;166;52m▀[0m[38;2;85;163;52m[48;2;86;164;53m▀[0m[38;2;85;163;52m[48;2;84;163;52m▀[0m[38;2;85;163;52m[48;2;82;162;53m▀[0m[38;2;0;0;0m[48;2;94;181;57m▀[0m  [38;2;140;189;53m▀[0m[38;2;141;189;53m▀[0m[38;2;144;193;53m[48;2;60;80;26m▀[0m[38;2;42;56;18m▀[0m           
             [38;2;150;202;63m▄[0m[38;2;0;0;0m[48;2;141;189;53m▀[0m[38;2;141;190;53m[48;2;132;179;51m▀[0m[38;2;140;189;53m[48;2;147;199;55m▀[0m[38;2;1;1;0m▀[0m[38;2;95;189;61m[48;2;85;163;52m▀[0m[38;2;85;163;53m[48;2;99;168;61m▀[0m[38;2;86;163;52m[48;2;85;163;52m▀[0m[38;2;82;162;53m[48;2;84;163;52m▀[0m[38;2;83;162;53m[48;2;83;163;53m▀[0m                 
                 [38;2;0;0;0m[48;2;85;163;52m▀[0m[38;2;85;164;52m[48;2;82;162;53m▀[0m[38;2;131;181;92m[48;2;126;179;89m▀[0m[38;2;82;162;53m[48;2;83;163;52m▀[0m[38;2;82;162;53m[48;2;84;165;53m▀[0m[38;2;85;163;52m[48;2;84;163;52m▀[0m[38;2;84;162;52m[48;2;88;168;53m▀[0m                
                [38;2;85;163;52m▄[0m[38;2;84;163;52m[48;2;115;178;77m▀[0m[38;2;88;164;53m[48;2;86;164;53m▀[0m[38;2;85;163;52m[48;2;86;164;53m▀[0m[38;2;82;162;53m[48;2;3;7;2m▀[0m[38;2;39;36;31m[48;2;212;207;167m▀[0m[38;2;85;163;52m[48;2;85;163;52m▀[0m[38;2;20;41;13m[48;2;87;166;53m▀[0m[38;2;85;163;52m[48;2;254;253;254m▀[0m[38;2;90;174;54m▄[0m              
            [38;2;80;126;54m▄[0m[38;2;131;181;94m▄[0m[38;2;132;181;93m▄[0m[38;2;132;181;93m[48;2;255;255;255m▀[0m[38;2;74;158;39m[48;2;200;190;203m▀[0m[38;2;250;248;251m[48;2;215;204;215m▀[0m[38;2;109;171;70m[48;2;132;181;93m▀[0m[38;2;84;162;52m[48;2;71;118;48m▀[0m[38;2;225;219;178m[48;2;10;8;7m▀[0m[38;2;88;82;87m▀[0m[38;2;85;163;52m▀[0m[38;2;85;164;52m[48;2;107;171;69m▀[0m[38;2;200;190;203m[48;2;200;190;203m▀[0m[38;2;255;254;255m[48;2;200;190;203m▀[0m[38;2;87;167;53m[48;2;248;244;249m▀[0m[38;2;255;255;255m▄[0m[38;2;80;174;43m▄[0m           
           [38;2;122;116;121m▀[0m[38;2;218;210;216m▀[0m[38;2;198;188;197m▀[0m[38;2;200;189;202m▀[0m[38;2;201;190;203m▀[0m[38;2;3;2;3m▀[0m [38;2;132;182;94m▀[0m [38;2;195;191;154m▀[0m[38;2;10;8;6m▄[0m [38;2;136;191;95m▀[0m [38;2;11;9;10m▀[0m[38;2;200;190;203m▀[0m[38;2;200;190;203m▀[0m[38;2;236;227;239m▀[0m           
                                        
