                                        
                                        
                                        
                  [38;2;152;198;110m▄[0m[38;2;11;12;6m[48;2;146;188;105m▀[0m                    
                 [38;2;32;64;20m[48;2;85;167;52m▀[0m[38;2;101;130;71m[48;2;80;161;53m▀[0m[38;2;83;163;53m[48;2;68;146;56m▀[0m[38;2;128;178;93m▄[0m                   
                [38;2;84;167;54m[48;2;3;7;3m▀[0m[38;2;85;171;56m[48;2;69;151;66m▀[0m[38;2;25;55;26m[48;2;63;136;56m▀[0m[38;2;81;161;53m[48;2;57;127;57m▀[0m[38;2;90;174;54m▀[0m                   
                 [38;2;248;251;226m[48;2;246;249;224m▀[0m[38;2;251;254;228m[48;2;249;251;233m▀[0m[38;2;246;249;224m[48;2;246;249;224m▀[0m[38;2;57;127;57m[48;2;3;8;3m▀[0m                   
                [38;2;77;103;54m▀[0m[38;2;246;249;224m[48;2;84;170;56m▀[0m[38;2;248;250;225m[48;2;93;183;59m▀[0m[38;2;142;198;101m[48;2;60;139;56m▀[0m[38;2;64;136;49m▀[0m                   
  [38;2;148;170;97m▄[0m              [38;2;61;138;62m[48;2;69;145;56m▀[0m[38;2;54;125;57m[48;2;74;150;55m▀[0m                     
  [38;2;181;209;117m[48;2;168;202;92m▀[0m[38;2;210;241;134m▄[0m[38;2;180;209;116m▄[0m         [38;2;1;4;1m▄[0m[38;2;39;104;58m▄[0m[38;2;40;110;60m[48;2;107;138;71m▀[0m[38;2;81;162;53m[48;2;123;115;121m▀[0m[38;2;86;161;59m[48;2;136;183;97m▀[0m[38;2;114;171;78m[48;2;46;58;32m▀[0m[38;2;144;186;103m▄[0m[38;2;47;87;33m▄[0m               [38;2;173;203;110m▄[0m  
 [38;2;156;209;59m[48;2;134;181;54m▀[0m[38;2;158;199;75m[48;2;127;166;55m▀[0m[38;2;164;201;84m[48;2;119;183;58m▀[0m[38;2;160;199;77m[48;2;113;171;66m▀[0m       [38;2;116;171;58m▄[0m[38;2;65;131;57m▄[0m[38;2;35;86;44m[48;2;58;129;57m▀[0m[38;2;40;104;57m[48;2;43;111;58m▀[0m[38;2;83;162;55m[48;2;249;252;230m▀[0m[38;2;193;194;190m[48;2;229;192;127m▀[0m[38;2;249;248;247m[48;2;251;253;235m▀[0m[38;2;160;211;114m[48;2;246;249;224m▀[0m[38;2;125;178;83m[48;2;82;163;53m▀[0m[38;2;76;149;50m[48;2;81;161;53m▀[0m[38;2;113;189;58m[48;2;75;158;54m▀[0m[38;2;118;171;52m[48;2;82;162;53m▀[0m          [38;2;138;162;88m[48;2;171;213;92m▀[0m[38;2;84;102;44m▄[0m[38;2;166;200;102m[48;2;142;189;61m▀[0m[38;2;165;198;95m[48;2;96;141;46m▀[0m  
  [38;2;82;159;54m[48;2;19;37;13m▀[0m[38;2;74;156;54m[48;2;81;162;53m▀[0m[38;2;80;160;54m[48;2;80;160;54m▀[0m[38;2;154;195;71m[48;2;141;189;55m▀[0m    [38;2;134;185;53m▄[0m[38;2;71;129;58m▄[0m[38;2;41;99;48m[48;2;45;120;58m▀[0m[38;2;52;124;57m[48;2;94;27;69m▀[0m[38;2;38;102;41m[48;2;118;60;89m▀[0m[38;2;53;125;57m[48;2;102;30;74m▀[0m[38;2;3;1;1m[48;2;127;131;118m▀[0m[38;2;191;148;79m[48;2;141;108;69m▀[0m[38;2;196;156;88m[48;2;64;50;32m▀[0m[38;2;246;249;224m[48;2;160;124;79m▀[0m[38;2;84;135;58m▀[0m[38;2;83;167;54m[48;2;93;28;68m▀[0m[38;2;48;96;33m[48;2;118;61;89m▀[0m[38;2;66;132;45m[48;2;63;137;41m▀[0m[38;2;81;116;36m[48;2;79;160;53m▀[0m[38;2;88;164;52m▄[0m[38;2;45;63;19m▄[0m      [38;2;0;0;0m[48;2;138;187;57m▀[0m[38;2;140;188;64m[48;2;95;166;59m▀[0m[38;2;136;185;57m[48;2;88;164;53m▀[0m[38;2;134;185;54m[48;2;108;171;53m▀[0m[38;2;132;183;55m[48;2;124;180;53m▀[0m[38;2;132;183;56m▀[0m 
  [38;2;139;188;55m[48;2;14;20;5m▀[0m[38;2;103;159;51m[48;2;126;61;94m▀[0m[38;2;78;160;53m[48;2;103;42;76m▀[0m[38;2;84;160;54m[48;2;64;151;56m▀[0m[38;2;9;15;6m[48;2;86;166;54m▀[0m[38;2;133;191;57m[48;2;116;176;53m▀[0m[38;2;143;189;64m[48;2;83;158;54m▀[0m[38;2;123;179;54m[48;2;55;121;55m▀[0m[38;2;62;131;57m[48;2;55;126;57m▀[0m[38;2;51;123;58m[48;2;49;123;57m▀[0m[38;2;46;121;58m[48;2;49;122;58m▀[0m[38;2;82;29;64m[48;2;54;34;56m▀[0m[38;2;91;27;67m[48;2;54;34;56m▀[0m[38;2;74;31;62m[48;2;58;37;60m▀[0m [38;2;141;108;70m▀[0m[38;2;140;107;69m[48;2;139;107;69m▀[0m[38;2;60;61;57m▀[0m[38;2;21;13;19m▀[0m[38;2;93;27;68m[48;2;26;17;26m▀[0m[38;2;102;39;74m[48;2;59;33;57m▀[0m[38;2;22;47;14m[48;2;58;127;57m▀[0m[38;2;80;160;53m[48;2;80;161;53m▀[0m[38;2;63;124;42m[48;2;83;162;52m▀[0m[38;2;61;90;28m[48;2;77;159;54m▀[0m[38;2;0;0;0m[48;2;68;153;55m▀[0m[38;2;112;174;52m▄[0m[38;2;137;187;54m▄[0m[38;2;101;169;51m▄[0m[38;2;30;41;14m[48;2;129;183;54m▀[0m[38;2;108;173;56m[48;2;85;163;52m▀[0m[38;2;114;175;57m[48;2;82;162;52m▀[0m[38;2;76;158;54m[48;2;80;161;53m▀[0m[38;2;76;159;54m[48;2;79;162;54m▀[0m[38;2;90;165;52m[48;2;129;187;57m▀[0m[38;2;152;184;92m▄[0m  
  [38;2;14;4;10m[48;2;79;31;64m▀[0m[38;2;118;60;89m[48;2;98;34;72m▀[0m[38;2;99;33;72m[48;2;91;28;68m▀[0m[38;2;17;50;19m[48;2;95;149;65m▀[0m[38;2;58;127;57m[48;2;46;120;58m▀[0m[38;2;56;127;57m[48;2;48;121;58m▀[0m[38;2;55;126;57m[48;2;101;32;74m▀[0m[38;2;44;15;30m[48;2;116;59;88m▀[0m[38;2;61;138;61m[48;2;88;26;65m▀[0m[38;2;56;126;57m▀[0m[38;2;87;135;60m[48;2;101;141;61m▀[0m     [38;2;142;111;71m[48;2;189;147;78m▀[0m    [38;2;40;78;36m▀[0m[38;2;73;131;57m[48;2;94;139;59m▀[0m[38;2;70;149;55m▀[0m[38;2;80;161;53m[48;2;58;136;61m▀[0m[38;2;78;159;54m[48;2;118;60;89m▀[0m[38;2;82;162;53m[48;2;116;58;86m▀[0m[38;2;83;162;53m[48;2;82;162;53m▀[0m[38;2;69;154;55m[48;2;74;156;54m▀[0m[38;2;91;179;58m[48;2;80;161;53m▀[0m[38;2;82;162;53m[48;2;82;162;53m▀[0m[38;2;115;45;84m[48;2;94;27;68m▀[0m[38;2;117;60;88m[48;2;118;61;89m▀[0m[38;2;101;189;62m[48;2;111;51;82m▀[0m[38;2;133;184;64m▀[0m   
   [38;2;41;30;43m▀[0m[38;2;58;38;59m▀[0m[38;2;115;152;68m▀[0m[38;2;88;137;58m▀[0m[38;2;50;123;57m[48;2;111;156;58m▀[0m[38;2;88;28;67m[48;2;68;48;68m▀[0m[38;2;93;28;68m[48;2;65;45;65m▀[0m[38;2;52;35;55m[48;2;57;35;57m▀[0m       [38;2;195;152;80m[48;2;190;147;77m▀[0m[38;2;150;116;62m[48;2;191;149;80m▀[0m     [38;2;0;0;0m▀[0m[38;2;88;29;66m[48;2;53;34;55m▀[0m[38;2;118;62;89m[48;2;96;30;70m▀[0m[38;2;118;61;89m[48;2;94;27;69m▀[0m[38;2;56;126;57m[48;2;105;148;60m▀[0m[38;2;58;129;57m[48;2;11;23;10m▀[0m[38;2;41;90;42m[48;2;58;128;57m▀[0m[38;2;19;46;23m[48;2;94;140;59m▀[0m[38;2;68;32;59m[48;2;75;54;74m▀[0m[38;2;76;31;62m[48;2;39;28;43m▀[0m[38;2;56;34;56m[48;2;49;32;50m▀[0m    
                [38;2;10;6;3m▄[0m[38;2;200;155;81m[48;2;141;105;70m▀[0m[38;2;145;112;59m[48;2;132;135;122m▀[0m[38;2;209;177;122m[48;2;189;146;76m▀[0m[38;2;186;142;75m[48;2;189;139;74m▀[0m[38;2;173;134;78m▄[0m    [38;2;34;22;36m▀[0m[38;2;58;36;60m▀[0m[38;2;65;36;62m▀[0m           
              [38;2;134;101;67m▄[0m[38;2;84;64;35m[48;2;140;108;70m▀[0m[38;2;136;104;68m[48;2;7;5;4m▀[0m[38;2;21;18;14m▀[0m[38;2;183;183;174m[48;2;0;0;0m▀[0m[38;2;175;133;84m[48;2;7;6;6m▀[0m[38;2;199;163;103m[48;2;195;152;79m▀[0m[38;2;142;110;71m[48;2;209;179;125m▀[0m[38;2;139;107;69m▀[0m[38;2;142;111;70m▄[0m[38;2;15;11;8m▄[0m               
            [38;2;175;136;87m▀[0m[38;2;128;99;65m▀[0m     [38;2;254;254;239m▀[0m [38;2;209;177;127m▀[0m[38;2;234;202;143m▀[0m[38;2;151;128;91m▄[0m                
                                        
                                        
