                                        
                                        
                   [38;2;86;121;76m▄[0m                    
                  [38;2;47;67;43m[48;2;43;59;39m▀[0m[38;2;115;167;111m[48;2;66;139;76m▀[0m                    
                [38;2;66;140;77m▄[0m[38;2;65;138;76m[48;2;65;113;84m▀[0m[38;2;68;139;76m[48;2;63;110;83m▀[0m[38;2;65;128;81m[48;2;69;144;83m▀[0m[38;2;92;139;89m[48;2;68;127;70m▀[0m                   
                [38;2;63;114;81m▀[0m[38;2;66;137;79m[48;2;174;176;153m▀[0m[38;2;65;138;76m[48;2;191;196;162m▀[0m[38;2;62;112;82m[48;2;226;232;189m▀[0m[38;2;63;110;83m▄[0m                   
                [38;2;54;54;46m[48;2;5;4;3m▀[0m[38;2;229;234;193m[48;2;229;234;191m▀[0m[38;2;231;231;204m[48;2;148;83;105m▀[0m[38;2;229;234;191m[48;2;227;232;191m▀[0m[38;2;74;148;87m▄[0m                   
                 [38;2;148;144;125m[48;2;64;110;83m▀[0m[38;2;69;147;81m[48;2;63;110;83m▀[0m[38;2;65;136;79m▀[0m                    
  [38;2;166;175;120m▄[0m             [38;2;39;76;64m▄[0m[38;2;63;109;82m[48;2;65;138;76m▀[0m[38;2;61;110;82m[48;2;66;138;77m▀[0m[38;2;75;146;83m▄[0m                    
 [38;2;124;142;66m▄[0m[38;2;189;201;127m[48;2;160;172;96m▀[0m[38;2;206;216;147m[48;2;190;201;120m▀[0m[38;2;76;82;54m[48;2;193;205;125m▀[0m        [38;2;54;82;36m▄[0m[38;2;45;82;63m▄[0m[38;2;45;89;76m[48;2;45;89;76m▀[0m[38;2;98;149;93m[48;2;73;143;80m▀[0m[38;2;200;201;182m[48;2;67;58;43m▀[0m[38;2;111;164;107m[48;2;101;155;97m▀[0m[38;2;119;175;115m[48;2;9;13;6m▀[0m[38;2;112;165;109m[48;2;79;147;82m▀[0m[38;2;69;144;81m▄[0m[38;2;120;164;91m▄[0m[38;2;116;141;64m▄[0m          [38;2;192;204;137m▄[0m [38;2;199;209;141m[48;2;191;204;132m▀[0m[38;2;26;30;17m▀[0m  
 [38;2;38;44;23m▀[0m[38;2;175;193;95m[48;2;69;144;67m▀[0m[38;2;164;186;95m[48;2;66;136;80m▀[0m[38;2;168;188;103m[48;2;66;138;77m▀[0m[38;2;175;193;99m▄[0m      [38;2;97;118;65m[48;2;1;3;1m▀[0m[38;2;64;113;81m[48;2;62;110;83m▀[0m[38;2;63;109;83m[48;2;63;110;83m▀[0m[38;2;45;90;77m[48;2;61;109;83m▀[0m[38;2;232;235;199m[48;2;128;100;55m▀[0m[38;2;208;178;127m[48;2;194;153;83m▀[0m[38;2;230;233;203m[48;2;193;153;84m▀[0m[38;2;228;232;190m[48;2;229;233;191m▀[0m[38;2;67;138;77m[48;2;65;115;71m▀[0m[38;2;66;138;78m[48;2;67;140;81m▀[0m[38;2;66;136;80m[48;2;66;137;81m▀[0m[38;2;57;120;62m[48;2;57;120;57m▀[0m[38;2;165;188;92m▄[0m         [38;2;180;195;117m[48;2;174;193;101m▀[0m[38;2;184;198;120m[48;2;159;183;94m▀[0m[38;2;171;190;96m[48;2;173;196;97m▀[0m[38;2;169;188;93m▄[0m  
  [38;2;3;8;5m[48;2;167;188;93m▀[0m[38;2;65;138;75m[48;2;137;160;81m▀[0m[38;2;66;136;78m[48;2;66;137;79m▀[0m[38;2;171;190;94m[48;2;66;140;71m▀[0m[38;2;25;49;22m▄[0m[38;2;136;158;80m▄[0m[38;2;174;192;101m▄[0m[38;2;156;181;92m▄[0m[38;2;167;187;92m[48;2;64;118;80m▀[0m[38;2;64;116;75m[48;2;60;107;82m▀[0m[38;2;54;103;82m[48;2;57;106;82m▀[0m[38;2;82;76;77m[48;2;73;67;68m▀[0m[38;2;99;93;94m[48;2;75;69;70m▀[0m[38;2;40;34;37m[48;2;64;58;59m▀[0m[38;2;88;94;78m▀[0m[38;2;166;127;73m[48;2;140;108;70m▀[0m[38;2;141;110;70m[48;2;140;109;70m▀[0m[38;2;44;45;39m▀[0m[38;2;15;30;14m[48;2;54;48;49m▀[0m[38;2;78;72;73m[48;2;74;68;69m▀[0m[38;2;99;93;94m[48;2;95;89;90m▀[0m[38;2;65;138;76m[48;2;66;138;77m▀[0m[38;2;66;137;78m[48;2;66;136;80m▀[0m[38;2;68;146;66m[48;2;53;111;52m▀[0m[38;2;160;184;91m▄[0m[38;2;1;1;0m▄[0m   [38;2;158;181;88m▄[0m[38;2;123;137;80m[48;2;75;146;69m▀[0m[38;2;15;30;15m[48;2;44;85;49m▀[0m[38;2;65;140;72m[48;2;65;136;79m▀[0m[38;2;67;144;67m[48;2;66;137;78m▀[0m[38;2;162;185;93m[48;2;65;141;68m▀[0m[38;2;157;181;91m▀[0m  
   [38;2;42;38;35m[48;2;99;93;94m▀[0m[38;2;92;87;87m[48;2;84;78;79m▀[0m[38;2;65;130;86m[48;2;43;29;36m▀[0m[38;2;65;134;79m[48;2;64;110;83m▀[0m[38;2;152;181;91m[48;2;63;111;83m▀[0m[38;2;109;161;78m[48;2;61;109;83m▀[0m[38;2;66;114;84m[48;2;23;32;27m▀[0m[38;2;62;110;83m[48;2;63;112;84m▀[0m[38;2;57;105;82m[48;2;61;109;82m▀[0m[38;2;55;104;82m[48;2;103;134;95m▀[0m[38;2;54;48;49m▀[0m[38;2;54;48;49m[48;2;11;5;7m▀[0m[38;2;35;28;31m▀[0m  [38;2;138;106;69m[48;2;141;110;71m▀[0m [38;2;60;54;55m▀[0m[38;2;51;46;47m▀[0m[38;2;63;57;58m▀[0m[38;2;64;111;83m[48;2;63;112;77m▀[0m[38;2;65;138;75m[48;2;66;114;77m▀[0m[38;2;65;138;76m[48;2;65;139;75m▀[0m[38;2;66;138;78m[48;2;66;137;78m▀[0m[38;2;66;136;78m[48;2;65;134;80m▀[0m[38;2;168;188;92m[48;2;66;138;77m▀[0m[38;2;168;187;92m[48;2;66;134;81m▀[0m[38;2;158;184;92m[48;2;66;137;77m▀[0m[38;2;153;180;89m[48;2;65;138;76m▀[0m[38;2;65;139;73m[48;2;65;139;76m▀[0m[38;2;65;137;76m[48;2;98;92;93m▀[0m[38;2;66;136;80m[48;2;96;90;91m▀[0m[38;2;32;54;28m[48;2;84;150;77m▀[0m[38;2;176;194;107m▀[0m   
  [38;2;49;43;45m▀[0m[38;2;79;73;74m[48;2;43;37;38m▀[0m[38;2;74;68;69m[48;2;58;52;53m▀[0m[38;2;44;71;34m[48;2;144;162;102m▀[0m[38;2;57;105;83m[48;2;111;140;96m▀[0m[38;2;54;103;82m[48;2;56;106;82m▀[0m[38;2;62;49;55m[48;2;68;62;63m▀[0m[38;2;97;91;92m[48;2;73;67;68m▀[0m[38;2;72;66;67m[48;2;55;49;50m▀[0m [38;2;134;153;98m▀[0m     [38;2;192;153;87m[48;2;170;135;76m▀[0m     [38;2;127;151;93m[48;2;34;40;22m▀[0m[38;2;15;32;21m▀[0m[38;2;53;38;45m[48;2;74;68;69m▀[0m[38;2;99;93;94m[48;2;99;93;94m▀[0m[38;2;28;23;22m[48;2;92;86;87m▀[0m[38;2;66;133;81m[48;2;62;110;83m▀[0m[38;2;66;132;83m[48;2;63;111;83m▀[0m[38;2;65;138;75m[48;2;55;99;72m▀[0m[38;2;57;41;50m[48;2;37;31;34m▀[0m[38;2;78;72;73m[48;2;64;58;59m▀[0m[38;2;99;93;94m[48;2;65;59;60m▀[0m[38;2;5;1;5m▄[0m    
       [38;2;142;164;93m▀[0m[38;2;52;46;48m▀[0m[38;2;65;59;60m▀[0m[38;2;55;49;51m▀[0m      [38;2;191;149;78m▄[0m[38;2;191;148;77m[48;2;191;149;78m▀[0m[38;2;191;149;79m[48;2;198;160;94m▀[0m[38;2;184;143;75m▄[0m     [38;2;62;56;57m[48;2;33;28;29m▀[0m[38;2;75;69;70m[48;2;54;48;49m▀[0m[38;2;74;68;69m▀[0m [38;2;67;118;87m▀[0m[38;2;85;124;91m▀[0m[38;2;131;154;94m▀[0m[38;2;35;29;31m▀[0m[38;2;46;39;40m▀[0m     
               [38;2;191;149;78m▄[0m[38;2;138;102;55m[48;2;138;105;68m▀[0m[38;2;140;106;69m[48;2;109;92;66m▀[0m[38;2;39;40;34m[48;2;24;23;21m▀[0m[38;2;191;149;82m[48;2;185;142;76m▀[0m[38;2;71;55;38m[48;2;206;173;115m▀[0m[38;2;112;85;53m[48;2;142;110;70m▀[0m[38;2;142;110;71m▄[0m                 
            [38;2;105;80;52m▄[0m[38;2;15;10;6m▄[0m[38;2;135;103;67m▀[0m[38;2;141;108;70m▀[0m[38;2;91;76;55m▀[0m  [38;2;101;100;85m▄[0m[38;2;191;149;78m▀[0m[38;2;213;180;124m[48;2;206;175;124m▀[0m[38;2;115;97;68m▄[0m[38;2;140;108;69m▀[0m                
                                        
                                        
                                        
