                                        
                                        
                                        
                                        
                   [38;2;251;250;250m▄[0m[38;2;251;250;250m▄[0m[38;2;251;250;250m▄[0m[38;2;251;250;250m▄[0m[38;2;254;254;254m▄[0m[38;2;130;130;131m▄[0m               
                  [38;2;255;254;254m▄[0m[38;2;251;250;250m[48;2;251;250;250m▀[0m[38;2;251;250;250m[48;2;251;250;250m▀[0m[38;2;251;250;250m[48;2;251;250;250m▀[0m[38;2;251;250;250m[48;2;251;250;250m▀[0m[38;2;250;249;249m[48;2;250;249;249m▀[0m[38;2;250;249;249m[48;2;250;249;249m▀[0m[38;2;250;249;249m[48;2;250;249;249m▀[0m[38;2;250;249;249m[48;2;250;249;249m▀[0m[38;2;103;104;105m[48;2;131;133;133m▀[0m[38;2;177;163;161m▄[0m           
               [38;2;205;167;148m▄[0m[38;2;204;167;148m▄[0m[38;2;205;167;148m▄[0m[38;2;251;250;250m[48;2;206;168;150m▀[0m[38;2;251;250;250m[48;2;190;142;122m▀[0m[38;2;251;250;250m[48;2;250;249;249m▀[0m[38;2;251;250;250m[48;2;250;249;249m▀[0m[38;2;250;249;249m[48;2;250;249;249m▀[0m[38;2;250;249;249m[48;2;250;249;249m▀[0m[38;2;250;249;249m[48;2;250;249;249m▀[0m[38;2;250;249;249m[48;2;250;249;249m▀[0m[38;2;148;135;133m[48;2;163;152;150m▀[0m[38;2;164;153;151m[48;2;165;153;151m▀[0m[38;2;164;152;150m[48;2;163;152;150m▀[0m[38;2;164;152;150m▄[0m          
             [38;2;203;164;146m▄[0m[38;2;27;20;17m[48;2;206;168;149m▀[0m[38;2;205;167;148m[48;2;204;165;146m▀[0m[38;2;205;167;148m[48;2;204;165;147m▀[0m[38;2;204;166;147m[48;2;191;145;124m▀[0m[38;2;191;145;124m[48;2;190;144;123m▀[0m[38;2;171;126;109m[48;2;191;144;123m▀[0m[38;2;119;120;121m[48;2;191;144;123m▀[0m[38;2;250;249;249m[48;2;75;76;76m▀[0m[38;2;250;249;249m[48;2;251;251;250m▀[0m[38;2;250;249;249m[48;2;250;249;249m▀[0m[38;2;250;249;249m[48;2;250;249;249m▀[0m[38;2;170;156;154m[48;2;164;152;150m▀[0m[38;2;163;152;150m[48;2;165;154;152m▀[0m[38;2;165;153;151m[48;2;168;156;154m▀[0m[38;2;167;155;153m[48;2;167;154;152m▀[0m[38;2;166;155;153m[48;2;165;154;152m▀[0m[38;2;163;152;150m[48;2;164;152;150m▀[0m         
          [38;2;212;207;201m▄[0m[38;2;233;219;212m▄[0m[38;2;206;167;148m[48;2;234;220;213m▀[0m[38;2;205;167;149m[48;2;234;220;213m▀[0m[38;2;177;142;125m[48;2;234;220;213m▀[0m[38;2;106;85;76m[48;2;234;220;213m▀[0m[38;2;48;36;32m[48;2;233;219;212m▀[0m[38;2;154;118;101m[48;2;234;220;213m▀[0m[38;2;190;144;123m[48;2;227;207;199m▀[0m[38;2;191;144;123m[48;2;162;137;131m▀[0m[38;2;191;144;123m[48;2;119;89;77m▀[0m[38;2;192;146;124m[48;2;190;144;123m▀[0m[38;2;191;145;124m[48;2;191;145;124m▀[0m[38;2;191;145;125m[48;2;191;144;123m▀[0m[38;2;166;121;105m[48;2;192;146;125m▀[0m[38;2;168;156;155m[48;2;133;96;87m▀[0m[38;2;167;155;153m[48;2;133;96;87m▀[0m[38;2;164;152;150m[48;2;172;161;160m▀[0m[38;2;166;155;153m[48;2;186;176;175m▀[0m[38;2;170;158;157m[48;2;183;173;172m▀[0m[38;2;93;93;92m▀[0m         
        [38;2;227;207;199m▄[0m[38;2;233;219;212m[48;2;233;219;212m▀[0m[38;2;233;219;212m[48;2;233;218;212m▀[0m[38;2;234;220;213m[48;2;233;218;212m▀[0m[38;2;233;219;213m[48;2;233;218;212m▀[0m[38;2;234;220;213m[48;2;234;220;213m▀[0m[38;2;233;218;212m[48;2;234;220;213m▀[0m[38;2;234;219;213m[48;2;234;220;213m▀[0m[38;2;233;218;212m[48;2;233;219;213m▀[0m[38;2;234;220;213m[48;2;234;219;213m▀[0m[38;2;229;211;202m[48;2;228;209;200m▀[0m[38;2;231;211;202m[48;2;227;208;199m▀[0m[38;2;162;136;131m[48;2;163;138;133m▀[0m[38;2;131;94;86m[48;2;162;137;131m▀[0m[38;2;194;147;125m[48;2;164;140;134m▀[0m[38;2;191;145;123m[48;2;123;86;78m▀[0m[38;2;191;144;123m[48;2;191;145;124m▀[0m[38;2;133;96;87m[48;2;132;96;87m▀[0m[38;2;131;95;86m[48;2;130;94;86m▀[0m[38;2;130;94;86m[48;2;130;94;86m▀[0m[38;2;27;20;18m[48;2;130;94;86m▀[0m[38;2;141;138;137m[48;2;131;95;86m▀[0m          
       [38;2;228;208;200m▄[0m[38;2;227;207;198m[48;2;227;207;199m▀[0m[38;2;233;218;212m[48;2;231;215;208m▀[0m[38;2;233;218;212m[48;2;204;167;148m▀[0m[38;2;233;218;212m[48;2;204;167;148m▀[0m[38;2;233;218;212m[48;2;205;167;148m▀[0m[38;2;234;220;213m[48;2;204;167;148m▀[0m[38;2;234;220;213m[48;2;205;167;149m▀[0m[38;2;233;218;212m[48;2;205;168;149m▀[0m[38;2;234;219;213m[48;2;199;157;137m▀[0m[38;2;228;209;201m[48;2;192;147;125m▀[0m[38;2;227;207;199m[48;2;193;148;127m▀[0m[38;2;227;207;198m[48;2;227;208;199m▀[0m[38;2;228;208;200m[48;2;227;208;200m▀[0m[38;2;162;137;131m[48;2;193;169;161m▀[0m[38;2;164;139;133m[48;2;166;141;135m▀[0m[38;2;164;139;133m[48;2;182;159;152m▀[0m[38;2;227;208;199m[48;2;227;208;200m▀[0m[38;2;228;208;200m[48;2;228;208;200m▀[0m[38;2;158;133;128m[48;2;229;209;201m▀[0m[38;2;129;90;81m[48;2;165;140;135m▀[0m[38;2;133;97;88m[48;2;164;140;135m▀[0m[38;2;132;95;87m[48;2;139;105;97m▀[0m          
      [38;2;40;34;33m▄[0m[38;2;227;208;199m[48;2;191;144;123m▀[0m[38;2;191;144;123m[48;2;192;147;125m▀[0m[38;2;205;167;148m[48;2;205;166;147m▀[0m[38;2;205;168;150m[48;2;206;169;151m▀[0m[38;2;206;169;150m[48;2;205;167;148m▀[0m[38;2;205;167;148m[48;2;204;166;148m▀[0m[38;2;205;166;148m[48;2;204;167;148m▀[0m[38;2;205;167;149m[48;2;206;169;151m▀[0m[38;2;195;151;130m[48;2;195;151;131m▀[0m[38;2;191;145;123m[48;2;192;147;125m▀[0m[38;2;192;146;125m[48;2;192;146;125m▀[0m[38;2;191;145;124m[48;2;191;146;125m▀[0m[38;2;192;147;125m[48;2;191;145;124m▀[0m[38;2;229;209;200m[48;2;193;148;127m▀[0m[38;2;228;209;201m[48;2;193;148;127m▀[0m[38;2;163;138;133m[48;2;153;124;117m▀[0m[38;2;229;209;201m[48;2;229;211;203m▀[0m[38;2;228;209;200m[48;2;228;209;201m▀[0m[38;2;228;209;201m[48;2;228;209;201m▀[0m[38;2;228;209;201m[48;2;228;209;201m▀[0m[38;2;164;139;134m[48;2;163;137;132m▀[0m[38;2;165;140;134m[48;2;166;140;134m▀[0m[38;2;165;140;135m[48;2;162;137;132m▀[0m[38;2;43;36;35m[48;2;165;140;134m▀[0m         
      [38;2;187;142;121m[48;2;179;135;116m▀[0m[38;2;191;145;124m[48;2;191;145;123m▀[0m[38;2;35;24;21m[48;2;191;145;124m▀[0m[38;2;210;172;152m[48;2;191;145;124m▀[0m[38;2;206;169;150m[48;2;207;170;150m▀[0m[38;2;205;168;149m[48;2;43;30;27m▀[0m[38;2;204;167;148m[48;2;134;98;89m▀[0m[38;2;204;166;148m[48;2;130;94;86m▀[0m[38;2;215;177;158m[48;2;134;98;89m▀[0m[38;2;62;43;39m[48;2;135;98;89m▀[0m[38;2;160;121;104m[48;2;135;99;89m▀[0m[38;2;192;146;124m[48;2;134;98;88m▀[0m[38;2;192;146;125m[48;2;133;97;88m▀[0m[38;2;192;146;125m[48;2;105;79;68m▀[0m[38;2;193;148;126m[48;2;193;147;126m▀[0m[38;2;192;146;125m[48;2;152;110;97m▀[0m[38;2;190;144;124m[48;2;192;146;125m▀[0m[38;2;191;145;124m[48;2;193;147;126m▀[0m[38;2;193;148;127m[48;2;192;146;126m▀[0m[38;2;193;148;127m[48;2;191;146;125m▀[0m[38;2;230;211;203m[48;2;193;148;127m▀[0m[38;2;164;139;134m[48;2;131;95;86m▀[0m[38;2;164;138;133m[48;2;162;137;131m▀[0m[38;2;162;137;132m[48;2;165;140;135m▀[0m[38;2;162;137;131m[48;2;167;142;137m▀[0m[38;2;169;146;139m[48;2;169;145;140m▀[0m        
      [38;2;121;90;77m[48;2;0;0;0m▀[0m[38;2;192;146;125m[48;2;191;145;123m▀[0m[38;2;191;145;124m[48;2;131;95;86m▀[0m[38;2;134;97;88m[48;2;131;95;86m▀[0m[38;2;132;96;87m[48;2;78;56;50m▀[0m[38;2;134;97;88m[48;2;132;95;86m▀[0m[38;2;136;100;90m[48;2;135;99;89m▀[0m[38;2;133;97;88m[48;2;132;96;87m▀[0m[38;2;130;94;86m[48;2;134;97;88m▀[0m[38;2;130;94;86m[48;2;130;94;86m▀[0m[38;2;135;99;89m[48;2;130;94;86m▀[0m[38;2;130;94;86m[48;2;130;94;86m▀[0m[38;2;134;97;88m[48;2;135;99;89m▀[0m[38;2;135;99;89m[48;2;133;96;87m▀[0m[38;2;135;99;89m[48;2;159;117;106m▀[0m[38;2;100;72;67m[48;2;132;95;87m▀[0m[38;2;192;147;125m[48;2;134;98;89m▀[0m[38;2;193;148;127m[48;2;193;148;127m▀[0m[38;2;192;147;126m[48;2;192;145;124m▀[0m[38;2;191;145;124m[48;2;193;147;126m▀[0m[38;2;192;146;125m[48;2;166;123;107m▀[0m[38;2;132;96;87m[48;2;131;94;86m▀[0m[38;2;135;99;89m[48;2;135;99;89m▀[0m[38;2;136;99;90m[48;2;136;100;91m▀[0m[38;2;170;147;141m[48;2;141;104;94m▀[0m[38;2;169;145;140m[48;2;150;119;112m▀[0m        
       [38;2;142;103;92m[48;2;130;94;85m▀[0m[38;2;134;96;87m[48;2;130;94;86m▀[0m[38;2;131;95;86m[48;2;135;98;89m▀[0m[38;2;132;95;86m[48;2;131;94;86m▀[0m[38;2;7;5;4m[48;2;111;83;77m▀[0m[38;2;129;94;86m[48;2;46;55;58m▀[0m[38;2;133;97;88m[48;2;241;139;54m▀[0m[38;2;169;122;110m[48;2;164;152;150m▀[0m[38;2;142;133;132m[48;2;116;111;110m▀[0m[38;2;246;142;51m[48;2;241;137;51m▀[0m[38;2;222;135;53m[48;2;208;125;56m▀[0m[38;2;167;155;153m[48;2;194;185;183m▀[0m[38;2;96;96;96m[48;2;106;106;107m▀[0m[38;2;116;85;79m[48;2;168;155;153m▀[0m[38;2;134;97;89m[48;2;132;95;86m▀[0m[38;2;134;98;88m[48;2;133;96;88m▀[0m[38;2;132;96;87m[48;2;133;96;87m▀[0m[38;2;80;60;52m[48;2;113;84;79m▀[0m[38;2;205;156;134m[48;2;109;81;76m▀[0m[38;2;129;93;85m[48;2;108;80;75m▀[0m[38;2;131;95;86m[48;2;108;80;76m▀[0m[38;2;134;98;88m[48;2;112;83;77m▀[0m[38;2;137;101;92m[48;2;107;79;75m▀[0m[38;2;138;102;93m[48;2;111;82;77m▀[0m[38;2;140;103;94m▀[0m        
        [38;2;143;104;93m▀[0m[38;2;130;94;86m[48;2;30;21;19m▀[0m[38;2;135;99;89m[48;2;164;152;150m▀[0m[38;2;163;151;150m[48;2;216;210;208m▀[0m[38;2;50;55;58m[48;2;71;72;72m▀[0m[38;2;241;140;56m[48;2;122;85;77m▀[0m[38;2;212;205;203m[48;2;250;249;249m▀[0m[38;2;121;121;122m[48;2;116;116;117m▀[0m[38;2;241;139;54m[48;2;98;83;78m▀[0m[38;2;170;123;85m[48;2;122;116;115m▀[0m[38;2;250;249;249m[48;2;250;249;249m▀[0m[38;2;125;122;122m[48;2;112;111;111m▀[0m[38;2;167;155;153m[48;2;165;154;152m▀[0m[38;2;135;99;89m[48;2;163;152;150m▀[0m[38;2;133;97;88m[48;2;134;97;88m▀[0m[38;2;132;95;86m[48;2;108;81;76m▀[0m[38;2;111;82;77m[48;2;107;80;75m▀[0m[38;2;110;82;77m[48;2;110;82;76m▀[0m[38;2;107;79;75m[48;2;109;81;76m▀[0m[38;2;108;80;76m[48;2;107;80;75m▀[0m[38;2;110;81;77m[48;2;110;82;77m▀[0m[38;2;109;81;76m[48;2;32;23;21m▀[0m          
          [38;2;250;249;249m[48;2;250;249;249m▀[0m[38;2;250;249;249m[48;2;250;249;249m▀[0m[38;2;250;249;249m[48;2;250;249;249m▀[0m[38;2;250;249;249m[48;2;250;249;249m▀[0m[38;2;250;249;249m[48;2;250;249;249m▀[0m[38;2;250;249;249m[48;2;250;249;249m▀[0m[38;2;250;249;249m[48;2;250;249;249m▀[0m[38;2;250;249;249m[48;2;250;249;249m▀[0m[38;2;250;249;249m[48;2;250;249;249m▀[0m[38;2;114;110;109m[48;2;141;133;132m▀[0m[38;2;165;153;151m[48;2;164;152;150m▀[0m[38;2;165;153;151m[48;2;165;153;151m▀[0m[38;2;64;60;59m[48;2;164;152;150m▀[0m[38;2;106;79;75m[48;2;164;152;150m▀[0m[38;2;110;82;76m[48;2;165;153;151m▀[0m[38;2;107;79;75m[48;2;170;162;160m▀[0m[38;2;109;81;76m▀[0m[38;2;118;87;83m▀[0m            
                   [38;2;88;88;88m▀[0m                    
                                        
                                        
