                                        
                     [38;2;154;112;178m▄[0m [38;2;44;115;186m▄[0m                
                   [38;2;160;42;34m▄[0m[38;2;219;90;150m[48;2;232;145;186m▀[0m[38;2;183;98;162m[48;2;230;144;184m▀[0m[38;2;114;117;181m[48;2;217;89;155m▀[0m[38;2;49;77;155m[48;2;217;85;154m▀[0m                
                  [38;2;219;50;38m[48;2;231;44;34m▀[0m[38;2;233;69;51m[48;2;232;56;40m▀[0m[38;2;234;90;69m[48;2;232;55;40m▀[0m[38;2;234;109;118m[48;2;234;90;69m▀[0m[38;2;217;80;145m[48;2;234;90;72m▀[0m[38;2;193;69;100m[48;2;230;49;47m▀[0m[38;2;232;43;34m▄[0m               
               [38;2;150;78;66m▄[0m[38;2;149;78;66m▄[0m[38;2;150;78;66m▄[0m[38;2;208;44;35m[48;2;151;78;66m▀[0m[38;2;231;44;34m▀[0m[38;2;230;44;34m[48;2;212;43;35m▀[0m[38;2;230;48;37m[48;2;230;44;34m▀[0m[38;2;231;53;39m▀[0m[38;2;231;44;35m[48;2;233;84;65m▀[0m[38;2;231;44;34m[48;2;233;86;68m▀[0m               
             [38;2;51;50;50m▄[0m[38;2;85;76;74m[48;2;87;77;75m▀[0m[38;2;86;78;76m[48;2;86;77;74m▀[0m[38;2;86;78;75m[48;2;86;77;74m▀[0m[38;2;149;78;66m[48;2;86;77;75m▀[0m[38;2;149;78;66m[48;2;84;77;74m▀[0m[38;2;149;78;66m[48;2;149;78;66m▀[0m[38;2;217;40;31m[48;2;228;43;35m▀[0m[38;2;231;44;34m[48;2;229;43;35m▀[0m[38;2;229;43;35m▄[0m[38;2;232;45;34m▄[0m                
            [38;2;52;50;50m[48;2;51;49;50m▀[0m[38;2;51;50;49m[48;2;51;50;50m▀[0m[38;2;67;61;59m[48;2;51;50;49m▀[0m[38;2;86;77;75m[48;2;63;59;58m▀[0m[38;2;86;77;75m[48;2;86;78;75m▀[0m[38;2;86;78;75m[48;2;86;78;76m▀[0m[38;2;86;77;75m[48;2;86;78;76m▀[0m[38;2;229;43;34m[48;2;230;44;34m▀[0m[38;2;228;44;34m[48;2;235;98;66m▀[0m[38;2;73;45;7m[48;2;233;98;65m▀[0m[38;2;241;143;26m[48;2;72;23;23m▀[0m[38;2;231;44;34m[48;2;240;143;26m▀[0m[38;2;238;45;35m[48;2;239;143;26m▀[0m               
           [38;2;46;44;44m▄[0m[38;2;51;49;49m[48;2;52;50;51m▀[0m[38;2;53;52;52m[48;2;24;25;31m▀[0m[38;2;52;51;51m[48;2;24;25;29m▀[0m[38;2;53;51;51m[48;2;52;50;50m▀[0m[38;2;52;50;51m[48;2;52;50;50m▀[0m[38;2;51;50;50m[48;2;51;50;50m▀[0m[38;2;228;43;34m[48;2;19;92;168m▀[0m[38;2;33;32;31m[48;2;51;50;49m▀[0m[38;2;52;50;50m[48;2;51;50;50m▀[0m[38;2;91;47;46m[48;2;52;50;50m▀[0m[38;2;128;42;43m[48;2;128;42;43m▀[0m[38;2;87;27;29m[48;2;128;42;42m▀[0m[38;2;241;144;25m[48;2;239;144;24m▀[0m[38;2;144;26;21m[48;2;233;44;36m▀[0m              
           [38;2;16;17;21m▀[0m[38;2;28;27;26m[48;2;51;50;50m▀[0m[38;2;24;25;30m[48;2;51;50;49m▀[0m[38;2;22;22;26m[48;2;50;49;49m▀[0m[38;2;51;49;49m[48;2;51;49;49m▀[0m[38;2;51;50;50m[48;2;51;50;50m▀[0m[38;2;22;115;207m[48;2;31;136;236m▀[0m[38;2;50;48;46m[48;2;47;150;250m▀[0m[38;2;51;50;50m[48;2;52;50;50m▀[0m[38;2;52;50;50m[48;2;52;50;50m▀[0m[38;2;51;50;50m[48;2;51;49;49m▀[0m[38;2;64;59;59m[48;2;51;50;50m▀[0m[38;2;130;42;43m[48;2;128;42;42m▀[0m[38;2;249;149;26m[48;2;242;145;25m▀[0m[38;2;242;145;25m▀[0m              
            [38;2;24;25;29m[48;2;21;22;26m▀[0m[38;2;50;49;49m[48;2;20;17;17m▀[0m[38;2;50;49;49m[48;2;51;49;49m▀[0m[38;2;51;50;50m[48;2;51;50;49m▀[0m[38;2;52;50;50m[48;2;51;49;48m▀[0m[38;2;51;50;50m[48;2;94;214;239m▀[0m[38;2;31;135;235m[48;2;31;135;235m▀[0m[38;2;252;252;252m[48;2;255;255;255m▀[0m[38;2;51;50;49m[48;2;24;25;30m▀[0m[38;2;52;50;51m[48;2;237;140;27m▀[0m[38;2;46;50;49m[48;2;237;140;26m▀[0m[38;2;117;38;39m[48;2;237;140;27m▀[0m[38;2;238;141;27m[48;2;45;26;4m▀[0m               
             [38;2;51;50;49m▀[0m[38;2;51;50;49m▀[0m[38;2;45;42;43m[48;2;22;23;28m▀[0m[38;2;24;25;29m[48;2;22;24;29m▀[0m[38;2;43;153;252m[48;2;24;25;29m▀[0m[38;2;59;158;255m[48;2;23;24;29m▀[0m[38;2;207;207;206m[48;2;240;142;25m▀[0m[38;2;33;19;3m[48;2;240;142;25m▀[0m[38;2;239;141;26m[48;2;176;101;42m▀[0m[38;2;239;142;25m[48;2;212;126;23m▀[0m[38;2;161;94;37m[48;2;240;150;36m▀[0m[38;2;246;181;73m[48;2;244;166;54m▀[0m[38;2;249;190;79m[48;2;243;160;45m▀[0m[38;2;242;145;25m▄[0m[38;2;239;142;25m[48;2;241;143;25m▀[0m            
                 [38;2;116;65;29m▀[0m[38;2;184;105;46m[48;2;160;94;48m▀[0m[38;2;104;60;28m[48;2;178;45;45m▀[0m[38;2;172;44;44m[48;2;104;27;27m▀[0m[38;2;165;42;42m[48;2;74;20;18m▀[0m[38;2;98;38;12m[48;2;240;142;26m▀[0m[38;2;242;145;27m[48;2;243;166;56m▀[0m[38;2;241;144;25m[48;2;238;142;26m▀[0m[38;2;246;179;71m[48;2;207;128;47m▀[0m              
              [38;2;78;20;20m▄[0m[38;2;179;46;46m▄[0m[38;2;208;39;30m▄[0m[38;2;11;13;14m[48;2;25;35;40m▀[0m[38;2;242;145;25m[48;2;235;139;27m▀[0m[38;2;237;141;26m[48;2;228;44;35m▀[0m[38;2;108;18;14m[48;2;197;38;31m▀[0m[38;2;50;49;49m[48;2;165;32;25m▀[0m[38;2;50;49;49m[48;2;137;25;19m▀[0m[38;2;51;50;49m[48;2;87;47;46m▀[0m[38;2;145;42;41m▄[0m               
              [38;2;105;26;26m▀[0m[38;2;169;44;44m▀[0m[38;2;227;43;34m▀[0m[38;2;149;27;21m[48;2;52;51;51m▀[0m[38;2;227;43;34m[48;2;52;50;51m▀[0m[38;2;114;21;16m[48;2;52;51;51m▀[0m[38;2;231;44;34m[48;2;232;44;34m▀[0m[38;2;174;43;44m[48;2;231;44;34m▀[0m[38;2;231;44;35m▀[0m[38;2;124;42;42m▀[0m[38;2;231;44;34m[48;2;238;45;36m▀[0m[38;2;231;44;34m[48;2;231;44;34m▀[0m[38;2;40;7;5m▀[0m             
                [38;2;25;35;40m[48;2;24;34;39m▀[0m[38;2;25;35;40m[48;2;24;34;40m▀[0m[38;2;55;53;53m▀[0m[38;2;52;51;51m[48;2;51;50;50m▀[0m[38;2;52;50;51m[48;2;64;60;60m▀[0m                   
               [38;2;38;40;41m[48;2;33;36;36m▀[0m[38;2;36;40;42m[48;2;37;40;41m▀[0m[38;2;7;5;7m[48;2;38;41;41m▀[0m [38;2;51;50;50m[48;2;51;49;49m▀[0m[38;2;63;60;59m[48;2;52;51;51m▀[0m[38;2;53;51;51m▄[0m                  
                [38;2;95;39;43m[48;2;194;44;41m▀[0m[38;2;114;39;43m[48;2;229;44;34m▀[0m[38;2;217;41;32m▄[0m [38;2;26;35;40m[48;2;127;42;43m▀[0m[38;2;79;72;71m[48;2;126;41;42m▀[0m[38;2;52;50;50m[48;2;130;48;46m▀[0m                 
                [38;2;229;43;34m▀[0m[38;2;231;44;34m▀[0m[38;2;104;21;16m▀[0m [38;2;191;39;31m▀[0m[38;2;154;42;40m[48;2;229;45;35m▀[0m[38;2;239;91;59m[48;2;234;90;59m▀[0m[38;2;232;76;50m[48;2;235;98;65m▀[0m                
                     [38;2;251;47;37m▀[0m[38;2;235;98;66m▀[0m[38;2;233;97;65m▀[0m                
                                        
