                   [38;2;234;94;51m▄[0m[38;2;242;93;47m▄[0m                   
                  [38;2;233;94;51m[48;2;233;95;52m▀[0m[38;2;233;93;50m[48;2;229;41;19m▀[0m[38;2;229;44;21m[48;2;229;34;19m▀[0m[38;2;229;34;18m[48;2;229;35;19m▀[0m[38;2;229;35;19m▄[0m                 
              [38;2;154;34;35m▄[0m[38;2;239;180;58m▄[0m[38;2;238;175;174m▄[0m[38;2;229;49;25m[48;2;240;182;33m▀[0m[38;2;241;191;69m[48;2;239;181;26m▀[0m[38;2;238;170;32m[48;2;229;34;19m▀[0m[38;2;229;36;18m[48;2;229;34;19m▀[0m[38;2;234;96;53m▀[0m[38;2;234;96;53m▀[0m                 
              [38;2;179;66;31m▀[0m  [38;2;239;181;26m▀[0m[38;2;93;47;25m▄[0m[38;2;235;34;17m[48;2;154;88;73m▀[0m[38;2;71;53;8m[48;2;254;61;28m▀[0m[38;2;153;88;73m[48;2;96;87;84m▀[0m[38;2;147;77;65m[48;2;99;90;87m▀[0m[38;2;49;51;51m▄[0m                
           [38;2;188;129;22m▄[0m[38;2;247;243;122m▄[0m[38;2;239;228;47m[48;2;247;241;113m▀[0m[38;2;241;234;55m[48;2;213;196;44m▀[0m[38;2;240;235;57m[48;2;241;235;58m▀[0m[38;2;234;227;57m[48;2;240;235;59m▀[0m[38;2;189;145;9m▄[0m[38;2;124;40;41m[48;2;125;42;42m▀[0m[38;2;92;85;82m[48;2;52;51;51m▀[0m[38;2;95;86;83m[48;2;75;70;70m▀[0m[38;2;96;87;84m[48;2;100;92;87m▀[0m[38;2;97;88;85m[48;2;62;58;57m▀[0m[38;2;52;51;51m[48;2;215;202;32m▀[0m  [38;2;229;189;7m▄[0m[38;2;245;240;120m▄[0m[38;2;244;235;120m▄[0m           
         [38;2;240;233;55m▄[0m[38;2;240;229;57m[48;2;241;235;58m▀[0m[38;2;243;235;117m[48;2;239;229;45m▀[0m[38;2;244;238;120m[48;2;240;230;63m▀[0m[38;2;243;236;77m[48;2;239;228;49m▀[0m[38;2;240;234;56m[48;2;240;234;57m▀[0m[38;2;240;234;57m[48;2;240;231;50m▀[0m[38;2;240;234;57m[48;2;95;48;24m▀[0m[38;2;226;185;5m▄[0m[38;2;248;189;28m[48;2;172;142;39m▀[0m[38;2;69;68;67m[48;2;14;18;3m▀[0m[38;2;54;51;51m[48;2;127;123;116m▀[0m[38;2;52;51;51m[48;2;37;36;35m▀[0m[38;2;52;51;51m[48;2;37;36;36m▀[0m[38;2;53;51;51m▀[0m[38;2;143;105;33m[48;2;232;195;6m▀[0m[38;2;222;183;9m▄[0m[38;2;224;181;2m[48;2;224;182;6m▀[0m[38;2;242;235;64m[48;2;233;217;42m▀[0m[38;2;243;237;91m[48;2;243;237;82m▀[0m[38;2;238;226;46m[48;2;239;232;54m▀[0m          
        [38;2;91;45;25m▄[0m[38;2;222;184;8m[48;2;222;183;8m▀[0m[38;2;222;183;8m[48;2;222;184;8m▀[0m[38;2;222;183;8m[48;2;224;184;8m▀[0m[38;2;241;235;58m[48;2;236;221;45m▀[0m[38;2;252;250;122m[48;2;221;182;10m▀[0m[38;2;247;245;121m[48;2;220;179;9m▀[0m[38;2;241;236;58m[48;2;225;197;28m▀[0m[38;2;240;230;49m[48;2;239;228;48m▀[0m[38;2;241;233;54m[48;2;240;231;52m▀[0m[38;2;241;231;50m[48;2;102;58;25m▀[0m[38;2;95;48;26m[48;2;226;184;7m▀[0m[38;2;120;47;48m[48;2;219;175;4m▀[0m[38;2;26;3;2m[48;2;240;229;50m▀[0m[38;2;180;153;40m[48;2;242;236;57m▀[0m[38;2;186;165;46m[48;2;140;96;18m▀[0m[38;2;196;168;34m[48;2;131;88;23m▀[0m[38;2;100;52;23m[48;2;241;233;54m▀[0m[38;2;241;235;58m[48;2;240;229;49m▀[0m[38;2;240;230;50m[48;2;241;236;59m▀[0m[38;2;246;241;130m[48;2;241;233;60m▀[0m[38;2;245;238;120m[48;2;243;233;82m▀[0m[38;2;246;241;121m[48;2;241;232;78m▀[0m         
         [38;2;221;181;11m[48;2;180;138;16m▀[0m[38;2;220;181;11m[48;2;241;235;56m▀[0m[38;2;241;234;57m[48;2;240;233;55m▀[0m[38;2;221;182;10m[48;2;241;233;55m▀[0m[38;2;221;182;9m[48;2;230;191;9m▀[0m[38;2;222;184;8m[48;2;221;181;11m▀[0m[38;2;220;179;10m[48;2;220;178;6m▀[0m[38;2;236;223;46m[48;2;219;177;6m▀[0m[38;2;239;228;49m[48;2;240;233;52m▀[0m[38;2;36;41;41m[48;2;166;39;40m▀[0m[38;2;231;195;9m[48;2;241;32;17m▀[0m[38;2;83;35;23m[48;2;242;236;61m▀[0m[38;2;220;179;8m[48;2;240;230;50m▀[0m[38;2;220;179;8m[48;2;220;178;8m▀[0m[38;2;54;40;35m[48;2;179;133;13m▀[0m[38;2;222;180;7m[48;2;117;73;26m▀[0m[38;2;240;229;49m[48;2;220;179;9m▀[0m[38;2;224;193;23m[48;2;220;179;8m▀[0m[38;2;220;178;5m[48;2;220;178;9m▀[0m[38;2;222;190;24m[48;2;222;184;8m▀[0m[38;2;146;112;34m[48;2;226;201;33m▀[0m[38;2;230;203;29m[48;2;222;184;8m▀[0m         
         [38;2;154;124;37m[48;2;114;71;26m▀[0m[38;2;222;184;9m[48;2;151;125;38m▀[0m[38;2;222;183;9m[48;2;86;40;43m▀[0m[38;2;240;232;54m[48;2;80;34;30m▀[0m[38;2;240;231;54m[48;2;81;35;31m▀[0m[38;2;91;57;28m[48;2;85;40;43m▀[0m[38;2;167;124;15m▀[0m  [38;2;237;200;10m▀[0m[38;2;191;178;39m[48;2;232;224;55m▀[0m[38;2;228;53;24m[48;2;239;227;46m▀[0m[38;2;249;246;120m[48;2;232;46;22m▀[0m[38;2;219;184;29m[48;2;213;36;25m▀[0m[38;2;134;31;40m[48;2;230;189;10m▀[0m[38;2;38;43;44m[48;2;36;40;40m▀[0m[38;2;230;189;6m[48;2;39;43;43m▀[0m[38;2;220;178;8m[48;2;188;149;19m▀[0m[38;2;227;186;7m[48;2;241;230;63m▀[0m[38;2;228;191;7m[48;2;239;228;49m▀[0m[38;2;223;193;27m[48;2;221;183;6m▀[0m[38;2;221;181;11m▀[0m         
         [38;2;73;24;24m▄[0m[38;2;114;41;42m[48;2;127;45;43m▀[0m[38;2;110;41;42m[48;2;124;42;41m▀[0m[38;2;86;40;43m[48;2;22;2;1m▀[0m[38;2;86;40;43m[48;2;207;37;28m▀[0m[38;2;24;10;12m▀[0m   [38;2;240;229;49m▄[0m[38;2;241;202;6m[48;2;241;230;49m▀[0m[38;2;161;45;43m[48;2;161;40;44m▀[0m[38;2;220;177;7m[48;2;222;186;15m▀[0m[38;2;219;177;6m[48;2;219;178;6m▀[0m[38;2;146;81;25m▄[0m[38;2;213;174;12m▄[0m[38;2;37;42;42m[48;2;86;40;42m▀[0m[38;2;202;159;8m[48;2;86;40;42m▀[0m[38;2;243;238;66m[48;2;85;40;42m▀[0m[38;2;239;226;47m[48;2;178;159;44m▀[0m[38;2;222;183;8m▀[0m          
         [38;2;145;74;63m[48;2;233;87;47m▀[0m[38;2;142;69;59m[48;2;233;89;49m▀[0m[38;2;251;41;22m[48;2;230;34;18m▀[0m[38;2;238;35;19m[48;2;137;29;24m▀[0m[38;2;228;34;18m[48;2;171;46;44m▀[0m   [38;2;194;151;9m[48;2;236;221;44m▀[0m[38;2;219;175;1m[48;2;34;33;33m▀[0m[38;2;27;34;35m[48;2;27;34;35m▀[0m[38;2;248;238;50m[48;2;251;244;72m▀[0m[38;2;240;229;49m[48;2;242;233;81m▀[0m[38;2;245;239;52m[48;2;240;229;49m▀[0m[38;2;237;197;5m[48;2;220;178;4m▀[0m[38;2;96;83;25m[48;2;22;32;36m▀[0m[38;2;86;40;43m[48;2;93;25;23m▀[0m[38;2;86;40;42m[48;2;83;39;43m▀[0m[38;2;86;40;42m[48;2;180;49;47m▀[0m            
         [38;2;158;43;41m▀[0m[38;2;156;43;41m▀[0m[38;2;164;45;43m▀[0m     [38;2;55;54;54m▄[0m[38;2;33;37;38m[48;2;46;47;47m▀[0m[38;2;26;34;34m[48;2;26;33;33m▀[0m[38;2;244;235;115m▀[0m[38;2;244;235;114m[48;2;244;236;114m▀[0m[38;2;242;232;72m▀[0m[38;2;220;180;6m[48;2;27;34;35m▀[0m[38;2;221;181;9m[48;2;102;60;25m▀[0m[38;2;156;43;41m[48;2;156;43;41m▀[0m[38;2;160;43;41m[48;2;135;37;35m▀[0m[38;2;29;5;4m▀[0m            
                [38;2;49;16;16m▄[0m[38;2;66;62;62m[48;2;125;42;42m▀[0m[38;2;53;51;51m[48;2;125;42;42m▀[0m[38;2;43;45;45m[48;2;1;1;1m▀[0m  [38;2;0;0;0m[48;2;11;13;13m▀[0m[38;2;27;34;35m[48;2;33;34;35m▀[0m[38;2;27;34;35m[48;2;65;36;40m▀[0m               
                [38;2;126;44;43m[48;2;125;42;42m▀[0m[38;2;125;42;42m[48;2;125;42;42m▀[0m[38;2;125;42;42m[48;2;128;43;43m▀[0m   [38;2;50;18;18m[48;2;44;14;14m▀[0m[38;2;72;37;41m[48;2;121;42;42m▀[0m[38;2;65;37;40m[48;2;94;40;42m▀[0m               
              [38;2;233;34;18m▄[0m[38;2;230;30;16m[48;2;230;54;26m▀[0m[38;2;228;35;19m[48;2;229;34;19m▀[0m[38;2;229;35;18m[48;2;228;35;19m▀[0m    [38;2;35;12;12m[48;2;121;41;41m▀[0m[38;2;125;42;42m[48;2;236;33;17m▀[0m[38;2;125;42;42m[48;2;229;34;18m▀[0m[38;2;56;20;5m▄[0m              
             [38;2;237;37;20m▄[0m[38;2;230;53;25m[48;2;233;84;44m▀[0m[38;2;229;36;19m[48;2;229;34;18m▀[0m[38;2;229;34;18m[48;2;229;34;19m▀[0m[38;2;234;35;19m▀[0m    [38;2;238;36;20m[48;2;235;36;20m▀[0m[38;2;228;34;19m[48;2;229;34;19m▀[0m[38;2;229;34;18m[48;2;229;34;18m▀[0m[38;2;237;36;19m[48;2;229;34;18m▀[0m              
             [38;2;230;64;32m[48;2;233;83;43m▀[0m[38;2;230;53;26m[48;2;229;37;19m▀[0m[38;2;229;34;18m[48;2;229;34;18m▀[0m[38;2;229;34;18m[48;2;229;34;18m▀[0m     [38;2;237;37;19m[48;2;234;36;19m▀[0m[38;2;227;47;23m[48;2;231;66;33m▀[0m[38;2;228;34;19m[48;2;224;36;21m▀[0m[38;2;228;34;19m[48;2;228;34;19m▀[0m              
            [38;2;0;0;0m▄[0m[38;2;232;83;43m[48;2;233;83;44m▀[0m[38;2;229;47;22m[48;2;232;75;39m▀[0m[38;2;229;34;18m[48;2;229;41;20m▀[0m[38;2;229;34;18m[48;2;233;34;19m▀[0m     [38;2;231;36;19m[48;2;238;47;23m▀[0m[38;2;233;84;44m[48;2;232;83;44m▀[0m[38;2;228;36;19m[48;2;229;36;19m▀[0m[38;2;228;37;19m[48;2;229;34;19m▀[0m[38;2;48;7;4m[48;2;230;34;18m▀[0m             
            [38;2;177;63;33m[48;2;245;87;44m▀[0m[38;2;233;84;45m[48;2;232;83;44m▀[0m[38;2;232;82;44m[48;2;232;79;41m▀[0m[38;2;230;64;32m[48;2;232;80;42m▀[0m[38;2;154;37;17m[48;2;0;0;0m▀[0m     [38;2;243;85;45m▀[0m[38;2;232;82;43m[48;2;232;80;42m▀[0m[38;2;229;45;22m[48;2;232;74;37m▀[0m[38;2;229;34;18m[48;2;229;36;19m▀[0m[38;2;229;34;19m[48;2;229;34;19m▀[0m             
             [38;2;245;81;42m▀[0m[38;2;233;83;44m▀[0m[38;2;232;79;41m▀[0m                        
