                                        
                                        
                 [38;2;98;90;16m▄[0m[38;2;243;224;42m▄[0m[38;2;244;226;54m▄[0m[38;2;247;230;73m▄[0m[38;2;245;226;67m▄[0m[38;2;241;236;80m▄[0m                 
              [38;2;242;222;28m▄[0m[38;2;216;206;36m[48;2;243;223;36m▀[0m[38;2;244;225;38m[48;2;243;224;36m▀[0m[38;2;245;226;52m[48;2;248;232;92m▀[0m[38;2;249;233;98m[48;2;249;234;99m▀[0m[38;2;249;234;98m[48;2;249;234;99m▀[0m[38;2;249;234;99m[48;2;249;232;90m▀[0m[38;2;250;235;105m[48;2;255;255;254m▀[0m[38;2;255;255;253m[48;2;255;255;255m▀[0m[38;2;250;233;91m[48;2;255;255;254m▀[0m[38;2;250;234;95m[48;2;255;255;254m▀[0m[38;2;249;232;94m▄[0m              
            [38;2;1;0;0m▄[0m[38;2;254;253;251m[48;2;255;254;244m▀[0m[38;2;242;223;37m[48;2;244;225;38m▀[0m[38;2;244;225;38m[48;2;244;225;38m▀[0m[38;2;244;225;38m[48;2;244;225;38m▀[0m[38;2;248;231;76m[48;2;244;225;42m▀[0m[38;2;249;234;98m[48;2;248;231;84m▀[0m[38;2;249;234;99m[48;2;249;234;99m▀[0m[38;2;249;233;90m[48;2;249;234;98m▀[0m[38;2;255;255;254m[48;2;255;255;253m▀[0m[38;2;255;255;253m[48;2;255;255;254m▀[0m[38;2;255;255;254m[48;2;255;255;254m▀[0m[38;2;255;255;254m[48;2;255;255;255m▀[0m[38;2;255;255;254m[48;2;255;255;255m▀[0m[38;2;247;231;94m[48;2;249;234;98m▀[0m[38;2;239;238;100m▄[0m            
            [38;2;255;255;253m[48;2;242;223;35m▀[0m[38;2;244;225;38m[48;2;243;224;38m▀[0m[38;2;244;225;38m[48;2;243;224;38m▀[0m[38;2;244;225;38m[48;2;244;224;38m▀[0m[38;2;244;225;38m[48;2;244;224;38m▀[0m[38;2;244;225;38m[48;2;244;224;38m▀[0m[38;2;246;227;57m[48;2;244;225;38m▀[0m[38;2;248;232;90m[48;2;245;226;47m▀[0m[38;2;249;234;97m[48;2;245;227;56m▀[0m[38;2;249;234;97m[48;2;248;232;86m▀[0m[38;2;255;253;237m[48;2;249;234;97m▀[0m[38;2;255;255;255m[48;2;249;234;98m▀[0m[38;2;255;255;255m[48;2;248;233;98m▀[0m[38;2;251;239;138m[48;2;249;233;97m▀[0m[38;2;248;233;98m[48;2;248;232;97m▀[0m[38;2;245;228;80m[48;2;244;225;42m▀[0m[38;2;32;30;4m▄[0m           
           [38;2;76;70;15m[48;2;252;231;49m▀[0m[38;2;240;220;41m[48;2;241;222;38m▀[0m[38;2;243;224;42m[48;2;242;223;37m▀[0m[38;2;244;225;44m[48;2;244;225;38m▀[0m[38;2;244;226;44m[48;2;244;225;38m▀[0m[38;2;244;226;44m[48;2;244;225;38m▀[0m[38;2;244;225;38m[48;2;244;225;38m▀[0m[38;2;244;225;38m[48;2;243;224;38m▀[0m[38;2;244;225;38m[48;2;244;224;38m▀[0m[38;2;244;224;38m[48;2;252;232;41m▀[0m[38;2;244;225;41m[48;2;154;142;24m▀[0m[38;2;244;224;40m[48;2;104;96;17m▀[0m[38;2;244;225;41m[48;2;244;225;39m▀[0m[38;2;244;225;43m[48;2;244;225;40m▀[0m[38;2;244;224;37m[48;2;244;225;38m▀[0m[38;2;243;224;38m[48;2;244;225;38m▀[0m[38;2;244;224;39m[48;2;244;224;38m▀[0m[38;2;250;229;38m[48;2;244;224;38m▀[0m           
           [38;2;255;247;94m[48;2;59;57;21m▀[0m[38;2;77;70;62m[48;2;114;104;93m▀[0m[38;2;117;107;94m[48;2;114;104;93m▀[0m[38;2;31;27;12m[48;2;115;104;93m▀[0m[38;2;86;79;12m[48;2;115;105;94m▀[0m[38;2;46;43;7m[48;2;115;105;95m▀[0m[38;2;45;41;36m[48;2;115;104;93m▀[0m[38;2;118;108;96m[48;2;115;104;93m▀[0m[38;2;115;104;94m[48;2;115;104;93m▀[0m[38;2;115;104;93m[48;2;114;104;93m▀[0m[38;2;115;105;94m[48;2;115;104;93m▀[0m[38;2;115;105;94m[48;2;116;105;93m▀[0m[38;2;115;105;94m[48;2;115;105;94m▀[0m[38;2;79;73;64m[48;2;115;106;95m▀[0m[38;2;244;224;40m[48;2;32;29;5m▀[0m[38;2;244;225;38m[48;2;244;225;38m▀[0m[38;2;245;225;38m[48;2;243;224;39m▀[0m[38;2;243;223;40m[48;2;254;238;44m▀[0m           
            [38;2;114;103;92m[48;2;114;103;90m▀[0m[38;2;114;104;93m[48;2;113;104;91m▀[0m[38;2;249;90;75m[48;2;239;94;79m▀[0m[38;2;115;105;94m[48;2;249;89;74m▀[0m[38;2;115;104;93m[48;2;115;105;94m▀[0m[38;2;115;105;94m[48;2;115;105;94m▀[0m[38;2;113;104;94m[48;2;115;105;94m▀[0m[38;2;255;253;253m[48;2;255;255;254m▀[0m[38;2;115;105;94m[48;2;115;105;93m▀[0m[38;2;115;105;94m[48;2;115;104;93m▀[0m[38;2;115;105;93m[48;2;111;101;93m▀[0m[38;2;115;104;93m[48;2;114;104;92m▀[0m[38;2;115;104;93m[48;2;114;104;93m▀[0m[38;2;112;103;92m[48;2;114;104;94m▀[0m[38;2;242;222;37m[48;2;243;224;39m▀[0m[38;2;242;223;37m[48;2;244;224;38m▀[0m            
             [38;2;112;103;94m▀[0m[38;2;115;105;94m[48;2;250;122;64m▀[0m[38;2;245;110;93m[48;2;114;104;92m▀[0m[38;2;115;105;93m[48;2;114;104;92m▀[0m[38;2;115;104;93m[48;2;114;104;92m▀[0m[38;2;114;104;93m[48;2;114;103;92m▀[0m[38;2;217;97;84m[48;2;117;104;93m▀[0m[38;2;115;104;93m[48;2;254;90;74m▀[0m[38;2;113;102;93m[48;2;116;105;92m▀[0m[38;2;244;225;40m[48;2;177;162;71m▀[0m[38;2;114;103;93m[48;2;111;101;91m▀[0m[38;2;112;103;92m[48;2;113;103;92m▀[0m[38;2;115;105;94m[48;2;237;216;39m▀[0m[38;2;240;221;38m[48;2;0;0;0m▀[0m             
               [38;2;114;103;91m▀[0m[38;2;113;102;91m[48;2;97;87;81m▀[0m[38;2;112;102;90m[48;2;108;99;88m▀[0m[38;2;114;103;91m[48;2;112;101;90m▀[0m[38;2;113;103;91m[48;2;113;103;92m▀[0m[38;2;114;103;92m[48;2;107;96;87m▀[0m[38;2;112;103;92m[48;2;99;89;82m▀[0m[38;2;114;103;92m[48;2;96;86;81m▀[0m[38;2;108;98;89m[48;2;81;74;73m▀[0m[38;2;51;46;44m[48;2;81;74;73m▀[0m[38;2;81;73;73m[48;2;54;49;48m▀[0m              
                 [38;2;80;73;72m[48;2;10;6;3m▀[0m[38;2;82;75;73m[48;2;163;77;83m▀[0m[38;2;82;74;73m[48;2;161;77;82m▀[0m[38;2;82;74;73m[48;2;163;76;83m▀[0m[38;2;82;75;73m[48;2;157;75;80m▀[0m[38;2;82;74;73m[48;2;158;75;81m▀[0m[38;2;84;76;75m[48;2;158;75;80m▀[0m[38;2;160;76;82m[48;2;8;4;3m▀[0m[38;2;5;3;1m▀[0m              
                   [38;2;58;28;27m▀[0m[38;2;148;70;75m[48;2;80;73;73m▀[0m[38;2;105;51;53m[48;2;78;72;71m▀[0m[38;2;77;39;38m▀[0m                 
                [38;2;3;2;2m▄[0m[38;2;114;104;93m▄[0m[38;2;96;86;82m[48;2;114;104;93m▀[0m[38;2;96;86;80m[48;2;115;104;93m▀[0m[38;2;82;74;73m[48;2;113;104;92m▀[0m[38;2;79;72;72m[48;2;105;95;86m▀[0m                  
              [38;2;239;91;77m▄[0m[38;2;117;107;95m[48;2;172;98;85m▀[0m[38;2;113;103;92m[48;2;113;103;91m▀[0m[38;2;113;102;92m[48;2;113;103;91m▀[0m[38;2;113;103;92m[48;2;113;103;92m▀[0m[38;2;114;104;93m[48;2;114;103;92m▀[0m[38;2;113;103;92m[48;2;113;103;92m▀[0m                   
             [38;2;239;92;78m[48;2;236;100;85m▀[0m[38;2;239;91;77m[48;2;237;89;76m▀[0m[38;2;108;100;89m[48;2;109;100;90m▀[0m[38;2;112;101;90m[48;2;112;102;91m▀[0m[38;2;112;102;90m[48;2;237;93;79m▀[0m[38;2;112;102;90m[48;2;245;94;79m▀[0m[38;2;113;104;92m[48;2;248;99;81m▀[0m                    
             [38;2;243;128;112m[48;2;247;135;119m▀[0m[38;2;243;99;84m[48;2;248;134;118m▀[0m[38;2;244;93;78m[48;2;245;98;83m▀[0m[38;2;244;94;78m[48;2;244;93;79m▀[0m[38;2;245;94;79m[48;2;244;93;78m▀[0m[38;2;245;94;79m▀[0m                     
             [38;2;57;40;29m▀[0m[38;2;243;133;119m▀[0m[38;2;240;93;79m▀[0m[38;2;245;139;123m▀[0m                       
                                        
                                        
