                                        
                                        
                                        
                     [38;2;247;247;246m▄[0m[38;2;243;243;243m▄[0m[38;2;242;242;242m▄[0m[38;2;22;22;20m▄[0m               
                   [38;2;5;5;5m[48;2;235;235;235m▀[0m[38;2;242;242;242m[48;2;240;240;240m▀[0m[38;2;242;242;242m[48;2;242;242;242m▀[0m[38;2;243;243;243m[48;2;242;242;242m▀[0m[38;2;234;234;234m[48;2;243;243;243m▀[0m                
                   [38;2;236;236;236m[48;2;236;236;236m▀[0m[38;2;234;234;234m[48;2;236;236;236m▀[0m[38;2;234;234;234m[48;2;230;230;230m▀[0m[38;2;238;238;238m[48;2;223;223;223m▀[0m[38;2;209;209;209m[48;2;175;175;175m▀[0m                
               [38;2;3;3;3m▄[0m[38;2;90;80;76m▄[0m[38;2;93;82;78m▄[0m[38;2;107;96;93m[48;2;92;81;77m▀[0m[38;2;89;78;74m[48;2;89;80;76m▀[0m[38;2;80;71;69m[48;2;75;66;65m▀[0m[38;2;66;60;58m[48;2;62;55;54m▀[0m[38;2;62;56;55m[48;2;61;56;54m▀[0m[38;2;61;55;54m[48;2;61;55;54m▀[0m[38;2;60;54;53m[48;2;62;55;54m▀[0m[38;2;33;30;29m[48;2;61;55;54m▀[0m[38;2;62;55;54m▄[0m[38;2;125;149;161m▄[0m            
             [38;2;103;92;90m▄[0m[38;2;102;91;88m[48;2;92;81;77m▀[0m[38;2;92;81;77m[48;2;92;81;77m▀[0m[38;2;91;81;77m[48;2;91;80;77m▀[0m[38;2;91;81;77m[48;2;90;81;77m▀[0m[38;2;90;79;76m[48;2;89;79;76m▀[0m[38;2;83;74;70m[48;2;162;137;173m▀[0m[38;2;64;58;56m[48;2;199;169;210m▀[0m[38;2;66;60;58m[48;2;196;166;207m▀[0m[38;2;61;55;54m[48;2;193;163;204m▀[0m[38;2;62;56;54m[48;2;65;58;57m▀[0m[38;2;61;56;54m[48;2;62;55;54m▀[0m[38;2;62;55;54m[48;2;61;56;54m▀[0m[38;2;61;55;54m[48;2;61;55;54m▀[0m[38;2;9;9;9m[48;2;62;56;54m▀[0m[38;2;127;149;162m[48;2;126;149;162m▀[0m[38;2;4;5;5m[48;2;127;149;162m▀[0m[38;2;6;6;8m▄[0m         
            [38;2;60;52;52m[48;2;87;77;74m▀[0m[38;2;91;80;77m[48;2;88;78;74m▀[0m[38;2;91;80;76m[48;2;86;77;73m▀[0m[38;2;88;78;75m[48;2;82;74;70m▀[0m[38;2;88;78;75m[48;2;82;74;70m▀[0m[38;2;84;74;71m[48;2;200;170;211m▀[0m[38;2;200;170;211m[48;2;200;170;211m▀[0m[38;2;200;170;211m[48;2;200;170;211m▀[0m[38;2;200;170;211m[48;2;197;167;208m▀[0m[38;2;195;165;206m[48;2;255;255;255m▀[0m[38;2;192;162;203m[48;2;194;164;205m▀[0m[38;2;190;160;201m[48;2;190;160;201m▀[0m[38;2;153;129;163m[48;2;189;159;200m▀[0m[38;2;62;55;54m[48;2;27;24;29m▀[0m[38;2;61;55;54m[48;2;60;53;52m▀[0m[38;2;61;55;54m[48;2;61;56;54m▀[0m[38;2;128;151;164m[48;2;13;14;16m▀[0m[38;2;126;150;163m[48;2;117;137;151m▀[0m[38;2;76;81;106m[48;2;76;82;106m▀[0m[38;2;76;81;106m▄[0m        
           [38;2;15;13;13m[48;2;47;41;39m▀[0m[38;2;73;65;63m[48;2;62;56;55m▀[0m[38;2;80;71;68m[48;2;63;57;55m▀[0m[38;2;75;66;65m[48;2;65;58;57m▀[0m[38;2;77;69;66m[48;2;62;56;55m▀[0m[38;2;206;175;217m[48;2;198;168;209m▀[0m[38;2;200;170;211m[48;2;197;167;208m▀[0m[38;2;200;170;211m[48;2;195;165;206m▀[0m[38;2;197;167;208m[48;2;195;165;206m▀[0m[38;2;197;167;208m[48;2;195;165;206m▀[0m[38;2;197;167;208m[48;2;194;164;205m▀[0m[38;2;194;164;205m[48;2;190;160;201m▀[0m[38;2;190;160;201m[48;2;190;160;201m▀[0m[38;2;188;158;199m[48;2;188;158;199m▀[0m[38;2;183;153;194m[48;2;183;153;194m▀[0m[38;2;58;52;50m[48;2;62;54;54m▀[0m[38;2;59;54;52m[48;2;59;53;51m▀[0m[38;2;62;55;54m[48;2;60;53;51m▀[0m[38;2;62;56;53m[48;2;57;52;50m▀[0m[38;2;76;81;106m[48;2;56;50;48m▀[0m[38;2;74;80;105m[48;2;74;80;105m▀[0m[38;2;74;80;105m▄[0m       
           [38;2;9;10;6m[48;2;61;46;69m▀[0m[38;2;61;55;54m[48;2;61;55;53m▀[0m[38;2;61;55;54m[48;2;60;54;53m▀[0m[38;2;61;56;54m[48;2;60;54;52m▀[0m[38;2;64;58;56m[48;2;49;44;41m▀[0m[38;2;193;163;204m[48;2;183;153;194m▀[0m[38;2;193;163;204m[48;2;180;150;191m▀[0m[38;2;192;162;204m[48;2;182;152;193m▀[0m[38;2;193;163;204m[48;2;188;158;199m▀[0m[38;2;191;161;202m[48;2;189;159;200m▀[0m[38;2;191;161;202m[48;2;191;161;202m▀[0m[38;2;190;160;201m[48;2;191;161;202m▀[0m[38;2;190;160;201m[48;2;191;161;202m▀[0m[38;2;186;156;197m[48;2;190;160;201m▀[0m[38;2;184;154;195m[48;2;191;161;202m▀[0m[38;2;12;10;10m[48;2;10;10;8m▀[0m[38;2;59;53;51m[48;2;57;51;49m▀[0m[38;2;57;52;49m[48;2;57;51;49m▀[0m[38;2;57;51;49m[48;2;56;50;48m▀[0m[38;2;56;50;48m[48;2;54;48;46m▀[0m[38;2;74;80;104m[48;2;70;78;101m▀[0m[38;2;75;81;105m[48;2;72;79;102m▀[0m[38;2;72;79;101m▄[0m      
       [38;2;96;86;84m▄[0m[38;2;95;84;80m▄[0m[38;2;93;83;78m▄[0m[38;2;86;76;73m▄[0m[38;2;131;110;142m[48;2;85;76;72m▀[0m[38;2;61;54;53m[48;2;35;31;31m▀[0m[38;2;59;52;51m[48;2;59;53;51m▀[0m[38;2;56;50;48m[48;2;56;50;48m▀[0m[38;2;43;37;35m[48;2;59;52;50m▀[0m[38;2;178;148;189m[48;2;191;161;202m▀[0m[38;2;180;150;192m[48;2;48;20;59m▀[0m[38;2;183;153;194m[48;2;199;169;210m▀[0m[38;2;188;158;199m[48;2;206;176;217m▀[0m[38;2;191;161;202m[48;2;208;178;219m▀[0m[38;2;194;163;205m[48;2;209;179;220m▀[0m[38;2;197;167;208m[48;2;211;181;222m▀[0m[38;2;204;174;215m[48;2;214;184;225m▀[0m[38;2;206;176;217m[48;2;218;188;229m▀[0m[38;2;206;176;217m[48;2;225;195;237m▀[0m[38;2;57;51;48m[48;2;57;51;49m▀[0m[38;2;57;51;49m[48;2;49;45;43m▀[0m[38;2;55;50;47m[48;2;70;78;100m▀[0m[38;2;52;47;44m[48;2;71;78;100m▀[0m[38;2;71;78;100m[48;2;70;77;100m▀[0m[38;2;70;78;100m[48;2;69;77;99m▀[0m[38;2;70;78;100m[48;2;69;77;99m▀[0m[38;2;70;77;99m[48;2;68;77;99m▀[0m[38;2;13;14;18m▄[0m     
     [38;2;103;92;89m▄[0m[38;2;94;84;80m[48;2;92;82;77m▀[0m[38;2;94;84;80m[48;2;90;80;76m▀[0m[38;2;93;83;79m[48;2;87;77;73m▀[0m[38;2;133;125;130m[48;2;81;72;70m▀[0m[38;2;78;69;66m[48;2;61;56;54m▀[0m[38;2;62;55;54m[48;2;61;55;54m▀[0m[38;2;61;55;53m[48;2;61;54;53m▀[0m[38;2;58;52;50m[48;2;60;53;51m▀[0m[38;2;57;52;49m[48;2;57;52;49m▀[0m[38;2;57;51;49m[48;2;58;52;50m▀[0m[38;2;211;181;222m[48;2;57;52;49m▀[0m[38;2;213;183;224m[48;2;58;52;50m▀[0m[38;2;215;185;226m[48;2;28;26;24m▀[0m[38;2;217;187;228m[48;2;52;43;54m▀[0m[38;2;219;189;230m[48;2;40;35;39m▀[0m[38;2;221;191;232m[48;2;32;28;27m▀[0m[38;2;220;190;231m[48;2;57;51;49m▀[0m[38;2;220;190;231m[48;2;55;49;46m▀[0m[38;2;136;120;140m[48;2;53;48;45m▀[0m[38;2;56;49;47m[48;2;39;35;36m▀[0m[38;2;47;43;42m[48;2;38;34;35m▀[0m[38;2;75;83;106m[48;2;70;78;100m▀[0m[38;2;70;78;100m[48;2;69;76;100m▀[0m[38;2;69;77;100m[48;2;70;77;100m▀[0m[38;2;70;78;100m[48;2;68;76;98m▀[0m[38;2;68;77;99m[48;2;68;76;98m▀[0m[38;2;68;77;98m[48;2;69;76;99m▀[0m[38;2;69;77;99m[48;2;57;63;81m▀[0m[38;2;75;81;104m[48;2;6;5;6m▀[0m     
     [38;2;90;80;75m[48;2;76;69;66m▀[0m[38;2;83;74;71m[48;2;70;63;61m▀[0m[38;2;77;68;65m[48;2;71;63;61m▀[0m[38;2;74;66;65m[48;2;63;56;55m▀[0m[38;2;66;60;58m[48;2;61;56;54m▀[0m[38;2;61;55;54m[48;2;61;54;53m▀[0m[38;2;61;55;54m[48;2;60;53;52m▀[0m[38;2;60;54;52m[48;2;58;53;50m▀[0m[38;2;60;53;51m[48;2;59;52;50m▀[0m[38;2;58;52;50m[48;2;57;51;49m▀[0m[38;2;58;52;50m[48;2;58;52;49m▀[0m[38;2;58;51;50m[48;2;56;51;48m▀[0m[38;2;57;51;49m[48;2;56;51;48m▀[0m[38;2;57;51;49m[48;2;56;50;48m▀[0m[38;2;57;51;49m[48;2;55;50;47m▀[0m[38;2;57;51;49m[48;2;56;51;48m▀[0m[38;2;57;50;49m[48;2;51;46;44m▀[0m[38;2;56;51;48m[48;2;39;34;35m▀[0m[38;2;51;45;43m[48;2;39;34;35m▀[0m[38;2;39;34;35m[48;2;12;10;11m▀[0m[38;2;38;33;34m[48;2;50;43;52m▀[0m[38;2;148;131;153m[48;2;149;132;154m▀[0m[38;2;149;132;154m[48;2;150;132;154m▀[0m[38;2;148;131;152m[48;2;149;132;154m▀[0m[38;2;148;132;153m[48;2;148;131;153m▀[0m[38;2;148;132;153m[48;2;148;132;154m▀[0m[38;2;147;131;152m[48;2;95;84;97m▀[0m[38;2;148;132;154m[48;2;150;133;155m▀[0m[38;2;12;11;13m[48;2;153;136;157m▀[0m      
     [38;2;106;94;92m▀[0m[38;2;62;56;54m[48;2;61;55;53m▀[0m[38;2;61;55;54m[48;2;14;13;11m▀[0m[38;2;61;54;53m[48;2;227;227;227m▀[0m[38;2;63;57;55m[48;2;59;53;51m▀[0m[38;2;59;53;51m[48;2;59;52;50m▀[0m[38;2;58;52;50m[48;2;58;52;50m▀[0m[38;2;58;51;49m[48;2;56;51;48m▀[0m[38;2;57;52;49m[48;2;56;51;48m▀[0m[38;2;57;51;49m[48;2;56;51;48m▀[0m[38;2;56;51;48m[48;2;49;44;44m▀[0m[38;2;56;50;48m[48;2;42;39;40m▀[0m[38;2;56;50;48m[48;2;41;36;38m▀[0m[38;2;55;50;48m[48;2;11;9;9m▀[0m[38;2;50;44;43m▀[0m[38;2;39;35;36m▀[0m[38;2;39;35;36m▀[0m[38;2;4;3;3m[48;2;147;130;152m▀[0m[38;2;196;187;195m[48;2;149;131;154m▀[0m[38;2;169;156;172m[48;2;74;80;103m▀[0m[38;2;155;140;160m[48;2;74;79;103m▀[0m[38;2;188;178;187m[48;2;72;77;101m▀[0m[38;2;125;110;129m▀[0m[38;2;1;1;1m▀[0m  [38;2;149;132;153m[48;2;159;143;166m▀[0m[38;2;149;132;155m▀[0m       
     [38;2;0;0;0m▄[0m[38;2;217;214;216m[48;2;194;83;182m▀[0m[38;2;211;133;193m[48;2;196;83;184m▀[0m[38;2;22;20;20m▀[0m[38;2;57;51;49m▀[0m[38;2;57;51;49m▀[0m[38;2;57;51;49m▀[0m[38;2;58;51;50m▀[0m [38;2;124;107;133m▄[0m[38;2;121;104;128m[48;2;109;93;118m▀[0m[38;2;120;103;127m▀[0m[38;2;114;96;122m▀[0m[38;2;7;6;8m▀[0m                     
     [38;2;194;92;184m▀[0m[38;2;195;90;184m▀[0m                                 
                                        
                                        
                                        
