                                        
                                        
               [38;2;37;31;28m▄[0m[38;2;236;174;145m▄[0m[38;2;85;82;81m[48;2;240;240;226m▀[0m[38;2;248;230;210m[48;2;34;35;35m▀[0m[38;2;47;43;48m[48;2;42;41;41m▀[0m[38;2;61;56;54m[48;2;34;34;35m▀[0m[38;2;21;22;22m[48;2;32;33;33m▀[0m[38;2;228;185;165m[48;2;73;59;58m▀[0m[38;2;250;248;240m[48;2;232;171;143m▀[0m[38;2;248;242;224m[48;2;232;171;143m▀[0m[38;2;237;177;149m▄[0m[38;2;246;207;189m▄[0m             
              [38;2;231;203;183m▄[0m[38;2;237;177;149m[48;2;243;213;198m▀[0m[38;2;233;171;144m[48;2;29;28;18m▀[0m[38;2;35;35;36m[48;2;36;36;37m▀[0m[38;2;36;36;36m[48;2;249;229;219m▀[0m[38;2;36;37;37m[48;2;232;170;142m▀[0m[38;2;35;35;35m[48;2;52;43;40m▀[0m[38;2;36;36;36m[48;2;36;36;37m▀[0m[38;2;153;147;84m[48;2;34;34;34m▀[0m[38;2;232;171;143m[48;2;247;244;94m▀[0m[38;2;232;171;143m[48;2;244;200;177m▀[0m[38;2;232;171;143m[48;2;239;198;177m▀[0m[38;2;237;177;149m[48;2;239;197;177m▀[0m[38;2;40;29;26m[48;2;243;201;182m▀[0m            
              [38;2;248;213;196m[48;2;153;151;57m▀[0m[38;2;34;34;34m[48;2;30;30;30m▀[0m[38;2;35;35;35m[48;2;37;37;37m▀[0m[38;2;36;36;37m[48;2;35;35;35m▀[0m[38;2;231;188;168m[48;2;36;37;37m▀[0m[38;2;238;208;193m[48;2;36;37;37m▀[0m[38;2;33;33;33m[48;2;35;36;36m▀[0m[38;2;37;37;37m[48;2;38;38;38m▀[0m[38;2;33;34;34m[48;2;36;36;37m▀[0m[38;2;32;32;32m[48;2;28;29;29m▀[0m[38;2;35;35;35m[48;2;33;33;33m▀[0m[38;2;249;230;214m[48;2;35;35;35m▀[0m[38;2;238;208;194m[48;2;181;173;67m▀[0m[38;2;248;220;206m[48;2;217;186;173m▀[0m            
             [38;2;33;33;33m▄[0m[38;2;28;28;29m[48;2;29;29;31m▀[0m[38;2;42;40;40m[48;2;36;37;37m▀[0m[38;2;36;36;37m[48;2;35;35;35m▀[0m[38;2;16;14;15m[48;2;33;33;34m▀[0m[38;2;36;37;37m[48;2;36;36;37m▀[0m[38;2;36;37;37m[48;2;36;37;37m▀[0m[38;2;25;25;25m[48;2;32;31;32m▀[0m[38;2;37;37;37m[48;2;36;36;36m▀[0m[38;2;38;38;38m[48;2;21;23;27m▀[0m[38;2;33;34;34m[48;2;123;116;90m▀[0m[38;2;19;19;20m[48;2;33;34;34m▀[0m[38;2;32;32;32m[48;2;31;32;32m▀[0m[38;2;36;36;36m[48;2;33;33;33m▀[0m[38;2;33;33;34m[48;2;36;37;37m▀[0m[38;2;53;48;47m[48;2;35;35;36m▀[0m[38;2;29;29;30m▄[0m          
           [38;2;234;229;180m[48;2;75;70;54m▀[0m[38;2;20;21;25m[48;2;156;148;115m▀[0m[38;2;244;241;190m[48;2;127;120;90m▀[0m[38;2;37;33;26m▀[0m[38;2;124;115;88m[48;2;47;43;35m▀[0m[38;2;62;57;47m[48;2;230;226;179m▀[0m[38;2;36;37;37m[48;2;9;9;7m▀[0m[38;2;36;37;37m[48;2;43;38;30m▀[0m[38;2;36;37;37m[48;2;180;171;132m▀[0m[38;2;254;253;206m[48;2;94;90;68m▀[0m[38;2;96;91;65m[48;2;255;255;255m▀[0m[38;2;161;153;149m[48;2;110;108;110m▀[0m[38;2;75;70;52m[48;2;243;240;189m▀[0m[38;2;159;151;116m[48;2;243;241;190m▀[0m[38;2;232;229;179m[48;2;157;150;115m▀[0m[38;2;17;19;24m[48;2;125;117;89m▀[0m[38;2;36;37;37m[48;2;128;119;91m▀[0m[38;2;30;32;34m[48;2;153;145;111m▀[0m[38;2;180;173;134m[48;2;154;146;113m▀[0m[38;2;201;196;152m▀[0m[38;2;157;151;118m[48;2;79;74;56m▀[0m        
     [38;2;23;21;13m▄[0m[38;2;234;228;88m[48;2;232;224;98m▀[0m[38;2;230;222;86m[48;2;233;225;85m▀[0m[38;2;165;156;68m[48;2;46;42;21m▀[0m[38;2;145;137;62m▄[0m      [38;2;136;128;98m[48;2;116;109;83m▀[0m[38;2;243;240;189m[48;2;220;215;169m▀[0m[38;2;16;16;14m[48;2;37;37;37m▀[0m[38;2;36;36;37m[48;2;36;36;37m▀[0m[38;2;233;231;188m[48;2;36;36;36m▀[0m[38;2;243;240;189m[48;2;161;153;118m▀[0m[38;2;245;242;191m[48;2;243;240;189m▀[0m[38;2;244;241;190m[48;2;155;147;113m▀[0m[38;2;155;147;113m[48;2;154;146;113m▀[0m[38;2;82;77;59m[48;2;154;146;113m▀[0m              
     [38;2;225;222;86m▀[0m[38;2;234;228;118m▀[0m[38;2;147;138;62m▀[0m [38;2;230;222;86m▀[0m[38;2;230;222;86m▄[0m     [38;2;243;240;189m[48;2;218;213;166m▀[0m[38;2;23;22;20m▄[0m[38;2;72;65;63m[48;2;36;36;37m▀[0m[38;2;36;37;36m[48;2;36;37;37m▀[0m[38;2;68;64;49m[48;2;107;99;76m▀[0m[38;2;99;94;73m▀[0m[38;2;242;240;187m▀[0m [38;2;156;149;114m[48;2;159;151;116m▀[0m[38;2;86;81;62m[48;2;112;105;78m▀[0m[38;2;160;151;115m▄[0m             
          [38;2;137;135;107m▀[0m[38;2;55;51;42m[48;2;244;241;190m▀[0m  [38;2;243;240;188m▄[0m[38;2;243;240;189m▀[0m[38;2;160;153;118m[48;2;160;153;118m▀[0m[38;2;196;158;47m[48;2;125;100;44m▀[0m[38;2;50;42;20m[48;2;116;93;42m▀[0m[38;2;32;33;33m[48;2;125;100;44m▀[0m[38;2;125;117;89m[48;2;133;124;95m▀[0m [38;2;230;222;86m▄[0m[38;2;230;222;86m▄[0m[38;2;250;249;198m[48;2;246;243;192m▀[0m [38;2;246;243;192m[48;2;243;240;189m▀[0m             
                [38;2;241;238;188m[48;2;242;239;188m▀[0m[38;2;91;85;66m[48;2;82;77;59m▀[0m  [38;2;87;82;26m[48;2;235;228;123m▀[0m[38;2;240;235;154m[48;2;230;222;85m▀[0m[38;2;230;222;86m[48;2;218;210;83m▀[0m[38;2;231;223;86m▀[0m[38;2;243;240;189m[48;2;243;240;189m▀[0m [38;2;244;241;190m[48;2;245;242;190m▀[0m             
                [38;2;243;240;189m[48;2;243;240;189m▀[0m[38;2;93;87;71m▀[0m  [38;2;160;152;67m[48;2;248;245;193m▀[0m[38;2;137;129;60m▀[0m [38;2;77;73;59m▄[0m[38;2;243;240;189m[48;2;243;240;190m▀[0m [38;2;246;243;194m[48;2;251;248;195m▀[0m             
                [38;2;243;240;189m[48;2;230;222;84m▀[0m   [38;2;251;248;193m[48;2;234;226;87m▀[0m  [38;2;223;222;180m[48;2;230;222;86m▀[0m[38;2;243;240;189m[48;2;230;223;86m▀[0m [38;2;227;226;186m[48;2;107;102;67m▀[0m             
                [38;2;236;229;88m[48;2;244;235;91m▀[0m [38;2;137;131;50m[48;2;238;230;86m▀[0m [38;2;232;225;86m[48;2;232;224;86m▀[0m  [38;2;230;222;86m[48;2;241;233;89m▀[0m[38;2;241;237;91m[48;2;205;203;77m▀[0m               
                [38;2;189;185;72m[48;2;162;159;63m▀[0m [38;2;231;223;86m[48;2;230;222;86m▀[0m [38;2;230;222;86m[48;2;230;222;86m▀[0m  [38;2;176;172;67m[48;2;177;170;67m▀[0m[38;2;112;108;47m▀[0m[38;2;127;120;54m[48;2;216;208;74m▀[0m              
               [38;2;57;54;27m▄[0m[38;2;208;200;77m[48;2;244;236;91m▀[0m[38;2;123;118;48m[48;2;128;122;50m▀[0m[38;2;191;183;76m[48;2;98;91;36m▀[0m [38;2;230;222;86m[48;2;230;222;86m▀[0m[38;2;78;75;55m▄[0m [38;2;236;228;88m[48;2;230;222;86m▀[0m[38;2;158;150;67m▄[0m[38;2;248;242;90m[48;2;235;227;83m▀[0m[38;2;140;134;54m▄[0m             
             [38;2;230;222;85m▄[0m[38;2;164;162;90m[48;2;232;224;86m▀[0m[38;2;230;222;86m[48;2;163;154;68m▀[0m[38;2;230;222;86m[48;2;230;222;86m▀[0m[38;2;178;172;64m[48;2;53;48;23m▀[0m  [38;2;149;140;63m▀[0m  [38;2;230;222;86m[48;2;230;222;86m▀[0m  [38;2;230;222;86m[48;2;230;222;86m▀[0m[38;2;189;181;75m[48;2;237;231;89m▀[0m            
              [38;2;234;232;85m▄[0m[38;2;246;242;92m[48;2;237;231;133m▀[0m[38;2;230;222;86m[48;2;173;165;71m▀[0m     [38;2;84;78;37m[48;2;224;222;83m▀[0m[38;2;230;222;86m[48;2;230;222;86m▀[0m  [38;2;129;122;57m▀[0m[38;2;230;222;86m▀[0m[38;2;238;232;144m[48;2;109;103;40m▀[0m           
              [38;2;23;22;9m▀[0m[38;2;152;144;61m▀[0m      [38;2;173;167;61m▀[0m[38;2;240;235;156m▀[0m                
                                        
