                                        
                                        
                                        
                                        
                           [38;2;248;179;117m[48;2;240;158;103m▀[0m[38;2;240;158;103m[48;2;240;155;99m▀[0m[38;2;21;13;9m[48;2;239;158;104m▀[0m          
                           [38;2;254;139;69m▀[0m[38;2;239;132;68m[48;2;234;122;58m▀[0m[38;2;244;178;133m[48;2;236;134;71m▀[0m[38;2;71;37;18m[48;2;232;120;57m▀[0m         
                   [38;2;139;131;92m▄[0m[38;2;84;85;57m▄[0m [38;2;0;0;0m▄[0m[38;2;223;222;222m▄[0m   [38;2;28;28;21m▄[0m[38;2;234;122;58m[48;2;232;120;57m▀[0m[38;2;229;117;54m[48;2;240;127;59m▀[0m[38;2;227;115;54m[48;2;45;43;34m▀[0m[38;2;123;116;88m▄[0m[38;2;104;98;72m▄[0m       
      [38;2;237;129;66m▄[0m[38;2;240;158;103m[48;2;236;131;68m▀[0m[38;2;233;122;59m▄[0m[38;2;0;0;0m▀[0m  [38;2;255;255;255m▄[0m [38;2;83;80;49m[48;2;82;52;35m▀[0m[38;2;104;100;61m[48;2;75;71;54m▀[0m[38;2;102;99;58m[48;2;65;60;51m▀[0m[38;2;243;221;186m[48;2;246;227;192m▀[0m[38;2;132;122;102m[48;2;244;218;175m▀[0m[38;2;59;58;51m[48;2;242;216;169m▀[0m[38;2;57;57;50m[48;2;242;214;168m▀[0m[38;2;111;46;28m[48;2;240;212;166m▀[0m[38;2;255;255;255m[48;2;43;20;16m▀[0m[38;2;255;255;255m[48;2;87;76;81m▀[0m[38;2;68;31;22m▄[0m[38;2;228;221;187m▄[0m[38;2;240;156;100m[48;2;237;150;94m▀[0m[38;2;92;91;57m[48;2;81;83;56m▀[0m[38;2;95;94;62m[48;2;84;85;57m▀[0m[38;2;124;117;87m[48;2;97;94;60m▀[0m[38;2;121;114;87m[48;2;131;124;88m▀[0m[38;2;127;119;89m[48;2;103;99;60m▀[0m[38;2;45;45;40m[48;2;99;96;58m▀[0m       
      [38;2;237;134;71m[48;2;239;150;92m▀[0m[38;2;234;122;57m[48;2;234;122;58m▀[0m[38;2;136;73;35m[48;2;234;123;59m▀[0m[38;2;162;87;42m▄[0m [38;2;80;76;77m[48;2;1;1;1m▀[0m[38;2;255;255;255m[48;2;67;51;52m▀[0m[38;2;230;222;227m[48;2;13;4;5m▀[0m[38;2;124;110;87m[48;2;242;215;169m▀[0m[38;2;243;221;185m[48;2;243;216;170m▀[0m[38;2;243;221;183m[48;2;36;29;23m▀[0m[38;2;240;213;168m[48;2;114;55;65m▀[0m[38;2;243;216;169m[48;2;114;55;65m▀[0m[38;2;227;200;153m[48;2;114;55;65m▀[0m[38;2;242;214;167m[48;2;99;44;55m▀[0m[38;2;243;216;169m[48;2;97;43;54m▀[0m[38;2;242;215;168m[48;2;46;24;26m▀[0m[38;2;242;216;169m[48;2;114;55;65m▀[0m[38;2;244;223;186m[48;2;240;218;169m▀[0m[38;2;243;157;134m[48;2;241;143;120m▀[0m[38;2;212;209;166m[48;2;241;167;134m▀[0m[38;2;65;73;55m[48;2;63;64;57m▀[0m[38;2;97;95;58m[48;2;57;56;51m▀[0m[38;2;96;94;58m[48;2;43;52;50m▀[0m[38;2;103;101;61m[48;2;57;58;52m▀[0m[38;2;38;36;33m[48;2;56;57;51m▀[0m[38;2;37;37;33m[48;2;15;13;11m▀[0m       
     [38;2;0;0;0m[48;2;63;65;59m▀[0m[38;2;235;132;71m[48;2;128;121;93m▀[0m[38;2;234;122;58m[48;2;235;123;59m▀[0m[38;2;233;121;58m[48;2;229;117;54m▀[0m[38;2;249;137;64m[48;2;140;132;99m▀[0m[38;2;232;119;57m[48;2;245;127;60m▀[0m[38;2;241;211;165m[48;2;239;130;107m▀[0m[38;2;242;214;167m[48;2;243;216;169m▀[0m[38;2;248;234;184m[48;2;114;55;65m▀[0m[38;2;46;38;30m[48;2;114;55;65m▀[0m[38;2;129;62;73m[48;2;142;65;70m▀[0m[38;2;143;65;70m[48;2;117;99;79m▀[0m[38;2;149;66;73m[48;2;242;215;169m▀[0m[38;2;244;225;177m[48;2;241;213;166m▀[0m[38;2;247;219;172m[48;2;242;214;167m▀[0m[38;2;143;65;70m[48;2;243;217;170m▀[0m[38;2;143;65;70m[48;2;252;233;183m▀[0m[38;2;143;65;70m[48;2;246;243;191m▀[0m[38;2;206;202;171m[48;2;245;219;172m▀[0m[38;2;249;231;180m[48;2;107;94;73m▀[0m[38;2;239;129;106m[48;2;243;216;169m▀[0m[38;2;252;136;63m[48;2;234;122;58m▀[0m[38;2;234;121;57m[48;2;233;121;57m▀[0m[38;2;163;83;35m[48;2;229;117;56m▀[0m[38;2;234;122;58m[48;2;230;112;66m▀[0m          
    [38;2;89;89;57m[48;2;60;59;52m▀[0m[38;2;91;91;59m[48;2;90;89;57m▀[0m[38;2;130;123;89m[48;2;122;115;77m▀[0m[38;2;139;130;93m[48;2;113;107;69m▀[0m[38;2;130;122;84m[48;2;86;86;57m▀[0m[38;2;78;81;56m[48;2;96;94;58m▀[0m[38;2;80;70;55m[48;2;107;102;64m▀[0m[38;2;239;129;106m[48;2;239;129;106m▀[0m[38;2;241;179;142m[48;2;243;220;172m▀[0m[38;2;13;3;6m[48;2;242;216;169m▀[0m[38;2;167;77;83m[48;2;25;22;17m▀[0m[38;2;242;215;169m[48;2;242;215;168m▀[0m[38;2;233;221;174m[48;2;241;214;167m▀[0m[38;2;243;217;171m[48;2;94;80;62m▀[0m[38;2;244;217;170m[48;2;243;215;169m▀[0m[38;2;242;215;169m[48;2;242;216;169m▀[0m[38;2;241;214;167m[48;2;242;216;169m▀[0m[38;2;242;215;169m[48;2;242;216;169m▀[0m[38;2;242;215;169m[48;2;242;214;168m▀[0m[38;2;243;216;169m[48;2;243;216;170m▀[0m[38;2;243;216;170m[48;2;243;215;169m▀[0m[38;2;31;27;24m[48;2;125;50;23m▀[0m[38;2;234;122;58m[48;2;184;89;57m▀[0m[38;2;234;122;58m[48;2;184;89;57m▀[0m[38;2;182;86;56m[48;2;117;56;36m▀[0m[38;2;184;89;56m▄[0m[38;2;37;45;44m▄[0m[38;2;92;91;58m[48;2;54;56;51m▀[0m[38;2;52;50;33m[48;2;67;64;52m▀[0m[38;2;202;96;61m▄[0m      
    [38;2;46;53;50m▀[0m[38;2;101;98;58m[48;2;56;56;49m▀[0m[38;2;100;98;58m[48;2;23;22;18m▀[0m[38;2;78;76;55m[48;2;61;60;51m▀[0m[38;2;99;96;58m[48;2;58;57;51m▀[0m[38;2;88;84;56m[48;2;190;91;58m▀[0m[38;2;91;93;57m[48;2;184;89;56m▀[0m[38;2;234;122;58m[48;2;184;88;56m▀[0m[38;2;208;201;159m[48;2;203;100;56m▀[0m[38;2;242;215;169m[48;2;248;221;173m▀[0m[38;2;243;216;170m[48;2;95;86;67m▀[0m[38;2;237;208;160m[48;2;241;213;167m▀[0m[38;2;243;215;169m[48;2;251;233;183m▀[0m[38;2;242;214;167m[48;2;242;214;167m▀[0m[38;2;241;214;166m[48;2;242;215;168m▀[0m[38;2;242;215;169m[48;2;242;216;169m▀[0m[38;2;242;215;169m[48;2;243;216;170m▀[0m[38;2;242;215;169m[48;2;198;163;135m▀[0m[38;2;242;215;168m[48;2;184;146;125m▀[0m[38;2;116;103;80m[48;2;183;145;123m▀[0m[38;2;183;145;124m[48;2;106;84;71m▀[0m[38;2;189;150;128m[48;2;184;146;125m▀[0m[38;2;173;141;121m[48;2;184;89;57m▀[0m[38;2;184;87;56m[48;2;184;89;56m▀[0m[38;2;184;87;56m[48;2;181;86;55m▀[0m[38;2;184;89;56m[48;2;179;84;55m▀[0m[38;2;55;56;51m[48;2;21;21;19m▀[0m[38;2;59;58;51m[48;2;61;61;54m▀[0m[38;2;58;57;51m[48;2;108;51;32m▀[0m[38;2;184;88;56m[48;2;190;93;56m▀[0m[38;2;234;122;58m[48;2;234;122;58m▀[0m[38;2;0;0;0m[48;2;234;122;58m▀[0m[38;2;19;10;6m▄[0m   
     [38;2;46;44;39m▀[0m[38;2;80;70;59m▄[0m[38;2;49;48;43m[48;2;57;57;51m▀[0m[38;2;185;89;57m[48;2;44;53;50m▀[0m[38;2;184;88;56m[48;2;187;88;57m▀[0m[38;2;184;89;56m[48;2;142;68;44m▀[0m[38;2;182;87;56m[48;2;157;74;47m▀[0m[38;2;184;89;56m[48;2;184;85;54m▀[0m[38;2;90;75;66m[48;2;180;141;118m▀[0m[38;2;183;145;122m[48;2;94;73;63m▀[0m[38;2;183;144;121m[48;2;184;146;125m▀[0m[38;2;181;143;120m[48;2;184;146;125m▀[0m[38;2;183;145;123m[48;2;183;144;122m▀[0m[38;2;183;145;123m[48;2;26;20;17m▀[0m[38;2;143;113;96m[48;2;183;144;123m▀[0m[38;2;81;63;54m[48;2;183;144;123m▀[0m[38;2;184;146;125m[48;2;183;146;124m▀[0m[38;2;183;146;124m[48;2;182;144;121m▀[0m[38;2;184;146;125m[48;2;183;145;123m▀[0m[38;2;184;146;125m[48;2;183;145;123m▀[0m[38;2;57;29;20m[48;2;184;146;125m▀[0m[38;2;182;86;55m[48;2;24;11;7m▀[0m[38;2;183;87;56m[48;2;188;90;57m▀[0m[38;2;184;89;57m[48;2;187;89;56m▀[0m[38;2;57;27;16m[48;2;146;70;56m▀[0m[38;2;46;52;51m▄[0m[38;2;44;49;48m[48;2;47;51;50m▀[0m[38;2;41;49;49m▄[0m[38;2;88;41;27m▀[0m[38;2;188;90;55m▀[0m[38;2;231;119;56m[48;2;4;0;1m▀[0m[38;2;234;122;58m[48;2;240;123;58m▀[0m   
      [38;2;58;58;51m[48;2;47;54;50m▀[0m[38;2;52;55;51m[48;2;56;57;51m▀[0m[38;2;56;57;51m[48;2;56;56;51m▀[0m[38;2;182;88;56m[48;2;142;66;42m▀[0m[38;2;184;89;57m[48;2;180;85;55m▀[0m[38;2;184;89;56m[48;2;180;85;55m▀[0m[38;2;182;87;56m[48;2;183;87;56m▀[0m[38;2;184;87;56m[48;2;184;89;56m▀[0m[38;2;196;157;134m[48;2;22;12;11m▀[0m[38;2;183;145;122m[48;2;183;146;124m▀[0m[38;2;183;145;123m[48;2;184;146;125m▀[0m[38;2;183;146;124m[48;2;183;145;123m▀[0m[38;2;183;145;124m[48;2;184;146;125m▀[0m[38;2;184;146;124m[48;2;184;146;125m▀[0m[38;2;184;146;125m[48;2;183;146;124m▀[0m[38;2;183;145;124m[48;2;184;146;125m▀[0m[38;2;64;51;43m[48;2;184;146;125m▀[0m[38;2;184;146;125m[48;2;184;146;125m▀[0m[38;2;183;145;124m[48;2;74;58;49m▀[0m[38;2;106;45;26m[48;2;40;18;14m▀[0m[38;2;184;89;56m[48;2;146;70;57m▀[0m[38;2;175;84;57m[48;2;137;67;54m▀[0m[38;2;146;70;57m[48;2;133;63;51m▀[0m[38;2;146;70;57m[48;2;153;73;60m▀[0m[38;2;50;53;51m[48;2;19;17;17m▀[0m[38;2;44;50;49m[48;2;48;52;50m▀[0m[38;2;47;51;50m[48;2;29;36;36m▀[0m[38;2;144;68;56m[48;2;146;70;57m▀[0m[38;2;139;66;54m▄[0m  [38;2;37;20;8m▀[0m  
    [38;2;144;70;57m▄[0m[38;2;47;23;21m[48;2;184;89;57m▀[0m[38;2;184;89;57m[48;2;184;88;56m▀[0m[38;2;183;88;56m[48;2;184;88;56m▀[0m[38;2;48;51;50m[48;2;154;74;60m▀[0m[38;2;50;52;50m[48;2;46;51;49m▀[0m[38;2;146;70;57m[48;2;18;19;19m▀[0m[38;2;146;70;57m[48;2;144;69;56m▀[0m[38;2;146;70;57m[48;2;147;70;57m▀[0m[38;2;183;87;56m[48;2;151;72;58m▀[0m[38;2;184;88;56m[48;2;146;70;57m▀[0m[38;2;183;145;124m[48;2;144;104;99m▀[0m[38;2;170;134;112m[48;2;172;131;117m▀[0m[38;2;183;145;124m[48;2;34;26;23m▀[0m[38;2;184;146;124m[48;2;31;26;23m▀[0m[38;2;183;145;124m[48;2;19;15;12m▀[0m[38;2;184;146;125m▀[0m[38;2;185;149;128m▀[0m[38;2;197;166;148m▀[0m   [38;2;7;2;2m▀[0m[38;2;167;80;65m▀[0m[38;2;151;72;58m▀[0m[38;2;37;40;38m▀[0m[38;2;48;52;50m▀[0m[38;2;116;54;43m[48;2;160;77;62m▀[0m[38;2;34;16;13m[48;2;146;70;57m▀[0m[38;2;141;67;55m[48;2;169;81;66m▀[0m[38;2;146;70;57m[48;2;144;69;56m▀[0m[38;2;104;50;41m▄[0m    
    [38;2;141;68;55m▀[0m[38;2;183;87;55m[48;2;184;88;56m▀[0m[38;2;181;86;55m[48;2;184;89;56m▀[0m[38;2;20;9;5m▀[0m[38;2;146;70;57m[48;2;147;71;57m▀[0m[38;2;24;11;9m▀[0m                       [38;2;147;70;57m[48;2;36;17;14m▀[0m[38;2;23;11;8m▀[0m     
     [38;2;188;90;57m▀[0m  [38;2;20;9;8m▀[0m                               
                                        
                                        
                                        
