                                        
                                        
                                        
                                        
                                        
          [38;2;255;207;88m▄[0m[38;2;250;199;71m▄[0m[38;2;253;210;83m[48;2;255;214;111m▀[0m[38;2;255;212;108m[48;2;255;205;81m▀[0m[38;2;253;195;51m[48;2;255;203;74m▀[0m[38;2;255;204;79m[48;2;255;204;76m▀[0m[38;2;255;205;82m[48;2;255;204;78m▀[0m[38;2;231;184;69m[48;2;255;206;82m▀[0m[38;2;255;207;86m▄[0m[38;2;255;206;86m▄[0m         [38;2;75;70;61m▄[0m[38;2;20;19;17m[48;2;123;116;99m▀[0m         
       [38;2;211;178;82m▄[0m[38;2;203;167;74m[48;2;255;207;89m▀[0m[38;2;255;208;93m[48;2;255;213;108m▀[0m[38;2;255;210;97m[48;2;255;217;120m▀[0m[38;2;255;216;118m[48;2;255;223;141m▀[0m[38;2;255;209;96m[48;2;255;215;116m▀[0m[38;2;255;207;85m[48;2;255;213;107m▀[0m[38;2;255;206;83m[48;2;255;207;86m▀[0m[38;2;255;205;80m[48;2;255;206;82m▀[0m[38;2;255;205;81m[48;2;255;206;83m▀[0m[38;2;255;206;81m[48;2;255;207;85m▀[0m[38;2;255;206;83m[48;2;255;207;85m▀[0m[38;2;255;207;86m[48;2;255;207;85m▀[0m[38;2;255;206;84m[48;2;255;207;86m▀[0m[38;2;15;18;32m[48;2;255;206;86m▀[0m[38;2;29;22;25m▄[0m     [38;2;102;95;81m▄[0m[38;2;87;83;71m[48;2;90;85;73m▀[0m[38;2;97;91;79m▀[0m         
      [38;2;251;206;99m▄[0m[38;2;255;207;91m[48;2;255;210;99m▀[0m[38;2;255;211;99m[48;2;255;215;116m▀[0m[38;2;255;216;121m[48;2;255;218;127m▀[0m[38;2;255;227;158m[48;2;255;221;135m▀[0m[38;2;255;240;201m[48;2;255;230;167m▀[0m[38;2;255;224;145m[48;2;255;221;135m▀[0m[38;2;255;212;104m[48;2;255;213;108m▀[0m[38;2;255;208;89m[48;2;255;208;92m▀[0m[38;2;255;208;89m[48;2;249;201;79m▀[0m[38;2;255;206;85m[48;2;255;208;89m▀[0m[38;2;255;207;88m[48;2;255;208;90m▀[0m[38;2;255;207;89m[48;2;255;208;89m▀[0m[38;2;255;207;88m[48;2;255;208;89m▀[0m[38;2;255;207;87m[48;2;255;208;89m▀[0m[38;2;255;207;87m[48;2;254;205;84m▀[0m[38;2;255;205;73m[48;2;255;205;66m▀[0m[38;2;255;206;65m▄[0m[38;2;155;146;128m▄[0m[38;2;155;146;130m▄[0m[38;2;156;147;131m▄[0m[38;2;116;109;99m▄[0m [38;2;107;101;87m[48;2;124;117;99m▀[0m[38;2;90;85;73m[48;2;87;82;71m▀[0m         
     [38;2;253;213;114m▄[0m[38;2;251;204;87m[48;2;255;212;111m▀[0m[38;2;255;221;137m[48;2;255;216;120m▀[0m[38;2;255;224;141m[48;2;255;218;119m▀[0m[38;2;255;225;144m[48;2;255;218;119m▀[0m[38;2;255;224;143m[48;2;255;218;120m▀[0m[38;2;255;219;130m[48;2;255;215;114m▀[0m[38;2;255;215;114m[48;2;255;212;101m▀[0m[38;2;255;211;100m[48;2;255;209;92m▀[0m[38;2;255;209;90m[48;2;255;208;88m▀[0m[38;2;255;208;91m[48;2;255;206;83m▀[0m[38;2;255;207;87m[48;2;255;205;75m▀[0m[38;2;255;207;86m[48;2;255;204;70m▀[0m[38;2;255;208;89m[48;2;255;204;70m▀[0m[38;2;255;214;112m[48;2;254;206;73m▀[0m[38;2;254;205;81m[48;2;255;211;93m▀[0m[38;2;253;202;62m[48;2;255;203;61m▀[0m[38;2;255;203;60m[48;2;255;205;64m▀[0m[38;2;255;202;52m[48;2;255;201;50m▀[0m[38;2;204;204;204m[48;2;171;124;37m▀[0m[38;2;164;162;154m[48;2;147;147;147m▀[0m[38;2;144;134;118m[48;2;125;119;93m▀[0m[38;2;139;130;113m[48;2;128;119;102m▀[0m[38;2;136;128;111m[48;2;122;115;98m▀[0m[38;2;19;18;15m▄[0m[38;2;122;115;97m▀[0m[38;2;85;81;69m[48;2;87;82;71m▀[0m        
     [38;2;255;211;110m[48;2;255;210;95m▀[0m[38;2;255;213;112m[48;2;255;207;87m▀[0m[38;2;255;218;120m[48;2;255;212;104m▀[0m[38;2;255;219;122m[48;2;255;212;99m▀[0m[38;2;255;218;121m[48;2;255;209;87m▀[0m[38;2;255;216;111m[48;2;255;204;69m▀[0m[38;2;255;211;95m[48;2;255;202;63m▀[0m[38;2;255;207;83m[48;2;255;201;57m▀[0m[38;2;255;203;67m[48;2;255;199;50m▀[0m[38;2;255;201;59m[48;2;255;198;48m▀[0m[38;2;255;199;51m[48;2;255;198;48m▀[0m[38;2;255;201;55m[48;2;255;200;52m▀[0m[38;2;255;201;56m[48;2;255;200;52m▀[0m[38;2;255;202;59m[48;2;255;204;58m▀[0m[38;2;255;202;58m[48;2;255;203;59m▀[0m[38;2;255;212;92m[48;2;255;203;61m▀[0m[38;2;255;211;91m[48;2;255;211;89m▀[0m[38;2;255;202;54m[48;2;255;197;32m▀[0m[38;2;255;197;35m[48;2;229;176;29m▀[0m[38;2;239;184;28m[48;2;239;184;29m▀[0m[38;2;200;200;200m[48;2;197;197;197m▀[0m[38;2;197;197;197m[48;2;197;197;197m▀[0m[38;2;242;237;206m[48;2;137;131;105m▀[0m[38;2;121;114;97m[48;2;122;115;98m▀[0m[38;2;79;74;63m[48;2;120;113;98m▀[0m[38;2;87;82;71m▀[0m[38;2;98;92;79m▀[0m        
     [38;2;255;202;63m[48;2;255;203;60m▀[0m[38;2;255;203;63m[48;2;255;199;52m▀[0m[38;2;255;202;63m[48;2;255;200;56m▀[0m[38;2;255;204;68m[48;2;255;202;60m▀[0m[38;2;255;202;60m[48;2;255;203;66m▀[0m[38;2;255;202;62m[48;2;255;202;63m▀[0m[38;2;255;201;60m[48;2;255;201;57m▀[0m[38;2;255;200;57m[48;2;255;201;58m▀[0m[38;2;255;200;51m[48;2;255;200;53m▀[0m[38;2;255;200;51m[48;2;255;199;53m▀[0m[38;2;255;199;48m[48;2;255;202;60m▀[0m[38;2;255;200;50m[48;2;255;200;53m▀[0m[38;2;255;201;55m[48;2;255;201;55m▀[0m[38;2;252;195;41m[48;2;252;194;35m▀[0m[38;2;255;202;57m[48;2;255;202;55m▀[0m[38;2;255;202;60m[48;2;255;194;28m▀[0m[38;2;255;203;58m[48;2;233;178;26m▀[0m[38;2;238;183;31m[48;2;239;183;29m▀[0m[38;2;239;185;31m[48;2;238;185;35m▀[0m[38;2;237;183;30m[48;2;236;182;35m▀[0m[38;2;211;211;211m[48;2;196;196;196m▀[0m[38;2;196;196;196m[48;2;197;197;197m▀[0m[38;2;213;210;198m[48;2;184;184;184m▀[0m[38;2;236;233;201m[48;2;171;171;171m▀[0m[38;2;109;102;88m[48;2;173;168;136m▀[0m          
     [38;2;253;201;55m▀[0m[38;2;255;199;50m[48;2;255;201;53m▀[0m[38;2;251;192;34m[48;2;255;201;57m▀[0m[38;2;255;203;65m[48;2;255;203;64m▀[0m[38;2;255;203;65m[48;2;255;202;59m▀[0m[38;2;255;202;61m[48;2;255;201;57m▀[0m[38;2;255;201;58m[48;2;255;200;53m▀[0m[38;2;255;200;56m[48;2;255;199;52m▀[0m[38;2;255;200;55m[48;2;255;199;53m▀[0m[38;2;255;199;52m[48;2;255;199;51m▀[0m[38;2;255;200;55m[48;2;255;199;51m▀[0m[38;2;255;200;53m[48;2;255;198;46m▀[0m[38;2;255;201;57m[48;2;255;192;21m▀[0m[38;2;250;195;48m[48;2;255;191;18m▀[0m[38;2;255;197;41m[48;2;254;191;22m▀[0m[38;2;239;183;27m[48;2;236;180;27m▀[0m[38;2;239;182;26m[48;2;237;184;40m▀[0m[38;2;240;184;32m[48;2;238;188;51m▀[0m[38;2;238;186;44m[48;2;232;182;50m▀[0m[38;2;173;127;48m[48;2;128;143;194m▀[0m[38;2;186;181;150m[48;2;120;135;187m▀[0m[38;2;214;209;177m[48;2;127;133;151m▀[0m[38;2;171;171;171m[48;2;92;107;157m▀[0m[38;2;138;138;138m[48;2;81;77;67m▀[0m[38;2;96;91;63m[48;2;82;78;68m▀[0m[38;2;122;115;97m▄[0m[38;2;129;122;105m▄[0m[38;2;75;71;60m▄[0m       
      [38;2;249;186;17m▀[0m[38;2;245;188;34m[48;2;239;179;20m▀[0m[38;2;255;201;55m[48;2;236;176;19m▀[0m[38;2;255;201;55m[48;2;238;178;19m▀[0m[38;2;255;199;50m[48;2;230;171;19m▀[0m[38;2;255;200;50m[48;2;239;179;18m▀[0m[38;2;255;199;50m[48;2;236;175;17m▀[0m[38;2;255;199;48m[48;2;235;176;16m▀[0m[38;2;255;198;47m[48;2;235;175;17m▀[0m[38;2;254;189;17m[48;2;235;175;16m▀[0m[38;2;236;175;15m[48;2;237;177;16m▀[0m[38;2;235;176;16m[48;2;236;176;16m▀[0m[38;2;254;189;17m[48;2;254;189;17m▀[0m[38;2;232;173;18m[48;2;237;177;18m▀[0m[38;2;237;178;21m[48;2;236;177;20m▀[0m[38;2;236;179;23m[48;2;226;170;22m▀[0m[38;2;229;174;27m[48;2;229;173;25m▀[0m[38;2;230;176;30m[48;2;13;9;1m▀[0m[38;2;87;102;153m[48;2;151;146;115m▀[0m[38;2;91;107;159m[48;2;109;99;72m▀[0m[38;2;63;78;129m[48;2;174;169;138m▀[0m[38;2;72;62;54m[48;2;75;70;44m▀[0m[38;2;85;81;70m[48;2;90;86;75m▀[0m  [38;2;97;90;76m[48;2;122;115;98m▀[0m[38;2;44;41;36m▀[0m       
       [38;2;225;171;28m▀[0m[38;2;234;175;18m[48;2;222;169;27m▀[0m[38;2;235;176;17m[48;2;234;175;19m▀[0m[38;2;228;174;26m[48;2;234;174;16m▀[0m[38;2;255;192;24m[48;2;234;174;16m▀[0m[38;2;255;196;34m[48;2;205;153;16m▀[0m[38;2;233;173;17m[48;2;255;192;25m▀[0m[38;2;234;174;16m[48;2;255;193;27m▀[0m[38;2;237;177;16m[48;2;255;193;25m▀[0m[38;2;235;176;16m[48;2;255;194;29m▀[0m[38;2;238;177;18m[48;2;227;170;18m▀[0m[38;2;236;176;17m[48;2;228;171;18m▀[0m[38;2;232;174;18m[48;2;225;169;20m▀[0m[38;2;226;169;20m[48;2;248;186;23m▀[0m[38;2;245;185;23m[48;2;58;39;25m▀[0m[38;2;34;24;21m▀[0m  [38;2;56;54;47m▀[0m [38;2;77;73;63m▀[0m  [38;2;56;54;46m▄[0m[38;2;117;109;93m[48;2;111;105;89m▀[0m[38;2;59;58;50m▄[0m[38;2;45;40;34m[48;2;74;71;63m▀[0m[38;2;89;85;73m▄[0m     
          [38;2;230;172;19m▀[0m[38;2;228;170;17m▀[0m[38;2;225;168;17m[48;2;247;185;23m▀[0m[38;2;229;170;17m[48;2;231;172;20m▀[0m[38;2;226;168;18m[48;2;229;172;20m▀[0m[38;2;225;169;18m[48;2;230;173;21m▀[0m[38;2;226;169;17m[48;2;235;177;24m▀[0m[38;2;225;169;17m[48;2;245;184;24m▀[0m[38;2;243;181;19m▀[0m[38;2;251;190;27m▀[0m[38;2;45;43;40m▀[0m                   
                                        
                                        
                                        
                                        
                                        
