                                        
                                        
           [38;2;245;245;245m▄[0m[38;2;245;245;245m▄[0m[38;2;244;244;244m▄[0m[38;2;245;245;245m▄[0m                         
         [38;2;28;28;27m[48;2;229;226;231m▀[0m[38;2;245;245;245m[48;2;246;245;246m▀[0m[38;2;246;246;246m[48;2;245;245;245m▀[0m[38;2;245;245;245m[48;2;245;244;244m▀[0m[38;2;245;245;244m[48;2;245;244;244m▀[0m[38;2;246;245;246m[48;2;246;246;247m▀[0m[38;2;251;251;251m▄[0m       [38;2;196;196;195m[48;2;248;247;247m▀[0m[38;2;246;245;245m[48;2;245;245;245m▀[0m[38;2;246;245;246m[48;2;245;245;245m▀[0m[38;2;247;246;246m[48;2;247;246;246m▀[0m[38;2;248;248;247m[48;2;248;248;247m▀[0m[38;2;229;221;233m▄[0m           
        [38;2;92;89;94m▄[0m[38;2;212;205;216m[48;2;212;205;216m▀[0m[38;2;246;246;246m[48;2;222;218;225m▀[0m[38;2;244;244;244m[48;2;245;244;244m▀[0m[38;2;244;244;243m[48;2;244;245;245m▀[0m[38;2;244;244;244m[48;2;246;246;246m▀[0m[38;2;247;246;247m[48;2;245;245;245m▀[0m[38;2;246;247;247m[48;2;244;244;244m▀[0m       [38;2;242;242;242m[48;2;226;225;225m▀[0m[38;2;245;245;245m[48;2;247;246;246m▀[0m[38;2;247;246;246m[48;2;247;247;246m▀[0m[38;2;247;246;246m[48;2;247;247;247m▀[0m[38;2;247;247;247m[48;2;248;249;248m▀[0m[38;2;229;221;233m▀[0m           
       [38;2;16;14;14m[48;2;245;245;245m▀[0m[38;2;241;241;242m[48;2;244;244;244m▀[0m[38;2;210;203;214m[48;2;241;240;242m▀[0m[38;2;211;205;215m[48;2;211;205;215m▀[0m[38;2;246;245;245m[48;2;210;203;214m▀[0m[38;2;245;245;245m[48;2;245;245;245m▀[0m[38;2;244;244;244m[48;2;244;244;243m▀[0m[38;2;245;244;244m[48;2;244;244;244m▀[0m[38;2;245;245;244m[48;2;239;238;238m▀[0m[38;2;230;224;125m▄[0m      [38;2;166;165;164m[48;2;243;234;131m▀[0m[38;2;246;245;246m[48;2;248;248;248m▀[0m[38;2;248;248;247m[48;2;247;247;247m▀[0m[38;2;248;248;247m[48;2;248;248;247m▀[0m[38;2;218;212;222m[48;2;139;127;142m▀[0m[38;2;184;166;190m▄[0m           
        [38;2;244;243;242m▀[0m[38;2;242;242;241m[48;2;226;225;224m▀[0m[38;2;244;244;244m[48;2;244;244;244m▀[0m[38;2;242;240;241m[48;2;242;242;241m▀[0m[38;2;241;239;239m[48;2;244;244;244m▀[0m[38;2;244;244;244m[48;2;244;244;244m▀[0m[38;2;247;246;138m[48;2;210;197;117m▀[0m[38;2;48;45;29m[48;2;239;229;129m▀[0m[38;2;244;235;132m[48;2;244;239;135m▀[0m[38;2;242;234;132m▄[0m[38;2;6;5;3m[48;2;244;237;157m▀[0m[38;2;251;244;136m[48;2;244;237;163m▀[0m[38;2;237;228;128m[48;2;245;239;167m▀[0m[38;2;246;239;133m[48;2;245;238;164m▀[0m[38;2;95;91;51m[48;2;246;239;151m▀[0m[38;2;252;246;138m[48;2;245;236;132m▀[0m[38;2;185;184;104m[48;2;245;236;132m▀[0m[38;2;247;246;246m[48;2;231;226;127m▀[0m[38;2;121;117;62m[48;2;223;212;123m▀[0m[38;2;182;166;190m[48;2;183;166;190m▀[0m[38;2;207;194;215m▀[0m           
            [38;2;34;34;34m▀[0m[38;2;196;183;108m[48;2;61;58;34m▀[0m[38;2;211;198;119m[48;2;244;235;131m▀[0m[38;2;244;235;132m[48;2;244;235;132m▀[0m[38;2;243;234;130m[48;2;243;234;131m▀[0m[38;2;246;238;153m[48;2;245;238;169m▀[0m[38;2;246;240;177m[48;2;247;242;186m▀[0m[38;2;247;242;185m[48;2;247;242;186m▀[0m[38;2;247;242;185m[48;2;250;245;188m▀[0m[38;2;250;245;188m[48;2;250;245;187m▀[0m[38;2;250;245;187m[48;2;250;245;188m▀[0m[38;2;247;239;146m[48;2;248;241;166m▀[0m[38;2;245;236;132m[48;2;245;236;132m▀[0m[38;2;245;236;132m[48;2;245;236;132m▀[0m[38;2;222;221;125m[48;2;245;236;132m▀[0m[38;2;1;0;0m[48;2;189;187;107m▀[0m            
            [38;2;156;151;84m▄[0m[38;2;243;234;131m[48;2;244;235;132m▀[0m[38;2;244;235;132m[48;2;243;234;131m▀[0m[38;2;243;234;131m[48;2;241;232;130m▀[0m[38;2;241;232;131m[48;2;243;235;138m▀[0m[38;2;243;235;142m[48;2;243;235;148m▀[0m[38;2;247;242;186m[48;2;246;239;151m▀[0m[38;2;250;245;188m[48;2;244;235;148m▀[0m[38;2;247;242;186m[48;2;151;148;103m▀[0m[38;2;247;242;186m[48;2;242;233;129m▀[0m[38;2;213;204;210m[48;2;237;228;135m▀[0m[38;2;177;162;201m[48;2;161;142;194m▀[0m[38;2;163;143;196m[48;2;162;143;194m▀[0m[38;2;185;170;184m[48;2;244;235;134m▀[0m[38;2;245;236;132m[48;2;245;236;132m▀[0m[38;2;245;236;132m[48;2;250;244;137m▀[0m[38;2;242;234;131m▄[0m           
            [38;2;243;234;131m[48;2;242;233;130m▀[0m[38;2;243;234;130m[48;2;242;233;130m▀[0m[38;2;241;232;130m[48;2;243;234;131m▀[0m[38;2;242;233;131m[48;2;241;232;130m▀[0m[38;2;241;232;130m[48;2;241;233;131m▀[0m[38;2;242;234;131m[48;2;243;234;131m▀[0m[38;2;243;234;131m[48;2;243;233;130m▀[0m[38;2;238;230;126m[48;2;240;232;130m▀[0m[38;2;30;30;29m[48;2;22;23;23m▀[0m[38;2;57;51;49m[48;2;240;231;129m▀[0m[38;2;241;232;130m[48;2;243;234;131m▀[0m[38;2;160;141;193m[48;2;245;236;132m▀[0m[38;2;162;142;194m[48;2;160;140;195m▀[0m[38;2;245;236;132m[48;2;241;232;130m▀[0m[38;2;243;234;131m[48;2;243;235;131m▀[0m[38;2;46;41;40m[48;2;79;94;90m▀[0m[38;2;252;246;137m[48;2;242;233;131m▀[0m           
           [38;2;15;15;8m▄[0m[38;2;240;230;130m[48;2;242;233;131m▀[0m[38;2;242;234;131m[48;2;242;234;131m▀[0m[38;2;242;234;130m[48;2;241;233;130m▀[0m[38;2;242;233;131m[48;2;243;234;131m▀[0m[38;2;243;234;131m[48;2;243;234;131m▀[0m[38;2;242;234;131m[48;2;243;235;131m▀[0m[38;2;241;232;129m[48;2;242;233;131m▀[0m[38;2;185;179;100m[48;2;2;2;5m▀[0m[38;2;187;224;217m[48;2;187;225;217m▀[0m[38;2;23;24;23m[48;2;20;20;21m▀[0m[38;2;245;236;132m[48;2;243;235;131m▀[0m[38;2;245;236;132m[48;2;243;234;131m▀[0m[38;2;241;232;130m[48;2;243;234;131m▀[0m[38;2;241;232;129m[48;2;242;233;130m▀[0m[38;2;110;106;61m[48;2;72;69;38m▀[0m[38;2;188;226;218m[48;2;187;224;217m▀[0m[38;2;244;235;132m[48;2;244;235;132m▀[0m[38;2;62;59;33m[48;2;145;141;80m▀[0m          
       [38;2;218;203;122m▄[0m[38;2;0;0;0m[48;2;217;203;122m▀[0m[38;2;216;201;122m▄[0m[38;2;218;203;122m▄[0m[38;2;20;19;11m[48;2;216;203;121m▀[0m[38;2;242;234;131m[48;2;241;232;130m▀[0m[38;2;242;233;131m[48;2;243;234;131m▀[0m[38;2;243;234;131m[48;2;243;234;131m▀[0m[38;2;243;234;131m[48;2;243;234;131m▀[0m[38;2;243;234;131m[48;2;240;232;129m▀[0m[38;2;240;231;129m[48;2;241;232;130m▀[0m[38;2;242;233;130m[48;2;241;232;130m▀[0m[38;2;157;151;84m[48;2;242;233;131m▀[0m[38;2;207;233;228m[48;2;57;52;49m▀[0m[38;2;24;25;24m[48;2;238;230;128m▀[0m[38;2;241;232;129m[48;2;239;231;129m▀[0m[38;2;90;84;65m[48;2;79;75;45m▀[0m[38;2;170;151;200m[48;2;162;142;194m▀[0m[38;2;244;237;133m[48;2;249;242;135m▀[0m[38;2;244;236;132m[48;2;244;235;132m▀[0m[38;2;36;41;40m[48;2;243;234;131m▀[0m[38;2;245;236;132m[48;2;242;233;131m▀[0m[38;2;49;47;27m[48;2;17;15;10m▀[0m[38;2;181;159;107m[48;2;181;160;107m▀[0m[38;2;181;160;107m▄[0m        
       [38;2;146;136;80m[48;2;10;26;17m▀[0m[38;2;217;202;122m[48;2;217;202;121m▀[0m[38;2;217;203;122m[48;2;218;204;122m▀[0m[38;2;217;203;122m[48;2;217;203;122m▀[0m[38;2;217;203;122m[48;2;216;202;122m▀[0m[38;2;241;232;130m[48;2;237;227;130m▀[0m[38;2;243;234;131m[48;2;244;235;131m▀[0m[38;2;243;234;131m[48;2;243;234;131m▀[0m[38;2;242;234;131m[48;2;251;247;191m▀[0m[38;2;237;229;128m[48;2;246;242;186m▀[0m[38;2;242;232;134m[48;2;241;233;146m▀[0m[38;2;239;230;129m[48;2;237;229;128m▀[0m[38;2;237;229;128m[48;2;241;232;129m▀[0m[38;2;241;232;130m[48;2;242;233;131m▀[0m[38;2;242;233;131m[48;2;241;233;129m▀[0m[38;2;241;232;129m[48;2;243;234;131m▀[0m[38;2;243;234;131m[48;2;243;234;131m▀[0m[38;2;245;236;132m[48;2;244;235;132m▀[0m[38;2;244;235;132m[48;2;242;233;130m▀[0m[38;2;243;234;131m[48;2;245;236;132m▀[0m[38;2;245;236;132m[48;2;242;233;131m▀[0m[38;2;236;226;127m[48;2;207;194;116m▀[0m[38;2;207;194;117m[48;2;207;194;117m▀[0m[38;2;211;198;118m[48;2;212;199;119m▀[0m[38;2;211;198;118m[48;2;216;202;121m▀[0m[38;2;50;47;28m[48;2;147;126;93m▀[0m[38;2;18;16;10m▄[0m      
       [38;2;166;238;198m[48;2;61;114;83m▀[0m[38;2;216;203;120m[48;2;155;227;187m▀[0m[38;2;218;203;121m[48;2;244;236;131m▀[0m[38;2;217;202;121m[48;2;243;234;131m▀[0m[38;2;227;215;126m[48;2;244;235;132m▀[0m[38;2;244;235;132m[48;2;247;242;172m▀[0m[38;2;243;234;131m[48;2;133;126;63m▀[0m[38;2;242;233;131m[48;2;190;168;112m▀[0m[38;2;244;237;136m[48;2;108;180;140m▀[0m[38;2;93;166;124m[48;2;107;180;140m▀[0m[38;2;111;184;143m[48;2;126;198;158m▀[0m[38;2;108;178;138m[48;2;126;198;158m▀[0m[38;2;228;224;126m[48;2;127;199;159m▀[0m[38;2;242;233;131m[48;2;126;198;158m▀[0m[38;2;243;234;130m[48;2;248;242;137m▀[0m[38;2;243;234;131m[48;2;242;233;130m▀[0m[38;2;243;234;131m[48;2;243;234;131m▀[0m[38;2;242;233;130m[48;2;245;236;132m▀[0m[38;2;245;236;132m[48;2;244;235;132m▀[0m[38;2;243;234;131m[48;2;241;232;130m▀[0m[38;2;240;232;129m[48;2;229;218;124m▀[0m[38;2;207;193;116m[48;2;211;198;119m▀[0m[38;2;211;198;119m[48;2;215;201;121m▀[0m[38;2;42;58;32m[48;2;123;195;155m▀[0m[38;2;122;194;154m[48;2;125;197;157m▀[0m[38;2;155;134;95m[48;2;126;198;158m▀[0m       
        [38;2;153;225;185m▀[0m[38;2;151;224;184m[48;2;153;225;185m▀[0m[38;2;245;238;142m[48;2;153;225;185m▀[0m[38;2;245;236;135m[48;2;250;244;185m▀[0m[38;2;246;240;168m[48;2;244;238;167m▀[0m[38;2;168;157;88m[48;2;211;198;119m▀[0m[38;2;178;157;106m[48;2;112;185;144m▀[0m[38;2;108;181;140m[48;2;126;198;158m▀[0m[38;2;126;198;158m[48;2;64;52;18m▀[0m[38;2;126;199;158m[48;2;94;76;33m▀[0m[38;2;128;200;160m[48;2;30;72;49m▀[0m[38;2;127;199;159m[48;2;127;199;159m▀[0m[38;2;127;199;159m[48;2;128;200;160m▀[0m[38;2;126;198;158m[48;2;126;198;158m▀[0m[38;2;241;233;131m[48;2;245;236;132m▀[0m[38;2;245;236;132m[48;2;241;232;129m▀[0m[38;2;244;235;132m[48;2;241;232;130m▀[0m[38;2;238;229;128m[48;2;239;230;129m▀[0m[38;2;238;229;128m[48;2;242;233;131m▀[0m[38;2;241;233;131m[48;2;242;233;131m▀[0m[38;2;210;197;118m[48;2;227;226;127m▀[0m[38;2;125;197;157m[48;2;124;197;156m▀[0m[38;2;124;196;156m[48;2;141;215;174m▀[0m[38;2;145;219;178m[48;2;106;178;138m▀[0m[38;2;91;163;123m▀[0m       
          [38;2;154;227;187m▀[0m[38;2;153;225;185m▀[0m[38;2;141;215;174m[48;2;151;224;184m▀[0m[38;2;128;200;160m[48;2;139;212;172m▀[0m[38;2;125;197;157m[48;2;132;205;164m▀[0m[38;2;96;77;34m[48;2;90;71;28m▀[0m[38;2;91;72;30m[48;2;94;74;32m▀[0m[38;2;92;73;31m[48;2;93;74;32m▀[0m[38;2;93;73;31m[48;2;92;73;31m▀[0m[38;2;92;73;31m[48;2;93;74;32m▀[0m[38;2;139;212;171m[48;2;94;75;33m▀[0m[38;2;127;199;159m[48;2;151;223;183m▀[0m[38;2;126;199;159m[48;2;148;220;180m▀[0m[38;2;246;237;133m[48;2;137;209;169m▀[0m[38;2;240;231;129m[48;2;129;202;162m▀[0m[38;2;242;233;130m[48;2;127;199;159m▀[0m[38;2;239;231;128m[48;2;125;198;157m▀[0m[38;2;129;201;161m[48;2;126;198;158m▀[0m[38;2;125;197;157m[48;2;7;28;16m▀[0m[38;2;124;196;157m▀[0m          
               [38;2;8;5;0m▀[0m[38;2;85;66;24m[48;2;185;168;192m▀[0m[38;2;93;74;31m[48;2;186;168;191m▀[0m[38;2;94;74;32m[48;2;71;53;16m▀[0m[38;2;92;73;31m[48;2;91;71;29m▀[0m[38;2;92;73;31m[48;2;92;73;31m▀[0m[38;2;93;74;32m[48;2;95;75;33m▀[0m[38;2;20;53;29m[48;2;34;26;8m▀[0m[38;2;147;221;179m[48;2;134;107;169m▀[0m[38;2;161;234;194m[48;2;50;40;62m▀[0m[38;2;129;200;161m▀[0m              
                [38;2;162;143;195m▀[0m[38;2;158;137;190m▀[0m     [38;2;0;0;0m▀[0m                
                                        
                                        
