                                        
                                        
                                        
             [38;2;248;220;220m▄[0m[38;2;248;220;221m▄[0m[38;2;37;31;31m[48;2;248;220;221m▀[0m[38;2;246;213;213m▄[0m                       
            [38;2;240;225;225m[48;2;248;220;220m▀[0m[38;2;248;220;221m[48;2;251;228;229m▀[0m[38;2;248;220;221m[48;2;192;146;155m▀[0m[38;2;134;124;124m[48;2;175;134;141m▀[0m[38;2;246;213;214m[48;2;243;208;209m▀[0m[38;2;62;37;47m▄[0m                      
              [38;2;233;223;224m▀[0m[38;2;173;132;139m[48;2;8;5;6m▀[0m[38;2;184;104;139m[48;2;176;102;134m▀[0m                  [38;2;32;29;37m▄[0m    
           [38;2;235;165;194m▄[0m[38;2;239;174;205m[48;2;235;167;195m▀[0m[38;2;235;165;194m[48;2;235;166;194m▀[0m[38;2;234;165;194m[48;2;234;159;191m▀[0m[38;2;249;220;218m[48;2;235;166;194m▀[0m[38;2;232;149;183m[48;2;232;150;184m▀[0m[38;2;231;148;182m[48;2;231;148;183m▀[0m[38;2;231;148;182m[48;2;231;147;182m▀[0m[38;2;231;148;183m▄[0m            [38;2;177;164;204m▄[0m[38;2;194;181;223m[48;2;174;161;199m▀[0m[38;2;175;163;200m[48;2;174;161;199m▀[0m[38;2;172;160;198m[48;2;198;189;217m▀[0m[38;2;198;190;217m[48;2;198;190;217m▀[0m[38;2;214;206;234m[48;2;198;190;217m▀[0m[38;2;176;164;201m▄[0m 
         [38;2;226;117;154m▄[0m[38;2;246;181;211m[48;2;226;117;154m▀[0m[38;2;235;165;194m[48;2;226;115;153m▀[0m[38;2;234;164;193m[48;2;236;169;197m▀[0m[38;2;236;166;195m[48;2;235;165;194m▀[0m[38;2;237;178;201m[48;2;235;165;194m▀[0m[38;2;235;166;195m[48;2;232;151;185m▀[0m[38;2;232;151;184m[48;2;231;148;183m▀[0m[38;2;232;149;183m[48;2;231;147;182m▀[0m[38;2;232;149;183m[48;2;231;148;183m▀[0m[38;2;231;147;182m[48;2;232;150;184m▀[0m[38;2;240;102;152m[48;2;251;162;199m▀[0m[38;2;231;96;146m[48;2;223;97;141m▀[0m[38;2;223;96;140m▄[0m        [38;2;119;98;159m▄[0m[38;2;174;161;200m[48;2;119;98;159m▀[0m[38;2;175;162;199m[48;2;157;139;186m▀[0m[38;2;200;192;218m[48;2;136;115;149m▀[0m[38;2;171;158;197m[48;2;197;185;225m▀[0m[38;2;124;104;135m[48;2;200;192;218m▀[0m[38;2;159;144;179m[48;2;126;106;137m▀[0m[38;2;175;162;199m[48;2;127;106;137m▀[0m[38;2;102;85;111m▄[0m
        [38;2;224;110;149m[48;2;225;111;150m▀[0m[38;2;225;111;150m[48;2;228;112;152m▀[0m[38;2;225;110;150m[48;2;255;255;255m▀[0m[38;2;169;85;114m[48;2;245;121;164m▀[0m[38;2;225;114;152m[48;2;226;117;154m▀[0m[38;2;226;117;154m[48;2;225;104;145m▀[0m[38;2;226;110;149m[48;2;223;95;140m▀[0m[38;2;196;82;122m[48;2;223;96;140m▀[0m[38;2;179;95;129m[48;2;222;91;138m▀[0m[38;2;181;108;139m[48;2;222;91;138m▀[0m[38;2;186;110;142m[48;2;207;89;130m▀[0m[38;2;179;105;136m[48;2;223;96;140m▀[0m[38;2;184;106;140m[48;2;222;94;140m▀[0m[38;2;222;92;138m[48;2;222;93;139m▀[0m[38;2;222;92;138m[48;2;222;96;140m▀[0m[38;2;235;100;151m[48;2;224;99;143m▀[0m     [38;2;124;102;161m▄[0m[38;2;121;99;160m[48;2;123;102;161m▀[0m[38;2;121;99;160m[48;2;120;98;159m▀[0m[38;2;159;141;187m[48;2;158;140;187m▀[0m[38;2;157;139;186m[48;2;159;141;187m▀[0m[38;2;198;190;217m[48;2;200;192;218m▀[0m[38;2;145;139;158m[48;2;123;102;133m▀[0m[38;2;173;160;199m[48;2;86;73;93m▀[0m[38;2;41;34;42m[48;2;124;104;135m▀[0m[38;2;124;104;136m[48;2;135;114;149m▀[0m 
       [38;2;126;48;75m[48;2;242;157;196m▀[0m[38;2;221;89;137m[48;2;222;89;136m▀[0m[38;2;243;244;243m[48;2;97;97;129m▀[0m[38;2;65;61;67m[48;2;134;124;164m▀[0m[38;2;247;111;159m[48;2;222;93;138m▀[0m[38;2;223;98;141m[48;2;223;96;140m▀[0m[38;2;223;95;140m[48;2;222;93;139m▀[0m[38;2;223;96;141m[48;2;222;93;139m▀[0m[38;2;223;97;141m[48;2;223;95;140m▀[0m[38;2;222;93;139m[48;2;222;94;140m▀[0m[38;2;222;93;139m[48;2;233;100;147m▀[0m[38;2;79;27;44m[48;2;255;255;255m▀[0m[38;2;239;100;150m[48;2;255;255;255m▀[0m[38;2;222;92;138m[48;2;223;94;140m▀[0m[38;2;222;92;139m[48;2;222;93;139m▀[0m[38;2;223;97;141m[48;2;222;94;140m▀[0m[38;2;223;96;141m[48;2;224;99;143m▀[0m[38;2;59;23;36m[48;2;232;101;148m▀[0m   [38;2;2;1;2m[48;2;19;20;11m▀[0m[38;2;87;71;111m[48;2;88;72;111m▀[0m[38;2;85;70;110m[48;2;87;71;111m▀[0m[38;2;63;52;82m[48;2;89;71;111m▀[0m[38;2;161;142;187m[48;2;90;73;114m▀[0m[38;2;122;100;160m[48;2;119;99;159m▀[0m[38;2;122;100;159m[48;2;85;69;109m▀[0m[38;2;126;106;138m[48;2;86;69;109m▀[0m[38;2;49;41;52m[48;2;87;71;111m▀[0m[38;2;126;106;137m▀[0m  
       [38;2;218;144;178m▀[0m[38;2;232;151;185m[48;2;232;150;184m▀[0m[38;2;223;96;140m[48;2;223;96;141m▀[0m[38;2;223;95;140m[48;2;222;92;138m▀[0m[38;2;223;96;140m[48;2;139;34;121m▀[0m[38;2;223;97;141m[48;2;138;33;121m▀[0m[38;2;247;104;155m[48;2;117;26;103m▀[0m[38;2;222;93;139m[48;2;137;30;120m▀[0m[38;2;223;96;141m[48;2;48;15;43m▀[0m[38;2;222;93;139m[48;2;223;95;140m▀[0m[38;2;29;28;37m[48;2;232;100;148m▀[0m[38;2;130;119;160m[48;2;145;134;172m▀[0m[38;2;255;255;255m[48;2;53;17;24m▀[0m[38;2;222;95;140m[48;2;223;97;141m▀[0m[38;2;223;95;140m[48;2;222;91;138m▀[0m[38;2;223;98;143m[48;2;233;154;187m▀[0m[38;2;222;95;140m[48;2;233;154;187m▀[0m[38;2;214;93;136m[48;2;6;8;5m▀[0m    [38;2;88;70;111m[48;2;118;98;159m▀[0m[38;2;87;70;110m[48;2;121;99;160m▀[0m[38;2;89;71;112m[48;2;71;57;89m▀[0m[38;2;86;70;110m[48;2;86;70;110m▀[0m[38;2;84;69;108m[48;2;86;70;110m▀[0m[38;2;87;71;112m[48;2;85;70;110m▀[0m[38;2;88;71;111m[48;2;57;46;72m▀[0m    
        [38;2;232;150;184m▀[0m[38;2;223;96;140m[48;2;223;95;140m▀[0m[38;2;222;92;138m[48;2;222;94;140m▀[0m[38;2;234;104;151m[48;2;222;93;139m▀[0m[38;2;110;23;98m[48;2;223;95;140m▀[0m[38;2;223;96;141m[48;2;223;96;140m▀[0m[38;2;232;113;154m[48;2;223;96;141m▀[0m[38;2;128;37;114m[48;2;212;91;132m▀[0m[38;2;121;35;109m[48;2;103;51;68m▀[0m[38;2;223;96;141m[48;2;222;90;138m▀[0m[38;2;223;96;141m[48;2;221;89;137m▀[0m[38;2;223;96;141m[48;2;222;91;138m▀[0m[38;2;222;94;138m[48;2;231;146;181m▀[0m[38;2;232;151;184m[48;2;232;153;186m▀[0m[38;2;231;148;183m[48;2;233;151;185m▀[0m[38;2;232;152;186m[48;2;5;6;4m▀[0m[38;2;228;98;144m▄[0m[38;2;13;13;11m[48;2;230;99;145m▀[0m[38;2;225;111;151m[48;2;223;94;140m▀[0m[38;2;62;33;42m[48;2;224;92;140m▀[0m[38;2;11;10;18m[48;2;148;128;178m▀[0m[38;2;123;102;162m[48;2;91;73;112m▀[0m[38;2;86;69;109m▀[0m[38;2;59;48;75m▀[0m[38;2;69;61;95m▀[0m[38;2;71;62;96m▀[0m[38;2;13;12;12m▀[0m     
          [38;2;223;95;141m[48;2;31;12;19m▀[0m[38;2;223;96;141m[48;2;28;12;18m▀[0m[38;2;223;96;141m[48;2;190;79;120m▀[0m[38;2;223;95;140m[48;2;218;94;138m▀[0m[38;2;223;97;141m[48;2;222;94;140m▀[0m[38;2;223;96;141m[48;2;221;90;137m▀[0m[38;2;223;94;140m[48;2;215;86;133m▀[0m[38;2;222;90;137m[48;2;191;74;118m▀[0m[38;2;222;90;137m[48;2;160;63;103m▀[0m[38;2;222;90;138m[48;2;163;64;104m▀[0m[38;2;232;146;182m[48;2;162;59;101m▀[0m[38;2;168;96;128m[48;2;181;71;116m▀[0m[38;2;34;18;24m[48;2;226;99;144m▀[0m[38;2;224;94;140m[48;2;223;97;141m▀[0m[38;2;223;96;141m[48;2;222;92;138m▀[0m[38;2;121;54;77m[48;2;124;102;163m▀[0m[38;2;65;60;93m[48;2;120;98;159m▀[0m[38;2;253;126;170m[48;2;222;93;139m▀[0m[38;2;226;114;152m[48;2;223;98;142m▀[0m[38;2;226;98;144m▄[0m          
      [38;2;222;95;140m▄[0m[38;2;30;18;21m[48;2;223;100;143m▀[0m[38;2;222;94;139m[48;2;225;112;151m▀[0m[38;2;222;91;138m[48;2;222;90;137m▀[0m[38;2;191;75;119m[48;2;222;90;138m▀[0m[38;2;165;67;106m[48;2;159;62;101m▀[0m[38;2;167;71;108m[48;2;164;64;105m▀[0m[38;2;164;65;105m[48;2;163;64;104m▀[0m[38;2;166;70;108m[48;2;164;64;104m▀[0m[38;2;168;71;108m[48;2;191;176;218m▀[0m[38;2;79;70;90m[48;2;173;160;198m▀[0m[38;2;23;14;19m[48;2;190;179;206m▀[0m[38;2;19;8;12m[48;2;127;106;137m▀[0m[38;2;163;64;104m[48;2;163;63;104m▀[0m[38;2;165;66;106m[48;2;166;70;107m▀[0m[38;2;197;79;123m[48;2;222;91;138m▀[0m[38;2;223;95;140m[48;2;223;96;140m▀[0m[38;2;223;97;141m[48;2;223;96;140m▀[0m[38;2;223;97;141m[48;2;222;91;138m▀[0m[38;2;89;72;111m[48;2;164;66;105m▀[0m[38;2;56;45;72m[48;2;186;72;118m▀[0m[38;2;92;39;54m[48;2;222;92;138m▀[0m[38;2;223;95;141m[48;2;222;94;139m▀[0m           
   [38;2;222;91;138m▄[0m[38;2;222;91;138m▄[0m[38;2;222;91;138m[48;2;224;100;144m▀[0m[38;2;225;114;152m[48;2;225;111;150m▀[0m[38;2;226;115;153m[48;2;222;91;138m▀[0m[38;2;222;91;138m[48;2;222;90;138m▀[0m[38;2;222;90;137m[48;2;223;95;140m▀[0m[38;2;222;90;138m[48;2;223;96;140m▀[0m[38;2;224;92;139m[48;2;222;90;137m▀[0m[38;2;164;64;105m[48;2;130;51;83m▀[0m[38;2;163;64;104m[48;2;223;94;140m▀[0m[38;2;27;27;33m[48;2;176;164;202m▀[0m[38;2;176;164;200m[48;2;176;163;200m▀[0m[38;2;174;162;199m[48;2;176;163;199m▀[0m[38;2;195;186;214m[48;2;174;162;199m▀[0m[38;2;123;103;135m[48;2;123;103;135m▀[0m[38;2;72;68;83m[48;2;122;103;134m▀[0m[38;2;226;97;142m[48;2;222;90;138m▀[0m[38;2;223;98;141m[48;2;222;90;137m▀[0m[38;2;221;90;137m[48;2;222;90;138m▀[0m[38;2;222;90;138m[48;2;222;94;140m▀[0m[38;2;222;93;139m[48;2;223;95;140m▀[0m[38;2;221;91;138m[48;2;63;24;38m▀[0m[38;2;222;96;140m▀[0m[38;2;157;63;101m▀[0m[38;2;168;67;108m▀[0m           
   [38;2;221;90;138m[48;2;253;105;160m▀[0m[38;2;225;92;139m[48;2;222;90;137m▀[0m[38;2;222;92;139m[48;2;222;90;138m▀[0m[38;2;222;93;139m[48;2;141;59;88m▀[0m[38;2;222;91;138m[48;2;222;90;138m▀[0m[38;2;222;90;137m[48;2;222;90;137m▀[0m[38;2;222;93;139m[48;2;222;91;138m▀[0m[38;2;223;95;140m[48;2;229;95;144m▀[0m[38;2;226;97;143m[48;2;223;95;140m▀[0m[38;2;222;92;138m[48;2;222;91;138m▀[0m[38;2;222;92;138m[48;2;223;97;142m▀[0m[38;2;226;94;140m[48;2;222;93;139m▀[0m[38;2;124;104;135m[48;2;223;94;140m▀[0m[38;2;125;105;136m[48;2;81;72;88m▀[0m[38;2;126;106;136m[48;2;140;121;149m▀[0m[38;2;107;89;115m[48;2;211;90;133m▀[0m[38;2;221;89;136m[48;2;222;90;137m▀[0m[38;2;253;106;162m▄[0m                   
    [38;2;222;91;138m▀[0m[38;2;184;75;114m[48;2;6;5;5m▀[0m[38;2;222;91;138m[48;2;222;90;137m▀[0m[38;2;222;90;137m[48;2;214;85;132m▀[0m[38;2;236;95;146m▀[0m [38;2;31;12;19m[48;2;118;48;73m▀[0m[38;2;223;95;140m[48;2;222;91;138m▀[0m[38;2;222;91;138m[48;2;223;97;142m▀[0m[38;2;222;94;140m[48;2;224;107;148m▀[0m[38;2;223;96;141m[48;2;222;95;140m▀[0m[38;2;222;93;139m[48;2;222;91;138m▀[0m[38;2;222;91;138m[48;2;222;91;138m▀[0m[38;2;186;76;117m[48;2;222;91;138m▀[0m[38;2;222;92;138m[48;2;222;93;139m▀[0m[38;2;223;96;140m[48;2;222;90;137m▀[0m[38;2;222;90;137m[48;2;221;90;137m▀[0m                   
                                        
                                        
                                        
