          [38;2;239;198;81m▄[0m[38;2;255;208;91m▄[0m[38;2;254;214;92m[48;2;173;172;172m▀[0m[38;2;255;208;91m[48;2;255;207;88m▀[0m[38;2;255;208;91m[48;2;255;206;83m▀[0m[38;2;255;207;88m[48;2;255;207;85m▀[0m[38;2;255;210;91m[48;2;255;208;91m▀[0m[38;2;27;24;17m[48;2;255;208;91m▀[0m[38;2;255;208;91m▄[0m[38;2;254;208;92m▄[0m                    
        [38;2;15;10;7m▄[0m[38;2;254;207;84m[48;2;149;119;46m▀[0m[38;2;253;206;81m[48;2;4;3;6m▀[0m[38;2;255;206;84m[48;2;192;150;47m▀[0m[38;2;83;86;130m[48;2;255;206;77m▀[0m[38;2;255;204;76m[48;2;255;204;75m▀[0m[38;2;255;206;84m[48;2;255;204;76m▀[0m[38;2;255;206;84m[48;2;255;204;76m▀[0m[38;2;255;207;88m[48;2;255;204;76m▀[0m[38;2;255;208;91m[48;2;255;207;88m▀[0m[38;2;255;208;91m[48;2;255;208;91m▀[0m[38;2;255;208;91m[48;2;255;208;91m▀[0m[38;2;255;208;91m[48;2;255;208;91m▀[0m[38;2;232;190;74m[48;2;255;208;91m▀[0m[38;2;255;208;91m▄[0m                 
       [38;2;26;23;24m[48;2;124;132;254m▀[0m[38;2;147;153;255m[48;2;124;131;255m▀[0m[38;2;147;153;255m[48;2;124;131;255m▀[0m[38;2;147;153;255m[48;2;124;131;255m▀[0m[38;2;124;131;255m[48;2;124;131;255m▀[0m[38;2;124;131;255m[48;2;124;131;255m▀[0m[38;2;120;92;28m[48;2;124;131;255m▀[0m[38;2;255;204;76m[48;2;255;204;76m▀[0m[38;2;255;204;76m[48;2;255;204;76m▀[0m[38;2;255;204;76m[48;2;255;204;75m▀[0m[38;2;255;206;84m[48;2;255;203;75m▀[0m[38;2;255;208;91m[48;2;255;208;91m▀[0m[38;2;255;208;91m[48;2;255;208;91m▀[0m[38;2;255;208;91m[48;2;255;208;91m▀[0m[38;2;255;208;91m[48;2;255;208;91m▀[0m[38;2;255;208;91m[48;2;255;208;91m▀[0m[38;2;255;208;91m[48;2;255;208;91m▀[0m[38;2;255;208;91m▄[0m               
        [38;2;95;101;205m[48;2;15;12;11m▀[0m[38;2;111;117;220m[48;2;122;93;26m▀[0m[38;2;117;123;226m[48;2;34;24;17m▀[0m[38;2;119;125;228m[48;2;123;97;36m▀[0m[38;2;119;125;227m[48;2;255;204;76m▀[0m[38;2;34;25;12m[48;2;255;204;76m▀[0m[38;2;255;204;75m[48;2;255;204;76m▀[0m[38;2;255;204;76m[48;2;255;204;76m▀[0m[38;2;255;204;76m[48;2;255;204;76m▀[0m[38;2;255;204;76m[48;2;255;204;76m▀[0m[38;2;255;204;76m[48;2;255;204;76m▀[0m[38;2;255;208;91m[48;2;255;204;76m▀[0m[38;2;255;208;91m[48;2;255;207;88m▀[0m[38;2;255;208;91m[48;2;255;208;91m▀[0m[38;2;255;208;91m[48;2;255;208;91m▀[0m[38;2;255;208;91m[48;2;255;207;88m▀[0m[38;2;255;207;88m[48;2;255;207;88m▀[0m[38;2;175;144;54m[48;2;255;207;88m▀[0m              
         [38;2;188;151;52m▀[0m[38;2;255;204;75m▀[0m[38;2;255;204;76m[48;2;255;203;76m▀[0m[38;2;255;204;76m[48;2;255;204;76m▀[0m[38;2;255;204;76m[48;2;255;204;75m▀[0m[38;2;255;204;76m[48;2;255;204;76m▀[0m[38;2;255;204;77m[48;2;255;204;76m▀[0m[38;2;255;204;76m[48;2;255;204;76m▀[0m[38;2;255;204;75m[48;2;255;204;76m▀[0m[38;2;255;203;75m[48;2;255;204;76m▀[0m[38;2;255;204;76m[48;2;255;204;76m▀[0m[38;2;255;204;76m[48;2;255;204;76m▀[0m[38;2;255;204;76m[48;2;255;204;76m▀[0m[38;2;255;204;78m[48;2;255;204;76m▀[0m[38;2;255;207;88m[48;2;255;204;76m▀[0m[38;2;255;207;88m[48;2;255;204;75m▀[0m[38;2;255;207;88m[48;2;255;204;76m▀[0m[38;2;242;202;80m[48;2;255;204;75m▀[0m             
              [38;2;2;1;1m▀[0m[38;2;254;204;76m▀[0m[38;2;255;204;76m▀[0m[38;2;255;204;76m[48;2;255;204;76m▀[0m[38;2;255;204;75m[48;2;255;204;76m▀[0m[38;2;255;204;76m[48;2;255;204;76m▀[0m[38;2;255;204;77m[48;2;255;204;76m▀[0m[38;2;255;204;75m[48;2;255;204;77m▀[0m[38;2;255;204;76m[48;2;255;204;76m▀[0m[38;2;255;204;76m[48;2;255;204;76m▀[0m[38;2;255;204;75m[48;2;255;204;76m▀[0m[38;2;255;204;76m[48;2;255;204;76m▀[0m[38;2;255;204;77m[48;2;255;204;76m▀[0m[38;2;4;3;1m[48;2;255;203;76m▀[0m            
                  [38;2;253;202;75m▀[0m[38;2;255;203;75m[48;2;255;204;76m▀[0m[38;2;255;204;76m[48;2;255;203;76m▀[0m[38;2;255;204;76m[48;2;255;204;77m▀[0m[38;2;255;204;76m[48;2;255;204;76m▀[0m[38;2;255;204;76m[48;2;255;204;76m▀[0m[38;2;255;204;76m[48;2;255;204;75m▀[0m[38;2;255;204;75m[48;2;255;204;76m▀[0m[38;2;255;204;76m[48;2;255;204;76m▀[0m[38;2;255;204;76m[48;2;255;204;76m▀[0m            
                    [38;2;255;204;76m[48;2;255;204;75m▀[0m[38;2;255;204;77m[48;2;255;204;76m▀[0m[38;2;255;204;77m[48;2;255;204;76m▀[0m[38;2;255;204;76m[48;2;255;204;76m▀[0m[38;2;255;204;76m[48;2;255;204;76m▀[0m[38;2;255;204;75m[48;2;255;204;76m▀[0m[38;2;255;204;76m[48;2;255;204;76m▀[0m[38;2;255;204;76m[48;2;255;204;76m▀[0m[38;2;166;131;41m[48;2;253;201;75m▀[0m           
                    [38;2;233;186;65m▀[0m[38;2;255;204;76m[48;2;255;204;76m▀[0m[38;2;255;204;75m[48;2;255;204;76m▀[0m[38;2;255;204;76m[48;2;255;204;76m▀[0m[38;2;255;204;76m[48;2;255;204;76m▀[0m[38;2;255;204;75m[48;2;255;204;75m▀[0m[38;2;255;204;76m[48;2;255;204;75m▀[0m[38;2;255;204;76m[48;2;255;204;76m▀[0m[38;2;255;204;75m[48;2;255;204;76m▀[0m           
                     [38;2;205;161;55m[48;2;191;147;42m▀[0m[38;2;255;204;76m[48;2;207;163;57m▀[0m[38;2;255;204;76m[48;2;255;203;75m▀[0m[38;2;255;204;76m[48;2;255;204;76m▀[0m[38;2;255;204;76m[48;2;255;204;76m▀[0m[38;2;255;204;75m[48;2;255;204;76m▀[0m[38;2;255;204;76m[48;2;255;203;75m▀[0m[38;2;255;204;76m[48;2;255;204;77m▀[0m           
                     [38;2;191;147;42m[48;2;192;147;42m▀[0m[38;2;192;148;42m[48;2;191;147;42m▀[0m[38;2;195;150;45m[48;2;192;148;42m▀[0m[38;2;245;195;71m[48;2;191;147;41m▀[0m[38;2;255;204;76m[48;2;216;171;66m▀[0m[38;2;255;204;76m[48;2;255;204;75m▀[0m[38;2;255;204;76m[48;2;255;204;76m▀[0m[38;2;255;204;76m[48;2;255;204;76m▀[0m           
                     [38;2;191;147;43m[48;2;185;143;42m▀[0m[38;2;193;149;43m[48;2;193;149;43m▀[0m[38;2;193;149;44m[48;2;193;149;43m▀[0m[38;2;191;147;42m[48;2;193;149;44m▀[0m[38;2;192;148;43m[48;2;193;149;44m▀[0m[38;2;193;149;44m[48;2;193;149;44m▀[0m[38;2;224;179;72m[48;2;193;149;44m▀[0m[38;2;255;204;76m[48;2;202;158;52m▀[0m           
                     [38;2;189;146;42m[48;2;192;147;42m▀[0m[38;2;192;148;42m[48;2;192;148;43m▀[0m[38;2;193;149;44m[48;2;193;148;43m▀[0m[38;2;192;148;43m[48;2;193;149;44m▀[0m[38;2;193;149;43m[48;2;193;149;44m▀[0m[38;2;193;149;44m[48;2;193;149;44m▀[0m[38;2;193;149;44m[48;2;192;148;42m▀[0m[38;2;191;147;42m[48;2;200;153;42m▀[0m           
                     [38;2;192;148;43m[48;2;192;148;43m▀[0m[38;2;192;148;43m[48;2;193;149;44m▀[0m[38;2;193;149;44m[48;2;193;149;43m▀[0m[38;2;192;148;42m[48;2;192;148;42m▀[0m[38;2;192;147;42m[48;2;191;147;42m▀[0m[38;2;193;149;44m[48;2;191;147;42m▀[0m[38;2;193;149;44m[48;2;193;149;44m▀[0m[38;2;43;36;19m▀[0m           
                     [38;2;193;149;44m[48;2;192;148;43m▀[0m[38;2;193;149;44m[48;2;192;147;42m▀[0m[38;2;193;149;44m[48;2;193;149;44m▀[0m[38;2;192;148;43m[48;2;192;148;43m▀[0m[38;2;191;147;42m[48;2;193;149;44m▀[0m[38;2;193;149;44m[48;2;193;149;44m▀[0m[38;2;193;149;44m[48;2;193;149;44m▀[0m            
                    [38;2;167;127;32m▄[0m[38;2;192;148;42m[48;2;189;145;39m▀[0m[38;2;192;148;43m[48;2;191;147;41m▀[0m[38;2;193;149;43m[48;2;191;147;41m▀[0m[38;2;193;148;43m[48;2;193;149;44m▀[0m[38;2;192;148;42m[48;2;193;149;44m▀[0m[38;2;193;149;44m[48;2;192;148;43m▀[0m[38;2;191;147;42m[48;2;179;139;44m▀[0m            
                    [38;2;160;120;26m[48;2;160;120;26m▀[0m[38;2;169;129;34m[48;2;159;120;25m▀[0m[38;2;185;141;36m[48;2;165;125;30m▀[0m[38;2;186;142;37m[48;2;177;135;37m▀[0m[38;2;192;148;42m[48;2;182;138;35m▀[0m[38;2;193;149;44m[48;2;190;146;41m▀[0m[38;2;192;148;42m[48;2;192;148;43m▀[0m[38;2;17;14;12m▀[0m            
               [38;2;88;120;118m▄[0m[38;2;96;125;120m▄[0m[38;2;72;94;93m[48;2;84;111;109m▀[0m[38;2;86;113;111m[48;2;81;112;111m▀[0m[38;2;168;126;27m[48;2;160;120;26m▀[0m[38;2;159;121;26m[48;2;160;120;26m▀[0m[38;2;158;120;26m[48;2;160;120;25m▀[0m[38;2;160;120;26m[48;2;137;104;29m▀[0m[38;2;163;123;29m[48;2;131;101;31m▀[0m[38;2;160;120;26m[48;2;159;119;25m▀[0m[38;2;161;121;27m[48;2;158;120;26m▀[0m[38;2;169;128;34m[48;2;153;117;27m▀[0m[38;2;86;114;112m▄[0m[38;2;81;113;113m▄[0m           
          [38;2;107;118;112m▄[0m[38;2;183;204;194m▄[0m[38;2;72;84;78m[48;2;174;197;187m▀[0m[38;2;153;183;171m[48;2;155;185;173m▀[0m[38;2;155;184;173m[48;2;156;185;172m▀[0m[38;2;75;88;81m[48;2;157;186;173m▀[0m[38;2;122;154;140m[48;2;158;187;174m▀[0m[38;2;124;155;141m[48;2;150;179;166m▀[0m[38;2;121;154;140m[48;2;121;154;140m▀[0m[38;2;128;158;145m[48;2;121;154;140m▀[0m[38;2;83;99;91m[48;2;125;156;142m▀[0m[38;2;150;173;162m[48;2;124;156;142m▀[0m[38;2;181;202;192m[48;2;137;165;152m▀[0m[38;2;181;202;193m[48;2;168;193;182m▀[0m[38;2;179;201;192m[48;2;169;194;183m▀[0m[38;2;139;156;148m[48;2;172;196;186m▀[0m[38;2;1;1;1m[48;2;171;196;185m▀[0m[38;2;97;127;118m[48;2;130;159;146m▀[0m[38;2;119;153;139m[48;2;121;154;140m▀[0m[38;2;156;185;173m[48;2;122;154;140m▀[0m[38;2;3;3;2m[48;2;120;153;140m▀[0m[38;2;154;184;171m▄[0m[38;2;10;11;9m▄[0m       
          [38;2;18;15;14m▀[0m[38;2;180;202;192m▀[0m[38;2;182;203;194m▀[0m[38;2;174;197;187m[48;2;26;25;22m▀[0m[38;2;157;186;174m[48;2;36;43;44m▀[0m[38;2;155;185;172m[48;2;109;132;135m▀[0m[38;2;158;187;174m[48;2;123;151;148m▀[0m[38;2;153;184;171m[48;2;129;158;152m▀[0m[38;2;119;152;138m[48;2;142;171;161m▀[0m[38;2;123;155;142m[48;2;111;144;133m▀[0m[38;2;125;156;142m[48;2;119;152;139m▀[0m[38;2;121;154;140m[48;2;114;147;135m▀[0m[38;2;123;155;141m[48;2;111;142;131m▀[0m[38;2;120;153;138m[48;2;114;145;133m▀[0m[38;2;153;184;171m[48;2;126;158;145m▀[0m[38;2;154;185;172m[48;2;130;158;152m▀[0m[38;2;153;184;171m[48;2;108;138;138m▀[0m[38;2;155;185;172m[48;2;82;103;102m▀[0m[38;2;119;152;138m[48;2;8;9;9m▀[0m[38;2;122;154;140m▀[0m[38;2;120;154;140m▀[0m[38;2;95;126;119m▀[0m        
