                                        
                                        
                                        
                     [38;2;239;134;147m▄[0m[38;2;241;134;148m[48;2;238;131;145m▀[0m[38;2;239;133;147m[48;2;238;132;146m▀[0m[38;2;238;124;139m[48;2;237;115;131m▀[0m[38;2;234;87;109m▄[0m              
                     [38;2;238;129;142m[48;2;235;96;116m▀[0m[38;2;204;118;128m[48;2;255;254;254m▀[0m[38;2;250;136;151m[48;2;246;244;243m▀[0m[38;2;234;86;109m[48;2;238;87;111m▀[0m[38;2;234;84;108m[48;2;234;83;107m▀[0m[38;2;168;60;77m[48;2;239;85;110m▀[0m             
                     [38;2;234;84;107m[48;2;233;83;107m▀[0m[38;2;136;129;148m[48;2;233;83;107m▀[0m[38;2;188;175;196m[48;2;234;87;109m▀[0m[38;2;234;84;108m[48;2;234;83;107m▀[0m[38;2;234;83;107m[48;2;234;83;107m▀[0m[38;2;238;85;110m[48;2;238;87;111m▀[0m             
       [38;2;239;132;146m▄[0m[38;2;239;133;146m▄[0m[38;2;239;133;147m▄[0m[38;2;236;84;108m▄[0m          [38;2;233;83;107m[48;2;234;83;107m▀[0m[38;2;233;83;107m[48;2;234;87;109m▀[0m[38;2;234;88;110m[48;2;234;85;108m▀[0m[38;2;234;84;107m[48;2;234;83;107m▀[0m[38;2;234;84;107m[48;2;234;84;107m▀[0m[38;2;242;87;111m[48;2;238;90;115m▀[0m             
      [38;2;243;137;152m[48;2;237;121;136m▀[0m[38;2;238;132;145m[48;2;239;130;144m▀[0m[38;2;254;255;255m[48;2;254;119;140m▀[0m[38;2;238;124;139m[48;2;140;41;56m▀[0m[38;2;234;83;107m[48;2;234;84;107m▀[0m[38;2;106;40;51m[48;2;235;85;108m▀[0m         [38;2;240;86;111m[48;2;244;88;114m▀[0m[38;2;234;83;107m[48;2;234;83;107m▀[0m[38;2;234;84;107m[48;2;234;85;108m▀[0m[38;2;234;87;109m[48;2;234;84;108m▀[0m[38;2;234;86;109m[48;2;234;87;109m▀[0m[38;2;147;54;68m[48;2;13;4;4m▀[0m             
      [38;2;234;86;109m[48;2;234;83;107m▀[0m[38;2;234;84;108m[48;2;234;83;107m▀[0m[38;2;242;239;240m[48;2;234;83;107m▀[0m[38;2;249;248;246m[48;2;234;84;107m▀[0m[38;2;87;83;91m[48;2;234;83;107m▀[0m[38;2;234;84;108m[48;2;234;84;108m▀[0m         [38;2;240;89;115m[48;2;224;78;108m▀[0m[38;2;234;83;107m[48;2;235;83;107m▀[0m[38;2;234;85;108m[48;2;234;83;107m▀[0m[38;2;234;84;108m[48;2;234;84;107m▀[0m[38;2;234;83;107m[48;2;234;85;108m▀[0m[38;2;0;0;0m▀[0m             
      [38;2;233;83;107m[48;2;234;83;107m▀[0m[38;2;233;83;107m[48;2;234;83;107m▀[0m[38;2;233;83;107m[48;2;234;83;107m▀[0m[38;2;233;83;107m[48;2;234;83;107m▀[0m[38;2;234;83;107m[48;2;234;84;108m▀[0m[38;2;235;85;108m[48;2;235;85;109m▀[0m         [38;2;179;64;99m[48;2;184;73;106m▀[0m[38;2;169;60;92m[48;2;171;66;96m▀[0m[38;2;169;60;93m[48;2;169;60;93m▀[0m[38;2;219;84;107m[48;2;172;66;96m▀[0m[38;2;234;87;109m[48;2;206;77;103m▀[0m              
      [38;2;233;83;107m[48;2;216;82;106m▀[0m[38;2;234;83;107m[48;2;233;83;107m▀[0m[38;2;234;83;107m[48;2;233;83;107m▀[0m[38;2;234;83;107m[48;2;234;87;109m▀[0m[38;2;233;83;107m[48;2;234;84;108m▀[0m[38;2;235;84;108m[48;2;234;85;108m▀[0m      [38;2;134;146;155m▄[0m[38;2;1;1;1m[48;2;133;144;153m▀[0m[38;2;135;146;154m[48;2;48;53;57m▀[0m[38;2;106;120;130m[48;2;100;115;124m▀[0m[38;2;115;133;142m[48;2;91;107;116m▀[0m[38;2;169;62;94m[48;2;89;107;115m▀[0m[38;2;172;68;97m[48;2;173;66;96m▀[0m[38;2;171;66;96m[48;2;181;71;101m▀[0m [38;2;241;137;151m▄[0m[38;2;239;134;147m▄[0m[38;2;220;124;137m[48;2;239;135;148m▀[0m[38;2;0;0;0m[48;2;239;133;146m▀[0m[38;2;234;89;111m▄[0m        
       [38;2;234;83;107m[48;2;234;86;109m▀[0m[38;2;234;83;107m[48;2;234;85;108m▀[0m[38;2;234;88;110m[48;2;234;86;109m▀[0m[38;2;234;87;109m[48;2;234;85;108m▀[0m[38;2;234;88;111m[48;2;234;83;107m▀[0m  [38;2;103;113;119m▄[0m[38;2;99;114;121m[48;2;93;111;121m▀[0m[38;2;85;102;109m▄[0m[38;2;8;8;9m[48;2;130;140;148m▀[0m[38;2;134;144;153m[48;2;87;105;113m▀[0m[38;2;124;135;143m[48;2;83;103;113m▀[0m[38;2;89;107;115m[48;2;87;105;114m▀[0m[38;2;83;104;113m[48;2;86;105;114m▀[0m[38;2;89;106;114m[48;2;87;105;113m▀[0m[38;2;85;104;112m[48;2;63;77;93m▀[0m[38;2;83;99;110m[48;2;70;80;95m▀[0m  [38;2;239;137;149m[48;2;234;90;111m▀[0m[38;2;245;147;160m[48;2;49;25;28m▀[0m[38;2;250;143;157m[48;2;113;41;51m▀[0m[38;2;235;95;115m[48;2;234;85;108m▀[0m[38;2;234;87;109m[48;2;234;90;111m▀[0m[38;2;143;53;67m▄[0m       
       [38;2;234;84;108m▀[0m[38;2;234;83;107m[48;2;234;87;109m▀[0m[38;2;234;84;108m[48;2;234;86;108m▀[0m[38;2;234;90;111m[48;2;234;90;111m▀[0m[38;2;234;88;110m[48;2;234;87;109m▀[0m[38;2;233;83;107m▄[0m[38;2;0;0;0m[48;2;134;145;153m▀[0m[38;2;129;142;151m[48;2;136;146;155m▀[0m[38;2;81;100;107m[48;2;40;54;68m▀[0m[38;2;54;63;68m[48;2;130;142;151m▀[0m[38;2;134;145;153m[48;2;110;125;134m▀[0m[38;2;114;127;135m[48;2;113;126;135m▀[0m[38;2;90;107;115m[48;2;88;106;115m▀[0m[38;2;96;115;124m[48;2;87;105;114m▀[0m[38;2;89;106;115m[48;2;85;105;113m▀[0m[38;2;74;85;101m[48;2;68;79;95m▀[0m[38;2;63;77;93m[48;2;67;79;95m▀[0m[38;2;63;77;92m[48;2;70;80;96m▀[0m[38;2;5;5;5m[48;2;88;106;115m▀[0m[38;2;25;8;11m[48;2;17;6;8m▀[0m[38;2;236;88;110m[48;2;234;87;109m▀[0m[38;2;243;241;241m[48;2;234;87;110m▀[0m[38;2;247;246;244m[48;2;234;83;107m▀[0m[38;2;243;90;113m[48;2;234;87;110m▀[0m[38;2;234;90;111m[48;2;234;88;110m▀[0m[38;2;181;69;87m[48;2;95;36;45m▀[0m       
        [38;2;202;73;101m▀[0m[38;2;234;83;107m[48;2;170;63;94m▀[0m[38;2;234;83;107m[48;2;173;62;94m▀[0m[38;2;234;85;108m[48;2;203;74;101m▀[0m[38;2;234;86;108m[48;2;221;85;108m▀[0m[38;2;146;159;168m[48;2;200;68;98m▀[0m[38;2;54;67;84m[48;2;86;109;119m▀[0m[38;2;136;147;155m[48;2;132;143;152m▀[0m[38;2;130;142;151m[48;2;84;90;95m▀[0m[38;2;109;124;133m[48;2;156;164;172m▀[0m[38;2;36;47;51m[48;2;81;103;112m▀[0m[38;2;90;107;115m[48;2;86;105;114m▀[0m[38;2;89;106;115m[48;2;88;105;114m▀[0m[38;2;54;65;82m[48;2;56;66;82m▀[0m[38;2;71;81;96m[48;2;62;77;93m▀[0m[38;2;66;78;94m[48;2;42;51;62m▀[0m[38;2;89;107;115m[48;2;82;101;110m▀[0m[38;2;89;106;115m[48;2;85;104;113m▀[0m[38;2;169;60;76m[48;2;234;87;110m▀[0m[38;2;234;88;111m[48;2;234;86;109m▀[0m[38;2;234;89;111m[48;2;234;89;110m▀[0m[38;2;234;84;107m[48;2;234;83;107m▀[0m[38;2;234;86;109m[48;2;234;90;111m▀[0m[38;2;234;84;108m[48;2;234;83;107m▀[0m        
         [38;2;2;0;1m▀[0m[38;2;169;61;93m[48;2;4;1;2m▀[0m[38;2;170;63;95m[48;2;169;60;93m▀[0m[38;2;169;61;93m[48;2;169;60;93m▀[0m[38;2;169;60;93m[48;2;169;60;93m▀[0m[38;2;81;103;112m[48;2;89;113;122m▀[0m[38;2;117;130;139m[48;2;101;112;119m▀[0m[38;2;115;128;138m[48;2;114;128;137m▀[0m[38;2;112;126;135m[48;2;111;125;135m▀[0m[38;2;112;126;135m[48;2;115;127;136m▀[0m[38;2;91;112;122m[48;2;123;134;142m▀[0m[38;2;57;66;83m[48;2;64;77;94m▀[0m[38;2;56;66;83m[48;2;58;66;83m▀[0m[38;2;41;48;57m[48;2;128;59;89m▀[0m[38;2;65;78;94m[48;2;137;58;90m▀[0m[38;2;88;106;115m[48;2;170;63;94m▀[0m[38;2;70;89;95m[48;2;234;84;108m▀[0m[38;2;234;85;108m[48;2;234;85;108m▀[0m[38;2;234;85;108m[48;2;234;85;108m▀[0m[38;2;234;84;108m[48;2;234;85;108m▀[0m[38;2;234;87;109m[48;2;234;84;107m▀[0m[38;2;234;85;108m[48;2;234;90;111m▀[0m[38;2;245;94;121m▀[0m        
           [38;2;84;107;115m[48;2;75;97;105m▀[0m[38;2;155;57;90m[48;2;48;62;80m▀[0m[38;2;165;59;92m[48;2;28;34;42m▀[0m[38;2;81;102;112m[48;2;83;103;112m▀[0m[38;2;86;105;114m[48;2;83;103;112m▀[0m[38;2;113;127;135m[48;2;115;128;137m▀[0m[38;2;114;126;136m[48;2;118;130;138m▀[0m[38;2;113;127;135m[48;2;87;107;115m▀[0m[38;2;67;79;95m[48;2;62;77;93m▀[0m[38;2;70;82;98m[48;2;68;79;95m▀[0m[38;2;71;82;98m[48;2;67;79;95m▀[0m[38;2;122;54;85m[48;2;118;52;83m▀[0m[38;2;169;60;93m[48;2;169;62;94m▀[0m[38;2;170;63;94m[48;2;169;61;93m▀[0m[38;2;234;86;109m[48;2;169;61;93m▀[0m[38;2;234;86;109m[48;2;213;77;103m▀[0m[38;2;234;86;109m[48;2;234;84;107m▀[0m[38;2;234;85;108m[48;2;234;84;108m▀[0m[38;2;234;87;110m[48;2;48;59;71m▀[0m          
             [38;2;0;0;0m▄[0m[38;2;80;100;108m[48;2;83;103;112m▀[0m[38;2;90;107;115m[48;2;82;103;112m▀[0m[38;2;95;112;121m[48;2;49;61;67m▀[0m[38;2;91;108;116m[48;2;62;78;95m▀[0m[38;2;68;79;95m[48;2;61;76;93m▀[0m[38;2;66;78;95m[48;2;62;76;93m▀[0m[38;2;62;77;93m[48;2;61;76;93m▀[0m[38;2;68;79;95m[48;2;69;81;97m▀[0m[38;2;128;55;85m▀[0m[38;2;170;65;95m[48;2;20;24;30m▀[0m[38;2;169;60;93m[48;2;47;62;79m▀[0m[38;2;169;61;94m[48;2;49;63;80m▀[0m[38;2;170;62;94m[48;2;49;63;80m▀[0m[38;2;170;65;94m[48;2;54;65;82m▀[0m[38;2;61;76;93m[48;2;63;77;93m▀[0m[38;2;65;78;94m[48;2;0;0;0m▀[0m          
               [38;2;88;111;120m▀[0m[38;2;85;104;113m▀[0m[38;2;62;77;93m▀[0m[38;2;57;74;89m▀[0m[38;2;63;77;92m▀[0m[38;2;66;79;95m▀[0m[38;2;65;78;94m▀[0m                  
                                        
                                        
