                                        
                                        
             [38;2;4;3;3m▄[0m[38;2;240;234;236m▄[0m[38;2;54;51;50m▄[0m[38;2;250;246;248m[48;2;247;245;246m▀[0m[38;2;212;210;210m▄[0m                      
            [38;2;231;230;230m[48;2;224;141;139m▀[0m[38;2;240;236;238m[48;2;68;62;58m▀[0m[38;2;182;178;177m[48;2;234;227;229m▀[0m[38;2;232;225;228m[48;2;232;226;228m▀[0m[38;2;232;225;227m[48;2;211;201;208m▀[0m[38;2;243;233;239m[48;2;94;85;93m▀[0m                      
       [38;2;128;83;82m▄[0m[38;2;22;13;13m▄[0m[38;2;203;74;87m▄[0m[38;2;13;3;5m▄[0m[38;2;202;71;86m▀[0m[38;2;202;70;86m▀[0m[38;2;142;50;63m▀[0m[38;2;182;166;181m[48;2;184;168;182m▀[0m[38;2;184;168;182m[48;2;189;173;187m▀[0m[38;2;132;119;130m▀[0m                       
       [38;2;17;10;10m▀[0m     [38;2;188;172;186m▄[0m[38;2;188;173;187m[48;2;183;167;181m▀[0m[38;2;201;184;199m▀[0m                        
           [38;2;7;7;7m▄[0m[38;2;198;182;196m[48;2;231;224;226m▀[0m[38;2;194;180;192m[48;2;232;226;228m▀[0m[38;2;46;43;44m▀[0m                         
          [38;2;231;224;226m▄[0m[38;2;231;225;227m[48;2;234;229;231m▀[0m[38;2;232;226;228m[48;2;239;233;235m▀[0m[38;2;43;42;43m[48;2;254;253;253m▀[0m[38;2;253;252;252m[48;2;130;128;128m▀[0m         [38;2;239;234;236m▄[0m[38;2;188;173;187m▄[0m[38;2;182;167;180m▄[0m[38;2;63;58;58m[48;2;183;167;180m▀[0m[38;2;172;166;167m[48;2;82;74;80m▀[0m[38;2;209;208;208m[48;2;52;50;50m▀[0m[38;2;137;133;134m[48;2;62;57;54m▀[0m[38;2;64;60;56m▄[0m[38;2;62;58;55m▄[0m[38;2;63;59;55m▄[0m[38;2;123;113;107m▄[0m[38;2;122;114;108m▄[0m[38;2;127;118;112m▄[0m[38;2;19;14;14m▄[0m  
        [38;2;163;141;167m▄[0m[38;2;156;134;159m[48;2;238;231;234m▀[0m[38;2;238;232;234m[48;2;244;240;241m▀[0m[38;2;244;241;242m[48;2;241;236;238m▀[0m[38;2;238;231;234m[48;2;41;37;36m▀[0m[38;2;253;252;252m[48;2;251;250;251m▀[0m[38;2;187;186;186m▄[0m       [38;2;192;188;188m[48;2;227;220;222m▀[0m[38;2;179;163;176m[48;2;181;167;180m▀[0m[38;2;181;166;180m[48;2;183;168;182m▀[0m[38;2;183;168;182m[48;2;184;168;182m▀[0m[38;2;184;168;182m[48;2;181;166;180m▀[0m[38;2;50;47;52m[48;2;188;172;186m▀[0m[38;2;54;51;51m[48;2;57;54;55m▀[0m[38;2;54;51;51m[48;2;53;50;51m▀[0m[38;2;53;51;51m[48;2;23;21;22m▀[0m[38;2;62;58;55m▀[0m[38;2;63;58;55m▀[0m[38;2;65;60;56m▀[0m[38;2;122;114;108m▀[0m[38;2;122;114;108m▀[0m[38;2;122;113;107m▀[0m[38;2;74;68;64m▀[0m  
        [38;2;48;42;45m[48;2;193;177;191m▀[0m[38;2;238;231;234m[48;2;238;231;234m▀[0m[38;2;239;232;234m[48;2;234;228;230m▀[0m[38;2;235;228;230m[48;2;232;226;228m▀[0m[38;2;252;251;252m[48;2;250;249;249m▀[0m[38;2;249;248;249m[48;2;248;247;248m▀[0m[38;2;252;252;252m[48;2;36;41;47m▀[0m[38;2;231;224;227m[48;2;158;134;160m▀[0m[38;2;240;234;235m▄[0m[38;2;236;229;232m▄[0m[38;2;52;48;48m▄[0m [38;2;228;220;222m▄[0m[38;2;228;222;224m[48;2;157;135;158m▀[0m[38;2;181;165;179m[48;2;181;165;180m▀[0m[38;2;184;168;182m[48;2;184;168;182m▀[0m[38;2;184;168;182m[48;2;183;168;182m▀[0m[38;2;183;168;182m[48;2;53;50;51m▀[0m[38;2;201;185;199m[48;2;29;24;26m▀[0m[38;2;53;51;51m[48;2;52;50;51m▀[0m[38;2;52;50;50m[48;2;60;57;58m▀[0m[38;2;52;50;51m[48;2;58;56;57m▀[0m[38;2;52;50;51m[48;2;65;60;56m▀[0m[38;2;65;60;56m[48;2;65;60;56m▀[0m[38;2;64;59;55m[48;2;76;70;66m▀[0m[38;2;119;111;105m▄[0m[38;2;123;113;107m▄[0m[38;2;52;48;45m▄[0m    
        [38;2;208;195;211m[48;2;194;183;197m▀[0m[38;2;229;224;225m[48;2;229;224;229m▀[0m[38;2;254;254;254m[48;2;249;248;249m▀[0m[38;2;217;216;216m[48;2;249;247;248m▀[0m[38;2;221;208;224m[48;2;249;248;249m▀[0m[38;2;246;243;245m[48;2;200;188;203m▀[0m[38;2;34;37;43m[48;2;35;37;43m▀[0m[38;2;28;22;27m[48;2;34;37;43m▀[0m[38;2;151;128;154m[48;2;152;128;154m▀[0m[38;2;155;132;157m[48;2;151;128;153m▀[0m[38;2;148;124;151m[48;2;151;128;153m▀[0m[38;2;150;126;152m[48;2;156;132;157m▀[0m[38;2;153;129;154m[48;2;154;130;155m▀[0m[38;2;154;130;155m[48;2;153;129;154m▀[0m[38;2;184;168;182m[48;2;17;15;16m▀[0m[38;2;14;11;12m[48;2;200;184;199m▀[0m[38;2;212;195;211m[48;2;52;50;51m▀[0m[38;2;55;52;53m[48;2;52;50;51m▀[0m[38;2;57;55;56m[48;2;52;50;51m▀[0m[38;2;52;50;51m▀[0m[38;2;52;50;51m[48;2;57;54;53m▀[0m[38;2;64;60;56m[48;2;64;60;56m▀[0m[38;2;107;98;93m▄[0m   [38;2;13;10;10m▀[0m     
        [38;2;211;199;214m▀[0m[38;2;194;183;197m[48;2;195;183;197m▀[0m[38;2;249;248;248m[48;2;202;192;204m▀[0m[38;2;249;248;248m[48;2;254;253;254m▀[0m[38;2;255;254;255m[48;2;255;253;254m▀[0m[38;2;255;255;255m[48;2;146;142;145m▀[0m[38;2;52;49;51m[48;2;52;50;51m▀[0m[38;2;37;40;44m[48;2;51;49;50m▀[0m[38;2;20;19;22m[48;2;52;50;51m▀[0m[38;2;153;129;154m[48;2;110;92;110m▀[0m[38;2;153;130;154m[48;2;48;45;49m▀[0m[38;2;156;133;159m[48;2;153;129;154m▀[0m[38;2;50;47;52m[48;2;47;44;49m▀[0m[38;2;165;144;166m[48;2;50;48;50m▀[0m[38;2;54;51;52m[48;2;52;50;51m▀[0m[38;2;52;50;51m[48;2;15;12;12m▀[0m[38;2;52;50;51m[48;2;52;50;51m▀[0m[38;2;15;14;14m[48;2;56;53;53m▀[0m[38;2;52;50;50m▀[0m[38;2;56;53;52m[48;2;88;80;76m▀[0m [38;2;98;89;83m▀[0m[38;2;122;112;106m▀[0m[38;2;122;112;106m[48;2;115;106;101m▀[0m[38;2;122;114;108m▄[0m       
         [38;2;193;182;196m▀[0m[38;2;200;188;202m[48;2;200;188;203m▀[0m[38;2;202;190;204m[48;2;198;187;201m▀[0m[38;2;200;189;203m[48;2;194;182;196m▀[0m[38;2;136;126;136m[48;2;192;181;195m▀[0m[38;2;52;50;51m[48;2;52;50;51m▀[0m[38;2;52;50;51m[48;2;52;50;51m▀[0m[38;2;32;36;42m[48;2;34;37;43m▀[0m[38;2;34;37;42m[48;2;34;37;43m▀[0m[38;2;48;45;49m[48;2;5;4;5m▀[0m[38;2;49;46;51m▀[0m[38;2;49;47;50m▀[0m [38;2;52;50;51m▀[0m[38;2;57;54;53m▀[0m                
          [38;2;214;201;217m▀[0m[38;2;194;182;196m[48;2;194;183;197m▀[0m[38;2;193;182;196m[48;2;194;183;196m▀[0m[38;2;210;198;213m[48;2;199;187;201m▀[0m[38;2;53;51;52m[48;2;22;18;18m▀[0m[38;2;54;51;52m[48;2;54;51;51m▀[0m[38;2;34;37;43m[48;2;26;27;32m▀[0m[38;2;34;37;43m[48;2;33;36;42m▀[0m[38;2;33;37;42m[48;2;49;47;49m▀[0m                     
           [38;2;214;201;217m[48;2;199;187;201m▀[0m[38;2;199;186;201m[48;2;199;187;201m▀[0m[38;2;198;185;200m[48;2;198;186;200m▀[0m[38;2;13;13;12m[48;2;105;51;70m▀[0m[38;2;66;23;30m▄[0m[38;2;33;37;43m▀[0m[38;2;51;49;50m▀[0m[38;2;113;104;101m▀[0m[38;2;164;155;164m[48;2;57;51;49m▀[0m                    
          [38;2;28;25;28m[48;2;199;187;202m▀[0m[38;2;199;187;202m[48;2;201;189;203m▀[0m[38;2;200;188;203m[48;2;199;186;201m▀[0m[38;2;197;185;199m[48;2;194;182;196m▀[0m[38;2;176;63;84m[48;2;168;60;80m▀[0m[38;2;105;51;69m▄[0m                        
         [38;2;195;184;198m▄[0m[38;2;198;185;200m[48;2;196;185;198m▀[0m[38;2;196;184;198m[48;2;195;184;198m▀[0m[38;2;193;182;196m[48;2;195;183;196m▀[0m[38;2;218;207;222m[48;2;171;59;78m▀[0m [38;2;109;52;71m[48;2;102;48;66m▀[0m[38;2;110;51;69m▄[0m                       
    [38;2;16;14;14m▄[0m[38;2;63;61;61m▄[0m[38;2;32;32;32m[48;2;229;223;225m▀[0m[38;2;244;237;239m[48;2;232;226;228m▀[0m[38;2;234;228;230m[48;2;232;226;228m▀[0m[38;2;252;251;252m[48;2;29;26;27m▀[0m[38;2;215;206;213m[48;2;231;225;227m▀[0m[38;2;182;167;180m[48;2;195;181;193m▀[0m[38;2;181;166;179m[48;2;166;60;79m▀[0m[38;2;167;59;79m▀[0m[38;2;115;53;73m▀[0m[38;2;108;51;69m▀[0m[38;2;118;46;59m▀[0m                       
    [38;2;10;9;10m▀[0m[38;2;215;204;211m▀[0m[38;2;230;223;225m▀[0m[38;2;232;225;228m▀[0m[38;2;238;232;234m▀[0m[38;2;223;216;218m▀[0m[38;2;188;173;187m▀[0m[38;2;18;16;14m▀[0m                            
                                        
