                                        
                                        
                                        
                                        
                                        
                     [38;2;213;214;210m▄[0m[38;2;75;72;71m[48;2;207;207;203m▀[0m[38;2;69;66;65m[48;2;207;207;203m▀[0m[38;2;60;58;57m[48;2;208;209;205m▀[0m[38;2;38;38;40m[48;2;222;223;219m▀[0m[38;2;18;17;17m[48;2;19;24;26m▀[0m             
                    [38;2;54;53;53m[48;2;199;200;198m▀[0m[38;2;58;56;57m[48;2;211;212;208m▀[0m[38;2;38;38;41m[48;2;211;212;208m▀[0m[38;2;38;38;40m[48;2;183;184;183m▀[0m[38;2;37;38;40m[48;2;206;206;202m▀[0m[38;2;212;213;208m[48;2;25;29;31m▀[0m[38;2;129;127;133m[48;2;126;124;131m▀[0m[38;2;19;24;27m[48;2;22;26;29m▀[0m[38;2;1;1;1m▄[0m           
         [38;2;153;153;149m▄[0m[38;2;221;222;218m▄[0m        [38;2;192;193;192m[48;2;39;40;42m▀[0m[38;2;196;196;195m[48;2;39;41;43m▀[0m[38;2;194;195;194m[48;2;39;39;42m▀[0m[38;2;189;189;188m[48;2;32;33;36m▀[0m[38;2;66;65;63m[48;2;216;217;214m▀[0m[38;2;38;39;41m[48;2;133;131;137m▀[0m[38;2;127;125;131m[48;2;86;84;87m▀[0m[38;2;26;29;32m[48;2;111;108;113m▀[0m[38;2;153;149;152m[48;2;153;150;150m▀[0m[38;2;81;78;74m[48;2;79;76;72m▀[0m           
       [38;2;222;222;218m▄[0m[38;2;77;75;76m[48;2;38;38;40m▀[0m[38;2;22;21;22m[48;2;38;38;40m▀[0m[38;2;71;67;74m[48;2;38;38;41m▀[0m[38;2;186;186;185m[48;2;186;186;185m▀[0m[38;2;31;27;27m▄[0m     [38;2;183;184;183m[48;2;183;183;182m▀[0m[38;2;183;184;183m[48;2;183;184;183m▀[0m[38;2;183;184;183m[48;2;184;185;184m▀[0m[38;2;188;188;188m[48;2;195;195;193m▀[0m[38;2;209;209;205m[48;2;213;212;209m▀[0m[38;2;26;29;31m[48;2;127;125;131m▀[0m[38;2;127;124;131m[48;2;26;29;31m▀[0m[38;2;27;30;33m[48;2;128;126;132m▀[0m[38;2;127;125;131m[48;2;25;28;31m▀[0m[38;2;64;62;60m[48;2;160;157;158m▀[0m[38;2;155;152;153m▀[0m           
       [38;2;201;201;199m[48;2;184;184;183m▀[0m[38;2;202;203;200m[48;2;186;186;186m▀[0m[38;2;186;186;185m[48;2;188;188;188m▀[0m[38;2;188;188;188m[48;2;127;125;131m▀[0m[38;2;191;192;192m[48;2;210;211;209m▀[0m[38;2;208;208;204m▄[0m[38;2;193;193;191m▄[0m[38;2;23;23;21m[48;2;186;186;186m▀[0m[38;2;85;84;83m[48;2;130;130;128m▀[0m[38;2;190;191;190m[48;2;183;183;182m▀[0m[38;2;110;109;107m[48;2;185;185;184m▀[0m[38;2;186;186;185m[48;2;188;189;187m▀[0m[38;2;184;184;184m[48;2;189;189;188m▀[0m[38;2;187;188;187m[48;2;205;207;206m▀[0m[38;2;176;175;174m[48;2;220;221;221m▀[0m[38;2;79;76;81m[48;2;124;122;128m▀[0m[38;2;128;126;133m[48;2;124;122;129m▀[0m[38;2;133;131;137m[48;2;126;124;130m▀[0m[38;2;12;12;13m[48;2;17;20;22m▀[0m[38;2;114;112;117m[48;2;0;0;0m▀[0m             
        [38;2;219;221;220m▀[0m[38;2;196;196;196m[48;2;61;59;61m▀[0m[38;2;94;92;97m[48;2;157;155;157m▀[0m[38;2;177;178;176m[48;2;183;183;182m▀[0m[38;2;187;186;186m[48;2;183;184;183m▀[0m[38;2;209;210;210m[48;2;114;100;117m▀[0m[38;2;182;182;182m[48;2;114;100;117m▀[0m[38;2;186;186;185m[48;2;79;70;86m▀[0m[38;2;185;185;184m[48;2;81;71;86m▀[0m[38;2;186;186;185m[48;2;81;71;87m▀[0m[38;2;72;71;69m[48;2;170;169;170m▀[0m[38;2;185;186;185m[48;2;185;185;185m▀[0m[38;2;219;220;220m[48;2;187;187;187m▀[0m[38;2;125;123;130m[48;2;244;213;75m▀[0m[38;2;2;2;22m[48;2;241;200;70m▀[0m[38;2;20;19;20m[48;2;38;39;41m▀[0m[38;2;127;125;132m[48;2;139;136;144m▀[0m[38;2;152;149;154m▀[0m              
        [38;2;133;117;134m▄[0m[38;2;133;131;136m[48;2;207;207;203m▀[0m[38;2;184;184;184m[48;2;184;184;184m▀[0m[38;2;183;183;182m[48;2;185;185;184m▀[0m[38;2;113;99;116m[48;2;103;89;106m▀[0m[38;2;117;102;120m[48;2;84;73;90m▀[0m[38;2;85;74;89m[48;2;81;72;87m▀[0m[38;2;81;71;86m[48;2;112;97;115m▀[0m[38;2;68;61;73m[48;2;87;75;89m▀[0m[38;2;67;61;73m[48;2;103;88;105m▀[0m[38;2;56;53;64m[48;2;94;82;97m▀[0m[38;2;130;128;134m[48;2;95;82;100m▀[0m[38;2;127;124;130m[48;2;126;123;129m▀[0m[38;2;155;138;51m[48;2;119;116;122m▀[0m[38;2;253;233;143m[48;2;38;38;40m▀[0m[38;2;25;26;28m[48;2;174;169;169m▀[0m[38;2;127;125;131m[48;2;125;123;130m▀[0m[38;2;136;134;140m▄[0m              
       [38;2;79;70;85m[48;2;80;70;86m▀[0m[38;2;130;113;130m[48;2;80;71;86m▀[0m[38;2;175;176;172m[48;2;80;70;85m▀[0m[38;2;208;209;205m[48;2;225;226;223m▀[0m[38;2;66;65;63m[48;2;81;72;87m▀[0m[38;2;81;71;87m[48;2;80;71;87m▀[0m[38;2;81;72;87m[48;2;71;64;77m▀[0m[38;2;122;105;123m[48;2;121;106;124m▀[0m[38;2;116;101;118m[48;2;121;105;122m▀[0m[38;2;122;107;125m[48;2;120;105;122m▀[0m[38;2;123;107;125m[48;2;37;33;40m▀[0m[38;2;82;72;88m[48;2;83;72;89m▀[0m[38;2;84;73;89m[48;2;82;72;88m▀[0m[38;2;82;72;88m[48;2;82;71;87m▀[0m[38;2;126;123;129m[48;2;65;62;73m▀[0m[38;2;119;115;115m[48;2;51;50;60m▀[0m[38;2;50;50;59m[48;2;60;57;67m▀[0m[38;2;41;39;46m[48;2;55;53;63m▀[0m[38;2;129;127;133m[48;2;4;3;3m▀[0m[38;2;51;51;51m[48;2;191;191;191m▀[0m     [38;2;114;64;122m▄[0m[38;2;117;68;126m▄[0m      
       [38;2;80;71;86m[48;2;81;71;87m▀[0m[38;2;81;71;86m[48;2;70;62;74m▀[0m[38;2;81;71;86m[48;2;50;49;58m▀[0m[38;2;81;71;87m[48;2;59;56;66m▀[0m[38;2;82;72;88m[48;2;56;53;64m▀[0m[38;2;80;70;85m[48;2;57;54;64m▀[0m[38;2;65;57;70m[48;2;70;62;75m▀[0m[38;2;91;78;94m[48;2;81;72;87m▀[0m[38;2;83;72;88m[48;2;86;74;91m▀[0m[38;2;56;49;59m[48;2;81;72;87m▀[0m[38;2;81;72;87m[48;2;82;73;88m▀[0m[38;2;81;71;87m[48;2;83;73;88m▀[0m[38;2;81;72;87m[48;2;81;72;87m▀[0m[38;2;83;72;88m[48;2;57;54;64m▀[0m[38;2;53;51;61m[48;2;54;52;62m▀[0m[38;2;48;49;58m[48;2;37;44;51m▀[0m[38;2;54;52;62m[48;2;53;51;61m▀[0m[38;2;53;51;61m[48;2;52;51;60m▀[0m[38;2;55;52;62m[48;2;54;52;61m▀[0m[38;2;147;145;151m▀[0m[38;2;193;193;192m[48;2;127;125;132m▀[0m[38;2;187;188;188m[48;2;186;186;186m▀[0m[38;2;175;174;174m[48;2;208;209;208m▀[0m[38;2;117;68;125m[48;2;200;200;198m▀[0m[38;2;113;60;122m[48;2;208;208;206m▀[0m[38;2;117;68;125m[48;2;210;211;210m▀[0m[38;2;116;67;124m[48;2;162;129;164m▀[0m[38;2;161;129;163m[48;2;162;128;164m▀[0m     
       [38;2;57;55;66m▀[0m[38;2;52;51;61m[48;2;51;51;60m▀[0m[38;2;50;50;59m[48;2;54;52;62m▀[0m[38;2;68;63;74m[48;2;54;52;62m▀[0m[38;2;59;55;66m[48;2;53;53;62m▀[0m[38;2;54;52;61m[48;2;110;93;106m▀[0m[38;2;70;63;77m[48;2;34;29;33m▀[0m[38;2;41;38;45m[48;2;69;62;75m▀[0m[38;2;87;75;91m[48;2;57;51;61m▀[0m[38;2;82;73;89m[48;2;84;73;90m▀[0m[38;2;84;73;90m[48;2;81;72;87m▀[0m[38;2;81;71;87m[48;2;52;50;60m▀[0m[38;2;52;51;60m[48;2;54;51;61m▀[0m[38;2;54;51;61m[48;2;52;51;61m▀[0m[38;2;44;41;49m[48;2;36;44;50m▀[0m[38;2;35;44;50m[48;2;36;44;51m▀[0m[38;2;52;51;60m[48;2;43;47;55m▀[0m[38;2;51;50;60m[48;2;54;52;61m▀[0m[38;2;56;53;64m▀[0m  [38;2;126;124;131m▀[0m[38;2;125;122;130m▀[0m[38;2;186;186;186m[48;2;13;10;14m▀[0m[38;2;196;202;195m[48;2;90;64;98m▀[0m[38;2;112;57;120m[48;2;101;75;105m▀[0m[38;2;84;58;101m▀[0m[38;2;86;58;102m▀[0m     
         [38;2;76;69;81m▀[0m[38;2;53;51;61m▀[0m[38;2;54;52;62m▀[0m[38;2;53;51;61m▀[0m [38;2;58;56;67m▀[0m[38;2;62;57;69m▀[0m[38;2;52;51;60m[48;2;61;58;70m▀[0m[38;2;52;51;60m[48;2;52;51;61m▀[0m[38;2;52;51;61m[48;2;55;54;64m▀[0m[38;2;51;51;60m▀[0m[38;2;55;54;64m▀[0m[38;2;35;44;50m▀[0m[38;2;20;23;26m▀[0m[38;2;43;50;58m▀[0m                
                                        
                                        
                                        
                                        
