                                        
                                        
     [38;2;107;180;193m▄[0m[38;2;46;117;130m▄[0m[38;2;52;128;141m▄[0m[38;2;130;207;221m[48;2;124;197;210m▀[0m[38;2;122;196;209m[48;2;127;200;213m▀[0m[38;2;76;149;162m[48;2;129;202;215m▀[0m[38;2;134;207;220m[48;2;129;202;216m▀[0m[38;2;35;95;105m▄[0m[38;2;127;200;213m▄[0m[38;2;18;50;55m▄[0m                         
   [38;2;124;197;210m▄[0m[38;2;124;197;210m[48;2;124;197;210m▀[0m[38;2;123;196;209m[48;2;123;196;209m▀[0m[38;2;124;197;210m[48;2;124;197;210m▀[0m[38;2;125;198;211m[48;2;126;199;212m▀[0m[38;2;128;201;214m[48;2;129;203;216m▀[0m[38;2;53;114;125m[48;2;138;211;224m▀[0m[38;2;130;203;216m[48;2;139;213;226m▀[0m[38;2;135;208;221m[48;2;139;212;225m▀[0m[38;2;138;211;224m[48;2;139;212;225m▀[0m[38;2;97;170;183m[48;2;132;205;218m▀[0m[38;2;127;200;213m[48;2;116;189;202m▀[0m[38;2;109;178;191m[48;2;127;201;214m▀[0m[38;2;157;127;126m▄[0m[38;2;203;198;197m▄[0m                      
  [38;2;128;200;214m[48;2;127;200;213m▀[0m[38;2;122;195;208m[48;2;65;127;137m▀[0m[38;2;121;195;208m[48;2;128;201;214m▀[0m[38;2;124;198;211m[48;2;127;201;214m▀[0m[38;2;125;198;211m[48;2;128;201;214m▀[0m[38;2;130;203;216m[48;2;132;205;218m▀[0m[38;2;134;207;220m[48;2;132;205;218m▀[0m[38;2;140;214;227m[48;2;131;204;217m▀[0m[38;2;141;214;227m[48;2;130;203;216m▀[0m[38;2;50;124;137m[48;2;133;206;219m▀[0m[38;2;132;206;219m[48;2;129;203;216m▀[0m[38;2;132;206;219m[48;2;128;201;214m▀[0m[38;2;128;201;214m[48;2;126;199;212m▀[0m[38;2;127;200;213m[48;2;125;198;211m▀[0m[38;2;55;121;133m[48;2;90;162;175m▀[0m[38;2;209;201;199m[48;2;209;201;199m▀[0m[38;2;227;220;219m[48;2;210;201;198m▀[0m[38;2;7;6;6m▄[0m                    
 [38;2;16;41;46m[48;2;75;131;140m▀[0m[38;2;128;201;214m[48;2;127;201;214m▀[0m[38;2;160;207;228m[48;2;128;201;214m▀[0m[38;2;128;201;214m[48;2;128;201;214m▀[0m[38;2;131;204;217m[48;2;178;222;246m▀[0m[38;2;130;204;217m[48;2;91;158;170m▀[0m[38;2;127;200;213m[48;2;126;199;212m▀[0m[38;2;128;202;215m[48;2;124;197;210m▀[0m[38;2;131;204;217m[48;2;124;197;210m▀[0m[38;2;129;202;215m[48;2;123;197;210m▀[0m[38;2;127;200;213m[48;2;124;197;210m▀[0m[38;2;123;196;209m[48;2;134;207;220m▀[0m[38;2;125;198;211m[48;2;127;200;213m▀[0m[38;2;125;198;211m[48;2;120;196;210m▀[0m[38;2;93;167;180m[48;2;33;106;119m▀[0m[38;2;71;137;149m[48;2;147;118;118m▀[0m[38;2;213;205;202m[48;2;212;204;202m▀[0m[38;2;224;212;208m[48;2;236;223;219m▀[0m[38;2;217;209;209m[48;2;219;209;207m▀[0m[38;2;40;36;35m▄[0m                   
  [38;2;124;198;211m[48;2;22;9;13m▀[0m[38;2;124;197;210m[48;2;86;48;56m▀[0m[38;2;127;200;213m[48;2;122;195;207m▀[0m[38;2;7;69;82m[48;2;123;196;209m▀[0m[38;2;127;200;213m[48;2;124;197;210m▀[0m[38;2;124;198;211m[48;2;127;200;213m▀[0m[38;2;125;198;211m[48;2;127;200;213m▀[0m[38;2;126;199;212m[48;2;127;200;213m▀[0m[38;2;127;200;213m[48;2;127;200;213m▀[0m[38;2;127;200;213m[48;2;126;199;213m▀[0m[38;2;131;204;217m[48;2;178;150;136m▀[0m[38;2;248;207;187m[48;2;246;199;178m▀[0m[38;2;247;201;181m[48;2;188;130;119m▀[0m[38;2;189;133;121m[48;2;77;64;63m▀[0m[38;2;180;159;157m[48;2;212;202;200m▀[0m[38;2;211;203;201m[48;2;56;87;105m▀[0m[38;2;211;201;198m[48;2;58;89;107m▀[0m[38;2;211;202;200m[48;2;214;206;204m▀[0m[38;2;222;214;213m[48;2;222;214;212m▀[0m                   
  [38;2;249;206;186m▀[0m[38;2;47;26;31m[48;2;112;58;65m▀[0m[38;2;89;48;56m[48;2;109;55;61m▀[0m[38;2;93;49;57m[48;2;104;54;61m▀[0m[38;2;61;33;38m[48;2;99;52;59m▀[0m[38;2;85;46;55m[48;2;90;48;55m▀[0m[38;2;76;43;50m[48;2;86;46;54m▀[0m[38;2;52;24;39m[48;2;87;46;55m▀[0m[38;2;68;26;42m[48;2;240;194;175m▀[0m[38;2;85;67;61m[48;2;243;196;175m▀[0m[38;2;244;198;178m[48;2;205;150;135m▀[0m[38;2;191;134;121m[48;2;197;138;125m▀[0m[38;2;192;135;122m[48;2;159;131;130m▀[0m[38;2;180;160;158m[48;2;212;204;202m▀[0m[38;2;212;204;202m[48;2;212;204;202m▀[0m[38;2;80;111;129m[48;2;89;120;138m▀[0m[38;2;75;106;124m[48;2;76;107;125m▀[0m[38;2;134;109;109m[48;2;98;81;80m▀[0m[38;2;215;205;203m[48;2;212;203;201m▀[0m                   
    [38;2;243;194;173m▀[0m[38;2;109;55;63m▀[0m[38;2;106;54;61m[48;2;133;106;94m▀[0m[38;2;104;55;62m[48;2;207;169;152m▀[0m[38;2;120;96;85m[48;2;113;90;81m▀[0m[38;2;242;195;176m[48;2;184;165;162m▀[0m[38;2;244;198;178m[48;2;151;122;122m▀[0m[38;2;187;130;119m[48;2;150;122;122m▀[0m[38;2;158;129;127m[48;2;157;131;129m▀[0m[38;2;157;129;128m[48;2;206;197;194m▀[0m[38;2;206;197;194m[48;2;206;197;195m▀[0m[38;2;206;197;193m[48;2;207;198;195m▀[0m[38;2;206;197;194m[48;2;208;198;195m▀[0m[38;2;33;52;65m[48;2;209;198;195m▀[0m[38;2;90;122;140m[48;2;221;210;207m▀[0m[38;2;154;148;146m[48;2;51;85;105m▀[0m[38;2;214;206;204m[48;2;74;75;80m▀[0m[38;2;46;39;35m▀[0m                  
         [38;2;231;226;225m▀[0m[38;2;225;219;218m[48;2;223;216;214m▀[0m[38;2;207;198;196m[48;2;199;188;185m▀[0m[38;2;204;194;191m[48;2;198;186;182m▀[0m[38;2;206;196;193m[48;2;202;191;188m▀[0m[38;2;204;193;190m[48;2;205;195;192m▀[0m[38;2;205;194;191m[48;2;206;197;194m▀[0m[38;2;207;196;193m[48;2;208;197;195m▀[0m[38;2;208;197;194m[48;2;59;92;111m▀[0m[38;2;55;87;105m[48;2;75;106;124m▀[0m[38;2;75;106;124m[48;2;16;15;15m▀[0m[38;2;225;217;214m[48;2;7;8;12m▀[0m[38;2;141;215;228m▄[0m                  
           [38;2;242;235;234m▀[0m[38;2;201;191;188m[48;2;229;222;221m▀[0m[38;2;203;193;189m[48;2;208;199;197m▀[0m[38;2;203;193;190m[48;2;207;196;192m▀[0m[38;2;208;197;194m[48;2;205;193;190m▀[0m[38;2;94;74;73m[48;2;204;194;191m▀[0m[38;2;132;125;123m[48;2;200;189;186m▀[0m[38;2;211;201;197m[48;2;80;112;131m▀[0m[38;2;73;104;122m[48;2;116;116;115m▀[0m[38;2;38;42;43m[48;2;48;57;57m▀[0m[38;2;133;206;219m[48;2;126;199;212m▀[0m[38;2;97;172;185m▄[0m                 
             [38;2;25;55;62m[48;2;249;212;190m▀[0m[38;2;136;130;129m[48;2;200;201;194m▀[0m[38;2;103;96;95m[48;2;44;108;119m▀[0m[38;2;208;199;197m[48;2;53;111;122m▀[0m[38;2;198;188;184m[48;2;184;145;130m▀[0m[38;2;125;198;211m[48;2;243;196;175m▀[0m[38;2;60;51;47m[48;2;246;199;179m▀[0m[38;2;247;200;180m[48;2;245;197;178m▀[0m[38;2;125;199;212m[48;2;9;22;28m▀[0m[38;2;124;197;210m[48;2;125;199;212m▀[0m         [38;2;125;199;213m▄[0m[38;2;123;197;210m▄[0m[38;2;130;204;217m▄[0m[38;2;86;157;170m▄[0m[38;2;132;205;218m▄[0m   
             [38;2;248;212;190m[48;2;249;215;193m▀[0m[38;2;249;219;205m[48;2;248;220;207m▀[0m[38;2;246;201;180m[48;2;246;200;180m▀[0m[38;2;245;199;179m[48;2;247;202;182m▀[0m[38;2;243;196;175m[48;2;246;200;179m▀[0m[38;2;245;198;177m[48;2;247;200;179m▀[0m[38;2;243;197;176m[48;2;248;202;181m▀[0m[38;2;247;201;180m[48;2;249;203;183m▀[0m[38;2;75;106;125m[48;2;96;127;145m▀[0m[38;2;3;27;32m[48;2;44;117;130m▀[0m      [38;2;125;198;211m▄[0m[38;2;13;64;74m[48;2;126;199;213m▀[0m[38;2;66;140;153m[48;2;127;200;213m▀[0m[38;2;55;126;138m[48;2;130;203;216m▀[0m[38;2;135;208;221m[48;2;140;214;227m▀[0m[38;2;139;213;226m[48;2;72;146;159m▀[0m[38;2;140;214;227m[48;2;137;210;223m▀[0m[38;2;48;111;122m[48;2;126;199;212m▀[0m[38;2;122;196;209m[48;2;117;190;203m▀[0m[38;2;1;26;31m▄[0m 
             [38;2;79;66;59m▀[0m[38;2;249;211;193m[48;2;248;202;182m▀[0m[38;2;248;203;184m[48;2;248;201;180m▀[0m[38;2;248;204;185m[48;2;248;203;183m▀[0m[38;2;248;202;181m[48;2;248;201;180m▀[0m[38;2;247;201;180m[48;2;248;201;180m▀[0m[38;2;246;199;179m[48;2;248;201;181m▀[0m[38;2;248;202;182m[48;2;248;202;181m▀[0m[38;2;41;97;110m[48;2;248;202;181m▀[0m[38;2;128;201;214m[48;2;96;166;179m▀[0m[38;2;6;24;26m[48;2;130;203;216m▀[0m[38;2;128;201;214m▄[0m[38;2;133;208;221m▄[0m[38;2;131;202;215m[48;2;126;199;212m▀[0m[38;2;127;200;213m[48;2;126;199;212m▀[0m[38;2;127;200;213m[48;2;129;202;215m▀[0m[38;2;127;200;213m[48;2;139;212;225m▀[0m[38;2;127;200;213m[48;2;139;213;226m▀[0m[38;2;129;206;220m[48;2;127;200;213m▀[0m[38;2;129;202;215m[48;2;129;202;215m▀[0m[38;2;129;202;215m[48;2;126;200;213m▀[0m[38;2;128;201;214m[48;2;125;199;212m▀[0m[38;2;127;200;213m[48;2;60;135;148m▀[0m[38;2;124;197;210m[48;2;100;174;187m▀[0m[38;2;22;57;63m[48;2;92;167;181m▀[0m[38;2;59;121;133m[48;2;45;28;27m▀[0m 
              [38;2;169;117;107m▀[0m[38;2;248;201;180m[48;2;181;124;113m▀[0m[38;2;248;201;180m[48;2;243;196;175m▀[0m[38;2;247;202;181m[48;2;242;195;175m▀[0m[38;2;247;200;179m[48;2;245;198;177m▀[0m[38;2;247;199;179m[48;2;247;200;179m▀[0m[38;2;247;200;180m[48;2;247;201;180m▀[0m[38;2;247;200;179m[48;2;128;201;214m▀[0m[38;2;135;208;221m[48;2;126;199;212m▀[0m[38;2;128;201;214m[48;2;127;200;213m▀[0m[38;2;134;207;220m[48;2;127;200;213m▀[0m[38;2;135;208;221m[48;2;128;201;214m▀[0m[38;2;12;28;30m[48;2;125;198;211m▀[0m[38;2;125;198;211m[48;2;124;197;210m▀[0m[38;2;130;204;217m[48;2;124;197;211m▀[0m[38;2;130;203;216m[48;2;124;198;211m▀[0m[38;2;129;202;215m[48;2;123;196;209m▀[0m[38;2;126;199;212m[48;2;123;196;209m▀[0m[38;2;124;197;210m[48;2;124;197;210m▀[0m[38;2;122;195;208m[48;2;94;172;186m▀[0m[38;2;123;196;209m[48;2;87;160;173m▀[0m[38;2;97;172;186m[48;2;86;162;176m▀[0m[38;2;87;160;173m[48;2;182;125;113m▀[0m[38;2;146;99;89m[48;2;80;55;50m▀[0m  
                [38;2;44;101;111m[48;2;184;127;115m▀[0m[38;2;200;140;128m[48;2;73;53;50m▀[0m[38;2;252;209;187m[48;2;40;83;91m▀[0m[38;2;82;85;82m[48;2;98;73;68m▀[0m[38;2;125;198;211m[48;2;228;178;159m▀[0m[38;2;243;201;181m[48;2;246;200;180m▀[0m[38;2;246;199;178m[48;2;246;200;179m▀[0m[38;2;127;200;213m[48;2;243;196;176m▀[0m[38;2;124;198;211m[48;2;94;125;143m▀[0m[38;2;126;200;213m[48;2;76;107;125m▀[0m[38;2;125;198;211m[48;2;124;197;210m▀[0m[38;2;83;154;166m[48;2;121;194;207m▀[0m[38;2;123;196;209m[48;2;96;169;182m▀[0m[38;2;122;196;209m[48;2;92;165;177m▀[0m[38;2;109;183;197m[48;2;63;95;113m▀[0m[38;2;19;38;50m[48;2;58;89;107m▀[0m[38;2;87;160;173m[48;2;187;129;118m▀[0m[38;2;193;133;121m[48;2;187;129;117m▀[0m[38;2;186;128;117m[48;2;189;130;119m▀[0m[38;2;87;60;55m▀[0m[38;2;41;28;25m▀[0m   
                 [38;2;183;126;115m▀[0m[38;2;184;126;115m[48;2;183;125;114m▀[0m[38;2;184;126;114m[48;2;184;126;115m▀[0m[38;2;184;127;115m[48;2;185;127;115m▀[0m[38;2;183;125;114m[48;2;186;128;117m▀[0m[38;2;184;127;115m[48;2;186;128;117m▀[0m[38;2;186;128;116m[48;2;186;128;116m▀[0m[38;2;58;89;106m[48;2;187;129;117m▀[0m[38;2;58;89;107m[48;2;186;128;116m▀[0m[38;2;30;32;33m[48;2;186;128;117m▀[0m[38;2;96;169;182m[48;2;40;98;108m▀[0m[38;2;186;128;117m[48;2;186;128;117m▀[0m[38;2;186;128;117m[48;2;187;129;118m▀[0m[38;2;187;129;118m[48;2;188;130;118m▀[0m[38;2;187;129;117m▀[0m        
                   [38;2;77;53;49m▀[0m[38;2;187;129;117m▀[0m[38;2;187;130;118m▀[0m[38;2;187;129;117m[48;2;179;122;113m▀[0m[38;2;186;128;116m[48;2;197;136;124m▀[0m[38;2;187;129;118m[48;2;112;76;69m▀[0m[38;2;187;129;117m▀[0m[38;2;181;124;112m▀[0m[38;2;188;129;117m▀[0m[38;2;161;111;101m▀[0m           
                                        
                                        
