                                        
                  [38;2;58;129;198m▄[0m                     
                  [38;2;58;126;194m[48;2;54;121;191m▀[0m[38;2;55;144;207m[48;2;55;120;190m▀[0m[38;2;51;170;226m▄[0m                   
            [38;2;58;133;200m▄[0m[38;2;50;176;230m▄[0m[38;2;49;177;231m▄[0m[38;2;54;171;229m▄[0m[38;2;41;105;159m▄[0m [38;2;46;109;182m[48;2;22;75;159m▀[0m[38;2;38;98;175m[48;2;10;70;156m▀[0m[38;2;36;103;187m[48;2;15;64;157m▀[0m[38;2;30;71;121m[48;2;12;70;155m▀[0m  [38;2;56;126;200m▄[0m               
             [38;2;55;123;192m▀[0m[38;2;55;120;189m[48;2;49;113;185m▀[0m[38;2;48;163;226m[48;2;39;100;176m▀[0m[38;2;41;140;205m[48;2;18;70;157m▀[0m[38;2;21;76;160m[48;2;192;213;223m▀[0m[38;2;105;115;134m[48;2;191;213;228m▀[0m[38;2;221;233;241m[48;2;189;212;227m▀[0m[38;2;212;227;238m[48;2;190;212;229m▀[0m[38;2;230;239;244m[48;2;219;230;240m▀[0m[38;2;244;248;251m[48;2;195;216;231m▀[0m[38;2;25;86;171m[48;2;190;212;228m▀[0m[38;2;33;86;169m[48;2;231;239;245m▀[0m               
              [38;2;69;101;99m▄[0m[38;2;27;86;167m[48;2;33;49;76m▀[0m[38;2;21;74;158m[48;2;19;44;95m▀[0m[38;2;190;213;228m[48;2;160;176;204m▀[0m[38;2;190;212;228m[48;2;144;157;195m▀[0m[38;2;240;236;72m[48;2;240;235;72m▀[0m[38;2;190;212;229m[48;2;115;121;162m▀[0m[38;2;188;211;227m[48;2;117;123;163m▀[0m[38;2;240;235;70m[48;2;240;235;70m▀[0m[38;2;191;213;228m[48;2;112;118;155m▀[0m[38;2;191;213;229m[48;2;117;123;162m▀[0m[38;2;191;213;228m[48;2;128;138;170m▀[0m[38;2;190;208;221m[48;2;152;165;191m▀[0m             
              [38;2;48;57;112m[48;2;50;114;185m▀[0m[38;2;30;88;168m[48;2;40;104;179m▀[0m[38;2;21;74;158m[48;2;20;74;158m▀[0m[38;2;114;119;160m[48;2;64;153;170m▀[0m[38;2;114;119;160m[48;2;149;161;193m▀[0m[38;2;253;252;79m[48;2;154;166;196m▀[0m[38;2;108;114;152m[48;2;154;166;197m▀[0m[38;2;127;134;172m[48;2;154;166;197m▀[0m[38;2;213;194;29m[48;2;154;165;196m▀[0m[38;2;154;166;197m[48;2;153;165;196m▀[0m[38;2;158;169;198m▀[0m[38;2;167;181;209m▀[0m              
             [38;2;53;121;196m[48;2;48;111;185m▀[0m[38;2;50;115;186m[48;2;34;84;165m▀[0m[38;2;47;109;185m[48;2;35;88;173m▀[0m[38;2;2;57;148m[48;2;20;56;116m▀[0m[38;2;8;51;143m▀[0m[38;2;8;51;146m▀[0m[38;2;162;175;204m[48;2;14;72;158m▀[0m[38;2;167;180;209m[48;2;12;71;156m▀[0m[38;2;65;74;102m[48;2;16;48;138m▀[0m[38;2;15;38;97m▀[0m[38;2;69;161;177m[48;2;32;78;161m▀[0m                
                [38;2;92;96;170m[48;2;105;103;173m▀[0m[38;2;87;93;169m▄[0m [38;2;43;106;180m[48;2;51;115;186m▀[0m[38;2;41;104;179m[48;2;79;175;189m▀[0m[38;2;29;74;159m[48;2;20;35;77m▀[0m [38;2;21;42;88m▀[0m                
                [38;2;158;156;204m[48;2;157;156;205m▀[0m[38;2;103;103;174m[48;2;155;155;205m▀[0m[38;2;104;108;180m[48;2;157;156;204m▀[0m[38;2;49;111;183m[48;2;48;113;184m▀[0m[38;2;35;88;167m▀[0m                   
                [38;2;153;152;202m[48;2;192;190;223m▀[0m[38;2;153;153;203m[48;2;151;151;202m▀[0m[38;2;155;154;204m[48;2;154;154;204m▀[0m[38;2;152;153;203m[48;2;153;154;203m▀[0m[38;2;150;151;202m[48;2;154;154;203m▀[0m[38;2;129;130;190m▄[0m                  
               [38;2;112;114;145m▄[0m[38;2;199;196;226m[48;2;201;198;227m▀[0m[38;2;160;158;206m[48;2;164;161;207m▀[0m[38;2;163;161;208m[48;2;200;196;226m▀[0m[38;2;153;154;203m[48;2;160;158;205m▀[0m[38;2;160;158;205m[48;2;160;158;205m▀[0m[38;2;139;137;193m[48;2;161;159;207m▀[0m[38;2;130;130;190m[48;2;130;131;190m▀[0m[38;2;133;130;195m[48;2;129;130;190m▀[0m[38;2;131;128;192m▄[0m               
               [38;2;203;199;227m[48;2;202;199;227m▀[0m[38;2;202;199;227m[48;2;201;198;227m▀[0m[38;2;199;195;226m[48;2;202;199;227m▀[0m[38;2;191;188;222m[48;2;159;157;206m▀[0m[38;2;176;174;214m[48;2;161;159;206m▀[0m[38;2;160;158;205m[48;2;160;158;205m▀[0m[38;2;163;161;207m[48;2;156;154;204m▀[0m[38;2;131;130;190m[48;2;128;129;189m▀[0m[38;2;130;131;190m[48;2;127;129;189m▀[0m[38;2;124;121;184m[48;2;124;123;185m▀[0m[38;2;28;37;74m[48;2;130;129;189m▀[0m              
               [38;2;202;197;226m[48;2;166;164;209m▀[0m[38;2;201;198;227m[48;2;201;196;226m▀[0m[38;2;200;196;225m[48;2;192;189;222m▀[0m[38;2;171;168;211m[48;2;161;159;206m▀[0m[38;2;40;49;83m[48;2;160;158;205m▀[0m[38;2;160;158;205m[48;2;160;158;205m▀[0m[38;2;135;136;193m[48;2;106;111;179m▀[0m[38;2;128;129;189m[48;2;122;124;187m▀[0m[38;2;127;128;189m[48;2;123;125;187m▀[0m[38;2;119;117;182m[48;2;109;107;177m▀[0m[38;2;128;128;188m[48;2;129;129;189m▀[0m              
               [38;2;152;152;203m[48;2;1;11;40m▀[0m[38;2;168;166;210m[48;2;166;163;209m▀[0m[38;2;159;157;205m[48;2;159;158;206m▀[0m[38;2;159;158;205m[48;2;159;158;205m▀[0m[38;2;159;158;205m[48;2;160;158;206m▀[0m[38;2;165;163;208m[48;2;113;118;192m▀[0m[38;2;105;110;178m[48;2;104;110;178m▀[0m[38;2;104;110;179m[48;2;104;110;178m▀[0m[38;2;105;106;176m[48;2;96;96;170m▀[0m[38;2;110;108;177m[48;2;101;100;172m▀[0m[38;2;129;129;189m[48;2;133;131;193m▀[0m              
                [38;2;130;130;193m▀[0m[38;2;116;116;181m[48;2;114;117;168m▀[0m[38;2;113;113;180m[48;2;112;113;180m▀[0m[38;2;116;115;180m[48;2;103;109;178m▀[0m[38;2;103;109;178m[48;2;98;104;175m▀[0m[38;2;103;109;178m[48;2;111;115;189m▀[0m[38;2;103;109;178m[48;2;103;109;178m▀[0m[38;2;96;97;170m[48;2;95;96;169m▀[0m[38;2;124;125;187m[48;2;132;131;196m▀[0m               
                   [38;2;5;17;48m▀[0m[38;2;112;117;189m▀[0m[38;2;103;109;178m▀[0m[38;2;102;109;177m[48;2;102;108;177m▀[0m[38;2;101;107;177m[48;2;103;109;178m▀[0m[38;2;9;21;52m[48;2;64;71;117m▀[0m               
                       [38;2;101;107;176m[48;2;81;88;149m▀[0m[38;2;131;133;195m[48;2;105;106;176m▀[0m               
                                        
                                        
