                                        
                   [38;2;174;151;188m▄[0m                    
                  [38;2;178;155;190m[48;2;197;182;209m▀[0m[38;2;174;151;188m[48;2;247;207;142m▀[0m[38;2;180;158;193m▄[0m                   
                 [38;2;201;186;212m[48;2;187;168;200m▀[0m[38;2;227;205;191m[48;2;248;214;157m▀[0m[38;2;250;221;172m[48;2;248;213;152m▀[0m[38;2;191;173;203m[48;2;189;171;202m▀[0m                   
                [38;2;120;86;151m▀[0m[38;2;205;180;184m[48;2;174;152;189m▀[0m[38;2;248;213;153m[48;2;142;133;125m▀[0m[38;2;248;213;152m[48;2;185;165;197m▀[0m[38;2;187;169;200m[48;2;168;145;186m▀[0m                   
               [38;2;235;237;242m▄[0m[38;2;15;15;15m[48;2;240;243;246m▀[0m[38;2;245;247;249m▄[0m[38;2;1;3;1m[48;2;245;246;248m▀[0m[38;2;245;246;248m▄[0m[38;2;254;254;254m▄[0m       [38;2;234;236;241m▄[0m           
               [38;2;233;235;240m[48;2;171;167;179m▀[0m[38;2;235;237;242m[48;2;40;37;41m▀[0m[38;2;236;238;243m[48;2;193;191;200m▀[0m[38;2;240;242;245m[48;2;243;244;248m▀[0m[38;2;234;236;240m[48;2;232;234;239m▀[0m[38;2;231;233;238m[48;2;68;68;69m▀[0m       [38;2;232;233;237m[48;2;226;228;232m▀[0m[38;2;226;228;232m▄[0m          
                [38;2;152;138;160m[48;2;236;238;243m▀[0m[38;2;149;135;156m[48;2;159;147;166m▀[0m[38;2;148;134;156m[48;2;151;136;159m▀[0m         [38;2;236;239;243m[48;2;0;0;0m▀[0m[38;2;231;233;237m[48;2;137;149;157m▀[0m[38;2;227;229;233m[48;2;228;229;234m▀[0m         
            [38;2;144;154;172m▄[0m[38;2;180;198;213m[48;2;163;175;193m▀[0m[38;2;180;197;211m[48;2;180;197;212m▀[0m[38;2;180;197;211m[48;2;181;197;212m▀[0m[38;2;181;197;213m[48;2;185;201;215m▀[0m[38;2;180;197;212m[48;2;179;196;211m▀[0m[38;2;181;196;211m[48;2;181;197;212m▀[0m[38;2;180;196;212m▄[0m[38;2;214;231;240m▄[0m      [38;2;37;40;43m▄[0m[38;2;185;203;219m[48;2;171;187;200m▀[0m[38;2;192;203;214m[48;2;187;203;219m▀[0m[38;2;233;235;240m▀[0m         
        [38;2;11;12;13m▄[0m[38;2;61;65;67m▄[0m[38;2;239;247;250m[48;2;61;65;68m▀[0m[38;2;206;215;229m[48;2;75;75;76m▀[0m[38;2;151;163;183m[48;2;189;203;218m▀[0m[38;2;63;65;77m[48;2;111;115;135m▀[0m[38;2;169;182;199m[48;2;137;148;165m▀[0m[38;2;180;197;211m[48;2;151;160;180m▀[0m[38;2;181;198;213m[48;2;178;194;210m▀[0m[38;2;192;205;218m[48;2;180;196;211m▀[0m[38;2;219;226;234m[48;2;186;200;214m▀[0m[38;2;200;211;223m[48;2;186;202;215m▀[0m[38;2;217;224;232m[48;2;219;226;234m▀[0m[38;2;54;55;56m[48;2;219;226;234m▀[0m[38;2;180;197;211m▄[0m[38;2;73;79;85m[48;2;180;196;211m▀[0m[38;2;181;198;213m[48;2;181;198;213m▀[0m[38;2;180;196;211m[48;2;181;198;213m▀[0m[38;2;206;222;237m[48;2;204;214;226m▀[0m[38;2;148;157;175m[48;2;218;225;233m▀[0m            
       [38;2;11;12;14m▄[0m[38;2;138;149;167m[48;2;138;150;167m▀[0m[38;2;56;62;64m[48;2;31;34;38m▀[0m[38;2;39;48;55m[48;2;137;148;165m▀[0m[38;2;137;148;166m[48;2;138;149;166m▀[0m[38;2;150;158;177m[48;2;138;149;166m▀[0m[38;2;148;156;175m[48;2;138;149;167m▀[0m[38;2;24;26;29m[48;2;139;150;168m▀[0m[38;2;151;163;182m[48;2;141;151;169m▀[0m[38;2;137;149;166m[48;2;142;153;171m▀[0m[38;2;141;153;171m[48;2;138;149;166m▀[0m[38;2;179;196;211m[48;2;26;28;30m▀[0m[38;2;180;196;211m[48;2;179;196;211m▀[0m[38;2;181;197;212m[48;2;181;198;213m▀[0m[38;2;177;194;209m[48;2;180;196;211m▀[0m[38;2;184;200;216m[48;2;123;135;144m▀[0m[38;2;180;196;211m[48;2;180;196;211m▀[0m[38;2;180;197;211m[48;2;181;197;212m▀[0m[38;2;211;220;229m[48;2;179;195;210m▀[0m[38;2;220;227;235m[48;2;179;196;211m▀[0m[38;2;199;211;222m[48;2;178;194;209m▀[0m[38;2;179;195;208m[48;2;181;197;213m▀[0m[38;2;135;147;156m[48;2;176;193;207m▀[0m[38;2;0;0;0m▄[0m         
       [38;2;137;148;166m[48;2;138;150;167m▀[0m[38;2;138;149;166m[48;2;137;148;165m▀[0m[38;2;142;154;171m[48;2;138;149;167m▀[0m[38;2;137;148;165m[48;2;138;149;167m▀[0m[38;2;137;148;166m[48;2;138;149;167m▀[0m[38;2;138;149;167m[48;2;137;149;166m▀[0m[38;2;137;148;165m[48;2;137;149;166m▀[0m[38;2;138;149;166m[48;2;144;156;174m▀[0m[38;2;138;148;166m[48;2;78;51;57m▀[0m[38;2;136;148;165m[48;2;77;51;57m▀[0m[38;2;137;148;166m[48;2;106;118;126m▀[0m[38;2;154;167;186m[48;2;74;49;55m▀[0m[38;2;115;126;134m[48;2;137;149;166m▀[0m[38;2;179;196;211m[48;2;181;197;213m▀[0m[38;2;180;196;211m[48;2;186;201;215m▀[0m[38;2;187;203;218m[48;2;207;217;228m▀[0m[38;2;112;119;122m[48;2;199;211;223m▀[0m[38;2;179;196;210m[48;2;189;204;217m▀[0m[38;2;181;197;212m[48;2;181;197;212m▀[0m[38;2;181;197;212m[48;2;181;197;212m▀[0m[38;2;179;196;211m[48;2;182;198;214m▀[0m[38;2;178;194;209m[48;2;149;161;177m▀[0m[38;2;172;188;202m[48;2;141;153;169m▀[0m[38;2;139;151;167m[48;2;141;151;168m▀[0m         
       [38;2;137;147;165m▀[0m[38;2;139;150;168m[48;2;138;149;167m▀[0m[38;2;138;150;166m[48;2;144;156;174m▀[0m[38;2;138;150;166m[48;2;83;44;42m▀[0m[38;2;47;50;56m[48;2;111;63;62m▀[0m[38;2;138;150;167m[48;2;24;11;11m▀[0m[38;2;55;30;32m[48;2;77;46;50m▀[0m[38;2;89;53;57m[48;2;97;50;49m▀[0m[38;2;74;49;55m[48;2;117;61;59m▀[0m[38;2;74;49;55m[48;2;182;199;215m▀[0m[38;2;74;49;55m[48;2;180;197;212m▀[0m[38;2;74;49;55m[48;2;145;156;174m▀[0m[38;2;138;149;166m[48;2;137;148;166m▀[0m[38;2;181;198;213m[48;2;181;197;212m▀[0m[38;2;180;196;212m[48;2;181;197;212m▀[0m[38;2;181;198;213m[48;2;178;195;210m▀[0m[38;2;167;183;196m[48;2;139;150;168m▀[0m[38;2;154;167;182m[48;2;139;150;168m▀[0m[38;2;28;30;34m[48;2;140;146;159m▀[0m[38;2;139;150;167m[48;2;139;150;167m▀[0m[38;2;138;149;167m[48;2;139;150;167m▀[0m[38;2;137;147;163m[48;2;156;161;175m▀[0m[38;2;138;149;167m[48;2;179;176;187m▀[0m[38;2;151;156;171m[48;2;178;175;186m▀[0m         
        [38;2;165;177;197m[48;2;112;61;60m▀[0m[38;2;121;85;88m[48;2;111;62;61m▀[0m[38;2;110;64;62m[48;2;110;64;62m▀[0m[38;2;113;64;62m[48;2;139;72;69m▀[0m[38;2;123;63;61m[48;2;164;96;92m▀[0m[38;2;123;63;61m[48;2;163;96;92m▀[0m[38;2;123;63;61m[48;2;108;119;128m▀[0m[38;2;122;64;61m[48;2;10;14;16m▀[0m[38;2;136;147;165m[48;2;141;152;169m▀[0m[38;2;138;149;166m[48;2;137;148;166m▀[0m[38;2;138;149;166m[48;2;138;149;166m▀[0m[38;2;135;147;164m[48;2;136;148;165m▀[0m[38;2;178;196;212m[48;2;204;203;211m▀[0m[38;2;237;238;242m[48;2;138;151;162m▀[0m[38;2;234;237;242m[48;2;235;237;241m▀[0m[38;2;233;235;240m[48;2;234;236;241m▀[0m[38;2;207;206;215m[48;2;147;158;169m▀[0m[38;2;178;175;186m[48;2;150;147;155m▀[0m[38;2;181;178;188m[48;2;183;180;192m▀[0m[38;2;198;192;202m[48;2;6;6;7m▀[0m[38;2;182;179;189m[48;2;179;176;187m▀[0m[38;2;179;176;187m[48;2;179;176;187m▀[0m[38;2;178;175;186m[48;2;97;95;100m▀[0m[38;2;189;186;197m[48;2;176;173;184m▀[0m        
      [38;2;29;31;36m[48;2;141;152;170m▀[0m[38;2;112;62;60m[48;2;22;15;15m▀[0m[38;2;121;67;65m[48;2;144;153;170m▀[0m[38;2;111;62;61m[48;2;111;62;61m▀[0m[38;2;162;94;91m[48;2;164;96;92m▀[0m[38;2;37;12;10m[48;2;139;149;167m▀[0m[38;2;164;96;92m[48;2;137;149;166m▀[0m[38;2;163;96;92m[48;2;29;30;34m▀[0m[38;2;138;149;167m[48;2;138;149;167m▀[0m[38;2;138;150;167m[48;2;138;149;167m▀[0m[38;2;137;148;166m[48;2;138;149;167m▀[0m[38;2;137;148;165m[48;2;137;148;166m▀[0m[38;2;137;148;166m[48;2;138;148;165m▀[0m[38;2;137;148;165m[48;2;136;147;165m▀[0m[38;2;10;10;12m[48;2;136;147;164m▀[0m[38;2;224;225;231m[48;2;132;143;159m▀[0m[38;2;245;247;250m[48;2;197;195;204m▀[0m[38;2;245;246;248m[48;2;237;239;243m▀[0m[38;2;248;250;251m[48;2;234;236;241m▀[0m[38;2;244;246;249m[48;2;177;177;178m▀[0m[38;2;232;234;239m[48;2;231;233;238m▀[0m[38;2;198;195;208m[48;2;176;174;185m▀[0m[38;2;179;176;187m[48;2;177;175;185m▀[0m[38;2;180;177;188m[48;2;186;182;195m▀[0m[38;2;56;59;69m[48;2;95;99;115m▀[0m[38;2;179;176;187m[48;2;149;161;180m▀[0m[38;2;219;216;227m[48;2;166;165;168m▀[0m[38;2;95;95;97m▀[0m      
      [38;2;136;148;165m[48;2;140;152;170m▀[0m[38;2;138;150;167m[48;2;138;149;167m▀[0m[38;2;136;147;164m[48;2;137;149;166m▀[0m[38;2;84;95;106m[48;2;137;148;166m▀[0m[38;2;138;149;167m[48;2;137;149;166m▀[0m[38;2;136;147;164m[48;2;137;149;166m▀[0m[38;2;137;148;166m[48;2;138;150;167m▀[0m[38;2;137;148;166m[48;2;137;148;166m▀[0m[38;2;137;149;166m[48;2;134;145;162m▀[0m[38;2;138;149;167m[48;2;138;149;167m▀[0m[38;2;138;149;167m[48;2;138;149;166m▀[0m[38;2;138;148;166m[48;2;140;151;167m▀[0m[38;2;139;150;167m[48;2;138;149;166m▀[0m[38;2;137;148;166m[48;2;133;144;160m▀[0m[38;2;136;147;165m[48;2;137;148;165m▀[0m[38;2;80;86;95m[48;2;85;90;105m▀[0m[38;2;16;16;18m[48;2;97;101;118m▀[0m[38;2;187;183;193m[48;2;193;190;201m▀[0m[38;2;185;182;193m[48;2;194;191;202m▀[0m[38;2;137;134;142m[48;2;93;91;97m▀[0m[38;2;181;178;189m[48;2;18;18;19m▀[0m[38;2;181;177;189m[48;2;132;142;160m▀[0m[38;2;176;174;184m[48;2;133;143;160m▀[0m[38;2;209;206;217m[48;2;131;141;158m▀[0m[38;2;129;138;155m[48;2;134;145;161m▀[0m[38;2;150;157;173m[48;2;197;193;206m▀[0m        
       [38;2;137;148;165m▀[0m[38;2;138;149;166m[48;2;134;145;162m▀[0m[38;2;138;150;167m[48;2;139;150;167m▀[0m[38;2;136;148;165m[48;2;138;149;167m▀[0m[38;2;137;148;166m[48;2;138;149;166m▀[0m[38;2;138;149;167m[48;2;138;150;167m▀[0m[38;2;136;147;165m[48;2;139;150;167m▀[0m[38;2;137;149;166m[48;2;137;148;166m▀[0m[38;2;138;149;167m[48;2;140;151;169m▀[0m[38;2;137;148;166m[48;2;136;148;164m▀[0m[38;2;139;150;168m[48;2;123;133;148m▀[0m[38;2;137;149;166m[48;2;150;163;182m▀[0m[38;2;110;119;132m[48;2;148;161;177m▀[0m[38;2;115;122;139m[48;2;181;197;211m▀[0m[38;2;110;115;132m[48;2;173;188;203m▀[0m[38;2;58;56;60m[48;2;116;124;141m▀[0m[38;2;158;152;165m[48;2;18;21;23m▀[0m  [38;2;60;62;67m▀[0m[38;2;150;156;171m[48;2;179;176;187m▀[0m[38;2;76;79;87m[48;2;174;170;180m▀[0m[38;2;153;158;173m[48;2;177;175;186m▀[0m[38;2;178;175;187m▀[0m         
         [38;2;150;161;180m▀[0m[38;2;139;150;166m[48;2;151;162;180m▀[0m[38;2;137;148;166m[48;2;141;152;169m▀[0m[38;2;139;150;167m[48;2;150;161;179m▀[0m[38;2;137;148;165m[48;2;149;159;178m▀[0m[38;2;140;150;167m[48;2;142;153;171m▀[0m[38;2;152;163;182m[48;2;38;36;38m▀[0m[38;2;150;160;180m[48;2;52;55;60m▀[0m[38;2;138;149;166m[48;2;131;142;160m▀[0m[38;2;138;149;167m[48;2;138;150;167m▀[0m[38;2;140;151;169m[48;2;138;149;166m▀[0m[38;2;180;196;211m[48;2;138;149;167m▀[0m[38;2;179;196;211m[48;2;137;148;166m▀[0m[38;2;181;198;213m[48;2;156;160;175m▀[0m[38;2;122;129;147m[48;2;161;158;168m▀[0m                
            [38;2;1;1;1m▀[0m[38;2;197;194;205m▀[0m[38;2;178;175;186m▀[0m[38;2;178;175;186m▀[0m[38;2;234;231;239m▀[0m[38;2;184;181;192m▀[0m[38;2;179;176;187m▀[0m[38;2;179;176;187m[48;2;108;106;109m▀[0m[38;2;183;180;191m[48;2;136;134;136m▀[0m[38;2;178;175;186m▀[0m[38;2;180;177;188m▀[0m                 
                                        
