                                        
                                        
                                        
             [38;2;134;136;164m▄[0m[38;2;132;134;159m[48;2;177;176;192m▀[0m[38;2;138;140;167m[48;2;43;41;46m▀[0m[38;2;157;158;182m[48;2;153;153;177m▀[0m[38;2;37;35;41m▄[0m[38;2;127;129;152m▄[0m                     
            [38;2;148;149;173m[48;2;146;147;171m▀[0m[38;2;177;176;190m[48;2;156;156;180m▀[0m[38;2;155;155;178m[48;2;98;99;113m▀[0m[38;2;157;157;180m[48;2;37;39;44m▀[0m[38;2;84;83;96m[48;2;154;155;178m▀[0m[38;2;160;161;186m[48;2;153;153;177m▀[0m[38;2;106;111;128m[48;2;105;109;127m▀[0m                     
            [38;2;0;0;0m▀[0m[38;2;22;21;24m[48;2;91;90;103m▀[0m[38;2;156;156;179m[48;2;156;156;180m▀[0m[38;2;156;157;180m[48;2;157;157;180m▀[0m[38;2;156;156;180m[48;2;155;155;178m▀[0m[38;2;151;152;176m[48;2;140;140;162m▀[0m[38;2;181;180;200m[48;2;153;152;174m▀[0m[38;2;109;113;131m▀[0m     [38;2;131;128;178m▄[0m[38;2;130;126;180m▄[0m[38;2;131;127;178m▄[0m[38;2;130;126;179m▄[0m[38;2;154;150;211m▄[0m      [38;2;143;142;164m▄[0m[38;2;168;168;193m▄[0m  
              [38;2;168;168;194m[48;2;157;157;180m▀[0m[38;2;157;157;180m[48;2;153;153;177m▀[0m[38;2;157;156;180m[48;2;160;160;182m▀[0m[38;2;140;141;163m[48;2;140;141;163m▀[0m[38;2;154;154;180m▀[0m   [38;2;136;134;182m▄[0m[38;2;130;127;177m[48;2;131;128;178m▀[0m[38;2;130;128;178m[48;2;131;128;178m▀[0m[38;2;131;128;178m[48;2;130;128;178m▀[0m[38;2;130;127;178m[48;2;130;125;179m▀[0m[38;2;131;126;180m[48;2;130;125;179m▀[0m[38;2;130;126;179m[48;2;130;125;179m▀[0m[38;2;131;128;178m[48;2;130;128;178m▀[0m[38;2;131;128;178m[48;2;132;129;179m▀[0m[38;2;130;128;178m▄[0m   [38;2;7;7;8m[48;2;155;155;178m▀[0m[38;2;155;155;179m▀[0m   
       [38;2;79;79;90m▄[0m[38;2;157;157;180m▄[0m[38;2;170;172;193m▄[0m [38;2;55;51;72m▄[0m[38;2;43;42;60m[48;2;115;113;161m▀[0m[38;2;8;7;12m[48;2;131;127;182m▀[0m[38;2;155;155;179m[48;2;130;125;179m▀[0m[38;2;121;121;137m[48;2;130;125;179m▀[0m[38;2;169;168;191m[48;2;130;125;179m▀[0m[38;2;72;73;81m[48;2;130;126;180m▀[0m[38;2;132;128;181m▄[0m[38;2;191;190;217m▄[0m[38;2;178;177;204m▄[0m[38;2;143;140;189m[48;2;182;183;205m▀[0m[38;2;136;134;182m[48;2;164;164;195m▀[0m[38;2;131;128;178m[48;2;153;151;189m▀[0m[38;2;129;127;178m[48;2;178;177;203m▀[0m[38;2;144;140;186m[48;2;179;178;205m▀[0m[38;2;128;124;179m[48;2;178;176;203m▀[0m[38;2;130;125;179m[48;2;173;171;201m▀[0m[38;2;130;126;180m[48;2;175;173;202m▀[0m[38;2;131;128;178m[48;2;177;175;203m▀[0m[38;2;142;140;186m[48;2;182;182;207m▀[0m[38;2;130;127;178m[48;2;186;188;209m▀[0m[38;2;190;189;218m[48;2;180;179;206m▀[0m[38;2;17;15;17m▄[0m [38;2;157;157;180m[48;2;156;157;180m▀[0m    
      [38;2;163;163;188m[48;2;155;156;179m▀[0m[38;2;39;43;48m[48;2;155;155;179m▀[0m[38;2;163;163;187m[48;2;130;129;149m▀[0m[38;2;156;156;179m[48;2;156;156;179m▀[0m[38;2;155;155;179m[48;2;156;156;180m▀[0m[38;2;157;157;180m[48;2;156;156;180m▀[0m[38;2;114;110;157m[48;2;156;156;180m▀[0m[38;2;130;125;172m[48;2;157;158;180m▀[0m[38;2;130;128;178m[48;2;165;163;195m▀[0m[38;2;96;94;148m[48;2;130;128;178m▀[0m[38;2;125;123;173m[48;2;102;100;152m▀[0m[38;2;131;128;178m[48;2;100;100;151m▀[0m[38;2;130;125;179m[48;2;92;91;144m▀[0m[38;2;177;176;203m[48;2;13;12;14m▀[0m[38;2;177;176;203m[48;2;178;177;203m▀[0m[38;2;179;179;201m[48;2;177;176;203m▀[0m[38;2;178;179;201m[48;2;177;176;203m▀[0m[38;2;177;176;203m[48;2;178;177;203m▀[0m[38;2;177;176;203m[48;2;186;185;209m▀[0m[38;2;185;185;209m[48;2;185;185;209m▀[0m[38;2;184;184;209m[48;2;185;185;209m▀[0m[38;2;184;184;209m[48;2;183;182;207m▀[0m[38;2;186;186;210m[48;2;186;186;210m▀[0m[38;2;186;186;210m[48;2;186;185;209m▀[0m[38;2;185;185;209m[48;2;179;179;205m▀[0m[38;2;186;188;209m[48;2;178;177;203m▀[0m[38;2;186;186;211m[48;2;187;186;210m▀[0m[38;2;188;188;211m[48;2;182;181;207m▀[0m[38;2;189;190;213m▄[0m     
     [38;2;92;90;89m▀[0m[38;2;217;217;217m▀[0m[38;2;217;217;218m▀[0m[38;2;207;207;210m▀[0m[38;2;157;157;181m▀[0m[38;2;157;158;180m▀[0m[38;2;154;154;178m[48;2;6;6;6m▀[0m[38;2;157;157;181m[48;2;26;30;32m▀[0m[38;2;155;155;179m[48;2;17;20;21m▀[0m[38;2;178;179;201m[48;2;188;189;211m▀[0m[38;2;178;179;202m[48;2;188;191;210m▀[0m[38;2;140;138;183m[48;2;180;179;202m▀[0m[38;2;142;140;184m[48;2;188;190;210m▀[0m[38;2;179;179;202m[48;2;189;192;211m▀[0m[38;2;179;180;201m[48;2;189;192;211m▀[0m[38;2;177;176;203m[48;2;189;192;211m▀[0m[38;2;177;176;203m[48;2;197;198;223m▀[0m[38;2;178;176;203m[48;2;180;181;203m▀[0m[38;2;177;177;203m[48;2;177;176;202m▀[0m[38;2;177;176;203m[48;2;177;176;202m▀[0m[38;2;179;178;205m[48;2;178;179;202m▀[0m[38;2;185;186;210m[48;2;178;179;201m▀[0m[38;2;177;176;203m[48;2;177;176;203m▀[0m[38;2;185;185;209m[48;2;178;177;203m▀[0m[38;2;181;180;205m[48;2;177;176;203m▀[0m[38;2;177;176;203m[48;2;178;177;204m▀[0m[38;2;177;176;203m[48;2;178;177;204m▀[0m[38;2;177;176;203m[48;2;177;176;203m▀[0m[38;2;177;176;203m[48;2;178;179;202m▀[0m[38;2;177;176;203m[48;2;177;176;203m▀[0m[38;2;176;175;198m[48;2;191;193;213m▀[0m    
     [38;2;0;0;0m▄[0m  [38;2;106;108;116m▄[0m[38;2;103;105;113m▄[0m[38;2;89;90;96m[48;2;98;99;106m▀[0m[38;2;62;65;68m[48;2;82;82;87m▀[0m[38;2;38;41;43m[48;2;61;64;67m▀[0m[38;2;23;21;22m[48;2;157;159;178m▀[0m[38;2;158;157;178m[48;2;46;44;48m▀[0m[38;2;189;191;211m[48;2;179;180;202m▀[0m[38;2;187;187;208m[48;2;179;179;201m▀[0m[38;2;189;191;211m[48;2;133;133;170m▀[0m[38;2;187;189;208m[48;2;179;180;202m▀[0m[38;2;183;184;205m[48;2;179;179;201m▀[0m[38;2;180;180;202m[48;2;173;173;198m▀[0m[38;2;183;183;205m[48;2;178;179;201m▀[0m[38;2;180;180;202m[48;2;186;185;209m▀[0m[38;2;178;176;203m[48;2;179;178;203m▀[0m[38;2;178;176;203m[48;2;177;176;203m▀[0m[38;2;177;176;203m[48;2;177;176;202m▀[0m[38;2;177;177;203m[48;2;178;176;203m▀[0m[38;2;182;181;206m[48;2;177;176;202m▀[0m[38;2;177;176;203m[48;2;177;176;203m▀[0m[38;2;177;176;203m[48;2;178;176;203m▀[0m[38;2;177;176;203m[48;2;177;176;203m▀[0m[38;2;178;177;204m[48;2;177;176;203m▀[0m[38;2;178;177;203m[48;2;179;178;204m▀[0m[38;2;178;179;201m[48;2;179;180;202m▀[0m[38;2;182;181;202m[48;2;180;180;201m▀[0m[38;2;182;183;204m[48;2;185;186;204m▀[0m    
   [38;2;80;78;88m▄[0m[38;2;160;160;182m[48;2;157;158;180m▀[0m[38;2;157;157;180m[48;2;154;154;179m▀[0m[38;2;82;81;93m[48;2;157;159;179m▀[0m[38;2;69;70;75m[48;2;40;40;42m▀[0m[38;2;47;46;48m[48;2;157;159;179m▀[0m[38;2;109;110;119m[48;2;157;159;179m▀[0m[38;2;109;110;118m[48;2;157;158;178m▀[0m[38;2;157;159;179m[48;2;157;159;179m▀[0m[38;2;157;159;179m[48;2;157;159;178m▀[0m[38;2;157;159;178m[48;2;157;158;178m▀[0m[38;2;117;117;131m[48;2;154;156;176m▀[0m[38;2;185;184;205m[48;2;250;251;249m▀[0m[38;2;179;179;201m[48;2;195;194;214m▀[0m[38;2;179;180;202m[48;2;178;179;201m▀[0m[38;2;180;181;203m[48;2;132;131;169m▀[0m[38;2;178;179;201m[48;2;190;189;209m▀[0m[38;2;183;183;204m[48;2;199;197;215m▀[0m[38;2;178;179;201m[48;2;183;183;204m▀[0m[38;2;77;74;83m[48;2;187;186;207m▀[0m[38;2;186;184;207m[48;2;246;245;245m▀[0m[38;2;179;178;204m[48;2;190;189;207m▀[0m[38;2;181;180;205m[48;2;214;212;230m▀[0m[38;2;200;200;217m[48;2;230;229;238m▀[0m[38;2;180;179;204m[48;2;224;222;235m▀[0m[38;2;177;176;202m[48;2;212;210;228m▀[0m[38;2;177;176;203m[48;2;182;181;205m▀[0m[38;2;178;177;204m[48;2;183;181;206m▀[0m[38;2;177;176;203m[48;2;146;143;174m▀[0m[38;2;179;178;204m[48;2;174;173;196m▀[0m[38;2;179;179;201m[48;2;211;209;228m▀[0m[38;2;178;179;201m[48;2;232;231;240m▀[0m     
   [38;2;158;157;180m[48;2;74;73;83m▀[0m[38;2;158;158;181m[48;2;157;159;178m▀[0m[38;2;155;155;179m[48;2;157;159;179m▀[0m[38;2;152;154;175m[48;2;158;159;179m▀[0m[38;2;158;158;177m[48;2;157;159;178m▀[0m[38;2;159;161;180m[48;2;157;159;179m▀[0m[38;2;157;159;179m[48;2;163;162;181m▀[0m[38;2;157;159;178m[48;2;163;162;181m▀[0m[38;2;157;159;178m[48;2;178;177;194m▀[0m[38;2;159;160;180m[48;2;215;215;216m▀[0m[38;2;165;165;184m[48;2;219;219;219m▀[0m[38;2;161;161;181m[48;2;217;217;218m▀[0m[38;2;64;62;61m[48;2;217;217;217m▀[0m[38;2;248;248;247m[48;2;159;158;157m▀[0m[38;2;129;128;141m[48;2;249;248;248m▀[0m[38;2;214;212;230m[48;2;248;248;247m▀[0m[38;2;212;210;228m[48;2;26;23;22m▀[0m[38;2;213;211;229m[48;2;248;247;247m▀[0m[38;2;213;212;230m[48;2;248;248;247m▀[0m[38;2;245;245;246m[48;2;248;248;247m▀[0m[38;2;248;248;247m[48;2;248;247;247m▀[0m[38;2;81;80;80m[48;2;250;250;250m▀[0m[38;2;248;247;248m[48;2;230;229;229m▀[0m[38;2;247;247;248m[48;2;69;65;64m▀[0m[38;2;18;17;16m[48;2;251;251;251m▀[0m[38;2;245;244;246m[48;2;233;231;241m▀[0m[38;2;229;228;238m[48;2;250;250;249m▀[0m[38;2;77;75;81m[48;2;248;247;247m▀[0m[38;2;222;221;233m[48;2;185;181;217m▀[0m[38;2;225;223;235m[48;2;251;251;250m▀[0m[38;2;248;248;247m[48;2;254;254;254m▀[0m[38;2;250;250;250m[48;2;254;254;253m▀[0m     
   [38;2;181;181;198m[48;2;217;217;217m▀[0m[38;2;185;183;200m[48;2;216;216;216m▀[0m[38;2;159;160;180m[48;2;195;195;206m▀[0m[38;2;157;159;179m[48;2;165;165;184m▀[0m[38;2;159;159;179m[48;2;178;178;195m▀[0m[38;2;178;177;194m[48;2;189;187;203m▀[0m[38;2;187;186;202m[48;2;205;205;211m▀[0m[38;2;206;205;211m[48;2;217;217;217m▀[0m[38;2;216;216;217m[48;2;218;218;218m▀[0m[38;2;217;217;217m[48;2;222;221;221m▀[0m[38;2;216;216;216m▀[0m[38;2;183;181;206m[48;2;195;195;218m▀[0m[38;2;180;179;205m[48;2;191;192;215m▀[0m[38;2;181;181;206m[48;2;2;1;2m▀[0m[38;2;248;248;247m[48;2;246;246;244m▀[0m[38;2;61;58;57m[48;2;75;72;71m▀[0m[38;2;77;74;73m[48;2;77;74;73m▀[0m[38;2;247;247;247m▀[0m[38;2;253;253;253m[48;2;248;248;248m▀[0m[38;2;247;247;247m[48;2;246;245;246m▀[0m[38;2;251;251;251m[48;2;248;247;247m▀[0m[38;2;229;227;240m[48;2;245;244;244m▀[0m[38;2;248;248;247m[48;2;207;206;206m▀[0m[38;2;210;209;208m[48;2;119;115;138m▀[0m[38;2;249;249;248m[48;2;255;255;254m▀[0m[38;2;248;248;247m[48;2;54;56;79m▀[0m[38;2;8;8;14m[48;2;66;62;58m▀[0m[38;2;249;248;248m[48;2;173;168;211m▀[0m[38;2;248;248;248m[48;2;98;96;96m▀[0m[38;2;66;65;66m[48;2;98;100;134m▀[0m[38;2;242;242;242m[48;2;182;177;217m▀[0m[38;2;187;182;217m[48;2;207;204;228m▀[0m[38;2;247;247;250m[48;2;215;212;237m▀[0m    
   [38;2;228;228;230m▀[0m[38;2;220;220;221m▀[0m[38;2;214;214;215m[48;2;236;236;237m▀[0m[38;2;216;217;217m[48;2;235;234;236m▀[0m[38;2;218;218;218m[48;2;234;234;234m▀[0m[38;2;218;218;218m[48;2;234;234;234m▀[0m[38;2;218;218;218m▀[0m[38;2;12;12;12m▀[0m[38;2;23;23;26m▄[0m[38;2;0;0;0m[48;2;164;164;189m▀[0m[38;2;112;116;150m[48;2;157;157;180m▀[0m[38;2;123;127;167m[48;2;110;114;148m▀[0m[38;2;110;112;147m[48;2;110;113;147m▀[0m[38;2;109;112;146m[48;2;109;112;146m▀[0m[38;2;255;255;254m[48;2;14;13;17m▀[0m [38;2;0;0;0m▀[0m [38;2;120;121;154m[48;2;155;155;179m▀[0m[38;2;117;119;153m[48;2;156;157;180m▀[0m[38;2;118;121;153m▄[0m[38;2;231;229;241m[48;2;22;21;27m▀[0m[38;2;110;112;147m[48;2;121;123;156m▀[0m[38;2;83;86;112m[48;2;115;118;150m▀[0m[38;2;114;117;153m▀[0m[38;2;109;112;146m[48;2;162;161;182m▀[0m[38;2;80;82;107m[48;2;144;143;163m▀[0m[38;2;167;167;191m▄[0m[38;2;0;0;0m[48;2;115;114;132m▀[0m[38;2;157;156;180m[48;2;196;196;204m▀[0m[38;2;131;132;163m[48;2;155;155;182m▀[0m      
            [38;2;28;26;26m▀[0m  [38;2;152;153;176m▄[0m[38;2;166;165;189m▄[0m[38;2;218;218;218m▄[0m[38;2;155;155;178m[48;2;120;118;118m▀[0m[38;2;110;110;126m[48;2;86;85;84m▀[0m[38;2;208;208;211m[48;2;217;218;218m▀[0m[38;2;184;182;194m[48;2;216;216;217m▀[0m[38;2;165;163;175m▀[0m   [38;2;238;238;239m▀[0m[38;2;216;216;217m▀[0m[38;2;218;219;219m[48;2;237;237;238m▀[0m[38;2;124;124;123m[48;2;5;5;3m▀[0m[38;2;215;216;216m[48;2;45;43;41m▀[0m[38;2;147;145;144m▀[0m[38;2;217;217;217m▀[0m[38;2;48;46;46m▀[0m      
              [38;2;225;225;226m[48;2;201;201;201m▀[0m[38;2;235;235;235m▀[0m[38;2;228;228;228m[48;2;236;236;237m▀[0m[38;2;150;150;150m[48;2;229;229;228m▀[0m[38;2;227;227;227m▀[0m[38;2;67;63;62m▀[0m [38;2;5;5;5m▀[0m                  
                                        
                                        
                                        
