                                        
                                        
                                        
                               [38;2;251;250;248m▄[0m        
                             [38;2;249;248;246m▄[0m[38;2;251;250;248m[48;2;249;247;244m▀[0m[38;2;250;249;247m[48;2;222;132;177m▀[0m[38;2;254;254;252m[48;2;237;189;211m▀[0m       
                            [38;2;21;17;16m[48;2;248;247;244m▀[0m[38;2;248;247;244m[48;2;248;246;243m▀[0m[38;2;250;249;247m[48;2;234;188;207m▀[0m[38;2;228;156;194m[48;2;228;156;194m▀[0m[38;2;218;138;179m[48;2;164;97;130m▀[0m       
            [38;2;248;247;244m▄[0m[38;2;254;254;254m▄[0m             [38;2;248;247;244m▄[0m[38;2;248;246;243m[48;2;252;252;250m▀[0m[38;2;248;246;243m[48;2;250;249;247m▀[0m[38;2;250;249;247m[48;2;250;249;247m▀[0m[38;2;229;158;195m[48;2;231;226;224m▀[0m[38;2;38;19;26m▀[0m     [38;2;201;201;200m▄[0m 
            [38;2;248;247;244m[48;2;247;246;243m▀[0m[38;2;248;246;243m[48;2;216;208;205m▀[0m[38;2;252;252;251m[48;2;251;250;248m▀[0m[38;2;122;121;120m[48;2;247;246;243m▀[0m[38;2;253;252;250m[48;2;248;246;243m▀[0m[38;2;248;247;244m[48;2;250;249;247m▀[0m[38;2;248;246;243m[48;2;250;248;245m▀[0m[38;2;250;249;247m[48;2;250;251;247m▀[0m[38;2;248;246;244m[48;2;222;142;185m▀[0m[38;2;250;249;247m[48;2;248;247;244m▀[0m[38;2;248;246;243m▄[0m[38;2;250;249;246m▄[0m [38;2;0;0;0m▄[0m[38;2;222;221;220m[48;2;250;249;248m▀[0m[38;2;252;251;250m[48;2;253;253;252m▀[0m[38;2;248;247;244m[48;2;248;247;244m▀[0m[38;2;249;247;244m[48;2;249;247;244m▀[0m[38;2;250;249;247m[48;2;253;253;250m▀[0m[38;2;182;167;167m[48;2;196;180;180m▀[0m   [38;2;255;255;255m▄[0m[38;2;183;183;183m[48;2;255;255;255m▀[0m[38;2;255;255;255m[48;2;255;255;255m▀[0m[38;2;255;255;255m▀[0m 
            [38;2;249;248;248m[48;2;253;253;253m▀[0m[38;2;197;185;183m[48;2;225;218;215m▀[0m[38;2;215;207;204m[48;2;248;247;244m▀[0m[38;2;250;248;246m[48;2;248;247;244m▀[0m[38;2;250;249;247m[48;2;249;247;244m▀[0m[38;2;248;247;244m[48;2;248;247;244m▀[0m[38;2;248;247;244m[48;2;226;141;189m▀[0m[38;2;235;160;200m[48;2;38;40;45m▀[0m[38;2;238;166;206m[48;2;249;247;244m▀[0m[38;2;228;156;194m[48;2;16;15;15m▀[0m[38;2;248;247;244m[48;2;249;248;245m▀[0m[38;2;248;247;244m[48;2;248;246;244m▀[0m[38;2;248;247;245m[48;2;127;124;122m▀[0m[38;2;248;246;244m[48;2;254;253;253m▀[0m[38;2;254;253;253m[48;2;254;253;254m▀[0m[38;2;248;247;244m[48;2;248;246;244m▀[0m[38;2;249;248;245m[48;2;248;247;244m▀[0m[38;2;249;248;245m[48;2;242;239;237m▀[0m[38;2;185;171;170m[48;2;183;169;168m▀[0m  [38;2;250;249;247m▄[0m[38;2;254;254;253m[48;2;250;249;247m▀[0m[38;2;255;255;255m[48;2;250;249;247m▀[0m[38;2;255;255;255m[48;2;250;249;247m▀[0m[38;2;254;254;253m▀[0m  
           [38;2;251;250;249m[48;2;248;247;244m▀[0m[38;2;255;254;254m[48;2;246;244;241m▀[0m[38;2;173;159;156m[48;2;82;66;67m▀[0m[38;2;81;65;67m[48;2;81;65;67m▀[0m[38;2;77;62;64m[48;2;80;64;66m▀[0m[38;2;56;43;45m[48;2;57;48;50m▀[0m[38;2;250;249;246m[48;2;32;27;26m▀[0m[38;2;58;52;50m[48;2;222;221;221m▀[0m[38;2;243;242;242m[48;2;154;145;144m▀[0m[38;2;249;247;244m[48;2;249;247;245m▀[0m[38;2;248;246;243m[48;2;249;248;245m▀[0m[38;2;248;247;244m[48;2;248;247;244m▀[0m[38;2;249;248;245m[48;2;248;246;244m▀[0m[38;2;249;247;244m[48;2;250;249;247m▀[0m[38;2;252;251;252m[48;2;250;249;247m▀[0m[38;2;248;247;244m[48;2;250;249;246m▀[0m[38;2;248;247;244m[48;2;248;247;244m▀[0m[38;2;250;249;247m[48;2;196;184;182m▀[0m[38;2;184;170;169m[48;2;183;169;168m▀[0m[38;2;192;176;176m▀[0m[38;2;250;249;247m▄[0m[38;2;250;249;247m[48;2;249;238;244m▀[0m[38;2;250;249;247m[48;2;225;146;189m▀[0m[38;2;250;249;247m[48;2;251;250;248m▀[0m[38;2;250;249;247m[48;2;252;251;248m▀[0m[38;2;250;249;246m▀[0m   
   [38;2;185;171;171m▄[0m      [38;2;250;176;219m[48;2;223;154;193m▀[0m[38;2;225;222;220m[48;2;245;245;244m▀[0m[38;2;33;24;26m[48;2;57;45;46m▀[0m[38;2;82;66;67m[48;2;81;65;67m▀[0m[38;2;80;64;66m[48;2;81;64;67m▀[0m[38;2;71;58;60m[48;2;61;52;54m▀[0m[38;2;57;48;50m[48;2;57;48;51m▀[0m[38;2;58;49;51m[48;2;61;51;54m▀[0m[38;2;250;249;247m[48;2;32;31;33m▀[0m[38;2;248;247;244m[48;2;248;246;243m▀[0m[38;2;247;246;243m[48;2;248;247;244m▀[0m[38;2;248;246;243m[48;2;249;248;245m▀[0m[38;2;250;249;246m[48;2;255;254;254m▀[0m[38;2;254;253;252m[48;2;249;248;245m▀[0m[38;2;248;247;244m[48;2;248;247;244m▀[0m[38;2;248;247;244m[48;2;250;249;247m▀[0m[38;2;249;247;244m[48;2;254;253;250m▀[0m[38;2;243;239;237m[48;2;183;169;167m▀[0m[38;2;184;170;170m[48;2;183;168;168m▀[0m[38;2;197;181;182m▀[0m[38;2;0;0;0m[48;2;185;174;172m▀[0m[38;2;195;116;157m[48;2;174;109;141m▀[0m[38;2;172;107;139m[48;2;171;96;135m▀[0m[38;2;184;169;169m[48;2;184;170;169m▀[0m[38;2;184;170;170m[48;2;10;7;7m▀[0m     
   [38;2;183;168;167m[48;2;183;168;167m▀[0m[38;2;182;168;167m[48;2;184;170;169m▀[0m[38;2;199;184;183m[48;2;183;168;167m▀[0m[38;2;183;168;167m▄[0m[38;2;60;55;54m▄[0m  [38;2;240;198;221m[48;2;247;246;245m▀[0m[38;2;134;125;125m[48;2;250;248;245m▀[0m[38;2;47;39;39m[48;2;63;49;51m▀[0m[38;2;81;65;67m[48;2;81;65;67m▀[0m[38;2;82;66;68m[48;2;81;65;67m▀[0m[38;2;60;50;53m[48;2;232;170;163m▀[0m[38;2;132;89;88m[48;2;228;167;160m▀[0m[38;2;174;115;114m[48;2;228;166;160m▀[0m[38;2;169;114;111m[48;2;229;168;162m▀[0m[38;2;168;112;111m[48;2;230;168;162m▀[0m[38;2;151;98;99m[48;2;229;168;162m▀[0m[38;2;146;96;97m[48;2;215;154;149m▀[0m[38;2;252;251;249m[48;2;248;246;243m▀[0m[38;2;248;246;243m[48;2;248;246;243m▀[0m[38;2;248;246;243m[48;2;249;248;245m▀[0m[38;2;224;223;222m[48;2;179;164;164m▀[0m[38;2;183;169;168m[48;2;183;169;169m▀[0m[38;2;183;169;168m[48;2;183;168;168m▀[0m[38;2;21;18;18m[48;2;142;100;118m▀[0m[38;2;1;1;1m[48;2;186;179;173m▀[0m[38;2;174;109;141m[48;2;170;95;133m▀[0m[38;2;175;111;142m[48;2;183;169;168m▀[0m[38;2;184;170;169m▀[0m[38;2;24;20;20m▀[0m      
   [38;2;6;3;3m▀[0m[38;2;182;168;167m▀[0m[38;2;184;170;169m[48;2;182;168;168m▀[0m[38;2;184;170;169m[48;2;183;169;168m▀[0m[38;2;183;168;168m[48;2;183;169;168m▀[0m[38;2;183;169;168m[48;2;183;169;168m▀[0m[38;2;183;169;168m[48;2;183;169;168m▀[0m[38;2;255;254;254m[48;2;120;105;105m▀[0m[38;2;249;247;244m[48;2;248;246;244m▀[0m[38;2;81;65;67m[48;2;220;219;218m▀[0m[38;2;118;87;84m[48;2;127;95;90m▀[0m[38;2;181;137;131m[48;2;230;168;162m▀[0m[38;2;228;166;161m[48;2;231;168;162m▀[0m[38;2;230;168;162m[48;2;227;166;160m▀[0m[38;2;230;168;162m[48;2;130;134;133m▀[0m[38;2;228;166;161m[48;2;86;65;63m▀[0m[38;2;227;166;160m[48;2;228;167;160m▀[0m[38;2;228;166;160m[48;2;238;180;173m▀[0m[38;2;86;88;86m[48;2;249;247;244m▀[0m[38;2;248;246;243m[48;2;250;249;247m▀[0m[38;2;249;247;244m[48;2;248;246;243m▀[0m[38;2;249;248;245m[48;2;196;184;183m▀[0m[38;2;184;169;169m[48;2;182;168;167m▀[0m[38;2;182;168;168m[48;2;182;168;167m▀[0m[38;2;173;159;158m[48;2;166;149;149m▀[0m[38;2;144;126;126m[48;2;169;152;153m▀[0m[38;2;182;168;167m▀[0m[38;2;114;105;105m▀[0m         
      [38;2;189;174;173m▀[0m[38;2;183;169;168m▀[0m[38;2;184;170;169m[48;2;192;177;176m▀[0m[38;2;183;168;167m[48;2;158;140;140m▀[0m[38;2;147;129;130m[48;2;148;129;130m▀[0m[38;2;248;247;244m[48;2;70;60;60m▀[0m[38;2;248;247;244m[48;2;8;8;7m▀[0m[38;2;255;255;255m[48;2;250;248;245m▀[0m[38;2;229;171;165m[48;2;248;247;244m▀[0m[38;2;228;165;160m[48;2;254;253;252m▀[0m[38;2;249;247;244m[48;2;178;176;173m▀[0m[38;2;248;247;244m[48;2;255;255;255m▀[0m[38;2;249;246;243m[48;2;247;246;243m▀[0m[38;2;119;112;111m[48;2;248;246;243m▀[0m[38;2;250;249;247m[48;2;248;246;243m▀[0m[38;2;248;246;243m[48;2;250;248;246m▀[0m[38;2;248;246;243m[48;2;227;221;219m▀[0m[38;2;249;248;245m[48;2;183;168;168m▀[0m[38;2;184;170;170m[48;2;183;169;169m▀[0m[38;2;184;170;169m[48;2;100;92;90m▀[0m[38;2;183;168;168m[48;2;191;176;176m▀[0m[38;2;163;146;146m▀[0m            
          [38;2;33;32;32m[48;2;230;228;226m▀[0m[38;2;248;247;244m[48;2;227;155;193m▀[0m[38;2;249;247;244m[48;2;250;249;246m▀[0m[38;2;248;247;244m[48;2;249;248;245m▀[0m[38;2;251;250;248m[48;2;248;246;243m▀[0m[38;2;249;248;245m[48;2;249;247;244m▀[0m[38;2;248;246;243m[48;2;252;252;249m▀[0m[38;2;248;246;243m[48;2;248;246;243m▀[0m[38;2;248;246;244m[48;2;235;230;228m▀[0m[38;2;248;246;244m[48;2;186;171;171m▀[0m[38;2;248;247;244m[48;2;184;170;169m▀[0m[38;2;197;185;183m[48;2;183;169;167m▀[0m[38;2;183;169;169m[48;2;183;169;168m▀[0m[38;2;184;170;170m[48;2;184;169;169m▀[0m[38;2;183;169;168m[48;2;183;169;169m▀[0m[38;2;183;169;168m[48;2;184;170;170m▀[0m[38;2;194;181;180m[48;2;4;3;3m▀[0m             
           [38;2;227;155;194m[48;2;10;9;9m▀[0m[38;2;227;154;192m[48;2;227;156;194m▀[0m[38;2;249;247;244m[48;2;246;243;240m▀[0m[38;2;248;246;243m[48;2;184;170;170m▀[0m[38;2;183;168;168m[48;2;201;186;186m▀[0m[38;2;184;169;169m▀[0m[38;2;184;170;169m▀[0m[38;2;183;169;168m▀[0m[38;2;183;168;168m▀[0m[38;2;185;170;169m▀[0m[38;2;21;17;17m[48;2;182;168;167m▀[0m[38;2;184;169;170m[48;2;180;165;165m▀[0m[38;2;183;169;168m[48;2;209;199;197m▀[0m[38;2;183;169;168m[48;2;244;241;239m▀[0m[38;2;183;169;168m[48;2;251;249;246m▀[0m              
                      [38;2;82;81;80m▀[0m[38;2;202;200;199m▀[0m[38;2;0;0;0m▀[0m               
                                        
                                        
                                        
