                                        
                                        
                                        
                              [38;2;95;95;95m▄[0m         
                            [38;2;154;159;160m▄[0m[38;2;155;161;161m▄[0m[38;2;155;161;161m[48;2;155;161;161m▀[0m[38;2;155;161;161m[48;2;193;116;101m▀[0m        
                            [38;2;154;160;160m[48;2;153;159;159m▀[0m[38;2;154;160;160m[48;2;153;159;158m▀[0m[38;2;240;158;123m[48;2;241;158;124m▀[0m[38;2;243;161;126m[48;2;242;160;126m▀[0m        
           [38;2;161;168;170m▄[0m[38;2;155;161;161m▄[0m             [38;2;90;89;89m▄[0m[38;2;154;159;159m[48;2;155;161;162m▀[0m[38;2;154;159;159m[48;2;155;161;161m▀[0m[38;2;153;159;159m[48;2;155;160;161m▀[0m[38;2;243;160;126m[48;2;155;161;162m▀[0m[38;2;201;118;84m[48;2;120;115;117m▀[0m        
           [38;2;121;123;123m[48;2;112;112;112m▀[0m[38;2;154;160;160m[48;2;139;142;141m▀[0m[38;2;156;163;165m[48;2;154;159;159m▀[0m[38;2;55;54;53m[48;2;156;162;162m▀[0m[38;2;156;161;161m▄[0m[38;2;115;119;120m[48;2;153;159;159m▀[0m[38;2;155;161;160m[48;2;155;161;162m▀[0m[38;2;154;160;160m[48;2;154;160;160m▀[0m[38;2;155;162;162m[48;2;154;160;160m▀[0m[38;2;54;55;54m[48;2;153;159;160m▀[0m[38;2;153;159;159m▄[0m[38;2;154;161;160m▄[0m  [38;2;153;159;158m▄[0m[38;2;155;160;161m[48;2;157;164;166m▀[0m[38;2;156;162;163m[48;2;154;159;160m▀[0m[38;2;154;160;160m[48;2;154;160;160m▀[0m[38;2;154;160;160m[48;2;154;160;160m▀[0m[38;2;151;156;156m[48;2;114;109;111m▀[0m[38;2;98;98;98m▀[0m   [38;2;158;165;167m▄[0m[38;2;154;161;162m[48;2;158;165;167m▀[0m[38;2;158;165;167m[48;2;158;165;166m▀[0m  
           [38;2;58;59;60m▄[0m[38;2;123;121;121m[48;2;122;119;120m▀[0m[38;2;128;127;127m[48;2;86;86;84m▀[0m[38;2;153;159;159m[48;2;154;159;160m▀[0m[38;2;154;160;160m[48;2;154;160;160m▀[0m[38;2;155;160;160m[48;2;154;160;160m▀[0m[38;2;154;160;160m[48;2;154;160;160m▀[0m[38;2;230;145;115m[48;2;227;227;226m▀[0m[38;2;241;158;124m[48;2;247;246;243m▀[0m[38;2;241;159;124m[48;2;109;94;88m▀[0m[38;2;154;160;160m[48;2;234;149;114m▀[0m[38;2;154;160;160m[48;2;153;159;159m▀[0m[38;2;154;160;160m[48;2;153;159;160m▀[0m[38;2;107;111;111m[48;2;154;160;160m▀[0m[38;2;155;161;163m[48;2;157;163;165m▀[0m[38;2;156;162;163m[48;2;154;160;160m▀[0m[38;2;154;160;160m[48;2;154;159;160m▀[0m[38;2;154;160;160m[48;2;155;161;161m▀[0m[38;2;155;161;161m[48;2;113;109;110m▀[0m[38;2;114;109;111m[48;2;78;78;78m▀[0m [38;2;106;108;108m▄[0m[38;2;66;66;65m[48;2;155;161;162m▀[0m[38;2;158;165;167m[48;2;156;162;163m▀[0m[38;2;158;165;167m[48;2;157;163;165m▀[0m[38;2;158;165;167m[48;2;155;161;161m▀[0m   
          [38;2;153;158;159m▄[0m[38;2;156;163;165m[48;2;154;159;159m▀[0m[38;2;156;162;164m[48;2;85;68;70m▀[0m[38;2;92;89;88m[48;2;81;65;67m▀[0m[38;2;84;67;69m[48;2;80;64;66m▀[0m[38;2;70;71;71m[48;2;73;60;62m▀[0m[38;2;155;161;161m[48;2;63;54;56m▀[0m[38;2;152;158;158m[48;2;154;160;160m▀[0m[38;2;244;243;242m[48;2;38;34;38m▀[0m[38;2;17;19;23m[48;2;54;52;56m▀[0m[38;2;247;246;243m[48;2;248;247;244m▀[0m[38;2;236;154;119m[48;2;203;156;135m▀[0m[38;2;154;160;160m[48;2;154;160;160m▀[0m[38;2;155;161;161m[48;2;153;159;159m▀[0m[38;2;156;162;164m[48;2;154;160;160m▀[0m[38;2;153;159;159m[48;2;155;161;162m▀[0m[38;2;154;160;160m[48;2;155;161;161m▀[0m[38;2;154;160;160m[48;2;154;160;160m▀[0m[38;2;139;140;140m[48;2;113;109;110m▀[0m[38;2;114;110;111m[48;2;118;114;116m▀[0m [38;2;39;40;39m[48;2;155;161;161m▀[0m[38;2;155;161;161m[48;2;212;138;109m▀[0m[38;2;155;161;161m[48;2;155;161;161m▀[0m[38;2;155;161;161m[48;2;155;161;162m▀[0m[38;2;155;161;161m[48;2;154;160;161m▀[0m    
  [38;2;51;51;52m▄[0m       [38;2;180;160;151m[48;2;33;33;34m▀[0m[38;2;154;159;159m[48;2;156;162;162m▀[0m[38;2;81;65;67m[48;2;82;66;67m▀[0m[38;2;82;66;67m[48;2;81;65;67m▀[0m[38;2;80;64;67m[48;2;70;58;60m▀[0m[38;2;56;48;50m[48;2;56;48;50m▀[0m[38;2;58;49;51m[48;2;58;49;51m▀[0m[38;2;153;158;157m[48;2;57;49;51m▀[0m[38;2;224;224;222m[48;2;154;159;159m▀[0m[38;2;195;198;198m[48;2;153;159;159m▀[0m[38;2;153;159;159m[48;2;154;160;160m▀[0m[38;2;153;159;159m[48;2;154;160;160m▀[0m[38;2;155;161;162m[48;2;33;32;32m▀[0m[38;2;155;161;161m[48;2;154;160;160m▀[0m[38;2;154;160;160m[48;2;99;102;102m▀[0m[38;2;154;159;160m[48;2;154;160;160m▀[0m[38;2;154;160;160m[48;2;121;118;119m▀[0m[38;2;113;109;110m[48;2;113;109;109m▀[0m[38;2;114;109;111m[48;2;130;124;123m▀[0m[38;2;37;35;36m▄[0m[38;2;155;161;161m[48;2;193;111;77m▀[0m[38;2;217;135;101m[48;2;193;111;77m▀[0m[38;2;213;132;98m[48;2;114;110;111m▀[0m[38;2;113;108;110m[48;2;114;109;111m▀[0m[38;2;114;109;111m▀[0m     
  [38;2;111;106;107m[48;2;102;99;99m▀[0m[38;2;113;109;109m[48;2;113;108;109m▀[0m[38;2;116;112;113m[48;2;113;108;109m▀[0m[38;2;113;108;109m▄[0m[38;2;81;81;81m▄[0m  [38;2;74;74;74m▀[0m[38;2;159;157;155m[48;2;155;161;161m▀[0m[38;2;154;160;160m[48;2;154;160;161m▀[0m[38;2;81;65;67m[48;2;82;66;67m▀[0m[38;2;81;65;67m[48;2;81;65;67m▀[0m[38;2;74;59;61m[48;2;80;64;66m▀[0m[38;2;57;48;50m[48;2;227;165;159m▀[0m[38;2;147;98;97m[48;2;161;116;112m▀[0m[38;2;152;101;100m[48;2;227;165;160m▀[0m[38;2;149;98;98m[48;2;229;168;162m▀[0m[38;2;121;78;78m[48;2;229;167;161m▀[0m[38;2;87;58;59m[48;2;187;128;125m▀[0m[38;2;146;96;96m[48;2;106;110;110m▀[0m[38;2;154;159;160m[48;2;153;159;159m▀[0m[38;2;153;159;159m[48;2;154;159;159m▀[0m[38;2;153;159;159m[48;2;154;160;160m▀[0m[38;2;118;116;117m[48;2;113;109;110m▀[0m[38;2;113;109;109m[48;2;113;109;110m▀[0m[38;2;113;109;110m[48;2;154;74;42m▀[0m[38;2;141;140;140m▄[0m[38;2;147;82;62m[48;2;193;111;77m▀[0m[38;2;193;111;77m[48;2;120;109;106m▀[0m[38;2;117;108;107m[48;2;114;110;111m▀[0m[38;2;114;109;111m▀[0m       
   [38;2;113;108;109m▀[0m[38;2;113;108;109m[48;2;114;109;111m▀[0m[38;2;114;109;111m[48;2;113;109;109m▀[0m[38;2;114;109;111m[48;2;113;109;110m▀[0m[38;2;113;109;110m[48;2;113;109;110m▀[0m[38;2;116;111;112m[48;2;113;109;110m▀[0m[38;2;63;59;59m[48;2;97;90;91m▀[0m[38;2;156;162;163m[48;2;154;160;160m▀[0m[38;2;85;68;70m[48;2;153;158;159m▀[0m[38;2;81;65;67m[48;2;127;94;90m▀[0m[38;2;115;85;82m[48;2;115;83;79m▀[0m[38;2;228;166;160m[48;2;230;168;162m▀[0m[38;2;228;166;160m[48;2;230;168;163m▀[0m[38;2;230;168;163m[48;2;227;165;160m▀[0m[38;2;230;167;162m[48;2;229;167;161m▀[0m[38;2;229;166;161m[48;2;229;166;161m▀[0m[38;2;227;165;160m[48;2;228;167;160m▀[0m[38;2;227;166;160m[48;2;159;166;166m▀[0m[38;2;154;160;160m[48;2;154;160;160m▀[0m[38;2;154;159;159m[48;2;155;161;161m▀[0m[38;2;154;160;160m[48;2;154;160;160m▀[0m[38;2;121;118;119m[48;2;113;108;109m▀[0m[38;2;114;109;111m[48;2;113;109;109m▀[0m[38;2;114;109;110m[48;2;116;112;113m▀[0m[38;2;138;81;63m[48;2;100;94;95m▀[0m[38;2;113;109;110m[48;2;47;46;46m▀[0m[38;2;113;108;109m▀[0m[38;2;62;60;60m▀[0m         
     [38;2;114;110;110m▀[0m[38;2;113;109;110m▀[0m[38;2;113;109;110m[48;2;113;109;109m▀[0m[38;2;114;109;111m[48;2;112;108;109m▀[0m[38;2;90;83;84m[48;2;92;85;86m▀[0m[38;2;154;161;161m[48;2;92;84;85m▀[0m[38;2;154;159;160m[48;2;156;162;162m▀[0m[38;2;160;166;168m[48;2;153;158;157m▀[0m[38;2;236;173;168m[48;2;153;159;159m▀[0m[38;2;228;168;163m[48;2;60;62;61m▀[0m[38;2;165;117;112m[48;2;101;88;86m▀[0m[38;2;249;248;245m[48;2;215;204;202m▀[0m[38;2;247;247;243m[48;2;42;40;39m▀[0m[38;2;247;246;243m[48;2;153;159;159m▀[0m[38;2;126;131;131m[48;2;153;159;159m▀[0m[38;2;155;161;161m[48;2;153;159;159m▀[0m[38;2;153;159;159m[48;2;154;160;161m▀[0m[38;2;153;159;159m[48;2;123;121;122m▀[0m[38;2;115;111;112m[48;2;113;109;110m▀[0m[38;2;114;109;111m[48;2;113;108;109m▀[0m[38;2;114;109;111m[48;2;113;109;110m▀[0m[38;2;103;96;98m[48;2;100;93;94m▀[0m[38;2;80;75;75m▀[0m            
         [38;2;43;43;43m▀[0m[38;2;152;159;157m[48;2;190;128;102m▀[0m[38;2;154;160;160m[48;2;154;159;160m▀[0m[38;2;154;160;160m[48;2;155;161;161m▀[0m[38;2;154;160;160m[48;2;154;160;160m▀[0m[38;2;156;162;162m[48;2;154;159;159m▀[0m[38;2;154;160;160m[48;2;153;159;159m▀[0m[38;2;153;159;159m[48;2;153;159;159m▀[0m[38;2;154;159;159m[48;2;153;159;159m▀[0m[38;2;153;159;158m[48;2;154;160;160m▀[0m[38;2;154;160;159m[48;2;118;114;115m▀[0m[38;2;154;160;160m[48;2;114;109;111m▀[0m[38;2;113;109;109m[48;2;113;109;110m▀[0m[38;2;113;109;110m[48;2;85;82;81m▀[0m[38;2;113;108;109m[48;2;113;109;110m▀[0m[38;2;114;109;111m[48;2;113;109;110m▀[0m[38;2;113;109;110m[48;2;114;109;111m▀[0m              
          [38;2;177;114;95m▀[0m[38;2;242;160;126m[48;2;244;162;128m▀[0m[38;2;153;159;159m[48;2;154;117;117m▀[0m[38;2;154;160;160m[48;2;113;108;109m▀[0m[38;2;153;159;159m[48;2;114;109;111m▀[0m[38;2;114;108;110m[48;2;108;106;107m▀[0m[38;2;113;108;109m▀[0m[38;2;114;109;111m▀[0m[38;2;113;109;109m▀[0m[38;2;113;109;109m▀[0m[38;2;113;109;110m▀[0m[38;2;114;110;111m[48;2;113;109;109m▀[0m[38;2;114;109;111m[48;2;113;109;109m▀[0m[38;2;113;109;109m[48;2;117;113;115m▀[0m[38;2;113;109;109m[48;2;130;130;131m▀[0m[38;2;107;103;103m▀[0m              
            [38;2;35;37;37m▀[0m        [38;2;157;163;164m▀[0m[38;2;154;160;160m▀[0m[38;2;153;159;159m▀[0m[38;2;72;72;72m▀[0m               
                                        
                                        
                                        
