                                        
                                        
                                        
                                        
                  [38;2;249;166;212m▄[0m[38;2;53;26;37m▄[0m                    
                  [38;2;228;146;185m[48;2;209;117;168m▀[0m[38;2;229;147;187m[48;2;227;145;184m▀[0m                    
                 [38;2;238;145;198m[48;2;207;109;166m▀[0m[38;2;203;106;163m[48;2;208;110;168m▀[0m[38;2;230;148;188m[48;2;205;108;164m▀[0m                    
                [38;2;32;21;24m▄[0m[38;2;204;106;163m[48;2;207;109;166m▀[0m[38;2;203;106;163m[48;2;205;108;165m▀[0m[38;2;207;108;166m[48;2;204;107;164m▀[0m[38;2;12;19;11m[48;2;237;124;191m▀[0m  [38;2;9;6;6m▄[0m                
  [38;2;130;132;132m▀[0m[38;2;172;174;174m[48;2;109;117;123m▀[0m[38;2;171;172;171m[48;2;108;116;123m▀[0m[38;2;169;170;169m[48;2;160;162;164m▀[0m[38;2;188;188;187m[48;2;170;172;172m▀[0m[38;2;182;181;181m[48;2;171;173;173m▀[0m[38;2;186;186;185m[48;2;170;172;172m▀[0m[38;2;176;178;177m[48;2;170;172;172m▀[0m[38;2;171;173;173m[48;2;170;172;172m▀[0m[38;2;168;169;169m[48;2;133;127;124m▀[0m[38;2;175;176;176m[48;2;201;200;200m▀[0m[38;2;167;169;169m[48;2;51;53;58m▀[0m[38;2;167;169;169m[48;2;169;170;170m▀[0m[38;2;168;169;169m[48;2;167;169;168m▀[0m[38;2;171;173;174m[48;2;167;169;169m▀[0m[38;2;196;197;197m[48;2;168;170;170m▀[0m[38;2;77;39;61m[48;2;82;81;81m▀[0m[38;2;203;106;162m[48;2;167;168;168m▀[0m[38;2;203;106;163m[48;2;168;169;169m▀[0m[38;2;153;153;152m▄[0m[38;2;232;151;194m[48;2;204;107;164m▀[0m[38;2;207;111;167m[48;2;204;107;164m▀[0m[38;2;205;108;165m▄[0m               
    [38;2;93;100;106m▀[0m[38;2;90;62;74m[48;2;5;5;4m▀[0m[38;2;219;215;218m[48;2;89;61;73m▀[0m[38;2;20;21;22m[48;2;96;66;80m▀[0m[38;2;171;172;171m[48;2;89;62;74m▀[0m[38;2;167;168;168m[48;2;66;72;76m▀[0m[38;2;167;169;169m[48;2;110;117;123m▀[0m[38;2;251;250;250m[48;2;172;173;173m▀[0m[38;2;239;143;186m[48;2;48;47;46m▀[0m[38;2;252;251;251m[48;2;12;11;12m▀[0m[38;2;78;78;75m[48;2;12;11;11m▀[0m[38;2;166;167;167m[48;2;37;34;34m▀[0m[38;2;172;173;173m[48;2;199;200;195m▀[0m[38;2;169;171;171m[48;2;77;77;77m▀[0m[38;2;168;169;169m[48;2;162;164;164m▀[0m[38;2;31;31;32m[48;2;195;195;194m▀[0m[38;2;164;166;166m[48;2;107;106;104m▀[0m[38;2;186;185;182m[48;2;169;171;170m▀[0m[38;2;168;169;168m[48;2;168;169;169m▀[0m[38;2;167;170;170m[48;2;167;169;169m▀[0m[38;2;212;110;170m[48;2;172;173;173m▀[0m[38;2;204;107;164m[48;2;171;173;173m▀[0m[38;2;196;119;158m[48;2;10;9;9m▀[0m[38;2;211;110;170m[48;2;204;107;164m▀[0m[38;2;174;89;139m▄[0m       [38;2;79;35;61m▄[0m   
       [38;2;94;65;77m▀[0m[38;2;89;62;74m[48;2;24;24;25m▀[0m[38;2;91;62;74m[48;2;89;62;74m▀[0m[38;2;90;62;74m[48;2;89;62;74m▀[0m[38;2;171;168;164m[48;2;98;64;71m▀[0m[38;2;107;115;121m[48;2;98;64;71m▀[0m[38;2;179;180;180m[48;2;108;115;122m▀[0m[38;2;170;171;171m[48;2;109;115;121m▀[0m[38;2;168;169;169m[48;2;160;161;162m▀[0m[38;2;201;200;200m[48;2;219;220;220m▀[0m[38;2;199;199;199m[48;2;199;199;199m▀[0m[38;2;144;133;188m[48;2;224;224;223m▀[0m[38;2;168;169;169m[48;2;192;93;154m▀[0m[38;2;180;183;183m[48;2;205;107;165m▀[0m[38;2;167;169;169m[48;2;228;146;186m▀[0m[38;2;96;58;75m[48;2;158;86;125m▀[0m[38;2;3;3;3m[48;2;168;169;169m▀[0m[38;2;190;191;191m[48;2;113;120;127m▀[0m[38;2;189;188;186m[48;2;180;181;181m▀[0m[38;2;172;170;167m[48;2;144;143;141m▀[0m[38;2;193;191;189m[48;2;57;58;63m▀[0m[38;2;131;134;131m[48;2;75;76;78m▀[0m[38;2;62;64;65m▄[0m[38;2;100;104;108m▄[0m[38;2;207;109;168m▄[0m[38;2;207;109;166m▄[0m[38;2;239;134;193m[48;2;207;109;166m▀[0m[38;2;207;109;166m[48;2;206;109;166m▀[0m[38;2;206;109;166m[48;2;191;93;154m▀[0m[38;2;144;60;123m[48;2;18;20;17m▀[0m   
       [38;2;141;143;155m▄[0m[38;2;90;62;74m▄[0m[38;2;93;64;76m[48;2;233;229;228m▀[0m[38;2;41;19;19m[48;2;175;175;178m▀[0m[38;2;76;39;38m[48;2;113;121;131m▀[0m[38;2;111;118;129m[48;2;114;122;133m▀[0m[38;2;112;120;126m[48;2;87;93;98m▀[0m[38;2;109;117;124m[48;2;133;138;148m▀[0m[38;2;135;141;150m[48;2;125;131;139m▀[0m[38;2;228;123;183m[48;2;126;131;140m▀[0m[38;2;204;107;163m[48;2;159;80;126m▀[0m[38;2;204;107;164m[48;2;185;88;150m▀[0m[38;2;203;106;163m[48;2;207;109;167m▀[0m[38;2;206;109;166m[48;2;206;109;166m▀[0m[38;2;193;96;155m[48;2;166;68;137m▀[0m[38;2;57;57;55m[48;2;199;199;199m▀[0m[38;2;167;169;169m[48;2;201;201;200m▀[0m[38;2;167;168;168m[48;2;174;169;196m▀[0m[38;2;167;168;168m[48;2;138;126;180m▀[0m[38;2;168;169;169m[48;2;165;166;171m▀[0m[38;2;168;169;169m[48;2;166;166;171m▀[0m[38;2;168;170;170m[48;2;159;155;177m▀[0m[38;2;168;170;170m[48;2;138;126;187m▀[0m[38;2;191;192;193m[48;2;172;168;189m▀[0m[38;2;108;117;124m[48;2;126;49;102m▀[0m[38;2;90;90;91m[48;2;166;71;137m▀[0m[38;2;59;61;58m[48;2;167;72;138m▀[0m[38;2;168;72;140m[48;2;167;72;139m▀[0m[38;2;163;70;136m[48;2;170;74;139m▀[0m    
      [38;2;37;36;35m[48;2;131;136;144m▀[0m[38;2;90;61;74m[48;2;113;120;130m▀[0m[38;2;211;210;211m[48;2;114;122;132m▀[0m[38;2;113;121;130m[48;2;13;12;12m▀[0m[38;2;114;122;133m[48;2;144;64;122m▀[0m[38;2;115;122;132m[48;2;111;54;99m▀[0m[38;2;127;133;142m[48;2;106;52;97m▀[0m[38;2;120;126;135m▀[0m[38;2;135;139;146m[48;2;108;113;119m▀[0m[38;2;127;132;140m[48;2;50;49;53m▀[0m[38;2;129;135;144m[48;2;126;131;139m▀[0m[38;2;64;64;64m[48;2;125;130;139m▀[0m[38;2;135;141;151m[48;2;127;132;141m▀[0m[38;2;203;106;163m[48;2;126;131;139m▀[0m[38;2;216;129;172m[48;2;126;131;139m▀[0m[38;2;127;133;142m[48;2;126;131;140m▀[0m[38;2;126;131;140m[48;2;135;141;151m▀[0m[38;2;126;131;140m[48;2;29;16;27m▀[0m[38;2;126;132;141m[48;2;156;67;130m▀[0m[38;2;128;133;142m[48;2;194;88;159m▀[0m[38;2;126;131;139m[48;2;206;109;166m▀[0m[38;2;36;31;37m[48;2;207;109;166m▀[0m[38;2;164;70;136m▀[0m    [38;2;160;67;132m▀[0m[38;2;171;75;141m▀[0m[38;2;170;75;140m▀[0m[38;2;133;57;116m[48;2;18;14;14m▀[0m   
          [38;2;86;32;71m▀[0m[38;2;164;73;137m[48;2;164;74;137m▀[0m[38;2;41;45;38m▀[0m   [38;2;87;42;66m▀[0m[38;2;165;70;136m[48;2;206;109;166m▀[0m[38;2;164;70;136m[48;2;204;106;163m▀[0m[38;2;167;71;138m[48;2;204;106;163m▀[0m[38;2;58;58;51m▀[0m [38;2;203;106;163m[48;2;204;106;164m▀[0m[38;2;204;107;163m▀[0m  [38;2;204;107;164m▀[0m             
                 [38;2;204;106;163m[48;2;204;107;164m▀[0m[38;2;204;107;164m[48;2;204;108;164m▀[0m[38;2;204;107;164m[48;2;217;124;175m▀[0m                    
                 [38;2;51;29;40m▀[0m[38;2;213;120;171m[48;2;215;123;174m▀[0m[38;2;148;80;117m▀[0m                    
                  [38;2;211;120;170m[48;2;158;83;126m▀[0m                     
                                        
                                        
                                        
