                                        
                                        
                                        
                   [38;2;106;190;99m[48;2;146;230;139m▀[0m                    
                  [38;2;32;83;27m[48;2;140;224;133m▀[0m[38;2;144;228;137m[48;2;147;231;140m▀[0m                    
                 [38;2;28;63;25m▄[0m[38;2;118;202;111m[48;2;119;203;112m▀[0m[38;2;139;224;132m[48;2;125;209;118m▀[0m[38;2;26;57;23m▄[0m                   
                 [38;2;119;204;112m[48;2;118;203;111m▀[0m[38;2;123;207;116m[48;2;118;202;111m▀[0m[38;2;120;204;113m[48;2;121;206;114m▀[0m[38;2;128;212;121m[48;2;120;204;113m▀[0m                   
 [38;2;34;34;34m▄[0m[38;2;171;173;173m▄[0m[38;2;169;169;169m▄[0m[38;2;168;169;167m▄[0m[38;2;169;170;170m▄[0m[38;2;185;184;183m▄[0m[38;2;179;180;179m▄[0m[38;2;13;12;11m[48;2;185;186;185m▀[0m[38;2;33;32;31m[48;2;174;176;176m▀[0m[38;2;29;29;28m[48;2;170;172;172m▀[0m[38;2;20;17;16m[48;2;168;169;169m▀[0m[38;2;138;139;139m▄[0m[38;2;167;169;168m▄[0m[38;2;167;169;169m▄[0m[38;2;168;169;169m▄[0m[38;2;169;171;171m▄[0m[38;2;120;205;113m[48;2;61;62;64m▀[0m[38;2;120;204;113m[48;2;92;94;92m▀[0m[38;2;119;203;112m[48;2;123;209;116m▀[0m[38;2;120;204;113m[48;2;119;203;111m▀[0m  [38;2;137;223;130m[48;2;140;224;133m▀[0m[38;2;119;204;112m▄[0m               
  [38;2;91;98;103m▀[0m[38;2;111;119;126m[48;2;36;34;36m▀[0m[38;2;122;128;133m[48;2;91;62;75m▀[0m[38;2;170;172;173m[48;2;89;61;73m▀[0m[38;2;171;172;173m[48;2;140;141;153m▀[0m[38;2;170;172;173m[48;2;112;119;126m▀[0m[38;2;170;171;172m[48;2;168;169;169m▀[0m[38;2;169;171;172m[48;2;167;168;167m▀[0m[38;2;171;173;173m[48;2;167;169;169m▀[0m[38;2;240;237;235m[48;2;183;177;176m▀[0m[38;2;212;206;204m[48;2;108;192;100m▀[0m[38;2;46;47;51m[48;2;247;241;240m▀[0m[38;2;168;169;169m[48;2;28;28;29m▀[0m[38;2;168;169;168m[48;2;168;169;169m▀[0m[38;2;177;177;178m[48;2;169;170;170m▀[0m[38;2;168;170;170m[48;2;168;169;168m▀[0m[38;2;63;64;68m[48;2;167;168;168m▀[0m[38;2;167;168;167m[48;2;41;41;43m▀[0m[38;2;168;169;169m[48;2;166;167;167m▀[0m[38;2;170;170;170m[48;2;191;190;187m▀[0m[38;2;94;158;86m[48;2;172;172;172m▀[0m[38;2;119;204;112m[48;2;169;171;171m▀[0m[38;2;120;204;113m[48;2;91;92;90m▀[0m[38;2;124;208;117m[48;2;120;204;113m▀[0m[38;2;28;83;24m▄[0m[38;2;120;204;113m▄[0m[38;2;7;24;5m▄[0m           
    [38;2;116;119;127m▀[0m[38;2;14;19;18m[48;2;42;40;40m▀[0m[38;2;69;48;56m[48;2;94;100;105m▀[0m[38;2;208;206;206m[48;2;89;61;73m▀[0m[38;2;74;50;60m[48;2;89;61;74m▀[0m[38;2;108;114;121m[48;2;90;62;74m▀[0m[38;2;150;152;154m[48;2;90;61;74m▀[0m[38;2;146;147;146m[48;2;128;128;137m▀[0m[38;2;98;96;99m[48;2;121;127;132m▀[0m[38;2;40;40;42m[48;2;170;172;172m▀[0m[38;2;193;192;192m[48;2;170;172;172m▀[0m[38;2;160;160;159m[48;2;169;169;169m▀[0m[38;2;149;149;153m[48;2;136;136;136m▀[0m[38;2;167;169;169m[48;2;70;69;69m▀[0m[38;2;165;166;166m[48;2;156;148;188m▀[0m[38;2;185;184;183m[48;2;169;171;172m▀[0m[38;2;71;72;75m[48;2;34;35;35m▀[0m[38;2;171;172;172m[48;2;165;167;167m▀[0m[38;2;168;169;168m[48;2;116;113;111m▀[0m[38;2;167;168;168m[48;2;92;175;86m▀[0m[38;2;167;169;169m[48;2;180;181;182m▀[0m[38;2;170;172;172m[48;2;168;169;169m▀[0m[38;2;179;179;180m[48;2;199;197;195m▀[0m[38;2;124;208;117m[48;2;196;193;190m▀[0m[38;2;120;204;113m[48;2;173;174;173m▀[0m[38;2;128;213;121m▄[0m    [38;2;13;45;11m▄[0m[38;2;120;204;113m▄[0m[38;2;121;205;114m▄[0m[38;2;120;205;113m▄[0m[38;2;53;135;46m▀[0m 
       [38;2;27;27;27m▄[0m[38;2;87;60;72m▀[0m[38;2;89;61;74m[48;2;89;61;74m▀[0m[38;2;89;61;74m[48;2;205;119;117m▀[0m[38;2;97;64;71m[48;2;201;115;115m▀[0m[38;2;97;64;70m[48;2;164;165;169m▀[0m[38;2;108;115;122m[48;2;110;117;123m▀[0m[38;2;108;115;121m[48;2;109;117;124m▀[0m[38;2;168;169;169m[48;2;84;87;91m▀[0m[38;2;201;202;202m[48;2;128;213;121m▀[0m[38;2;203;204;204m[48;2;118;203;111m▀[0m[38;2;199;199;199m[48;2;119;203;112m▀[0m[38;2;209;208;208m[48;2;101;185;94m▀[0m[38;2;88;168;81m[48;2;118;202;111m▀[0m[38;2;136;220;129m[48;2;111;195;104m▀[0m[38;2;145;230;138m[48;2;137;222;130m▀[0m[38;2;93;178;86m[48;2;168;169;168m▀[0m[38;2;169;170;169m[48;2;167;169;169m▀[0m[38;2;108;115;121m[48;2;168;169;169m▀[0m[38;2;44;42;42m[48;2;167;168;168m▀[0m[38;2;55;57;61m[48;2;167;168;167m▀[0m[38;2;48;47;48m[48;2;168;169;169m▀[0m[38;2;169;170;170m[48;2;119;120;119m▀[0m[38;2;212;212;209m[48;2;149;148;146m▀[0m[38;2;11;8;6m[48;2;38;39;40m▀[0m[38;2;130;213;123m[48;2;81;83;83m▀[0m[38;2;121;205;114m[48;2;85;85;85m▀[0m[38;2;121;205;114m[48;2;60;78;60m▀[0m[38;2;122;206;115m[48;2;106;191;99m▀[0m[38;2;121;205;114m[48;2;89;173;82m▀[0m[38;2;70;154;63m▀[0m  
      [38;2;54;54;53m▄[0m[38;2;30;31;32m[48;2;89;62;74m▀[0m[38;2;89;61;73m[48;2;95;56;56m▀[0m[38;2;207;119;118m[48;2;128;133;141m▀[0m[38;2;132;131;130m[48;2;113;121;131m▀[0m[38;2;112;120;130m[48;2;113;120;130m▀[0m[38;2;114;122;132m[48;2;110;117;126m▀[0m[38;2;93;99;105m[48;2;112;120;129m▀[0m[38;2;41;43;44m[48;2;128;133;142m▀[0m[38;2;126;131;140m[48;2;128;133;141m▀[0m[38;2;126;131;140m[48;2;126;131;140m▀[0m[38;2;133;217;126m[48;2;114;119;126m▀[0m[38;2;119;203;112m[48;2;29;45;29m▀[0m[38;2;122;206;115m[48;2;120;205;113m▀[0m[38;2;120;205;113m[48;2;118;203;111m▀[0m[38;2;121;205;114m[48;2;102;188;95m▀[0m[38;2;31;49;29m[48;2;145;147;153m▀[0m[38;2;174;169;192m[48;2;161;161;166m▀[0m[38;2;150;143;176m[48;2;178;178;181m▀[0m[38;2;167;168;169m[48;2;179;180;182m▀[0m[38;2;168;169;169m[48;2;175;176;179m▀[0m[38;2;168;169;169m[48;2;163;163;169m▀[0m[38;2;168;170;169m[48;2;133;137;145m▀[0m[38;2;169;171;171m[48;2;66;69;72m▀[0m[38;2;169;171;172m▀[0m[38;2;171;173;171m▀[0m[38;2;138;128;181m▀[0m[38;2;60;124;53m[48;2;61;138;54m▀[0m[38;2;86;171;79m[48;2;89;173;82m▀[0m[38;2;87;171;80m[48;2;90;174;83m▀[0m[38;2;87;171;80m[48;2;91;176;84m▀[0m[38;2;14;64;10m[48;2;60;145;53m▀[0m  
      [38;2;53;42;46m▀[0m[38;2;119;125;135m▀[0m[38;2;112;120;130m▀[0m[38;2;113;120;131m▀[0m[38;2;22;53;20m[48;2;69;153;61m▀[0m[38;2;43;127;36m[48;2;81;166;74m▀[0m[38;2;22;82;18m[48;2;44;128;37m▀[0m[38;2;129;133;141m▀[0m[38;2;115;117;120m▀[0m[38;2;141;145;152m▀[0m[38;2;40;41;45m[48;2;9;19;8m▀[0m[38;2;126;131;139m[48;2;23;59;17m▀[0m[38;2;125;130;139m[48;2;31;45;33m▀[0m[38;2;125;130;139m[48;2;65;72;72m▀[0m[38;2;86;163;79m[48;2;27;48;26m▀[0m[38;2;126;131;139m[48;2;26;27;29m▀[0m[38;2;126;131;139m[48;2;80;164;73m▀[0m[38;2;127;132;141m[48;2;89;173;82m▀[0m[38;2;127;132;140m[48;2;108;193;101m▀[0m[38;2;75;87;81m▀[0m[38;2;60;145;53m[48;2;147;231;140m▀[0m[38;2;85;170;78m[48;2;121;206;114m▀[0m[38;2;97;182;90m▀[0m       [38;2;61;139;56m▀[0m[38;2;92;176;85m▀[0m  
          [38;2;8;64;5m▀[0m[38;2;86;170;79m[48;2;1;35;0m▀[0m     [38;2;122;206;115m[48;2;121;205;114m▀[0m[38;2;122;206;115m[48;2;119;203;112m▀[0m[38;2;121;205;114m[48;2;119;203;112m▀[0m[38;2;118;202;111m[48;2;73;163;65m▀[0m [38;2;11;45;10m▀[0m[38;2;121;206;114m▀[0m                
                 [38;2;119;202;111m[48;2;10;54;8m▀[0m[38;2;119;204;112m[48;2;120;204;113m▀[0m[38;2;120;204;113m[48;2;131;215;124m▀[0m                    
                  [38;2;127;212;120m[48;2;131;215;124m▀[0m[38;2;130;214;123m[48;2;105;193;98m▀[0m                    
                  [38;2;70;142;64m▀[0m                     
                                        
                                        
                                        
