                                        
                                        
            [38;2;187;133;103m▄[0m[38;2;189;134;104m[48;2;188;133;103m▀[0m[38;2;187;132;102m[48;2;186;131;101m▀[0m[38;2;191;136;105m[48;2;186;131;101m▀[0m                        
            [38;2;172;116;86m[48;2;157;102;72m▀[0m[38;2;156;101;71m[48;2;157;102;72m▀[0m[38;2;157;101;71m[48;2;156;101;71m▀[0m[38;2;172;116;86m[48;2;99;56;33m▀[0m [38;2;54;24;6m▄[0m[38;2;153;102;74m▄[0m[38;2;51;22;7m▄[0m                    
            [38;2;157;101;71m[48;2;156;101;71m▀[0m[38;2;156;101;71m[48;2;157;102;72m▀[0m[38;2;157;101;71m[48;2;156;101;71m▀[0m[38;2;157;102;72m[48;2;156;101;71m▀[0m[38;2;157;102;72m[48;2;157;102;72m▀[0m[38;2;157;102;72m[48;2;157;102;71m▀[0m[38;2;156;101;71m[48;2;156;101;71m▀[0m[38;2;174;119;89m▀[0m                    
          [38;2;221;142;114m▄[0m[38;2;159;103;73m[48;2;221;142;114m▀[0m[38;2;157;102;72m[48;2;195;115;86m▀[0m[38;2;156;101;71m▀[0m[38;2;157;102;72m▀[0m[38;2;157;101;71m▀[0m[38;2;156;101;71m▀[0m[38;2;107;61;36m▀[0m                      
        [38;2;101;52;34m▄[0m[38;2;219;139;111m[48;2;220;141;113m▀[0m[38;2;220;141;113m[48;2;218;139;111m▀[0m[38;2;220;141;113m[48;2;230;151;123m▀[0m[38;2;154;100;69m[48;2;166;111;80m▀[0m                           
        [38;2;215;135;107m[48;2;231;160;132m▀[0m[38;2;155;100;69m[48;2;157;102;72m▀[0m[38;2;156;101;71m[48;2;157;102;72m▀[0m[38;2;188;133;103m[48;2;156;101;71m▀[0m[38;2;154;99;69m[48;2;156;101;71m▀[0m                           
        [38;2;247;216;201m[48;2;249;251;248m▀[0m[38;2;156;101;71m[48;2;52;23;16m▀[0m[38;2;156;101;71m[48;2;170;102;77m▀[0m[38;2;156;101;71m[48;2;219;139;111m▀[0m[38;2;173;118;88m[48;2;217;138;110m▀[0m[38;2;156;101;71m[48;2;156;101;71m▀[0m[38;2;163;108;78m▄[0m [38;2;157;102;72m▄[0m[38;2;177;122;91m[48;2;157;102;71m▀[0m[38;2;157;102;72m[48;2;156;101;71m▀[0m[38;2;156;101;71m[48;2;156;101;71m▀[0m[38;2;157;103;72m[48;2;156;101;71m▀[0m[38;2;156;101;71m[48;2;156;101;71m▀[0m[38;2;156;101;71m[48;2;157;102;72m▀[0m[38;2;156;101;71m▄[0m [38;2;162;105;74m▄[0m[38;2;156;101;71m▄[0m[38;2;171;116;86m▄[0m[38;2;144;89;59m[48;2;155;100;70m▀[0m[38;2;162;106;76m[48;2;119;69;42m▀[0m[38;2;127;75;47m[48;2;48;48;49m▀[0m[38;2;201;201;201m▄[0m[38;2;8;0;0m▄[0m       
        [38;2;64;52;49m[48;2;58;30;16m▀[0m[38;2;181;125;95m[48;2;181;126;96m▀[0m[38;2;166;111;80m[48;2;192;113;85m▀[0m[38;2;157;101;71m[48;2;156;101;71m▀[0m[38;2;222;144;115m[48;2;156;101;71m▀[0m[38;2;156;101;71m[48;2;84;47;27m▀[0m[38;2;157;101;71m[48;2;156;101;71m▀[0m[38;2;164;107;76m[48;2;156;101;71m▀[0m[38;2;156;101;71m[48;2;156;101;71m▀[0m[38;2;156;101;71m[48;2;146;88;56m▀[0m[38;2;156;101;71m[48;2;161;107;77m▀[0m[38;2;156;101;71m[48;2;156;101;71m▀[0m[38;2;157;102;72m[48;2;156;101;71m▀[0m[38;2;156;101;71m[48;2;155;100;70m▀[0m[38;2;156;101;71m[48;2;129;74;46m▀[0m[38;2;156;100;70m[48;2;156;101;71m▀[0m[38;2;156;101;71m[48;2;157;101;71m▀[0m[38;2;156;101;71m[48;2;48;49;47m▀[0m[38;2;156;101;71m[48;2;37;39;39m▀[0m[38;2;167;111;81m[48;2;231;153;125m▀[0m[38;2;156;101;71m[48;2;220;141;114m▀[0m[38;2;157;101;71m[48;2;219;139;111m▀[0m[38;2;185;183;184m[48;2;227;148;118m▀[0m[38;2;48;49;48m[48;2;67;65;64m▀[0m[38;2;179;105;79m[48;2;250;248;246m▀[0m[38;2;153;84;60m▄[0m      
         [38;2;176;121;91m[48;2;165;111;81m▀[0m[38;2;217;137;109m[48;2;166;102;70m▀[0m[38;2;219;140;112m[48;2;218;139;111m▀[0m[38;2;187;113;81m[48;2;219;140;112m▀[0m[38;2;156;101;71m[48;2;216;137;109m▀[0m[38;2;73;41;23m[48;2;221;142;114m▀[0m[38;2;156;100;70m[48;2;222;141;112m▀[0m[38;2;157;102;72m[48;2;218;139;111m▀[0m[38;2;156;101;71m[48;2;156;101;71m▀[0m[38;2;156;101;71m[48;2;156;101;71m▀[0m[38;2;156;101;71m[48;2;156;101;71m▀[0m[38;2;156;101;71m[48;2;156;101;71m▀[0m[38;2;156;101;71m[48;2;156;101;71m▀[0m[38;2;157;102;72m[48;2;156;101;71m▀[0m[38;2;156;101;71m[48;2;156;101;71m▀[0m[38;2;156;101;71m[48;2;157;102;72m▀[0m[38;2;19;14;14m[48;2;219;140;112m▀[0m[38;2;157;156;154m[48;2;32;33;33m▀[0m[38;2;253;253;253m[48;2;45;46;45m▀[0m[38;2;220;140;112m[48;2;247;246;243m▀[0m[38;2;219;140;112m[48;2;219;140;112m▀[0m[38;2;219;140;112m[48;2;219;140;112m▀[0m[38;2;217;139;111m[48;2;220;141;113m▀[0m[38;2;252;252;253m[48;2;219;140;112m▀[0m[38;2;213;133;105m[48;2;38;10;2m▀[0m      
          [38;2;156;101;71m▀[0m[38;2;221;142;114m[48;2;219;139;111m▀[0m[38;2;218;139;111m[48;2;219;140;111m▀[0m[38;2;219;140;111m[48;2;219;140;111m▀[0m[38;2;219;139;111m[48;2;219;140;112m▀[0m[38;2;219;139;111m[48;2;220;140;112m▀[0m[38;2;219;140;112m[48;2;219;140;112m▀[0m[38;2;156;101;71m[48;2;156;101;71m▀[0m[38;2;156;101;71m[48;2;156;101;71m▀[0m[38;2;156;101;71m[48;2;156;101;71m▀[0m[38;2;218;139;111m[48;2;219;139;111m▀[0m[38;2;218;139;111m[48;2;218;139;111m▀[0m[38;2;157;102;72m[48;2;210;135;106m▀[0m[38;2;156;101;71m[48;2;156;101;71m▀[0m[38;2;156;101;71m[48;2;156;101;71m▀[0m[38;2;218;139;111m[48;2;165;106;75m▀[0m[38;2;221;142;114m[48;2;219;140;112m▀[0m[38;2;63;61;60m[48;2;219;141;112m▀[0m[38;2;250;249;246m[48;2;128;95;83m▀[0m[38;2;219;140;112m[48;2;219;139;111m▀[0m[38;2;218;139;111m[48;2;219;140;112m▀[0m[38;2;218;139;111m[48;2;193;113;85m▀[0m[38;2;192;113;85m▀[0m       
          [38;2;249;247;245m▄[0m[38;2;173;166;166m[48;2;250;249;246m▀[0m[38;2;80;78;79m[48;2;215;211;209m▀[0m[38;2;219;140;112m[48;2;127;123;122m▀[0m[38;2;219;139;111m[48;2;181;175;174m▀[0m[38;2;218;139;111m[48;2;67;23;15m▀[0m[38;2;219;139;111m[48;2;218;139;111m▀[0m[38;2;156;101;71m[48;2;219;140;112m▀[0m[38;2;156;101;71m[48;2;157;102;71m▀[0m[38;2;156;101;71m[48;2;157;102;71m▀[0m[38;2;219;140;112m[48;2;220;140;112m▀[0m[38;2;218;139;111m[48;2;218;138;110m▀[0m[38;2;218;139;111m[48;2;219;139;111m▀[0m[38;2;156;101;71m[48;2;200;133;103m▀[0m[38;2;156;101;71m[48;2;156;101;70m▀[0m[38;2;156;101;70m[48;2;218;139;111m▀[0m[38;2;219;139;111m[48;2;209;130;102m▀[0m[38;2;218;139;111m[48;2;192;113;85m▀[0m[38;2;219;140;112m[48;2;192;113;84m▀[0m[38;2;194;115;87m[48;2;198;118;89m▀[0m[38;2;192;113;85m▀[0m         
         [38;2;54;53;52m▀[0m[38;2;248;247;244m[48;2;249;248;244m▀[0m[38;2;250;249;246m[48;2;247;246;244m▀[0m[38;2;249;247;244m[48;2;247;246;244m▀[0m[38;2;249;247;244m[48;2;249;247;244m▀[0m[38;2;241;239;236m[48;2;250;249;247m▀[0m[38;2;178;171;171m[48;2;251;250;248m▀[0m[38;2;177;171;170m[48;2;248;246;244m▀[0m[38;2;175;169;168m[48;2;229;226;223m▀[0m[38;2;193;115;88m[48;2;169;162;162m▀[0m[38;2;192;112;84m[48;2;148;143;142m▀[0m[38;2;193;114;86m[48;2;27;27;27m▀[0m[38;2;191;112;84m[48;2;19;18;17m▀[0m[38;2;191;112;84m[48;2;39;38;38m▀[0m[38;2;191;112;84m[48;2;163;158;158m▀[0m[38;2;192;113;85m[48;2;173;166;166m▀[0m[38;2;193;114;85m[48;2;250;248;245m▀[0m[38;2;191;112;84m[48;2;173;165;165m▀[0m[38;2;126;58;36m▀[0m            
          [38;2;154;148;145m[48;2;177;172;171m▀[0m[38;2;172;165;165m[48;2;173;166;166m▀[0m[38;2;176;170;168m[48;2;172;165;165m▀[0m[38;2;197;192;190m[48;2;172;166;165m▀[0m[38;2;248;246;243m[48;2;173;167;166m▀[0m[38;2;248;246;243m[48;2;172;166;165m▀[0m[38;2;249;247;244m[48;2;224;220;218m▀[0m[38;2;248;247;244m[48;2;237;235;232m▀[0m[38;2;247;246;243m[48;2;229;225;224m▀[0m[38;2;248;246;243m[48;2;180;174;173m▀[0m[38;2;250;249;246m[48;2;240;238;235m▀[0m[38;2;250;249;247m[48;2;248;246;243m▀[0m[38;2;247;246;243m[48;2;249;247;244m▀[0m[38;2;247;246;243m[48;2;174;167;167m▀[0m[38;2;216;212;209m[48;2;173;167;167m▀[0m[38;2;173;166;165m[48;2;173;166;166m▀[0m[38;2;174;167;167m[48;2;157;153;153m▀[0m             
           [38;2;172;165;164m▀[0m[38;2;172;165;165m▀[0m[38;2;173;166;165m▀[0m[38;2;173;167;167m[48;2;22;22;22m▀[0m[38;2;174;167;167m[48;2;172;165;164m▀[0m[38;2;174;167;167m[48;2;173;166;165m▀[0m[38;2;173;166;165m[48;2;173;166;165m▀[0m[38;2;173;165;165m[48;2;172;166;165m▀[0m[38;2;173;166;165m▀[0m[38;2;174;168;167m[48;2;177;171;170m▀[0m[38;2;173;167;165m[48;2;174;167;167m▀[0m[38;2;173;166;166m[48;2;174;166;166m▀[0m[38;2;176;169;169m[48;2;193;189;189m▀[0m[38;2;194;190;190m▀[0m               
                                        
                                        
                                        
                                        
