                                        
                                        
                                        
                                        
                          [38;2;237;191;167m▄[0m[38;2;246;196;173m▄[0m[38;2;245;180;147m▄[0m[38;2;243;153;105m▄[0m[38;2;1;1;1m▄[0m         
        [38;2;210;155;125m[48;2;243;176;141m▀[0m[38;2;243;176;139m[48;2;243;176;142m▀[0m[38;2;243;176;140m[48;2;243;155;109m▀[0m[38;2;242;175;139m[48;2;242;153;105m▀[0m[38;2;243;176;141m[48;2;243;153;105m▀[0m[38;2;51;37;30m[48;2;243;153;105m▀[0m          [38;2;198;132;90m▄[0m[38;2;245;189;159m[48;2;242;154;105m▀[0m[38;2;240;151;104m[48;2;243;153;105m▀[0m[38;2;242;153;105m[48;2;243;153;105m▀[0m[38;2;243;153;105m[48;2;243;154;105m▀[0m[38;2;241;151;103m[48;2;243;153;105m▀[0m[38;2;240;150;104m[48;2;242;153;105m▀[0m[38;2;243;153;105m▄[0m        
      [38;2;151;101;76m▄[0m[38;2;243;176;140m[48;2;245;178;144m▀[0m[38;2;243;176;140m[48;2;243;172;134m▀[0m[38;2;240;151;103m[48;2;240;150;104m▀[0m[38;2;241;151;105m[48;2;240;151;103m▀[0m[38;2;243;153;105m[48;2;210;133;93m▀[0m[38;2;242;153;105m[48;2;29;27;26m▀[0m[38;2;243;153;105m▀[0m[38;2;243;153;105m▀[0m[38;2;3;3;4m▄[0m        [38;2;242;153;105m▀[0m[38;2;181;116;83m▀[0m[38;2;30;29;29m▀[0m[38;2;17;16;17m[48;2;76;70;68m▀[0m[38;2;209;132;93m[48;2;76;70;67m▀[0m[38;2;242;153;105m[48;2;211;135;96m▀[0m[38;2;242;154;105m[48;2;211;135;95m▀[0m[38;2;242;154;105m[48;2;243;154;105m▀[0m[38;2;102;65;47m[48;2;234;148;100m▀[0m       
     [38;2;240;150;103m▄[0m[38;2;242;166;126m[48;2;241;151;104m▀[0m[38;2;241;157;112m[48;2;241;151;104m▀[0m[38;2;240;149;104m[48;2;241;151;103m▀[0m[38;2;239;149;104m[48;2;243;154;105m▀[0m[38;2;229;145;100m[48;2;220;139;98m▀[0m[38;2;80;72;71m[48;2;77;69;66m▀[0m               [38;2;7;8;8m▀[0m[38;2;76;70;68m[48;2;76;70;67m▀[0m[38;2;52;34;25m[48;2;68;62;59m▀[0m[38;2;211;134;96m[48;2;210;134;95m▀[0m[38;2;211;134;96m[48;2;210;135;95m▀[0m[38;2;216;136;96m[48;2;211;134;95m▀[0m[38;2;203;128;91m[48;2;211;134;95m▀[0m      
     [38;2;243;153;105m[48;2;232;146;100m▀[0m[38;2;241;150;103m[48;2;240;150;103m▀[0m[38;2;239;149;104m[48;2;240;151;103m▀[0m[38;2;240;150;104m[48;2;236;149;103m▀[0m[38;2;233;146;101m[48;2;210;133;94m▀[0m[38;2;39;35;35m[48;2;78;71;68m▀[0m[38;2;76;69;66m[48;2;76;69;66m▀[0m[38;2;8;6;5m▄[0m    [38;2;253;224;207m▄[0m   [38;2;245;187;156m▄[0m   [38;2;7;5;4m▄[0m[38;2;139;103;84m[48;2;240;151;105m▀[0m[38;2;191;123;90m▄[0m[38;2;76;70;68m[48;2;100;94;92m▀[0m[38;2;17;16;18m[48;2;171;108;75m▀[0m[38;2;209;132;93m[48;2;211;135;96m▀[0m[38;2;210;132;93m[48;2;211;134;95m▀[0m[38;2;210;132;93m[48;2;210;134;95m▀[0m[38;2;211;135;96m[48;2;210;133;93m▀[0m      
     [38;2;211;132;94m[48;2;221;138;97m▀[0m[38;2;212;134;94m[48;2;212;134;95m▀[0m[38;2;211;135;95m[48;2;210;134;95m▀[0m[38;2;210;134;95m[48;2;210;132;93m▀[0m[38;2;210;133;94m[48;2;210;133;94m▀[0m[38;2;108;104;103m[48;2;186;120;87m▀[0m[38;2;9;9;8m[48;2;185;122;86m▀[0m[38;2;241;166;126m[48;2;187;122;90m▀[0m[38;2;144;92;65m▀[0m   [38;2;240;156;113m[48;2;241;151;103m▀[0m[38;2;210;134;95m▄[0m [38;2;165;108;76m▄[0m[38;2;244;170;132m[48;2;243;153;104m▀[0m    [38;2;185;120;86m[48;2;198;128;94m▀[0m[38;2;185;120;86m[48;2;185;120;87m▀[0m[38;2;186;122;90m[48;2;185;119;87m▀[0m[38;2;220;139;99m[48;2;218;137;97m▀[0m[38;2;209;132;93m[48;2;209;132;93m▀[0m[38;2;209;132;93m[48;2;210;133;94m▀[0m[38;2;210;132;94m[48;2;211;135;95m▀[0m[38;2;210;132;93m[48;2;211;134;95m▀[0m      
     [38;2;0;0;0m[48;2;247;239;236m▀[0m[38;2;222;139;97m[48;2;86;78;76m▀[0m[38;2;209;132;93m[48;2;187;122;89m▀[0m[38;2;51;34;25m[48;2;185;120;86m▀[0m[38;2;187;122;90m[48;2;185;120;86m▀[0m[38;2;186;122;90m[48;2;185;120;86m▀[0m[38;2;185;119;87m[48;2;192;124;89m▀[0m[38;2;189;123;89m▀[0m[38;2;133;85;61m▄[0m[38;2;237;150;105m▄[0m[38;2;251;246;247m[48;2;251;247;247m▀[0m[38;2;251;248;247m[48;2;251;248;246m▀[0m[38;2;248;248;248m[48;2;251;246;247m▀[0m[38;2;242;152;104m[48;2;240;151;104m▀[0m[38;2;242;151;104m[48;2;239;149;104m▀[0m[38;2;242;153;105m[48;2;239;151;105m▀[0m[38;2;253;253;254m[48;2;252;249;249m▀[0m[38;2;253;252;253m[48;2;252;248;247m▀[0m[38;2;254;254;254m[48;2;253;251;250m▀[0m[38;2;157;98;64m▄[0m[38;2;245;156;107m▄[0m[38;2;3;3;3m▀[0m[38;2;186;122;89m[48;2;31;21;16m▀[0m[38;2;186;121;89m[48;2;185;120;86m▀[0m[38;2;185;121;88m[48;2;185;121;86m▀[0m[38;2;210;132;94m[48;2;182;117;85m▀[0m[38;2;210;134;95m[48;2;187;122;89m▀[0m[38;2;211;135;95m[48;2;194;127;92m▀[0m[38;2;90;60;43m▀[0m      
     [38;2;244;228;222m▀[0m[38;2;203;187;180m[48;2;203;187;180m▀[0m[38;2;176;163;156m[48;2;203;187;181m▀[0m[38;2;185;119;87m[48;2;11;10;10m▀[0m[38;2;185;120;86m▀[0m[38;2;197;126;90m▀[0m[38;2;209;132;94m▀[0m[38;2;61;41;31m▄[0m[38;2;198;127;91m[48;2;246;230;223m▀[0m[38;2;240;151;103m[48;2;186;120;87m▀[0m[38;2;74;48;35m[48;2;208;134;95m▀[0m[38;2;234;233;239m[48;2;245;171;133m▀[0m[38;2;225;222;229m[48;2;243;176;140m▀[0m[38;2;196;125;90m[48;2;243;176;141m▀[0m[38;2;243;176;140m[48;2;243;176;140m▀[0m[38;2;193;125;92m[48;2;243;176;142m▀[0m[38;2;233;230;235m[48;2;242;174;138m▀[0m[38;2;234;233;240m[48;2;215;136;98m▀[0m[38;2;145;91;63m[48;2;51;32;22m▀[0m[38;2;153;153;154m[48;2;242;226;218m▀[0m[38;2;185;120;86m[48;2;194;124;91m▀[0m[38;2;187;121;87m▄[0m [38;2;10;7;7m▀[0m[38;2;162;103;74m▀[0m[38;2;14;13;14m[48;2;241;223;217m▀[0m[38;2;121;113;110m[48;2;239;222;215m▀[0m[38;2;204;187;181m▀[0m       
      [38;2;210;194;187m[48;2;244;231;225m▀[0m[38;2;7;7;8m▄[0m[38;2;15;14;15m[48;2;1;1;1m▀[0m[38;2;199;185;183m[48;2;188;178;172m▀[0m[38;2;244;229;222m▄[0m[38;2;75;70;69m[48;2;221;206;200m▀[0m[38;2;47;29;20m[48;2;242;225;217m▀[0m[38;2;244;229;222m[48;2;244;229;222m▀[0m[38;2;231;217;210m[48;2;227;211;204m▀[0m[38;2;243;229;222m[48;2;244;226;220m▀[0m[38;2;246;235;231m[48;2;242;224;218m▀[0m[38;2;194;184;181m[48;2;247;238;235m▀[0m[38;2;186;121;88m[48;2;235;219;212m▀[0m[38;2;186;121;89m[48;2;249;236;230m▀[0m[38;2;197;128;94m[48;2;244;231;225m▀[0m[38;2;247;238;235m[48;2;247;238;236m▀[0m[38;2;246;234;230m[48;2;243;226;218m▀[0m[38;2;248;232;224m[48;2;242;224;218m▀[0m[38;2;244;229;223m[48;2;242;224;218m▀[0m[38;2;117;110;106m[48;2;230;214;208m▀[0m[38;2;185;120;86m[48;2;243;227;221m▀[0m[38;2;6;6;6m[48;2;98;91;92m▀[0m[38;2;175;164;165m▄[0m[38;2;213;197;190m▄[0m[38;2;20;19;19m[48;2;242;224;218m▀[0m[38;2;208;193;185m[48;2;246;228;222m▀[0m[38;2;0;0;0m[48;2;247;230;223m▀[0m       
      [38;2;244;229;222m[48;2;200;188;187m▀[0m[38;2;92;87;84m[48;2;35;32;34m▀[0m[38;2;207;192;186m▀[0m[38;2;161;152;157m▀[0m[38;2;139;129;136m[48;2;125;116;132m▀[0m[38;2;25;23;26m[48;2;131;120;128m▀[0m[38;2;233;219;211m[48;2;208;193;195m▀[0m[38;2;242;227;221m[48;2;196;182;185m▀[0m[38;2;243;229;223m[48;2;204;189;191m▀[0m[38;2;244;229;222m[48;2;204;188;193m▀[0m[38;2;242;225;217m[48;2;228;212;204m▀[0m[38;2;244;228;222m[48;2;242;225;218m▀[0m[38;2;242;225;218m[48;2;242;224;218m▀[0m[38;2;244;227;222m[48;2;242;225;216m▀[0m[38;2;243;228;221m[48;2;242;224;218m▀[0m[38;2;243;226;221m[48;2;242;225;217m▀[0m[38;2;242;225;217m[48;2;220;205;199m▀[0m[38;2;244;229;222m[48;2;205;190;196m▀[0m[38;2;244;229;222m[48;2;206;191;195m▀[0m[38;2;230;216;209m[48;2;197;183;188m▀[0m[38;2;234;219;213m[48;2;174;161;164m▀[0m[38;2;131;121;128m▄[0m[38;2;167;157;158m[48;2;97;90;101m▀[0m[38;2;2;2;3m[48;2;124;115;130m▀[0m[38;2;12;12;12m[48;2;21;20;22m▀[0m[38;2;16;15;15m[48;2;5;5;5m▀[0m[38;2;244;230;223m[48;2;90;84;84m▀[0m[38;2;113;106;107m[48;2;170;157;158m▀[0m      
  [38;2;148;137;143m▄[0m[38;2;39;36;40m▄[0m[38;2;3;3;3m▄[0m[38;2;199;187;186m[48;2;190;178;177m▀[0m[38;2;199;185;185m[48;2;9;8;8m▀[0m    [38;2;21;20;22m▀[0m[38;2;146;136;145m▀[0m[38;2;197;183;188m▀[0m[38;2;197;183;188m[48;2;205;193;186m▀[0m[38;2;197;183;188m[48;2;221;207;202m▀[0m[38;2;198;184;188m[48;2;203;188;191m▀[0m[38;2;202;188;191m[48;2;208;192;193m▀[0m[38;2;209;196;198m[48;2;112;105;106m▀[0m[38;2;214;199;200m[48;2;200;188;190m▀[0m[38;2;202;186;188m[48;2;216;201;207m▀[0m[38;2;196;182;185m[48;2;37;34;35m▀[0m[38;2;178;165;168m[48;2;202;187;192m▀[0m[38;2;197;183;188m[48;2;222;208;202m▀[0m[38;2;198;183;188m[48;2;237;221;214m▀[0m[38;2;197;183;188m▀[0m[38;2;146;135;143m▀[0m[38;2;0;0;1m▀[0m     [38;2;164;153;154m[48;2;31;29;30m▀[0m[38;2;164;153;154m[48;2;164;153;153m▀[0m[38;2;166;155;153m▄[0m[38;2;0;0;0m[48;2;199;185;184m▀[0m[38;2;149;138;144m▄[0m  
  [38;2;135;125;124m▀[0m[38;2;116;108;110m▀[0m[38;2;163;152;151m▀[0m[38;2;188;176;175m▀[0m                               [38;2;55;50;53m▀[0m  
                                        
                                        
                                        
                                        
