                                        
                                        
                                        
                                        
                                        
             [38;2;255;255;255m▄[0m                          
           [38;2;250;245;158m▄[0m[38;2;244;237;170m▄[0m[38;2;255;255;255m[48;2;242;235;157m▀[0m[38;2;72;71;70m[48;2;241;233;148m▀[0m[38;2;244;237;149m▄[0m[38;2;44;38;30m▄[0m                       
       [38;2;170;168;159m▄[0m[38;2;4;4;4m[48;2;142;223;228m▀[0m[38;2;79;84;66m[48;2;242;234;156m▀[0m[38;2;244;238;173m[48;2;240;230;135m▀[0m[38;2;244;237;168m[48;2;237;226;113m▀[0m[38;2;241;232;143m[48;2;237;226;113m▀[0m[38;2;239;230;130m[48;2;237;226;113m▀[0m[38;2;237;227;115m[48;2;236;226;113m▀[0m[38;2;237;226;113m[48;2;237;226;113m▀[0m[38;2;237;226;113m[48;2;236;226;112m▀[0m[38;2;237;226;113m[48;2;37;140;151m▀[0m[38;2;189;186;97m[48;2;37;87;85m▀[0m[38;2;236;226;113m▄[0m    [38;2;255;255;255m▄[0m[38;2;23;23;23m[48;2;255;255;255m▀[0m[38;2;255;255;255m[48;2;215;212;209m▀[0m[38;2;255;255;255m▀[0m            
      [38;2;41;40;34m[48;2;252;249;221m▀[0m[38;2;255;253;239m[48;2;82;191;198m▀[0m[38;2;126;121;76m[48;2;237;227;115m▀[0m[38;2;236;226;112m[48;2;237;226;113m▀[0m[38;2;237;226;113m[48;2;239;231;135m▀[0m[38;2;236;226;113m[48;2;241;233;147m▀[0m[38;2;236;226;113m[48;2;239;231;139m▀[0m[38;2;236;226;113m[48;2;237;226;113m▀[0m[38;2;237;226;113m[48;2;237;226;113m▀[0m[38;2;237;226;113m[48;2;64;72;48m▀[0m[38;2;60;186;194m[48;2;58;193;201m▀[0m[38;2;207;196;181m[48;2;254;252;228m▀[0m[38;2;252;249;221m[48;2;55;52;44m▀[0m[38;2;199;182;169m[48;2;252;249;221m▀[0m[38;2;103;92;40m[48;2;252;249;221m▀[0m[38;2;174;161;77m▄[0m[38;2;255;255;255m▄[0m[38;2;255;255;255m[48;2;248;247;247m▀[0m[38;2;254;254;254m[48;2;171;164;160m▀[0m[38;2;178;171;167m[48;2;22;20;17m▀[0m              
     [38;2;0;0;0m[48;2;61;190;198m▀[0m[38;2;59;186;193m[48;2;240;232;116m▀[0m[38;2;236;226;113m[48;2;236;226;113m▀[0m[38;2;237;226;113m[48;2;237;226;113m▀[0m[38;2;237;226;113m[48;2;237;226;113m▀[0m[38;2;239;230;133m[48;2;237;226;113m▀[0m[38;2;245;240;181m[48;2;243;235;158m▀[0m[38;2;245;240;182m[48;2;243;236;163m▀[0m[38;2;237;226;111m[48;2;237;226;113m▀[0m[38;2;237;226;113m[48;2;236;226;113m▀[0m[38;2;60;193;201m[48;2;51;180;191m▀[0m[38;2;144;144;128m[48;2;67;93;87m▀[0m[38;2;252;249;221m[48;2;252;249;220m▀[0m[38;2;43;42;37m[48;2;252;249;221m▀[0m[38;2;164;162;149m[48;2;16;15;14m▀[0m[38;2;252;249;221m[48;2;22;22;20m▀[0m[38;2;255;254;243m[48;2;252;249;221m▀[0m[38;2;175;174;179m[48;2;205;198;97m▀[0m[38;2;170;163;159m▀[0m[38;2;158;151;147m▀[0m               
     [38;2;237;226;113m[48;2;239;228;114m▀[0m[38;2;237;226;113m[48;2;237;226;113m▀[0m[38;2;237;226;113m[48;2;92;92;44m▀[0m[38;2;237;226;113m[48;2;82;39;48m▀[0m[38;2;237;226;113m[48;2;82;40;48m▀[0m[38;2;236;226;113m[48;2;84;40;49m▀[0m[38;2;236;226;113m[48;2;95;43;54m▀[0m[38;2;236;226;113m[48;2;237;226;113m▀[0m[38;2;237;226;113m[48;2;236;226;113m▀[0m[38;2;237;226;113m[48;2;237;226;113m▀[0m[38;2;164;149;67m[48;2;236;226;113m▀[0m[38;2;60;187;194m[48;2;60;186;194m▀[0m[38;2;252;249;221m[48;2;207;190;180m▀[0m[38;2;252;249;221m[48;2;252;249;221m▀[0m[38;2;252;249;220m[48;2;252;249;221m▀[0m[38;2;243;243;242m[48;2;252;249;221m▀[0m[38;2;253;250;224m[48;2;252;249;221m▀[0m[38;2;26;134;153m[48;2;30;94;101m▀[0m[38;2;237;226;113m▄[0m     [38;2;79;76;76m▄[0m[38;2;65;62;61m▄[0m         
      [38;2;95;43;54m[48;2;64;60;29m▀[0m[38;2;82;40;48m[48;2;92;44;53m▀[0m[38;2;29;13;16m[48;2;154;92;86m▀[0m[38;2;147;89;82m[48;2;188;106;104m▀[0m[38;2;151;91;85m[48;2;188;106;103m▀[0m[38;2;166;97;92m[48;2;188;106;103m▀[0m[38;2;176;101;98m[48;2;188;106;103m▀[0m[38;2;236;226;113m[48;2;188;106;103m▀[0m[38;2;237;226;113m[48;2;237;226;113m▀[0m[38;2;237;226;113m[48;2;237;226;113m▀[0m[38;2;238;231;120m[48;2;237;226;113m▀[0m[38;2;60;187;194m[48;2;239;228;114m▀[0m[38;2;31;111;116m[48;2;61;192;200m▀[0m[38;2;252;249;221m[48;2;60;187;193m▀[0m[38;2;252;249;221m[48;2;60;186;193m▀[0m[38;2;52;176;185m[48;2;206;195;100m▀[0m[38;2;235;225;112m[48;2;159;148;78m▀[0m[38;2;237;226;113m[48;2;237;226;113m▀[0m[38;2;237;226;113m[48;2;237;226;113m▀[0m[38;2;240;231;116m▄[0m [38;2;143;142;142m▄[0m[38;2;246;245;245m[48;2;255;255;255m▀[0m[38;2;255;255;255m[48;2;64;62;61m▀[0m[38;2;241;234;115m▄[0m[38;2;48;131;129m[48;2;236;226;113m▀[0m[38;2;47;132;128m[48;2;241;230;115m▀[0m[38;2;61;190;197m[48;2;40;113;108m▀[0m      
       [38;2;30;58;57m▀[0m[38;2;171;99;94m[48;2;36;33;33m▀[0m[38;2;188;106;103m[48;2;160;94;89m▀[0m[38;2;188;106;103m[48;2;188;106;104m▀[0m[38;2;188;106;103m[48;2;188;106;104m▀[0m[38;2;188;106;103m[48;2;190;110;108m▀[0m[38;2;188;106;104m[48;2;188;106;103m▀[0m[38;2;188;106;103m[48;2;188;106;103m▀[0m[38;2;237;226;113m[48;2;188;106;104m▀[0m[38;2;237;226;113m[48;2;97;95;46m▀[0m[38;2;237;226;113m[48;2;237;226;113m▀[0m[38;2;237;226;113m[48;2;237;226;113m▀[0m[38;2;237;226;113m[48;2;218;207;104m▀[0m[38;2;235;225;112m[48;2;156;145;76m▀[0m[38;2;172;161;84m[48;2;152;141;75m▀[0m[38;2;157;146;77m[48;2;60;186;194m▀[0m[38;2;237;226;113m[48;2;29;117;136m▀[0m[38;2;236;226;113m[48;2;237;226;113m▀[0m[38;2;237;226;113m[48;2;237;226;113m▀[0m[38;2;253;253;255m▄[0m[38;2;255;255;255m[48;2;180;174;170m▀[0m[38;2;195;190;186m[48;2;236;225;112m▀[0m[38;2;237;226;113m[48;2;110;104;53m▀[0m[38;2;237;226;113m[48;2;207;206;140m▀[0m[38;2;241;233;147m[48;2;245;240;185m▀[0m[38;2;243;233;120m[48;2;239;229;127m▀[0m[38;2;176;169;87m[48;2;221;214;109m▀[0m      
        [38;2;54;157;158m[48;2;55;160;158m▀[0m[38;2;61;191;198m▀[0m[38;2;136;72;68m▀[0m[38;2;152;91;85m[48;2;54;163;165m▀[0m[38;2;163;96;91m[48;2;59;186;192m▀[0m[38;2;178;102;98m[48;2;60;187;194m▀[0m[38;2;186;105;102m[48;2;65;205;212m▀[0m[38;2;182;103;100m[48;2;60;191;199m▀[0m[38;2;175;101;97m[48;2;59;187;194m▀[0m[38;2;166;97;92m[48;2;46;129;127m▀[0m[38;2;166;155;81m[48;2;46;132;129m▀[0m[38;2;151;141;75m[48;2;42;54;93m▀[0m[38;2;151;141;75m[48;2;55;69;126m▀[0m[38;2;59;187;194m[48;2;52;65;119m▀[0m[38;2;58;185;192m[48;2;56;172;175m▀[0m[38;2;60;186;194m[48;2;53;161;162m▀[0m[38;2;63;202;209m[48;2;46;128;125m▀[0m[38;2;225;215;108m[48;2;156;145;76m▀[0m[38;2;9;8;9m[48;2;252;250;126m▀[0m[38;2;252;249;221m[48;2;237;226;113m▀[0m[38;2;112;95;82m[48;2;239;230;134m▀[0m[38;2;67;210;219m[48;2;241;233;148m▀[0m[38;2;236;226;113m[48;2;236;226;113m▀[0m[38;2;237;227;118m[48;2;234;223;111m▀[0m[38;2;245;239;120m[48;2;231;220;110m▀[0m[38;2;237;226;113m[48;2;169;158;83m▀[0m      
           [38;2;59;175;176m▀[0m  [38;2;54;157;158m▀[0m[38;2;29;76;72m▀[0m[38;2;38;44;81m[48;2;43;55;95m▀[0m[38;2;38;48;83m[48;2;33;90;82m▀[0m[38;2;33;85;84m[48;2;36;62;84m▀[0m[38;2;43;120;117m[48;2;50;63;113m▀[0m[38;2;46;129;126m[48;2;45;127;123m▀[0m[38;2;50;63;113m[48;2;44;124;120m▀[0m[38;2;50;63;114m[48;2;49;62;110m▀[0m[38;2;46;125;121m[48;2;44;125;120m▀[0m[38;2;45;127;124m[48;2;40;110;104m▀[0m[38;2;159;142;72m[48;2;239;228;114m▀[0m[38;2;237;226;113m[48;2;237;226;113m▀[0m[38;2;237;226;113m[48;2;236;226;113m▀[0m[38;2;240;231;140m[48;2;236;226;113m▀[0m[38;2;243;237;169m[48;2;237;227;115m▀[0m[38;2;238;228;122m[48;2;237;226;113m▀[0m[38;2;236;226;112m[48;2;237;226;113m▀[0m[38;2;136;125;68m[48;2;34;28;24m▀[0m[38;2;150;139;74m▀[0m      
                  [38;2;29;47;43m▀[0m[38;2;35;99;92m▀[0m[38;2;36;97;91m▀[0m[38;2;40;54;87m[48;2;15;39;37m▀[0m[38;2;40;45;85m[48;2;36;97;91m▀[0m[38;2;36;98;93m[48;2;36;100;95m▀[0m[38;2;48;134;132m[48;2;38;104;98m▀[0m[38;2;60;189;196m[48;2;43;121;118m▀[0m[38;2;219;193;83m[48;2;48;137;135m▀[0m[38;2;236;226;113m[48;2;52;154;154m▀[0m[38;2;236;226;113m[48;2;56;170;173m▀[0m[38;2;237;226;113m[48;2;53;165;168m▀[0m[38;2;237;226;113m[48;2;42;99;93m▀[0m[38;2;224;214;107m[48;2;31;113;114m▀[0m        
                       [38;2;33;100;94m▀[0m[38;2;35;96;91m▀[0m[38;2;34;96;90m▀[0m[38;2;35;98;92m▀[0m[38;2;37;99;93m▀[0m[38;2;37;99;94m▀[0m[38;2;37;99;93m▀[0m          
                                        
                                        
                                        
