                                        
                                        
                                        
            [38;2;254;254;254m[48;2;255;255;255m▀[0m                           
       [38;2;243;236;163m▄[0m[38;2;244;237;169m▄[0m[38;2;244;238;173m▄[0m[38;2;207;201;132m[48;2;244;238;172m▀[0m[38;2;248;240;163m[48;2;243;235;163m▀[0m[38;2;244;236;149m[48;2;242;233;149m▀[0m[38;2;248;239;151m[48;2;240;231;138m▀[0m[38;2;97;91;60m[48;2;237;228;119m▀[0m[38;2;237;227;120m▄[0m[38;2;236;226;113m▄[0m[38;2;134;127;63m▄[0m           [38;2;255;255;255m▄[0m          
    [38;2;248;248;241m▄[0m[38;2;254;252;235m[48;2;253;171;205m▀[0m[38;2;254;189;214m[48;2;242;234;155m▀[0m[38;2;244;237;170m[48;2;241;232;143m▀[0m[38;2;243;236;168m[48;2;237;227;114m▀[0m[38;2;241;233;153m[48;2;237;226;113m▀[0m[38;2;237;228;121m[48;2;237;226;113m▀[0m[38;2;237;227;114m[48;2;236;226;113m▀[0m[38;2;236;226;113m[48;2;236;226;113m▀[0m[38;2;236;226;113m[48;2;236;226;112m▀[0m[38;2;236;226;113m[48;2;236;226;113m▀[0m[38;2;236;226;113m[48;2;236;226;112m▀[0m[38;2;236;226;113m[48;2;161;70;108m▀[0m[38;2;236;226;113m[48;2;246;138;181m▀[0m[38;2;236;226;112m[48;2;253;147;190m▀[0m[38;2;244;234;117m▄[0m[38;2;69;65;33m▄[0m    [38;2;244;244;243m▄[0m[38;2;255;255;255m▄[0m[38;2;255;255;255m[48;2;255;255;255m▀[0m[38;2;255;255;255m[48;2;203;198;196m▀[0m[38;2;253;253;253m▀[0m          
  [38;2;21;19;17m▄[0m[38;2;252;251;231m[48;2;252;250;227m▀[0m[38;2;255;254;239m[48;2;255;164;200m▀[0m[38;2;233;148;182m[48;2;240;232;139m▀[0m[38;2;239;229;131m[48;2;236;226;113m▀[0m[38;2;236;226;112m[48;2;236;226;113m▀[0m[38;2;237;226;112m[48;2;238;229;127m▀[0m[38;2;236;226;113m[48;2;239;231;137m▀[0m[38;2;236;226;112m[48;2;238;228;122m▀[0m[38;2;236;226;113m[48;2;236;226;113m▀[0m[38;2;237;226;113m[48;2;236;226;113m▀[0m[38;2;236;226;113m[48;2;237;226;113m▀[0m[38;2;236;226;113m[48;2;234;224;112m▀[0m[38;2;246;141;184m[48;2;246;139;182m▀[0m[38;2;246;139;182m[48;2;252;250;226m▀[0m[38;2;248;248;231m[48;2;252;249;223m▀[0m[38;2;251;248;218m[48;2;252;249;220m▀[0m[38;2;177;179;161m[48;2;252;249;220m▀[0m[38;2;244;138;181m[48;2;252;249;221m▀[0m[38;2;221;210;105m[48;2;252;145;189m▀[0m[38;2;17;15;12m▄[0m[38;2;255;255;255m▄[0m[38;2;255;255;255m[48;2;255;255;255m▀[0m[38;2;255;255;255m[48;2;232;229;228m▀[0m[38;2;249;249;249m[48;2;173;166;162m▀[0m[38;2;180;174;170m[48;2;33;29;27m▀[0m            
  [38;2;252;249;221m[48;2;180;83;122m▀[0m[38;2;246;139;182m[48;2;81;34;50m▀[0m[38;2;240;231;114m[48;2;236;226;113m▀[0m[38;2;236;226;113m[48;2;237;226;113m▀[0m[38;2;236;226;113m[48;2;237;226;113m▀[0m[38;2;237;226;113m[48;2;236;226;112m▀[0m[38;2;240;231;141m[48;2;240;231;139m▀[0m[38;2;244;238;172m[48;2;245;240;181m▀[0m[38;2;244;238;177m[48;2;245;240;181m▀[0m[38;2;238;228;123m[48;2;241;233;152m▀[0m[38;2;236;226;113m[48;2;237;226;112m▀[0m[38;2;236;226;112m[48;2;236;226;113m▀[0m[38;2;77;41;48m[48;2;198;109;148m▀[0m[38;2;246;139;182m[48;2;246;138;181m▀[0m[38;2;252;249;221m[48;2;252;249;221m▀[0m[38;2;110;108;96m[48;2;252;249;221m▀[0m[38;2;252;249;221m[48;2;251;250;224m▀[0m[38;2;251;248;219m[48;2;252;249;220m▀[0m[38;2;252;249;220m[48;2;251;247;219m▀[0m[38;2;252;249;220m[48;2;252;249;221m▀[0m[38;2;205;107;149m[48;2;254;250;234m▀[0m[38;2;255;255;255m[48;2;191;182;91m▀[0m[38;2;213;210;207m[48;2;170;164;159m▀[0m[38;2;168;161;157m[48;2;176;169;164m▀[0m[38;2;176;169;165m▀[0m             
 [38;2;96;29;52m[48;2;200;191;94m▀[0m[38;2;242;140;180m[48;2;236;226;113m▀[0m[38;2;237;226;113m[48;2;237;226;113m▀[0m[38;2;236;226;112m[48;2;237;226;112m▀[0m[38;2;236;226;113m[48;2;236;226;112m▀[0m[38;2;236;226;113m[48;2;237;226;113m▀[0m[38;2;237;226;113m[48;2;236;226;112m▀[0m[38;2;237;227;114m[48;2;237;226;113m▀[0m[38;2;243;235;157m[48;2;236;226;113m▀[0m[38;2;244;237;168m[48;2;236;226;113m▀[0m[38;2;238;229;130m[48;2;236;226;113m▀[0m[38;2;236;226;113m[48;2;237;226;112m▀[0m[38;2;236;226;113m[48;2;237;226;113m▀[0m[38;2;153;62;97m[48;2;227;215;110m▀[0m[38;2;246;139;182m[48;2;246;139;182m▀[0m[38;2;252;249;220m[48;2;252;249;220m▀[0m[38;2;252;249;221m[48;2;252;249;221m▀[0m[38;2;252;249;220m[48;2;252;249;221m▀[0m[38;2;251;249;221m[48;2;252;249;220m▀[0m[38;2;252;249;220m[48;2;230;229;211m▀[0m[38;2;252;249;220m[48;2;251;247;218m▀[0m[38;2;252;249;221m[48;2;252;249;221m▀[0m[38;2;121;69;65m[48;2;251;144;187m▀[0m                
 [38;2;185;178;93m▀[0m[38;2;236;226;113m[48;2;236;226;113m▀[0m[38;2;236;226;113m[48;2;237;228;115m▀[0m[38;2;236;226;112m[48;2;83;40;48m▀[0m[38;2;147;140;70m[48;2;83;39;48m▀[0m[38;2;84;41;49m[48;2;84;40;48m▀[0m[38;2;81;39;48m[48;2;96;61;56m▀[0m[38;2;84;42;48m[48;2;135;83;77m▀[0m[38;2;236;226;112m[48;2;142;87;80m▀[0m[38;2;236;226;112m[48;2;81;77;40m▀[0m[38;2;236;226;113m[48;2;236;226;113m▀[0m[38;2;236;226;113m[48;2;236;226;113m▀[0m[38;2;236;226;113m[48;2;236;226;113m▀[0m[38;2;236;226;113m[48;2;236;226;112m▀[0m[38;2;246;139;182m[48;2;60;52;28m▀[0m[38;2;237;134;176m[48;2;246;139;182m▀[0m[38;2;252;249;221m[48;2;103;84;83m▀[0m[38;2;252;249;220m[48;2;252;249;221m▀[0m[38;2;252;249;220m[48;2;252;249;220m▀[0m[38;2;252;249;221m[48;2;252;249;220m▀[0m[38;2;189;187;169m[48;2;252;249;221m▀[0m[38;2;105;103;92m[48;2;252;248;220m▀[0m[38;2;251;144;188m[48;2;120;64;87m▀[0m[38;2;76;72;38m[48;2;52;49;25m▀[0m[38;2;37;35;30m[48;2;236;226;112m▀[0m      [38;2;255;255;255m▄[0m[38;2;54;51;50m[48;2;254;254;254m▀[0m [38;2;120;13;56m▄[0m[38;2;242;146;185m▄[0m   
  [38;2;236;225;112m▀[0m[38;2;86;41;49m[48;2;88;41;50m▀[0m[38;2;82;39;48m[48;2;89;43;51m▀[0m[38;2;33;22;19m[48;2;150;90;84m▀[0m[38;2;146;88;82m[48;2;185;104;102m▀[0m[38;2;151;91;85m[48;2;188;106;103m▀[0m[38;2;168;99;94m[48;2;188;105;103m▀[0m[38;2;175;100;97m[48;2;188;106;103m▀[0m[38;2;185;105;102m[48;2;187;105;103m▀[0m[38;2;23;12;12m[48;2;188;105;103m▀[0m[38;2;236;226;113m[48;2;127;72;70m▀[0m[38;2;236;226;113m[48;2;237;226;112m▀[0m[38;2;236;226;113m[48;2;237;226;113m▀[0m[38;2;237;226;113m[48;2;236;226;112m▀[0m[38;2;251;146;189m[48;2;237;226;113m▀[0m[38;2;246;139;182m[48;2;64;61;36m▀[0m[38;2;245;137;180m[48;2;247;139;182m▀[0m[38;2;255;255;227m[48;2;246;139;182m▀[0m[38;2;252;249;219m[48;2;246;139;182m▀[0m[38;2;255;255;239m[48;2;246;139;182m▀[0m[38;2;246;139;182m[48;2;238;226;115m▀[0m[38;2;229;218;109m[48;2;164;153;80m▀[0m[38;2;93;88;45m[48;2;244;234;116m▀[0m[38;2;236;226;112m[48;2;236;226;113m▀[0m[38;2;236;226;113m[48;2;236;226;113m▀[0m[38;2;244;234;116m▄[0m  [38;2;255;255;255m▄[0m[38;2;255;255;255m[48;2;255;255;255m▀[0m[38;2;255;255;255m[48;2;212;209;207m▀[0m [38;2;193;86;129m[48;2;236;226;113m▀[0m[38;2;197;86;130m[48;2;239;228;113m▀[0m[38;2;185;78;121m[48;2;236;226;112m▀[0m[38;2;254;146;189m[48;2;157;54;95m▀[0m[38;2;158;53;94m▄[0m 
   [38;2;57;5;26m▀[0m[38;2;38;25;22m[48;2;248;145;188m▀[0m[38;2;170;98;94m[48;2;155;92;86m▀[0m[38;2;188;105;103m[48;2;176;101;98m▀[0m[38;2;188;105;103m[48;2;188;105;103m▀[0m[38;2;188;105;103m[48;2;188;105;103m▀[0m[38;2;188;105;103m[48;2;188;106;103m▀[0m[38;2;188;105;103m[48;2;188;105;103m▀[0m[38;2;188;105;104m[48;2;188;105;103m▀[0m[38;2;188;106;103m[48;2;188;105;103m▀[0m[38;2;181;101;99m[48;2;188;105;103m▀[0m[38;2;237;226;113m[48;2;187;105;102m▀[0m[38;2;236;226;112m[48;2;237;226;113m▀[0m[38;2;237;226;113m[48;2;236;226;112m▀[0m[38;2;237;226;112m[48;2;236;226;113m▀[0m[38;2;236;226;112m[48;2;236;226;113m▀[0m[38;2;237;226;113m[48;2;237;226;113m▀[0m[38;2;236;226;113m[48;2;228;218;109m▀[0m[38;2;234;223;110m[48;2;174;163;85m▀[0m[38;2;194;183;94m[48;2;155;145;76m▀[0m[38;2;154;144;75m[48;2;86;78;42m▀[0m[38;2;236;226;112m[48;2;237;226;113m▀[0m[38;2;236;226;113m[48;2;236;226;113m▀[0m[38;2;236;226;113m[48;2;237;226;112m▀[0m[38;2;236;226;112m[48;2;237;226;112m▀[0m[38;2;13;11;11m▄[0m[38;2;255;255;255m[48;2;254;254;254m▀[0m[38;2;252;252;251m[48;2;178;173;168m▀[0m[38;2;188;182;178m[48;2;237;226;113m▀[0m[38;2;187;178;89m[48;2;237;226;113m▀[0m[38;2;239;229;114m[48;2;237;227;113m▀[0m[38;2;232;222;110m[48;2;243;235;159m▀[0m[38;2;245;236;144m[48;2;242;235;159m▀[0m[38;2;237;226;112m[48;2;235;225;113m▀[0m[38;2;95;89;46m[48;2;236;226;113m▀[0m[38;2;157;53;95m▀[0m 
     [38;2;248;142;185m[48;2;219;111;154m▀[0m[38;2;155;92;87m[48;2;215;108;151m▀[0m[38;2;164;96;91m[48;2;248;140;183m▀[0m[38;2;178;102;98m[48;2;154;90;86m▀[0m[38;2;188;105;103m[48;2;151;91;85m▀[0m[38;2;198;130;124m[48;2;162;95;90m▀[0m[38;2;198;132;126m[48;2;163;95;90m▀[0m[38;2;190;109;107m[48;2;180;103;99m▀[0m[38;2;188;106;103m[48;2;178;102;99m▀[0m[38;2;188;105;103m[48;2;175;100;96m▀[0m[38;2;188;105;103m[48;2;169;98;94m▀[0m[38;2;166;160;79m[48;2;164;96;91m▀[0m[38;2;234;223;112m[48;2;155;92;87m▀[0m[38;2;229;219;109m[48;2;159;148;77m▀[0m[38;2;200;189;97m[48;2;151;141;75m▀[0m[38;2;157;146;77m[48;2;152;141;75m▀[0m[38;2;154;143;75m[48;2;155;143;77m▀[0m[38;2;151;141;74m[48;2;246;139;182m▀[0m[38;2;246;139;182m[48;2;245;138;181m▀[0m[38;2;247;139;183m[48;2;246;139;182m▀[0m[38;2;91;72;46m[48;2;246;139;182m▀[0m[38;2;237;226;112m[48;2;144;135;67m▀[0m[38;2;235;225;112m[48;2;209;199;100m▀[0m[38;2;208;198;100m[48;2;176;165;87m▀[0m[38;2;179;173;169m[48;2;252;249;221m▀[0m[38;2;178;90;127m[48;2;252;249;221m▀[0m[38;2;221;213;107m[48;2;168;79;113m▀[0m[38;2;236;225;112m[48;2;246;138;182m▀[0m[38;2;237;227;126m[48;2;241;231;115m▀[0m[38;2;154;147;109m[48;2;238;227;118m▀[0m[38;2;243;236;164m[48;2;236;226;114m▀[0m[38;2;238;228;127m[48;2;236;226;112m▀[0m[38;2;234;224;111m[48;2;236;226;113m▀[0m  
     [38;2;205;98;141m▀[0m[38;2;156;65;102m▀[0m  [38;2;242;134;177m[48;2;218;110;153m▀[0m[38;2;245;138;181m[48;2;196;89;132m▀[0m[38;2;251;143;187m▀[0m[38;2;120;28;65m[48;2;219;103;149m▀[0m[38;2;82;25;42m[48;2;216;109;152m▀[0m[38;2;48;28;34m[48;2;193;85;128m▀[0m[38;2;203;109;148m[48;2;163;54;98m▀[0m[38;2;246;139;182m[48;2;152;45;88m▀[0m[38;2;216;108;151m[48;2;152;44;88m▀[0m[38;2;184;78;121m[48;2;154;47;90m▀[0m[38;2;45;21;38m[48;2;163;56;99m▀[0m[38;2;135;47;62m[48;2;198;89;133m▀[0m[38;2;131;43;57m[48;2;130;42;56m▀[0m[38;2;132;43;57m[48;2;128;40;54m▀[0m[38;2;245;137;181m[48;2;129;41;55m▀[0m[38;2;245;138;181m[48;2;187;80;123m▀[0m[38;2;220;113;156m[48;2;188;80;124m▀[0m[38;2;193;86;129m[48;2;188;81;124m▀[0m[38;2;157;146;77m[48;2;151;140;75m▀[0m[38;2;37;35;20m[48;2;233;223;112m▀[0m[38;2;237;226;112m[48;2;236;226;112m▀[0m[38;2;236;226;113m[48;2;236;226;112m▀[0m[38;2;239;229;130m[48;2;242;234;150m▀[0m[38;2;239;230;129m[48;2;243;236;168m▀[0m[38;2;236;226;112m[48;2;240;232;141m▀[0m[38;2;37;34;17m[48;2;236;226;112m▀[0m[38;2;235;224;112m[48;2;182;172;90m▀[0m[38;2;234;223;112m[48;2;155;144;77m▀[0m[38;2;191;180;92m[48;2;122;112;61m▀[0m  
         [38;2;135;52;86m▀[0m   [38;2;217;110;153m▀[0m[38;2;163;57;99m▀[0m[38;2;152;45;88m▀[0m[38;2;111;23;37m[48;2;110;22;36m▀[0m[38;2;111;23;37m[48;2;150;41;85m▀[0m[38;2;111;23;37m[48;2;159;50;94m▀[0m[38;2;156;63;103m[48;2;127;39;53m▀[0m[38;2;190;83;126m[48;2;174;70;114m▀[0m[38;2;187;80;123m[48;2;185;78;121m▀[0m[38;2;128;40;54m[48;2;185;77;120m▀[0m[38;2;127;39;53m[48;2;126;38;52m▀[0m[38;2;134;47;72m[48;2;128;38;63m▀[0m[38;2;188;81;124m[48;2;171;63;106m▀[0m[38;2;185;78;121m[48;2;175;68;111m▀[0m[38;2;148;137;73m[48;2;236;226;113m▀[0m[38;2;236;226;113m[48;2;236;226;113m▀[0m[38;2;236;226;113m[48;2;236;226;112m▀[0m[38;2;237;226;113m[48;2;236;226;113m▀[0m[38;2;239;230;134m[48;2;237;226;113m▀[0m[38;2;241;234;154m[48;2;237;226;112m▀[0m[38;2;239;229;133m[48;2;236;226;113m▀[0m[38;2;236;226;112m[48;2;236;226;112m▀[0m[38;2;236;225;113m[48;2;236;226;113m▀[0m[38;2;140;129;69m▀[0m[38;2;168;156;82m▀[0m  
                  [38;2;89;22;49m▀[0m[38;2;158;52;95m▀[0m[38;2;159;52;95m▀[0m[38;2;158;51;94m▀[0m[38;2;114;25;40m[48;2;157;50;93m▀[0m[38;2;113;25;39m[48;2;159;52;95m▀[0m[38;2;157;50;93m[48;2;161;53;97m▀[0m[38;2;181;73;117m[48;2;164;57;100m▀[0m[38;2;223;116;159m[48;2;175;67;110m▀[0m[38;2;248;142;185m[48;2;200;92;136m▀[0m[38;2;232;218;110m[48;2;224;116;160m▀[0m[38;2;236;226;113m[48;2;243;135;179m▀[0m[38;2;236;226;112m[48;2;244;137;180m▀[0m[38;2;237;226;113m[48;2;176;102;130m▀[0m[38;2;237;226;113m[48;2;238;227;112m▀[0m[38;2;236;226;113m[48;2;218;207;104m▀[0m[38;2;236;226;112m[48;2;175;164;85m▀[0m[38;2;198;187;95m[48;2;43;40;22m▀[0m    
                       [38;2;159;52;95m▀[0m[38;2;158;51;94m▀[0m[38;2;158;51;94m[48;2;63;8;30m▀[0m[38;2;160;52;95m[48;2;158;51;94m▀[0m[38;2;165;57;101m[48;2;157;50;93m▀[0m[38;2;171;64;107m[48;2;158;51;94m▀[0m[38;2;171;63;106m[48;2;159;52;95m▀[0m[38;2;178;70;113m[48;2;159;52;95m▀[0m[38;2;184;77;120m[48;2;159;52;95m▀[0m[38;2;176;68;111m[48;2;97;17;48m▀[0m[38;2;176;69;112m▀[0m[38;2;143;52;88m▀[0m     
                                        
                                        
                                        
