                                        
                                        
                                        
                                        
                  [38;2;234;137;163m▄[0m                     
               [38;2;189;70;110m▄[0m[38;2;224;74;122m▄[0m[38;2;226;88;130m[48;2;224;71;121m▀[0m[38;2;228;97;136m[48;2;210;73;119m▀[0m[38;2;82;74;126m▄[0m[38;2;254;180;201m▄[0m[38;2;20;31;50m▄[0m[38;2;224;67;118m[48;2;23;27;46m▀[0m[38;2;226;84;128m[48;2;225;69;120m▀[0m[38;2;201;106;136m[48;2;41;23;27m▀[0m               
      [38;2;124;121;113m▄[0m     [38;2;230;112;144m▄[0m[38;2;26;12;21m▄[0m[38;2;26;33;56m[48;2;79;71;122m▀[0m[38;2;56;28;53m[48;2;85;75;125m▀[0m[38;2;30;26;43m[48;2;81;73;126m▀[0m[38;2;107;93;139m[48;2;33;34;45m▀[0m[38;2;101;88;136m[48;2;65;63;89m▀[0m[38;2;224;73;121m[48;2;47;42;60m▀[0m[38;2;55;18;28m[48;2;79;71;123m▀[0m[38;2;15;16;20m[48;2;80;72;123m▀[0m[38;2;59;63;92m[48;2;54;59;86m▀[0m[38;2;55;65;94m[48;2;43;44;66m▀[0m[38;2;67;26;39m[48;2;59;61;87m▀[0m[38;2;239;73;126m[48;2;47;50;72m▀[0m[38;2;170;63;103m[48;2;82;71;130m▀[0m[38;2;234;70;123m[48;2;236;76;130m▀[0m            
   [38;2;248;244;230m▄[0m[38;2;248;245;231m[48;2;248;244;230m▀[0m[38;2;248;245;231m[48;2;247;243;227m▀[0m[38;2;248;245;231m[48;2;152;148;138m▀[0m[38;2;246;243;227m▀[0m[38;2;244;238;217m[48;2;174;152;137m▀[0m[38;2;189;170;153m▄[0m[38;2;206;69;115m▄[0m[38;2;149;49;86m[48;2;84;24;40m▀[0m[38;2;224;69;120m[48;2;172;149;134m▀[0m[38;2;220;207;186m[48;2;245;240;220m▀[0m[38;2;248;244;226m[48;2;245;242;224m▀[0m[38;2;22;20;31m[48;2;245;242;224m▀[0m[38;2;96;84;133m[48;2;245;242;224m▀[0m[38;2;100;87;135m[48;2;79;71;122m▀[0m[38;2;87;75;124m[48;2;85;74;125m▀[0m[38;2;24;24;35m[48;2;79;71;122m▀[0m[38;2;87;76;128m[48;2;80;72;123m▀[0m[38;2;80;71;122m[48;2;49;44;74m▀[0m[38;2;80;71;124m[48;2;80;72;123m▀[0m[38;2;38;41;58m[48;2;83;74;125m▀[0m[38;2;60;61;93m[48;2;70;66;107m▀[0m[38;2;54;58;85m[48;2;84;74;125m▀[0m[38;2;55;60;87m[48;2;42;44;50m▀[0m[38;2;55;59;86m[48;2;53;58;84m▀[0m[38;2;82;74;123m▄[0m[38;2;180;63;109m▄[0m          
  [38;2;244;239;217m[48;2;215;209;188m▀[0m[38;2;244;238;217m[48;2;244;238;217m▀[0m[38;2;244;238;217m[48;2;255;255;249m▀[0m[38;2;87;78;136m▄[0m[38;2;57;62;90m▄[0m[38;2;53;20;27m▄[0m[38;2;28;30;42m[48;2;125;45;60m▀[0m[38;2;174;152;137m[48;2;175;154;139m▀[0m[38;2;19;24;38m[48;2;32;29;47m▀[0m[38;2;216;63;109m[48;2;46;41;69m▀[0m[38;2;175;153;138m[48;2;174;152;137m▀[0m[38;2;91;77;67m[48;2;63;63;91m▀[0m[38;2;246;241;222m[48;2;63;66;94m▀[0m[38;2;245;242;225m[48;2;244;238;216m▀[0m[38;2;245;241;224m[48;2;245;242;224m▀[0m[38;2;246;242;225m[48;2;246;242;224m▀[0m[38;2;82;73;125m[48;2;245;241;224m▀[0m[38;2;80;71;123m[48;2;55;59;86m▀[0m[38;2;36;38;54m[48;2;55;59;86m▀[0m[38;2;80;72;123m[48;2;58;60;87m▀[0m[38;2;91;80;130m[48;2;61;62;90m▀[0m[38;2;102;89;136m[48;2;68;60;86m▀[0m[38;2;119;105;150m[48;2;119;105;150m▀[0m[38;2;124;109;154m[48;2;122;108;151m▀[0m[38;2;189;208;229m[48;2;120;105;150m▀[0m[38;2;59;54;94m[48;2;123;109;152m▀[0m[38;2;40;42;62m[48;2;119;105;150m▀[0m[38;2;59;61;89m[48;2;123;109;152m▀[0m[38;2;106;36;61m▄[0m         
 [38;2;72;68;62m[48;2;135;131;123m▀[0m[38;2;244;239;217m[48;2;238;238;217m▀[0m[38;2;244;238;217m[48;2;243;238;216m▀[0m[38;2;13;10;9m▄[0m   [38;2;40;20;25m[48;2;210;66;114m▀[0m[38;2;83;75;129m[48;2;150;42;72m▀[0m[38;2;19;34;57m[48;2;30;31;45m▀[0m[38;2;85;76;126m[48;2;117;103;156m▀[0m[38;2;174;153;138m[48;2;122;106;164m▀[0m[38;2;84;74;124m[48;2;61;61;88m▀[0m[38;2;55;59;86m[48;2;58;59;87m▀[0m[38;2;53;55;79m[48;2;64;63;89m▀[0m[38;2;244;238;217m[48;2;63;68;99m▀[0m[38;2;245;241;224m[48;2;245;239;218m▀[0m[38;2;245;241;223m[48;2;245;240;219m▀[0m[38;2;244;240;219m[48;2;244;239;218m▀[0m[38;2;173;193;214m[48;2;18;17;14m▀[0m[38;2;173;192;213m[48;2;174;193;213m▀[0m[38;2;173;192;213m[48;2;172;191;212m▀[0m[38;2;173;192;213m[48;2;174;193;213m▀[0m[38;2;196;218;242m[48;2;175;193;214m▀[0m[38;2;37;39;45m[48;2;174;193;213m▀[0m[38;2;56;56;84m[48;2;190;52;70m▀[0m[38;2;64;62;98m[48;2;172;192;213m▀[0m[38;2;106;93;142m[48;2;172;191;212m▀[0m[38;2;123;109;153m[48;2;157;175;191m▀[0m[38;2;119;105;150m[48;2;57;61;89m▀[0m[38;2;139;42;70m[48;2;79;71;122m▀[0m[38;2;9;7;13m▄[0m       
  [38;2;246;242;221m[48;2;242;236;215m▀[0m[38;2;174;152;137m[48;2;174;152;137m▀[0m[38;2;171;148;134m[48;2;173;151;136m▀[0m   [38;2;92;31;52m[48;2;81;72;126m▀[0m[38;2;246;78;134m[48;2;81;73;123m▀[0m[38;2;100;87;135m[48;2;99;86;138m▀[0m[38;2;196;58;97m[48;2;191;58;91m▀[0m[38;2;115;101;145m[48;2;58;60;87m▀[0m[38;2;64;66;95m[48;2;57;60;87m▀[0m[38;2;59;61;88m[48;2;61;61;88m▀[0m[38;2;64;62;89m[48;2;62;68;73m▀[0m[38;2;223;216;115m[48;2;173;192;213m▀[0m[38;2;221;210;190m[48;2;175;193;214m▀[0m[38;2;245;240;219m[48;2;203;187;169m▀[0m[38;2;169;164;143m[48;2;244;239;218m▀[0m[38;2;244;238;217m[48;2;244;238;217m▀[0m[38;2;173;192;213m[48;2;142;129;113m▀[0m[38;2;174;193;213m[48;2;182;199;217m▀[0m[38;2;173;192;212m[48;2;172;191;212m▀[0m[38;2;172;191;212m[48;2;107;112;125m▀[0m[38;2;191;29;55m[48;2;172;29;56m▀[0m[38;2;72;4;6m[48;2;174;193;213m▀[0m[38;2;184;205;228m[48;2;194;36;64m▀[0m[38;2;172;191;212m[48;2;172;191;212m▀[0m[38;2;115;128;139m[48;2;115;128;140m▀[0m[38;2;52;59;84m[48;2;85;101;110m▀[0m[38;2;62;60;95m[48;2;97;114;124m▀[0m[38;2;29;30;53m[48;2;77;69;118m▀[0m[38;2;79;71;123m▄[0m[38;2;165;58;100m[48;2;79;71;123m▀[0m[38;2;27;23;38m▄[0m[38;2;162;50;85m[48;2;86;77;133m▀[0m[38;2;81;73;127m▄[0m  
  [38;2;216;205;185m▀[0m[38;2;174;152;137m[48;2;174;152;137m▀[0m[38;2;173;151;136m[48;2;173;151;136m▀[0m[38;2;162;140;122m[48;2;166;144;128m▀[0m[38;2;193;174;156m[48;2;159;137;119m▀[0m[38;2;239;233;212m[48;2;159;138;120m▀[0m[38;2;81;72;124m[48;2;81;72;123m▀[0m[38;2;81;72;123m[48;2;81;72;123m▀[0m[38;2;82;73;124m[48;2;82;73;124m▀[0m[38;2;85;75;127m[48;2;121;105;158m▀[0m[38;2;56;60;88m[48;2;64;63;89m▀[0m[38;2;54;59;86m[48;2;61;61;93m▀[0m[38;2;65;63;97m[48;2;108;120;131m▀[0m[38;2;138;152;167m[48;2;189;209;231m▀[0m[38;2;175;194;214m[48;2;172;191;212m▀[0m[38;2;186;202;220m[48;2;74;77;82m▀[0m[38;2;180;160;144m[48;2;93;104;114m▀[0m[38;2;153;137;120m[48;2;175;154;138m▀[0m[38;2;165;143;127m[48;2;165;143;127m▀[0m[38;2;177;156;140m[48;2;176;155;139m▀[0m[38;2;193;207;223m[48;2;112;122;134m▀[0m[38;2;172;191;212m[48;2;174;193;214m▀[0m[38;2;175;194;214m[48;2;176;194;214m▀[0m[38;2;176;194;214m[48;2;174;193;213m▀[0m[38;2;174;193;213m[48;2;176;194;214m▀[0m[38;2;174;193;213m[48;2;163;178;196m▀[0m[38;2;150;165;182m[48;2;117;129;141m▀[0m[38;2;115;128;140m[48;2;115;128;140m▀[0m[38;2;90;107;116m[48;2;129;143;157m▀[0m[38;2;52;58;63m[48;2;35;37;40m▀[0m[38;2;114;127;139m[48;2;146;162;178m▀[0m[38;2;93;104;113m▀[0m[38;2;115;128;140m▀[0m[38;2;128;143;157m▀[0m  [38;2;26;27;39m▀[0m 
    [38;2;184;165;151m▀[0m[38;2;175;153;138m▀[0m[38;2;162;141;123m[48;2;207;195;180m▀[0m[38;2;84;76;125m[48;2;83;75;129m▀[0m[38;2;223;65;117m[48;2;229;76;124m▀[0m[38;2;84;74;125m[48;2;83;74;125m▀[0m[38;2;86;76;126m[48;2;84;74;125m▀[0m[38;2;61;53;77m[48;2;65;67;98m▀[0m[38;2;55;59;86m[48;2;62;62;88m▀[0m[38;2;62;62;95m[48;2;69;70;107m▀[0m[38;2;115;128;141m[48;2;112;125;137m▀[0m[38;2;123;134;146m[48;2;54;58;62m▀[0m[38;2;174;193;213m[48;2;121;132;143m▀[0m[38;2;174;193;213m[48;2;136;150;164m▀[0m[38;2;174;193;214m[48;2;117;129;140m▀[0m[38;2;175;153;138m[48;2;175;153;138m▀[0m[38;2;167;146;129m[48;2;172;150;134m▀[0m[38;2;176;155;139m[48;2;177;156;141m▀[0m[38;2;175;153;139m[48;2;175;153;139m▀[0m[38;2;176;194;214m[48;2;176;194;214m▀[0m[38;2;174;193;214m[48;2;176;194;214m▀[0m[38;2;176;194;214m[48;2;142;157;174m▀[0m[38;2;124;136;148m[48;2;88;103;111m▀[0m[38;2;115;127;139m[48;2;117;129;140m▀[0m[38;2;119;131;142m[48;2;229;73;124m▀[0m[38;2;116;129;141m[48;2;63;50;59m▀[0m[38;2;115;128;140m[48;2;192;56;96m▀[0m[38;2;125;139;152m[48;2;226;70;121m▀[0m        
       [38;2;0;0;0m▀[0m[38;2;82;76;130m[48;2;57;60;87m▀[0m[38;2;80;71;123m[48;2;56;60;87m▀[0m[38;2;90;78;127m[48;2;57;60;87m▀[0m[38;2;60;58;81m[48;2;55;54;75m▀[0m[38;2;62;65;95m[48;2;57;60;87m▀[0m[38;2;54;56;83m[48;2;64;63;89m▀[0m[38;2;113;127;139m[48;2;165;57;100m▀[0m[38;2;175;58;104m[48;2;165;58;100m▀[0m[38;2;61;65;70m[48;2;169;59;102m▀[0m[38;2;110;38;64m▄[0m[38;2;100;26;51m[48;2;242;228;208m▀[0m[38;2;185;165;151m[48;2;136;49;83m▀[0m[38;2;178;157;142m[48;2;187;168;154m▀[0m[38;2;177;156;141m[48;2;188;169;155m▀[0m[38;2;178;156;142m[48;2;191;173;160m▀[0m[38;2;178;197;218m[48;2;232;119;152m▀[0m[38;2;175;193;214m[48;2;228;98;135m▀[0m[38;2;153;57;95m[48;2;134;44;72m▀[0m[38;2;110;40;62m[48;2;168;64;104m▀[0m[38;2;225;77;123m[48;2;167;63;103m▀[0m[38;2;225;77;123m[48;2;166;62;102m▀[0m[38;2;224;74;122m[48;2;178;65;109m▀[0m[38;2;224;69;119m[48;2;166;59;101m▀[0m[38;2;183;57;98m▀[0m        
        [38;2;1;1;1m▀[0m[38;2;62;64;93m[48;2;56;59;87m▀[0m[38;2;56;59;87m[48;2;58;61;89m▀[0m[38;2;57;60;87m[48;2;57;60;87m▀[0m[38;2;59;61;88m[48;2;57;60;87m▀[0m[38;2;57;60;87m[48;2;25;26;37m▀[0m[38;2;166;60;101m[48;2;56;60;87m▀[0m[38;2;163;58;99m[48;2;40;36;59m▀[0m[38;2;9;8;9m▀[0m  [38;2;167;63;103m[48;2;248;244;222m▀[0m[38;2;193;72;118m[48;2;200;179;161m▀[0m[38;2;34;19;22m[48;2;198;176;157m▀[0m[38;2;223;70;119m[48;2;225;74;122m▀[0m[38;2;224;75;122m[48;2;41;27;28m▀[0m[38;2;223;75;122m[48;2;140;124;110m▀[0m[38;2;150;50;82m▀[0m[38;2;13;11;11m▀[0m[38;2;193;175;158m▀[0m[38;2;174;150;132m▀[0m[38;2;176;155;139m▀[0m          
          [38;2;57;61;90m▀[0m[38;2;53;59;86m▀[0m[38;2;55;59;86m▀[0m[38;2;56;61;89m▀[0m[38;2;65;62;95m▀[0m     [38;2;219;216;201m▀[0m                   
                                        
                                        
                                        
                                        
