                                        
                [38;2;22;17;14m▄[0m[38;2;19;16;13m[48;2;191;176;115m▀[0m[38;2;239;224;146m▀[0m                     
               [38;2;175;144;79m▄[0m[38;2;244;218;126m[48;2;239;207;100m▀[0m[38;2;245;223;145m[48;2;243;220;134m▀[0m                      
              [38;2;69;56;31m[48;2;174;143;78m▀[0m[38;2;243;214;107m[48;2;238;206;100m▀[0m[38;2;238;207;100m[48;2;238;206;101m▀[0m[38;2;239;208;104m[48;2;239;200;93m▀[0m[38;2;6;4;0m▄[0m                     
             [38;2;32;24;5m[48;2;195;142;31m▀[0m[38;2;106;80;43m[48;2;187;151;61m▀[0m[38;2;238;205;101m[48;2;245;193;81m▀[0m[38;2;239;201;95m[48;2;249;196;82m▀[0m[38;2;239;109;53m[48;2;250;108;59m▀[0m[38;2;243;192;78m[48;2;241;188;75m▀[0m                     
            [38;2;4;2;0m▄[0m[38;2;207;153;40m[48;2;206;153;40m▀[0m[38;2;252;197;85m[48;2;251;198;85m▀[0m[38;2;251;198;84m[48;2;252;198;85m▀[0m[38;2;250;197;84m[48;2;251;198;85m▀[0m[38;2;248;107;58m[48;2;251;198;85m▀[0m[38;2;243;190;76m[48;2;250;197;84m▀[0m[38;2;244;191;78m▄[0m                    
            [38;2;238;190;84m[48;2;223;168;51m▀[0m[38;2;186;95;17m[48;2;115;29;4m▀[0m[38;2;252;199;85m[48;2;252;199;86m▀[0m[38;2;251;198;85m[48;2;254;202;88m▀[0m[38;2;249;107;58m[48;2;249;107;58m▀[0m[38;2;252;199;86m[48;2;251;198;85m▀[0m[38;2;251;198;85m[48;2;251;197;84m▀[0m[38;2;251;198;85m[48;2;251;198;85m▀[0m[38;2;252;199;86m▄[0m       [38;2;61;55;36m[48;2;23;19;15m▀[0m           
            [38;2;210;156;43m[48;2;212;159;46m▀[0m[38;2;49;16;0m[48;2;100;74;19m▀[0m[38;2;253;200;87m[48;2;254;201;88m▀[0m[38;2;254;201;87m[48;2;253;200;87m▀[0m[38;2;248;107;58m[48;2;239;174;72m▀[0m[38;2;253;200;87m[48;2;253;200;87m▀[0m[38;2;252;199;85m[48;2;251;108;61m▀[0m[38;2;252;198;85m[48;2;253;200;87m▀[0m[38;2;251;198;85m[48;2;253;200;87m▀[0m[38;2;108;81;21m[48;2;252;199;86m▀[0m  [38;2;252;200;90m▄[0m[38;2;251;198;85m▄[0m[38;2;158;134;69m[48;2;248;190;82m▀[0m[38;2;239;208;104m[48;2;239;199;95m▀[0m            
            [38;2;200;147;34m[48;2;130;84;23m▀[0m[38;2;248;251;254m[48;2;248;251;254m▀[0m[38;2;254;201;88m[48;2;133;123;100m▀[0m[38;2;253;200;87m[48;2;254;201;87m▀[0m[38;2;253;200;87m[48;2;153;120;50m▀[0m[38;2;254;201;88m[48;2;254;215;105m▀[0m[38;2;248;107;58m[48;2;236;123;56m▀[0m[38;2;253;200;87m[48;2;253;200;87m▀[0m[38;2;253;200;87m[48;2;253;200;87m▀[0m[38;2;254;201;87m[48;2;252;108;61m▀[0m[38;2;58;42;12m[48;2;253;198;83m▀[0m[38;2;254;201;87m[48;2;253;200;87m▀[0m[38;2;254;201;87m[48;2;254;201;87m▀[0m[38;2;254;201;87m[48;2;254;201;87m▀[0m[38;2;251;198;85m[48;2;253;200;87m▀[0m[38;2;74;50;1m▀[0m            
           [38;2;148;144;145m▄[0m[38;2;62;40;4m[48;2;50;26;0m▀[0m[38;2;248;251;254m[48;2;248;251;254m▀[0m[38;2;248;251;254m[48;2;248;252;254m▀[0m[38;2;254;201;88m[48;2;231;196;98m▀[0m[38;2;248;251;254m[48;2;248;251;254m▀[0m[38;2;115;83;29m[48;2;102;84;52m▀[0m[38;2;253;200;87m[48;2;253;254;255m▀[0m[38;2;253;254;255m[48;2;247;251;254m▀[0m[38;2;251;198;82m[48;2;212;159;46m▀[0m[38;2;254;201;87m[48;2;223;169;56m▀[0m[38;2;254;201;88m[48;2;245;191;78m▀[0m[38;2;255;202;89m[48;2;231;166;65m▀[0m[38;2;243;127;64m[48;2;254;200;87m▀[0m[38;2;253;200;87m[48;2;254;201;88m▀[0m[38;2;254;201;88m[48;2;254;201;87m▀[0m             
           [38;2;72;52;7m▄[0m[38;2;248;251;255m[48;2;182;177;178m▀[0m[38;2;248;251;254m[48;2;248;251;254m▀[0m[38;2;248;251;254m[48;2;248;251;254m▀[0m[38;2;192;193;193m[48;2;197;200;201m▀[0m[38;2;248;251;254m[48;2;255;208;110m▀[0m[38;2;74;55;32m[48;2;210;208;211m▀[0m[38;2;248;251;254m[48;2;218;217;219m▀[0m[38;2;246;249;253m[48;2;232;231;235m▀[0m[38;2;247;249;253m[48;2;251;252;252m▀[0m[38;2;212;159;47m[48;2;246;249;252m▀[0m[38;2;217;161;42m[48;2;184;184;179m▀[0m[38;2;212;158;45m[48;2;187;132;24m▀[0m[38;2;243;190;77m[48;2;232;178;65m▀[0m[38;2;254;201;87m[48;2;181;141;51m▀[0m[38;2;254;201;87m[48;2;36;26;4m▀[0m    [38;2;7;5;5m▄[0m[38;2;168;156;102m▄[0m       
           [38;2;254;204;95m[48;2;249;196;82m▀[0m [38;2;186;181;182m[48;2;49;48;47m▀[0m[38;2;224;222;214m[48;2;152;113;27m▀[0m[38;2;255;212;117m[48;2;255;211;116m▀[0m[38;2;198;194;195m[48;2;241;242;246m▀[0m[38;2;186;181;182m[48;2;216;218;219m▀[0m[38;2;185;180;181m[48;2;207;206;207m▀[0m[38;2;183;178;179m[48;2;187;184;185m▀[0m[38;2;185;180;181m[48;2;184;180;181m▀[0m[38;2;200;196;197m[48;2;184;179;180m▀[0m[38;2;191;137;24m[48;2;109;79;21m▀[0m[38;2;211;157;43m[48;2;212;159;46m▀[0m[38;2;218;165;52m[48;2;213;159;46m▀[0m[38;2;251;198;84m[48;2;233;180;67m▀[0m[38;2;250;197;83m[48;2;253;200;86m▀[0m[38;2;250;197;84m[48;2;250;197;84m▀[0m[38;2;246;192;84m[48;2;250;195;83m▀[0m[38;2;227;203;117m[48;2;243;196;90m▀[0m[38;2;239;208;103m[48;2;239;207;104m▀[0m[38;2;242;217;130m[48;2;232;206;111m▀[0m        
        [38;2;210;157;44m▄[0m[38;2;176;130;33m▄[0m[38;2;207;155;43m[48;2;212;159;46m▀[0m[38;2;212;159;47m[48;2;117;79;16m▀[0m[38;2;182;178;179m[48;2;183;179;180m▀[0m[38;2;79;67;41m[48;2;248;203;90m▀[0m[38;2;255;211;116m[48;2;255;204;94m▀[0m[38;2;254;201;87m[48;2;255;202;88m▀[0m[38;2;247;251;254m[48;2;254;201;87m▀[0m[38;2;146;117;53m[48;2;209;180;99m▀[0m[38;2;250;253;254m[48;2;248;251;254m▀[0m[38;2;248;251;254m[48;2;248;251;254m▀[0m[38;2;248;251;254m[48;2;248;251;254m▀[0m[38;2;93;91;91m[48;2;248;251;254m▀[0m[38;2;185;179;181m[48;2;187;183;184m▀[0m[38;2;210;157;45m[48;2;213;160;46m▀[0m[38;2;212;159;46m[48;2;212;159;45m▀[0m[38;2;205;101;28m[48;2;213;160;46m▀[0m[38;2;246;106;56m[48;2;239;186;72m▀[0m[38;2;249;196;83m[48;2;251;198;84m▀[0m[38;2;250;196;84m[48;2;250;196;84m▀[0m[38;2;242;192;87m[48;2;242;192;86m▀[0m[38;2;239;205;100m▀[0m         
        [38;2;169;126;33m[48;2;106;99;135m▀[0m[38;2;115;107;144m[48;2;70;69;108m▀[0m[38;2;65;66;106m[48;2;65;66;106m▀[0m[38;2;68;69;108m[48;2;70;70;109m▀[0m[38;2;72;70;109m[48;2;143;65;73m▀[0m[38;2;254;204;96m[48;2;245;202;97m▀[0m[38;2;254;201;88m[48;2;255;202;89m▀[0m[38;2;254;201;88m[48;2;250;201;91m▀[0m[38;2;254;201;87m[48;2;173;125;28m▀[0m[38;2;248;251;254m[48;2;248;251;254m▀[0m[38;2;248;251;254m[48;2;248;251;254m▀[0m[38;2;248;251;254m[48;2;248;251;254m▀[0m[38;2;248;252;254m[48;2;250;254;255m▀[0m[38;2;248;251;254m[48;2;248;251;254m▀[0m[38;2;248;251;254m[48;2;248;251;254m▀[0m[38;2;180;176;178m[48;2;247;250;253m▀[0m[38;2;212;158;45m[48;2;59;52;46m▀[0m[38;2;214;72;23m[48;2;194;189;190m▀[0m[38;2;235;182;68m[48;2;183;179;180m▀[0m[38;2;78;52;23m[48;2;169;128;44m▀[0m[38;2;252;198;85m[48;2;55;14;0m▀[0m           
      [38;2;132;95;14m▄[0m[38;2;88;63;10m[48;2;222;87;42m▀[0m[38;2;68;68;107m[48;2;70;70;108m▀[0m[38;2;65;67;107m[48;2;73;71;110m▀[0m[38;2;84;82;121m[48;2;229;76;35m▀[0m[38;2;232;96;47m[48;2;250;233;173m▀[0m[38;2;67;68;108m[48;2;67;67;106m▀[0m[38;2;93;63;10m[48;2;254;201;88m▀[0m[38;2;255;207;104m[48;2;255;201;88m▀[0m[38;2;254;201;88m[48;2;253;202;91m▀[0m[38;2;93;83;61m[48;2;255;205;96m▀[0m[38;2;248;251;254m[48;2;255;227;145m▀[0m[38;2;248;251;254m[48;2;148;148;148m▀[0m[38;2;248;251;254m[48;2;251;253;255m▀[0m[38;2;248;251;254m[48;2;247;251;254m▀[0m[38;2;248;251;254m[48;2;248;251;254m▀[0m[38;2;248;251;254m[48;2;248;251;254m▀[0m[38;2;248;251;254m[48;2;248;251;254m▀[0m[38;2;181;177;178m[48;2;248;251;254m▀[0m[38;2;181;177;178m[48;2;248;251;254m▀[0m[38;2;195;189;190m[48;2;192;188;189m▀[0m[38;2;203;200;202m[48;2;190;186;187m▀[0m[38;2;243;247;250m[48;2;28;5;0m▀[0m[38;2;241;93;40m▄[0m          
      [38;2;214;161;47m▀[0m[38;2;139;56;26m[48;2;57;38;4m▀[0m[38;2;68;68;108m[48;2;65;66;106m▀[0m[38;2;70;71;110m[48;2;69;69;108m▀[0m[38;2;252;236;154m[48;2;213;190;94m▀[0m[38;2;134;117;59m[48;2;66;67;108m▀[0m[38;2;180;142;59m[48;2;253;202;91m▀[0m[38;2;254;201;88m[48;2;253;208;94m▀[0m[38;2;254;207;100m[48;2;69;60;44m▀[0m[38;2;254;201;86m[48;2;248;251;254m▀[0m[38;2;249;252;254m[48;2;248;251;254m▀[0m[38;2;248;251;254m[48;2;248;251;254m▀[0m[38;2;248;251;254m[48;2;248;251;254m▀[0m[38;2;249;252;255m[48;2;250;253;255m▀[0m[38;2;248;252;254m[48;2;250;253;255m▀[0m[38;2;248;250;250m[48;2;248;251;254m▀[0m[38;2;248;251;253m[48;2;190;190;191m▀[0m[38;2;248;251;254m[48;2;248;251;254m▀[0m[38;2;249;252;254m[48;2;249;252;254m▀[0m[38;2;250;253;255m[48;2;250;253;255m▀[0m[38;2;250;252;255m[48;2;248;251;254m▀[0m[38;2;181;177;178m[48;2;195;191;192m▀[0m[38;2;92;89;101m[48;2;108;94;149m▀[0m[38;2;44;11;1m[48;2;116;102;158m▀[0m[38;2;90;73;115m▄[0m         
      [38;2;13;11;11m[48;2;46;54;71m▀[0m[38;2;226;173;60m[48;2;254;203;93m▀[0m[38;2;65;66;106m[48;2;106;100;137m▀[0m[38;2;66;67;107m[48;2;46;44;62m▀[0m[38;2;69;68;107m[48;2;84;61;23m▀[0m[38;2;254;201;87m[48;2;255;210;111m▀[0m[38;2;254;201;87m[48;2;164;157;165m▀[0m[38;2;150;144;151m[48;2;35;32;34m▀[0m[38;2;178;172;174m[48;2;178;173;175m▀[0m[38;2;182;177;178m[48;2;182;177;178m▀[0m[38;2;247;251;254m[48;2;182;178;179m▀[0m[38;2;248;251;254m[48;2;212;210;212m▀[0m[38;2;248;251;254m[48;2;248;252;255m▀[0m[38;2;250;253;255m[48;2;247;251;254m▀[0m[38;2;250;253;255m[48;2;224;225;224m▀[0m[38;2;247;251;254m[48;2;248;251;254m▀[0m[38;2;246;250;253m[48;2;181;179;181m▀[0m[38;2;182;178;179m[48;2;184;179;180m▀[0m[38;2;222;221;224m[48;2;184;179;180m▀[0m[38;2;248;253;255m[48;2;182;177;178m▀[0m[38;2;249;252;255m[48;2;188;183;183m▀[0m[38;2;180;176;177m[48;2;71;68;72m▀[0m[38;2;112;98;153m[48;2;67;53;107m▀[0m[38;2;129;115;170m[48;2;41;34;73m▀[0m[38;2;136;122;177m[48;2;137;123;178m▀[0m[38;2;147;133;188m[48;2;56;49;88m▀[0m[38;2;154;140;196m▀[0m[38;2;173;158;214m▀[0m      
      [38;2;45;54;71m[48;2;77;75;100m▀[0m[38;2;253;200;87m▀[0m [38;2;141;134;143m▀[0m[38;2;255;211;117m▀[0m [38;2;45;54;70m▀[0m[38;2;154;148;155m▀[0m[38;2;176;171;173m▀[0m[38;2;181;177;178m[48;2;196;192;193m▀[0m[38;2;180;176;177m[48;2;79;76;76m▀[0m[38;2;181;176;178m[48;2;185;181;182m▀[0m[38;2;248;251;254m[48;2;15;15;15m▀[0m[38;2;248;251;254m[48;2;10;13;21m▀[0m[38;2;248;251;254m[48;2;245;248;250m▀[0m[38;2;248;251;255m[48;2;70;69;108m▀[0m[38;2;45;52;70m[48;2;68;67;107m▀[0m[38;2;181;177;178m[48;2;188;184;185m▀[0m[38;2;182;178;179m[48;2;197;193;194m▀[0m[38;2;193;190;192m[48;2;13;14;19m▀[0m[38;2;30;31;42m[48;2;59;63;97m▀[0m[38;2;207;204;206m[48;2;62;63;97m▀[0m            
                    [38;2;67;68;107m▀[0m[38;2;108;101;138m[48;2;102;97;135m▀[0m[38;2;69;69;108m▀[0m  [38;2;28;27;43m▀[0m[38;2;103;96;134m▀[0m[38;2;106;100;137m▀[0m            
                     [38;2;80;76;105m▀[0m                  
