                                        
                                        
                                        
                                        
                [38;2;162;161;160m▄[0m [38;2;124;124;123m▄[0m          [38;2;249;248;248m▄[0m          
                [38;2;255;255;255m[48;2;28;24;24m▀[0m[38;2;155;154;154m[48;2;254;254;254m▀[0m[38;2;253;253;253m[48;2;253;253;253m▀[0m     [38;2;83;82;82m[48;2;255;255;255m▀[0m[38;2;224;223;223m▄[0m[38;2;255;255;254m▄[0m[38;2;255;255;255m[48;2;252;253;252m▀[0m[38;2;255;255;255m[48;2;251;252;251m▀[0m           
               [38;2;243;243;243m▀[0m[38;2;40;37;37m[48;2;251;251;251m▀[0m[38;2;254;254;254m[48;2;239;239;237m▀[0m[38;2;243;243;242m[48;2;241;241;239m▀[0m[38;2;238;238;236m▄[0m[38;2;209;70;56m▄[0m[38;2;203;68;54m▄[0m[38;2;179;183;183m▄[0m[38;2;240;241;239m▄[0m[38;2;247;247;247m[48;2;240;240;238m▀[0m[38;2;239;239;237m[48;2;239;240;238m▀[0m[38;2;239;239;237m[48;2;242;242;241m▀[0m[38;2;240;240;238m[48;2;242;242;240m▀[0m[38;2;240;240;238m▄[0m[38;2;238;239;237m▄[0m[38;2;211;212;215m▄[0m         
                 [38;2;240;240;239m[48;2;44;43;43m▀[0m[38;2;240;240;239m[48;2;54;53;51m▀[0m[38;2;240;240;238m[48;2;249;250;249m▀[0m[38;2;83;20;15m[48;2;241;242;240m▀[0m[38;2;241;241;239m[48;2;240;240;239m▀[0m[38;2;240;240;238m[48;2;54;53;50m▀[0m[38;2;240;241;239m[48;2;42;40;39m▀[0m[38;2;240;240;238m[48;2;239;239;237m▀[0m[38;2;241;242;240m[48;2;240;241;239m▀[0m[38;2;241;241;239m[48;2;234;233;232m▀[0m[38;2;240;240;238m▀[0m[38;2;217;218;220m▀[0m           
                 [38;2;103;102;101m[48;2;50;49;46m▀[0m[38;2;90;165;207m[48;2;45;37;32m▀[0m[38;2;101;194;244m[48;2;50;50;48m▀[0m[38;2;239;240;238m[48;2;201;192;77m▀[0m[38;2;94;167;208m[48;2;49;49;47m▀[0m[38;2;89;161;202m[48;2;47;43;40m▀[0m[38;2;47;45;42m[48;2;91;160;199m▀[0m[38;2;242;242;242m[48;2;28;26;25m▀[0m[38;2;239;239;238m[48;2;241;242;240m▀[0m[38;2;224;226;228m[48;2;220;220;222m▀[0m             
             [38;2;17;11;10m▄[0m[38;2;6;5;5m▄[0m  [38;2;53;52;50m[48;2;239;239;238m▀[0m[38;2;93;171;216m[48;2;115;112;111m▀[0m[38;2;252;247;210m[48;2;39;39;61m▀[0m[38;2;242;229;104m[48;2;242;228;104m▀[0m[38;2;201;197;107m[48;2;238;238;236m▀[0m[38;2;91;168;214m[48;2;49;49;47m▀[0m[38;2;46;43;39m[48;2;10;10;10m▀[0m[38;2;251;251;250m[48;2;238;239;237m▀[0m[38;2;238;238;236m[48;2;237;237;236m▀[0m[38;2;217;217;219m[48;2;212;214;217m▀[0m             
         [38;2;23;23;21m▄[0m[38;2;96;77;71m[48;2;230;76;60m▀[0m[38;2;202;86;67m[48;2;165;67;67m▀[0m[38;2;202;67;54m[48;2;13;18;20m▀[0m[38;2;202;67;54m[48;2;31;45;51m▀[0m[38;2;202;67;54m[48;2;39;52;57m▀[0m[38;2;203;67;54m[48;2;23;27;29m▀[0m[38;2;202;67;54m[48;2;159;63;63m▀[0m[38;2;171;177;191m[48;2;219;221;227m▀[0m[38;2;160;164;178m[48;2;157;162;175m▀[0m[38;2;156;161;174m[48;2;156;160;173m▀[0m[38;2;88;90;97m[48;2;156;161;174m▀[0m[38;2;156;160;173m[48;2;157;161;175m▀[0m[38;2;153;159;172m[48;2;155;161;173m▀[0m[38;2;195;198;204m[48;2;198;199;205m▀[0m[38;2;243;244;242m[48;2;240;241;239m▀[0m[38;2;242;241;241m[48;2;239;239;237m▀[0m[38;2;94;95;99m▀[0m             
      [38;2;98;182;231m▄[0m[38;2;181;177;170m[48;2;97;181;230m▀[0m[38;2;94;177;228m[48;2;97;181;230m▀[0m[38;2;97;181;230m[48;2;97;181;230m▀[0m[38;2;97;181;230m[48;2;97;181;230m▀[0m[38;2;98;183;232m[48;2;97;181;230m▀[0m[38;2;41;60;83m[48;2;97;181;230m▀[0m[38;2;38;16;16m[48;2;97;181;230m▀[0m[38;2;25;16;15m▀[0m [38;2;66;72;76m[48;2;85;79;78m▀[0m[38;2;177;101;88m[48;2;173;57;45m▀[0m[38;2;239;240;238m[48;2;240;240;239m▀[0m[38;2;240;240;239m[48;2;238;239;237m▀[0m[38;2;239;239;237m[48;2;239;239;238m▀[0m[38;2;249;249;248m[48;2;201;67;54m▀[0m[38;2;238;238;236m[48;2;241;241;239m▀[0m[38;2;241;241;240m[48;2;239;239;238m▀[0m[38;2;239;239;238m[48;2;239;239;237m▀[0m[38;2;49;48;47m[48;2;212;70;55m▀[0m[38;2;198;67;54m[48;2;202;68;54m▀[0m[38;2;157;112;103m[48;2;189;64;55m▀[0m[38;2;130;96;91m▄[0m           
    [38;2;87;169;223m▄[0m[38;2;97;181;230m[48;2;97;181;230m▀[0m[38;2;97;181;230m[48;2;97;181;230m▀[0m[38;2;244;249;254m[48;2;97;181;230m▀[0m[38;2;97;181;230m[48;2;97;181;230m▀[0m[38;2;97;181;230m[48;2;97;181;230m▀[0m[38;2;97;181;230m[48;2;97;181;230m▀[0m[38;2;97;181;230m[48;2;97;181;230m▀[0m[38;2;97;181;230m[48;2;97;181;230m▀[0m[38;2;97;181;230m[48;2;97;181;230m▀[0m[38;2;97;181;230m[48;2;97;181;230m▀[0m[38;2;161;151;158m▄[0m[38;2;190;102;86m[48;2;200;75;59m▀[0m[38;2;200;62;48m[48;2;206;69;55m▀[0m[38;2;238;238;237m[48;2;239;240;238m▀[0m[38;2;239;239;238m[48;2;201;67;54m▀[0m[38;2;200;67;54m[48;2;200;67;54m▀[0m[38;2;202;67;54m[48;2;201;67;54m▀[0m[38;2;246;246;245m[48;2;226;75;60m▀[0m[38;2;240;240;238m[48;2;240;240;238m▀[0m[38;2;243;244;242m[48;2;221;74;58m▀[0m[38;2;203;67;54m[48;2;202;67;54m▀[0m[38;2;192;65;55m[48;2;143;58;58m▀[0m[38;2;196;66;54m[48;2;203;67;53m▀[0m[38;2;179;63;55m[48;2;186;64;55m▀[0m[38;2;30;38;41m[48;2;162;83;73m▀[0m[38;2;65;146;210m[48;2;34;46;51m▀[0m[38;2;44;54;59m▄[0m        
   [38;2;45;132;202m[48;2;97;181;230m▀[0m[38;2;98;182;230m[48;2;97;181;230m▀[0m[38;2;98;182;231m[48;2;245;246;244m▀[0m[38;2;99;184;232m[48;2;249;249;248m▀[0m[38;2;89;172;225m[48;2;72;152;211m▀[0m[38;2;97;181;230m[48;2;59;138;203m▀[0m[38;2;97;181;230m[48;2;97;181;230m▀[0m[38;2;97;181;230m[48;2;97;181;230m▀[0m[38;2;97;181;230m[48;2;97;181;230m▀[0m[38;2;97;181;230m[48;2;98;181;230m▀[0m[38;2;97;181;230m[48;2;168;210;241m▀[0m[38;2;97;181;230m[48;2;94;178;227m▀[0m[38;2;166;139;140m[48;2;177;124;117m▀[0m[38;2;202;68;54m[48;2;217;197;191m▀[0m[38;2;201;68;54m[48;2;183;141;135m▀[0m[38;2;90;18;13m[48;2;203;67;54m▀[0m[38;2;201;67;54m[48;2;202;67;54m▀[0m[38;2;202;68;54m[48;2;200;67;54m▀[0m[38;2;201;68;54m[48;2;201;67;54m▀[0m[38;2;202;67;54m[48;2;201;67;54m▀[0m[38;2;240;240;238m[48;2;202;67;54m▀[0m[38;2;202;67;54m[48;2;202;67;54m▀[0m[38;2;202;67;54m[48;2;203;67;54m▀[0m[38;2;58;25;26m[48;2;203;68;54m▀[0m[38;2;202;68;54m[48;2;145;58;57m▀[0m[38;2;195;65;54m[48;2;201;66;53m▀[0m[38;2;175;62;55m[48;2;184;63;55m▀[0m[38;2;80;74;75m[48;2;182;142;133m▀[0m[38;2;102;185;233m[48;2;61;68;70m▀[0m        
  [38;2;75;159;218m▄[0m[38;2;62;141;205m[48;2;96;181;230m▀[0m[38;2;196;228;252m[48;2;111;186;234m▀[0m[38;2;246;246;245m[48;2;247;248;246m▀[0m[38;2;245;246;244m[48;2;247;248;247m▀[0m[38;2;63;140;205m[48;2;247;247;245m▀[0m[38;2;74;154;213m[48;2;59;139;203m▀[0m[38;2;97;181;230m[48;2;97;181;230m▀[0m[38;2;97;181;230m[48;2;97;181;230m▀[0m[38;2;97;181;230m[48;2;97;181;230m▀[0m[38;2;97;181;230m[48;2;97;181;230m▀[0m[38;2;97;181;230m[48;2;97;181;230m▀[0m[38;2;34;72;98m[48;2;101;190;241m▀[0m[38;2;183;113;99m[48;2;179;121;112m▀[0m[38;2;194;95;77m[48;2;201;68;54m▀[0m[38;2;201;73;57m[48;2;100;182;231m▀[0m[38;2;202;68;54m[48;2;99;182;232m▀[0m[38;2;201;68;54m[48;2;203;67;54m▀[0m[38;2;201;67;54m[48;2;202;68;54m▀[0m[38;2;203;68;54m[48;2;202;68;54m▀[0m[38;2;202;67;54m[48;2;202;67;54m▀[0m[38;2;202;67;54m[48;2;203;67;54m▀[0m[38;2;202;68;54m[48;2;202;68;54m▀[0m[38;2;202;67;54m[48;2;202;67;54m▀[0m[38;2;202;68;54m[48;2;147;58;57m▀[0m[38;2;144;58;57m[48;2;157;63;62m▀[0m[38;2;175;62;55m[48;2;143;58;57m▀[0m[38;2;192;65;55m[48;2;172;62;56m▀[0m[38;2;172;62;56m[48;2;181;63;55m▀[0m         
   [38;2;97;181;230m[48;2;77;129;185m▀[0m[38;2;97;181;230m[48;2;91;174;226m▀[0m[38;2;247;247;245m[48;2;98;183;231m▀[0m[38;2;248;248;247m[48;2;99;183;232m▀[0m[38;2;68;147;208m[48;2;72;153;212m▀[0m[38;2;104;169;220m[48;2;97;181;230m▀[0m[38;2;97;181;230m[48;2;97;181;230m▀[0m[38;2;97;181;230m[48;2;97;181;230m▀[0m[38;2;94;180;230m[48;2;96;181;230m▀[0m[38;2;97;181;230m[48;2;97;181;230m▀[0m[38;2;97;181;230m[48;2;106;185;231m▀[0m[38;2;97;181;230m[48;2;97;181;230m▀[0m[38;2;176;158;161m[48;2;104;195;239m▀[0m[38;2;201;68;55m[48;2;196;85;69m▀[0m[38;2;97;181;230m[48;2;202;67;54m▀[0m[38;2;97;181;230m[48;2;207;68;51m▀[0m[38;2;201;67;54m[48;2;202;68;54m▀[0m[38;2;201;67;54m[48;2;202;67;54m▀[0m[38;2;201;67;54m[48;2;204;68;54m▀[0m[38;2;204;68;54m[48;2;202;68;54m▀[0m[38;2;202;67;54m[48;2;202;67;54m▀[0m[38;2;202;67;54m[48;2;156;63;62m▀[0m[38;2;149;58;57m[48;2;144;58;57m▀[0m[38;2;144;58;57m[48;2;144;58;57m▀[0m[38;2;159;63;63m[48;2;156;61;59m▀[0m[38;2;180;71;66m▀[0m[38;2;144;58;57m[48;2;141;57;57m▀[0m[38;2;159;61;57m[48;2;149;75;70m▀[0m         
     [38;2;97;181;230m[48;2;167;167;176m▀[0m[38;2;97;181;230m[48;2;97;181;230m▀[0m[38;2;97;181;230m[48;2;97;181;230m▀[0m[38;2;97;181;230m[48;2;106;185;231m▀[0m[38;2;97;181;230m[48;2;97;181;230m▀[0m[38;2;97;181;230m[48;2;96;181;230m▀[0m[38;2;97;181;230m[48;2;97;181;230m▀[0m[38;2;97;181;230m[48;2;109;205;254m▀[0m[38;2;97;181;230m[48;2;252;248;120m▀[0m[38;2;97;181;230m[48;2;37;119;194m▀[0m[38;2;112;144;181m▀[0m[38;2;121;48;47m▀[0m[38;2;151;61;58m[48;2;144;58;57m▀[0m[38;2;193;66;54m[48;2;48;20;20m▀[0m[38;2;203;67;54m[48;2;145;58;57m▀[0m[38;2;201;67;54m[48;2;149;58;57m▀[0m[38;2;160;60;56m[48;2;150;59;58m▀[0m[38;2;144;58;57m[48;2;152;61;60m▀[0m[38;2;51;21;21m[48;2;144;58;57m▀[0m[38;2;144;58;57m[48;2;199;66;54m▀[0m[38;2;145;58;57m[48;2;202;67;54m▀[0m[38;2;143;58;57m[48;2;201;68;54m▀[0m[38;2;189;72;66m▀[0m            
       [38;2;97;181;231m▀[0m[38;2;97;181;230m▀[0m[38;2;97;181;230m▀[0m[38;2;97;181;230m▀[0m[38;2;97;181;230m▀[0m[38;2;98;182;231m▀[0m[38;2;60;51;29m▀[0m[38;2;255;255;255m[48;2;161;137;76m▀[0m[38;2;59;56;24m[48;2;243;230;104m▀[0m[38;2;250;246;111m▄[0m[38;2;160;136;75m[48;2;74;69;36m▀[0m[38;2;173;148;81m[48;2;54;43;28m▀[0m[38;2;173;148;82m[48;2;170;145;80m▀[0m[38;2;174;149;83m▄[0m  [38;2;202;67;53m▀[0m[38;2;212;70;56m[48;2;81;67;39m▀[0m[38;2;202;67;54m[48;2;157;134;74m▀[0m[38;2;46;39;10m▄[0m             
                        [38;2;158;135;75m▀[0m[38;2;110;106;49m▀[0m[38;2;159;136;75m▀[0m             
                                        
