                                        
                   [38;2;66;64;63m▄[0m [38;2;149;148;147m▄[0m       [38;2;191;189;188m▄[0m    [38;2;254;255;255m▄[0m     
                   [38;2;253;253;253m[48;2;253;254;253m▀[0m[38;2;48;47;46m[48;2;253;254;253m▀[0m[38;2;252;253;253m[48;2;252;253;253m▀[0m      [38;2;253;253;253m▄[0m[38;2;253;253;253m[48;2;255;255;255m▀[0m[38;2;250;251;250m▄[0m[38;2;254;255;255m▄[0m[38;2;253;253;254m[48;2;251;252;252m▀[0m[38;2;255;255;255m[48;2;249;249;249m▀[0m[38;2;3;3;3m▀[0m     
                  [38;2;249;249;248m▄[0m[38;2;150;148;147m[48;2;253;253;253m▀[0m[38;2;254;254;254m[48;2;239;240;238m▀[0m[38;2;251;251;251m[48;2;241;241;240m▀[0m[38;2;21;20;20m[48;2;239;239;237m▀[0m  [38;2;65;65;65m▄[0m[38;2;12;12;12m▄[0m[38;2;240;240;239m▄[0m[38;2;251;251;250m[48;2;239;239;237m▀[0m[38;2;246;246;245m[48;2;239;239;238m▀[0m[38;2;244;245;244m[48;2;238;238;236m▀[0m[38;2;239;239;238m[48;2;242;242;240m▀[0m[38;2;240;241;239m[48;2;238;238;236m▀[0m[38;2;239;239;238m▄[0m[38;2;244;245;243m▄[0m[38;2;211;210;208m▄[0m[38;2;100;100;101m▄[0m   
                   [38;2;239;239;238m▀[0m[38;2;238;238;237m[48;2;238;239;237m▀[0m[38;2;239;240;238m[48;2;239;239;238m▀[0m[38;2;240;241;239m[48;2;240;240;238m▀[0m[38;2;128;128;128m[48;2;241;241;239m▀[0m[38;2;167;167;167m[48;2;244;244;243m▀[0m[38;2;42;41;41m[48;2;240;240;239m▀[0m[38;2;242;242;240m[48;2;239;239;238m▀[0m[38;2;238;238;237m[48;2;240;240;238m▀[0m[38;2;239;239;238m[48;2;239;239;237m▀[0m[38;2;238;238;236m[48;2;240;241;239m▀[0m[38;2;240;241;239m[48;2;240;240;238m▀[0m[38;2;239;239;237m[48;2;240;241;239m▀[0m[38;2;239;239;238m[48;2;240;240;238m▀[0m[38;2;240;240;238m[48;2;105;105;105m▀[0m[38;2;239;239;239m▀[0m[38;2;74;74;74m▀[0m    
                    [38;2;245;247;244m[48;2;30;28;26m▀[0m[38;2;49;48;46m[48;2;73;111;132m▀[0m[38;2;35;34;33m[48;2;71;101;115m▀[0m[38;2;239;239;237m[48;2;241;241;239m▀[0m[38;2;240;240;239m[48;2;238;238;237m▀[0m[38;2;159;157;156m[48;2;58;68;71m▀[0m[38;2;49;48;46m[48;2;61;80;88m▀[0m[38;2;52;52;49m[48;2;49;47;45m▀[0m[38;2;239;239;238m[48;2;3;3;3m▀[0m[38;2;240;241;239m[48;2;241;242;240m▀[0m[38;2;239;239;239m[48;2;236;236;236m▀[0m[38;2;122;122;122m[48;2;169;169;169m▀[0m        
                    [38;2;52;54;53m[48;2;49;48;46m▀[0m[38;2;51;52;51m[48;2;81;124;145m▀[0m[38;2;50;49;46m[48;2;246;246;246m▀[0m[38;2;253;254;252m[48;2;183;183;183m▀[0m[38;2;53;50;49m[48;2;184;184;184m▀[0m[38;2;50;49;46m[48;2;50;49;46m▀[0m[38;2;66;87;96m[48;2;84;145;180m▀[0m[38;2;87;143;175m[48;2;75;103;115m▀[0m[38;2;50;49;46m[48;2;49;48;46m▀[0m[38;2;240;240;239m[48;2;239;239;237m▀[0m[38;2;233;233;233m[48;2;235;234;234m▀[0m[38;2;210;210;210m[48;2;95;95;95m▀[0m        
             [38;2;12;12;12m▄[0m[38;2;233;233;233m▄[0m[38;2;220;220;220m▄[0m[38;2;182;182;182m▄[0m[38;2;183;183;183m▄[0m  [38;2;52;51;48m[48;2;220;219;217m▀[0m[38;2;66;84;90m[48;2;201;201;199m▀[0m[38;2;172;172;172m[48;2;201;200;198m▀[0m[38;2;167;167;167m[48;2;94;93;92m▀[0m[38;2;160;160;160m[48;2;251;251;250m▀[0m[38;2;82;138;170m[48;2;240;240;239m▀[0m[38;2;81;137;169m[48;2;140;138;136m▀[0m[38;2;49;48;46m[48;2;238;238;236m▀[0m[38;2;238;237;236m[48;2;240;240;238m▀[0m[38;2;241;241;239m[48;2;240;240;239m▀[0m[38;2;229;229;229m[48;2;225;225;226m▀[0m[38;2;200;200;200m[48;2;237;237;237m▀[0m        
           [38;2;167;167;167m▄[0m[38;2;230;230;230m[48;2;125;125;125m▀[0m[38;2;167;167;167m[48;2;137;137;137m▀[0m[38;2;166;166;166m[48;2;45;45;45m▀[0m[38;2;167;167;167m[48;2;13;19;21m▀[0m[38;2;167;167;167m[48;2;17;23;25m▀[0m[38;2;166;166;166m[48;2;21;21;22m▀[0m[38;2;166;166;166m[48;2;115;115;115m▀[0m[38;2;166;166;166m[48;2;133;133;133m▀[0m[38;2;155;160;173m[48;2;164;168;179m▀[0m[38;2;155;160;173m[48;2;155;160;173m▀[0m[38;2;155;160;173m[48;2;155;160;173m▀[0m[38;2;155;160;173m[48;2;155;160;173m▀[0m[38;2;155;160;173m[48;2;155;160;173m▀[0m[38;2;155;160;173m[48;2;154;160;173m▀[0m[38;2;156;160;173m[48;2;156;160;174m▀[0m[38;2;154;159;172m[48;2;194;195;201m▀[0m[38;2;240;240;238m[48;2;239;239;238m▀[0m[38;2;244;245;244m[48;2;239;239;237m▀[0m[38;2;253;254;253m[48;2;239;239;237m▀[0m[38;2;35;36;39m▀[0m        
       [38;2;49;129;197m▄[0m[38;2;97;181;230m▄[0m[38;2;132;155;185m[48;2;97;180;230m▀[0m[38;2;76;155;213m[48;2;97;180;230m▀[0m[38;2;93;176;227m[48;2;97;180;230m▀[0m[38;2;78;158;215m[48;2;97;181;230m▀[0m[38;2;37;73;104m[48;2;97;181;230m▀[0m[38;2;13;16;18m[48;2;97;181;230m▀[0m[38;2;45;50;52m[48;2;64;143;206m▀[0m[38;2;40;43;43m▀[0m[38;2;60;61;61m▀[0m[38;2;112;111;111m▀[0m[38;2;9;10;10m[48;2;28;27;27m▀[0m[38;2;53;53;53m[48;2;48;45;44m▀[0m[38;2;241;241;239m[48;2;240;240;238m▀[0m[38;2;240;240;238m[48;2;240;240;238m▀[0m[38;2;239;239;237m[48;2;239;240;238m▀[0m[38;2;239;239;237m[48;2;241;240;239m▀[0m[38;2;239;239;238m[48;2;149;150;150m▀[0m[38;2;237;237;236m[48;2;242;243;241m▀[0m[38;2;240;240;238m[48;2;239;239;238m▀[0m[38;2;238;239;237m[48;2;239;239;237m▀[0m[38;2;239;239;237m[48;2;251;251;250m▀[0m[38;2;66;66;66m[48;2;28;28;28m▀[0m[38;2;176;176;176m[48;2;164;164;164m▀[0m[38;2;162;162;162m▄[0m       
     [38;2;94;178;228m▄[0m[38;2;96;180;230m[48;2;97;181;230m▀[0m[38;2;97;181;230m[48;2;97;181;230m▀[0m[38;2;97;181;230m[48;2;97;181;230m▀[0m[38;2;97;181;230m[48;2;97;181;230m▀[0m[38;2;97;180;230m[48;2;97;180;230m▀[0m[38;2;97;181;230m[48;2;97;180;230m▀[0m[38;2;253;254;255m[48;2;124;191;234m▀[0m[38;2;97;181;230m[48;2;97;181;230m▀[0m[38;2;97;181;230m[48;2;97;181;230m▀[0m[38;2;97;181;230m[48;2;97;181;230m▀[0m[38;2;96;180;230m[48;2;97;181;230m▀[0m[38;2;96;179;230m▄[0m[38;2;176;175;173m[48;2;197;197;197m▀[0m[38;2;183;183;183m[48;2;171;171;171m▀[0m[38;2;40;37;36m[48;2;74;73;73m▀[0m[38;2;240;240;239m[48;2;238;238;236m▀[0m[38;2;237;238;236m[48;2;238;238;236m▀[0m[38;2;238;239;237m[48;2;167;167;167m▀[0m[38;2;167;167;167m[48;2;167;167;167m▀[0m[38;2;167;167;167m[48;2;167;167;167m▀[0m[38;2;240;240;238m[48;2;236;236;234m▀[0m[38;2;238;239;237m[48;2;239;239;238m▀[0m[38;2;240;240;238m[48;2;239;239;238m▀[0m[38;2;166;166;166m[48;2;167;167;167m▀[0m[38;2;29;29;29m[48;2;146;146;146m▀[0m[38;2;166;166;166m[48;2;167;167;167m▀[0m[38;2;161;161;161m[48;2;164;164;164m▀[0m[38;2;166;166;166m[48;2;155;155;155m▀[0m[38;2;223;223;223m▄[0m[38;2;92;173;225m▄[0m[38;2;28;43;51m▄[0m   
   [38;2;87;136;190m▄[0m[38;2;141;160;191m[48;2;90;173;225m▀[0m[38;2;96;180;230m[48;2;97;180;230m▀[0m[38;2;97;181;230m[48;2;78;160;217m▀[0m[38;2;97;181;230m[48;2;57;136;201m▀[0m[38;2;97;181;230m[48;2;94;178;229m▀[0m[38;2;97;181;230m[48;2;97;181;230m▀[0m[38;2;97;181;230m[48;2;97;181;230m▀[0m[38;2;97;181;230m[48;2;97;180;230m▀[0m[38;2;97;180;230m[48;2;97;181;230m▀[0m[38;2;97;180;230m[48;2;97;181;230m▀[0m[38;2;97;181;230m[48;2;97;181;230m▀[0m[38;2;97;181;230m[48;2;97;181;230m▀[0m[38;2;97;181;230m[48;2;97;181;230m▀[0m[38;2;22;36;44m[48;2;247;247;247m▀[0m[38;2;189;189;189m[48;2;180;180;180m▀[0m[38;2;167;167;167m[48;2;168;168;168m▀[0m[38;2;176;176;176m[48;2;167;167;167m▀[0m[38;2;239;239;237m[48;2;86;83;82m▀[0m[38;2;166;166;166m[48;2;167;167;167m▀[0m[38;2;167;167;167m[48;2;166;166;166m▀[0m[38;2;167;167;167m[48;2;166;166;166m▀[0m[38;2;166;166;166m[48;2;166;166;166m▀[0m[38;2;126;126;126m[48;2;166;166;166m▀[0m[38;2;239;239;237m[48;2;239;240;238m▀[0m[38;2;109;110;109m[48;2;166;166;166m▀[0m[38;2;166;166;166m[48;2;167;167;167m▀[0m[38;2;166;166;166m[48;2;167;167;167m▀[0m[38;2;156;156;156m[48;2;136;136;136m▀[0m[38;2;165;165;165m[48;2;166;166;166m▀[0m[38;2;160;160;160m[48;2;163;163;163m▀[0m[38;2;151;151;151m[48;2;154;154;154m▀[0m[38;2;13;38;55m[48;2;215;215;215m▀[0m[38;2;34;47;52m[48;2;117;182;228m▀[0m[38;2;8;6;6m[48;2;52;98;141m▀[0m  
   [38;2;93;177;228m[48;2;95;178;229m▀[0m[38;2;97;180;230m[48;2;112;185;232m▀[0m[38;2;123;190;234m[48;2;247;248;246m▀[0m[38;2;248;248;247m[48;2;245;246;244m▀[0m[38;2;244;245;244m[48;2;245;246;244m▀[0m[38;2;78;160;217m[48;2;96;179;229m▀[0m[38;2;54;133;199m[48;2;77;158;216m▀[0m[38;2;97;181;230m[48;2;97;181;230m▀[0m[38;2;97;181;230m[48;2;97;181;230m▀[0m[38;2;97;180;230m[48;2;96;180;229m▀[0m[38;2;97;181;230m[48;2;97;180;230m▀[0m[38;2;105;183;231m[48;2;97;180;230m▀[0m[38;2;97;181;230m[48;2;97;181;230m▀[0m[38;2;97;181;230m[48;2;97;181;230m▀[0m[38;2;231;231;231m[48;2;227;227;227m▀[0m[38;2;173;173;173m[48;2;171;171;171m▀[0m[38;2;253;253;253m[48;2;217;217;217m▀[0m[38;2;187;187;187m[48;2;173;173;173m▀[0m[38;2;168;168;168m[48;2;167;167;167m▀[0m[38;2;167;167;167m[48;2;166;166;166m▀[0m[38;2;166;166;166m[48;2;166;166;166m▀[0m[38;2;166;166;166m[48;2;166;166;166m▀[0m[38;2;166;166;166m[48;2;166;166;166m▀[0m[38;2;166;166;166m[48;2;166;166;166m▀[0m[38;2;173;174;173m[48;2;167;167;167m▀[0m[38;2;167;167;167m[48;2;167;167;167m▀[0m[38;2;166;166;166m[48;2;166;166;166m▀[0m[38;2;166;166;166m[48;2;166;166;166m▀[0m[38;2;132;132;132m[48;2;167;167;167m▀[0m[38;2;154;154;154m[48;2;136;136;136m▀[0m[38;2;165;165;165m[48;2;166;166;166m▀[0m[38;2;158;158;158m[48;2;162;162;162m▀[0m[38;2;150;150;150m[48;2;153;153;153m▀[0m[38;2;61;67;71m[48;2;50;46;46m▀[0m[38;2;53;131;197m▀[0m  
  [38;2;62;143;205m▄[0m[38;2;68;148;209m[48;2;97;181;230m▀[0m[38;2;97;181;230m[48;2;97;180;230m▀[0m[38;2;245;245;244m[48;2;249;249;248m▀[0m[38;2;244;244;243m[48;2;245;245;244m▀[0m[38;2;245;245;244m[48;2;245;245;244m▀[0m[38;2;58;139;203m[48;2;202;215;236m▀[0m[38;2;83;164;219m[48;2;55;134;199m▀[0m[38;2;97;180;230m[48;2;97;180;230m▀[0m[38;2;97;181;230m[48;2;97;181;230m▀[0m[38;2;97;181;230m[48;2;97;181;230m▀[0m[38;2;97;181;230m[48;2;97;181;230m▀[0m[38;2;97;181;230m[48;2;97;180;230m▀[0m[38;2;97;181;230m[48;2;97;181;230m▀[0m[38;2;97;181;230m[48;2;97;181;230m▀[0m[38;2;242;242;242m[48;2;255;255;255m▀[0m[38;2;170;170;170m[48;2;173;173;173m▀[0m[38;2;169;169;169m[48;2;167;167;167m▀[0m[38;2;168;168;168m[48;2;96;180;230m▀[0m[38;2;166;166;167m[48;2;97;181;230m▀[0m[38;2;167;167;167m[48;2;167;167;167m▀[0m[38;2;167;167;167m[48;2;167;167;167m▀[0m[38;2;167;167;167m[48;2;166;166;166m▀[0m[38;2;166;166;166m[48;2;167;167;167m▀[0m[38;2;167;167;167m[48;2;166;166;166m▀[0m[38;2;166;166;166m[48;2;166;166;166m▀[0m[38;2;167;167;167m[48;2;166;166;166m▀[0m[38;2;166;166;166m[48;2;166;166;166m▀[0m[38;2;166;166;166m[48;2;154;154;154m▀[0m[38;2;150;150;150m[48;2;136;136;136m▀[0m[38;2;134;134;134m[48;2;137;137;137m▀[0m[38;2;136;136;136m[48;2;136;136;136m▀[0m[38;2;165;165;165m[48;2;136;136;136m▀[0m[38;2;157;157;157m[48;2;161;161;161m▀[0m[38;2;220;221;221m[48;2;217;217;217m▀[0m   
   [38;2;97;181;230m▀[0m[38;2;97;181;230m[48;2;51;129;196m▀[0m[38;2;105;183;231m[48;2;97;180;230m▀[0m[38;2;245;245;244m[48;2;92;175;227m▀[0m[38;2;245;245;244m[48;2;57;136;201m▀[0m[38;2;79;160;217m[48;2;83;164;220m▀[0m[38;2;79;159;216m[48;2;97;181;230m▀[0m[38;2;97;180;230m[48;2;97;181;230m▀[0m[38;2;97;181;230m[48;2;97;181;230m▀[0m[38;2;97;180;230m[48;2;105;183;231m▀[0m[38;2;97;181;230m[48;2;97;180;230m▀[0m[38;2;97;181;230m[48;2;97;181;230m▀[0m[38;2;97;181;230m[48;2;96;180;230m▀[0m[38;2;97;181;230m[48;2;97;180;230m▀[0m[38;2;54;97;121m[48;2;97;181;230m▀[0m[38;2;184;184;184m[48;2;240;240;240m▀[0m[38;2;166;166;166m[48;2;169;169;169m▀[0m[38;2;97;181;230m[48;2;167;167;167m▀[0m[38;2;97;181;230m[48;2;168;169;169m▀[0m[38;2;166;166;166m[48;2;167;167;167m▀[0m[38;2;167;167;167m[48;2;167;167;167m▀[0m[38;2;167;167;167m[48;2;167;167;167m▀[0m[38;2;166;166;166m[48;2;166;166;166m▀[0m[38;2;166;166;166m[48;2;166;166;166m▀[0m[38;2;166;166;166m[48;2;168;168;168m▀[0m[38;2;167;167;167m[48;2;136;136;136m▀[0m[38;2;154;154;154m[48;2;136;136;136m▀[0m[38;2;136;136;136m[48;2;136;136;136m▀[0m[38;2;140;140;140m[48;2;136;136;136m▀[0m[38;2;32;35;36m[48;2;49;49;49m▀[0m[38;2;100;101;101m▀[0m[38;2;136;136;136m[48;2;154;154;154m▀[0m[38;2;136;136;136m[48;2;136;136;136m▀[0m[38;2;18;14;14m▀[0m   
     [38;2;97;180;230m▀[0m[38;2;97;181;230m[48;2;174;215;242m▀[0m[38;2;97;181;230m[48;2;97;180;230m▀[0m[38;2;97;181;230m[48;2;97;181;230m▀[0m[38;2;97;181;230m[48;2;97;181;230m▀[0m[38;2;97;180;230m[48;2;97;181;230m▀[0m[38;2;97;181;230m[48;2;103;183;231m▀[0m[38;2;97;181;230m[48;2;97;181;230m▀[0m[38;2;97;181;230m[48;2;97;181;230m▀[0m[38;2;97;181;230m[48;2;148;147;145m▀[0m[38;2;97;181;230m[48;2;96;180;229m▀[0m[38;2;97;180;230m[48;2;97;181;230m▀[0m[38;2;97;181;230m▀[0m [38;2;155;155;155m[48;2;135;135;135m▀[0m[38;2;157;157;157m[48;2;38;38;38m▀[0m[38;2;166;166;166m[48;2;136;136;136m▀[0m[38;2;167;167;167m[48;2;136;136;136m▀[0m[38;2;167;167;167m[48;2;136;136;136m▀[0m[38;2;167;167;167m[48;2;136;136;136m▀[0m[38;2;157;157;157m[48;2;136;136;136m▀[0m[38;2;136;136;136m[48;2;136;136;136m▀[0m[38;2;135;135;135m[48;2;136;136;136m▀[0m[38;2;136;136;136m[48;2;136;136;136m▀[0m[38;2;136;136;136m[48;2;163;163;163m▀[0m[38;2;136;136;136m[48;2;167;167;167m▀[0m[38;2;136;136;136m[48;2;166;166;166m▀[0m[38;2;26;26;26m▀[0m       
       [38;2;97;180;230m▀[0m[38;2;97;180;230m[48;2;156;168;187m▀[0m[38;2;195;224;245m[48;2;93;176;227m▀[0m[38;2;97;181;230m[48;2;97;180;230m▀[0m[38;2;97;181;230m[48;2;97;181;230m▀[0m[38;2;97;181;230m[48;2;97;181;230m▀[0m[38;2;97;181;230m[48;2;94;177;228m▀[0m[38;2;97;180;230m[48;2;146;162;187m▀[0m[38;2;175;175;175m▀[0m[38;2;210;210;210m[48;2;177;177;177m▀[0m[38;2;228;228;228m▄[0m[38;2;227;227;227m▄[0m[38;2;148;148;148m▄[0m[38;2;37;37;37m[48;2;198;198;198m▀[0m[38;2;136;136;136m[48;2;172;172;172m▀[0m[38;2;135;135;135m[48;2;173;173;173m▀[0m[38;2;32;32;32m[48;2;172;172;172m▀[0m[38;2;72;72;72m▀[0m[38;2;69;69;69m▀[0m[38;2;135;135;135m▀[0m[38;2;154;154;154m[48;2;4;4;4m▀[0m[38;2;166;166;166m[48;2;248;248;248m▀[0m[38;2;166;166;166m[48;2;118;118;118m▀[0m[38;2;166;166;166m[48;2;171;171;171m▀[0m[38;2;63;63;63m[48;2;244;244;244m▀[0m        
                 [38;2;175;175;175m▀[0m[38;2;226;226;226m▀[0m[38;2;110;110;110m▀[0m[38;2;196;196;196m▀[0m[38;2;202;202;202m▀[0m[38;2;172;172;172m▀[0m[38;2;23;23;23m▀[0m    [38;2;181;181;181m[48;2;172;172;172m▀[0m[38;2;226;226;226m[48;2;172;172;172m▀[0m[38;2;247;247;247m[48;2;172;172;172m▀[0m[38;2;173;173;173m[48;2;172;172;172m▀[0m        
                                        
                                        
