                                        
                                        
                                        
                              [38;2;242;148;63m▄[0m[38;2;229;84;1m[48;2;235;110;28m▀[0m        
     [38;2;244;156;73m▀[0m[38;2;237;121;39m[48;2;243;155;71m▀[0m[38;2;243;155;71m▄[0m[38;2;233;97;17m▄[0m                   [38;2;243;155;71m▄[0m[38;2;243;155;71m[48;2;243;154;71m▀[0m[38;2;251;207;164m[48;2;243;155;71m▀[0m[38;2;239;132;49m▀[0m        
      [38;2;243;155;71m[48;2;237;121;37m▀[0m[38;2;243;155;71m[48;2;243;155;71m▀[0m[38;2;243;155;71m[48;2;243;155;71m▀[0m[38;2;243;155;71m[48;2;243;155;71m▀[0m[38;2;229;84;4m[48;2;243;155;71m▀[0m[38;2;243;154;71m▄[0m[38;2;227;94;2m▄[0m            [38;2;243;155;71m▄[0m[38;2;234;104;22m[48;2;243;155;71m▀[0m[38;2;243;154;71m[48;2;243;155;71m▀[0m[38;2;243;155;71m[48;2;244;157;72m▀[0m[38;2;243;155;71m[48;2;243;155;71m▀[0m[38;2;231;94;14m[48;2;238;126;43m▀[0m         
       [38;2;243;155;71m[48;2;244;156;72m▀[0m[38;2;243;155;71m[48;2;243;155;71m▀[0m[38;2;52;59;65m[48;2;51;63;69m▀[0m[38;2;243;155;71m[48;2;65;65;64m▀[0m[38;2;243;155;71m[48;2;243;155;71m▀[0m[38;2;243;154;71m[48;2;237;121;39m▀[0m[38;2;243;155;71m[48;2;247;179;114m▀[0m[38;2;243;155;71m▄[0m[38;2;186;101;72m▄[0m    [38;2;14;6;7m▄[0m   [38;2;244;159;75m[48;2;243;155;71m▀[0m[38;2;243;155;71m[48;2;244;155;71m▀[0m[38;2;248;167;78m[48;2;243;154;71m▀[0m[38;2;66;65;64m[48;2;48;62;69m▀[0m[38;2;243;155;71m[48;2;243;154;71m▀[0m[38;2;243;155;71m[48;2;243;156;72m▀[0m          
        [38;2;243;155;71m[48;2;243;154;70m▀[0m[38;2;243;154;71m[48;2;243;155;71m▀[0m[38;2;243;155;71m[48;2;239;130;47m▀[0m[38;2;244;155;71m[48;2;243;155;71m▀[0m[38;2;243;154;71m[48;2;243;155;71m▀[0m[38;2;243;155;71m[48;2;243;154;71m▀[0m[38;2;243;155;71m[48;2;133;40;38m▀[0m[38;2;217;111;79m[48;2;108;98;96m▀[0m[38;2;87;81;79m▄[0m[38;2;74;71;71m▄[0m[38;2;20;18;17m▄[0m[38;2;208;74;59m[48;2;128;55;62m▀[0m   [38;2;234;106;24m[48;2;244;157;73m▀[0m[38;2;243;155;71m[48;2;243;154;71m▀[0m[38;2;243;155;71m[48;2;243;154;71m▀[0m[38;2;243;155;71m[48;2;243;155;71m▀[0m[38;2;243;155;71m[48;2;229;82;5m▀[0m[38;2;243;155;71m[48;2;243;155;71m▀[0m[38;2;237;120;37m▀[0m          
        [38;2;240;134;51m▀[0m[38;2;244;157;73m[48;2;244;157;73m▀[0m[38;2;243;155;71m[48;2;243;155;71m▀[0m[38;2;243;155;71m[48;2;251;205;160m▀[0m[38;2;243;155;71m[48;2;243;154;71m▀[0m[38;2;254;172;78m[48;2;202;66;57m▀[0m[38;2;76;72;72m[48;2;132;97;72m▀[0m[38;2;92;85;84m[48;2;75;71;71m▀[0m[38;2;79;75;74m[48;2;108;86;72m▀[0m[38;2;75;71;71m[48;2;109;85;72m▀[0m[38;2;34;10;9m[48;2;201;66;57m▀[0m[38;2;113;55;62m[48;2;117;55;61m▀[0m[38;2;8;6;6m▄[0m  [38;2;243;155;71m[48;2;205;141;64m▀[0m[38;2;243;154;71m[48;2;243;155;71m▀[0m[38;2;243;155;71m[48;2;243;155;71m▀[0m[38;2;243;154;70m[48;2;246;174;104m▀[0m[38;2;243;155;71m[48;2;243;155;71m▀[0m[38;2;233;101;19m[48;2;235;112;30m▀[0m           
          [38;2;244;156;72m▀[0m[38;2;243;155;71m▀[0m[38;2;243;155;71m▀[0m[38;2;201;66;57m[48;2;246;177;110m▀[0m[38;2;204;133;73m[48;2;125;59;67m▀[0m[38;2;74;71;71m[48;2;74;70;71m▀[0m[38;2;174;117;73m[48;2;65;20;17m▀[0m[38;2;226;73;62m[48;2;35;12;14m▀[0m[38;2;179;62;58m[48;2;238;236;234m▀[0m[38;2;177;167;173m[48;2;242;240;238m▀[0m[38;2;200;184;176m[48;2;208;202;201m▀[0m[38;2;32;31;31m▄[0m[38;2;0;0;0m▄[0m[38;2;204;70;60m[48;2;203;66;57m▀[0m[38;2;253;226;198m[48;2;114;55;62m▀[0m[38;2;243;155;71m▀[0m[38;2;245;159;75m▀[0m  [38;2;231;88;7m▄[0m          
       [38;2;244;157;72m▄[0m[38;2;244;156;72m▄[0m[38;2;231;83;5m[48;2;243;155;71m▀[0m[38;2;228;83;0m[48;2;243;155;71m▀[0m[38;2;255;245;234m▄[0m [38;2;66;65;64m[48;2;195;184;179m▀[0m[38;2;233;233;233m[48;2;237;235;234m▀[0m[38;2;213;210;211m[48;2;246;242;238m▀[0m[38;2;84;73;72m[48;2;237;235;233m▀[0m[38;2;73;68;69m[48;2;244;242;239m▀[0m[38;2;66;65;64m[48;2;236;234;232m▀[0m[38;2;237;235;233m[48;2;237;235;233m▀[0m[38;2;225;221;220m[48;2;232;230;228m▀[0m[38;2;244;242;241m[48;2;147;129;127m▀[0m    [38;2;244;157;72m▄[0m[38;2;231;99;1m[48;2;243;155;71m▀[0m[38;2;243;154;71m[48;2;243;154;71m▀[0m[38;2;244;155;72m[48;2;243;155;71m▀[0m[38;2;243;155;71m[48;2;243;155;71m▀[0m[38;2;244;155;72m[48;2;243;155;71m▀[0m[38;2;231;98;16m[48;2;245;164;87m▀[0m[38;2;243;154;71m▄[0m[38;2;244;156;72m▄[0m     
   [38;2;247;179;110m▄[0m[38;2;243;155;71m▄[0m[38;2;244;157;73m[48;2;243;154;71m▀[0m[38;2;243;155;71m[48;2;53;63;67m▀[0m[38;2;243;155;71m[48;2;247;142;56m▀[0m[38;2;243;154;69m[48;2;243;155;71m▀[0m[38;2;243;155;71m[48;2;243;155;71m▀[0m[38;2;243;155;71m[48;2;243;155;71m▀[0m[38;2;244;155;71m[48;2;70;48;24m▀[0m[38;2;215;116;93m[48;2;201;65;56m▀[0m[38;2;66;65;64m[48;2;201;183;173m▀[0m[38;2;204;202;200m[48;2;27;26;27m▀[0m[38;2;238;233;229m[48;2;17;19;20m▀[0m[38;2;242;240;238m[48;2;45;50;52m▀[0m[38;2;74;73;72m[48;2;236;235;232m▀[0m[38;2;66;65;64m[48;2;238;237;234m▀[0m[38;2;236;235;233m[48;2;167;160;164m▀[0m[38;2;162;154;158m[48;2;169;161;165m▀[0m[38;2;151;136;134m[48;2;156;149;153m▀[0m [38;2;221;72;62m▄[0m[38;2;61;20;18m[48;2;210;104;83m▀[0m[38;2;207;88;71m[48;2;204;66;57m▀[0m[38;2;243;155;71m[48;2;248;191;134m▀[0m[38;2;243;155;71m[48;2;243;155;71m▀[0m[38;2;243;153;67m[48;2;243;155;71m▀[0m[38;2;243;155;71m[48;2;243;155;71m▀[0m[38;2;243;155;71m[48;2;243;155;71m▀[0m[38;2;63;64;64m[48;2;66;65;63m▀[0m[38;2;230;112;34m[48;2;249;157;69m▀[0m[38;2;243;155;71m[48;2;243;155;71m▀[0m[38;2;243;155;71m[48;2;243;155;71m▀[0m[38;2;243;155;71m[48;2;243;155;71m▀[0m[38;2;243;155;71m[48;2;243;155;71m▀[0m[38;2;240;135;52m[48;2;235;112;30m▀[0m  
 [38;2;231;94;7m▀[0m[38;2;242;146;62m▀[0m[38;2;243;155;71m▀[0m[38;2;243;154;71m[48;2;237;123;40m▀[0m[38;2;243;155;71m[48;2;244;154;69m▀[0m[38;2;243;155;71m[48;2;244;156;74m▀[0m[38;2;247;157;70m[48;2;243;155;71m▀[0m[38;2;243;155;71m[48;2;243;155;71m▀[0m[38;2;243;155;71m[48;2;243;155;71m▀[0m[38;2;243;155;71m[48;2;245;161;76m▀[0m[38;2;243;154;70m▀[0m[38;2;167;159;163m▄[0m[38;2;130;124;131m[48;2;41;45;48m▀[0m[38;2;48;53;55m[48;2;66;65;64m▀[0m[38;2;40;38;37m[48;2;67;66;64m▀[0m[38;2;71;69;68m[48;2;29;30;30m▀[0m[38;2;45;50;52m[48;2;65;65;64m▀[0m[38;2;51;56;59m[48;2;45;50;52m▀[0m[38;2;47;52;54m[48;2;38;41;43m▀[0m[38;2;45;50;52m[48;2;16;18;17m▀[0m[38;2;173;165;168m[48;2;169;161;165m▀[0m[38;2;140;136;135m[48;2;57;54;54m▀[0m  [38;2;252;171;78m▀[0m[38;2;243;154;71m[48;2;244;157;74m▀[0m[38;2;243;155;71m[48;2;243;155;71m▀[0m[38;2;243;155;71m[48;2;243;155;71m▀[0m[38;2;254;228;202m[48;2;243;148;65m▀[0m[38;2;243;155;71m[48;2;243;154;71m▀[0m[38;2;243;155;71m[48;2;243;155;71m▀[0m[38;2;243;155;71m[48;2;233;99;18m▀[0m[38;2;243;155;71m▀[0m[38;2;244;156;71m▀[0m[38;2;232;106;22m▀[0m    
       [38;2;244;153;69m▀[0m[38;2;235;107;25m▀[0m[38;2;229;83;0m▀[0m [38;2;63;61;60m▄[0m[38;2;65;65;64m[48;2;47;53;56m▀[0m[38;2;65;65;64m[48;2;65;65;64m▀[0m[38;2;51;59;61m[48;2;65;65;64m▀[0m[38;2;66;65;64m[48;2;66;65;64m▀[0m[38;2;69;69;68m[48;2;176;209;209m▀[0m[38;2;177;210;210m[48;2;113;141;154m▀[0m[38;2;175;208;208m[48;2;176;210;210m▀[0m[38;2;128;122;131m[48;2;189;218;219m▀[0m[38;2;138;131;138m[48;2;174;173;170m▀[0m[38;2;183;175;179m▀[0m [38;2;27;16;14m▄[0m   [38;2;229;84;0m▀[0m[38;2;243;155;71m▀[0m[38;2;243;154;69m▀[0m[38;2;230;91;9m▀[0m         
        [38;2;233;102;21m[48;2;244;157;73m▀[0m[38;2;243;155;71m[48;2;243;155;71m▀[0m[38;2;65;65;64m[48;2;161;191;189m▀[0m[38;2;73;72;72m[48;2;67;65;63m▀[0m[38;2;69;68;68m[48;2;66;65;64m▀[0m[38;2;65;65;64m[48;2;44;49;51m▀[0m[38;2;65;65;64m[48;2;108;126;126m▀[0m[38;2;175;207;208m[48;2;177;210;211m▀[0m[38;2;25;23;22m[48;2;10;12;13m▀[0m[38;2;64;64;63m[48;2;176;209;209m▀[0m[38;2;177;210;210m[48;2;170;202;202m▀[0m[38;2;177;210;210m[48;2;123;133;135m▀[0m   [38;2;203;66;57m[48;2;108;70;34m▀[0m[38;2;228;151;68m[48;2;243;155;71m▀[0m[38;2;244;157;72m[48;2;243;155;71m▀[0m[38;2;234;105;23m[48;2;243;155;71m▀[0m[38;2;233;102;20m[48;2;243;154;71m▀[0m[38;2;237;121;38m▄[0m           
      [38;2;243;151;67m▄[0m[38;2;243;155;71m[48;2;243;155;71m▀[0m[38;2;243;155;71m[48;2;247;177;110m▀[0m[38;2;243;155;71m[48;2;243;150;66m▀[0m[38;2;177;207;206m[48;2;209;218;205m▀[0m[38;2;65;65;64m[48;2;95;92;91m▀[0m[38;2;65;64;63m[48;2;99;96;95m▀[0m[38;2;82;80;79m[48;2;208;230;232m▀[0m[38;2;176;209;209m[48;2;187;216;217m▀[0m[38;2;176;209;209m[48;2;177;210;210m▀[0m[38;2;176;209;209m[48;2;99;122;134m▀[0m[38;2;175;208;208m[48;2;25;29;31m▀[0m[38;2;124;133;137m▀[0m    [38;2;243;155;71m[48;2;243;155;71m▀[0m[38;2;243;155;71m[48;2;243;155;71m▀[0m[38;2;243;154;70m[48;2;243;155;71m▀[0m[38;2;243;155;71m[48;2;243;155;71m▀[0m[38;2;230;85;6m[48;2;243;155;71m▀[0m[38;2;236;114;32m[48;2;244;158;74m▀[0m           
     [38;2;243;155;71m▄[0m[38;2;244;154;71m[48;2;243;154;71m▀[0m[38;2;249;161;72m[48;2;61;61;63m▀[0m[38;2;55;62;66m[48;2;243;154;71m▀[0m[38;2;243;154;71m[48;2;243;155;71m▀[0m[38;2;86;71;53m[48;2;243;155;71m▀[0m[38;2;101;98;97m[48;2;102;99;98m▀[0m[38;2;155;169;170m[48;2;45;47;51m▀[0m[38;2;212;233;235m[48;2;115;132;141m▀[0m[38;2;115;142;156m▀[0m[38;2;107;131;143m▀[0m       [38;2;249;193;139m[48;2;243;156;71m▀[0m[38;2;243;155;71m[48;2;235;113;31m▀[0m[38;2;244;155;71m[48;2;244;156;72m▀[0m[38;2;243;155;71m[48;2;65;65;64m▀[0m[38;2;243;155;71m[48;2;243;155;71m▀[0m[38;2;243;155;71m[48;2;243;155;71m▀[0m[38;2;235;112;30m▄[0m          
    [38;2;244;158;74m[48;2;243;154;71m▀[0m[38;2;243;154;71m[48;2;243;154;71m▀[0m[38;2;243;155;71m[48;2;243;155;71m▀[0m[38;2;243;155;71m[48;2;232;96;15m▀[0m[38;2;243;155;71m[48;2;228;82;0m▀[0m[38;2;244;157;73m▀[0m[38;2;243;151;68m▀[0m            [38;2;244;173;121m▀[0m[38;2;243;155;71m▀[0m[38;2;243;155;71m[48;2;243;154;71m▀[0m[38;2;250;142;47m[48;2;243;155;71m▀[0m[38;2;184;87;30m[48;2;243;155;71m▀[0m[38;2;243;154;71m[48;2;243;155;71m▀[0m[38;2;239;132;48m[48;2;244;157;73m▀[0m          
   [38;2;243;155;71m▀[0m[38;2;244;157;73m▀[0m[38;2;233;101;20m▀[0m                    [38;2;244;160;75m▀[0m[38;2;243;155;71m▀[0m[38;2;243;155;71m[48;2;243;155;71m▀[0m[38;2;243;155;71m[48;2;243;155;71m▀[0m[38;2;234;106;25m▄[0m         
                             [38;2;244;156;72m▀[0m[38;2;245;163;83m[48;2;231;90;7m▀[0m         
