                                        
                                        
     [38;2;242;150;67m▄[0m                       [38;2;243;154;71m▄[0m[38;2;243;151;68m[48;2;243;155;71m▀[0m[38;2;232;90;6m▀[0m        
     [38;2;236;115;33m▀[0m[38;2;243;154;71m[48;2;243;154;71m▀[0m[38;2;241;140;56m[48;2;243;154;71m▀[0m[38;2;243;154;71m▄[0m[38;2;238;124;41m▄[0m                [38;2;237;128;44m▄[0m[38;2;243;154;71m▄[0m[38;2;243;154;71m[48;2;243;154;71m▀[0m[38;2;243;155;71m[48;2;243;154;71m▀[0m[38;2;240;137;53m[48;2;231;87;7m▀[0m         
      [38;2;243;155;71m▀[0m[38;2;243;154;71m[48;2;243;154;71m▀[0m[38;2;243;155;72m[48;2;246;154;69m▀[0m[38;2;243;154;71m[48;2;243;155;71m▀[0m[38;2;243;154;71m[48;2;243;155;71m▀[0m[38;2;232;104;23m[48;2;243;154;71m▀[0m[38;2;243;154;71m▄[0m[38;2;233;96;16m▄[0m          [38;2;243;154;71m▄[0m[38;2;243;154;71m[48;2;243;154;71m▀[0m[38;2;243;154;71m[48;2;198;104;41m▀[0m[38;2;243;156;72m[48;2;118;71;46m▀[0m[38;2;243;154;71m[48;2;243;154;71m▀[0m[38;2;251;214;175m[48;2;243;151;67m▀[0m          
       [38;2;243;154;71m[48;2;238;131;47m▀[0m[38;2;243;154;71m[48;2;243;155;71m▀[0m[38;2;65;65;64m[48;2;195;106;45m▀[0m[38;2;65;65;64m[48;2;243;154;71m▀[0m[38;2;243;155;71m[48;2;237;123;39m▀[0m[38;2;243;155;71m[48;2;243;154;71m▀[0m[38;2;243;152;68m[48;2;243;154;71m▀[0m[38;2;242;148;65m[48;2;243;154;71m▀[0m[38;2;43;43;43m[48;2;132;132;132m▀[0m   [38;2;118;118;118m▄[0m   [38;2;243;154;71m[48;2;246;170;97m▀[0m[38;2;243;154;71m[48;2;243;154;71m▀[0m[38;2;243;155;71m[48;2;243;154;71m▀[0m[38;2;216;109;38m[48;2;243;154;71m▀[0m[38;2;243;154;71m[48;2;243;154;71m▀[0m[38;2;244;157;76m[48;2;243;154;71m▀[0m[38;2;230;86;5m▀[0m          
        [38;2;243;155;71m[48;2;243;154;71m▀[0m[38;2;243;154;71m[48;2;243;153;70m▀[0m[38;2;237;125;43m[48;2;243;155;71m▀[0m[38;2;243;154;71m[48;2;243;154;71m▀[0m[38;2;243;154;71m[48;2;243;154;71m▀[0m[38;2;243;158;77m[48;2;183;123;64m▀[0m[38;2;145;145;145m[48;2;102;94;91m▀[0m[38;2;93;85;83m[48;2;89;82;81m▀[0m[38;2;73;70;70m[48;2;79;74;74m▀[0m[38;2;62;60;61m[48;2;75;71;72m▀[0m[38;2;147;147;147m[48;2;143;143;143m▀[0m[38;2;113;113;113m[48;2;129;129;129m▀[0m   [38;2;243;154;71m[48;2;243;154;71m▀[0m[38;2;247;177;110m[48;2;243;155;71m▀[0m[38;2;243;154;71m[48;2;243;154;71m▀[0m[38;2;243;154;71m[48;2;245;165;90m▀[0m[38;2;243;154;71m[48;2;243;155;72m▀[0m[38;2;243;155;71m[48;2;231;87;4m▀[0m           
        [38;2;230;84;5m▀[0m[38;2;243;154;71m[48;2;238;117;34m▀[0m[38;2;243;154;71m[48;2;243;154;71m▀[0m[38;2;243;156;74m[48;2;243;154;71m▀[0m[38;2;243;154;71m[48;2;254;162;74m▀[0m[38;2;148;148;148m[48;2;143;143;143m▀[0m[38;2;74;70;71m[48;2;85;75;71m▀[0m[38;2;77;71;72m[48;2;75;71;71m▀[0m[38;2;174;118;73m[48;2;97;80;72m▀[0m[38;2;102;94;94m[48;2;145;145;145m▀[0m[38;2;145;145;145m[48;2;105;105;105m▀[0m[38;2;86;85;85m[48;2;194;188;188m▀[0m[38;2;208;207;207m▄[0m [38;2;234;89;9m[48;2;160;160;160m▀[0m[38;2;243;154;71m[48;2;143;143;143m▀[0m[38;2;243;154;71m[48;2;243;154;71m▀[0m[38;2;243;154;71m[48;2;243;155;71m▀[0m[38;2;243;155;71m[48;2;241;150;66m▀[0m[38;2;235;110;28m▀[0m            
         [38;2;233;100;19m▄[0m  [38;2;234;111;30m▀[0m[38;2;81;79;77m[48;2;64;63;63m▀[0m[38;2;30;28;28m[48;2;240;238;236m▀[0m[38;2;74;71;70m[48;2;242;241;240m▀[0m[38;2;144;144;144m[48;2;236;235;233m▀[0m[38;2;65;62;63m[48;2;66;66;65m▀[0m[38;2;237;235;233m[48;2;67;66;65m▀[0m[38;2;234;232;230m[48;2;237;235;233m▀[0m[38;2;204;191;183m[48;2;204;198;198m▀[0m [38;2;168;168;168m[48;2;18;18;18m▀[0m[38;2;143;143;143m▀[0m[38;2;218;138;63m▀[0m  [38;2;238;134;51m▄[0m[38;2;243;154;71m▄[0m[38;2;243;154;71m▄[0m[38;2;243;154;71m▄[0m[38;2;232;94;12m▄[0m        
     [38;2;243;155;71m▄[0m[38;2;243;154;71m▄[0m[38;2;242;153;69m[48;2;243;154;71m▀[0m[38;2;243;153;69m[48;2;243;155;72m▀[0m[38;2;243;154;71m[48;2;243;155;71m▀[0m[38;2;243;154;71m[48;2;243;154;71m▀[0m[38;2;232;94;14m[48;2;246;162;75m▀[0m[38;2;177;177;177m▄[0m[38;2;175;163;160m[48;2;65;65;64m▀[0m[38;2;237;234;231m[48;2;237;235;232m▀[0m[38;2;236;231;227m[48;2;237;235;233m▀[0m[38;2;239;237;235m[48;2;150;147;146m▀[0m[38;2;240;239;236m[48;2;65;65;64m▀[0m[38;2;236;235;233m[48;2;67;67;66m▀[0m[38;2;237;235;233m[48;2;237;235;232m▀[0m[38;2;189;183;183m[48;2;151;143;147m▀[0m[38;2;62;59;58m[48;2;220;217;215m▀[0m  [38;2;174;174;174m▄[0m[38;2;243;154;70m▄[0m[38;2;243;155;71m[48;2;243;155;71m▀[0m[38;2;243;154;71m[48;2;243;155;71m▀[0m[38;2;243;154;71m[48;2;243;154;71m▀[0m[38;2;236;115;33m[48;2;232;99;17m▀[0m[38;2;243;154;71m[48;2;151;83;43m▀[0m[38;2;243;154;71m[48;2;203;94;28m▀[0m[38;2;243;154;71m[48;2;243;154;70m▀[0m[38;2;243;156;72m[48;2;243;155;71m▀[0m[38;2;243;154;71m▄[0m[38;2;243;154;71m▄[0m[38;2;242;144;61m▄[0m   
 [38;2;231;90;9m▄[0m[38;2;243;153;69m▄[0m[38;2;247;181;118m[48;2;243;154;71m▀[0m[38;2;243;154;71m[48;2;243;154;71m▀[0m[38;2;243;154;71m[48;2;243;154;71m▀[0m[38;2;61;65;66m[48;2;243;155;72m▀[0m[38;2;244;156;72m[48;2;242;154;72m▀[0m[38;2;243;154;71m[48;2;243;155;71m▀[0m[38;2;243;154;71m[48;2;243;154;71m▀[0m[38;2;243;154;71m[48;2;243;154;71m▀[0m[38;2;151;150;150m[48;2;204;130;62m▀[0m[38;2;177;177;177m[48;2;12;12;11m▀[0m[38;2;185;168;159m[48;2;123;117;126m▀[0m[38;2;45;50;51m[48;2;47;52;54m▀[0m[38;2;33;35;36m[48;2;27;30;31m▀[0m[38;2;45;50;53m[48;2;59;60;59m▀[0m[38;2;236;235;232m[48;2;45;50;51m▀[0m[38;2;222;219;217m[48;2;46;51;53m▀[0m[38;2;168;160;164m[48;2;45;50;51m▀[0m[38;2;160;151;155m[48;2;52;56;57m▀[0m[38;2;166;159;157m[48;2;206;201;201m▀[0m [38;2;144;144;144m▀[0m[38;2;167;167;167m[48;2;144;144;144m▀[0m[38;2;241;155;71m[48;2;243;155;71m▀[0m[38;2;243;154;71m[48;2;243;154;71m▀[0m[38;2;243;154;71m[48;2;243;154;71m▀[0m[38;2;243;154;71m[48;2;243;154;71m▀[0m[38;2;233;99;18m[48;2;243;154;71m▀[0m[38;2;100;70;53m[48;2;243;154;71m▀[0m[38;2;108;67;48m[48;2;243;155;71m▀[0m[38;2;243;154;71m[48;2;243;154;71m▀[0m[38;2;243;154;71m[48;2;254;238;222m▀[0m[38;2;243;154;71m[48;2;235;120;38m▀[0m[38;2;243;154;71m▀[0m[38;2;243;155;72m▀[0m[38;2;230;90;9m▀[0m  
    [38;2;239;126;41m▀[0m[38;2;244;156;71m▀[0m[38;2;245;161;82m▀[0m[38;2;243;154;71m[48;2;241;144;60m▀[0m[38;2;243;154;71m[48;2;239;133;49m▀[0m[38;2;243;154;71m▀[0m[38;2;238;135;52m▀[0m[38;2;141;141;141m▄[0m[38;2;120;115;117m[48;2;35;35;34m▀[0m[38;2;31;32;32m[48;2;65;65;64m▀[0m[38;2;65;65;64m[48;2;64;64;62m▀[0m[38;2;40;39;38m[48;2;65;65;64m▀[0m[38;2;36;35;35m[48;2;160;167;166m▀[0m[38;2;57;56;56m[48;2;225;225;225m▀[0m[38;2;45;50;51m[48;2;224;224;224m▀[0m[38;2;35;38;39m[48;2;101;95;102m▀[0m[38;2;107;102;109m[48;2;208;207;204m▀[0m[38;2;180;176;173m[48;2;174;163;159m▀[0m[38;2;109;106;106m▀[0m  [38;2;231;86;5m▀[0m[38;2;243;154;71m▀[0m[38;2;243;154;71m[48;2;243;155;71m▀[0m[38;2;243;154;71m[48;2;243;153;71m▀[0m[38;2;243;154;71m[48;2;235;115;33m▀[0m[38;2;243;154;71m▀[0m[38;2;241;146;62m▀[0m[38;2;231;90;8m▀[0m       
        [38;2;235;109;28m▄[0m[38;2;243;154;71m▄[0m[38;2;74;74;74m▄[0m[38;2;24;27;27m[48;2;67;67;66m▀[0m[38;2;64;65;63m[48;2;65;64;64m▀[0m[38;2;65;65;64m[48;2;67;67;66m▀[0m[38;2;65;64;64m[48;2;65;64;64m▀[0m[38;2;49;48;47m[48;2;225;225;225m▀[0m[38;2;225;225;225m[48;2;81;81;81m▀[0m[38;2;150;150;150m[48;2;128;128;128m▀[0m[38;2;224;224;224m[48;2;224;224;224m▀[0m[38;2;163;163;163m[48;2;224;224;224m▀[0m  [38;2;156;156;156m[48;2;144;144;144m▀[0m[38;2;144;144;144m▄[0m[38;2;243;154;71m▄[0m[38;2;243;154;71m▄[0m[38;2;239;133;50m▄[0m[38;2;232;91;7m▄[0m            
       [38;2;229;87;7m[48;2;243;154;71m▀[0m[38;2;240;138;56m[48;2;243;154;71m▀[0m[38;2;245;155;71m[48;2;227;149;70m▀[0m[38;2;224;224;224m[48;2;226;226;226m▀[0m[38;2;62;62;61m[48;2;65;65;64m▀[0m[38;2;64;64;63m[48;2;80;78;77m▀[0m[38;2;29;30;30m[48;2;152;157;157m▀[0m[38;2;225;225;225m[48;2;223;223;223m▀[0m[38;2;229;229;229m[48;2;225;225;225m▀[0m[38;2;165;165;165m[48;2;224;224;224m▀[0m[38;2;223;223;223m[48;2;83;83;83m▀[0m[38;2;225;225;225m[48;2;121;121;121m▀[0m[38;2;147;147;147m▀[0m  [38;2;125;121;121m[48;2;243;154;71m▀[0m[38;2;246;174;105m[48;2;243;154;71m▀[0m[38;2;243;154;71m[48;2;243;154;71m▀[0m[38;2;243;154;71m[48;2;243;154;71m▀[0m[38;2;243;154;71m[48;2;243;154;71m▀[0m[38;2;243;156;73m[48;2;254;235;217m▀[0m            
     [38;2;234;93;12m▄[0m[38;2;243;154;71m[48;2;243;154;71m▀[0m[38;2;243;154;71m[48;2;105;70;52m▀[0m[38;2;244;158;77m[48;2;62;65;65m▀[0m[38;2;239;134;51m[48;2;243;154;71m▀[0m[38;2;235;235;235m[48;2;93;86;79m▀[0m[38;2;98;95;94m[48;2;101;99;98m▀[0m[38;2;100;97;96m[48;2;242;242;242m▀[0m[38;2;241;241;241m[48;2;161;161;161m▀[0m[38;2;225;225;225m[48;2;80;80;80m▀[0m[38;2;227;227;227m[48;2;129;129;129m▀[0m[38;2;154;154;154m▀[0m     [38;2;243;154;71m[48;2;243;154;71m▀[0m[38;2;243;154;71m[48;2;243;154;71m▀[0m[38;2;243;154;71m[48;2;243;154;71m▀[0m[38;2;243;154;71m[48;2;242;148;65m▀[0m[38;2;243;154;70m[48;2;119;70;46m▀[0m[38;2;243;154;71m[48;2;243;154;71m▀[0m[38;2;238;108;24m[48;2;239;132;49m▀[0m           
    [38;2;243;155;71m▄[0m[38;2;243;154;71m[48;2;243;154;71m▀[0m[38;2;243;154;70m[48;2;243;154;71m▀[0m[38;2;245;152;68m[48;2;243;154;71m▀[0m[38;2;243;154;71m[48;2;243;154;71m▀[0m[38;2;243;154;71m[48;2;234;107;25m▀[0m[38;2;243;154;71m[48;2;231;90;9m▀[0m[38;2;140;91;47m▀[0m[38;2;209;94;25m▀[0m         [38;2;243;155;71m▀[0m[38;2;233;100;18m[48;2;242;152;68m▀[0m[38;2;250;205;159m[48;2;243;154;71m▀[0m[38;2;63;64;64m[48;2;243;154;71m▀[0m[38;2;65;65;64m[48;2;97;67;52m▀[0m[38;2;243;154;71m[48;2;243;154;71m▀[0m[38;2;243;155;71m[48;2;243;155;71m▀[0m           
   [38;2;236;109;28m[48;2;243;154;71m▀[0m[38;2;243;155;71m[48;2;242;144;61m▀[0m[38;2;243;154;71m▀[0m[38;2;237;120;38m▀[0m[38;2;235;113;30m▀[0m                 [38;2;243;154;71m▀[0m[38;2;243;154;71m[48;2;243;154;71m▀[0m[38;2;243;154;71m[48;2;243;154;71m▀[0m[38;2;243;154;71m[48;2;243;154;71m▀[0m[38;2;236;102;19m[48;2;241;143;60m▀[0m          
                           [38;2;234;90;7m▀[0m[38;2;243;154;71m▀[0m[38;2;243;153;69m[48;2;243;154;71m▀[0m          
                                        
                                        
