                                        
                                        
              [38;2;183;208;67m▄[0m[38;2;132;183;61m▄[0m[38;2;138;185;62m▀[0m [38;2;130;184;66m▄[0m                     
            [38;2;77;143;66m[48;2;157;195;45m▀[0m[38;2;216;229;157m[48;2;132;182;61m▀[0m[38;2;131;182;61m[48;2;132;183;61m▀[0m[38;2;187;214;66m[48;2;102;152;64m▀[0m[38;2;130;181;61m[48;2;61;114;62m▀[0m[38;2;52;78;37m▀[0m     [38;2;89;185;109m▄[0m                
            [38;2;131;182;61m[48;2;101;145;60m▀[0m[38;2;131;182;61m[48;2;131;182;61m▀[0m[38;2;43;66;28m[48;2;85;104;35m▀[0m[38;2;55;53;53m[48;2;131;182;61m▀[0m[38;2;131;182;61m[48;2;130;182;61m▀[0m[38;2;73;100;34m[48;2;132;183;61m▀[0m[38;2;134;197;128m[48;2;72;101;43m▀[0m[38;2;111;192;123m▄[0m[38;2;105;189;128m▄[0m[38;2;100;188;118m[48;2;105;189;128m▀[0m[38;2;105;189;128m▀[0m                 
            [38;2;47;48;13m[48;2;162;161;158m▀[0m[38;2;33;62;43m[48;2;22;32;35m▀[0m[38;2;22;44;31m[48;2;104;97;92m▀[0m[38;2;22;44;32m[48;2;66;62;59m▀[0m[38;2;131;182;61m[48;2;175;208;99m▀[0m[38;2;133;184;61m[48;2;91;127;44m▀[0m[38;2;91;130;53m[48;2;120;172;63m▀[0m[38;2;107;189;127m[48;2;166;200;76m▀[0m[38;2;105;189;128m[48;2;107;190;127m▀[0m[38;2;22;161;112m▀[0m [38;2;122;194;129m▄[0m                
            [38;2;46;37;48m[48;2;178;211;68m▀[0m[38;2;97;91;87m[48;2;135;162;51m▀[0m[38;2;66;62;60m[48;2;188;219;67m▀[0m[38;2;65;61;59m[48;2;135;179;59m▀[0m[38;2;43;60;20m[48;2;133;183;61m▀[0m[38;2;137;190;63m[48;2;53;73;28m▀[0m[38;2;125;177;62m[48;2;129;179;62m▀[0m[38;2;114;166;63m[48;2;120;172;62m▀[0m[38;2;158;198;82m▄[0m[38;2;106;190;128m[48;2;105;189;128m▀[0m[38;2;105;190;128m[48;2;105;189;128m▀[0m[38;2;136;200;124m▀[0m                
            [38;2;122;173;60m[48;2;121;177;71m▀[0m[38;2;180;207;65m[48;2;186;211;65m▀[0m[38;2;134;184;61m[48;2;131;182;61m▀[0m[38;2;134;185;61m[48;2;81;110;70m▀[0m[38;2;170;221;160m[48;2;105;190;128m▀[0m[38;2;105;189;128m[48;2;198;228;201m▀[0m[38;2;164;201;105m[48;2;116;166;64m▀[0m[38;2;125;177;61m[48;2;131;182;61m▀[0m[38;2;40;60;27m[48;2;119;171;63m▀[0m[38;2;128;205;131m[48;2;124;177;80m▀[0m[38;2;166;213;173m▄[0m[38;2;104;189;127m▄[0m[38;2;76;181;151m▄[0m[38;2;119;193;126m▀[0m[38;2;59;176;116m▄[0m             
          [38;2;19;33;17m▄[0m[38;2;65;93;38m▄[0m[38;2;122;182;81m[48;2;58;79;40m▀[0m[38;2;187;211;65m[48;2;187;211;65m▀[0m[38;2;133;184;61m[48;2;113;157;54m▀[0m[38;2;187;225;187m[48;2;132;183;61m▀[0m[38;2;80;113;71m[48;2;133;183;61m▀[0m[38;2;95;139;55m[48;2;131;182;61m▀[0m[38;2;130;180;61m[48;2;130;180;61m▀[0m[38;2;129;180;62m[48;2;131;182;61m▀[0m[38;2;126;177;61m[48;2;143;200;68m▀[0m[38;2;133;201;93m[48;2;128;180;59m▀[0m[38;2;124;185;84m[48;2;159;178;115m▀[0m[38;2;131;195;89m[48;2;130;182;61m▀[0m[38;2;123;187;87m[48;2;132;183;61m▀[0m[38;2;126;191;91m[48;2;131;182;61m▀[0m[38;2;29;27;28m[48;2;132;183;61m▀[0m[38;2;72;69;66m▄[0m            
        [38;2;66;122;65m[48;2;50;62;64m▀[0m[38;2;63;116;62m[48;2;52;63;65m▀[0m[38;2;63;117;63m[48;2;69;129;68m▀[0m[38;2;106;159;64m[48;2;78;114;47m▀[0m[38;2;123;184;83m[48;2;123;181;76m▀[0m[38;2;176;205;64m[48;2;160;196;63m▀[0m[38;2;131;181;61m[48;2;145;199;66m▀[0m[38;2;133;183;61m[48;2;91;141;67m▀[0m[38;2;131;183;61m[48;2;107;167;73m▀[0m[38;2;138;190;63m[48;2;148;206;68m▀[0m[38;2;131;182;61m[48;2;133;184;61m▀[0m[38;2;133;184;61m[48;2;131;182;61m▀[0m[38;2;132;182;61m[48;2;131;181;61m▀[0m[38;2;141;195;63m[48;2;46;57;60m▀[0m[38;2;105;136;46m[48;2;24;29;29m▀[0m[38;2;76;71;71m[48;2;65;64;64m▀[0m[38;2;80;76;76m[48;2;19;20;20m▀[0m[38;2;61;57;56m[48;2;47;58;60m▀[0m[38;2;130;181;61m[48;2;60;112;60m▀[0m[38;2;24;23;24m▀[0m            
         [38;2;30;48;31m▀[0m[38;2;42;52;54m▀[0m[38;2;122;197;125m[48;2;113;165;63m▀[0m[38;2;130;182;63m[48;2;137;188;61m▀[0m[38;2;150;191;62m[48;2;69;95;40m▀[0m[38;2;132;183;61m[48;2;132;183;61m▀[0m[38;2;122;174;108m[48;2;132;183;61m▀[0m[38;2;194;227;197m[48;2;111;158;100m▀[0m[38;2;106;190;128m[48;2;105;189;128m▀[0m[38;2;15;149;95m[48;2;105;189;128m▀[0m[38;2;102;141;47m[48;2;116;168;61m▀[0m[38;2;131;181;61m[48;2;131;181;61m▀[0m[38;2;133;183;61m[48;2;134;185;61m▀[0m[38;2;11;10;16m[48;2;128;179;62m▀[0m[38;2;67;124;65m[48;2;87;138;63m▀[0m[38;2;21;43;27m[48;2;50;105;62m▀[0m        [38;2;64;60;60m▄[0m      
           [38;2;117;169;62m[48;2;107;204;126m▀[0m[38;2;15;163;112m[48;2;105;189;128m▀[0m[38;2;115;192;129m[48;2;105;190;128m▀[0m[38;2;54;174;119m[48;2;105;190;128m▀[0m[38;2;132;183;61m[48;2;105;189;128m▀[0m[38;2;131;181;61m[48;2;134;186;62m▀[0m[38;2;47;67;38m[48;2;132;183;61m▀[0m[38;2;105;190;128m[48;2;133;183;61m▀[0m[38;2;132;183;61m[48;2;136;188;61m▀[0m[38;2;137;187;61m[48;2;132;183;61m▀[0m[38;2;131;182;61m[48;2;131;183;61m▀[0m[38;2;130;181;61m[48;2;132;183;61m▀[0m[38;2;126;177;62m[48;2;129;180;62m▀[0m[38;2;113;165;63m[48;2;89;140;62m▀[0m      [38;2;34;50;21m[48;2;137;189;62m▀[0m[38;2;76;71;72m▄[0m[38;2;17;17;17m▀[0m      
         [38;2;213;226;129m▄[0m[38;2;130;182;59m[48;2;135;186;62m▀[0m[38;2;56;54;57m[48;2;77;72;72m▀[0m[38;2;105;190;128m[48;2;105;190;128m▀[0m[38;2;105;189;127m[48;2;107;190;128m▀[0m[38;2;105;189;128m[48;2;137;199;126m▀[0m[38;2;39;83;72m[48;2;76;72;72m▀[0m[38;2;76;71;72m[48;2;76;71;72m▀[0m[38;2;63;64;65m[48;2;78;73;73m▀[0m[38;2;135;186;59m[48;2;76;72;72m▀[0m[38;2;133;183;61m[48;2;12;14;14m▀[0m[38;2;134;184;61m[48;2;75;71;71m▀[0m[38;2;143;198;66m[48;2;75;71;71m▀[0m[38;2;39;42;51m[48;2;59;54;59m▀[0m[38;2;76;72;71m[48;2;194;215;108m▀[0m[38;2;20;24;27m[48;2;154;190;79m▀[0m[38;2;115;168;63m▄[0m[38;2;59;107;57m▄[0m[38;2;163;208;124m▄[0m[38;2;133;184;61m▄[0m[38;2;135;196;91m▄[0m[38;2;141;194;67m[48;2;164;199;62m▀[0m[38;2;74;103;38m[48;2;128;178;62m▀[0m[38;2;132;183;61m[48;2;63;119;63m▀[0m[38;2;146;201;66m▀[0m      
        [38;2;57;71;30m▄[0m[38;2;156;193;77m[48;2;131;182;61m▀[0m[38;2;134;184;61m[48;2;111;160;63m▀[0m[38;2;76;72;72m[48;2;77;72;72m▀[0m[38;2;7;164;111m[48;2;76;71;72m▀[0m[38;2;105;189;128m[48;2;76;71;70m▀[0m[38;2;77;72;72m[48;2;75;71;71m▀[0m[38;2;76;72;72m[48;2;75;71;72m▀[0m[38;2;77;72;72m[48;2;76;72;72m▀[0m[38;2;76;71;72m[48;2;76;72;72m▀[0m[38;2;77;72;72m[48;2;79;74;74m▀[0m[38;2;74;70;70m[48;2;76;72;72m▀[0m[38;2;76;72;72m[48;2;77;72;72m▀[0m[38;2;29;28;28m[48;2;9;12;16m▀[0m[38;2;196;217;109m[48;2;196;216;109m▀[0m[38;2;194;216;109m[48;2;194;215;108m▀[0m[38;2;136;183;66m[48;2;133;183;61m▀[0m[38;2;120;171;63m[48;2;126;178;61m▀[0m[38;2;112;164;63m[48;2;62;98;45m▀[0m[38;2;67;121;63m[48;2;93;142;59m▀[0m[38;2;136;168;67m[48;2;90;192;120m▀[0m[38;2;130;183;64m[48;2;63;117;62m▀[0m[38;2;84;136;62m[48;2;64;119;63m▀[0m[38;2;48;115;67m▀[0m[38;2;46;86;47m▀[0m       
        [38;2;32;39;16m▀[0m[38;2;137;190;62m[48;2;63;118;63m▀[0m[38;2;63;117;62m[48;2;19;34;21m▀[0m[38;2;13;7;14m[48;2;63;117;62m▀[0m[38;2;76;72;72m[48;2;77;73;73m▀[0m[38;2;49;48;48m[48;2;63;66;22m▀[0m[38;2;77;72;72m[48;2;86;81;81m▀[0m[38;2;76;72;72m[48;2;76;72;72m▀[0m[38;2;77;72;72m[48;2;76;72;72m▀[0m[38;2;77;71;72m[48;2;76;72;72m▀[0m[38;2;78;73;73m[48;2;67;66;67m▀[0m[38;2;76;72;72m[48;2;45;55;57m▀[0m[38;2;45;56;57m[48;2;45;55;57m▀[0m[38;2;171;203;86m[48;2;133;183;61m▀[0m[38;2;183;208;97m[48;2;68;96;35m▀[0m[38;2;131;183;60m[48;2;134;187;63m▀[0m[38;2;132;184;61m[48;2;136;186;61m▀[0m[38;2;131;182;61m[48;2;133;184;62m▀[0m[38;2;153;209;162m[48;2;125;176;62m▀[0m[38;2;98;148;62m[48;2;57;112;62m▀[0m[38;2;38;113;70m▀[0m[38;2;20;14;8m▀[0m          
         [38;2;63;116;62m▀[0m[38;2;63;117;62m[48;2;63;116;62m▀[0m[38;2;56;77;36m[48;2;63;117;62m▀[0m[38;2;63;118;63m[48;2;62;116;62m▀[0m[38;2;131;182;61m[48;2;71;134;71m▀[0m[38;2;132;183;61m[48;2;63;117;62m▀[0m[38;2;133;184;61m[48;2;63;117;62m▀[0m[38;2;125;178;65m[48;2;63;116;62m▀[0m[38;2;50;63;64m[48;2;63;116;62m▀[0m[38;2;45;55;57m[48;2;63;116;62m▀[0m[38;2;29;38;40m[48;2;42;76;43m▀[0m[38;2;44;55;57m[48;2;56;103;55m▀[0m[38;2;130;181;62m[48;2;28;45;23m▀[0m[38;2;133;184;61m[48;2;132;183;61m▀[0m[38;2;135;186;61m[48;2;132;183;61m▀[0m[38;2;133;184;61m[48;2;132;182;61m▀[0m[38;2;132;183;61m[48;2;102;142;53m▀[0m[38;2;135;190;116m[48;2;63;117;62m▀[0m[38;2;61;115;62m[48;2;97;178;108m▀[0m            
       [38;2;37;46;46m▄[0m[38;2;38;47;48m▄[0m[38;2;42;52;54m[48;2;44;54;56m▀[0m[38;2;27;35;36m[48;2;44;55;57m▀[0m[38;2;49;60;62m[48;2;45;55;57m▀[0m[38;2;49;59;61m[48;2;45;55;57m▀[0m[38;2;45;55;57m[48;2;45;57;58m▀[0m  [38;2;31;56;30m▀[0m[38;2;71;131;71m▀[0m[38;2;88;160;93m▀[0m[38;2;61;108;66m▀[0m  [38;2;131;181;61m▀[0m[38;2;132;182;61m[48;2;63;116;62m▀[0m[38;2;61;115;62m[48;2;63;117;63m▀[0m[38;2;63;117;62m[48;2;63;116;62m▀[0m[38;2;66;122;64m[48;2;91;164;101m▀[0m             
                       [38;2;12;11;17m[48;2;75;71;71m▀[0m[38;2;62;116;62m[48;2;69;64;64m▀[0m[38;2;97;175;110m[48;2;79;73;73m▀[0m[38;2;49;62;63m[48;2;76;72;72m▀[0m             
                       [38;2;66;62;59m[48;2;68;66;63m▀[0m[38;2;33;41;41m▀[0m[38;2;83;78;74m[48;2;48;55;55m▀[0m[38;2;15;20;20m▀[0m[38;2;65;62;59m▀[0m            
                                        
