                                        
                                        
                                        
                          [38;2;0;0;0m▄[0m             
                         [38;2;244;252;252m[48;2;227;243;244m▀[0m[38;2;0;0;0m▀[0m             
         [38;2;0;0;0m▄[0m[38;2;132;148;161m▄[0m[38;2;34;37;40m▄[0m      [38;2;120;127;127m[48;2;237;254;255m▀[0m   [38;2;148;152;163m▄[0m[38;2;17;17;19m[48;2;97;112;129m▀[0m[38;2;117;125;140m[48;2;233;248;248m▀[0m[38;2;180;196;211m[48;2;157;176;196m▀[0m              
     [38;2;0;0;0m▄[0m[38;2;23;27;27m[48;2;102;142;163m▀[0m[38;2;41;48;53m[48;2;124;150;166m▀[0m[38;2;137;160;176m[48;2;97;134;152m▀[0m[38;2;141;162;177m[48;2;255;255;255m▀[0m[38;2;9;10;10m[48;2;131;156;177m▀[0m[38;2;210;234;235m[48;2;11;13;14m▀[0m[38;2;244;247;247m[48;2;102;137;157m▀[0m[38;2;134;157;173m[48;2;110;143;161m▀[0m[38;2;109;142;160m▄[0m   [38;2;242;252;252m[48;2;210;231;232m▀[0m[38;2;197;216;224m[48;2;198;219;225m▀[0m[38;2;0;0;0m[48;2;127;137;152m▀[0m[38;2;157;159;169m[48;2;82;101;120m▀[0m[38;2;81;100;118m[48;2;80;100;118m▀[0m[38;2;70;95;115m[48;2;84;95;95m▀[0m[38;2;198;222;228m[48;2;129;156;181m▀[0m[38;2;157;175;196m[48;2;156;179;197m▀[0m[38;2;68;96;117m[48;2;66;93;113m▀[0m             
    [38;2;22;21;21m[48;2;246;253;254m▀[0m[38;2;6;7;6m[48;2;197;229;231m▀[0m[38;2;218;239;240m[48;2;196;226;226m▀[0m[38;2;97;133;152m[48;2;97;132;149m▀[0m[38;2;174;199;203m[48;2;38;42;39m▀[0m[38;2;216;222;225m[48;2;43;53;59m▀[0m[38;2;13;10;7m[48;2;26;22;4m▀[0m[38;2;242;208;55m[48;2;242;208;53m▀[0m[38;2;106;140;159m[48;2;109;142;161m▀[0m[38;2;110;142;161m[48;2;99;137;157m▀[0m[38;2;95;135;156m[48;2;95;135;156m▀[0m[38;2;66;93;107m[48;2;95;135;156m▀[0m  [38;2;22;23;23m[48;2;126;132;146m▀[0m[38;2;216;239;239m[48;2;214;238;239m▀[0m[38;2;174;192;207m[48;2;154;173;192m▀[0m[38;2;84;103;121m[48;2;76;79;99m▀[0m[38;2;76;89;107m[48;2;31;31;40m▀[0m[38;2;199;230;232m[48;2;155;183;200m▀[0m[38;2;137;164;187m[48;2;144;171;192m▀[0m[38;2;155;182;200m[48;2;165;193;209m▀[0m[38;2;72;97;116m[48;2;76;98;118m▀[0m[38;2;2;1;1m▄[0m            
   [38;2;30;27;26m▄[0m[38;2;198;230;232m[48;2;200;231;233m▀[0m[38;2;198;230;231m[48;2;170;199;211m▀[0m[38;2;196;228;228m[48;2;136;160;180m▀[0m[38;2;75;86;86m[48;2;127;151;174m▀[0m[38;2;103;116;114m[48;2;182;193;206m▀[0m[38;2;75;87;91m[48;2;199;206;216m▀[0m[38;2;60;56;46m[48;2;184;195;209m▀[0m[38;2;185;174;33m[48;2;179;192;207m▀[0m[38;2;103;139;159m[48;2;191;202;216m▀[0m[38;2;95;135;156m[48;2;95;135;156m▀[0m[38;2;95;135;156m[48;2;102;139;158m▀[0m[38;2;110;142;161m[48;2;112;144;162m▀[0m[38;2;111;143;161m[48;2;110;143;161m▀[0m[38;2;124;131;145m[48;2;106;140;159m▀[0m[38;2;90;106;124m[48;2;81;101;119m▀[0m[38;2;225;253;253m[48;2;125;134;132m▀[0m[38;2;169;184;201m[48;2;198;207;219m▀[0m[38;2;205;216;226m[48;2;129;156;181m▀[0m[38;2;198;230;232m[48;2;203;235;235m▀[0m[38;2;145;172;192m[48;2;149;177;196m▀[0m[38;2;153;181;199m[48;2;163;186;201m▀[0m[38;2;180;201;209m[48;2;23;21;20m▀[0m[38;2;72;93;112m[48;2;68;83;103m▀[0m[38;2;73;98;118m[48;2;66;93;113m▀[0m[38;2;243;249;252m▄[0m           
    [38;2;130;157;182m[48;2;208;216;215m▀[0m[38;2;133;159;184m[48;2;130;156;179m▀[0m[38;2;130;156;181m[48;2;130;154;178m▀[0m[38;2;157;174;191m[48;2;176;188;202m▀[0m[38;2;187;196;209m[48;2;179;197;211m▀[0m[38;2;167;180;197m[48;2;178;201;210m▀[0m[38;2;167;182;199m[48;2;86;93;110m▀[0m[38;2;5;6;7m[48;2;85;93;110m▀[0m[38;2;95;135;156m[48;2;88;103;121m▀[0m[38;2;94;135;156m[48;2;109;142;160m▀[0m[38;2;109;142;161m[48;2;109;142;161m▀[0m[38;2;110;142;161m[48;2;109;142;160m▀[0m[38;2;109;141;160m[48;2;109;142;160m▀[0m[38;2;110;143;161m[48;2;105;140;159m▀[0m[38;2;124;160;181m[48;2;97;136;156m▀[0m[38;2;12;13;13m[48;2;70;99;113m▀[0m[38;2;168;184;203m[48;2;132;159;183m▀[0m[38;2;137;164;187m[48;2;144;171;192m▀[0m[38;2;144;171;192m[48;2;153;179;196m▀[0m[38;2;163;186;200m[48;2;185;202;215m▀[0m[38;2;188;205;216m[48;2;213;225;232m▀[0m[38;2;68;72;73m[48;2;212;224;231m▀[0m[38;2;186;206;217m[48;2;163;191;206m▀[0m[38;2;200;215;224m[48;2;7;11;13m▀[0m[38;2;0;0;0m▀[0m           
     [38;2;126;150;175m▀[0m[38;2;129;153;175m[48;2;205;216;222m▀[0m[38;2;186;196;208m[48;2;172;185;200m▀[0m[38;2;15;17;17m▀[0m[38;2;90;97;113m▀[0m[38;2;85;93;110m[48;2;85;93;110m▀[0m[38;2;85;94;110m[48;2;88;95;112m▀[0m[38;2;95;101;116m[48;2;100;104;119m▀[0m[38;2;112;145;163m[48;2;97;102;117m▀[0m[38;2;110;143;161m[48;2;106;140;160m▀[0m[38;2;107;141;160m[48;2;106;141;160m▀[0m[38;2;108;142;160m[48;2;106;141;160m▀[0m[38;2;103;138;159m[48;2;102;139;158m▀[0m[38;2;96;136;156m[48;2;95;135;156m▀[0m[38;2;95;135;156m[48;2;95;135;156m▀[0m[38;2;110;159;183m[48;2;96;136;156m▀[0m[38;2;148;173;192m[48;2;102;137;155m▀[0m[38;2;186;202;214m[48;2;104;139;159m▀[0m[38;2;212;223;230m[48;2;101;141;163m▀[0m[38;2;210;222;230m[48;2;66;94;109m▀[0m[38;2;176;200;213m[48;2;1;1;1m▀[0m[38;2;6;6;7m[48;2;9;11;14m▀[0m[38;2;67;94;114m[48;2;40;47;54m▀[0m            
           [38;2;97;102;118m▀[0m[38;2;95;101;116m[48;2;110;112;113m▀[0m[38;2;95;101;116m[48;2;158;161;163m▀[0m[38;2;102;117;133m[48;2;98;103;117m▀[0m[38;2;108;142;160m[48;2;102;138;158m▀[0m[38;2;101;138;158m[48;2;94;134;155m▀[0m[38;2;95;135;156m[48;2;95;135;156m▀[0m[38;2;95;135;156m[48;2;95;135;156m▀[0m[38;2;95;135;156m[48;2;110;142;160m▀[0m[38;2;101;137;157m[48;2;102;136;153m▀[0m[38;2;101;137;157m[48;2;97;134;153m▀[0m[38;2;100;137;157m[48;2;97;133;152m▀[0m[38;2;95;135;156m[48;2;95;134;155m▀[0m[38;2;95;135;156m[48;2;95;135;156m▀[0m[38;2;95;135;156m[48;2;101;138;158m▀[0m[38;2;106;140;160m[48;2;107;141;160m▀[0m[38;2;105;140;159m[48;2;105;140;159m▀[0m[38;2;104;140;159m[48;2;107;140;160m▀[0m[38;2;105;140;159m[48;2;107;141;160m▀[0m[38;2;107;141;160m[48;2;103;139;158m▀[0m[38;2;98;137;157m[48;2;100;137;157m▀[0m[38;2;99;136;155m[48;2;97;134;153m▀[0m[38;2;97;133;152m[48;2;111;142;161m▀[0m[38;2;102;142;163m[48;2;116;147;165m▀[0m[38;2;124;153;170m▄[0m[38;2;124;153;170m▄[0m[38;2;0;0;0m▄[0m  
           [38;2;93;99;114m▄[0m[38;2;152;156;157m[48;2;42;42;42m▀[0m[38;2;151;154;156m[48;2;150;153;156m▀[0m[38;2;149;153;155m[48;2;149;152;154m▀[0m[38;2;93;112;129m[48;2;86;95;112m▀[0m[38;2;95;135;156m[48;2;95;135;156m▀[0m[38;2;95;135;156m[48;2;102;139;159m▀[0m[38;2;102;138;159m[48;2;102;136;153m▀[0m[38;2;101;135;153m[48;2;103;135;153m▀[0m[38;2;100;135;152m[48;2;97;133;152m▀[0m[38;2;96;133;152m[48;2;96;134;153m▀[0m[38;2;95;134;155m[48;2;95;135;156m▀[0m[38;2;95;135;156m[48;2;102;138;158m▀[0m[38;2;103;139;159m[48;2;112;144;162m▀[0m[38;2;110;143;161m[48;2;107;141;159m▀[0m[38;2;105;140;160m[48;2;107;141;160m▀[0m[38;2;107;141;160m[48;2;103;139;158m▀[0m[38;2;107;141;160m[48;2;108;141;160m▀[0m[38;2;108;141;160m[48;2;93;111;128m▀[0m[38;2;98;136;156m[48;2;85;94;110m▀[0m[38;2;96;136;155m[48;2;1;0;0m▀[0m[38;2;88;99;114m▀[0m[38;2;98;105;121m▀[0m[38;2;7;4;6m▀[0m [38;2;0;0;0m▀[0m[38;2;116;118;133m▀[0m[38;2;79;92;101m▀[0m 
          [38;2;93;100;115m▄[0m[38;2;94;100;115m[48;2;97;102;116m▀[0m[38;2;93;90;105m[48;2;85;76;92m▀[0m[38;2;146;150;153m[48;2;0;0;0m▀[0m[38;2;144;149;152m[48;2;145;149;152m▀[0m[38;2;83;92;108m[48;2;91;119;137m▀[0m[38;2;95;135;156m[48;2;124;152;168m▀[0m[38;2;103;139;159m[48;2;131;155;171m▀[0m[38;2;109;131;148m[48;2;78;68;83m▀[0m[38;2;98;133;151m[48;2;93;116;133m▀[0m[38;2;97;133;150m[48;2;96;134;153m▀[0m[38;2;96;134;153m[48;2;93;134;155m▀[0m[38;2;95;135;156m[48;2;110;142;161m▀[0m[38;2;113;144;162m[48;2;109;141;161m▀[0m[38;2;108;141;160m[48;2;107;141;160m▀[0m[38;2;22;27;30m[48;2;20;22;25m▀[0m[38;2;104;139;159m[48;2;98;103;117m▀[0m[38;2;99;113;130m[48;2;87;95;112m▀[0m[38;2;87;95;111m[48;2;37;39;44m▀[0m[38;2;88;96;112m▀[0m          
         [38;2;90;55;29m[48;2;190;120;61m▀[0m[38;2;97;102;117m[48;2;95;100;116m▀[0m[38;2;93;99;115m[48;2;88;96;113m▀[0m[38;2;150;100;20m▄[0m[38;2;247;170;32m▄[0m[38;2;143;147;148m[48;2;244;168;45m▀[0m[38;2;107;139;157m[48;2;93;99;115m▀[0m[38;2;122;150;168m[48;2;89;96;112m▀[0m[38;2;97;127;146m[48;2;48;46;54m▀[0m[38;2;81;81;96m[48;2;77;78;78m▀[0m[38;2;92;100;116m[48;2;4;6;7m▀[0m[38;2;97;134;152m[48;2;137;160;174m▀[0m[38;2;137;160;175m[48;2;146;165;180m▀[0m[38;2;106;140;160m[48;2;103;138;159m▀[0m[38;2;108;142;161m[48;2;108;142;160m▀[0m[38;2;106;140;160m[48;2;109;142;160m▀[0m[38;2;98;102;117m[48;2;164;168;170m▀[0m[38;2;90;97;113m▀[0m[38;2;7;7;8m▀[0m            
        [38;2;143;80;55m[48;2;163;95;57m▀[0m[38;2;50;46;58m▀[0m[38;2;182;113;57m[48;2;149;154;156m▀[0m[38;2;223;147;44m▀[0m[38;2;129;90;20m[48;2;29;30;31m▀[0m[38;2;31;24;36m[48;2;245;168;46m▀[0m[38;2;252;188;48m[48;2;51;55;65m▀[0m[38;2;93;99;115m[48;2;70;76;90m▀[0m[38;2;45;48;55m[48;2;72;56;71m▀[0m[38;2;143;146;148m[48;2;71;54;70m▀[0m[38;2;142;145;147m[48;2;71;55;71m▀[0m[38;2;67;67;67m[48;2;87;68;83m▀[0m[38;2;157;172;185m[48;2;119;149;166m▀[0m[38;2;149;168;181m[48;2;123;151;168m▀[0m[38;2;118;147;165m[48;2;106;141;161m▀[0m[38;2;104;139;159m[48;2;96;100;115m▀[0m[38;2;104;109;125m[48;2;86;94;111m▀[0m               
          [38;2;0;0;0m▀[0m [38;2;147;151;154m[48;2;0;0;0m▀[0m[38;2;245;174;64m[48;2;244;188;62m▀[0m[38;2;0;0;0m▀[0m[38;2;86;93;109m▀[0m[38;2;83;81;96m▀[0m[38;2;80;73;88m▀[0m[38;2;84;73;87m[48;2;97;102;117m▀[0m[38;2;88;84;99m[48;2;94;100;115m▀[0m [38;2;96;102;118m▀[0m[38;2;97;102;117m▀[0m[38;2;87;94;111m[48;2;89;96;113m▀[0m[38;2;86;93;110m[48;2;85;93;110m▀[0m[38;2;65;72;84m[48;2;88;94;109m▀[0m              
            [38;2;252;218;132m[48;2;25;16;10m▀[0m   [38;2;36;36;36m▄[0m[38;2;19;17;17m[48;2;152;155;156m▀[0m[38;2;99;104;120m[48;2;150;153;155m▀[0m[38;2;97;102;116m▀[0m [38;2;235;247;248m▄[0m[38;2;36;47;53m[48;2;196;229;231m▀[0m[38;2;95;135;156m[48;2;197;221;220m▀[0m[38;2;100;137;157m[48;2;104;137;154m▀[0m[38;2;103;135;152m[48;2;100;136;154m▀[0m[38;2;94;112;129m▀[0m             
                     [38;2;2;0;0m▀[0m[38;2;25;24;24m▀[0m[38;2;87;97;96m▀[0m                
                                        
