                                        
                [38;2;243;252;253m▄[0m[38;2;107;124;146m[48;2;255;255;255m▀[0m[38;2;109;125;148m[48;2;160;185;199m▀[0m[38;2;20;21;24m[48;2;99;115;134m▀[0m                    
                [38;2;133;155;154m[48;2;216;238;239m▀[0m[38;2;216;238;239m[48;2;167;194;211m▀[0m[38;2;119;107;33m[48;2;155;178;192m▀[0m[38;2;96;115;134m[48;2;189;203;214m▀[0m[38;2;66;93;113m[48;2;66;93;113m▀[0m                   
               [38;2;176;209;218m▀[0m[38;2;181;206;213m[48;2;32;34;36m▀[0m[38;2;154;180;195m[48;2;146;173;189m▀[0m[38;2;56;60;65m[48;2;145;173;189m▀[0m[38;2;199;219;231m[48;2;52;66;82m▀[0m[38;2;72;97;116m[48;2;80;100;120m▀[0m[38;2;81;101;120m[48;2;74;97;117m▀[0m   [38;2;70;70;70m[48;2;255;255;255m▀[0m[38;2;161;190;202m▄[0m[38;2;40;41;41m▄[0m[38;2;106;104;103m[48;2;152;181;196m▀[0m           
                [38;2;202;232;233m[48;2;191;195;195m▀[0m[38;2;198;230;232m[48;2;52;66;82m▀[0m[38;2;19;23;27m[48;2;92;105;115m▀[0m[38;2;64;73;88m[48;2;77;97;115m▀[0m[38;2;78;100;119m[48;2;78;99;118m▀[0m[38;2;79;100;119m[48;2;81;102;120m▀[0m[38;2;80;101;121m▄[0m  [38;2;166;188;202m[48;2;145;173;189m▀[0m[38;2;102;122;133m[48;2;70;69;69m▀[0m[38;2;172;202;211m[48;2;17;17;17m▀[0m[38;2;180;213;229m[48;2;144;172;189m▀[0m[38;2;222;227;232m▄[0m[38;2;115;113;113m▄[0m         
                 [38;2;53;68;84m[48;2;80;101;120m▀[0m[38;2;61;72;87m[48;2;77;100;119m▀[0m[38;2;78;100;119m[48;2;79;101;120m▀[0m[38;2;78;100;119m[48;2;86;104;122m▀[0m[38;2;80;101;120m[48;2;86;104;122m▀[0m[38;2;80;101;120m[48;2;69;95;115m▀[0m [38;2;195;228;231m[48;2;145;173;189m▀[0m[38;2;151;180;197m[48;2;59;60;60m▀[0m[38;2;67;65;65m[48;2;64;63;62m▀[0m[38;2;71;69;69m[48;2;74;71;69m▀[0m[38;2;84;80;79m[48;2;67;64;65m▀[0m[38;2;111;131;142m[48;2;122;145;157m▀[0m          
                 [38;2;81;101;120m[48;2;78;99;119m▀[0m[38;2;78;100;119m[48;2;78;100;119m▀[0m[38;2;81;101;120m[48;2;80;101;120m▀[0m[38;2;84;103;121m[48;2;82;102;120m▀[0m[38;2;78;100;119m[48;2;78;100;119m▀[0m[38;2;68;94;114m[48;2;66;93;113m▀[0m[38;2;67;94;114m[48;2;66;93;113m▀[0m[38;2;145;173;189m[48;2;52;62;67m▀[0m[38;2;55;56;56m[48;2;255;255;255m▀[0m[38;2;71;68;67m[48;2;60;59;60m▀[0m[38;2;62;60;60m[48;2;12;11;11m▀[0m[38;2;46;47;49m[48;2;41;44;47m▀[0m[38;2;174;204;213m[48;2;240;248;249m▀[0m          
               [38;2;71;96;115m▄[0m[38;2;74;95;113m[48;2;125;135;134m▀[0m[38;2;209;235;236m[48;2;206;233;235m▀[0m[38;2;214;236;237m[48;2;207;234;235m▀[0m[38;2;218;238;239m[48;2;200;231;232m▀[0m[38;2;72;96;115m[48;2;64;91;111m▀[0m[38;2;66;93;113m[48;2;66;93;113m▀[0m[38;2;66;93;113m[48;2;66;93;113m▀[0m[38;2;66;93;113m[48;2;76;100;121m▀[0m[38;2;12;17;20m[48;2;98;117;139m▀[0m[38;2;131;143;143m[48;2;73;85;92m▀[0m[38;2;196;227;231m[48;2;9;10;11m▀[0m[38;2;41;44;47m[48;2;42;44;48m▀[0m[38;2;41;45;48m[48;2;15;16;15m▀[0m[38;2;187;218;224m[48;2;248;252;253m▀[0m          
             [38;2;95;113;134m▄[0m[38;2;50;68;81m[48;2;71;95;115m▀[0m[38;2;70;96;115m[48;2;56;70;84m▀[0m[38;2;42;56;67m[48;2;83;105;125m▀[0m[38;2;201;231;233m[48;2;214;236;237m▀[0m[38;2;201;231;233m[48;2;207;234;236m▀[0m[38;2;198;230;232m[48;2;224;248;249m▀[0m[38;2;66;93;113m[48;2;66;93;113m▀[0m[38;2;66;93;113m[48;2;66;93;113m▀[0m[38;2;66;93;113m[48;2;77;99;118m▀[0m[38;2;67;94;114m[48;2;67;85;102m▀[0m[38;2;73;98;119m[48;2;67;94;114m▀[0m[38;2;95;113;135m[48;2;66;93;113m▀[0m[38;2;43;46;49m[48;2;66;93;113m▀[0m[38;2;41;44;47m[48;2;43;47;50m▀[0m[38;2;190;223;228m[48;2;222;236;239m▀[0m           
         [38;2;15;5;3m▄[0m[38;2;12;19;23m▄[0m[38;2;8;11;13m[48;2;81;101;119m▀[0m[38;2;73;97;116m[48;2;79;95;113m▀[0m[38;2;71;96;116m[48;2;69;76;90m▀[0m[38;2;67;83;99m[48;2;68;78;94m▀[0m[38;2;57;59;71m[48;2;15;17;19m▀[0m[38;2;205;233;234m[48;2;205;233;234m▀[0m[38;2;211;235;237m[48;2;200;231;233m▀[0m[38;2;212;236;238m[48;2;207;234;236m▀[0m[38;2;211;236;238m[48;2;205;233;235m▀[0m[38;2;205;222;221m[48;2;205;232;234m▀[0m[38;2;85;103;122m[48;2;83;106;126m▀[0m[38;2;78;99;119m[48;2;77;99;118m▀[0m[38;2;46;54;67m[48;2;67;94;115m▀[0m[38;2;53;66;82m[48;2;34;42;53m▀[0m[38;2;66;93;114m[48;2;52;65;81m▀[0m[38;2;66;93;113m[48;2;68;94;114m▀[0m[38;2;73;97;117m[48;2;112;126;147m▀[0m[38;2;255;255;255m[48;2;26;24;23m▀[0m           
         [38;2;147;50;52m▀[0m[38;2;224;245;247m[48;2;2;2;2m▀[0m[38;2;69;77;90m▀[0m[38;2;67;75;89m▀[0m  [38;2;71;88;104m[48;2;80;105;126m▀[0m[38;2;201;231;232m[48;2;131;145;143m▀[0m[38;2;203;232;234m[48;2;203;232;234m▀[0m[38;2;202;232;234m[48;2;198;230;232m▀[0m[38;2;200;230;232m[48;2;200;230;232m▀[0m[38;2;199;229;230m[48;2;90;110;130m▀[0m[38;2;81;101;120m[48;2;73;97;116m▀[0m[38;2;71;95;115m[48;2;67;94;113m▀[0m[38;2;67;94;114m[48;2;66;93;113m▀[0m[38;2;52;67;82m[48;2;52;66;82m▀[0m[38;2;11;14;17m[48;2;29;14;12m▀[0m[38;2;6;18;27m[48;2;61;73;89m▀[0m[38;2;188;116;80m[48;2;188;111;80m▀[0m[38;2;3;3;4m[48;2;180;71;65m▀[0m           
        [38;2;46;22;22m▀[0m     [38;2;4;5;5m▄[0m[38;2;70;99;120m[48;2;70;100;122m▀[0m[38;2;213;239;241m[48;2;212;236;238m▀[0m[38;2;213;236;238m[48;2;217;238;239m▀[0m[38;2;207;234;235m[48;2;210;233;233m▀[0m[38;2;203;230;231m[48;2;200;229;230m▀[0m[38;2;78;99;118m[48;2;211;238;239m▀[0m[38;2;74;97;116m[48;2;67;94;114m▀[0m[38;2;68;94;114m[48;2;66;93;113m▀[0m[38;2;66;93;113m[48;2;74;97;116m▀[0m[38;2;61;72;86m[48;2;90;110;129m▀[0m[38;2;43;55;66m[48;2;78;100;120m▀[0m[38;2;193;215;217m[48;2;28;32;34m▀[0m[38;2;190;115;80m[48;2;199;78;71m▀[0m[38;2;179;74;68m▀[0m           
             [38;2;0;0;0m▄[0m[38;2;89;108;128m[48;2;86;107;127m▀[0m[38;2;48;68;82m[48;2;44;58;69m▀[0m[38;2;205;233;235m[48;2;202;234;235m▀[0m[38;2;210;235;236m[48;2;200;230;232m▀[0m[38;2;206;229;230m[48;2;197;227;229m▀[0m[38;2;201;229;231m[48;2;197;227;228m▀[0m[38;2;196;226;228m[48;2;198;229;231m▀[0m[38;2;13;18;21m[48;2;71;96;115m▀[0m[38;2;79;100;119m[48;2;90;106;124m▀[0m[38;2;87;105;123m[48;2;84;103;121m▀[0m[38;2;79;100;119m[48;2;78;100;119m▀[0m[38;2;86;106;126m[48;2;91;111;133m▀[0m[38;2;87;108;130m[48;2;97;117;140m▀[0m[38;2;84;105;126m[48;2;94;113;136m▀[0m[38;2;79;109;132m▄[0m[38;2;55;67;82m[48;2;59;70;85m▀[0m[38;2;61;71;85m[48;2;76;83;97m▀[0m[38;2;29;35;41m[48;2;83;90;107m▀[0m[38;2;88;101;121m▄[0m       
             [38;2;79;103;123m[48;2;66;93;113m▀[0m[38;2;65;93;113m[48;2;81;101;120m▀[0m[38;2;77;99;118m[48;2;74;97;116m▀[0m[38;2;82;106;126m[48;2;39;51;61m▀[0m[38;2;210;237;237m[48;2;170;188;188m▀[0m[38;2;197;228;230m[48;2;170;187;188m▀[0m[38;2;197;228;229m[48;2;169;188;189m▀[0m[38;2;132;146;147m[48;2;195;224;225m▀[0m[38;2;88;105;123m[48;2;80;101;120m▀[0m[38;2;78;100;119m[48;2;78;99;119m▀[0m[38;2;79;100;119m[48;2;54;67;79m▀[0m[38;2;76;99;118m[48;2;80;101;121m▀[0m[38;2;99;118;140m[48;2;97;116;139m▀[0m[38;2;97;117;139m[48;2;121;133;150m▀[0m[38;2;93;114;136m[48;2;100;118;140m▀[0m[38;2;73;96;116m[48;2;77;98;117m▀[0m[38;2;69;78;91m▀[0m          
             [38;2;217;238;239m[48;2;144;150;153m▀[0m[38;2;75;98;117m[48;2;35;45;55m▀[0m[38;2;53;66;82m[48;2;55;68;83m▀[0m[38;2;48;52;64m[48;2;60;70;84m▀[0m[38;2;142;147;149m[48;2;78;80;80m▀[0m[38;2;170;187;188m[48;2;141;148;150m▀[0m[38;2;171;189;190m[48;2;149;155;157m▀[0m[38;2;178;195;196m[48;2;148;154;156m▀[0m[38;2;218;248;250m[48;2;149;155;157m▀[0m[38;2;82;103;122m[48;2;67;76;90m▀[0m[38;2;30;34;40m[48;2;72;80;95m▀[0m[38;2;72;96;116m[48;2;75;98;117m▀[0m[38;2;84;105;126m[48;2;67;94;114m▀[0m[38;2;99;118;140m[48;2;80;101;121m▀[0m[38;2;89;107;126m[48;2;82;101;120m▀[0m[38;2;82;101;119m[48;2;78;99;118m▀[0m           
             [38;2;90;94;95m▀[0m[38;2;53;66;83m[48;2;57;70;84m▀[0m[38;2;61;71;86m[48;2;65;74;88m▀[0m[38;2;62;72;87m[48;2;60;71;86m▀[0m[38;2;45;45;55m[48;2;53;57;70m▀[0m[38;2;7;7;7m▀[0m[38;2;154;161;162m▀[0m[38;2;147;153;155m[48;2;146;152;154m▀[0m[38;2;146;152;154m[48;2;149;155;157m▀[0m[38;2;68;76;90m[48;2;141;149;151m▀[0m[38;2;56;68;84m[48;2;140;148;150m▀[0m[38;2;66;93;113m[48;2;15;20;25m▀[0m[38;2;201;229;230m[48;2;198;226;228m▀[0m[38;2;210;232;233m[48;2;198;228;228m▀[0m[38;2;214;233;234m[48;2;197;228;229m▀[0m[38;2;69;95;115m[48;2;64;77;94m▀[0m           
            [38;2;106;111;113m▄[0m[38;2;136;141;143m▄[0m[38;2;58;65;77m[48;2;67;76;91m▀[0m[38;2;62;72;86m[48;2;66;74;88m▀[0m[38;2;68;76;90m[48;2;73;79;93m▀[0m[38;2;74;79;92m[48;2;66;75;89m▀[0m       [38;2;37;37;36m[48;2;67;75;89m▀[0m[38;2;144;151;153m[48;2;61;72;86m▀[0m[38;2;144;150;152m[48;2;54;67;83m▀[0m[38;2;54;67;83m[48;2;52;66;82m▀[0m           
            [38;2;145;152;155m▀[0m[38;2;144;150;152m▀[0m[38;2;19;20;24m▀[0m[38;2;72;79;93m▀[0m[38;2;73;81;96m▀[0m        [38;2;64;77;94m[48;2;60;74;90m▀[0m[38;2;55;68;83m[48;2;68;95;114m▀[0m[38;2;54;67;83m[48;2;66;93;113m▀[0m[38;2;53;67;82m[48;2;66;93;113m▀[0m[38;2;2;2;2m▄[0m          
                         [38;2;14;18;23m[48;2;141;158;158m▀[0m[38;2;68;96;117m▀[0m[38;2;75;107;130m▀[0m[38;2;32;33;29m[48;2;123;137;137m▀[0m[38;2;9;13;16m▀[0m          
                                        
