                 [38;2;94;135;133m▄[0m[38;2;0;7;7m▄[0m                     
               [38;2;245;246;246m[48;2;254;255;255m▀[0m[38;2;214;236;238m[48;2;250;253;253m▀[0m[38;2;226;241;243m[48;2;159;185;197m▀[0m[38;2;104;143;141m[48;2;184;199;207m▀[0m[38;2;98;140;138m[48;2;90;129;127m▀[0m                    
              [38;2;223;233;236m▄[0m[38;2;233;247;247m[48;2;159;185;187m▀[0m[38;2;214;236;238m[48;2;124;145;165m▀[0m[38;2;160;186;201m[48;2;155;179;193m▀[0m[38;2;191;206;214m[48;2;190;205;214m▀[0m[38;2;78;117;115m[48;2;84;124;122m▀[0m[38;2;84;123;121m[48;2;81;120;118m▀[0m                   
               [38;2;187;213;220m[48;2;148;156;156m▀[0m[38;2;155;177;185m[48;2;175;204;212m▀[0m[38;2;147;174;189m[48;2;146;173;189m▀[0m[38;2;193;207;215m[48;2;17;41;42m▀[0m[38;2;79;118;116m[48;2;85;124;122m▀[0m[38;2;84;123;121m[48;2;82;122;120m▀[0m[38;2;6;14;13m[48;2;83;123;121m▀[0m   [38;2;186;203;212m[48;2;145;173;189m▀[0m[38;2;145;172;188m▄[0m[38;2;209;210;210m[48;2;182;214;220m▀[0m            
               [38;2;96;101;101m[48;2;16;16;16m▀[0m[38;2;4;8;8m[48;2;0;9;7m▀[0m[38;2;164;193;204m[48;2;51;90;88m▀[0m[38;2;31;66;64m[48;2;51;90;88m▀[0m[38;2;83;123;121m[48;2;84;123;121m▀[0m[38;2;83;122;120m[48;2;84;123;121m▀[0m[38;2;84;124;122m[48;2;83;123;121m▀[0m[38;2;1;6;6m▄[0m [38;2;123;124;124m[48;2;196;228;231m▀[0m[38;2;145;173;189m[48;2;23;21;20m▀[0m[38;2;41;39;40m[48;2;70;68;68m▀[0m[38;2;160;189;201m[48;2;71;69;69m▀[0m[38;2;201;232;235m[48;2;152;177;191m▀[0m[38;2;152;176;191m▄[0m          
                [38;2;9;20;20m[48;2;57;95;93m▀[0m[38;2;55;94;92m[48;2;78;117;115m▀[0m[38;2;83;122;120m[48;2;82;121;119m▀[0m[38;2;83;122;120m[48;2;86;125;123m▀[0m[38;2;86;125;123m[48;2;87;126;124m▀[0m[38;2;85;124;122m[48;2;82;121;119m▀[0m[38;2;78;118;116m[48;2;77;117;115m▀[0m[38;2;0;0;0m[48;2;162;190;202m▀[0m[38;2;145;172;188m[48;2;144;171;187m▀[0m[38;2;55;56;56m[48;2;56;57;56m▀[0m[38;2;67;66;66m[48;2;68;65;66m▀[0m[38;2;83;80;78m[48;2;66;65;65m▀[0m[38;2;75;73;73m[48;2;55;55;57m▀[0m[38;2;152;178;193m[48;2;174;204;213m▀[0m          
                [38;2;83;122;120m[48;2;84;123;121m▀[0m[38;2;82;121;119m[48;2;85;124;122m▀[0m[38;2;82;121;119m[48;2;85;124;122m▀[0m[38;2;85;124;122m[48;2;86;125;123m▀[0m[38;2;84;123;121m[48;2;81;120;118m▀[0m[38;2;83;122;120m[48;2;77;116;114m▀[0m[38;2;77;116;114m[48;2;77;116;114m▀[0m[38;2;24;32;34m[48;2;76;115;113m▀[0m[38;2;43;43;43m[48;2;147;175;190m▀[0m[38;2;65;64;63m[48;2;61;60;60m▀[0m[38;2;63;60;61m[48;2;52;51;51m▀[0m[38;2;63;61;62m[48;2;46;48;50m▀[0m[38;2;41;44;47m[48;2;13;12;13m▀[0m[38;2;107;114;114m▄[0m          
              [38;2;81;120;118m▄[0m[38;2;87;127;125m[48;2;35;62;61m▀[0m[38;2;204;231;233m[48;2;205;232;234m▀[0m[38;2;212;236;237m[48;2;207;233;235m▀[0m[38;2;206;233;235m[48;2;201;231;233m▀[0m[38;2;15;28;27m[48;2;199;230;232m▀[0m[38;2;77;116;114m[48;2;77;116;114m▀[0m[38;2;77;116;114m[48;2;77;116;114m▀[0m[38;2;77;116;114m[48;2;77;116;114m▀[0m[38;2;99;138;136m[48;2;99;138;136m▀[0m[38;2;141;168;183m[48;2;101;140;138m▀[0m[38;2;94;111;120m[48;2;150;178;194m▀[0m[38;2;16;16;16m[48;2;41;44;47m▀[0m[38;2;41;44;47m[48;2;42;45;48m▀[0m[38;2;190;223;230m[48;2;183;216;221m▀[0m[38;2;245;249;250m▀[0m          
            [38;2;104;143;141m▄[0m[38;2;0;4;4m[48;2;103;142;140m▀[0m[38;2;79;118;116m[48;2;73;112;110m▀[0m[38;2;82;121;119m[48;2;84;123;121m▀[0m[38;2;201;231;233m[48;2;217;238;239m▀[0m[38;2;204;232;234m[48;2;207;234;236m▀[0m[38;2;199;231;232m[48;2;208;235;237m▀[0m[38;2;17;19;20m[48;2;60;67;67m▀[0m[38;2;77;116;114m[48;2;77;116;114m▀[0m[38;2;77;116;114m[48;2;80;119;117m▀[0m[38;2;80;119;117m[48;2;70;109;107m▀[0m[38;2;78;117;115m[48;2;66;105;103m▀[0m[38;2;82;121;119m[48;2;77;116;114m▀[0m[38;2;80;119;117m[48;2;77;116;114m▀[0m[38;2;42;45;48m[48;2;77;116;114m▀[0m[38;2;42;45;48m[48;2;29;30;32m▀[0m[38;2;239;250;250m[48;2;13;13;13m▀[0m           
        [38;2;106;50;82m▄[0m[38;2;95;44;73m▄[0m[38;2;15;30;29m[48;2;82;121;119m▀[0m[38;2;81;120;118m[48;2;70;109;107m▀[0m[38;2;80;119;117m[48;2;54;93;91m▀[0m[38;2;62;102;100m[48;2;57;96;94m▀[0m[38;2;54;93;91m▀[0m[38;2;142;159;159m[48;2;206;238;240m▀[0m[38;2;211;236;237m[48;2;205;232;234m▀[0m[38;2;210;235;237m[48;2;207;234;236m▀[0m[38;2;210;235;236m[48;2;206;233;235m▀[0m[38;2;210;235;237m[48;2;197;230;232m▀[0m[38;2;83;122;120m[48;2;199;229;230m▀[0m[38;2;83;123;121m[48;2;83;122;120m▀[0m[38;2;83;122;120m[48;2;80;120;118m▀[0m[38;2;14;53;51m[48;2;51;90;88m▀[0m[38;2;48;87;85m[48;2;22;61;59m▀[0m[38;2;77;116;114m[48;2;47;87;85m▀[0m[38;2;77;116;114m[48;2;84;123;121m▀[0m[38;2;86;125;123m[48;2;101;140;138m▀[0m            
        [38;2;138;78;112m[48;2;51;10;32m▀[0m[38;2;37;42;43m[48;2;184;208;209m▀[0m[38;2;55;93;91m▀[0m[38;2;55;93;91m▀[0m   [38;2;41;72;70m[48;2;77;116;114m▀[0m[38;2;198;230;232m[48;2;205;233;235m▀[0m[38;2;202;232;234m[48;2;199;230;232m▀[0m[38;2;202;232;234m[48;2;202;231;233m▀[0m[38;2;199;230;232m[48;2;189;216;216m▀[0m[38;2;44;76;75m[48;2;81;120;118m▀[0m[38;2;81;120;118m[48;2;81;120;118m▀[0m[38;2;78;117;115m[48;2;78;117;115m▀[0m[38;2;72;111;109m[48;2;77;116;114m▀[0m[38;2;46;85;83m[48;2;52;91;89m▀[0m[38;2;53;93;91m[48;2;122;140;140m▀[0m[38;2;167;107;141m[48;2;54;93;92m▀[0m[38;2;154;94;128m[48;2;151;91;125m▀[0m[38;2;31;10;21m▄[0m           
       [38;2;86;31;61m▀[0m      [38;2;2;7;7m[48;2;98;137;135m▀[0m[38;2;56;90;88m[48;2;203;236;239m▀[0m[38;2;212;236;238m[48;2;215;237;239m▀[0m[38;2;209;235;236m[48;2;214;235;236m▀[0m[38;2;203;229;230m[48;2;206;229;230m▀[0m[38;2;163;183;183m[48;2;201;228;230m▀[0m[38;2;81;120;118m[48;2;84;124;121m▀[0m[38;2;78;117;115m[48;2;77;116;114m▀[0m[38;2;77;116;114m[48;2;78;117;115m▀[0m[38;2;81;120;118m[48;2;84;123;121m▀[0m[38;2;90;130;128m[48;2;82;121;119m▀[0m[38;2;205;237;239m[48;2;90;128;126m▀[0m[38;2;61;60;65m[48;2;92;41;70m▀[0m[38;2;149;89;123m[48;2;95;134;132m▀[0m[38;2;152;92;126m▀[0m           
             [38;2;92;131;129m[48;2;92;131;129m▀[0m[38;2;90;130;128m[48;2;77;116;114m▀[0m[38;2;165;193;195m[48;2;78;117;115m▀[0m[38;2;207;234;236m[48;2;199;230;232m▀[0m[38;2;206;230;231m[48;2;197;227;228m▀[0m[38;2;206;231;232m[48;2;196;227;229m▀[0m[38;2;196;227;228m[48;2;196;227;228m▀[0m[38;2;197;228;230m[48;2;118;131;132m▀[0m[38;2;77;116;114m[48;2;84;123;121m▀[0m[38;2;85;124;122m[48;2;87;127;125m▀[0m[38;2;76;115;113m[48;2;85;124;122m▀[0m[38;2;83;122;120m[48;2;86;125;123m▀[0m[38;2;91;130;128m[48;2;97;136;134m▀[0m[38;2;65;76;77m[48;2;102;141;139m▀[0m[38;2;83;122;120m[48;2;89;128;126m▀[0m[38;2;45;79;77m[48;2;36;73;72m▀[0m[38;2;49;88;86m[48;2;52;91;89m▀[0m[38;2;53;92;90m[48;2;64;103;101m▀[0m[38;2;10;24;24m[48;2;69;109;107m▀[0m[38;2;3;15;15m▄[0m       
            [38;2;55;97;94m▄[0m[38;2;83;122;120m[48;2;84;123;121m▀[0m[38;2;84;124;122m[48;2;83;123;121m▀[0m[38;2;85;124;122m[48;2;76;115;113m▀[0m[38;2;105;121;121m[48;2;170;187;188m▀[0m[38;2;199;230;232m[48;2;170;187;188m▀[0m[38;2;196;226;227m[48;2;170;188;188m▀[0m[38;2;198;229;231m[48;2;171;189;190m▀[0m[38;2;82;121;119m[48;2;29;48;47m▀[0m[38;2;85;124;122m[48;2;84;123;121m▀[0m[38;2;86;125;123m[48;2;84;123;121m▀[0m[38;2;84;123;121m[48;2;80;119;117m▀[0m[38;2;93;132;130m[48;2;89;128;126m▀[0m[38;2;102;142;140m[48;2;101;140;138m▀[0m[38;2;101;140;138m[48;2;102;141;139m▀[0m[38;2;95;134;132m[48;2;103;142;140m▀[0m[38;2;88;129;126m[48;2;83;122;120m▀[0m[38;2;1;4;4m▀[0m          
            [38;2;216;237;239m[48;2;148;155;157m▀[0m[38;2;82;120;118m[48;2;157;172;174m▀[0m[38;2;81;121;119m[48;2;48;87;85m▀[0m[38;2;52;91;89m[48;2;52;91;89m▀[0m[38;2;143;149;151m[48;2;20;59;57m▀[0m[38;2;170;187;188m[48;2;143;150;152m▀[0m[38;2;169;188;189m[48;2;148;154;156m▀[0m[38;2;173;191;192m[48;2;150;157;158m▀[0m[38;2;175;192;193m[48;2;147;154;155m▀[0m[38;2;85;125;123m[48;2;156;162;163m▀[0m[38;2;72;111;109m[48;2;56;96;94m▀[0m[38;2;83;122;120m[48;2;80;120;118m▀[0m[38;2;81;120;118m[48;2;78;117;115m▀[0m[38;2;102;141;139m[48;2;84;124;122m▀[0m[38;2;100;139;137m[48;2;86;125;123m▀[0m[38;2;85;124;122m[48;2;85;124;122m▀[0m[38;2;83;122;120m[48;2;82;121;119m▀[0m           
             [38;2;124;141;142m[48;2;48;87;85m▀[0m[38;2;51;90;88m[48;2;54;93;91m▀[0m[38;2;52;91;89m[48;2;52;91;89m▀[0m[38;2;35;74;72m[48;2;56;95;93m▀[0m [38;2;158;164;165m▀[0m[38;2;148;154;155m[48;2;141;147;149m▀[0m[38;2;147;153;155m[48;2;146;153;155m▀[0m[38;2;110;114;115m[48;2;149;155;157m▀[0m[38;2;54;93;91m[48;2;143;150;152m▀[0m[38;2;51;90;88m[48;2;141;148;151m▀[0m[38;2;77;116;114m[48;2;29;55;54m▀[0m[38;2;208;231;232m[48;2;206;230;231m▀[0m[38;2;217;236;237m[48;2;201;228;229m▀[0m[38;2;213;237;238m[48;2;197;229;230m▀[0m[38;2;80;119;117m[48;2;49;88;86m▀[0m           
           [38;2;57;60;61m▄[0m[38;2;147;154;156m▄[0m[38;2;27;62;60m[48;2;18;22;22m▀[0m[38;2;52;91;89m[48;2;52;91;89m▀[0m[38;2;51;90;88m[48;2;58;97;95m▀[0m[38;2;58;97;95m[48;2;57;96;94m▀[0m[38;2;0;8;6m▄[0m      [38;2;11;30;29m▀[0m[38;2;144;150;152m[48;2;54;93;91m▀[0m[38;2;143;149;151m[48;2;52;91;89m▀[0m[38;2;147;154;156m[48;2;49;88;86m▀[0m[38;2;48;87;85m[48;2;51;90;88m▀[0m           
           [38;2;128;133;136m▀[0m[38;2;142;148;150m▀[0m[38;2;143;150;151m▀[0m[38;2;55;94;92m▀[0m[38;2;56;95;93m▀[0m[38;2;56;95;93m▀[0m        [38;2;52;91;89m[48;2;77;116;114m▀[0m[38;2;48;87;85m[48;2;78;117;115m▀[0m[38;2;48;87;85m[48;2;77;116;114m▀[0m[38;2;48;87;85m[48;2;48;87;85m▀[0m           
                         [38;2;213;235;237m[48;2;196;230;232m▀[0m[38;2;118;141;141m[48;2;217;238;240m▀[0m[38;2;76;116;114m[48;2;6;10;9m▀[0m[38;2;77;116;114m[48;2;28;63;61m▀[0m           
                          [38;2;67;75;75m▀[0m             
